#event-id; time
1; 0
2; 4
3; 4
4; 11
5; 11
6; 16
7; 16
8; 21
9; 21
10; 28
11; 28
12; 32
13; 0
14; 4
15; 4
16; 11
17; 11
18; 16
19; 16
20; 21
21; 21
22; 28
23; 28
24; 32
25; 10
26; 15
27; 15
28; 22
29; 22
30; 27
31; 27
32; 33
33; 33
34; 39
35; 40
36; 46
37; 46
38; 52
39; 52
40; 57
41; 57
42; 4
43; 4
44; 9
45; 52
46; 57
47; 57
48; 2
49; 2
50; 6
51; 6
52; 12
53; 12
54; 18
55; 22
56; 28
57; 28
58; 34
59; 34
60; 38
61; 38
62; 43
63; 43
64; 48
65; 0
66; 4
67; 4
68; 12
69; 12
70; 16
71; 16
72; 24
73; 30
74; 38
75; 38
76; 42
77; 42
78; 50
79; 50
80; 54
81; 46
82; 51
83; 51
84; 56
85; 56
86; 0
87; 0
88; 5
89; 5
90; 11
91; 11
92; 15
93; 15
94; 19
95; 19
96; 25
97; 25
98; 30
99; 30
100; 35
101; 16
102; 21
103; 21
104; 26
105; 26
106; 30
107; 30
108; 35
109; 35
110; 41
111; 41
112; 45
113; 45
114; 49
115; 49
116; 55
117; 55
118; 0
119; 0
120; 5
121; 46
122; 51
123; 51
124; 56
125; 56
126; 2
127; 2
128; 6
129; 6
130; 10
131; 10
132; 16
133; 16
134; 21
135; 21
136; 25
137; 25
138; 30
139; 30
140; 35
141; 16
142; 21
143; 21
144; 26
145; 26
146; 32
147; 32
148; 36
149; 36
150; 40
151; 40
152; 46
153; 46
154; 51
155; 51
156; 55
157; 55
158; 0
159; 0
160; 5
161; 18
162; 23
163; 23
164; 28
165; 28
166; 32
167; 32
168; 40
169; 40
170; 47
171; 47
172; 52
173; 52
174; 56
175; 56
176; 0
177; 0
178; 7
179; 18
180; 25
181; 25
182; 29
183; 29
184; 33
185; 33
186; 38
187; 38
188; 45
189; 45
190; 53
191; 53
192; 57
193; 57
194; 2
195; 2
196; 7
197; 23
198; 29
199; 29
200; 33
201; 33
202; 37
203; 37
204; 41
205; 41
206; 57
207; 57
208; 1
209; 1
210; 8
211; 23
212; 30
213; 30
214; 34
215; 34
216; 50
217; 50
218; 54
219; 54
220; 58
221; 58
222; 2
223; 2
224; 8
225; 36
226; 41
227; 41
228; 46
229; 46
230; 50
231; 50
232; 58
233; 58
234; 5
235; 5
236; 10
237; 10
238; 17
239; 36
240; 43
241; 43
242; 48
243; 48
244; 55
245; 55
246; 3
247; 3
248; 7
249; 7
250; 12
251; 12
252; 17
253; 14
254; 20
255; 20
256; 25
257; 25
258; 29
259; 29
260; 37
261; 37
262; 42
263; 42
264; 50
265; 14
266; 22
267; 22
268; 27
269; 27
270; 35
271; 35
272; 39
273; 39
274; 44
275; 44
276; 50
277; 23
278; 31
279; 31
280; 36
281; 36
282; 42
283; 42
284; 46
285; 46
286; 50
287; 50
288; 54
289; 23
290; 27
291; 27
292; 31
293; 31
294; 35
295; 35
296; 41
297; 41
298; 46
299; 46
300; 54
301; 0
302; 5
303; 5
304; 12
305; 12
306; 17
307; 17
308; 21
309; 30
310; 34
311; 34
312; 39
313; 39
314; 46
315; 46
316; 51
317; 43
318; 47
319; 47
320; 51
321; 51
322; 55
323; 55
324; 59
325; 59
326; 3
327; 3
328; 11
329; 3
330; 7
331; 7
332; 11
333; 11
334; 15
335; 15
336; 19
337; 19
338; 23
339; 23
340; 31
341; 23
342; 27
343; 27
344; 31
345; 31
346; 35
347; 35
348; 39
349; 39
350; 43
351; 43
352; 51
353; 13
354; 21
355; 21
356; 25
357; 25
358; 29
359; 29
360; 33
361; 33
362; 37
363; 37
364; 41
365; 33
366; 41
367; 41
368; 45
369; 45
370; 49
371; 49
372; 53
373; 53
374; 57
375; 57
376; 1
377; 53
378; 1
379; 1
380; 5
381; 5
382; 9
383; 9
384; 13
385; 13
386; 17
387; 17
388; 21
389; 50
390; 56
391; 56
392; 0
393; 0
394; 4
395; 4
396; 12
397; 12
398; 16
399; 16
400; 21
401; 10
402; 16
403; 16
404; 20
405; 20
406; 24
407; 24
408; 32
409; 32
410; 36
411; 36
412; 41
413; 30
414; 36
415; 36
416; 40
417; 40
418; 44
419; 44
420; 52
421; 52
422; 56
423; 56
424; 1
425; 50
426; 55
427; 55
428; 59
429; 59
430; 7
431; 7
432; 11
433; 11
434; 15
435; 15
436; 21
437; 10
438; 15
439; 15
440; 19
441; 19
442; 27
443; 27
444; 31
445; 31
446; 35
447; 35
448; 41
449; 30
450; 35
451; 35
452; 39
453; 39
454; 47
455; 47
456; 51
457; 51
458; 55
459; 55
460; 1
461; 22
462; 27
463; 27
464; 32
465; 32
466; 38
467; 38
468; 44
469; 52
470; 58
471; 58
472; 4
473; 4
474; 9
475; 9
476; 14
477; 2
478; 10
479; 10
480; 14
481; 14
482; 19
483; 19
484; 24
485; 24
486; 30
487; 32
488; 38
489; 38
490; 43
491; 43
492; 48
493; 48
494; 52
495; 52
496; 0
