# line-id; line-code; direction; stop-order; stop-id; frequency; arrival_time; departure_time; line-repetition
7; 7H; >; 1; 1; 1; 0; 0; 1
7; 7H; >; 2; 3; 1; 4; 4; 1
7; 7H; >; 3; 12; 1; 11; 11; 1
7; 7H; >; 4; 11; 1; 16; 16; 1
7; 7H; >; 5; 10; 1; 21; 21; 1
7; 7H; >; 6; 17; 1; 28; 28; 1
7; 7H; >; 7; 19; 1; 32; 32; 1
7; 7R; <; 1; 19; 1; 0; 0; 1
7; 7R; <; 2; 17; 1; 4; 4; 1
7; 7R; <; 3; 10; 1; 11; 11; 1
7; 7R; <; 4; 11; 1; 16; 16; 1
7; 7R; <; 5; 12; 1; 21; 21; 1
7; 7R; <; 6; 3; 1; 28; 28; 1
7; 7R; <; 7; 1; 1; 32; 32; 1
23; 23H; >; 1; 3; 1; 10; 10; 1
23; 23H; >; 2; 4; 1; 15; 15; 1
23; 23H; >; 3; 11; 1; 22; 22; 1
23; 23H; >; 4; 10; 1; 27; 27; 1
23; 23H; >; 5; 16; 1; 33; 33; 1
23; 23H; >; 6; 18; 1; 39; 39; 1
23; 23R; <; 1; 18; 1; 40; 40; 1
23; 23R; <; 2; 16; 1; 46; 46; 1
23; 23R; <; 3; 10; 1; 52; 52; 1
23; 23R; <; 4; 11; 1; 57; 57; 1
23; 23R; <; 5; 4; 1; 4; 4; 1
23; 23R; <; 6; 3; 1; 9; 9; 1
26; 26H; >; 1; 3; 1; 52; 52; 1
26; 26H; >; 2; 4; 1; 57; 57; 1
26; 26H; >; 3; 5; 1; 2; 2; 1
26; 26H; >; 4; 9; 1; 6; 6; 1
26; 26H; >; 5; 8; 1; 12; 12; 1
26; 26H; >; 6; 7; 1; 18; 18; 1
26; 26R; <; 1; 7; 1; 22; 22; 1
26; 26R; <; 2; 8; 1; 28; 28; 1
26; 26R; <; 3; 9; 1; 34; 34; 1
26; 26R; <; 4; 5; 1; 38; 38; 1
26; 26R; <; 5; 4; 1; 43; 43; 1
26; 26R; <; 6; 3; 1; 48; 48; 1
40; 40H; >; 1; 9; 1; 0; 0; 1
40; 40H; >; 2; 10; 1; 4; 4; 1
40; 40H; >; 3; 15; 1; 12; 12; 1
40; 40H; >; 4; 22; 1; 16; 16; 1
40; 40H; >; 5; 20; 1; 24; 24; 1
40; 40R; <; 1; 20; 1; 30; 30; 1
40; 40R; <; 2; 22; 1; 38; 38; 1
40; 40R; <; 3; 15; 1; 42; 42; 1
40; 40R; <; 4; 10; 1; 50; 50; 1
40; 40R; <; 5; 9; 1; 54; 54; 1
69; 69H; >; 1; 13; 2; 46; 46; 1
69; 69H; >; 2; 24; 2; 51; 51; 1
69; 69H; >; 3; 23; 2; 56; 56; 1
69; 69H; >; 4; 14; 2; 0; 0; 1
69; 69H; >; 5; 15; 2; 5; 5; 1
69; 69H; >; 6; 19; 2; 11; 11; 1
69; 69H; >; 7; 17; 2; 15; 15; 1
69; 69H; >; 8; 16; 2; 19; 19; 1
69; 69H; >; 9; 10; 2; 25; 25; 1
69; 69H; >; 10; 11; 2; 30; 30; 1
69; 69H; >; 11; 12; 2; 35; 35; 1
69; 69H; >; 1; 13; 2; 16; 16; 2
69; 69H; >; 2; 24; 2; 21; 21; 2
69; 69H; >; 3; 23; 2; 26; 26; 2
69; 69H; >; 4; 14; 2; 30; 30; 2
69; 69H; >; 5; 15; 2; 35; 35; 2
69; 69H; >; 6; 19; 2; 41; 41; 2
69; 69H; >; 7; 17; 2; 45; 45; 2
69; 69H; >; 8; 16; 2; 49; 49; 2
69; 69H; >; 9; 10; 2; 55; 55; 2
69; 69H; >; 10; 11; 2; 0; 0; 2
69; 69H; >; 11; 12; 2; 5; 5; 2
69; 69R; <; 1; 12; 2; 46; 46; 1
69; 69R; <; 2; 11; 2; 51; 51; 1
69; 69R; <; 3; 10; 2; 56; 56; 1
69; 69R; <; 4; 16; 2; 2; 2; 1
69; 69R; <; 5; 17; 2; 6; 6; 1
69; 69R; <; 6; 19; 2; 10; 10; 1
69; 69R; <; 7; 15; 2; 16; 16; 1
69; 69R; <; 8; 14; 2; 21; 21; 1
69; 69R; <; 9; 23; 2; 25; 25; 1
69; 69R; <; 10; 24; 2; 30; 30; 1
69; 69R; <; 11; 13; 2; 35; 35; 1
69; 69R; <; 1; 12; 2; 16; 16; 2
69; 69R; <; 2; 11; 2; 21; 21; 2
69; 69R; <; 3; 10; 2; 26; 26; 2
69; 69R; <; 4; 16; 2; 32; 32; 2
69; 69R; <; 5; 17; 2; 36; 36; 2
69; 69R; <; 6; 19; 2; 40; 40; 2
69; 69R; <; 7; 15; 2; 46; 46; 2
69; 69R; <; 8; 14; 2; 51; 51; 2
69; 69R; <; 9; 23; 2; 55; 55; 2
69; 69R; <; 10; 24; 2; 0; 0; 2
69; 69R; <; 11; 13; 2; 5; 5; 2
70; 70H; >; 1; 21; 1; 18; 18; 1
70; 70H; >; 2; 24; 1; 23; 23; 1
70; 70H; >; 3; 23; 1; 28; 28; 1
70; 70H; >; 4; 14; 1; 32; 32; 1
70; 70H; >; 5; 11; 1; 40; 40; 1
70; 70H; >; 6; 4; 1; 47; 47; 1
70; 70H; >; 7; 5; 1; 52; 52; 1
70; 70H; >; 8; 9; 1; 56; 56; 1
70; 70H; >; 9; 10; 1; 0; 0; 1
70; 70H; >; 10; 17; 1; 7; 7; 1
70; 70R; <; 1; 17; 1; 18; 18; 1
70; 70R; <; 2; 10; 1; 25; 25; 1
70; 70R; <; 3; 9; 1; 29; 29; 1
70; 70R; <; 4; 5; 1; 33; 33; 1
70; 70R; <; 5; 4; 1; 38; 38; 1
70; 70R; <; 6; 11; 1; 45; 45; 1
70; 70R; <; 7; 14; 1; 53; 53; 1
70; 70R; <; 8; 23; 1; 57; 57; 1
70; 70R; <; 9; 24; 1; 2; 2; 1
70; 70R; <; 10; 21; 1; 7; 7; 1
72; 72H; >; 1; 18; 1; 23; 23; 1
72; 72H; >; 2; 16; 1; 29; 29; 1
72; 72H; >; 3; 8; 1; 33; 33; 1
72; 72H; >; 4; 6; 1; 37; 37; 1
72; 72H; >; 5; 2; 1; 41; 41; 1
72; 72H; >; 6; 1; 1; 57; 57; 1
72; 72H; >; 7; 3; 1; 1; 1; 1
72; 72H; >; 8; 12; 1; 8; 8; 1
72; 72R; <; 1; 12; 1; 23; 23; 1
72; 72R; <; 2; 3; 1; 30; 30; 1
72; 72R; <; 3; 1; 1; 34; 34; 1
72; 72R; <; 4; 2; 1; 50; 50; 1
72; 72R; <; 5; 6; 1; 54; 54; 1
72; 72R; <; 6; 8; 1; 58; 58; 1
72; 72R; <; 7; 16; 1; 2; 2; 1
72; 72R; <; 8; 18; 1; 8; 8; 1
74; 74H; >; 1; 13; 1; 36; 36; 1
74; 74H; >; 2; 24; 1; 41; 41; 1
74; 74H; >; 3; 23; 1; 46; 46; 1
74; 74H; >; 4; 14; 1; 50; 50; 1
74; 74H; >; 5; 11; 1; 58; 58; 1
74; 74H; >; 6; 4; 1; 5; 5; 1
74; 74H; >; 7; 3; 1; 10; 10; 1
74; 74H; >; 8; 12; 1; 17; 17; 1
74; 74R; <; 1; 12; 1; 36; 36; 1
74; 74R; <; 2; 3; 1; 43; 43; 1
74; 74R; <; 3; 4; 1; 48; 48; 1
74; 74R; <; 4; 11; 1; 55; 55; 1
74; 74R; <; 5; 14; 1; 3; 3; 1
74; 74R; <; 6; 23; 1; 7; 7; 1
74; 74R; <; 7; 24; 1; 12; 12; 1
74; 74R; <; 8; 13; 1; 17; 17; 1
75; 75H; >; 1; 20; 1; 14; 14; 1
75; 75H; >; 2; 21; 1; 20; 20; 1
75; 75H; >; 3; 22; 1; 25; 25; 1
75; 75H; >; 4; 15; 1; 29; 29; 1
75; 75H; >; 5; 10; 1; 37; 37; 1
75; 75H; >; 6; 11; 1; 42; 42; 1
75; 75H; >; 7; 14; 1; 50; 50; 1
75; 75R; <; 1; 14; 1; 14; 14; 1
75; 75R; <; 2; 11; 1; 22; 22; 1
75; 75R; <; 3; 10; 1; 27; 27; 1
75; 75R; <; 4; 15; 1; 35; 35; 1
75; 75R; <; 5; 22; 1; 39; 39; 1
75; 75R; <; 6; 21; 1; 44; 44; 1
75; 75R; <; 7; 20; 1; 50; 50; 1
78; 78H; >; 1; 14; 1; 23; 23; 1
78; 78H; >; 2; 11; 1; 31; 31; 1
78; 78H; >; 3; 10; 1; 36; 36; 1
78; 78H; >; 4; 16; 1; 42; 42; 1
78; 78H; >; 5; 8; 1; 46; 46; 1
78; 78H; >; 6; 6; 1; 50; 50; 1
78; 78H; >; 7; 2; 1; 54; 54; 1
78; 78R; <; 1; 2; 1; 23; 23; 1
78; 78R; <; 2; 6; 1; 27; 27; 1
78; 78R; <; 3; 8; 1; 31; 31; 1
78; 78R; <; 4; 16; 1; 35; 35; 1
78; 78R; <; 5; 10; 1; 41; 41; 1
78; 78R; <; 6; 11; 1; 46; 46; 1
78; 78R; <; 7; 14; 1; 54; 54; 1
95; 95H; >; 1; 12; 1; 0; 0; 1
95; 95H; >; 2; 11; 1; 5; 5; 1
95; 95H; >; 3; 4; 1; 12; 12; 1
95; 95H; >; 4; 3; 1; 17; 17; 1
95; 95H; >; 5; 1; 1; 21; 21; 1
95; 95R; <; 1; 1; 1; 30; 30; 1
95; 95R; <; 2; 3; 1; 34; 34; 1
95; 95R; <; 3; 4; 1; 39; 39; 1
95; 95R; <; 4; 11; 1; 46; 46; 1
95; 95R; <; 5; 12; 1; 51; 51; 1
135; 135H; >; 1; 2; 3; 43; 43; 1
135; 135H; >; 2; 6; 3; 47; 47; 1
135; 135H; >; 3; 8; 3; 51; 51; 1
135; 135H; >; 4; 16; 3; 55; 55; 1
135; 135H; >; 5; 17; 3; 59; 59; 1
135; 135H; >; 6; 19; 3; 3; 3; 1
135; 135H; >; 7; 20; 3; 11; 11; 1
135; 135H; >; 1; 2; 3; 3; 3; 2
135; 135H; >; 2; 6; 3; 7; 7; 2
135; 135H; >; 3; 8; 3; 11; 11; 2
135; 135H; >; 4; 16; 3; 15; 15; 2
135; 135H; >; 5; 17; 3; 19; 19; 2
135; 135H; >; 6; 19; 3; 23; 23; 2
135; 135H; >; 7; 20; 3; 31; 31; 2
135; 135H; >; 1; 2; 3; 23; 23; 3
135; 135H; >; 2; 6; 3; 27; 27; 3
135; 135H; >; 3; 8; 3; 31; 31; 3
135; 135H; >; 4; 16; 3; 35; 35; 3
135; 135H; >; 5; 17; 3; 39; 39; 3
135; 135H; >; 6; 19; 3; 43; 43; 3
135; 135H; >; 7; 20; 3; 51; 51; 3
135; 135R; <; 1; 20; 3; 13; 13; 1
135; 135R; <; 2; 19; 3; 21; 21; 1
135; 135R; <; 3; 17; 3; 25; 25; 1
135; 135R; <; 4; 16; 3; 29; 29; 1
135; 135R; <; 5; 8; 3; 33; 33; 1
135; 135R; <; 6; 6; 3; 37; 37; 1
135; 135R; <; 7; 2; 3; 41; 41; 1
135; 135R; <; 1; 20; 3; 33; 33; 2
135; 135R; <; 2; 19; 3; 41; 41; 2
135; 135R; <; 3; 17; 3; 45; 45; 2
135; 135R; <; 4; 16; 3; 49; 49; 2
135; 135R; <; 5; 8; 3; 53; 53; 2
135; 135R; <; 6; 6; 3; 57; 57; 2
135; 135R; <; 7; 2; 3; 1; 1; 2
135; 135R; <; 1; 20; 3; 53; 53; 3
135; 135R; <; 2; 19; 3; 1; 1; 3
135; 135R; <; 3; 17; 3; 5; 5; 3
135; 135R; <; 4; 16; 3; 9; 9; 3
135; 135R; <; 5; 8; 3; 13; 13; 3
135; 135R; <; 6; 6; 3; 17; 17; 3
135; 135R; <; 7; 2; 3; 21; 21; 3
137; 137H; >; 1; 6; 3; 50; 50; 1
137; 137H; >; 2; 5; 3; 56; 56; 1
137; 137H; >; 3; 9; 3; 0; 0; 1
137; 137H; >; 4; 10; 3; 4; 4; 1
137; 137H; >; 5; 15; 3; 12; 12; 1
137; 137H; >; 6; 22; 3; 16; 16; 1
137; 137H; >; 7; 23; 3; 21; 21; 1
137; 137H; >; 1; 6; 3; 10; 10; 2
137; 137H; >; 2; 5; 3; 16; 16; 2
137; 137H; >; 3; 9; 3; 20; 20; 2
137; 137H; >; 4; 10; 3; 24; 24; 2
137; 137H; >; 5; 15; 3; 32; 32; 2
137; 137H; >; 6; 22; 3; 36; 36; 2
137; 137H; >; 7; 23; 3; 41; 41; 2
137; 137H; >; 1; 6; 3; 30; 30; 3
137; 137H; >; 2; 5; 3; 36; 36; 3
137; 137H; >; 3; 9; 3; 40; 40; 3
137; 137H; >; 4; 10; 3; 44; 44; 3
137; 137H; >; 5; 15; 3; 52; 52; 3
137; 137H; >; 6; 22; 3; 56; 56; 3
137; 137H; >; 7; 23; 3; 1; 1; 3
137; 137R; <; 1; 23; 3; 50; 50; 1
137; 137R; <; 2; 22; 3; 55; 55; 1
137; 137R; <; 3; 15; 3; 59; 59; 1
137; 137R; <; 4; 10; 3; 7; 7; 1
137; 137R; <; 5; 9; 3; 11; 11; 1
137; 137R; <; 6; 5; 3; 15; 15; 1
137; 137R; <; 7; 6; 3; 21; 21; 1
137; 137R; <; 1; 23; 3; 10; 10; 2
137; 137R; <; 2; 22; 3; 15; 15; 2
137; 137R; <; 3; 15; 3; 19; 19; 2
137; 137R; <; 4; 10; 3; 27; 27; 2
137; 137R; <; 5; 9; 3; 31; 31; 2
137; 137R; <; 6; 5; 3; 35; 35; 2
137; 137R; <; 7; 6; 3; 41; 41; 2
137; 137R; <; 1; 23; 3; 30; 30; 3
137; 137R; <; 2; 22; 3; 35; 35; 3
137; 137R; <; 3; 15; 3; 39; 39; 3
137; 137R; <; 4; 10; 3; 47; 47; 3
137; 137R; <; 5; 9; 3; 51; 51; 3
137; 137R; <; 6; 5; 3; 55; 55; 3
137; 137R; <; 7; 6; 3; 1; 1; 3
138; 138H; >; 1; 12; 1; 22; 22; 1
138; 138H; >; 2; 11; 1; 27; 27; 1
138; 138H; >; 3; 10; 1; 32; 32; 1
138; 138H; >; 4; 16; 1; 38; 38; 1
138; 138H; >; 5; 18; 1; 44; 44; 1
138; 138R; <; 1; 18; 1; 52; 52; 1
138; 138R; <; 2; 16; 1; 58; 58; 1
138; 138R; <; 3; 10; 1; 4; 4; 1
138; 138R; <; 4; 11; 1; 9; 9; 1
138; 138R; <; 5; 12; 1; 14; 14; 1
141; 141H; >; 1; 11; 1; 2; 2; 1
141; 141H; >; 2; 14; 1; 10; 10; 1
141; 141H; >; 3; 23; 1; 14; 14; 1
141; 141H; >; 4; 24; 1; 19; 19; 1
141; 141H; >; 5; 21; 1; 24; 24; 1
141; 141H; >; 6; 20; 1; 30; 30; 1
141; 141R; <; 1; 20; 1; 32; 32; 1
141; 141R; <; 2; 21; 1; 38; 38; 1
141; 141R; <; 3; 24; 1; 43; 43; 1
141; 141R; <; 4; 23; 1; 48; 48; 1
141; 141R; <; 5; 14; 1; 52; 52; 1
141; 141R; <; 6; 11; 1; 0; 0; 1
