#event-id; time
1; 0
2; 5
3; 5
4; 10
5; 10
6; 15
7; 15
8; 20
9; 20
10; 25
11; 25
12; 30
13; 30
14; 35
15; 35
16; 37
17; 37
18; 39
19; 39
20; 41
21; 41
22; 43
23; 43
24; 48
25; 48
26; 50
27; 0
28; 2
29; 2
30; 7
31; 7
32; 9
33; 9
34; 11
35; 11
36; 13
37; 13
38; 15
39; 15
40; 20
41; 20
42; 25
43; 25
44; 30
45; 30
46; 35
47; 35
48; 40
49; 40
50; 45
51; 45
52; 50
53; 43
54; 46
55; 46
56; 49
57; 49
58; 51
59; 51
60; 53
61; 53
62; 56
63; 56
64; 59
65; 59
66; 2
67; 2
68; 5
69; 5
70; 7
71; 7
72; 9
73; 9
74; 11
75; 11
76; 13
77; 13
78; 15
79; 43
80; 45
81; 45
82; 47
83; 47
84; 49
85; 49
86; 51
87; 51
88; 53
89; 53
90; 56
91; 56
92; 59
93; 59
94; 2
95; 2
96; 5
97; 5
98; 7
99; 7
100; 9
101; 9
102; 12
103; 12
104; 15
105; 43
106; 45
107; 45
108; 47
109; 47
110; 49
111; 49
112; 51
113; 51
114; 53
115; 53
116; 55
117; 55
118; 57
119; 57
120; 59
121; 59
122; 1
123; 1
124; 3
125; 3
126; 5
127; 5
128; 7
129; 7
130; 9
131; 13
132; 15
133; 15
134; 17
135; 17
136; 19
137; 19
138; 21
139; 21
140; 23
141; 23
142; 25
143; 25
144; 27
145; 27
146; 29
147; 29
148; 31
149; 31
150; 33
151; 33
152; 35
153; 35
154; 37
155; 37
156; 39
157; 52
158; 54
159; 54
160; 56
161; 56
162; 58
163; 58
164; 0
165; 0
166; 2
167; 2
168; 4
169; 4
170; 6
171; 6
172; 8
173; 8
174; 10
175; 10
176; 12
177; 12
178; 14
179; 14
180; 16
181; 16
182; 18
183; 22
184; 24
185; 24
186; 26
187; 26
188; 28
189; 28
190; 30
191; 30
192; 32
193; 32
194; 34
195; 34
196; 36
197; 36
198; 38
199; 38
200; 40
201; 40
202; 42
203; 42
204; 44
205; 44
206; 46
207; 46
208; 48
209; 46
210; 48
211; 48
212; 50
213; 50
214; 52
215; 52
216; 54
217; 54
218; 56
219; 56
220; 58
221; 58
222; 0
223; 0
224; 2
225; 2
226; 4
227; 4
228; 6
229; 6
230; 8
231; 8
232; 10
233; 10
234; 12
235; 16
236; 18
237; 18
238; 20
239; 20
240; 22
241; 22
242; 24
243; 24
244; 26
245; 26
246; 28
247; 28
248; 30
249; 30
250; 32
251; 32
252; 34
253; 34
254; 36
255; 36
256; 38
257; 38
258; 40
259; 40
260; 42
261; 11
262; 13
263; 13
264; 15
265; 15
266; 17
267; 17
268; 19
269; 19
270; 21
271; 21
272; 23
273; 23
274; 25
275; 25
276; 27
277; 27
278; 29
279; 29
280; 31
281; 31
282; 33
283; 33
284; 35
285; 35
286; 37
287; 41
288; 43
289; 43
290; 45
291; 45
292; 47
293; 47
294; 49
295; 49
296; 51
297; 51
298; 53
299; 53
300; 55
301; 55
302; 57
303; 57
304; 59
305; 59
306; 1
307; 1
308; 3
309; 3
310; 5
311; 5
312; 7
313; 0
314; 2
315; 2
316; 4
317; 4
318; 6
319; 6
320; 8
321; 8
322; 10
323; 10
324; 12
325; 12
326; 14
327; 14
328; 16
329; 16
330; 18
331; 18
332; 20
333; 20
334; 22
335; 22
336; 24
337; 24
338; 26
339; 30
340; 32
341; 32
342; 34
343; 34
344; 36
345; 36
346; 38
347; 38
348; 40
349; 40
350; 42
351; 42
352; 44
353; 44
354; 46
355; 46
356; 48
357; 48
358; 50
359; 50
360; 52
361; 52
362; 54
363; 54
364; 56
365; 54
366; 56
367; 56
368; 58
369; 58
370; 0
371; 0
372; 2
373; 2
374; 4
375; 4
376; 6
377; 6
378; 8
379; 8
380; 10
381; 10
382; 12
383; 12
384; 14
385; 14
386; 16
387; 16
388; 18
389; 18
390; 20
391; 24
392; 26
393; 26
394; 28
395; 28
396; 30
397; 30
398; 32
399; 32
400; 34
401; 34
402; 36
403; 36
404; 38
405; 38
406; 40
407; 40
408; 42
409; 42
410; 44
411; 44
412; 46
413; 46
414; 48
415; 48
416; 50
417; 45
418; 47
419; 47
420; 49
421; 49
422; 51
423; 51
424; 53
425; 53
426; 55
427; 55
428; 57
429; 57
430; 59
431; 59
432; 1
433; 1
434; 3
435; 3
436; 5
437; 5
438; 7
439; 7
440; 9
441; 9
442; 11
443; 15
444; 17
445; 17
446; 19
447; 19
448; 21
449; 21
450; 23
451; 23
452; 25
453; 25
454; 27
455; 27
456; 29
457; 29
458; 31
459; 31
460; 33
461; 33
462; 35
463; 35
464; 37
465; 37
466; 39
467; 39
468; 41
469; 10
470; 12
471; 12
472; 14
473; 14
474; 16
475; 16
476; 18
477; 18
478; 20
479; 20
480; 22
481; 22
482; 24
483; 24
484; 26
485; 26
486; 28
487; 28
488; 30
489; 30
490; 32
491; 32
492; 34
493; 34
494; 36
495; 40
496; 42
497; 42
498; 44
499; 44
500; 46
501; 46
502; 48
503; 48
504; 50
505; 50
506; 52
507; 52
508; 54
509; 54
510; 56
511; 56
512; 58
513; 58
514; 0
515; 0
516; 2
517; 2
518; 4
519; 4
520; 6
521; 0
522; 2
523; 2
524; 4
525; 4
526; 6
527; 6
528; 8
529; 8
530; 10
531; 10
532; 12
533; 12
534; 14
535; 14
536; 16
537; 16
538; 18
539; 18
540; 20
541; 20
542; 22
543; 22
544; 24
545; 24
546; 26
547; 30
548; 32
549; 32
550; 34
551; 34
552; 36
553; 36
554; 38
555; 38
556; 40
557; 40
558; 42
559; 42
560; 44
561; 44
562; 46
563; 46
564; 48
565; 48
566; 50
567; 50
568; 52
569; 52
570; 54
571; 54
572; 56
573; 54
574; 56
575; 56
576; 58
577; 58
578; 0
579; 0
580; 2
581; 2
582; 4
583; 4
584; 6
585; 6
586; 8
587; 8
588; 10
589; 10
590; 12
591; 12
592; 14
593; 14
594; 16
595; 16
596; 18
597; 18
598; 20
599; 24
600; 26
601; 26
602; 28
603; 28
604; 30
605; 30
606; 32
607; 32
608; 34
609; 34
610; 36
611; 36
612; 38
613; 38
614; 40
615; 40
616; 42
617; 42
618; 44
619; 44
620; 46
621; 46
622; 48
623; 48
624; 50
625; 13
626; 15
627; 15
628; 17
629; 17
630; 19
631; 19
632; 21
633; 21
634; 23
635; 23
636; 25
637; 25
638; 27
639; 27
640; 29
641; 29
642; 31
643; 31
644; 33
645; 33
646; 35
647; 35
648; 37
649; 37
650; 39
651; 43
652; 45
653; 45
654; 47
655; 47
656; 49
657; 49
658; 51
659; 51
660; 53
661; 53
662; 55
663; 55
664; 57
665; 57
666; 59
667; 59
668; 1
669; 1
670; 3
671; 3
672; 5
673; 5
674; 7
675; 7
676; 9
677; 30
678; 32
679; 32
680; 34
681; 34
682; 36
683; 36
684; 38
685; 38
686; 40
687; 40
688; 42
689; 42
690; 44
691; 44
692; 46
693; 46
694; 48
695; 48
696; 50
697; 50
698; 52
699; 52
700; 54
701; 54
702; 56
703; 0
704; 2
705; 2
706; 4
707; 4
708; 6
709; 6
710; 8
711; 8
712; 10
713; 10
714; 12
715; 12
716; 14
717; 14
718; 16
719; 16
720; 18
721; 18
722; 20
723; 20
724; 22
725; 22
726; 24
727; 24
728; 26
729; 46
730; 48
731; 48
732; 50
733; 50
734; 52
735; 52
736; 54
737; 54
738; 56
739; 56
740; 58
741; 58
742; 0
743; 0
744; 2
745; 2
746; 4
747; 4
748; 6
749; 6
750; 8
751; 8
752; 10
753; 10
754; 12
755; 16
756; 18
757; 18
758; 20
759; 20
760; 22
761; 22
762; 24
763; 24
764; 26
765; 26
766; 28
767; 28
768; 30
769; 30
770; 32
771; 32
772; 34
773; 34
774; 36
775; 36
776; 38
777; 38
778; 40
779; 40
780; 42
781; 56
782; 58
783; 58
784; 0
785; 0
786; 2
787; 2
788; 4
789; 4
790; 6
791; 6
792; 8
793; 8
794; 10
795; 10
796; 12
797; 12
798; 14
799; 14
800; 16
801; 16
802; 18
803; 18
804; 20
805; 20
806; 22
807; 26
808; 28
809; 28
810; 30
811; 30
812; 32
813; 32
814; 34
815; 34
816; 36
817; 36
818; 38
819; 38
820; 40
821; 40
822; 42
823; 42
824; 44
825; 44
826; 46
827; 46
828; 48
829; 48
830; 50
831; 50
832; 52
833; 54
834; 56
835; 56
836; 58
837; 58
838; 0
839; 0
840; 2
841; 2
842; 4
843; 4
844; 6
845; 6
846; 8
847; 8
848; 10
849; 10
850; 12
851; 12
852; 14
853; 14
854; 16
855; 16
856; 18
857; 18
858; 20
859; 24
860; 26
861; 26
862; 28
863; 28
864; 30
865; 30
866; 32
867; 32
868; 34
869; 34
870; 36
871; 36
872; 38
873; 38
874; 40
875; 40
876; 42
877; 42
878; 44
879; 44
880; 46
881; 46
882; 48
883; 48
884; 50
885; 0
886; 2
887; 2
888; 4
889; 4
890; 6
891; 6
892; 8
893; 8
894; 10
895; 10
896; 12
897; 12
898; 14
899; 14
900; 16
901; 16
902; 18
903; 18
904; 20
905; 20
906; 22
907; 22
908; 24
909; 24
910; 26
911; 30
912; 32
913; 32
914; 34
915; 34
916; 36
917; 36
918; 38
919; 38
920; 40
921; 40
922; 42
923; 42
924; 44
925; 44
926; 46
927; 46
928; 48
929; 48
930; 50
931; 50
932; 52
933; 52
934; 54
935; 54
936; 56
937; 46
938; 48
939; 48
940; 50
941; 50
942; 52
943; 52
944; 54
945; 54
946; 56
947; 56
948; 58
949; 58
950; 0
951; 0
952; 2
953; 2
954; 4
955; 4
956; 6
957; 6
958; 8
959; 8
960; 10
961; 10
962; 12
963; 16
964; 18
965; 18
966; 20
967; 20
968; 22
969; 22
970; 24
971; 24
972; 26
973; 26
974; 28
975; 28
976; 30
977; 30
978; 32
979; 32
980; 34
981; 34
982; 36
983; 36
984; 38
985; 38
986; 40
987; 40
988; 42
989; 24
990; 26
991; 26
992; 28
993; 28
994; 30
995; 30
996; 32
997; 32
998; 34
999; 34
1000; 36
1001; 36
1002; 38
1003; 38
1004; 40
1005; 40
1006; 42
1007; 42
1008; 44
1009; 44
1010; 46
1011; 46
1012; 48
1013; 48
1014; 50
1015; 54
1016; 56
1017; 56
1018; 58
1019; 58
1020; 0
1021; 0
1022; 2
1023; 2
1024; 4
1025; 4
1026; 6
1027; 6
1028; 8
1029; 8
1030; 10
1031; 10
1032; 12
1033; 12
1034; 14
1035; 14
1036; 16
1037; 16
1038; 18
1039; 18
1040; 20
1041; 5
1042; 7
1043; 7
1044; 9
1045; 9
1046; 11
1047; 11
1048; 13
1049; 13
1050; 15
1051; 15
1052; 17
1053; 17
1054; 19
1055; 19
1056; 21
1057; 21
1058; 23
1059; 23
1060; 25
1061; 25
1062; 27
1063; 27
1064; 29
1065; 29
1066; 31
1067; 35
1068; 37
1069; 37
1070; 39
1071; 39
1072; 41
1073; 41
1074; 43
1075; 43
1076; 45
1077; 45
1078; 47
1079; 47
1080; 49
1081; 49
1082; 51
1083; 51
1084; 53
1085; 53
1086; 55
1087; 55
1088; 57
1089; 57
1090; 59
1091; 59
1092; 1
1093; 0
1094; 2
1095; 2
1096; 4
1097; 4
1098; 6
1099; 6
1100; 8
1101; 8
1102; 10
1103; 10
1104; 12
1105; 12
1106; 14
1107; 14
1108; 16
1109; 16
1110; 18
1111; 18
1112; 20
1113; 20
1114; 22
1115; 22
1116; 24
1117; 24
1118; 26
1119; 30
1120; 32
1121; 32
1122; 34
1123; 34
1124; 36
1125; 36
1126; 38
1127; 38
1128; 40
1129; 40
1130; 42
1131; 42
1132; 44
1133; 44
1134; 46
1135; 46
1136; 48
1137; 48
1138; 50
1139; 50
1140; 52
1141; 52
1142; 54
1143; 54
1144; 56
1145; 11
1146; 13
1147; 13
1148; 15
1149; 15
1150; 17
1151; 17
1152; 19
1153; 19
1154; 21
1155; 21
1156; 23
1157; 23
1158; 25
1159; 25
1160; 27
1161; 27
1162; 29
1163; 29
1164; 31
1165; 31
1166; 33
1167; 33
1168; 35
1169; 35
1170; 37
1171; 41
1172; 43
1173; 43
1174; 45
1175; 45
1176; 47
1177; 47
1178; 49
1179; 49
1180; 51
1181; 51
1182; 53
1183; 53
1184; 55
1185; 55
1186; 57
1187; 57
1188; 59
1189; 59
1190; 1
1191; 1
1192; 3
1193; 3
1194; 5
1195; 5
1196; 7
1197; 0
1198; 2
1199; 2
1200; 4
1201; 4
1202; 6
1203; 6
1204; 8
1205; 8
1206; 10
1207; 10
1208; 12
1209; 12
1210; 14
1211; 14
1212; 16
1213; 16
1214; 18
1215; 18
1216; 20
1217; 20
1218; 22
1219; 22
1220; 24
1221; 24
1222; 26
1223; 30
1224; 32
1225; 32
1226; 34
1227; 34
1228; 36
1229; 36
1230; 38
1231; 38
1232; 40
1233; 40
1234; 42
1235; 42
1236; 44
1237; 44
1238; 46
1239; 46
1240; 48
1241; 48
1242; 50
1243; 50
1244; 52
1245; 52
1246; 54
1247; 54
1248; 56
1249; 55
1250; 0
1251; 0
1252; 5
1253; 5
1254; 10
1255; 10
1256; 15
1257; 15
1258; 20
1259; 20
1260; 25
1261; 25
1262; 30
1263; 30
1264; 32
1265; 32
1266; 34
1267; 34
1268; 36
1269; 36
1270; 38
1271; 38
1272; 40
1273; 55
1274; 57
1275; 57
1276; 59
1277; 59
1278; 1
1279; 1
1280; 3
1281; 3
1282; 5
1283; 5
1284; 10
1285; 10
1286; 15
1287; 15
1288; 20
1289; 20
1290; 25
1291; 25
1292; 30
1293; 30
1294; 35
1295; 35
1296; 40
1297; 10
1298; 15
1299; 15
1300; 20
1301; 20
1302; 25
1303; 25
1304; 30
1305; 30
1306; 35
1307; 35
1308; 40
1309; 40
1310; 45
1311; 45
1312; 47
1313; 47
1314; 49
1315; 49
1316; 51
1317; 51
1318; 53
1319; 53
1320; 55
1321; 10
1322; 12
1323; 12
1324; 14
1325; 14
1326; 16
1327; 16
1328; 18
1329; 18
1330; 20
1331; 20
1332; 25
1333; 25
1334; 30
1335; 30
1336; 35
1337; 35
1338; 40
1339; 40
1340; 45
1341; 45
1342; 50
1343; 50
1344; 55
1345; 0
1346; 2
1347; 2
1348; 4
1349; 4
1350; 6
1351; 6
1352; 8
1353; 8
1354; 10
1355; 10
1356; 12
1357; 12
1358; 14
1359; 14
1360; 16
1361; 16
1362; 18
1363; 18
1364; 20
1365; 20
1366; 22
1367; 22
1368; 24
1369; 30
1370; 32
1371; 32
1372; 34
1373; 34
1374; 36
1375; 36
1376; 38
1377; 38
1378; 40
1379; 40
1380; 42
1381; 42
1382; 44
1383; 44
1384; 46
1385; 46
1386; 48
1387; 48
1388; 50
1389; 50
1390; 52
1391; 52
1392; 54
1393; 22
1394; 24
1395; 24
1396; 26
1397; 26
1398; 28
1399; 28
1400; 30
1401; 30
1402; 32
1403; 32
1404; 34
1405; 34
1406; 36
1407; 36
1408; 38
1409; 38
1410; 40
1411; 40
1412; 42
1413; 42
1414; 44
1415; 44
1416; 46
1417; 52
1418; 54
1419; 54
1420; 56
1421; 56
1422; 58
1423; 58
1424; 0
1425; 0
1426; 2
1427; 2
1428; 4
1429; 4
1430; 6
1431; 6
1432; 8
1433; 8
1434; 10
1435; 10
1436; 12
1437; 12
1438; 14
1439; 14
1440; 16
1441; 59
1442; 1
1443; 1
1444; 3
1445; 3
1446; 5
1447; 5
1448; 7
1449; 7
1450; 9
1451; 9
1452; 11
1453; 11
1454; 13
1455; 13
1456; 15
1457; 15
1458; 17
1459; 17
1460; 19
1461; 19
1462; 21
1463; 21
1464; 23
1465; 29
1466; 31
1467; 31
1468; 33
1469; 33
1470; 35
1471; 35
1472; 37
1473; 37
1474; 39
1475; 39
1476; 41
1477; 41
1478; 43
1479; 43
1480; 45
1481; 45
1482; 47
1483; 47
1484; 49
1485; 49
1486; 51
1487; 51
1488; 53
1489; 5
1490; 7
1491; 7
1492; 9
1493; 9
1494; 11
1495; 11
1496; 13
1497; 13
1498; 15
1499; 15
1500; 17
1501; 17
1502; 19
1503; 19
1504; 21
1505; 21
1506; 23
1507; 23
1508; 25
1509; 25
1510; 27
1511; 27
1512; 29
1513; 35
1514; 37
1515; 37
1516; 39
1517; 39
1518; 41
1519; 41
1520; 43
1521; 43
1522; 45
1523; 45
1524; 47
1525; 47
1526; 49
1527; 49
1528; 51
1529; 51
1530; 53
1531; 53
1532; 55
1533; 55
1534; 57
1535; 57
1536; 59
1537; 46
1538; 48
1539; 48
1540; 50
1541; 50
1542; 52
1543; 52
1544; 54
1545; 54
1546; 56
1547; 56
1548; 58
1549; 58
1550; 0
1551; 0
1552; 2
1553; 2
1554; 4
1555; 4
1556; 6
1557; 6
1558; 8
1559; 8
1560; 10
1561; 16
1562; 18
1563; 18
1564; 20
1565; 20
1566; 22
1567; 22
1568; 24
1569; 24
1570; 26
1571; 26
1572; 28
1573; 28
1574; 30
1575; 30
1576; 32
1577; 32
1578; 34
1579; 34
1580; 36
1581; 36
1582; 38
1583; 38
1584; 40
1585; 0
1586; 2
1587; 2
1588; 4
1589; 4
1590; 6
1591; 6
1592; 8
1593; 8
1594; 10
1595; 10
1596; 12
1597; 12
1598; 14
1599; 14
1600; 16
1601; 16
1602; 18
1603; 18
1604; 20
1605; 20
1606; 22
1607; 22
1608; 24
1609; 30
1610; 32
1611; 32
1612; 34
1613; 34
1614; 36
1615; 36
1616; 38
1617; 38
1618; 40
1619; 40
1620; 42
1621; 42
1622; 44
1623; 44
1624; 46
1625; 46
1626; 48
1627; 48
1628; 50
1629; 50
1630; 52
1631; 52
1632; 54
1633; 21
1634; 23
1635; 23
1636; 25
1637; 25
1638; 27
1639; 27
1640; 29
1641; 29
1642; 31
1643; 31
1644; 33
1645; 33
1646; 35
1647; 35
1648; 37
1649; 37
1650; 39
1651; 39
1652; 41
1653; 41
1654; 43
1655; 43
1656; 45
1657; 51
1658; 53
1659; 53
1660; 55
1661; 55
1662; 57
1663; 57
1664; 59
1665; 59
1666; 1
1667; 1
1668; 3
1669; 3
1670; 5
1671; 5
1672; 7
1673; 7
1674; 9
1675; 9
1676; 11
1677; 11
1678; 13
1679; 13
1680; 15
1681; 2
1682; 4
1683; 4
1684; 6
1685; 6
1686; 8
1687; 8
1688; 10
1689; 10
1690; 12
1691; 12
1692; 14
1693; 14
1694; 16
1695; 16
1696; 18
1697; 18
1698; 20
1699; 20
1700; 22
1701; 22
1702; 24
1703; 24
1704; 26
1705; 32
1706; 34
1707; 34
1708; 36
1709; 36
1710; 38
1711; 38
1712; 40
1713; 40
1714; 42
1715; 42
1716; 44
1717; 44
1718; 46
1719; 46
1720; 48
1721; 48
1722; 50
1723; 50
1724; 52
1725; 52
1726; 54
1727; 54
1728; 56
1729; 0
1730; 2
1731; 2
1732; 4
1733; 4
1734; 6
1735; 6
1736; 8
1737; 8
1738; 10
1739; 10
1740; 12
1741; 12
1742; 14
1743; 14
1744; 16
1745; 16
1746; 18
1747; 18
1748; 20
1749; 20
1750; 22
1751; 22
1752; 24
1753; 30
1754; 32
1755; 32
1756; 34
1757; 34
1758; 36
1759; 36
1760; 38
1761; 38
1762; 40
1763; 40
1764; 42
1765; 42
1766; 44
1767; 44
1768; 46
1769; 46
1770; 48
1771; 48
1772; 50
1773; 50
1774; 52
1775; 52
1776; 54
1777; 57
1778; 59
1779; 59
1780; 1
1781; 1
1782; 3
1783; 3
1784; 5
1785; 5
1786; 7
1787; 7
1788; 9
1789; 9
1790; 11
1791; 11
1792; 13
1793; 13
1794; 15
1795; 15
1796; 17
1797; 17
1798; 19
1799; 19
1800; 21
1801; 27
1802; 29
1803; 29
1804; 31
1805; 31
1806; 33
1807; 33
1808; 35
1809; 35
1810; 37
1811; 37
1812; 39
1813; 39
1814; 41
1815; 41
1816; 43
1817; 43
1818; 45
1819; 45
1820; 47
1821; 47
1822; 49
1823; 49
1824; 51
1825; 8
1826; 10
1827; 10
1828; 12
1829; 12
1830; 14
1831; 14
1832; 16
1833; 16
1834; 18
1835; 18
1836; 20
1837; 20
1838; 22
1839; 22
1840; 24
1841; 24
1842; 26
1843; 26
1844; 28
1845; 28
1846; 30
1847; 30
1848; 32
1849; 38
1850; 40
1851; 40
1852; 42
1853; 42
1854; 44
1855; 44
1856; 46
1857; 46
1858; 48
1859; 48
1860; 50
1861; 50
1862; 52
1863; 52
1864; 54
1865; 54
1866; 56
1867; 56
1868; 58
1869; 58
1870; 0
1871; 0
1872; 2
1873; 48
1874; 50
1875; 50
1876; 52
1877; 52
1878; 54
1879; 54
1880; 56
1881; 56
1882; 58
1883; 58
1884; 0
1885; 0
1886; 2
1887; 2
1888; 4
1889; 4
1890; 6
1891; 6
1892; 8
1893; 8
1894; 10
1895; 10
1896; 12
1897; 18
1898; 20
1899; 20
1900; 22
1901; 22
1902; 24
1903; 24
1904; 26
1905; 26
1906; 28
1907; 28
1908; 30
1909; 30
1910; 32
1911; 32
1912; 34
1913; 34
1914; 36
1915; 36
1916; 38
1917; 38
1918; 40
1919; 40
1920; 42
1921; 0
1922; 2
1923; 2
1924; 4
1925; 4
1926; 6
1927; 6
1928; 8
1929; 8
1930; 10
1931; 10
1932; 12
1933; 12
1934; 14
1935; 14
1936; 16
1937; 16
1938; 18
1939; 18
1940; 20
1941; 20
1942; 22
1943; 22
1944; 24
1945; 30
1946; 32
1947; 32
1948; 34
1949; 34
1950; 36
1951; 36
1952; 38
1953; 38
1954; 40
1955; 40
1956; 42
1957; 42
1958; 44
1959; 44
1960; 46
1961; 46
1962; 48
1963; 48
1964; 50
1965; 50
1966; 52
1967; 52
1968; 54
1969; 31
1970; 33
1971; 33
1972; 35
1973; 35
1974; 37
1975; 37
1976; 39
1977; 39
1978; 41
1979; 41
1980; 43
1981; 43
1982; 45
1983; 45
1984; 47
1985; 47
1986; 49
1987; 49
1988; 51
1989; 51
1990; 53
1991; 53
1992; 55
1993; 1
1994; 3
1995; 3
1996; 5
1997; 5
1998; 7
1999; 7
2000; 9
2001; 9
2002; 11
2003; 11
2004; 13
2005; 13
2006; 15
2007; 15
2008; 17
2009; 17
2010; 19
2011; 19
2012; 21
2013; 21
2014; 23
2015; 23
2016; 25
2017; 54
2018; 56
2019; 56
2020; 58
2021; 58
2022; 0
2023; 0
2024; 2
2025; 2
2026; 4
2027; 4
2028; 6
2029; 6
2030; 8
2031; 8
2032; 10
2033; 10
2034; 12
2035; 12
2036; 14
2037; 14
2038; 16
2039; 16
2040; 18
2041; 24
2042; 26
2043; 26
2044; 28
2045; 28
2046; 30
2047; 30
2048; 32
2049; 32
2050; 34
2051; 34
2052; 36
2053; 36
2054; 38
2055; 38
2056; 40
2057; 40
2058; 42
2059; 42
2060; 44
2061; 44
2062; 46
2063; 46
2064; 48
2065; 43
2066; 45
2067; 45
2068; 47
2069; 47
2070; 49
2071; 49
2072; 51
2073; 51
2074; 53
2075; 53
2076; 55
2077; 55
2078; 57
2079; 57
2080; 59
2081; 59
2082; 1
2083; 1
2084; 3
2085; 3
2086; 5
2087; 5
2088; 7
2089; 13
2090; 15
2091; 15
2092; 17
2093; 17
2094; 19
2095; 19
2096; 21
2097; 21
2098; 23
2099; 23
2100; 25
2101; 25
2102; 27
2103; 27
2104; 29
2105; 29
2106; 31
2107; 31
2108; 33
2109; 33
2110; 35
2111; 35
2112; 37
2113; 22
2114; 24
2115; 24
2116; 26
2117; 26
2118; 28
2119; 28
2120; 30
2121; 30
2122; 32
2123; 32
2124; 34
2125; 34
2126; 36
2127; 36
2128; 38
2129; 38
2130; 40
2131; 40
2132; 42
2133; 42
2134; 44
2135; 44
2136; 46
2137; 52
2138; 54
2139; 54
2140; 56
2141; 56
2142; 58
2143; 58
2144; 0
2145; 0
2146; 2
2147; 2
2148; 4
2149; 4
2150; 6
2151; 6
2152; 8
2153; 8
2154; 10
2155; 10
2156; 12
2157; 12
2158; 14
2159; 14
2160; 16
2161; 0
2162; 2
2163; 2
2164; 4
2165; 4
2166; 6
2167; 6
2168; 8
2169; 8
2170; 10
2171; 10
2172; 12
2173; 12
2174; 14
2175; 14
2176; 16
2177; 16
2178; 18
2179; 18
2180; 20
2181; 20
2182; 22
2183; 22
2184; 24
2185; 30
2186; 32
2187; 32
2188; 34
2189; 34
2190; 36
2191; 36
2192; 38
2193; 38
2194; 40
2195; 40
2196; 42
2197; 42
2198; 44
2199; 44
2200; 46
2201; 46
2202; 48
2203; 48
2204; 50
2205; 50
2206; 52
2207; 52
2208; 54
2209; 26
2210; 28
2211; 28
2212; 30
2213; 30
2214; 32
2215; 32
2216; 34
2217; 34
2218; 36
2219; 36
2220; 38
2221; 38
2222; 40
2223; 40
2224; 42
2225; 42
2226; 44
2227; 44
2228; 46
2229; 46
2230; 48
2231; 48
2232; 50
2233; 56
2234; 58
2235; 58
2236; 0
2237; 0
2238; 2
2239; 2
2240; 4
2241; 4
2242; 6
2243; 6
2244; 8
2245; 8
2246; 10
2247; 10
2248; 12
2249; 12
2250; 14
2251; 14
2252; 16
2253; 16
2254; 18
2255; 18
2256; 20
2257; 51
2258; 53
2259; 53
2260; 55
2261; 55
2262; 57
2263; 57
2264; 59
2265; 59
2266; 1
2267; 1
2268; 3
2269; 3
2270; 5
2271; 5
2272; 7
2273; 7
2274; 9
2275; 9
2276; 11
2277; 11
2278; 13
2279; 13
2280; 15
2281; 21
2282; 23
2283; 23
2284; 25
2285; 25
2286; 27
2287; 27
2288; 29
2289; 29
2290; 31
2291; 31
2292; 33
2293; 33
2294; 35
2295; 35
2296; 37
2297; 37
2298; 39
2299; 39
2300; 41
2301; 41
2302; 43
2303; 43
2304; 45
2305; 46
2306; 48
2307; 48
2308; 50
2309; 50
2310; 52
2311; 52
2312; 54
2313; 54
2314; 56
2315; 56
2316; 58
2317; 58
2318; 0
2319; 0
2320; 2
2321; 2
2322; 4
2323; 4
2324; 6
2325; 6
2326; 8
2327; 8
2328; 10
2329; 16
2330; 18
2331; 18
2332; 20
2333; 20
2334; 22
2335; 22
2336; 24
2337; 24
2338; 26
2339; 26
2340; 28
2341; 28
2342; 30
2343; 30
2344; 32
2345; 32
2346; 34
2347; 34
2348; 36
2349; 36
2350; 38
2351; 38
2352; 40
2353; 37
2354; 39
2355; 39
2356; 41
2357; 41
2358; 43
2359; 43
2360; 45
2361; 45
2362; 47
2363; 47
2364; 49
2365; 49
2366; 51
2367; 51
2368; 53
2369; 53
2370; 55
2371; 55
2372; 57
2373; 57
2374; 59
2375; 59
2376; 1
2377; 7
2378; 9
2379; 9
2380; 11
2381; 11
2382; 13
2383; 13
2384; 15
2385; 15
2386; 17
2387; 17
2388; 19
2389; 19
2390; 21
2391; 21
2392; 23
2393; 23
2394; 25
2395; 25
2396; 27
2397; 27
2398; 29
2399; 29
2400; 31
2401; 25
2402; 28
2403; 28
2404; 31
2405; 31
2406; 33
2407; 33
2408; 35
2409; 35
2410; 38
2411; 38
2412; 41
2413; 41
2414; 43
2415; 43
2416; 45
2417; 45
2418; 47
2419; 47
2420; 54
2421; 54
2422; 56
2423; 25
2424; 27
2425; 27
2426; 34
2427; 34
2428; 36
2429; 36
2430; 38
2431; 38
2432; 40
2433; 40
2434; 43
2435; 43
2436; 46
2437; 46
2438; 48
2439; 48
2440; 50
2441; 50
2442; 53
2443; 53
2444; 56
2445; 34
2446; 38
2447; 38
2448; 42
2449; 42
2450; 44
2451; 44
2452; 47
2453; 47
2454; 49
2455; 49
2456; 54
2457; 54
2458; 59
2459; 59
2460; 1
2461; 1
2462; 3
2463; 3
2464; 5
2465; 5
2466; 7
2467; 34
2468; 36
2469; 36
2470; 38
2471; 38
2472; 40
2473; 40
2474; 42
2475; 42
2476; 47
2477; 47
2478; 52
2479; 52
2480; 54
2481; 54
2482; 57
2483; 57
2484; 59
2485; 59
2486; 3
2487; 3
2488; 7
2489; 36
2490; 38
2491; 38
2492; 40
2493; 40
2494; 42
2495; 42
2496; 44
2497; 44
2498; 46
2499; 46
2500; 48
2501; 48
2502; 50
2503; 50
2504; 52
2505; 52
2506; 54
2507; 54
2508; 56
2509; 56
2510; 58
2511; 6
2512; 8
2513; 8
2514; 10
2515; 10
2516; 12
2517; 12
2518; 14
2519; 14
2520; 16
2521; 16
2522; 18
2523; 18
2524; 20
2525; 20
2526; 22
2527; 22
2528; 24
2529; 24
2530; 26
2531; 26
2532; 28
2533; 12
2534; 14
2535; 14
2536; 20
2537; 20
2538; 22
2539; 22
2540; 27
2541; 27
2542; 29
2543; 29
2544; 32
2545; 32
2546; 35
2547; 35
2548; 38
2549; 38
2550; 40
2551; 40
2552; 44
2553; 44
2554; 48
2555; 12
2556; 16
2557; 16
2558; 20
2559; 20
2560; 22
2561; 22
2562; 25
2563; 25
2564; 28
2565; 28
2566; 31
2567; 31
2568; 33
2569; 33
2570; 38
2571; 38
2572; 40
2573; 40
2574; 46
2575; 46
2576; 48
2577; 11
2578; 13
2579; 13
2580; 15
2581; 15
2582; 17
2583; 17
2584; 19
2585; 19
2586; 21
2587; 21
2588; 23
2589; 23
2590; 25
2591; 25
2592; 27
2593; 27
2594; 29
2595; 29
2596; 31
2597; 31
2598; 33
2599; 41
2600; 43
2601; 43
2602; 45
2603; 45
2604; 47
2605; 47
2606; 49
2607; 49
2608; 51
2609; 51
2610; 53
2611; 53
2612; 55
2613; 55
2614; 57
2615; 57
2616; 59
2617; 59
2618; 1
2619; 1
2620; 3
2621; 23
2622; 25
2623; 25
2624; 27
2625; 27
2626; 29
2627; 29
2628; 31
2629; 31
2630; 33
2631; 33
2632; 35
2633; 35
2634; 37
2635; 37
2636; 39
2637; 39
2638; 41
2639; 41
2640; 43
2641; 43
2642; 45
2643; 53
2644; 55
2645; 55
2646; 57
2647; 57
2648; 59
2649; 59
2650; 1
2651; 1
2652; 3
2653; 3
2654; 5
2655; 5
2656; 7
2657; 7
2658; 9
2659; 9
2660; 11
2661; 11
2662; 13
2663; 13
2664; 15
2665; 54
2666; 56
2667; 56
2668; 58
2669; 58
2670; 0
2671; 0
2672; 2
2673; 2
2674; 4
2675; 4
2676; 6
2677; 6
2678; 8
2679; 8
2680; 10
2681; 10
2682; 12
2683; 12
2684; 14
2685; 14
2686; 16
2687; 24
2688; 26
2689; 26
2690; 28
2691; 28
2692; 30
2693; 30
2694; 32
2695; 32
2696; 34
2697; 34
2698; 36
2699; 36
2700; 38
2701; 38
2702; 40
2703; 40
2704; 42
2705; 42
2706; 44
2707; 44
2708; 46
2709; 34
2710; 36
2711; 36
2712; 38
2713; 38
2714; 40
2715; 40
2716; 42
2717; 42
2718; 44
2719; 44
2720; 46
2721; 46
2722; 48
2723; 48
2724; 50
2725; 50
2726; 52
2727; 52
2728; 54
2729; 54
2730; 56
2731; 4
2732; 6
2733; 6
2734; 8
2735; 8
2736; 10
2737; 10
2738; 12
2739; 12
2740; 14
2741; 14
2742; 16
2743; 16
2744; 18
2745; 18
2746; 20
2747; 20
2748; 22
2749; 22
2750; 24
2751; 24
2752; 26
2753; 58
2754; 0
2755; 0
2756; 2
2757; 2
2758; 4
2759; 4
2760; 6
2761; 6
2762; 8
2763; 8
2764; 10
2765; 10
2766; 12
2767; 12
2768; 14
2769; 14
2770; 16
2771; 16
2772; 18
2773; 18
2774; 20
2775; 28
2776; 30
2777; 30
2778; 32
2779; 32
2780; 34
2781; 34
2782; 36
2783; 36
2784; 38
2785; 38
2786; 40
2787; 40
2788; 42
2789; 42
2790; 44
2791; 44
2792; 46
2793; 46
2794; 48
2795; 48
2796; 50
2797; 45
2798; 47
2799; 47
2800; 49
2801; 49
2802; 51
2803; 51
2804; 53
2805; 53
2806; 55
2807; 55
2808; 57
2809; 57
2810; 59
2811; 59
2812; 1
2813; 1
2814; 3
2815; 3
2816; 5
2817; 5
2818; 7
2819; 15
2820; 17
2821; 17
2822; 19
2823; 19
2824; 21
2825; 21
2826; 23
2827; 23
2828; 25
2829; 25
2830; 27
2831; 27
2832; 29
2833; 29
2834; 31
2835; 31
2836; 33
2837; 33
2838; 35
2839; 35
2840; 37
2841; 0
2842; 2
2843; 2
2844; 4
2845; 4
2846; 6
2847; 6
2848; 8
2849; 8
2850; 10
2851; 10
2852; 12
2853; 12
2854; 14
2855; 14
2856; 16
2857; 16
2858; 18
2859; 18
2860; 20
2861; 20
2862; 22
2863; 30
2864; 32
2865; 32
2866; 34
2867; 34
2868; 36
2869; 36
2870; 38
2871; 38
2872; 40
2873; 40
2874; 42
2875; 42
2876; 44
2877; 44
2878; 46
2879; 46
2880; 48
2881; 48
2882; 50
2883; 50
2884; 52
2885; 9
2886; 11
2887; 11
2888; 13
2889; 13
2890; 15
2891; 15
2892; 17
2893; 17
2894; 19
2895; 19
2896; 21
2897; 21
2898; 23
2899; 23
2900; 25
2901; 25
2902; 27
2903; 27
2904; 29
2905; 29
2906; 31
2907; 39
2908; 41
2909; 41
2910; 43
2911; 43
2912; 45
2913; 45
2914; 47
2915; 47
2916; 49
2917; 49
2918; 51
2919; 51
2920; 53
2921; 53
2922; 55
2923; 55
2924; 57
2925; 57
2926; 59
2927; 59
2928; 1
2929; 0
2930; 2
2931; 2
2932; 4
2933; 4
2934; 6
2935; 6
2936; 8
2937; 8
2938; 10
2939; 10
2940; 12
2941; 12
2942; 14
2943; 14
2944; 16
2945; 16
2946; 18
2947; 18
2948; 20
2949; 20
2950; 22
2951; 30
2952; 32
2953; 32
2954; 34
2955; 34
2956; 36
2957; 36
2958; 38
2959; 38
2960; 40
2961; 40
2962; 42
2963; 42
2964; 44
2965; 44
2966; 46
2967; 46
2968; 48
2969; 48
2970; 50
2971; 50
2972; 52
2973; 0
2974; 2
2975; 2
2976; 4
2977; 4
2978; 6
2979; 6
2980; 8
2981; 8
2982; 10
2983; 10
2984; 12
2985; 12
2986; 14
2987; 14
2988; 16
2989; 16
2990; 18
2991; 18
2992; 20
2993; 20
2994; 22
2995; 30
2996; 32
2997; 32
2998; 34
2999; 34
3000; 36
3001; 36
3002; 38
3003; 38
3004; 40
3005; 40
3006; 42
3007; 42
3008; 44
3009; 44
3010; 46
3011; 46
3012; 48
3013; 48
3014; 50
3015; 50
3016; 52
3017; 0
3018; 2
3019; 2
3020; 4
3021; 4
3022; 6
3023; 6
3024; 8
3025; 8
3026; 10
3027; 10
3028; 12
3029; 12
3030; 14
3031; 14
3032; 16
3033; 16
3034; 18
3035; 18
3036; 20
3037; 20
3038; 22
3039; 30
3040; 32
3041; 32
3042; 34
3043; 34
3044; 36
3045; 36
3046; 38
3047; 38
3048; 40
3049; 40
3050; 42
3051; 42
3052; 44
3053; 44
3054; 46
3055; 46
3056; 48
3057; 48
3058; 50
3059; 50
3060; 52
3061; 3
3062; 5
3063; 5
3064; 7
3065; 7
3066; 9
3067; 9
3068; 11
3069; 11
3070; 13
3071; 13
3072; 15
3073; 15
3074; 17
3075; 17
3076; 19
3077; 19
3078; 21
3079; 21
3080; 23
3081; 23
3082; 25
3083; 33
3084; 35
3085; 35
3086; 37
3087; 37
3088; 39
3089; 39
3090; 41
3091; 41
3092; 43
3093; 43
3094; 45
3095; 45
3096; 47
3097; 47
3098; 49
3099; 49
3100; 51
3101; 51
3102; 53
3103; 53
3104; 55
3105; 57
3106; 2
3107; 2
3108; 7
3109; 7
3110; 9
3111; 9
3112; 15
3113; 15
3114; 21
3115; 21
3116; 27
3117; 27
3118; 33
3119; 33
3120; 35
3121; 35
3122; 37
3123; 37
3124; 39
3125; 57
3126; 59
3127; 59
3128; 1
3129; 1
3130; 3
3131; 3
3132; 9
3133; 9
3134; 15
3135; 15
3136; 21
3137; 21
3138; 27
3139; 27
3140; 29
3141; 29
3142; 34
3143; 34
3144; 39
3145; 2
3146; 5
3147; 5
3148; 8
3149; 8
3150; 10
3151; 10
3152; 12
3153; 12
3154; 14
3155; 14
3156; 16
3157; 16
3158; 18
3159; 18
3160; 23
3161; 23
3162; 28
3163; 28
3164; 33
3165; 2
3166; 7
3167; 7
3168; 12
3169; 12
3170; 17
3171; 17
3172; 19
3173; 19
3174; 21
3175; 21
3176; 23
3177; 23
3178; 25
3179; 25
3180; 27
3181; 27
3182; 30
3183; 30
3184; 33
3185; 27
3186; 29
3187; 29
3188; 31
3189; 31
3190; 33
3191; 33
3192; 35
3193; 35
3194; 37
3195; 37
3196; 39
3197; 39
3198; 41
3199; 41
3200; 43
3201; 43
3202; 44
3203; 44
3204; 45
3205; 57
3206; 58
3207; 58
3208; 59
3209; 59
3210; 1
3211; 1
3212; 3
3213; 3
3214; 5
3215; 5
3216; 7
3217; 7
3218; 9
3219; 9
3220; 11
3221; 11
3222; 13
3223; 13
3224; 15
3225; 0
3226; 2
3227; 2
3228; 4
3229; 4
3230; 6
3231; 6
3232; 8
3233; 8
3234; 10
3235; 10
3236; 13
3237; 13
3238; 15
3239; 15
3240; 17
3241; 17
3242; 20
3243; 20
3244; 23
3245; 30
3246; 33
3247; 33
3248; 36
3249; 36
3250; 38
3251; 38
3252; 40
3253; 40
3254; 43
3255; 43
3256; 45
3257; 45
3258; 47
3259; 47
3260; 49
3261; 49
3262; 51
3263; 51
3264; 53
3265; 0
3266; 2
3267; 2
3268; 4
3269; 4
3270; 6
3271; 6
3272; 8
3273; 8
3274; 10
3275; 10
3276; 12
3277; 12
3278; 14
3279; 14
3280; 16
3281; 16
3282; 17
3283; 17
3284; 18
3285; 30
3286; 31
3287; 31
3288; 32
3289; 32
3290; 34
3291; 34
3292; 36
3293; 36
3294; 38
3295; 38
3296; 40
3297; 40
3298; 42
3299; 42
3300; 44
3301; 44
3302; 46
3303; 46
3304; 48
3305; 2
3306; 4
3307; 4
3308; 6
3309; 6
3310; 8
3311; 8
3312; 10
3313; 10
3314; 12
3315; 12
3316; 14
3317; 14
3318; 16
3319; 16
3320; 18
3321; 18
3322; 20
3323; 20
3324; 22
3325; 32
3326; 34
3327; 34
3328; 36
3329; 36
3330; 38
3331; 38
3332; 40
3333; 40
3334; 42
3335; 42
3336; 44
3337; 44
3338; 46
3339; 46
3340; 48
3341; 48
3342; 50
3343; 50
3344; 52
3345; 13
3346; 15
3347; 15
3348; 17
3349; 17
3350; 19
3351; 19
3352; 21
3353; 21
3354; 23
3355; 23
3356; 25
3357; 25
3358; 27
3359; 27
3360; 29
3361; 29
3362; 31
3363; 31
3364; 33
3365; 43
3366; 45
3367; 45
3368; 47
3369; 47
3370; 49
3371; 49
3372; 51
3373; 51
3374; 53
3375; 53
3376; 55
3377; 55
3378; 57
3379; 57
3380; 59
3381; 59
3382; 1
3383; 1
3384; 3
3385; 46
3386; 48
3387; 48
3388; 50
3389; 50
3390; 52
3391; 52
3392; 54
3393; 54
3394; 56
3395; 56
3396; 59
3397; 59
3398; 1
3399; 1
3400; 3
3401; 3
3402; 6
3403; 6
3404; 9
3405; 16
3406; 19
3407; 19
3408; 22
3409; 22
3410; 24
3411; 24
3412; 26
3413; 26
3414; 29
3415; 29
3416; 31
3417; 31
3418; 33
3419; 33
3420; 35
3421; 35
3422; 37
3423; 37
3424; 39
3425; 33
3426; 35
3427; 35
3428; 37
3429; 37
3430; 39
3431; 39
3432; 41
3433; 41
3434; 43
3435; 43
3436; 45
3437; 45
3438; 47
3439; 47
3440; 49
3441; 49
3442; 50
3443; 50
3444; 51
3445; 3
3446; 4
3447; 4
3448; 5
3449; 5
3450; 7
3451; 7
3452; 9
3453; 9
3454; 11
3455; 11
3456; 13
3457; 13
3458; 15
3459; 15
3460; 17
3461; 17
3462; 19
3463; 19
3464; 21
3465; 26
3466; 28
3467; 28
3468; 30
3469; 30
3470; 32
3471; 32
3472; 34
3473; 34
3474; 36
3475; 36
3476; 38
3477; 38
3478; 40
3479; 40
3480; 42
3481; 42
3482; 44
3483; 44
3484; 45
3485; 56
3486; 57
3487; 57
3488; 59
3489; 59
3490; 1
3491; 1
3492; 3
3493; 3
3494; 5
3495; 5
3496; 7
3497; 7
3498; 9
3499; 9
3500; 11
3501; 11
3502; 13
3503; 13
3504; 15
3505; 0
3506; 2
3507; 2
3508; 4
3509; 4
3510; 6
3511; 6
3512; 8
3513; 8
3514; 10
3515; 10
3516; 12
3517; 12
3518; 14
3519; 14
3520; 16
3521; 16
3522; 18
3523; 18
3524; 20
3525; 30
3526; 32
3527; 32
3528; 34
3529; 34
3530; 36
3531; 36
3532; 38
3533; 38
3534; 40
3535; 40
3536; 42
3537; 42
3538; 44
3539; 44
3540; 46
3541; 46
3542; 48
3543; 48
3544; 50
3545; 17
3546; 19
3547; 19
3548; 21
3549; 21
3550; 23
3551; 23
3552; 25
3553; 25
3554; 27
3555; 27
3556; 29
3557; 29
3558; 31
3559; 31
3560; 33
3561; 33
3562; 34
3563; 34
3564; 35
3565; 47
3566; 48
3567; 48
3568; 49
3569; 49
3570; 51
3571; 51
3572; 53
3573; 53
3574; 55
3575; 55
3576; 57
3577; 57
3578; 59
3579; 59
3580; 1
3581; 1
3582; 3
3583; 3
3584; 5
3585; 49
3586; 51
3587; 51
3588; 53
3589; 53
3590; 55
3591; 55
3592; 57
3593; 57
3594; 59
3595; 59
3596; 1
3597; 1
3598; 3
3599; 3
3600; 5
3601; 5
3602; 7
3603; 7
3604; 8
3605; 19
3606; 20
3607; 20
3608; 22
3609; 22
3610; 24
3611; 24
3612; 26
3613; 26
3614; 28
3615; 28
3616; 30
3617; 30
3618; 32
3619; 32
3620; 34
3621; 34
3622; 36
3623; 36
3624; 38
3625; 52
3626; 54
3627; 54
3628; 56
3629; 56
3630; 58
3631; 58
3632; 0
3633; 0
3634; 2
3635; 2
3636; 4
3637; 4
3638; 6
3639; 6
3640; 8
3641; 8
3642; 10
3643; 10
3644; 11
3645; 22
3646; 23
3647; 23
3648; 25
3649; 25
3650; 27
3651; 27
3652; 29
3653; 29
3654; 31
3655; 31
3656; 33
3657; 33
3658; 35
3659; 35
3660; 37
3661; 37
3662; 39
3663; 39
3664; 41
3665; 56
3666; 58
3667; 58
3668; 0
3669; 0
3670; 2
3671; 2
3672; 4
3673; 4
3674; 6
3675; 6
3676; 8
3677; 8
3678; 10
3679; 10
3680; 12
3681; 12
3682; 14
3683; 14
3684; 15
3685; 26
3686; 27
3687; 27
3688; 29
3689; 29
3690; 31
3691; 31
3692; 33
3693; 33
3694; 35
3695; 35
3696; 37
3697; 37
3698; 39
3699; 39
3700; 41
3701; 41
3702; 43
3703; 43
3704; 45
3705; 0
3706; 2
3707; 2
3708; 4
3709; 4
3710; 6
3711; 6
3712; 8
3713; 8
3714; 10
3715; 10
3716; 12
3717; 12
3718; 14
3719; 14
3720; 16
3721; 16
3722; 17
3723; 17
3724; 18
3725; 30
3726; 31
3727; 31
3728; 32
3729; 32
3730; 34
3731; 34
3732; 36
3733; 36
3734; 38
3735; 38
3736; 40
3737; 40
3738; 42
3739; 42
3740; 44
3741; 44
3742; 46
3743; 46
3744; 48
3745; 0
3746; 2
3747; 2
3748; 4
3749; 4
3750; 6
3751; 6
3752; 8
3753; 8
3754; 10
3755; 10
3756; 12
3757; 12
3758; 14
3759; 14
3760; 16
3761; 16
3762; 17
3763; 17
3764; 18
3765; 30
3766; 31
3767; 31
3768; 32
3769; 32
3770; 34
3771; 34
3772; 36
3773; 36
3774; 38
3775; 38
3776; 40
3777; 40
3778; 42
3779; 42
3780; 44
3781; 44
3782; 46
3783; 46
3784; 48
3785; 0
3786; 2
3787; 2
3788; 4
3789; 4
3790; 6
3791; 6
3792; 8
3793; 8
3794; 10
3795; 10
3796; 12
3797; 12
3798; 14
3799; 14
3800; 16
3801; 16
3802; 17
3803; 17
3804; 18
3805; 30
3806; 31
3807; 31
3808; 32
3809; 32
3810; 34
3811; 34
3812; 36
3813; 36
3814; 38
3815; 38
3816; 40
3817; 40
3818; 42
3819; 42
3820; 44
3821; 44
3822; 46
3823; 46
3824; 48
3825; 4
3826; 9
3827; 9
3828; 14
3829; 14
3830; 19
3831; 19
3832; 24
3833; 24
3834; 29
3835; 29
3836; 34
3837; 34
3838; 39
3839; 39
3840; 44
3841; 44
3842; 46
3843; 4
3844; 6
3845; 6
3846; 11
3847; 11
3848; 16
3849; 16
3850; 21
3851; 21
3852; 26
3853; 26
3854; 31
3855; 31
3856; 36
3857; 36
3858; 41
3859; 41
3860; 46
3861; 9
3862; 14
3863; 14
3864; 19
3865; 19
3866; 24
3867; 24
3868; 29
3869; 29
3870; 34
3871; 34
3872; 39
3873; 39
3874; 44
3875; 44
3876; 49
3877; 49
3878; 51
3879; 9
3880; 11
3881; 11
3882; 16
3883; 16
3884; 21
3885; 21
3886; 26
3887; 26
3888; 31
3889; 31
3890; 36
3891; 36
3892; 41
3893; 41
3894; 46
3895; 46
3896; 51
3897; 0
3898; 3
3899; 3
3900; 6
3901; 6
3902; 9
3903; 9
3904; 12
3905; 12
3906; 15
3907; 15
3908; 17
3909; 17
3910; 19
3911; 19
3912; 21
3913; 21
3914; 26
3915; 30
3916; 35
3917; 35
3918; 37
3919; 37
3920; 39
3921; 39
3922; 41
3923; 41
3924; 44
3925; 44
3926; 47
3927; 47
3928; 50
3929; 50
3930; 53
3931; 53
3932; 56
3933; 57
3934; 59
3935; 59
3936; 2
3937; 2
3938; 5
3939; 5
3940; 8
3941; 8
3942; 11
3943; 11
3944; 14
3945; 14
3946; 16
3947; 16
3948; 20
3949; 20
3950; 24
3951; 27
3952; 31
3953; 31
3954; 35
3955; 35
3956; 37
3957; 37
3958; 40
3959; 40
3960; 43
3961; 43
3962; 46
3963; 46
3964; 49
3965; 49
3966; 52
3967; 52
3968; 54
3969; 55
3970; 57
3971; 57
3972; 59
3973; 59
3974; 1
3975; 1
3976; 3
3977; 3
3978; 5
3979; 5
3980; 7
3981; 7
3982; 9
3983; 9
3984; 11
3985; 11
3986; 13
3987; 25
3988; 27
3989; 27
3990; 29
3991; 29
3992; 31
3993; 31
3994; 33
3995; 33
3996; 35
3997; 35
3998; 37
3999; 37
4000; 39
4001; 39
4002; 41
4003; 41
4004; 43
4005; 45
4006; 47
4007; 47
4008; 49
4009; 49
4010; 51
4011; 51
4012; 53
4013; 53
4014; 55
4015; 55
4016; 57
4017; 57
4018; 59
4019; 59
4020; 1
4021; 1
4022; 3
4023; 15
4024; 17
4025; 17
4026; 19
4027; 19
4028; 21
4029; 21
4030; 23
4031; 23
4032; 25
4033; 25
4034; 27
4035; 27
4036; 29
4037; 29
4038; 31
4039; 31
4040; 33
4041; 33
4042; 35
4043; 35
4044; 37
4045; 37
4046; 39
4047; 39
4048; 41
4049; 41
4050; 43
4051; 43
4052; 45
4053; 45
4054; 47
4055; 47
4056; 49
4057; 49
4058; 51
4059; 3
4060; 5
4061; 5
4062; 7
4063; 7
4064; 9
4065; 9
4066; 11
4067; 11
4068; 13
4069; 13
4070; 15
4071; 15
4072; 17
4073; 17
4074; 19
4075; 19
4076; 21
4077; 0
4078; 2
4079; 2
4080; 4
4081; 4
4082; 6
4083; 6
4084; 8
4085; 8
4086; 10
4087; 10
4088; 12
4089; 12
4090; 14
4091; 14
4092; 16
4093; 16
4094; 18
4095; 30
4096; 32
4097; 32
4098; 34
4099; 34
4100; 36
4101; 36
4102; 38
4103; 38
4104; 40
4105; 40
4106; 42
4107; 42
4108; 44
4109; 44
4110; 46
4111; 46
4112; 48
4113; 59
4114; 1
4115; 1
4116; 3
4117; 3
4118; 5
4119; 5
4120; 7
4121; 7
4122; 9
4123; 9
4124; 11
4125; 11
4126; 13
4127; 13
4128; 15
4129; 15
4130; 17
4131; 29
4132; 31
4133; 31
4134; 33
4135; 33
4136; 35
4137; 35
4138; 37
4139; 37
4140; 39
4141; 39
4142; 41
4143; 41
4144; 43
4145; 43
4146; 45
4147; 45
4148; 47
4149; 46
4150; 49
4151; 49
4152; 52
4153; 52
4154; 54
4155; 54
4156; 56
4157; 56
4158; 58
4159; 58
4160; 0
4161; 0
4162; 2
4163; 2
4164; 7
4165; 16
4166; 21
4167; 21
4168; 23
4169; 23
4170; 25
4171; 25
4172; 27
4173; 27
4174; 29
4175; 29
4176; 31
4177; 31
4178; 34
4179; 34
4180; 37
4181; 56
4182; 59
4183; 59
4184; 2
4185; 2
4186; 5
4187; 5
4188; 8
4189; 8
4190; 11
4191; 11
4192; 14
4193; 14
4194; 17
4195; 17
4196; 19
4197; 26
4198; 28
4199; 28
4200; 31
4201; 31
4202; 34
4203; 34
4204; 37
4205; 37
4206; 40
4207; 40
4208; 43
4209; 43
4210; 46
4211; 46
4212; 49
4213; 0
4214; 2
4215; 2
4216; 7
4217; 7
4218; 9
4219; 9
4220; 11
4221; 11
4222; 13
4223; 13
4224; 15
4225; 15
4226; 17
4227; 17
4228; 19
4229; 30
4230; 32
4231; 32
4232; 34
4233; 34
4234; 36
4235; 36
4236; 38
4237; 38
4238; 40
4239; 40
4240; 42
4241; 42
4242; 47
4243; 47
4244; 49
4245; 0
4246; 2
4247; 2
4248; 5
4249; 5
4250; 7
4251; 7
4252; 9
4253; 9
4254; 12
4255; 12
4256; 15
4257; 15
4258; 17
4259; 17
4260; 19
4261; 30
4262; 32
4263; 32
4264; 34
4265; 34
4266; 37
4267; 37
4268; 40
4269; 40
4270; 42
4271; 42
4272; 44
4273; 44
4274; 47
4275; 47
4276; 49
4277; 8
4278; 11
4279; 11
4280; 14
4281; 14
4282; 17
4283; 17
4284; 20
4285; 20
4286; 23
4287; 23
4288; 26
4289; 26
4290; 29
4291; 38
4292; 41
4293; 41
4294; 44
4295; 44
4296; 47
4297; 47
4298; 50
4299; 50
4300; 53
4301; 53
4302; 56
4303; 56
4304; 59
4305; 0
4306; 2
4307; 2
4308; 4
4309; 4
4310; 6
4311; 6
4312; 8
4313; 8
4314; 10
4315; 10
4316; 11
4317; 11
4318; 12
4319; 30
4320; 31
4321; 31
4322; 32
4323; 32
4324; 34
4325; 34
4326; 36
4327; 36
4328; 38
4329; 38
4330; 40
4331; 40
4332; 42
4333; 0
4334; 2
4335; 2
4336; 4
4337; 4
4338; 6
4339; 6
4340; 8
4341; 8
4342; 10
4343; 10
4344; 11
4345; 11
4346; 12
4347; 30
4348; 31
4349; 31
4350; 32
4351; 32
4352; 34
4353; 34
4354; 36
4355; 36
4356; 38
4357; 38
4358; 40
4359; 40
4360; 42
4361; 0
4362; 2
4363; 2
4364; 4
4365; 4
4366; 6
4367; 6
4368; 8
4369; 8
4370; 10
4371; 10
4372; 11
4373; 11
4374; 12
4375; 30
4376; 31
4377; 31
4378; 32
4379; 32
4380; 34
4381; 34
4382; 36
4383; 36
4384; 38
4385; 38
4386; 40
4387; 40
4388; 42
4389; 0
4390; 2
4391; 2
4392; 4
4393; 4
4394; 6
4395; 6
4396; 8
4397; 8
4398; 10
4399; 10
4400; 11
4401; 11
4402; 12
4403; 30
4404; 31
4405; 31
4406; 32
4407; 32
4408; 34
4409; 34
4410; 36
4411; 36
4412; 38
4413; 38
4414; 40
4415; 40
4416; 42
4417; 35
4418; 37
4419; 37
4420; 40
4421; 40
4422; 43
4423; 43
4424; 46
4425; 46
4426; 49
4427; 49
4428; 52
4429; 52
4430; 55
4431; 5
4432; 8
4433; 8
4434; 11
4435; 11
4436; 14
4437; 14
4438; 17
4439; 17
4440; 20
4441; 20
4442; 23
4443; 23
4444; 25
4445; 0
4446; 3
4447; 3
4448; 6
4449; 6
4450; 9
4451; 9
4452; 11
4453; 11
4454; 15
4455; 15
4456; 19
4457; 30
4458; 34
4459; 34
4460; 38
4461; 38
4462; 40
4463; 40
4464; 43
4465; 43
4466; 46
4467; 46
4468; 49
4469; 3
4470; 6
4471; 6
4472; 9
4473; 9
4474; 12
4475; 12
4476; 15
4477; 15
4478; 18
4479; 18
4480; 20
4481; 33
4482; 35
4483; 35
4484; 38
4485; 38
4486; 41
4487; 41
4488; 44
4489; 44
4490; 47
4491; 47
4492; 50
4493; 0
4494; 4
4495; 4
4496; 8
4497; 8
4498; 12
4499; 12
4500; 16
4501; 16
4502; 18
4503; 18
4504; 21
4505; 30
4506; 33
4507; 33
4508; 35
4509; 35
4510; 39
4511; 39
4512; 43
4513; 43
4514; 47
4515; 47
4516; 51
4517; 13
4518; 15
4519; 15
4520; 19
4521; 19
4522; 21
4523; 21
4524; 23
4525; 23
4526; 25
4527; 25
4528; 27
4529; 43
4530; 45
4531; 45
4532; 47
4533; 47
4534; 49
4535; 49
4536; 51
4537; 51
4538; 55
4539; 55
4540; 57
4541; 0
4542; 2
4543; 2
4544; 4
4545; 4
4546; 6
4547; 6
4548; 8
4549; 8
4550; 10
4551; 10
4552; 12
4553; 30
4554; 32
4555; 32
4556; 34
4557; 34
4558; 36
4559; 36
4560; 38
4561; 38
4562; 40
4563; 40
4564; 42
4565; 45
4566; 47
4567; 47
4568; 54
4569; 54
4570; 1
4571; 1
4572; 8
4573; 8
4574; 15
4575; 15
4576; 22
4577; 22
4578; 29
4579; 29
4580; 36
4581; 36
4582; 43
4583; 43
4584; 45
4585; 24
4586; 26
4587; 26
4588; 28
4589; 28
4590; 30
4591; 30
4592; 32
4593; 32
4594; 34
4595; 34
4596; 36
4597; 36
4598; 38
4599; 38
4600; 40
4601; 40
4602; 42
4603; 42
4604; 44
4605; 44
4606; 46
4607; 54
4608; 56
4609; 56
4610; 58
4611; 58
4612; 0
4613; 0
4614; 2
4615; 2
4616; 4
4617; 4
4618; 6
4619; 6
4620; 8
4621; 8
4622; 10
4623; 10
4624; 12
4625; 12
4626; 14
4627; 14
4628; 16
4629; 28
4630; 30
4631; 30
4632; 32
4633; 32
4634; 34
4635; 34
4636; 36
4637; 36
4638; 38
4639; 38
4640; 40
4641; 40
4642; 42
4643; 42
4644; 44
4645; 44
4646; 46
4647; 46
4648; 48
4649; 48
4650; 50
4651; 58
4652; 0
4653; 0
4654; 2
4655; 2
4656; 4
4657; 4
4658; 6
4659; 6
4660; 8
4661; 8
4662; 10
4663; 10
4664; 12
4665; 12
4666; 14
4667; 14
4668; 16
4669; 16
4670; 18
4671; 18
4672; 20
4673; 39
4674; 41
4675; 41
4676; 43
4677; 43
4678; 45
4679; 45
4680; 47
4681; 47
4682; 49
4683; 49
4684; 51
4685; 51
4686; 53
4687; 53
4688; 55
4689; 55
4690; 57
4691; 57
4692; 59
4693; 59
4694; 1
4695; 9
4696; 11
4697; 11
4698; 13
4699; 13
4700; 15
4701; 15
4702; 17
4703; 17
4704; 19
4705; 19
4706; 21
4707; 21
4708; 23
4709; 23
4710; 25
4711; 25
4712; 27
4713; 27
4714; 29
4715; 29
4716; 31
4717; 54
4718; 56
4719; 56
4720; 58
4721; 58
4722; 0
4723; 0
4724; 2
4725; 2
4726; 4
4727; 4
4728; 6
4729; 6
4730; 8
4731; 8
4732; 10
4733; 10
4734; 12
4735; 12
4736; 14
4737; 14
4738; 16
4739; 24
4740; 26
4741; 26
4742; 28
4743; 28
4744; 30
4745; 30
4746; 32
4747; 32
4748; 34
4749; 34
4750; 36
4751; 36
4752; 38
4753; 38
4754; 40
4755; 40
4756; 42
4757; 42
4758; 44
4759; 44
4760; 46
4761; 54
4762; 56
4763; 56
4764; 58
4765; 58
4766; 0
4767; 0
4768; 2
4769; 2
4770; 4
4771; 4
4772; 6
4773; 6
4774; 8
4775; 8
4776; 10
4777; 10
4778; 12
4779; 12
4780; 14
4781; 14
4782; 16
4783; 24
4784; 26
4785; 26
4786; 28
4787; 28
4788; 30
4789; 30
4790; 32
4791; 32
4792; 34
4793; 34
4794; 36
4795; 36
4796; 38
4797; 38
4798; 40
4799; 40
4800; 42
4801; 42
4802; 44
4803; 44
4804; 46
4805; 32
4806; 34
4807; 34
4808; 36
4809; 36
4810; 38
4811; 38
4812; 40
4813; 40
4814; 42
4815; 42
4816; 44
4817; 44
4818; 46
4819; 46
4820; 48
4821; 48
4822; 50
4823; 50
4824; 52
4825; 52
4826; 54
4827; 54
4828; 56
4829; 56
4830; 58
4831; 58
4832; 0
4833; 0
4834; 2
4835; 2
4836; 4
4837; 4
4838; 6
4839; 6
4840; 8
4841; 8
4842; 10
4843; 10
4844; 12
4845; 32
4846; 34
4847; 34
4848; 36
4849; 36
4850; 38
4851; 38
4852; 40
4853; 40
4854; 42
4855; 42
4856; 44
4857; 44
4858; 46
4859; 46
4860; 48
4861; 48
4862; 50
4863; 50
4864; 52
4865; 52
4866; 54
4867; 54
4868; 56
4869; 56
4870; 58
4871; 58
4872; 0
4873; 0
4874; 2
4875; 2
4876; 4
4877; 4
4878; 6
4879; 6
4880; 8
4881; 8
4882; 10
4883; 10
4884; 12
4885; 49
4886; 51
4887; 51
4888; 53
4889; 53
4890; 55
4891; 55
4892; 57
4893; 57
4894; 59
4895; 59
4896; 1
4897; 1
4898; 3
4899; 3
4900; 5
4901; 5
4902; 7
4903; 7
4904; 9
4905; 9
4906; 11
4907; 11
4908; 13
4909; 13
4910; 15
4911; 15
4912; 17
4913; 17
4914; 19
4915; 19
4916; 21
4917; 21
4918; 23
4919; 23
4920; 25
4921; 25
4922; 27
4923; 27
4924; 29
4925; 49
4926; 51
4927; 51
4928; 53
4929; 53
4930; 55
4931; 55
4932; 57
4933; 57
4934; 59
4935; 59
4936; 1
4937; 1
4938; 3
4939; 3
4940; 5
4941; 5
4942; 7
4943; 7
4944; 9
4945; 9
4946; 11
4947; 11
4948; 13
4949; 13
4950; 15
4951; 15
4952; 17
4953; 17
4954; 19
4955; 19
4956; 21
4957; 21
4958; 23
4959; 23
4960; 25
4961; 25
4962; 27
4963; 27
4964; 29
4965; 35
4966; 37
4967; 37
4968; 39
4969; 39
4970; 41
4971; 41
4972; 43
4973; 43
4974; 45
4975; 45
4976; 47
4977; 47
4978; 49
4979; 49
4980; 51
4981; 51
4982; 53
4983; 53
4984; 55
4985; 55
4986; 57
4987; 57
4988; 59
4989; 59
4990; 1
4991; 1
4992; 3
4993; 3
4994; 5
4995; 5
4996; 7
4997; 7
4998; 9
4999; 9
5000; 11
5001; 11
5002; 13
5003; 13
5004; 15
5005; 35
5006; 37
5007; 37
5008; 39
5009; 39
5010; 41
5011; 41
5012; 43
5013; 43
5014; 45
5015; 45
5016; 47
5017; 47
5018; 49
5019; 49
5020; 51
5021; 51
5022; 53
5023; 53
5024; 55
5025; 55
5026; 57
5027; 57
5028; 59
5029; 59
5030; 1
5031; 1
5032; 3
5033; 3
5034; 5
5035; 5
5036; 7
5037; 7
5038; 9
5039; 9
5040; 11
5041; 11
5042; 13
5043; 13
5044; 15
5045; 33
5046; 35
5047; 35
5048; 37
5049; 37
5050; 39
5051; 39
5052; 41
5053; 41
5054; 43
5055; 43
5056; 45
5057; 45
5058; 47
5059; 47
5060; 49
5061; 49
5062; 51
5063; 51
5064; 53
5065; 53
5066; 55
5067; 55
5068; 57
5069; 57
5070; 59
5071; 59
5072; 1
5073; 1
5074; 3
5075; 3
5076; 5
5077; 5
5078; 7
5079; 7
5080; 9
5081; 9
5082; 11
5083; 11
5084; 13
5085; 33
5086; 35
5087; 35
5088; 37
5089; 37
5090; 39
5091; 39
5092; 41
5093; 41
5094; 43
5095; 43
5096; 45
5097; 45
5098; 47
5099; 47
5100; 49
5101; 49
5102; 51
5103; 51
5104; 53
5105; 53
5106; 55
5107; 55
5108; 57
5109; 57
5110; 59
5111; 59
5112; 1
5113; 1
5114; 3
5115; 3
5116; 5
5117; 5
5118; 7
5119; 7
5120; 9
5121; 9
5122; 11
5123; 11
5124; 13
5125; 32
5126; 34
5127; 34
5128; 36
5129; 36
5130; 38
5131; 38
5132; 40
5133; 40
5134; 42
5135; 42
5136; 44
5137; 44
5138; 46
5139; 46
5140; 48
5141; 48
5142; 50
5143; 50
5144; 52
5145; 52
5146; 54
5147; 54
5148; 56
5149; 56
5150; 58
5151; 58
5152; 0
5153; 0
5154; 2
5155; 2
5156; 4
5157; 4
5158; 6
5159; 6
5160; 8
5161; 8
5162; 10
5163; 10
5164; 12
5165; 32
5166; 34
5167; 34
5168; 36
5169; 36
5170; 38
5171; 38
5172; 40
5173; 40
5174; 42
5175; 42
5176; 44
5177; 44
5178; 46
5179; 46
5180; 48
5181; 48
5182; 50
5183; 50
5184; 52
5185; 52
5186; 54
5187; 54
5188; 56
5189; 56
5190; 58
5191; 58
5192; 0
5193; 0
5194; 2
5195; 2
5196; 4
5197; 4
5198; 6
5199; 6
5200; 8
5201; 8
5202; 10
5203; 10
5204; 12
