# event-id;  time
1;  28800
2;  32400
3;  36000
4;  39600
5;  29160
6;  32760
7;  36360
8;  39960
9;  29160
10;  32760
11;  36360
12;  39960
13;  29520
14;  33120
15;  36720
16;  40320
17;  29520
18;  33120
19;  36720
20;  40320
21;  29880
22;  33480
23;  37080
24;  40680
25;  29880
26;  33480
27;  37080
28;  40680
29;  30240
30;  33840
31;  37440
32;  41040
33;  30240
34;  33840
35;  37440
36;  41040
37;  30600
38;  34200
39;  37800
40;  41400
41;  30600
42;  34200
43;  37800
44;  41400
45;  30960
46;  34560
47;  38160
48;  41760
49;  30960
50;  34560
51;  38160
52;  41760
53;  31320
54;  34920
55;  38520
56;  42120
57;  31320
58;  34920
59;  38520
60;  42120
61;  31680
62;  35280
63;  38880
64;  42480
65;  31680
66;  35280
67;  38880
68;  42480
69;  32040
70;  35640
71;  39240
72;  42840
73;  32040
74;  35640
75;  39240
76;  42840
77;  32400
78;  36000
79;  39600
80;  43200
81;  28800
82;  32400
83;  36000
84;  39600
85;  29160
86;  32760
87;  36360
88;  39960
89;  29160
90;  32760
91;  36360
92;  39960
93;  29520
94;  33120
95;  36720
96;  40320
97;  29520
98;  33120
99;  36720
100;  40320
101;  29880
102;  33480
103;  37080
104;  40680
105;  29880
106;  33480
107;  37080
108;  40680
109;  30240
110;  33840
111;  37440
112;  41040
113;  30240
114;  33840
115;  37440
116;  41040
117;  30600
118;  34200
119;  37800
120;  41400
121;  30600
122;  34200
123;  37800
124;  41400
125;  30960
126;  34560
127;  38160
128;  41760
129;  30960
130;  34560
131;  38160
132;  41760
133;  31320
134;  34920
135;  38520
136;  42120
137;  31320
138;  34920
139;  38520
140;  42120
141;  31680
142;  35280
143;  38880
144;  42480
145;  31680
146;  35280
147;  38880
148;  42480
149;  32040
150;  35640
151;  39240
152;  42840
153;  32040
154;  35640
155;  39240
156;  42840
157;  32400
158;  36000
159;  39600
160;  43200
161;  29520
162;  33120
163;  36720
164;  40320
165;  29880
166;  33480
167;  37080
168;  40680
169;  29880
170;  33480
171;  37080
172;  40680
173;  30240
174;  33840
175;  37440
176;  41040
177;  30240
178;  33840
179;  37440
180;  41040
181;  30600
182;  34200
183;  37800
184;  41400
185;  30600
186;  34200
187;  37800
188;  41400
189;  30960
190;  34560
191;  38160
192;  41760
193;  30960
194;  34560
195;  38160
196;  41760
197;  31320
198;  34920
199;  38520
200;  42120
201;  31320
202;  34920
203;  38520
204;  42120
205;  31680
206;  35280
207;  38880
208;  42480
209;  31680
210;  35280
211;  38880
212;  42480
213;  32040
214;  35640
215;  39240
216;  42840
217;  32040
218;  35640
219;  39240
220;  42840
221;  32400
222;  36000
223;  39600
224;  43200
225;  29520
226;  33120
227;  36720
228;  40320
229;  29880
230;  33480
231;  37080
232;  40680
233;  29880
234;  33480
235;  37080
236;  40680
237;  30240
238;  33840
239;  37440
240;  41040
241;  30240
242;  33840
243;  37440
244;  41040
245;  30600
246;  34200
247;  37800
248;  41400
249;  30600
250;  34200
251;  37800
252;  41400
253;  30960
254;  34560
255;  38160
256;  41760
257;  30960
258;  34560
259;  38160
260;  41760
261;  31320
262;  34920
263;  38520
264;  42120
265;  31320
266;  34920
267;  38520
268;  42120
269;  31680
270;  35280
271;  38880
272;  42480
273;  31680
274;  35280
275;  38880
276;  42480
277;  32040
278;  35640
279;  39240
280;  42840
281;  32040
282;  35640
283;  39240
284;  42840
285;  32400
286;  36000
287;  39600
288;  43200
289;  30600
290;  34200
291;  37800
292;  41400
293;  30960
294;  34560
295;  38160
296;  41760
297;  30960
298;  34560
299;  38160
300;  41760
301;  31320
302;  34920
303;  38520
304;  42120
305;  31320
306;  34920
307;  38520
308;  42120
309;  31680
310;  35280
311;  38880
312;  42480
313;  31680
314;  35280
315;  38880
316;  42480
317;  32040
318;  35640
319;  39240
320;  42840
321;  32040
322;  35640
323;  39240
324;  42840
325;  32400
326;  36000
327;  39600
328;  43200
329;  30600
330;  34200
331;  37800
332;  41400
333;  30960
334;  34560
335;  38160
336;  41760
337;  30960
338;  34560
339;  38160
340;  41760
341;  31320
342;  34920
343;  38520
344;  42120
345;  31320
346;  34920
347;  38520
348;  42120
349;  31680
350;  35280
351;  38880
352;  42480
353;  31680
354;  35280
355;  38880
356;  42480
357;  32040
358;  35640
359;  39240
360;  42840
361;  32040
362;  35640
363;  39240
364;  42840
365;  32400
366;  36000
367;  39600
368;  43200
369;  28860
370;  32460
371;  36060
372;  39660
373;  29220
374;  32820
375;  36420
376;  40020
377;  29220
378;  32820
379;  36420
380;  40020
381;  29580
382;  33180
383;  36780
384;  40380
385;  29580
386;  33180
387;  36780
388;  40380
389;  29940
390;  33540
391;  37140
392;  40740
393;  29940
394;  33540
395;  37140
396;  40740
397;  30300
398;  33900
399;  37500
400;  41100
401;  30300
402;  33900
403;  37500
404;  41100
405;  30660
406;  34260
407;  37860
408;  41460
409;  30660
410;  34260
411;  37860
412;  41460
413;  31020
414;  34620
415;  38220
416;  41820
417;  31020
418;  34620
419;  38220
420;  41820
421;  31380
422;  34980
423;  38580
424;  42180
425;  31380
426;  34980
427;  38580
428;  42180
429;  31740
430;  35340
431;  38940
432;  42540
433;  30060
434;  33660
435;  37260
436;  30420
437;  34020
438;  37620
439;  30420
440;  34020
441;  37620
442;  30780
443;  34380
444;  37980
445;  30780
446;  34380
447;  37980
448;  31140
449;  34740
450;  38340
451;  31140
452;  34740
453;  38340
454;  31500
455;  35100
456;  38700
457;  31500
458;  35100
459;  38700
460;  31860
461;  35460
462;  39060
463;  31860
464;  35460
465;  39060
466;  32220
467;  35820
468;  39420
469;  32220
470;  35820
471;  39420
472;  32580
473;  36180
474;  39780
475;  32580
476;  36180
477;  39780
478;  32940
479;  36540
480;  40140
481;  31260
482;  34860
483;  38460
484;  31620
485;  35220
486;  38820
487;  31620
488;  35220
489;  38820
490;  31980
491;  35580
492;  39180
493;  31980
494;  35580
495;  39180
496;  32340
497;  35940
498;  39540
499;  32340
500;  35940
501;  39540
502;  32700
503;  36300
504;  39900
505;  32700
506;  36300
507;  39900
508;  33060
509;  36660
510;  40260
511;  33060
512;  36660
513;  40260
514;  33420
515;  37020
516;  40620
517;  33420
518;  37020
519;  40620
520;  33780
521;  37380
522;  40980
523;  33780
524;  37380
525;  40980
526;  34140
527;  37740
528;  41340
529;  32040
530;  35640
531;  39240
532;  32400
533;  36000
534;  39600
535;  32400
536;  36000
537;  39600
538;  32760
539;  36360
540;  39960
541;  32760
542;  36360
543;  39960
544;  33120
545;  36720
546;  40320
547;  33120
548;  36720
549;  40320
550;  33600
551;  37200
552;  40800
553;  33600
554;  37200
555;  40800
556;  33960
557;  37560
558;  41160
559;  33960
560;  37560
561;  41160
562;  34320
563;  37920
564;  41520
565;  34320
566;  37920
567;  41520
568;  34680
569;  38280
570;  41880
571;  34680
572;  38280
573;  41880
574;  35040
575;  38640
576;  42240
577;  29640
578;  33240
579;  36840
580;  30000
581;  33600
582;  37200
583;  30000
584;  33600
585;  37200
586;  30360
587;  33960
588;  37560
589;  30360
590;  33960
591;  37560
592;  30720
593;  34320
594;  37920
595;  30720
596;  34320
597;  37920
598;  31080
599;  34680
600;  38280
601;  31200
602;  34800
603;  38400
604;  31560
605;  35160
606;  38760
607;  31560
608;  35160
609;  38760
610;  31920
611;  35520
612;  39120
613;  31920
614;  35520
615;  39120
616;  32280
617;  35880
618;  39480
619;  32280
620;  35880
621;  39480
622;  32640
623;  36240
624;  39840
625;  30840
626;  34440
627;  38040
628;  31200
629;  34800
630;  38400
631;  31200
632;  34800
633;  38400
634;  31560
635;  35160
636;  38760
637;  31560
638;  35160
639;  38760
640;  31920
641;  35520
642;  39120
643;  31920
644;  35520
645;  39120
646;  32280
647;  35880
648;  39480
649;  32400
650;  36000
651;  39600
652;  32760
653;  36360
654;  39960
655;  32760
656;  36360
657;  39960
658;  33120
659;  36720
660;  40320
661;  33120
662;  36720
663;  40320
664;  33480
665;  37080
666;  40680
667;  33480
668;  37080
669;  40680
670;  33840
671;  37440
672;  41040
673;  30240
674;  33840
675;  37440
676;  41040
677;  30600
678;  34200
679;  37800
680;  41400
681;  30600
682;  34200
683;  37800
684;  41400
685;  30960
686;  34560
687;  38160
688;  41760
689;  30960
690;  34560
691;  38160
692;  41760
693;  31320
694;  34920
695;  38520
696;  42120
697;  31320
698;  34920
699;  38520
700;  42120
701;  31680
702;  35280
703;  38880
704;  42480
705;  31680
706;  35280
707;  38880
708;  42480
709;  32040
710;  35640
711;  39240
712;  42840
713;  32040
714;  35640
715;  39240
716;  42840
717;  32400
718;  36000
719;  39600
720;  43200
721;  29940
722;  33540
723;  37140
724;  40740
725;  30300
726;  33900
727;  37500
728;  41100
729;  30300
730;  33900
731;  37500
732;  41100
733;  30660
734;  34260
735;  37860
736;  41460
737;  30660
738;  34260
739;  37860
740;  41460
741;  31020
742;  34620
743;  38220
744;  41820
745;  31020
746;  34620
747;  38220
748;  41820
749;  31380
750;  34980
751;  38580
752;  42180
753;  31380
754;  34980
755;  38580
756;  42180
757;  31740
758;  35340
759;  38940
760;  42540
761;  31920
762;  35520
763;  39120
764;  42720
765;  32400
766;  36000
767;  39600
768;  43200
769;  28800
770;  32400
771;  36000
772;  39600
773;  29160
774;  32760
775;  36360
776;  39960
777;  29160
778;  32760
779;  36360
780;  39960
781;  29520
782;  33120
783;  36720
784;  40320
785;  29520
786;  33120
787;  36720
788;  40320
789;  29880
790;  33480
791;  37080
792;  40680
793;  29880
794;  33480
795;  37080
796;  40680
797;  30240
798;  33840
799;  37440
800;  41040
801;  30240
802;  33840
803;  37440
804;  41040
805;  30600
806;  34200
807;  37800
808;  41400
809;  30600
810;  34200
811;  37800
812;  41400
813;  30960
814;  34560
815;  38160
816;  41760
817;  30600
818;  34200
819;  37800
820;  30960
821;  34560
822;  38160
823;  30960
824;  34560
825;  38160
826;  31320
827;  34920
828;  38520
829;  31320
830;  34920
831;  38520
832;  31680
833;  35280
834;  38880
835;  31680
836;  35280
837;  38880
838;  32040
839;  35640
840;  39240
841;  32040
842;  35640
843;  39240
844;  32400
845;  36000
846;  39600
847;  32400
848;  36000
849;  39600
850;  32760
851;  36360
852;  39960
853;  32280
854;  35880
855;  39480
856;  32640
857;  36240
858;  39840
859;  32640
860;  36240
861;  39840
862;  33000
863;  36600
864;  40200
865;  33000
866;  36600
867;  40200
868;  33360
869;  36960
870;  40560
871;  33360
872;  36960
873;  40560
874;  33720
875;  37320
876;  40920
877;  33720
878;  37320
879;  40920
880;  34080
881;  37680
882;  41280
883;  34080
884;  37680
885;  41280
886;  34440
887;  38040
888;  41640
889;  30480
890;  34080
891;  37680
892;  30840
893;  34440
894;  38040
895;  30840
896;  34440
897;  38040
898;  31200
899;  34800
900;  38400
901;  31200
902;  34800
903;  38400
904;  31560
905;  35160
906;  38760
907;  31560
908;  35160
909;  38760
910;  31920
911;  35520
912;  39120
913;  31920
914;  35520
915;  39120
916;  32280
917;  35880
918;  39480
919;  32280
920;  35880
921;  39480
922;  32640
923;  36240
924;  39840
925;  31080
926;  34680
927;  38280
928;  31440
929;  35040
930;  38640
931;  31440
932;  35040
933;  38640
934;  31800
935;  35400
936;  39000
937;  31800
938;  35400
939;  39000
940;  32160
941;  35760
942;  39360
943;  32160
944;  35760
945;  39360
946;  32520
947;  36120
948;  39720
949;  32520
950;  36120
951;  39720
952;  32880
953;  36480
954;  40080
955;  32880
956;  36480
957;  40080
958;  33240
959;  36840
960;  40440
961;  33300
962;  36900
963;  40500
964;  33660
965;  37260
966;  40860
967;  33660
968;  37260
969;  40860
970;  34020
971;  37620
972;  41220
973;  32280
974;  35880
975;  39480
976;  32640
977;  36240
978;  39840
979;  32640
980;  36240
981;  39840
982;  33000
983;  36600
984;  40200
985;  33000
986;  36600
987;  40200
988;  33360
989;  36960
990;  40560
991;  33360
992;  36960
993;  40560
994;  33720
995;  37320
996;  40920
997;  33720
998;  37320
999;  40920
1000;  34080
1001;  37680
1002;  41280
1003;  34080
1004;  37680
1005;  41280
1006;  34440
1007;  38040
1008;  41640
1009;  34500
1010;  38100
1011;  41700
1012;  34860
1013;  38460
1014;  42060
1015;  34860
1016;  38460
1017;  42060
1018;  35220
1019;  38820
1020;  42420
1021;  29880
1022;  33480
1023;  37080
1024;  30240
1025;  33840
1026;  37440
1027;  30240
1028;  33840
1029;  37440
1030;  30600
1031;  34200
1032;  37800
1033;  30600
1034;  34200
1035;  37800
1036;  30960
1037;  34560
1038;  38160
1039;  30960
1040;  34560
1041;  38160
1042;  31320
1043;  34920
1044;  38520
1045;  31320
1046;  34920
1047;  38520
1048;  31680
1049;  35280
1050;  38880
1051;  31680
1052;  35280
1053;  38880
1054;  32040
1055;  35640
1056;  39240
1057;  32100
1058;  35700
1059;  39300
1060;  32460
1061;  36060
1062;  39660
1063;  32460
1064;  36060
1065;  39660
1066;  32820
1067;  36420
1068;  40020
1069;  32220
1070;  35820
1071;  39420
1072;  32580
1073;  36180
1074;  39780
1075;  32580
1076;  36180
1077;  39780
1078;  32940
1079;  36540
1080;  40140
1081;  32940
1082;  36540
1083;  40140
1084;  33300
1085;  36900
1086;  40500
1087;  33300
1088;  36900
1089;  40500
1090;  33660
1091;  37260
1092;  40860
1093;  33660
1094;  37260
1095;  40860
1096;  34020
1097;  37620
1098;  41220
1099;  34020
1100;  37620
1101;  41220
1102;  34380
1103;  37980
1104;  41580
1105;  34380
1106;  37980
1107;  41580
1108;  34740
1109;  38340
1110;  41940
1111;  34740
1112;  38340
1113;  41940
1114;  35100
1115;  38700
1116;  42300
1117;  29820
1118;  33420
1119;  37020
1120;  30180
1121;  33780
1122;  37380
1123;  30180
1124;  33780
1125;  37380
1126;  30540
1127;  34140
1128;  37740
1129;  30540
1130;  34140
1131;  37740
1132;  30900
1133;  34500
1134;  38100
1135;  30900
1136;  34500
1137;  38100
1138;  31260
1139;  34860
1140;  38460
1141;  31260
1142;  34860
1143;  38460
1144;  31620
1145;  35220
1146;  38820
1147;  31620
1148;  35220
1149;  38820
1150;  31980
1151;  35580
1152;  39180
1153;  31980
1154;  35580
1155;  39180
1156;  32340
1157;  35940
1158;  39540
1159;  32340
1160;  35940
1161;  39540
1162;  32700
1163;  36300
1164;  39900
1165;  31020
1166;  34620
1167;  38220
1168;  31380
1169;  34980
1170;  38580
1171;  31380
1172;  34980
1173;  38580
1174;  31740
1175;  35340
1176;  38940
1177;  31740
1178;  35340
1179;  38940
1180;  32100
1181;  35700
1182;  39300
1183;  32100
1184;  35700
1185;  39300
1186;  32460
1187;  36060
1188;  39660
1189;  32460
1190;  36060
1191;  39660
1192;  32820
1193;  36420
1194;  40020
1195;  32820
1196;  36420
1197;  40020
1198;  33180
1199;  36780
1200;  40380
1201;  33180
1202;  36780
1203;  40380
1204;  33540
1205;  37140
1206;  40740
1207;  33540
1208;  37140
1209;  40740
1210;  33900
1211;  37500
1212;  41100
1213;  30300
1214;  33900
1215;  37500
1216;  30660
1217;  34260
1218;  37860
1219;  30660
1220;  34260
1221;  37860
1222;  31020
1223;  34620
1224;  38220
1225;  31020
1226;  34620
1227;  38220
1228;  31380
1229;  34980
1230;  38580
1231;  31380
1232;  34980
1233;  38580
1234;  31740
1235;  35340
1236;  38940
1237;  31740
1238;  35340
1239;  38940
1240;  32100
1241;  35700
1242;  39300
1243;  32100
1244;  35700
1245;  39300
1246;  32460
1247;  36060
1248;  39660
1249;  32460
1250;  36060
1251;  39660
1252;  32820
1253;  36420
1254;  40020
1255;  32820
1256;  36420
1257;  40020
1258;  33180
1259;  36780
1260;  40380
1261;  32100
1262;  35700
1263;  39300
1264;  32460
1265;  36060
1266;  39660
1267;  32460
1268;  36060
1269;  39660
1270;  32820
1271;  36420
1272;  40020
1273;  32820
1274;  36420
1275;  40020
1276;  33180
1277;  36780
1278;  40380
1279;  33180
1280;  36780
1281;  40380
1282;  33540
1283;  37140
1284;  40740
1285;  33540
1286;  37140
1287;  40740
1288;  33900
1289;  37500
1290;  41100
1291;  33900
1292;  37500
1293;  41100
1294;  34260
1295;  37860
1296;  41460
1297;  34260
1298;  37860
1299;  41460
1300;  34620
1301;  38220
1302;  41820
1303;  34620
1304;  38220
1305;  41820
1306;  34980
1307;  38580
1308;  42180
1309;  31200
1310;  34800
1311;  38400
1312;  31560
1313;  35160
1314;  38760
1315;  31560
1316;  35160
1317;  38760
1318;  31920
1319;  35520
1320;  39120
1321;  31920
1322;  35520
1323;  39120
1324;  32280
1325;  35880
1326;  39480
1327;  32280
1328;  35880
1329;  39480
1330;  32640
1331;  36240
1332;  39840
1333;  32640
1334;  36240
1335;  39840
1336;  33000
1337;  36600
1338;  40200
1339;  33120
1340;  36720
1341;  40320
1342;  33480
1343;  37080
1344;  40680
1345;  33480
1346;  37080
1347;  40680
1348;  33840
1349;  37440
1350;  41040
1351;  33840
1352;  37440
1353;  41040
1354;  34200
1355;  37800
1356;  41400
1357;  29400
1358;  33000
1359;  36600
1360;  40200
1361;  29760
1362;  33360
1363;  36960
1364;  40560
1365;  29760
1366;  33360
1367;  36960
1368;  40560
1369;  30120
1370;  33720
1371;  37320
1372;  40920
1373;  30120
1374;  33720
1375;  37320
1376;  40920
1377;  30480
1378;  34080
1379;  37680
1380;  41280
1381;  30480
1382;  34080
1383;  37680
1384;  41280
1385;  30840
1386;  34440
1387;  38040
1388;  41640
1389;  30840
1390;  34440
1391;  38040
1392;  41640
1393;  31200
1394;  34800
1395;  38400
1396;  42000
1397;  31320
1398;  34920
1399;  38520
1400;  42120
1401;  31680
1402;  35280
1403;  38880
1404;  42480
1405;  31680
1406;  35280
1407;  38880
1408;  42480
1409;  32040
1410;  35640
1411;  39240
1412;  42840
1413;  32040
1414;  35640
1415;  39240
1416;  42840
1417;  32400
1418;  36000
1419;  39600
1420;  43200
