#event-id; time
1; 0
2; 2
3; 2
4; 4
5; 4
6; 6
7; 6
8; 8
9; 8
10; 10
11; 10
12; 12
13; 12
14; 14
15; 14
16; 16
17; 16
18; 18
19; 18
20; 20
21; 20
22; 22
23; 22
24; 24
25; 24
26; 26
27; 30
28; 32
29; 32
30; 34
31; 34
32; 36
33; 36
34; 38
35; 38
36; 40
37; 40
38; 42
39; 42
40; 44
41; 44
42; 46
43; 46
44; 48
45; 48
46; 50
47; 50
48; 52
49; 52
50; 54
51; 54
52; 56
53; 24
54; 26
55; 26
56; 28
57; 28
58; 30
59; 30
60; 32
61; 32
62; 34
63; 34
64; 36
65; 36
66; 38
67; 38
68; 40
69; 40
70; 42
71; 42
72; 44
73; 44
74; 46
75; 46
76; 48
77; 48
78; 50
79; 54
80; 56
81; 56
82; 58
83; 58
84; 0
85; 0
86; 2
87; 2
88; 4
89; 4
90; 6
91; 6
92; 8
93; 8
94; 10
95; 10
96; 12
97; 12
98; 14
99; 14
100; 16
101; 16
102; 18
103; 18
104; 20
105; 17
106; 19
107; 19
108; 21
109; 21
110; 23
111; 23
112; 25
113; 25
114; 27
115; 27
116; 29
117; 29
118; 31
119; 31
120; 33
121; 33
122; 35
123; 35
124; 37
125; 37
126; 39
127; 39
128; 41
129; 47
130; 49
131; 49
132; 51
133; 51
134; 53
135; 53
136; 55
137; 55
138; 57
139; 57
140; 59
141; 59
142; 1
143; 1
144; 3
145; 3
146; 5
147; 5
148; 7
149; 7
150; 9
151; 9
152; 11
153; 57
154; 59
155; 59
156; 1
157; 1
158; 3
159; 3
160; 5
161; 5
162; 7
163; 7
164; 9
165; 9
166; 11
167; 11
168; 13
169; 13
170; 15
171; 15
172; 17
173; 17
174; 19
175; 19
176; 21
177; 27
178; 29
179; 29
180; 31
181; 31
182; 33
183; 33
184; 35
185; 35
186; 37
187; 37
188; 39
189; 39
190; 41
191; 41
192; 43
193; 43
194; 45
195; 45
196; 47
197; 47
198; 49
199; 49
200; 51
201; 0
202; 2
203; 2
204; 4
205; 4
206; 6
207; 6
208; 8
209; 8
210; 10
211; 10
212; 12
213; 12
214; 14
215; 14
216; 16
217; 16
218; 18
219; 18
220; 20
221; 20
222; 22
223; 30
224; 32
225; 32
226; 34
227; 34
228; 36
229; 36
230; 38
231; 38
232; 40
233; 40
234; 42
235; 42
236; 44
237; 44
238; 46
239; 46
240; 48
241; 48
242; 50
243; 50
244; 52
245; 57
246; 59
247; 59
248; 1
249; 1
250; 3
251; 3
252; 5
253; 5
254; 7
255; 7
256; 9
257; 9
258; 11
259; 11
260; 13
261; 13
262; 15
263; 15
264; 17
265; 17
266; 19
267; 27
268; 29
269; 29
270; 31
271; 31
272; 33
273; 33
274; 35
275; 35
276; 37
277; 37
278; 39
279; 39
280; 41
281; 41
282; 43
283; 43
284; 45
285; 45
286; 47
287; 47
288; 49
289; 34
290; 36
291; 36
292; 38
293; 38
294; 40
295; 40
296; 42
297; 42
298; 44
299; 44
300; 46
301; 46
302; 48
303; 48
304; 50
305; 50
306; 52
307; 52
308; 54
309; 4
310; 6
311; 6
312; 8
313; 8
314; 10
315; 10
316; 12
317; 12
318; 14
319; 14
320; 16
321; 16
322; 18
323; 18
324; 20
325; 20
326; 22
327; 22
328; 24
329; 0
330; 2
331; 2
332; 4
333; 4
334; 6
335; 6
336; 8
337; 8
338; 10
339; 10
340; 12
341; 12
342; 14
343; 14
344; 16
345; 16
346; 18
347; 30
348; 32
349; 32
350; 34
351; 34
352; 36
353; 36
354; 38
355; 38
356; 40
357; 40
358; 42
359; 42
360; 44
361; 44
362; 46
363; 46
364; 48
365; 46
366; 48
367; 48
368; 50
369; 50
370; 52
371; 52
372; 54
373; 54
374; 56
375; 56
376; 58
377; 58
378; 0
379; 0
380; 2
381; 2
382; 4
383; 16
384; 18
385; 18
386; 20
387; 20
388; 22
389; 22
390; 24
391; 24
392; 26
393; 26
394; 28
395; 28
396; 30
397; 30
398; 32
399; 32
400; 34
401; 25
402; 27
403; 27
404; 29
405; 29
406; 31
407; 31
408; 33
409; 33
410; 35
411; 35
412; 37
413; 37
414; 39
415; 39
416; 41
417; 41
418; 43
419; 55
420; 57
421; 57
422; 59
423; 59
424; 1
425; 1
426; 3
427; 3
428; 5
429; 5
430; 7
431; 7
432; 9
433; 9
434; 11
435; 11
436; 13
437; 24
438; 26
439; 26
440; 28
441; 28
442; 30
443; 30
444; 32
445; 32
446; 34
447; 34
448; 36
449; 36
450; 38
451; 38
452; 40
453; 40
454; 42
455; 54
456; 56
457; 56
458; 58
459; 58
460; 0
461; 0
462; 2
463; 2
464; 4
465; 4
466; 6
467; 6
468; 8
469; 8
470; 10
471; 10
472; 12
473; 34
474; 36
475; 36
476; 38
477; 38
478; 40
479; 40
480; 42
481; 42
482; 44
483; 44
484; 46
485; 46
486; 48
487; 48
488; 50
489; 50
490; 52
491; 4
492; 6
493; 6
494; 8
495; 8
496; 10
497; 10
498; 12
499; 12
500; 14
501; 14
502; 16
503; 16
504; 18
505; 18
506; 20
507; 20
508; 22
509; 40
510; 42
511; 42
512; 44
513; 44
514; 46
515; 46
516; 48
517; 48
518; 50
519; 50
520; 52
521; 10
522; 12
523; 12
524; 14
525; 14
526; 16
527; 16
528; 18
529; 18
530; 20
531; 20
532; 22
533; 46
534; 48
535; 48
536; 50
537; 50
538; 52
539; 52
540; 54
541; 54
542; 56
543; 56
544; 58
545; 58
546; 0
547; 0
548; 2
549; 2
550; 4
551; 4
552; 6
553; 6
554; 8
555; 16
556; 18
557; 18
558; 20
559; 20
560; 22
561; 22
562; 24
563; 24
564; 26
565; 26
566; 28
567; 28
568; 30
569; 30
570; 32
571; 32
572; 34
573; 34
574; 36
575; 36
576; 38
577; 16
578; 18
579; 18
580; 20
581; 20
582; 22
583; 22
584; 24
585; 24
586; 26
587; 26
588; 28
589; 28
590; 30
591; 30
592; 32
593; 32
594; 34
595; 34
596; 36
597; 36
598; 38
599; 46
600; 48
601; 48
602; 50
603; 50
604; 52
605; 52
606; 54
607; 54
608; 56
609; 56
610; 58
611; 58
612; 0
613; 0
614; 2
615; 2
616; 4
617; 4
618; 6
619; 6
620; 8
621; 27
622; 29
623; 29
624; 31
625; 31
626; 33
627; 33
628; 35
629; 35
630; 37
631; 37
632; 39
633; 39
634; 41
635; 41
636; 43
637; 43
638; 45
639; 45
640; 47
641; 47
642; 49
643; 49
644; 51
645; 51
646; 53
647; 53
648; 55
649; 55
650; 57
651; 57
652; 59
653; 59
654; 1
655; 1
656; 3
657; 3
658; 5
659; 5
660; 7
661; 27
662; 29
663; 29
664; 31
665; 31
666; 33
667; 33
668; 35
669; 35
670; 37
671; 37
672; 39
673; 39
674; 41
675; 41
676; 43
677; 43
678; 45
679; 45
680; 47
681; 47
682; 49
683; 49
684; 51
685; 51
686; 53
687; 53
688; 55
689; 55
690; 57
691; 57
692; 59
693; 59
694; 1
695; 1
696; 3
697; 3
698; 5
699; 5
700; 7
701; 6
702; 8
703; 8
704; 10
705; 10
706; 12
707; 12
708; 14
709; 14
710; 16
711; 16
712; 18
713; 18
714; 20
715; 20
716; 22
717; 22
718; 24
719; 24
720; 26
721; 26
722; 28
723; 28
724; 30
725; 30
726; 32
727; 32
728; 34
729; 34
730; 36
731; 36
732; 38
733; 38
734; 40
735; 40
736; 42
737; 42
738; 44
739; 44
740; 46
741; 36
742; 38
743; 38
744; 40
745; 40
746; 42
747; 42
748; 44
749; 44
750; 46
751; 46
752; 48
753; 48
754; 50
755; 50
756; 52
757; 52
758; 54
759; 54
760; 56
761; 56
762; 58
763; 58
764; 0
765; 0
766; 2
767; 2
768; 4
769; 4
770; 6
771; 6
772; 8
773; 8
774; 10
775; 10
776; 12
777; 12
778; 14
779; 14
780; 16
781; 6
782; 8
783; 8
784; 10
785; 10
786; 12
787; 12
788; 14
789; 14
790; 16
791; 16
792; 18
793; 18
794; 20
795; 20
796; 22
797; 22
798; 24
799; 24
800; 26
801; 26
802; 28
803; 28
804; 30
805; 30
806; 32
807; 32
808; 34
809; 34
810; 36
811; 36
812; 38
813; 38
814; 40
815; 40
816; 42
817; 42
818; 44
819; 44
820; 46
821; 36
822; 38
823; 38
824; 40
825; 40
826; 42
827; 42
828; 44
829; 44
830; 46
831; 46
832; 48
833; 48
834; 50
835; 50
836; 52
837; 52
838; 54
839; 54
840; 56
841; 56
842; 58
843; 58
844; 0
845; 0
846; 2
847; 2
848; 4
849; 4
850; 6
851; 6
852; 8
853; 8
854; 10
855; 10
856; 12
857; 12
858; 14
859; 14
860; 16
861; 33
862; 35
863; 35
864; 37
865; 37
866; 39
867; 39
868; 41
869; 41
870; 43
871; 43
872; 45
873; 45
874; 47
875; 47
876; 49
877; 49
878; 51
879; 51
880; 53
881; 53
882; 55
883; 55
884; 57
885; 57
886; 59
887; 59
888; 1
889; 1
890; 3
891; 3
892; 5
893; 5
894; 7
895; 7
896; 9
897; 9
898; 11
899; 11
900; 13
901; 3
902; 5
903; 5
904; 7
905; 7
906; 9
907; 9
908; 11
909; 11
910; 13
911; 13
912; 15
913; 15
914; 17
915; 17
916; 19
917; 19
918; 21
919; 21
920; 23
921; 23
922; 25
923; 25
924; 27
925; 27
926; 29
927; 29
928; 31
929; 31
930; 33
931; 33
932; 35
933; 35
934; 37
935; 37
936; 39
937; 39
938; 41
939; 41
940; 43
941; 33
942; 35
943; 35
944; 37
945; 37
946; 39
947; 39
948; 41
949; 41
950; 43
951; 43
952; 45
953; 45
954; 47
955; 47
956; 49
957; 49
958; 51
959; 51
960; 53
961; 53
962; 55
963; 55
964; 57
965; 57
966; 59
967; 59
968; 1
969; 1
970; 3
971; 3
972; 5
973; 5
974; 7
975; 7
976; 9
977; 9
978; 11
979; 11
980; 13
981; 3
982; 5
983; 5
984; 7
985; 7
986; 9
987; 9
988; 11
989; 11
990; 13
991; 13
992; 15
993; 15
994; 17
995; 17
996; 19
997; 19
998; 21
999; 21
1000; 23
1001; 23
1002; 25
1003; 25
1004; 27
1005; 27
1006; 29
1007; 29
1008; 31
1009; 31
1010; 33
1011; 33
1012; 35
1013; 35
1014; 37
1015; 37
1016; 39
1017; 39
1018; 41
1019; 41
1020; 43
1021; 33
1022; 35
1023; 35
1024; 37
1025; 37
1026; 39
1027; 39
1028; 41
1029; 41
1030; 43
1031; 43
1032; 45
1033; 45
1034; 47
1035; 47
1036; 49
1037; 49
1038; 51
1039; 51
1040; 53
1041; 53
1042; 55
1043; 55
1044; 57
1045; 57
1046; 59
1047; 59
1048; 1
1049; 1
1050; 3
1051; 3
1052; 5
1053; 5
1054; 7
1055; 7
1056; 9
1057; 9
1058; 11
1059; 11
1060; 13
1061; 33
1062; 35
1063; 35
1064; 37
1065; 37
1066; 39
1067; 39
1068; 41
1069; 41
1070; 43
1071; 43
1072; 45
1073; 45
1074; 47
1075; 47
1076; 49
1077; 49
1078; 51
1079; 51
1080; 53
1081; 53
1082; 55
1083; 55
1084; 57
1085; 57
1086; 59
1087; 59
1088; 1
1089; 1
1090; 3
1091; 3
1092; 5
1093; 5
1094; 7
1095; 7
1096; 9
1097; 9
1098; 11
1099; 11
1100; 13
1101; 30
1102; 32
1103; 32
1104; 34
1105; 34
1106; 36
1107; 36
1108; 38
1109; 38
1110; 40
1111; 40
1112; 42
1113; 42
1114; 44
1115; 44
1116; 46
1117; 46
1118; 48
1119; 48
1120; 50
1121; 50
1122; 52
1123; 52
1124; 54
1125; 54
1126; 56
1127; 56
1128; 58
1129; 58
1130; 0
1131; 0
1132; 2
1133; 2
1134; 4
1135; 4
1136; 6
1137; 6
1138; 8
1139; 8
1140; 10
1141; 30
1142; 32
1143; 32
1144; 34
1145; 34
1146; 36
1147; 36
1148; 38
1149; 38
1150; 40
1151; 40
1152; 42
1153; 42
1154; 44
1155; 44
1156; 46
1157; 46
1158; 48
1159; 48
1160; 50
1161; 50
1162; 52
1163; 52
1164; 54
1165; 54
1166; 56
1167; 56
1168; 58
1169; 58
1170; 0
1171; 0
1172; 2
1173; 2
1174; 4
1175; 4
1176; 6
1177; 6
1178; 8
1179; 8
1180; 10
1181; 24
1182; 26
1183; 26
1184; 28
1185; 28
1186; 30
1187; 30
1188; 32
1189; 32
1190; 34
1191; 34
1192; 36
1193; 36
1194; 38
1195; 38
1196; 40
1197; 40
1198; 42
1199; 42
1200; 44
1201; 44
1202; 46
1203; 46
1204; 48
1205; 48
1206; 50
1207; 50
1208; 52
1209; 52
1210; 54
1211; 54
1212; 56
1213; 56
1214; 58
1215; 58
1216; 0
1217; 0
1218; 2
1219; 2
1220; 4
1221; 24
1222; 26
1223; 26
1224; 28
1225; 28
1226; 30
1227; 30
1228; 32
1229; 32
1230; 34
1231; 34
1232; 36
1233; 36
1234; 38
1235; 38
1236; 40
1237; 40
1238; 42
1239; 42
1240; 44
1241; 44
1242; 46
1243; 46
1244; 48
1245; 48
1246; 50
1247; 50
1248; 52
1249; 52
1250; 54
1251; 54
1252; 56
1253; 56
1254; 58
1255; 58
1256; 0
1257; 0
1258; 2
1259; 2
1260; 4
1261; 30
1262; 32
1263; 32
1264; 34
1265; 34
1266; 36
1267; 36
1268; 38
1269; 38
1270; 40
1271; 40
1272; 42
1273; 42
1274; 44
1275; 44
1276; 46
1277; 46
1278; 48
1279; 48
1280; 50
1281; 50
1282; 52
1283; 52
1284; 54
1285; 54
1286; 56
1287; 56
1288; 58
1289; 58
1290; 0
1291; 0
1292; 2
1293; 2
1294; 4
1295; 4
1296; 6
1297; 6
1298; 8
1299; 8
1300; 10
1301; 30
1302; 32
1303; 32
1304; 34
1305; 34
1306; 36
1307; 36
1308; 38
1309; 38
1310; 40
1311; 40
1312; 42
1313; 42
1314; 44
1315; 44
1316; 46
1317; 46
1318; 48
1319; 48
1320; 50
1321; 50
1322; 52
1323; 52
1324; 54
1325; 54
1326; 56
1327; 56
1328; 58
1329; 58
1330; 0
1331; 0
1332; 2
1333; 2
1334; 4
1335; 4
1336; 6
1337; 6
1338; 8
1339; 8
1340; 10
