#event-id; time
1; 0
2; 6
3; 6
4; 12
5; 12
6; 18
7; 18
8; 24
9; 24
10; 30
11; 0
12; 6
13; 6
14; 12
15; 12
16; 18
17; 18
18; 24
19; 24
20; 30
21; 0
22; 6
23; 6
24; 12
25; 12
26; 18
27; 18
28; 24
29; 24
30; 30
31; 0
32; 6
33; 6
34; 12
35; 12
36; 18
37; 18
38; 24
39; 24
40; 30
41; 0
42; 6
43; 6
44; 12
45; 12
46; 18
47; 18
48; 24
49; 24
50; 30
51; 0
52; 6
53; 6
54; 12
55; 12
56; 18
57; 18
58; 24
59; 24
60; 30
61; 0
62; 6
63; 6
64; 12
65; 12
66; 18
67; 18
68; 24
69; 24
70; 30
71; 0
72; 6
73; 6
74; 12
75; 12
76; 18
77; 18
78; 24
79; 24
80; 30
81; 0
82; 6
83; 6
84; 12
85; 12
86; 18
87; 18
88; 24
89; 24
90; 30
91; 0
92; 6
93; 6
94; 12
95; 12
96; 18
97; 18
98; 24
99; 24
100; 30
101; 0
102; 6
103; 6
104; 12
105; 12
106; 18
107; 18
108; 24
109; 24
110; 30
111; 0
112; 6
113; 6
114; 12
115; 12
116; 18
117; 18
118; 24
119; 24
120; 30
121; 0
122; 6
123; 6
124; 12
125; 12
126; 18
127; 18
128; 24
129; 24
130; 30
131; 0
132; 6
133; 6
134; 12
135; 12
136; 18
137; 18
138; 24
139; 24
140; 30
141; 0
142; 6
143; 6
144; 12
145; 12
146; 18
147; 18
148; 24
149; 24
150; 30
151; 0
152; 6
153; 6
154; 12
155; 12
156; 18
157; 18
158; 24
159; 24
160; 30
161; 0
162; 6
163; 6
164; 12
165; 12
166; 18
167; 18
168; 24
169; 24
170; 30
171; 0
172; 6
173; 6
174; 12
175; 12
176; 18
177; 18
178; 24
179; 24
180; 30
181; 0
182; 6
183; 6
184; 12
185; 12
186; 18
187; 18
188; 24
189; 24
190; 30
191; 0
192; 6
193; 6
194; 12
195; 12
196; 18
197; 18
198; 24
199; 24
200; 30
201; 0
202; 6
203; 6
204; 12
205; 12
206; 18
207; 18
208; 24
209; 24
210; 30
211; 0
212; 6
213; 6
214; 12
215; 12
216; 18
217; 18
218; 24
219; 24
220; 30
221; 0
222; 6
223; 6
224; 12
225; 12
226; 18
227; 18
228; 24
229; 24
230; 30
231; 0
232; 6
233; 6
234; 12
235; 12
236; 18
237; 18
238; 24
239; 24
240; 30
241; 0
242; 6
243; 6
244; 12
245; 12
246; 18
247; 18
248; 24
249; 24
250; 30
251; 30
252; 36
253; 36
254; 42
255; 42
256; 48
257; 30
258; 36
259; 36
260; 42
261; 42
262; 48
263; 48
264; 54
265; 54
266; 0
267; 0
268; 6
269; 6
270; 12
271; 12
272; 18
273; 0
274; 6
275; 6
276; 12
277; 12
278; 18
279; 18
280; 24
281; 24
282; 30
283; 30
284; 36
285; 36
286; 42
287; 42
288; 48
289; 30
290; 36
291; 36
292; 42
293; 42
294; 48
295; 48
296; 54
297; 54
298; 0
299; 0
300; 6
301; 6
302; 12
303; 12
304; 18
305; 0
306; 6
307; 6
308; 12
309; 12
310; 18
311; 18
312; 24
313; 24
314; 30
315; 30
316; 36
317; 36
318; 42
319; 42
320; 48
321; 0
322; 6
323; 6
324; 12
325; 12
326; 18
327; 18
328; 24
329; 24
330; 30
331; 30
332; 36
333; 36
334; 42
335; 42
336; 48
337; 0
338; 6
339; 6
340; 12
341; 12
342; 18
343; 18
344; 24
345; 24
346; 30
347; 30
348; 36
349; 36
350; 42
351; 42
352; 48
353; 0
354; 6
355; 6
356; 12
357; 12
358; 18
359; 18
360; 24
361; 24
362; 30
363; 30
364; 36
365; 36
366; 42
367; 42
368; 48
369; 0
370; 6
371; 6
372; 12
373; 12
374; 18
375; 18
376; 24
377; 24
378; 30
379; 30
380; 36
381; 36
382; 42
383; 42
384; 48
385; 0
386; 6
387; 6
388; 12
389; 12
390; 18
391; 18
392; 24
393; 24
394; 30
395; 30
396; 36
397; 36
398; 42
399; 42
400; 48
401; 0
402; 6
403; 6
404; 12
405; 12
406; 18
407; 18
408; 24
409; 24
410; 30
411; 30
412; 36
413; 36
414; 42
415; 0
416; 6
417; 6
418; 12
419; 12
420; 18
421; 18
422; 24
423; 24
424; 30
425; 30
426; 36
427; 36
428; 42
429; 0
430; 6
431; 6
432; 12
433; 12
434; 18
435; 18
436; 24
437; 24
438; 30
439; 30
440; 36
441; 36
442; 42
443; 30
444; 36
445; 36
446; 42
447; 42
448; 48
449; 48
450; 54
451; 54
452; 0
453; 0
454; 6
455; 6
456; 12
457; 0
458; 6
459; 6
460; 12
461; 12
462; 18
463; 18
464; 24
465; 24
466; 30
467; 30
468; 36
469; 36
470; 42
471; 30
472; 36
473; 36
474; 42
475; 42
476; 48
477; 48
478; 54
479; 54
480; 0
481; 0
482; 6
483; 6
484; 12
485; 0
486; 6
487; 6
488; 12
489; 12
490; 18
491; 18
492; 24
493; 24
494; 30
495; 30
496; 36
497; 36
498; 42
499; 0
500; 6
501; 6
502; 12
503; 12
504; 18
505; 18
506; 24
507; 24
508; 30
509; 30
510; 36
511; 36
512; 42
513; 0
514; 6
515; 6
516; 12
517; 12
518; 18
519; 18
520; 24
521; 24
522; 30
523; 30
524; 36
525; 0
526; 6
527; 6
528; 12
529; 12
530; 18
531; 18
532; 24
533; 24
534; 30
535; 30
536; 36
537; 0
538; 6
539; 6
540; 12
541; 12
542; 18
543; 18
544; 24
545; 24
546; 30
547; 30
548; 36
549; 0
550; 6
551; 6
552; 12
553; 12
554; 18
555; 18
556; 24
557; 24
558; 30
559; 30
560; 36
561; 0
562; 6
563; 6
564; 12
565; 12
566; 18
567; 18
568; 24
569; 24
570; 30
571; 30
572; 36
573; 0
574; 6
575; 6
576; 12
577; 12
578; 18
579; 18
580; 24
581; 24
582; 30
583; 30
584; 36
585; 0
586; 6
587; 6
588; 12
589; 12
590; 18
591; 18
592; 24
593; 24
594; 30
595; 30
596; 36
597; 0
598; 6
599; 6
600; 12
601; 12
602; 18
603; 18
604; 24
605; 24
606; 30
607; 30
608; 36
609; 0
610; 6
611; 6
612; 12
613; 12
614; 18
615; 18
616; 24
617; 24
618; 30
619; 30
620; 36
621; 0
622; 6
623; 6
624; 12
625; 12
626; 18
627; 18
628; 24
629; 24
630; 30
631; 30
632; 36
633; 0
634; 6
635; 6
636; 12
637; 12
638; 18
639; 18
640; 24
641; 24
642; 30
643; 30
644; 36
645; 30
646; 36
647; 36
648; 42
649; 42
650; 48
651; 48
652; 54
653; 54
654; 0
655; 0
656; 6
657; 0
658; 6
659; 6
660; 12
661; 12
662; 18
663; 18
664; 24
665; 24
666; 30
667; 30
668; 36
669; 30
670; 36
671; 36
672; 42
673; 42
674; 48
675; 48
676; 54
677; 54
678; 0
679; 0
680; 6
681; 0
682; 6
683; 6
684; 12
685; 12
686; 18
687; 18
688; 24
689; 24
690; 30
691; 30
692; 36
693; 0
694; 6
695; 6
696; 12
697; 12
698; 18
699; 18
700; 24
701; 24
702; 30
703; 30
704; 36
705; 0
706; 6
707; 6
708; 12
709; 12
710; 18
711; 18
712; 24
713; 24
714; 30
715; 0
716; 6
717; 6
718; 12
719; 12
720; 18
721; 18
722; 24
723; 24
724; 30
725; 0
726; 6
727; 6
728; 12
729; 12
730; 18
731; 18
732; 24
733; 24
734; 30
735; 0
736; 6
737; 6
738; 12
739; 12
740; 18
741; 18
742; 24
743; 24
744; 30
745; 0
746; 6
747; 6
748; 12
749; 12
750; 18
751; 18
752; 24
753; 24
754; 30
755; 0
756; 6
757; 6
758; 12
759; 12
760; 18
761; 18
762; 24
763; 24
764; 30
765; 0
766; 6
767; 6
768; 12
769; 12
770; 18
771; 18
772; 24
773; 24
774; 30
775; 30
776; 36
777; 36
778; 42
779; 42
780; 48
781; 48
782; 54
783; 54
784; 0
785; 0
786; 6
787; 6
788; 12
789; 12
790; 18
791; 18
792; 24
793; 24
794; 30
795; 30
796; 36
797; 36
798; 42
799; 42
800; 48
801; 48
802; 54
803; 54
804; 0
805; 0
806; 6
807; 6
808; 12
809; 12
810; 18
811; 18
812; 24
813; 24
814; 30
815; 0
816; 6
817; 6
818; 12
819; 12
820; 18
821; 18
822; 24
823; 24
824; 30
825; 0
826; 6
827; 6
828; 12
829; 12
830; 18
831; 18
832; 24
833; 24
834; 30
835; 0
836; 6
837; 6
838; 12
839; 12
840; 18
841; 18
842; 24
843; 24
844; 30
845; 0
846; 6
847; 6
848; 12
849; 12
850; 18
851; 18
852; 24
853; 24
854; 30
855; 0
856; 6
857; 6
858; 12
859; 12
860; 18
861; 18
862; 24
863; 24
864; 30
865; 0
866; 6
867; 6
868; 12
869; 12
870; 18
871; 18
872; 24
873; 24
874; 30
875; 0
876; 6
877; 6
878; 12
879; 12
880; 18
881; 18
882; 24
883; 24
884; 30
885; 0
886; 6
887; 6
888; 12
889; 12
890; 18
891; 18
892; 24
893; 24
894; 30
895; 0
896; 6
897; 6
898; 12
899; 12
900; 18
901; 18
902; 24
903; 24
904; 30
905; 0
906; 6
907; 6
908; 12
909; 12
910; 18
911; 18
912; 24
913; 24
914; 30
915; 0
916; 6
917; 6
918; 12
919; 12
920; 18
921; 18
922; 24
923; 24
924; 30
925; 0
926; 6
927; 6
928; 12
929; 12
930; 18
931; 18
932; 24
933; 24
934; 30
935; 0
936; 6
937; 6
938; 12
939; 12
940; 18
941; 18
942; 24
943; 24
944; 30
945; 0
946; 6
947; 6
948; 12
949; 12
950; 18
951; 18
952; 24
953; 0
954; 6
955; 6
956; 12
957; 12
958; 18
959; 18
960; 24
961; 0
962; 6
963; 6
964; 12
965; 12
966; 18
967; 18
968; 24
969; 0
970; 6
971; 6
972; 12
973; 12
974; 18
975; 18
976; 24
977; 0
978; 6
979; 6
980; 12
981; 12
982; 18
983; 18
984; 24
985; 0
986; 6
987; 6
988; 12
989; 12
990; 18
991; 18
992; 24
993; 0
994; 6
995; 6
996; 12
997; 12
998; 18
999; 18
1000; 24
1001; 0
1002; 6
1003; 6
1004; 12
1005; 12
1006; 18
1007; 18
1008; 24
