#origin-stop-id;destination-stop-id;perceived-travel-time;passengers
1;2;13;0
1;3;23;0
1;4;23;0
1;5;35;0
1;6;44;0
1;7;2;0
1;8;1;0
1;9;32;0
1;10;28;0
1;11;27;0
1;12;20;0
1;13;38;0
1;14;38;0
1;15;29;0
1;16;30;0
1;17;27;0
1;18;32;0
1;19;15;0
1;20;9;0
1;21;25;0
1;22;7;0
1;23;22;0
1;24;30;0
1;25;5;0
1;26;19;0
1;27;32;0
1;28;34;0
1;29;21;0
1;30;32;0
1;31;46;0
1;32;18;0
1;33;33;0
1;34;19;0
1;36;28;0
1;40;24;0
1;50;23;0
1;53;20;0
1;68;15;0
1;69;6;0
1;70;42;0
1;283;43;0
1;300;2;0
1;301;21;0
1;302;18;0
1;303;14;0
1;305;2147483647;0
1;307;16;0
1;308;45;0
1;339;48;0
1;346;12;0
1;375;38;0
2;1;20;0
2;3;10;0
2;4;18;0
2;5;25;0
2;6;23;0
2;7;7;0
2;8;4;0
2;9;19;0
2;10;19;0
2;11;37;0
2;12;14;0
2;13;40;0
2;14;60;0
2;15;31;0
2;16;32;0
2;17;14;0
2;18;34;0
2;19;8;0
2;20;29;0
2;21;45;0
2;22;25;0
2;23;15;0
2;24;21;0
2;25;25;0
2;26;12;0
2;27;27;0
2;28;25;0
2;29;23;0
2;30;23;0
2;31;43;0
2;32;21;0
2;33;33;0
2;34;6;0
2;36;48;0
2;40;34;0
2;50;39;0
2;53;36;0
2;68;25;0
2;69;15;0
2;70;55;0
2;283;22;0
2;300;22;0
2;301;41;0
2;302;38;0
2;303;34;0
2;305;2147483647;0
2;307;36;0
2;308;67;0
2;339;40;0
2;346;32;0
2;375;48;0
3;1;30;0
3;2;10;0
3;4;38;0
3;5;15;0
3;6;13;3.8
3;7;17;0
3;8;14;10.24
3;9;64;0
3;10;60;0.13
3;11;65;0
3;12;24;0.08
3;13;41;0
3;14;70;0.02
3;15;41;0
3;16;42;0
3;17;4;0
3;18;44;0
3;19;37;0
3;20;39;0.34
3;21;55;0
3;22;37;0.07
3;23;44;0
3;24;62;0
3;25;35;0
3;26;41;0
3;27;47;0.22
3;28;66;0.1
3;29;33;0
3;30;64;0
3;31;33;0
3;32;31;0.11
3;33;66;0.02
3;34;51;0
3;36;58;2.2
3;40;62;0.72
3;50;50;0.07
3;53;47;0.06
3;68;53;0.34
3;69;41;0.32
3;70;72;0.02
3;283;12;0
3;300;32;0
3;301;51;0
3;302;48;0
3;303;44;0
3;305;2147483647;0
3;307;46;0
3;308;77;0.03
3;339;30;0
3;346;42;0.09
3;375;76;0.22
4;1;24;0
4;2;18;0
4;3;41;0
4;5;26;0
4;6;24;0
4;7;17;0
4;8;14;0
4;9;50;0
4;10;27;0
4;11;66;0
4;12;34;0
4;13;55;0
4;14;37;0
4;15;46;0
4;16;47;0
4;17;45;0
4;18;49;0
4;19;18;0
4;20;33;0
4;21;49;0
4;22;31;0
4;23;23;0
4;24;29;0
4;25;29;0
4;26;22;0
4;27;9;0
4;28;33;0
4;29;35;0
4;30;31;0
4;31;63;0
4;32;7;0
4;33;6;0
4;34;37;0
4;36;52;0
4;40;63;0
4;50;42;0
4;53;39;0
4;68;54;0
4;69;33;0
4;70;66;0
4;283;23;0
4;300;26;0
4;301;45;0
4;302;42;0
4;303;38;0
4;305;2147483647;0
4;307;40;0
4;308;44;0
4;339;64;0
4;346;36;0
4;375;77;0
5;1;35;0
5;2;25;0
5;3;15;0
5;4;26;0
5;6;2;0
5;7;27;0
5;8;29;1.42
5;9;67;0
5;10;53;0.03
5;11;55;0
5;12;12;5.09
5;13;16;14.49
5;14;63;0.01
5;15;25;1.83
5;16;24;0
5;17;11;0
5;18;22;0
5;19;50;0
5;20;17;5.29
5;21;30;0
5;22;28;0.09
5;23;49;0
5;24;55;0
5;25;30;0
5;26;54;0
5;27;14;0
5;28;59;0.04
5;29;10;2.1
5;30;57;0
5;31;8;21.71
5;32;33;0
5;33;20;0
5;34;54;0
5;36;33;45.56
5;40;58;0.72
5;50;34;0.16
5;53;37;0.1
5;68;56;0.08
5;69;43;0.08
5;70;45;0.16
5;283;3;0
5;300;33;0
5;301;39;0
5;302;36;0
5;303;32;0
5;305;2147483647;0
5;307;34;0
5;308;70;0.01
5;339;5;0
5;346;30;0.35
5;375;79;0.09
6;1;44;0
6;2;23;0
6;3;13;4.24
6;4;24;0
6;5;2;0
6;7;46;0
6;8;27;26.32
6;9;86;0
6;10;51;0.3
6;11;71;0
6;12;28;0
6;13;28;0
6;14;61;0.13
6;15;37;0
6;16;36;0
6;17;9;0
6;18;34;0
6;19;56;0
6;20;33;0
6;21;46;0
6;22;44;0.19
6;23;47;0
6;24;53;0
6;25;46;0
6;26;60;0
6;27;12;26.63
6;28;57;0.41
6;29;26;0
6;30;55;0
6;31;20;0
6;32;31;3.21
6;33;18;2.04
6;34;73;0
6;36;49;0
6;40;74;4.05
6;50;63;0.14
6;53;60;0.11
6;68;72;0.9
6;69;54;0.44
6;70;61;0.05
6;283;1;0
6;300;46;0
6;301;55;0
6;302;52;0
6;303;48;0
6;305;2147483647;0
6;307;50;0
6;308;68;0.11
6;339;17;0
6;346;46;0.14
6;375;95;0.88
7;1;2;0
7;2;7;0
7;3;17;0
7;4;17;0
7;5;26;0
7;6;41;0
7;8;3;0
7;9;31;0
7;10;27;0
7;11;29;0
7;12;7;0
7;13;24;0
7;14;37;0
7;15;15;0
7;16;16;0
7;17;21;0
7;18;18;0
7;19;16;0
7;20;20;0
7;21;33;0
7;22;17;0
7;23;23;0
7;24;29;0
7;25;17;0
7;26;20;0
7;27;34;0
7;28;33;0
7;29;7;0
7;30;31;0
7;31;32;0
7;32;24;0
7;33;23;0
7;34;18;0
7;36;36;0
7;40;26;0
7;50;22;0
7;53;19;0
7;68;17;0
7;69;8;0
7;70;48;0
7;283;42;0
7;300;14;0
7;301;33;0
7;302;30;0
7;303;26;0
7;305;2147483647;0
7;307;28;0
7;308;44;0
7;339;35;0
7;346;24;0
7;375;40;0
8;1;1;0
8;2;4;0
8;3;14;10.48
8;4;14;0
8;5;29;2.55
8;6;27;25.19
8;7;3;0
8;9;15;0
8;10;15;22.99
8;11;33;0
8;12;10;21.21
8;13;27;14.51
8;14;25;7.1
8;15;18;3
8;16;19;0
8;17;18;0
8;18;21;0
8;19;4;0
8;20;10;34.88
8;21;26;0
8;22;8;10.46
8;23;11;0
8;24;17;0
8;25;6;0
8;26;8;0
8;27;23;28.27
8;28;21;26.5
8;29;10;16.15
8;30;19;0
8;31;35;5.06
8;32;9;31.81
8;33;20;5.83
8;34;2;0
8;36;29;170.3
8;40;30;0
8;50;19;15.7
8;53;16;12.31
8;68;21;0
8;69;10;36.54
8;70;43;0.02
8;283;26;0
8;300;3;0
8;301;22;0
8;302;19;0
8;303;15;0
8;305;2147483647;0
8;307;17;0
8;308;32;8.99
8;339;38;0
8;346;13;10.46
8;375;44;0
9;1;24;0
9;2;16;0
9;3;49;0
9;4;57;0
9;5;59;0
9;6;70;0
9;7;23;0
9;8;12;0
9;10;54;0
9;11;18;0
9;12;47;0
9;13;71;0
9;14;52;0
9;15;62;0
9;16;63;0
9;17;53;0
9;18;65;0
9;19;31;0
9;20;33;0
9;21;43;0
9;22;29;0
9;23;38;0
9;24;52;0
9;25;29;0
9;26;35;0
9;27;66;0
9;28;48;0
9;29;49;0
9;30;50;0
9;31;79;0
9;32;44;0
9;33;72;0
9;34;2;0
9;36;46;0
9;40;15;0
9;50;43;0
9;53;40;0
9;68;6;0
9;69;19;0
9;70;36;0
9;283;69;0
9;300;26;0
9;301;45;0
9;302;42;0
9;303;38;0
9;305;2147483647;0
9;307;40;0
9;308;59;0
9;339;82;0
9;346;36;0
9;375;29;0
10;1;27;0
10;2;19;0
10;3;42;0.13
10;4;34;0
10;5;58;0.06
10;6;63;0.27
10;7;26;0
10;8;15;22.99
10;9;51;0
10;11;33;0
10;12;43;0.26
10;13;53;0.14
10;14;10;2.1
10;15;44;0.03
10;16;45;0
10;17;46;0
10;18;47;0
10;19;11;0
10;20;36;0.48
10;21;52;0
10;22;34;0.13
10;23;4;0
10;24;2;0
10;25;32;0
10;26;7;0
10;27;43;0.32
10;28;6;7.56
10;29;36;0.18
10;30;4;0
10;31;61;0.04
10;32;10;0.55
10;33;52;0.07
10;34;38;0
10;36;55;3.08
10;40;30;1.04
10;50;42;0.13
10;53;39;0.11
10;68;51;1.45
10;69;33;0.48
10;70;51;0.04
10;283;62;0
10;300;29;0
10;301;48;0
10;302;45;0
10;303;41;0
10;305;2147483647;0
10;307;43;0
10;308;17;2.56
10;339;64;0
10;346;39;0.13
10;375;59;0.57
11;1;27;0
11;2;34;0
11;3;67;0
11;4;58;0
11;5;55;0
11;6;65;0
11;7;29;0
11;8;30;0
11;9;18;0
11;10;33;0
11;12;43;0
11;13;68;0
11;14;31;0
11;15;59;0
11;16;60;0
11;17;71;0
11;18;62;0
11;19;44;0
11;20;38;0
11;21;17;0
11;22;45;0
11;23;37;0
11;24;31;0
11;25;43;0
11;26;40;0
11;27;67;0
11;28;27;0
11;29;45;0
11;30;29;0
11;31;71;0
11;32;53;0
11;33;73;0
11;34;20;0
11;36;20;0
11;40;3;0
11;50;44;0
11;53;41;0
11;68;12;0
11;69;21;0
11;70;10;0
11;283;66;0
11;300;40;0
11;301;31;0
11;302;34;0
11;303;38;0
11;305;2147483647;0
11;307;36;0
11;308;38;0
11;339;68;0
11;346;40;0
11;375;11;0
12;1;21;0
12;2;14;0
12;3;24;0.04
12;4;37;0
12;5;12;5.09
12;6;22;0
12;7;7;0
12;8;10;21.21
12;9;38;0
12;10;34;0.26
12;11;43;0
12;13;27;1.95
12;14;44;0.05
12;15;18;0.56
12;16;19;0
12;17;28;0
12;18;21;0
12;19;23;0
12;20;5;6
12;21;18;0
12;22;16;0.59
12;23;30;0
12;24;36;0
12;25;18;0
12;26;27;0
12;27;34;0.79
12;28;40;0.21
12;29;2;3.2
12;30;38;0
12;31;28;0.84
12;32;34;0.38
12;33;40;0.1
12;34;25;0
12;36;21;28.16
12;40;45;1.16
12;50;22;0.92
12;53;25;0.66
12;68;36;0.77
12;69;27;1.2
12;70;33;0.31
12;283;23;0
12;300;21;0
12;301;27;0
12;302;24;0
12;303;20;0
12;305;2147483647;0
12;307;22;0
12;308;51;0.04
12;339;25;0
12;346;18;0.6
12;375;59;0.27
13;1;34;0
13;2;44;0
13;3;49;0
13;4;54;0
13;5;16;14.49
13;6;30;0
13;7;24;0
13;8;27;14.51
13;9;67;0
13;10;60;0.14
13;11;61;0
13;12;35;1.95
13;14;91;0.03
13;15;9;5.29
13;16;8;0
13;17;45;0
13;18;6;0
13;19;49;0
13;20;40;1.32
13;21;53;0
13;22;43;0.18
13;23;56;0
13;24;62;0
13;25;41;0
13;26;53;0
13;27;42;1.13
13;28;66;0.12
13;29;17;1.67
13;30;64;0
13;31;8;9.95
13;32;48;0.55
13;33;48;0.12
13;34;69;0
13;36;56;6.35
13;40;58;1.7
13;50;65;0.18
13;53;62;0.11
13;68;49;0.57
13;69;40;0.42
13;70;68;0.04
13;283;31;0
13;300;38;0
13;301;57;0
13;302;54;0
13;303;50;0
13;305;2147483647;0
13;307;52;0
13;308;98;0.03
13;339;11;0
13;346;48;0.21
13;375;72;0.3
14;1;43;0
14;2;40;0
14;3;68;0.02
14;4;44;0
14;5;68;0.03
14;6;89;0.11
14;7;39;0
14;8;25;7.1
14;9;59;0
14;10;10;2.1
14;11;31;0
14;12;54;0.05
14;13;63;0.03
14;15;54;0.01
14;16;55;0
14;17;72;0
14;18;57;0
14;19;21;0
14;20;52;0.17
14;21;60;0
14;22;50;0.03
14;23;14;0
14;24;8;0
14;25;48;0
14;26;17;0
14;27;53;0.14
14;28;4;6.55
14;29;46;0.03
14;30;6;0
14;31;71;0.01
14;32;20;0.06
14;33;63;0.01
14;34;61;0
14;36;63;2.32
14;40;28;0.55
14;50;52;0.02
14;53;49;0.02
14;68;53;0.33
14;69;43;0.11
14;70;53;0.02
14;283;88;0
14;300;45;0
14;301;64;0
14;302;61;0
14;303;57;0
14;305;2147483647;0
14;307;59;0
14;308;7;4.42
14;339;74;0
14;346;55;0.05
14;375;51;0.44
15;1;25;0
15;2;35;0
15;3;56;0
15;4;46;0
15;5;25;2.27
15;6;37;0
15;7;15;0
15;8;18;3.24
15;9;58;0
15;10;51;0.03
15;11;52;0
15;12;26;0.52
15;13;9;5.29
15;14;87;0.01
15;16;1;0
15;17;52;0
15;18;3;0
15;19;40;0
15;20;31;0.14
15;21;44;0
15;22;34;0.03
15;23;47;0
15;24;53;0
15;25;32;0
15;26;44;0
15;27;49;0.51
15;28;57;0.03
15;29;8;0.97
15;30;55;0
15;31;17;1.62
15;32;39;0.17
15;33;52;0.03
15;34;60;0
15;36;47;1.2
15;40;49;0.38
15;50;56;0.02
15;53;53;0.02
15;68;40;0.17
15;69;31;0.07
15;70;59;0.01
15;283;38;0
15;300;29;0
15;301;48;0
15;302;45;0
15;303;41;0
15;305;2147483647;0
15;307;43;0
15;308;94;0.01
15;339;20;0
15;346;39;0.03
15;375;63;0.13
16;1;26;0
16;2;36;0
16;3;57;0
16;4;47;0
16;5;24;0
16;6;38;0
16;7;16;0
16;8;19;0
16;9;59;0
16;10;52;0
16;11;53;0
16;12;27;0
16;13;8;0
16;14;88;0
16;15;1;0
16;17;53;0
16;18;2;0
16;19;41;0
16;20;32;0
16;21;45;0
16;22;35;0
16;23;48;0
16;24;54;0
16;25;33;0
16;26;45;0
16;27;50;0
16;28;58;0
16;29;9;0
16;30;56;0
16;31;16;0
16;32;40;0
16;33;53;0
16;34;61;0
16;36;48;0
16;40;50;0
16;50;57;0
16;53;54;0
16;68;41;0
16;69;32;0
16;70;60;0
16;283;39;0
16;300;30;0
16;301;49;0
16;302;46;0
16;303;42;0
16;305;2147483647;0
16;307;44;0
16;308;95;0
16;339;19;0
16;346;40;0
16;375;64;0
17;1;34;0
17;2;14;0
17;3;4;0
17;4;42;0
17;5;11;0
17;6;9;0
17;7;21;0
17;8;18;0
17;9;68;0
17;10;64;0
17;11;69;0
17;12;28;0
17;13;37;0
17;14;74;0
17;15;45;0
17;16;45;0
17;18;43;0
17;19;41;0
17;20;42;0
17;21;55;0
17;22;41;0
17;23;48;0
17;24;66;0
17;25;39;0
17;26;45;0
17;27;51;0
17;28;70;0
17;29;35;0
17;30;68;0
17;31;29;0
17;32;35;0
17;33;70;0
17;34;55;0
17;36;58;0
17;40;66;0
17;50;54;0
17;53;51;0
17;68;57;0
17;69;45;0
17;70;70;0
17;283;8;0
17;300;36;0
17;301;55;0
17;302;52;0
17;303;48;0
17;305;2147483647;0
17;307;50;0
17;308;81;0
17;339;26;0
17;346;46;0
17;375;80;0
18;1;28;0
18;2;38;0
18;3;55;0
18;4;49;0
18;5;22;0
18;6;36;0
18;7;18;0
18;8;21;0
18;9;61;0
18;10;54;0
18;11;55;0
18;12;29;0
18;13;6;0
18;14;90;0
18;15;3;0
18;16;2;0
18;17;51;0
18;19;43;0
18;20;34;0
18;21;47;0
18;22;37;0
18;23;50;0
18;24;56;0
18;25;35;0
18;26;47;0
18;27;48;0
18;28;60;0
18;29;11;0
18;30;58;0
18;31;14;0
18;32;42;0
18;33;54;0
18;34;63;0
18;36;50;0
18;40;52;0
18;50;59;0
18;53;56;0
18;68;43;0
18;69;34;0
18;70;62;0
18;283;37;0
18;300;32;0
18;301;51;0
18;302;48;0
18;303;44;0
18;305;2147483647;0
18;307;46;0
18;308;97;0
18;339;17;0
18;346;42;0
18;375;66;0
19;1;16;0
19;2;8;0
19;3;31;0
19;4;18;0
19;5;47;0
19;6;52;0
19;7;15;0
19;8;4;0
19;9;40;0
19;10;11;0
19;11;44;0
19;12;32;0
19;13;42;0
19;14;21;0
19;15;33;0
19;16;34;0
19;17;35;0
19;18;36;0
19;20;25;0
19;21;41;0
19;22;23;0
19;23;7;0
19;24;13;0
19;25;21;0
19;26;4;0
19;27;27;0
19;28;17;0
19;29;25;0
19;30;15;0
19;31;50;0
19;32;13;0
19;33;33;0
19;34;27;0
19;36;44;0
19;40;41;0
19;50;31;0
19;53;28;0
19;68;46;0
19;69;22;0
19;70;58;0
19;283;51;0
19;300;18;0
19;301;37;0
19;302;34;0
19;303;30;0
19;305;2147483647;0
19;307;32;0
19;308;28;0
19;339;53;0
19;346;28;0
19;375;69;0
20;1;9;0
20;2;22;0
20;3;32;0.34
20;4;32;0
20;5;17;4.85
20;6;27;0.44
20;7;20;0
20;8;10;34.88
20;9;41;0
20;10;37;0.48
20;11;38;0
20;12;5;6
20;13;32;1.32
20;14;47;0.17
20;15;23;0.14
20;16;24;0
20;17;36;0
20;18;26;0
20;19;24;0
20;21;13;0
20;22;2;5.45
20;23;31;0
20;24;39;0
20;25;4;0
20;26;28;0
20;27;39;0.55
20;28;43;0.54
20;29;7;1.46
20;30;41;0
20;31;33;0.53
20;32;27;0.51
20;33;42;0.09
20;34;28;0
20;36;16;76.98
20;40;41;8.46
20;50;9;9.33
20;53;12;2.98
20;68;40;1.47
20;69;18;3.56
20;70;28;0.91
20;283;28;0
20;300;7;0
20;301;12;0
20;302;9;0
20;303;5;0
20;305;2147483647;0
20;307;7;0
20;308;54;0.16
20;339;30;0
20;346;3;8.41
20;375;62;0.61
21;1;25;0
21;2;38;0
21;3;48;0
21;4;48;0
21;5;30;0
21;6;40;0
21;7;33;0
21;8;26;0
21;9;51;0
21;10;53;0
21;11;17;0
21;12;18;0
21;13;45;0
21;14;61;0
21;15;36;0
21;16;37;0
21;17;52;0
21;18;39;0
21;19;40;0
21;20;13;0
21;22;18;0
21;23;47;0
21;24;55;0
21;25;20;0
21;26;44;0
21;27;52;0
21;28;57;0
21;29;20;0
21;30;57;0
21;31;46;0
21;32;43;0
21;33;58;0
21;34;44;0
21;36;3;0
21;40;20;0
21;50;31;0
21;53;34;0
21;68;44;0
21;69;40;0
21;70;7;0
21;283;41;0
21;300;23;0
21;301;4;0
21;302;7;0
21;303;11;0
21;305;2147483647;0
21;307;9;0
21;308;68;0
21;339;43;0
21;346;13;0
21;375;41;0
22;1;7;0
22;2;20;0
22;3;30;0.07
22;4;30;0
22;5;28;0.19
22;6;38;0.09
22;7;17;0
22;8;8;10.46
22;9;32;0
22;10;35;0.13
22;11;45;0
22;12;16;0.59
22;13;43;0.18
22;14;45;0.03
22;15;34;0.02
22;16;35;0
22;17;34;0
22;18;37;0
22;19;22;0
22;20;2;5.45
22;21;18;0
22;23;29;0
22;24;37;0
22;25;2;0
22;26;26;0
22;27;39;0.13
22;28;41;0.13
22;29;18;0.13
22;30;39;0
22;31;44;0.05
22;32;25;0.11
22;33;40;0.02
22;34;19;0
22;36;21;12.5
22;40;47;0.9
22;50;24;0.41
22;53;27;0.44
22;68;38;0.52
22;69;10;1
22;70;35;0.08
22;283;39;0
22;300;5;0
22;301;14;0
22;302;11;0
22;303;7;0
22;305;2147483647;0
22;307;9;0
22;308;52;0.05
22;339;41;0
22;346;5;0.77
22;375;61;0.21
23;1;23;0
23;2;15;0
23;3;38;0
23;4;25;0
23;5;54;0
23;6;59;0
23;7;22;0
23;8;11;0
23;9;47;0
23;10;4;0
23;11;37;0
23;12;39;0
23;13;49;0
23;14;14;0
23;15;40;0
23;16;41;0
23;17;42;0
23;18;43;0
23;19;7;0
23;20;32;0
23;21;48;0
23;22;30;0
23;24;6;0
23;25;28;0
23;26;3;0
23;27;34;0
23;28;10;0
23;29;32;0
23;30;8;0
23;31;57;0
23;32;6;0
23;33;40;0
23;34;34;0
23;36;51;0
23;40;34;0
23;50;38;0
23;53;35;0
23;68;53;0
23;69;29;0
23;70;55;0
23;283;58;0
23;300;25;0
23;301;44;0
23;302;41;0
23;303;37;0
23;305;2147483647;0
23;307;39;0
23;308;21;0
23;339;60;0
23;346;35;0
23;375;63;0
24;1;29;0
24;2;21;0
24;3;44;0
24;4;36;0
24;5;60;0
24;6;65;0
24;7;28;0
24;8;17;0
24;9;53;0
24;10;2;0
24;11;31;0
24;12;45;0
24;13;55;0
24;14;8;0
24;15;46;0
24;16;47;0
24;17;48;0
24;18;49;0
24;19;13;0
24;20;38;0
24;21;54;0
24;22;36;0
24;23;6;0
24;25;34;0
24;26;9;0
24;27;45;0
24;28;4;0
24;29;38;0
24;30;2;0
24;31;63;0
24;32;12;0
24;33;54;0
24;34;40;0
24;36;57;0
24;40;28;0
24;50;44;0
24;53;41;0
24;68;49;0
24;69;35;0
24;70;49;0
24;283;64;0
24;300;31;0
24;301;50;0
24;302;47;0
24;303;43;0
24;305;2147483647;0
24;307;45;0
24;308;15;0
24;339;66;0
24;346;41;0
24;375;57;0
25;1;5;0
25;2;18;0
25;3;28;0
25;4;28;0
25;5;30;0
25;6;40;0
25;7;19;0
25;8;6;0
25;9;37;0
25;10;33;0
25;11;47;0
25;12;18;0
25;13;43;0
25;14;43;0
25;15;34;0
25;16;35;0
25;17;32;0
25;18;37;0
25;19;20;0
25;20;4;0
25;21;20;0
25;22;2;0
25;23;27;0
25;24;35;0
25;26;24;0
25;27;37;0
25;28;39;0
25;29;20;0
25;30;37;0
25;31;46;0
25;32;23;0
25;33;38;0
25;34;24;0
25;36;23;0
25;40;45;0
25;50;26;0
25;53;29;0
25;68;36;0
25;69;22;0
25;70;37;0
25;283;41;0
25;300;3;0
25;301;16;0
25;302;13;0
25;303;9;0
25;305;2147483647;0
25;307;11;0
25;308;50;0
25;339;43;0
25;346;7;0
25;375;59;0
26;1;20;0
26;2;12;0
26;3;35;0
26;4;22;0
26;5;51;0
26;6;56;0
26;7;19;0
26;8;8;0
26;9;44;0
26;10;7;0
26;11;40;0
26;12;36;0
26;13;46;0
26;14;17;0
26;15;37;0
26;16;38;0
26;17;39;0
26;18;40;0
26;19;4;0
26;20;29;0
26;21;45;0
26;22;27;0
26;23;3;0
26;24;9;0
26;25;25;0
26;27;31;0
26;28;13;0
26;29;29;0
26;30;11;0
26;31;54;0
26;32;9;0
26;33;37;0
26;34;31;0
26;36;48;0
26;40;37;0
26;50;35;0
26;53;32;0
26;68;50;0
26;69;26;0
26;70;58;0
26;283;55;0
26;300;22;0
26;301;41;0
26;302;38;0
26;303;34;0
26;305;2147483647;0
26;307;36;0
26;308;24;0
26;339;57;0
26;346;32;0
26;375;66;0
27;1;34;0
27;2;27;0
27;3;50;0.39
27;4;9;0
27;5;14;0
27;6;12;26.63
27;7;36;0
27;8;23;28.27
27;9;59;0
27;10;39;0.32
27;11;77;0
27;12;43;0.79
27;13;63;1.13
27;14;49;0.14
27;15;55;0.35
27;16;56;0
27;17;54;0
27;18;58;0
27;19;27;0
27;20;43;0.55
27;21;59;0
27;22;41;0.13
27;23;32;0
27;24;41;0
27;25;39;0
27;26;31;0
27;28;45;0.45
27;29;41;0.39
27;30;43;0
27;31;55;1.74
27;32;16;6.04
27;33;6;6.57
27;34;46;0
27;36;62;6.11
27;40;74;3.58
27;50;51;0.22
27;53;48;0.18
27;68;65;1.16
27;69;42;0.55
27;70;76;0.04
27;283;11;0
27;300;36;0
27;301;55;0
27;302;52;0
27;303;48;0
27;305;2147483647;0
27;307;50;0
27;308;56;0.07
27;339;52;0
27;346;46;0.11
27;375;88;0.84
28;1;33;0
28;2;25;0
28;3;48;0.1
28;4;40;0
28;5;64;0.08
28;6;69;0.36
28;7;32;0
28;8;21;26.5
28;9;51;0
28;10;6;7.56
28;11;27;0
28;12;49;0.21
28;13;59;0.12
28;14;4;6.55
28;15;50;0.03
28;16;51;0
28;17;52;0
28;18;53;0
28;19;17;0
28;20;42;0.54
28;21;52;0
28;22;40;0.13
28;23;10;0
28;24;4;0
28;25;38;0
28;26;13;0
28;27;49;0.45
28;29;42;0.14
28;30;2;0
28;31;67;0.05
28;32;16;0.32
28;33;58;0.06
28;34;44;0
28;36;55;5.5
28;40;24;1.66
28;50;48;0.1
28;53;45;0.09
28;68;45;1.78
28;69;39;0.44
28;70;45;0.06
28;283;68;0
28;300;35;0
28;301;54;0
28;302;51;0
28;303;47;0
28;305;2147483647;0
28;307;49;0
28;308;11;8.68
28;339;70;0
28;346;45;0.15
28;375;47;1.14
29;1;17;0
29;2;27;0
29;3;38;0
29;4;38;0
29;5;10;2.1
29;6;20;0
29;7;7;0
29;8;10;16.15
29;9;50;0
29;10;43;0.18
29;11;44;0
29;12;2;3.2
29;13;17;1.67
29;14;58;0.03
29;15;8;0.97
29;16;9;0
29;17;35;0
29;18;11;0
29;19;32;0
29;20;7;1.46
29;21;20;0
29;22;18;0.13
29;23;39;0
29;24;45;0
29;25;20;0
29;26;36;0
29;27;32;0.39
29;28;49;0.14
29;30;47;0
29;31;25;0.55
29;32;31;0.3
29;33;38;0.04
29;34;39;0
29;36;23;8.48
29;40;41;0.84
29;50;24;0.16
29;53;27;0.13
29;68;32;0.73
29;69;23;0.65
29;70;35;0.09
29;283;21;0
29;300;21;0
29;301;29;0
29;302;26;0
29;303;22;0
29;305;2147483647;0
29;307;24;0
29;308;65;0.03
29;339;23;0
29;346;20;0.18
29;375;55;0.26
30;1;31;0
30;2;23;0
30;3;46;0
30;4;38;0
30;5;62;0
30;6;67;0
30;7;30;0
30;8;19;0
30;9;53;0
30;10;4;0
30;11;29;0
30;12;47;0
30;13;57;0
30;14;6;0
30;15;48;0
30;16;49;0
30;17;50;0
30;18;51;0
30;19;15;0
30;20;40;0
30;21;54;0
30;22;38;0
30;23;8;0
30;24;2;0
30;25;36;0
30;26;11;0
30;27;47;0
30;28;2;0
30;29;40;0
30;31;65;0
30;32;14;0
30;33;56;0
30;34;42;0
30;36;57;0
30;40;26;0
30;50;46;0
30;53;43;0
30;68;47;0
30;69;37;0
30;70;47;0
30;283;66;0
30;300;33;0
30;301;52;0
30;302;49;0
30;303;45;0
30;305;2147483647;0
30;307;47;0
30;308;13;0
30;339;68;0
30;346;43;0
30;375;55;0
31;1;42;0
31;2;51;0
31;3;41;0.05
31;4;46;0
31;5;8;21.71
31;6;22;0
31;7;32;0
31;8;35;5.06
31;9;75;0
31;10;68;0.04
31;11;69;0
31;12;36;0.84
31;13;8;9.95
31;14;83;0.01
31;15;17;1.57
31;16;16;0
31;17;37;0
31;18;14;0
31;19;57;0
31;20;41;0.53
31;21;54;0
31;22;51;0.05
31;23;64;0
31;24;70;0
31;25;49;0
31;26;61;0
31;27;34;1.74
31;28;74;0.05
31;29;25;0.55
31;30;72;0
31;32;53;0.2
31;33;40;0.1
31;34;77;0
31;36;57;5.04
31;40;66;0.43
31;50;73;0.05
31;53;70;0.04
31;68;57;0.16
31;69;48;0.11
31;70;69;0.02
31;283;23;0
31;300;46;0
31;301;63;0
31;302;60;0
31;303;56;0
31;305;2147483647;0
31;307;58;0
31;308;90;0.01
31;339;3;0
31;346;54;0.06
31;375;80;0.14
32;1;19;0
32;2;24;0
32;3;56;0.12
32;4;7;0
32;5;33;0
32;6;31;3.21
32;7;27;0
32;8;9;31.81
32;9;65;0
32;10;10;0.55
32;11;51;0
32;12;35;0.38
32;13;56;0.55
32;14;20;0.06
32;15;47;0.16
32;16;48;0
32;17;60;0
32;18;50;0
32;19;13;0
32;20;28;0.51
32;21;44;0
32;22;26;0.11
32;23;6;0
32;24;12;0
32;25;24;0
32;26;9;0
32;27;16;6.04
32;28;16;0.32
32;29;39;0.3
32;30;14;0
32;31;64;0.2
32;33;13;0.85
32;34;52;0
32;36;47;3.15
32;40;48;1.45
32;50;38;0.17
32;53;35;0.14
32;68;47;1.48
32;69;29;0.79
32;70;61;0.05
32;283;30;0
32;300;21;0
32;301;40;0
32;302;37;0
32;303;33;0
32;305;2147483647;0
32;307;35;0
32;308;27;0.05
32;339;67;0
32;346;31;0.13
32;375;70;0.6
33;1;30;0
33;2;33;0
33;3;56;0.02
33;4;6;0
33;5;20;0
33;6;18;2.04
33;7;23;0
33;8;20;5.83
33;9;65;0
33;10;33;0.07
33;11;72;0
33;12;41;0.1
33;13;69;0.12
33;14;43;0.01
33;15;61;0.03
33;16;62;0
33;17;60;0
33;18;64;0
33;19;32;0
33;20;39;0.09
33;21;55;0
33;22;37;0.02
33;23;29;0
33;24;35;0
33;25;35;0
33;26;36;0
33;27;6;6.57
33;28;39;0.06
33;29;41;0.04
33;30;37;0
33;31;61;0.1
33;32;13;0.85
33;34;52;0
33;36;58;0.72
33;40;69;0.42
33;50;51;0.03
33;53;48;0.02
33;68;60;0.23
33;69;42;0.12
33;70;72;0.01
33;283;17;0
33;300;32;0
33;301;51;0
33;302;48;0
33;303;44;0
33;305;2147483647;0
33;307;46;0
33;308;50;0.01
33;339;58;0
33;346;42;0.02
33;375;83;0.11
34;1;14;0
34;2;6;0
34;3;39;0
34;4;47;0
34;5;49;0
34;6;60;0
34;7;13;0
34;8;2;0
34;9;2;0
34;10;44;0
34;11;20;0
34;12;37;0
34;13;69;0
34;14;54;0
34;15;60;0
34;16;61;0
34;17;43;0
34;18;63;0
34;19;21;0
34;20;23;0
34;21;39;0
34;22;19;0
34;23;28;0
34;24;46;0
34;25;19;0
34;26;25;0
34;27;56;0
34;28;50;0
34;29;39;0
34;30;48;0
34;31;77;0
34;32;34;0
34;33;62;0
34;36;42;6.8
34;40;17;103.62
34;50;33;0
34;53;30;0
34;68;8;77.79
34;69;9;0
34;70;38;4.07
34;283;59;0
34;300;16;0
34;301;35;0
34;302;32;0
34;303;28;0
34;305;2147483647;0
34;307;30;0
34;308;61;0
34;339;77;0
34;346;26;0
34;375;31;54.97
36;1;28;0
36;2;41;0
36;3;51;2.16
36;4;51;0
36;5;33;41.74
36;6;43;3.82
36;7;36;0
36;8;29;166.68
36;9;54;0
36;10;56;3.08
36;11;20;0
36;12;21;28.16
36;13;48;6.35
36;14;64;2.32
36;15;39;1.24
36;16;40;0
36;17;55;0
36;18;42;0
36;19;43;0
36;20;16;76.98
36;21;3;0
36;22;21;12.5
36;23;50;0
36;24;58;0
36;25;23;0
36;26;47;0
36;27;55;6.11
36;28;60;5.5
36;29;23;8.48
36;30;60;0
36;31;49;5.04
36;32;46;3.15
36;33;61;0.72
36;34;47;10.41
36;40;23;1257.91
36;50;34;12.27
36;53;37;5.12
36;68;47;13.26
36;69;43;9.58
36;70;10;69.02
36;283;44;0
36;300;26;0
36;301;7;0
36;302;10;0
36;303;14;0
36;305;2147483647;0
36;307;12;0
36;308;71;2.45
36;339;46;0
36;346;16;30.84
36;375;44;28.96
40;1;24;0
40;2;31;0
40;3;64;0.75
40;4;55;0
40;5;58;0.74
40;6;68;4.03
40;7;26;0
40;8;27;0
40;9;15;0
40;10;30;1.04
40;11;3;0
40;12;44;1.16
40;13;65;1.7
40;14;28;0.55
40;15;56;0.34
40;16;57;0
40;17;68;0
40;18;59;0
40;19;41;0
40;20;41;8.46
40;21;20;0
40;22;42;0.9
40;23;34;0
40;24;28;0
40;25;40;0
40;26;37;0
40;27;64;3.58
40;28;24;1.66
40;29;48;0.84
40;30;26;0
40;31;73;0.43
40;32;50;1.45
40;33;70;0.42
40;34;17;103.62
40;36;23;1257.91
40;50;41;1.13
40;53;38;0.92
40;68;9;16.63
40;69;18;2.5
40;70;13;22.63
40;283;69;0
40;300;37;0
40;301;34;0
40;302;37;0
40;303;41;0
40;305;2147483647;0
40;307;39;0
40;308;35;1.33
40;339;71;0
40;346;43;4.83
40;375;14;24.41
50;1;26;0
50;2;31;0
50;3;41;0.04
50;4;41;0
50;5;39;0.09
50;6;54;0.2
50;7;22;0
50;8;19;15.7
50;9;42;0
50;10;42;0.13
50;11;43;0
50;12;27;0.92
50;13;64;0.18
50;14;59;0.02
50;15;55;0.05
50;16;56;0
50;17;45;0
50;18;58;0
50;19;31;0
50;20;9;9.33
50;21;34;0
50;22;19;0.41
50;23;38;0
50;24;44;0
50;25;21;0
50;26;35;0
50;27;50;0.22
50;28;48;0.1
50;29;29;0.16
50;30;46;0
50;31;72;0.05
50;32;38;0.17
50;33;53;0.03
50;34;29;0
50;36;37;12.27
50;40;40;1.13
50;53;3;2.16
50;68;31;1.04
50;69;9;4.25
50;70;51;0.11
50;283;53;0
50;300;24;0
50;301;30;0
50;302;27;0
50;303;23;0
50;305;2147483647;0
50;307;25;0
50;308;66;0.03
50;339;71;0
50;346;21;0.8
50;375;54;0.39
53;1;25;0
53;2;28;0
53;3;38;0.03
53;4;38;0
53;5;42;0.05
53;6;51;0.16
53;7;19;0
53;8;16;12.31
53;9;39;0
53;10;39;0.11
53;11;40;0
53;12;30;0.66
53;13;65;0.11
53;14;56;0.02
53;15;56;0.05
53;16;57;0
53;17;42;0
53;18;59;0
53;19;28;0
53;20;12;2.98
53;21;37;0
53;22;22;0.44
53;23;35;0
53;24;41;0
53;25;24;0
53;26;32;0
53;27;47;0.18
53;28;45;0.09
53;29;32;0.13
53;30;43;0
53;31;71;0.04
53;32;35;0.14
53;33;50;0.02
53;34;26;0
53;36;40;5.12
53;40;37;0.92
53;50;3;2.16
53;68;28;0.87
53;69;6;3.53
53;70;54;0.06
53;283;50;0
53;300;27;0
53;301;33;0
53;302;30;0
53;303;26;0
53;305;2147483647;0
53;307;28;0
53;308;63;0.02
53;339;68;0
53;346;24;0.25
53;375;51;0.31
68;1;15;0
68;2;22;0
68;3;55;0.36
68;4;46;0
68;5;61;0.08
68;6;76;0.89
68;7;17;0
68;8;18;0
68;9;6;0
68;10;48;1.45
68;11;12;0
68;12;35;0.77
68;13;56;0.57
68;14;46;0.33
68;15;47;0.16
68;16;48;0
68;17;59;0
68;18;50;0
68;19;37;0
68;20;35;1.47
68;21;37;0
68;22;33;0.52
68;23;44;0
68;24;46;0
68;25;31;0
68;26;41;0
68;27;55;1.16
68;28;42;1.78
68;29;39;0.73
68;30;44;0
68;31;64;0.16
68;32;41;1.48
68;33;61;0.23
68;34;8;77.79
68;36;40;13.26
68;40;9;16.63
68;50;32;1.04
68;53;29;0.87
68;69;9;3.5
68;70;30;0.84
68;283;75;0
68;300;28;0
68;301;47;0
68;302;44;0
68;303;40;0
68;305;2147483647;0
68;307;42;0
68;308;53;0.36
68;339;67;0
68;346;38;0.4
68;375;23;9.26
69;1;6;0
69;2;15;0
69;3;32;0.16
69;4;32;0
69;5;47;0
69;6;45;0.53
69;7;8;0
69;8;10;36.54
69;9;22;0
69;10;33;0.48
69;11;21;0
69;12;26;1.2
69;13;47;0.42
69;14;50;0.11
69;15;38;0.23
69;16;39;0
69;17;36;0
69;18;41;0
69;19;22;0
69;20;18;3.56
69;21;40;0
69;22;10;1
69;23;29;0
69;24;35;0
69;25;22;0
69;26;26;0
69;27;41;0.55
69;28;39;0.44
69;29;30;0.65
69;30;37;0
69;31;55;0.11
69;32;29;0.79
69;33;44;0.12
69;34;9;0
69;36;43;9.58
69;40;18;2.5
69;50;9;4.25
69;53;6;3.53
69;68;9;3.5
69;70;41;0.23
69;283;44;0
69;300;19;0
69;301;36;0
69;302;33;0
69;303;29;0
69;305;2147483647;0
69;307;31;0
69;308;57;0.1
69;339;58;0
69;346;27;0.47
69;375;32;0.91
70;1;42;0
70;2;55;0
70;3;65;0.02
70;4;65;0
70;5;45;0.12
70;6;55;0.09
70;7;48;0
70;8;43;0
70;9;44;0
70;10;56;0.04
70;11;10;0
70;12;33;0.31
70;13;60;0.04
70;14;54;0.02
70;15;51;0.01
70;16;52;0
70;17;69;0
70;18;54;0
70;19;57;0
70;20;28;0.91
70;21;7;0
70;22;35;0.08
70;23;60;0
70;24;54;0
70;25;37;0
70;26;61;0
70;27;67;0.04
70;28;50;0.06
70;29;35;0.09
70;30;52;0
70;31;61;0.02
70;32;60;0.05
70;33;73;0.01
70;34;46;4.09
70;36;10;69.02
70;40;13;22.63
70;50;46;0.11
70;53;49;0.06
70;68;37;0.84
70;69;46;0.23
70;283;56;0
70;300;40;0
70;301;21;0
70;302;24;0
70;303;28;0
70;305;2147483647;0
70;307;26;0
70;308;61;0.03
70;339;58;0
70;346;30;0.33
70;375;34;2.85
283;1;43;0
283;2;22;0
283;3;12;0
283;4;23;0
283;5;3;0
283;6;1;0
283;7;47;0
283;8;26;0
283;9;87;0
283;10;50;0
283;11;72;0
283;12;29;0
283;13;29;0
283;14;60;0
283;15;38;0
283;16;37;0
283;17;8;0
283;18;35;0
283;19;55;0
283;20;34;0
283;21;47;0
283;22;45;0
283;23;46;0
283;24;52;0
283;25;47;0
283;26;59;0
283;27;11;0
283;28;56;0
283;29;27;0
283;30;54;0
283;31;21;0
283;32;30;0
283;33;17;0
283;34;74;0
283;36;50;0
283;40;75;0
283;50;62;0
283;53;59;0
283;68;71;0
283;69;53;0
283;70;62;0
283;300;45;0
283;301;56;0
283;302;53;0
283;303;49;0
283;305;2147483647;0
283;307;51;0
283;308;67;0
283;339;18;0
283;346;47;0
283;375;94;0
300;1;2;0
300;2;15;0
300;3;25;0
300;4;25;0
300;5;33;0
300;6;43;0
300;7;16;0
300;8;3;0
300;9;34;0
300;10;30;0
300;11;45;0
300;12;21;0
300;13;40;0
300;14;40;0
300;15;31;0
300;16;32;0
300;17;29;0
300;18;34;0
300;19;17;0
300;20;7;0
300;21;23;0
300;22;5;0
300;23;24;0
300;24;32;0
300;25;3;0
300;26;21;0
300;27;34;0
300;28;36;0
300;29;23;0
300;30;34;0
300;31;48;0
300;32;20;0
300;33;35;0
300;34;21;0
300;36;26;0
300;40;42;0
300;50;29;0
300;53;32;0
300;68;33;0
300;69;24;0
300;70;40;0
300;283;44;0
300;301;19;0
300;302;16;0
300;303;12;0
300;305;2147483647;0
300;307;14;0
300;308;47;0
300;339;46;0
300;346;10;0
300;375;56;0
301;1;21;0
301;2;34;0
301;3;44;0
301;4;44;0
301;5;39;0
301;6;49;0
301;7;35;0
301;8;22;0
301;9;53;0
301;10;49;0
301;11;31;0
301;12;27;0
301;13;54;0
301;14;59;0
301;15;45;0
301;16;46;0
301;17;48;0
301;18;48;0
301;19;36;0
301;20;12;0
301;21;4;0
301;22;14;0
301;23;43;0
301;24;51;0
301;25;16;0
301;26;40;0
301;27;53;0
301;28;55;0
301;29;29;0
301;30;53;0
301;31;55;0
301;32;39;0
301;33;54;0
301;34;40;0
301;36;7;0
301;40;34;0
301;50;35;0
301;53;38;0
301;68;52;0
301;69;41;0
301;70;21;0
301;283;50;0
301;300;19;0
301;302;3;0
301;303;7;0
301;305;2147483647;0
301;307;5;0
301;308;66;0
301;339;52;0
301;346;9;0
301;375;55;0
302;1;18;0
302;2;31;0
302;3;41;0
302;4;41;0
302;5;36;0
302;6;46;0
302;7;32;0
302;8;19;0
302;9;50;0
302;10;46;0
302;11;34;0
302;12;24;0
302;13;51;0
302;14;56;0
302;15;42;0
302;16;43;0
302;17;45;0
302;18;45;0
302;19;33;0
302;20;9;0
302;21;7;0
302;22;11;0
302;23;40;0
302;24;48;0
302;25;13;0
302;26;37;0
302;27;50;0
302;28;52;0
302;29;26;0
302;30;50;0
302;31;52;0
302;32;36;0
302;33;51;0
302;34;37;0
302;36;10;0
302;40;37;0
302;50;32;0
302;53;35;0
302;68;49;0
302;69;38;0
302;70;24;0
302;283;47;0
302;300;16;0
302;301;3;0
302;303;4;0
302;305;2147483647;0
302;307;2;0
302;308;63;0
302;339;49;0
302;346;6;0
302;375;58;0
303;1;14;0
303;2;27;0
303;3;37;0
303;4;37;0
303;5;32;0
303;6;42;0
303;7;28;0
303;8;15;0
303;9;46;0
303;10;42;0
303;11;38;0
303;12;20;0
303;13;47;0
303;14;52;0
303;15;38;0
303;16;39;0
303;17;41;0
303;18;41;0
303;19;29;0
303;20;5;0
303;21;11;0
303;22;7;0
303;23;36;0
303;24;44;0
303;25;9;0
303;26;33;0
303;27;46;0
303;28;48;0
303;29;22;0
303;30;46;0
303;31;48;0
303;32;32;0
303;33;47;0
303;34;33;0
303;36;14;0
303;40;41;0
303;50;28;0
303;53;31;0
303;68;45;0
303;69;34;0
303;70;28;0
303;283;43;0
303;300;12;0
303;301;7;0
303;302;4;0
303;305;2147483647;0
303;307;2;0
303;308;59;0
303;339;45;0
303;346;2;0
303;375;62;0
305;1;2147483647;0
305;2;2147483647;0
305;3;2147483647;0
305;4;2147483647;0
305;5;2147483647;0
305;6;2147483647;0
305;7;2147483647;0
305;8;2147483647;0
305;9;2147483647;0
305;10;2147483647;0
305;11;2147483647;0
305;12;2147483647;0
305;13;2147483647;0
305;14;2147483647;0
305;15;2147483647;0
305;16;2147483647;0
305;17;2147483647;0
305;18;2147483647;0
305;19;2147483647;0
305;20;2147483647;0
305;21;2147483647;0
305;22;2147483647;0
305;23;2147483647;0
305;24;2147483647;0
305;25;2147483647;0
305;26;2147483647;0
305;27;2147483647;0
305;28;2147483647;0
305;29;2147483647;0
305;30;2147483647;0
305;31;2147483647;0
305;32;2147483647;0
305;33;2147483647;0
305;34;2147483647;0
305;36;2147483647;0
305;40;2147483647;0
305;50;2147483647;0
305;53;2147483647;0
305;68;2147483647;0
305;69;2147483647;0
305;70;2147483647;0
305;283;2147483647;0
305;300;2147483647;0
305;301;2147483647;0
305;302;2147483647;0
305;303;2147483647;0
305;307;2147483647;0
305;308;2147483647;0
305;339;2147483647;0
305;346;2147483647;0
305;375;2147483647;0
307;1;16;0
307;2;29;0
307;3;39;0
307;4;39;0
307;5;34;0
307;6;44;0
307;7;30;0
307;8;17;0
307;9;48;0
307;10;44;0
307;11;36;0
307;12;22;0
307;13;49;0
307;14;54;0
307;15;40;0
307;16;41;0
307;17;43;0
307;18;43;0
307;19;31;0
307;20;7;0
307;21;9;0
307;22;9;0
307;23;38;0
307;24;46;0
307;25;11;0
307;26;35;0
307;27;48;0
307;28;50;0
307;29;24;0
307;30;48;0
307;31;50;0
307;32;34;0
307;33;49;0
307;34;35;0
307;36;12;0
307;40;39;0
307;50;30;0
307;53;33;0
307;68;47;0
307;69;36;0
307;70;26;0
307;283;45;0
307;300;14;0
307;301;5;0
307;302;2;0
307;303;2;0
307;305;2147483647;0
307;308;61;0
307;339;47;0
307;346;4;0
307;375;60;0
308;1;50;0
308;2;47;0
308;3;75;0.03
308;4;51;0
308;5;75;0.03
308;6;96;0.1
308;7;46;0
308;8;32;8.99
308;9;66;0
308;10;17;2.56
308;11;38;0
308;12;61;0.04
308;13;70;0.03
308;14;7;4.42
308;15;61;0.01
308;16;62;0
308;17;79;0
308;18;64;0
308;19;28;0
308;20;59;0.16
308;21;67;0
308;22;57;0.05
308;23;21;0
308;24;15;0
308;25;55;0
308;26;24;0
308;27;60;0.07
308;28;11;8.68
308;29;53;0.03
308;30;13;0
308;31;78;0.01
308;32;27;0.05
308;33;70;0.01
308;34;68;0
308;36;70;2.45
308;40;35;1.33
308;50;59;0.03
308;53;56;0.02
308;68;60;0.36
308;69;50;0.1
308;70;60;0.03
308;283;95;0
308;300;52;0
308;301;71;0
308;302;68;0
308;303;64;0
308;305;2147483647;0
308;307;66;0
308;339;81;0
308;346;62;0.06
308;375;58;0.43
339;1;45;0
339;2;48;0
339;3;38;0
339;4;43;0
339;5;5;0
339;6;19;0
339;7;35;0
339;8;38;0
339;9;78;0
339;10;70;0
339;11;72;0
339;12;33;0
339;13;11;0
339;14;80;0
339;15;20;0
339;16;19;0
339;17;34;0
339;18;17;0
339;19;60;0
339;20;38;0
339;21;51;0
339;22;49;0
339;23;66;0
339;24;72;0
339;25;51;0
339;26;64;0
339;27;31;0
339;28;76;0
339;29;28;0
339;30;74;0
339;31;3;0
339;32;50;0
339;33;37;0
339;34;80;0
339;36;54;0
339;40;69;0
339;50;76;0
339;53;73;0
339;68;60;0
339;69;51;0
339;70;66;0
339;283;20;0
339;300;49;0
339;301;60;0
339;302;57;0
339;303;53;0
339;305;2147483647;0
339;307;55;0
339;308;87;0
339;346;51;0
339;375;83;0
346;1;12;0
346;2;25;0
346;3;35;0.09
346;4;35;0
346;5;30;0.39
346;6;40;0.1
346;7;26;0
346;8;13;10.46
346;9;44;0
346;10;40;0.13
346;11;40;0
346;12;18;0.6
346;13;45;0.21
346;14;50;0.05
346;15;36;0.03
346;16;37;0
346;17;39;0
346;18;39;0
346;19;27;0
346;20;3;8.41
346;21;13;0
346;22;5;0.77
346;23;34;0
346;24;42;0
346;25;7;0
346;26;31;0
346;27;44;0.11
346;28;46;0.15
346;29;20;0.18
346;30;44;0
346;31;46;0.06
346;32;30;0.13
346;33;45;0.02
346;34;31;0
346;36;16;30.84
346;40;43;4.83
346;50;26;0.8
346;53;29;0.25
346;68;43;0.4
346;69;32;0.47
346;70;30;0.33
346;283;41;0
346;300;10;0
346;301;9;0
346;302;6;0
346;303;2;0
346;305;2147483647;0
346;307;4;0
346;308;57;0.06
346;339;43;0
346;375;64;0.25
375;1;38;0
375;2;45;0
375;3;78;0.22
375;4;69;0
375;5;74;0.12
375;6;84;0.85
375;7;40;0
375;8;41;0
375;9;29;0
375;10;56;0.57
375;11;11;0
375;12;58;0.27
375;13;79;0.3
375;14;54;0.44
375;15;70;0.13
375;16;71;0
375;17;82;0
375;18;73;0
375;19;60;0
375;20;57;0.61
375;21;36;0
375;22;56;0.21
375;23;60;0
375;24;54;0
375;25;54;0
375;26;63;0
375;27;78;0.84
375;28;50;1.14
375;29;62;0.26
375;30;52;0
375;31;87;0.14
375;32;64;0.6
375;33;84;0.11
375;34;31;54.97
375;36;39;28.96
375;40;14;24.41
375;50;55;0.39
375;53;52;0.31
375;68;23;9.26
375;69;32;0.91
375;70;29;2.85
375;283;85;0
375;300;51;0
375;301;50;0
375;302;53;0
375;303;57;0
375;305;2147483647;0
375;307;55;0
375;308;61;0.43
375;339;90;0
375;346;59;0.25
