#line-id;line-code;direction;stop-order;stop-id;frequency;arrival_time;departure_time
1; 1H; >; 1; 1; 6; 0; 0
1; 1H; >; 2; 2; 6; 6; 6
1; 1H; >; 3; 3; 6; 12; 12
1; 1H; >; 4; 4; 6; 18; 18
1; 1H; >; 5; 5; 6; 24; 24
1; 1R; <; 1; 5; 6; 40; 40
1; 1R; <; 2; 4; 6; 46; 46
1; 1R; <; 3; 3; 6; 52; 52
1; 1R; <; 4; 2; 6; 58; 58
1; 1R; <; 5; 1; 6; 4; 4
2; 2H; >; 1; 6; 3; 1; 1
2; 2H; >; 2; 7; 3; 7; 7
2; 2H; >; 3; 8; 3; 13; 13
2; 2H; >; 4; 9; 3; 19; 19
2; 2H; >; 5; 10; 3; 25; 25
2; 2R; <; 1; 10; 3; 26; 26
2; 2R; <; 2; 9; 3; 32; 32
2; 2R; <; 3; 8; 3; 38; 38
2; 2R; <; 4; 7; 3; 44; 44
2; 2R; <; 5; 6; 3; 50; 50
3; 3H; >; 1; 11; 3; 48; 48
3; 3H; >; 2; 12; 3; 54; 54
3; 3H; >; 3; 13; 3; 60; 1
3; 3H; >; 4; 14; 3; 7; 7
3; 3H; >; 5; 15; 3; 13; 13
3; 3R; <; 1; 15; 3; 43; 43
3; 3R; <; 2; 14; 3; 49; 49
3; 3R; <; 3; 13; 3; 55; 55
3; 3R; <; 4; 12; 3; 1; 1
3; 3R; <; 5; 11; 3; 7; 7
4; 4H; >; 1; 16; 3; 37; 37
4; 4H; >; 2; 17; 3; 43; 43
4; 4H; >; 3; 18; 3; 49; 49
4; 4H; >; 4; 19; 3; 55; 55
4; 4H; >; 5; 20; 3; 1; 1
4; 4R; <; 1; 20; 3; 17; 17
4; 4R; <; 2; 19; 3; 23; 23
4; 4R; <; 3; 18; 3; 29; 29
4; 4R; <; 4; 17; 3; 35; 35
4; 4R; <; 5; 16; 3; 41; 41
5; 5H; >; 1; 21; 3; 1; 1
5; 5H; >; 2; 22; 3; 7; 7
5; 5H; >; 3; 23; 3; 13; 13
5; 5H; >; 4; 24; 3; 19; 19
5; 5H; >; 5; 25; 3; 25; 25
5; 5R; <; 1; 25; 3; 6; 6
5; 5R; <; 2; 24; 3; 12; 12
5; 5R; <; 3; 23; 3; 18; 18
5; 5R; <; 4; 22; 3; 24; 24
5; 5R; <; 5; 21; 3; 30; 30
8; 8H; >; 1; 3; 12; 55; 55
8; 8H; >; 2; 8; 12; 1; 1
8; 8H; >; 3; 13; 12; 8; 8
8; 8H; >; 4; 18; 12; 14; 14
8; 8H; >; 5; 23; 12; 20; 20
8; 8R; <; 1; 23; 12; 36; 36
8; 8R; <; 2; 18; 12; 42; 42
8; 8R; <; 3; 13; 12; 48; 50
8; 8R; <; 4; 8; 12; 56; 56
8; 8R; <; 5; 3; 12; 2; 2
