#origin-stop-id;destination-stop-id;perceived-travel-time;passengers
1;2;6;21
1;3;12;15
1;4;26;10
1;5;32;8
1;6;6;5
1;7;12;11
1;8;18;19
1;9;24;7
1;10;38;3
1;11;12;3
1;12;18;6
1;13;32;82
1;14;53;8
1;15;68;4
1;16;18;3
1;17;32;7
1;18;38;11
1;19;44;4
1;20;50;2
1;21;24;2
1;22;30;2
1;23;36;5
1;24;50;4
1;25;56;15
2;1;6;5
2;3;6;4
2;4;20;3
2;5;26;2
2;6;12;1
2;7;6;3
2;8;26;5
2;9;38;2
2;10;32;1
2;11;18;1
2;12;12;2
2;13;26;20
2;14;46;2
2;15;74;1
2;16;44;1
2;17;18;2
2;18;32;3
2;19;38;1
2;20;44;0
2;21;50;0
2;22;24;1
2;23;30;1
2;24;58;1
2;25;64;4
3;1;12;3
3;2;6;3
3;4;6;4
3;5;12;3
3;6;18;1
3;7;29;3
3;8;6;7
3;9;32;3
3;10;18;1
3;11;24;1
3;12;26;3
3;13;12;30
3;14;38;2
3;15;80;1
3;16;50;1
3;17;32;2
3;18;26;4
3;19;32;2
3;20;41;1
3;21;56;1
3;22;52;1
3;23;32;2
3;24;38;1
3;25;44;4
4;1;32;2
4;2;26;2
4;3;6;4
4;5;6;4
4;6;38;1
4;7;35;2
4;8;12;5
4;9;6;3
4;10;12;1
4;11;44;1
4;12;32;3
4;13;18;19
4;14;12;1
4;15;35;1
4;16;62;0
4;17;38;1
4;18;27;3
4;19;26;2
4;20;47;1
4;21;59;1
4;22;53;1
4;23;33;1
4;24;32;1
4;25;38;2
5;1;38;2
5;2;32;2
5;3;12;3
5;4;6;4
5;6;38;1
5;7;32;1
5;8;18;4
5;9;12;2
5;10;6;1
5;11;44;1
5;12;38;2
5;13;24;16
5;14;18;1
5;15;32;0
5;16;58;0
5;17;44;1
5;18;38;2
5;19;24;1
5;20;44;1
5;21;56;1
5;22;50;1
5;23;36;1
5;24;30;0
5;25;47;2
6;1;6;1
6;2;15;1
6;3;21;1
6;4;32;1
6;5;38;1
6;7;6;8
6;8;12;5
6;9;18;4
6;10;24;2
6;11;6;1
6;12;12;1
6;13;26;20
6;14;40;2
6;15;50;1
6;16;12;1
6;17;26;1
6;18;32;3
6;19;38;2
6;20;44;1
6;21;18;0
6;22;24;0
6;23;30;1
6;24;44;1
6;25;50;3
7;1;12;2
7;2;6;3
7;3;35;3
7;4;26;2
7;5;32;1
7;6;6;7
7;8;6;11
7;9;12;9
7;10;18;4
7;11;12;1
7;12;6;3
7;13;12;47
7;14;18;4
7;15;24;2
7;16;26;1
7;17;12;3
7;18;26;7
7;19;24;6
7;20;38;2
7;21;32;1
7;22;18;1
7;23;24;2
7;24;30;2
7;25;36;7
8;1;18;4
8;2;32;4
8;3;6;7
8;4;12;4
8;5;18;3
8;6;12;4
8;7;6;10
8;9;6;11
8;10;12;5
8;11;18;3
8;12;12;6
8;13;6;78
8;14;12;7
8;15;18;3
8;16;32;2
8;17;18;6
8;18;20;11
8;19;26;6
8;20;32;3
8;21;38;2
8;22;44;3
8;23;26;4
8;24;32;3
8;25;38;10
9;1;24;1
9;2;38;2
9;3;26;3
9;4;6;3
9;5;12;2
9;6;18;3
9;7;12;8
9;8;6;11
9;10;6;7
9;11;24;2
9;12;18;5
9;13;12;46
9;14;6;6
9;15;20;3
9;16;38;2
9;17;24;5
9;18;21;6
9;19;12;3
9;20;32;1
9;21;44;1
9;22;38;2
9;23;24;2
9;24;18;1
9;25;32;4
10;1;44;1
10;2;38;1
10;3;18;1
10;4;12;1
10;5;6;1
10;6;24;1
10;7;18;4
10;8;12;5
10;9;6;7
10;11;30;1
10;12;41;2
10;13;30;19
10;14;12;3
10;15;26;1
10;16;44;1
10;17;47;2
10;18;35;3
10;19;18;1
10;20;38;1
10;21;50;1
10;22;44;1
10;23;30;1
10;24;24;0
10;25;41;2
11;1;12;1
11;2;21;1
11;3;27;1
11;4;38;1
11;5;44;1
11;6;6;1
11;7;12;2
11;8;18;3
11;9;24;1
11;10;30;1
11;12;6;7
11;13;12;25
11;14;26;4
11;15;36;2
11;16;6;1
11;17;20;1
11;18;18;3
11;19;24;2
11;20;30;1
11;21;12;1
11;22;18;1
11;23;24;1
11;24;38;1
11;25;44;3
12;1;18;1
12;2;12;1
12;3;33;1
12;4;38;1
12;5;44;1
12;6;12;1
12;7;6;2
12;8;12;4
12;9;18;2
12;10;35;1
12;11;6;4
12;13;6;29
12;14;12;5
12;15;30;2
12;16;29;1
12;17;6;2
12;18;12;4
12;19;18;3
12;20;24;1
12;21;35;1
12;22;12;1
12;23;18;2
12;24;24;1
12;25;30;3
13;1;32;14
13;2;26;4
13;3;12;7
13;4;18;5
13;5;24;4
13;6;26;5
13;7;12;11
13;8;6;18
13;9;12;11
13;10;29;5
13;11;12;6
13;12;6;9
13;14;6;14
13;15;12;6
13;16;38;5
13;17;12;11
13;18;6;18
13;19;12;11
13;20;18;5
13;21;38;4
13;22;32;5
13;23;12;7
13;24;18;5
13;25;24;8
14;1;47;1
14;2;38;1
14;3;26;2
14;4;12;2
14;5;18;2
14;6;38;2
14;7;18;6
14;8;12;7
14;9;6;4
14;10;12;2
14;11;30;4
14;12;12;9
14;13;6;55
14;15;6;7
14;16;41;2
14;17;26;4
14;18;15;7
14;19;6;6
14;20;26;3
14;21;38;1
14;22;32;1
14;23;18;3
14;24;12;2
14;25;18;8
15;1;77;0
15;2;71;0
15;3;59;1
15;4;50;1
15;5;56;1
15;6;44;1
15;7;24;3
15;8;18;3
15;9;35;2
15;10;47;1
15;11;36;2
15;12;26;4
15;13;12;23
15;14;6;7
15;16;59;1
15;17;32;2
15;18;26;3
15;19;20;3
15;20;41;1
15;21;58;0
15;22;52;1
15;23;32;1
15;24;26;1
15;25;32;3
16;1;18;1
16;2;56;1
16;3;62;1
16;4;53;0
16;5;59;0
16;6;12;1
16;7;35;1
16;8;32;3
16;9;38;2
16;10;53;1
16;11;6;1
16;12;20;2
16;13;26;19
16;14;41;3
16;15;95;1
16;17;6;8
16;18;12;5
16;19;18;4
16;20;44;2
16;21;6;1
16;22;12;1
16;23;18;2
16;24;24;1
16;25;30;5
17;1;32;1
17;2;18;2
17;3;50;2
17;4;44;1
17;5;50;1
17;6;26;1
17;7;12;3
17;8;18;6
17;9;24;5
17;10;41;2
17;11;20;2
17;12;6;4
17;13;12;45
17;14;26;6
17;15;46;3
17;16;6;7
17;18;6;11
17;19;12;9
17;20;38;4
17;21;20;1
17;22;6;2
17;23;12;4
17;24;18;3
17;25;24;11
18;1;38;2
18;2;32;2
18;3;26;4
18;4;24;2
18;5;38;2
18;6;32;2
18;7;26;5
18;8;20;10
18;9;18;6
18;10;41;2
18;11;18;3
18;12;12;6
18;13;6;75
18;14;12;7
18;15;26;3
18;16;12;4
18;17;6;11
18;19;6;11
18;20;12;5
18;21;26;3
18;22;26;4
18;23;6;7
18;24;12;4
18;25;18;17
19;1;44;1
19;2;38;1
19;3;32;2
19;4;38;2
19;5;24;1
19;6;38;2
19;7;24;5
19;8;26;6
19;9;12;3
19;10;18;1
19;11;24;1
19;12;18;3
19;13;12;45
19;14;6;4
19;15;32;2
19;16;18;4
19;17;12;9
19;18;6;11
19;20;6;7
19;21;32;2
19;22;26;3
19;23;12;3
19;24;6;2
19;25;12;7
20;1;53;0
20;2;53;0
20;3;41;1
20;4;47;1
20;5;38;1
20;6;47;1
20;7;38;2
20;8;35;2
20;9;26;1
20;10;32;1
20;11;33;0
20;12;27;1
20;13;21;18
20;14;20;2
20;15;41;1
20;16;38;2
20;17;32;4
20;18;15;5
20;19;6;7
20;21;52;1
20;22;58;1
20;23;44;1
20;24;20;1
20;25;26;3
21;1;24;0
21;2;62;0
21;3;64;1
21;4;50;1
21;5;56;1
21;6;18;0
21;7;41;1
21;8;46;2
21;9;44;1
21;10;50;1
21;11;12;0
21;12;29;1
21;13;32;15
21;14;38;2
21;15;94;1
21;16;6;1
21;17;20;1
21;18;26;4
21;19;32;2
21;20;46;1
21;22;6;5
21;23;12;3
21;24;26;2
21;25;44;8
22;1;30;0
22;2;24;0
22;3;58;1
22;4;44;1
22;5;50;1
22;6;24;0
22;7;18;1
22;8;46;2
22;9;38;2
22;10;44;1
22;11;18;1
22;12;12;1
22;13;26;18
22;14;32;2
22;15;52;1
22;16;12;1
22;17;6;2
22;18;20;5
22;19;26;3
22;20;40;1
22;21;6;4
22;23;6;4
22;24;20;3
22;25;43;9
23;1;36;1
23;2;30;1
23;3;44;2
23;4;30;1
23;5;36;1
23;6;30;1
23;7;24;2
23;8;38;4
23;9;24;2
23;10;30;1
23;11;24;1
23;12;18;3
23;13;12;28
23;14;18;2
23;15;58;1
23;16;18;1
23;17;12;3
23;18;6;7
23;19;12;3
23;20;26;1
23;21;12;3
23;22;6;4
23;24;6;4
23;25;29;13
24;1;50;1
24;2;44;1
24;3;38;1
24;4;44;0
24;5;30;0
24;6;44;1
24;7;30;2
24;8;32;2
24;9;18;1
24;10;24;0
24;11;38;1
24;12;24;2
24;13;18;17
24;14;12;1
24;15;67;0
24;16;24;1
24;17;18;3
24;18;12;4
24;19;6;2
24;20;20;1
24;21;26;2
24;22;20;2
24;23;6;4
24;25;6;19
25;1;56;1
25;2;50;1
25;3;44;1
25;4;50;0
25;5;46;0
25;6;50;0
25;7;36;1
25;8;38;2
25;9;34;1
25;10;40;0
25;11;44;1
25;12;30;2
25;13;24;13
25;14;18;1
25;15;73;0
25;16;30;1
25;17;24;2
25;18;18;3
25;19;12;1
25;20;26;1
25;21;43;1
25;22;37;2
25;23;23;3
25;24;6;4
