#event-id; time
1; 27
2; 29
3; 29
4; 31
5; 31
6; 33
7; 33
8; 35
9; 35
10; 37
11; 37
12; 39
13; 39
14; 41
15; 41
16; 43
17; 43
18; 45
19; 45
20; 47
21; 47
22; 49
23; 49
24; 50
25; 47
26; 49
27; 49
28; 51
29; 51
30; 53
31; 53
32; 55
33; 55
34; 57
35; 57
36; 59
37; 59
38; 1
39; 1
40; 3
41; 3
42; 5
43; 5
44; 7
45; 7
46; 9
47; 9
48; 10
49; 7
50; 9
51; 9
52; 11
53; 11
54; 13
55; 13
56; 15
57; 15
58; 17
59; 17
60; 19
61; 19
62; 21
63; 21
64; 23
65; 23
66; 25
67; 25
68; 27
69; 27
70; 29
71; 29
72; 30
73; 0
74; 1
75; 1
76; 3
77; 3
78; 5
79; 5
80; 7
81; 7
82; 9
83; 9
84; 11
85; 11
86; 13
87; 13
88; 15
89; 15
90; 17
91; 17
92; 19
93; 19
94; 21
95; 21
96; 23
97; 20
98; 21
99; 21
100; 23
101; 23
102; 25
103; 25
104; 27
105; 27
106; 29
107; 29
108; 31
109; 31
110; 33
111; 33
112; 35
113; 35
114; 37
115; 37
116; 39
117; 39
118; 41
119; 41
120; 43
121; 40
122; 41
123; 41
124; 43
125; 43
126; 45
127; 45
128; 47
129; 47
130; 49
131; 49
132; 51
133; 51
134; 53
135; 53
136; 55
137; 55
138; 57
139; 57
140; 59
141; 59
142; 1
143; 1
144; 3
145; 0
146; 2
147; 2
148; 4
149; 4
150; 6
151; 6
152; 8
153; 8
154; 10
155; 10
156; 12
157; 12
158; 14
159; 14
160; 16
161; 16
162; 18
163; 18
164; 20
165; 20
166; 22
167; 20
168; 22
169; 22
170; 24
171; 24
172; 26
173; 26
174; 28
175; 28
176; 30
177; 30
178; 32
179; 32
180; 34
181; 34
182; 36
183; 36
184; 38
185; 38
186; 40
187; 40
188; 42
189; 40
190; 42
191; 42
192; 44
193; 44
194; 46
195; 46
196; 48
197; 48
198; 50
199; 50
200; 52
201; 52
202; 54
203; 54
204; 56
205; 56
206; 58
207; 58
208; 0
209; 0
210; 2
211; 0
212; 2
213; 2
214; 4
215; 4
216; 6
217; 6
218; 8
219; 8
220; 10
221; 10
222; 12
223; 12
224; 14
225; 14
226; 16
227; 16
228; 18
229; 18
230; 20
231; 20
232; 22
233; 20
234; 22
235; 22
236; 24
237; 24
238; 26
239; 26
240; 28
241; 28
242; 30
243; 30
244; 32
245; 32
246; 34
247; 34
248; 36
249; 36
250; 38
251; 38
252; 40
253; 40
254; 42
255; 40
256; 42
257; 42
258; 44
259; 44
260; 46
261; 46
262; 48
263; 48
264; 50
265; 50
266; 52
267; 52
268; 54
269; 54
270; 56
271; 56
272; 58
273; 58
274; 0
275; 0
276; 2
277; 29
278; 31
279; 31
280; 33
281; 33
282; 35
283; 35
284; 37
285; 37
286; 39
287; 39
288; 41
289; 41
290; 43
291; 43
292; 45
293; 45
294; 47
295; 47
296; 49
297; 49
298; 51
299; 49
300; 51
301; 51
302; 53
303; 53
304; 55
305; 55
306; 57
307; 57
308; 59
309; 59
310; 1
311; 1
312; 3
313; 3
314; 5
315; 5
316; 7
317; 7
318; 9
319; 9
320; 11
321; 9
322; 11
323; 11
324; 13
325; 13
326; 15
327; 15
328; 17
329; 17
330; 19
331; 19
332; 21
333; 21
334; 23
335; 23
336; 25
337; 25
338; 27
339; 27
340; 29
341; 29
342; 31
343; 0
344; 2
345; 2
346; 4
347; 4
348; 6
349; 6
350; 8
351; 8
352; 10
353; 10
354; 12
355; 12
356; 14
357; 14
358; 16
359; 16
360; 18
361; 18
362; 20
363; 20
364; 22
365; 20
366; 22
367; 22
368; 24
369; 24
370; 26
371; 26
372; 28
373; 28
374; 30
375; 30
376; 32
377; 32
378; 34
379; 34
380; 36
381; 36
382; 38
383; 38
384; 40
385; 40
386; 42
387; 40
388; 42
389; 42
390; 44
391; 44
392; 46
393; 46
394; 48
395; 48
396; 50
397; 50
398; 52
399; 52
400; 54
401; 54
402; 56
403; 56
404; 58
405; 58
406; 0
407; 0
408; 2
409; 44
410; 46
411; 46
412; 48
413; 48
414; 50
415; 50
416; 52
417; 52
418; 54
419; 54
420; 56
421; 56
422; 58
423; 58
424; 0
425; 0
426; 2
427; 2
428; 4
429; 4
430; 6
431; 54
432; 56
433; 56
434; 58
435; 58
436; 0
437; 0
438; 2
439; 2
440; 4
441; 4
442; 6
443; 6
444; 8
445; 8
446; 10
447; 10
448; 12
449; 12
450; 14
451; 14
452; 16
453; 4
454; 6
455; 6
456; 8
457; 8
458; 10
459; 10
460; 12
461; 12
462; 14
463; 14
464; 16
465; 16
466; 18
467; 18
468; 20
469; 20
470; 22
471; 22
472; 24
473; 24
474; 26
475; 14
476; 16
477; 16
478; 18
479; 18
480; 20
481; 20
482; 22
483; 22
484; 24
485; 24
486; 26
487; 26
488; 28
489; 28
490; 30
491; 30
492; 32
493; 32
494; 34
495; 34
496; 36
497; 24
498; 26
499; 26
500; 28
501; 28
502; 30
503; 30
504; 32
505; 32
506; 34
507; 34
508; 36
509; 36
510; 38
511; 38
512; 40
513; 40
514; 42
515; 42
516; 44
517; 44
518; 46
519; 34
520; 36
521; 36
522; 38
523; 38
524; 40
525; 40
526; 42
527; 42
528; 44
529; 44
530; 46
531; 46
532; 48
533; 48
534; 50
535; 50
536; 52
537; 52
538; 54
539; 54
540; 56
541; 0
542; 2
543; 2
544; 4
545; 4
546; 6
547; 6
548; 8
549; 8
550; 10
551; 10
552; 12
553; 12
554; 14
555; 14
556; 16
557; 16
558; 18
559; 18
560; 20
561; 20
562; 22
563; 10
564; 12
565; 12
566; 14
567; 14
568; 16
569; 16
570; 18
571; 18
572; 20
573; 20
574; 22
575; 22
576; 24
577; 24
578; 26
579; 26
580; 28
581; 28
582; 30
583; 30
584; 32
585; 20
586; 22
587; 22
588; 24
589; 24
590; 26
591; 26
592; 28
593; 28
594; 30
595; 30
596; 32
597; 32
598; 34
599; 34
600; 36
601; 36
602; 38
603; 38
604; 40
605; 40
606; 42
607; 30
608; 32
609; 32
610; 34
611; 34
612; 36
613; 36
614; 38
615; 38
616; 40
617; 40
618; 42
619; 42
620; 44
621; 44
622; 46
623; 46
624; 48
625; 48
626; 50
627; 50
628; 52
629; 40
630; 42
631; 42
632; 44
633; 44
634; 46
635; 46
636; 48
637; 48
638; 50
639; 50
640; 52
641; 52
642; 54
643; 54
644; 56
645; 56
646; 58
647; 58
648; 0
649; 0
650; 2
651; 50
652; 52
653; 52
654; 54
655; 54
656; 56
657; 56
658; 58
659; 58
660; 0
661; 0
662; 2
663; 2
664; 4
665; 4
666; 6
667; 6
668; 8
669; 8
670; 10
671; 10
672; 12
673; 3
674; 5
675; 5
676; 7
677; 7
678; 9
679; 9
680; 11
681; 11
682; 13
683; 13
684; 15
685; 15
686; 17
687; 17
688; 19
689; 19
690; 21
691; 21
692; 23
693; 23
694; 25
695; 13
696; 15
697; 15
698; 17
699; 17
700; 19
701; 19
702; 21
703; 21
704; 23
705; 23
706; 25
707; 25
708; 27
709; 27
710; 29
711; 29
712; 31
713; 31
714; 33
715; 33
716; 35
717; 23
718; 25
719; 25
720; 27
721; 27
722; 29
723; 29
724; 31
725; 31
726; 33
727; 33
728; 35
729; 35
730; 37
731; 37
732; 39
733; 39
734; 41
735; 41
736; 43
737; 43
738; 45
739; 33
740; 35
741; 35
742; 37
743; 37
744; 39
745; 39
746; 41
747; 41
748; 43
749; 43
750; 45
751; 45
752; 47
753; 47
754; 49
755; 49
756; 51
757; 51
758; 53
759; 53
760; 55
761; 43
762; 45
763; 45
764; 47
765; 47
766; 49
767; 49
768; 51
769; 51
770; 53
771; 53
772; 55
773; 55
774; 57
775; 57
776; 59
777; 59
778; 1
779; 1
780; 3
781; 3
782; 5
783; 53
784; 55
785; 55
786; 57
787; 57
788; 59
789; 59
790; 1
791; 1
792; 3
793; 3
794; 5
795; 5
796; 7
797; 7
798; 9
799; 9
800; 11
801; 11
802; 13
803; 13
804; 15
805; 42
806; 44
807; 44
808; 46
809; 46
810; 48
811; 48
812; 50
813; 50
814; 52
815; 52
816; 54
817; 54
818; 56
819; 56
820; 58
821; 58
822; 0
823; 0
824; 2
825; 2
826; 4
827; 52
828; 54
829; 54
830; 56
831; 56
832; 58
833; 58
834; 0
835; 0
836; 2
837; 2
838; 4
839; 4
840; 6
841; 6
842; 8
843; 8
844; 10
845; 10
846; 12
847; 12
848; 14
849; 2
850; 4
851; 4
852; 6
853; 6
854; 8
855; 8
856; 10
857; 10
858; 12
859; 12
860; 14
861; 14
862; 16
863; 16
864; 18
865; 18
866; 20
867; 20
868; 22
869; 22
870; 24
871; 12
872; 14
873; 14
874; 16
875; 16
876; 18
877; 18
878; 20
879; 20
880; 22
881; 22
882; 24
883; 24
884; 26
885; 26
886; 28
887; 28
888; 30
889; 30
890; 32
891; 32
892; 34
893; 22
894; 24
895; 24
896; 26
897; 26
898; 28
899; 28
900; 30
901; 30
902; 32
903; 32
904; 34
905; 34
906; 36
907; 36
908; 38
909; 38
910; 40
911; 40
912; 42
913; 42
914; 44
915; 32
916; 34
917; 34
918; 36
919; 36
920; 38
921; 38
922; 40
923; 40
924; 42
925; 42
926; 44
927; 44
928; 46
929; 46
930; 48
931; 48
932; 50
933; 50
934; 52
935; 52
936; 54
937; 57
938; 59
939; 59
940; 1
941; 1
942; 3
943; 3
944; 5
945; 5
946; 7
947; 7
948; 9
949; 9
950; 11
951; 11
952; 13
953; 13
954; 15
955; 15
956; 17
957; 17
958; 19
959; 17
960; 19
961; 19
962; 21
963; 21
964; 23
965; 23
966; 25
967; 25
968; 27
969; 27
970; 29
971; 29
972; 31
973; 31
974; 33
975; 33
976; 35
977; 35
978; 37
979; 37
980; 39
981; 37
982; 39
983; 39
984; 41
985; 41
986; 43
987; 43
988; 45
989; 45
990; 47
991; 47
992; 49
993; 49
994; 51
995; 51
996; 53
997; 53
998; 55
999; 55
1000; 57
1001; 57
1002; 59
1003; 0
1004; 2
1005; 2
1006; 4
1007; 4
1008; 6
1009; 6
1010; 8
1011; 8
1012; 10
1013; 10
1014; 12
1015; 12
1016; 14
1017; 14
1018; 16
1019; 16
1020; 18
1021; 18
1022; 20
1023; 20
1024; 22
1025; 20
1026; 22
1027; 22
1028; 24
1029; 24
1030; 26
1031; 26
1032; 28
1033; 28
1034; 30
1035; 30
1036; 32
1037; 32
1038; 34
1039; 34
1040; 36
1041; 36
1042; 38
1043; 38
1044; 40
1045; 40
1046; 42
1047; 40
1048; 42
1049; 42
1050; 44
1051; 44
1052; 46
1053; 46
1054; 48
1055; 48
1056; 50
1057; 50
1058; 52
1059; 52
1060; 54
1061; 54
1062; 56
1063; 56
1064; 58
1065; 58
1066; 0
1067; 0
1068; 2
1069; 43
1070; 45
1071; 45
1072; 47
1073; 47
1074; 49
1075; 49
1076; 51
1077; 51
1078; 53
1079; 53
1080; 55
1081; 55
1082; 57
1083; 57
1084; 59
1085; 59
1086; 1
1087; 1
1088; 3
1089; 3
1090; 5
1091; 3
1092; 5
1093; 5
1094; 7
1095; 7
1096; 9
1097; 9
1098; 11
1099; 11
1100; 13
1101; 13
1102; 15
1103; 15
1104; 17
1105; 17
1106; 19
1107; 19
1108; 21
1109; 21
1110; 23
1111; 23
1112; 25
1113; 23
1114; 25
1115; 25
1116; 27
1117; 27
1118; 29
1119; 29
1120; 31
1121; 31
1122; 33
1123; 33
1124; 35
1125; 35
1126; 37
1127; 37
1128; 39
1129; 39
1130; 41
1131; 41
1132; 43
1133; 43
1134; 45
1135; 16
1136; 18
1137; 18
1138; 20
1139; 20
1140; 22
1141; 22
1142; 24
1143; 24
1144; 26
1145; 26
1146; 28
1147; 28
1148; 30
1149; 30
1150; 32
1151; 32
1152; 34
1153; 34
1154; 36
1155; 36
1156; 38
1157; 36
1158; 38
1159; 38
1160; 40
1161; 40
1162; 42
1163; 42
1164; 44
1165; 44
1166; 46
1167; 46
1168; 48
1169; 48
1170; 50
1171; 50
1172; 52
1173; 52
1174; 54
1175; 54
1176; 56
1177; 56
1178; 58
1179; 56
1180; 58
1181; 58
1182; 0
1183; 0
1184; 2
1185; 2
1186; 4
1187; 4
1188; 6
1189; 6
1190; 8
1191; 8
1192; 10
1193; 10
1194; 12
1195; 12
1196; 14
1197; 14
1198; 16
1199; 16
1200; 18
1201; 0
1202; 2
1203; 2
1204; 4
1205; 4
1206; 6
1207; 6
1208; 8
1209; 8
1210; 10
1211; 10
1212; 12
1213; 12
1214; 14
1215; 14
1216; 16
1217; 16
1218; 18
1219; 18
1220; 20
1221; 20
1222; 22
1223; 20
1224; 22
1225; 22
1226; 24
1227; 24
1228; 26
1229; 26
1230; 28
1231; 28
1232; 30
1233; 30
1234; 32
1235; 32
1236; 34
1237; 34
1238; 36
1239; 36
1240; 38
1241; 38
1242; 40
1243; 40
1244; 42
1245; 40
1246; 42
1247; 42
1248; 44
1249; 44
1250; 46
1251; 46
1252; 48
1253; 48
1254; 50
1255; 50
1256; 52
1257; 52
1258; 54
1259; 54
1260; 56
1261; 56
1262; 58
1263; 58
1264; 0
1265; 0
1266; 2
1267; 15
1268; 17
1269; 17
1270; 19
1271; 19
1272; 21
1273; 21
1274; 23
1275; 23
1276; 25
1277; 25
1278; 27
1279; 27
1280; 29
1281; 29
1282; 31
1283; 31
1284; 33
1285; 33
1286; 35
1287; 35
1288; 37
1289; 35
1290; 37
1291; 37
1292; 39
1293; 39
1294; 41
1295; 41
1296; 43
1297; 43
1298; 45
1299; 45
1300; 47
1301; 47
1302; 49
1303; 49
1304; 51
1305; 51
1306; 53
1307; 53
1308; 55
1309; 55
1310; 57
1311; 55
1312; 57
1313; 57
1314; 59
1315; 59
1316; 1
1317; 1
1318; 3
1319; 3
1320; 5
1321; 5
1322; 7
1323; 7
1324; 9
1325; 9
1326; 11
1327; 11
1328; 13
1329; 13
1330; 15
1331; 15
1332; 17
1333; 0
1334; 1
1335; 1
1336; 3
1337; 3
1338; 5
1339; 5
1340; 7
1341; 7
1342; 9
1343; 9
1344; 11
1345; 11
1346; 13
1347; 13
1348; 15
1349; 15
1350; 17
1351; 17
1352; 19
1353; 0
1354; 2
1355; 2
1356; 4
1357; 4
1358; 6
1359; 6
1360; 8
1361; 8
1362; 10
1363; 10
1364; 12
1365; 12
1366; 14
1367; 14
1368; 16
1369; 16
1370; 18
1371; 18
1372; 19
1373; 36
1374; 38
1375; 38
1376; 40
1377; 40
1378; 42
1379; 42
1380; 44
1381; 44
1382; 46
1383; 46
1384; 48
1385; 48
1386; 50
1387; 50
1388; 52
1389; 52
1390; 54
1391; 54
1392; 56
1393; 0
1394; 2
1395; 2
1396; 4
1397; 4
1398; 6
1399; 6
1400; 8
1401; 8
1402; 10
1403; 10
1404; 12
1405; 12
1406; 14
1407; 14
1408; 16
1409; 16
1410; 18
1411; 18
1412; 20
1413; 0
1414; 2
1415; 2
1416; 4
1417; 4
1418; 6
1419; 6
1420; 8
1421; 8
1422; 10
1423; 10
1424; 12
1425; 12
1426; 14
1427; 14
1428; 16
1429; 16
1430; 18
1431; 18
1432; 20
1433; 30
1434; 32
1435; 32
1436; 34
1437; 34
1438; 36
1439; 36
1440; 38
1441; 38
1442; 40
1443; 40
1444; 42
1445; 42
1446; 44
1447; 44
1448; 46
1449; 46
1450; 48
1451; 48
1452; 50
1453; 0
1454; 2
1455; 2
1456; 4
1457; 4
1458; 6
1459; 6
1460; 8
1461; 8
1462; 10
1463; 10
1464; 12
1465; 12
1466; 14
1467; 14
1468; 16
1469; 16
1470; 18
1471; 18
1472; 20
1473; 30
1474; 32
1475; 32
1476; 34
1477; 34
1478; 36
1479; 36
1480; 38
1481; 38
1482; 40
1483; 40
1484; 42
1485; 42
1486; 44
1487; 44
1488; 46
1489; 46
1490; 48
1491; 48
1492; 50
1493; 0
1494; 2
1495; 2
1496; 4
1497; 4
1498; 6
1499; 6
1500; 8
1501; 8
1502; 10
1503; 10
1504; 12
1505; 12
1506; 14
1507; 14
1508; 16
1509; 16
1510; 18
1511; 18
1512; 20
1513; 30
1514; 32
1515; 32
1516; 34
1517; 34
1518; 36
1519; 36
1520; 38
1521; 38
1522; 40
1523; 40
1524; 42
1525; 42
1526; 44
1527; 44
1528; 46
1529; 46
1530; 48
1531; 48
1532; 50
1533; 0
1534; 2
1535; 2
1536; 4
1537; 4
1538; 6
1539; 6
1540; 8
1541; 8
1542; 10
1543; 10
1544; 12
1545; 12
1546; 14
1547; 14
1548; 16
1549; 16
1550; 18
1551; 18
1552; 20
1553; 30
1554; 32
1555; 32
1556; 34
1557; 34
1558; 36
1559; 36
1560; 38
1561; 38
1562; 40
1563; 40
1564; 42
1565; 42
1566; 44
1567; 44
1568; 46
1569; 46
1570; 48
1571; 48
1572; 50
1573; 49
1574; 51
1575; 51
1576; 53
1577; 53
1578; 55
1579; 55
1580; 57
1581; 57
1582; 59
1583; 59
1584; 1
1585; 1
1586; 3
1587; 3
1588; 5
1589; 5
1590; 7
1591; 7
1592; 9
1593; 4
1594; 6
1595; 6
1596; 8
1597; 8
1598; 10
1599; 10
1600; 12
1601; 12
1602; 14
1603; 14
1604; 16
1605; 16
1606; 18
1607; 18
1608; 20
1609; 20
1610; 22
1611; 22
1612; 24
1613; 19
1614; 21
1615; 21
1616; 23
1617; 23
1618; 25
1619; 25
1620; 27
1621; 27
1622; 29
1623; 29
1624; 31
1625; 31
1626; 33
1627; 33
1628; 35
1629; 35
1630; 37
1631; 37
1632; 39
1633; 34
1634; 36
1635; 36
1636; 38
1637; 38
1638; 40
1639; 40
1640; 42
1641; 42
1642; 44
1643; 44
1644; 46
1645; 46
1646; 48
1647; 48
1648; 50
1649; 50
1650; 52
1651; 52
1652; 54
1653; 57
1654; 59
1655; 59
1656; 1
1657; 1
1658; 3
1659; 3
1660; 5
1661; 5
1662; 7
1663; 7
1664; 9
1665; 9
1666; 11
1667; 11
1668; 13
1669; 13
1670; 15
1671; 15
1672; 17
1673; 12
1674; 14
1675; 14
1676; 16
1677; 16
1678; 18
1679; 18
1680; 20
1681; 20
1682; 22
1683; 22
1684; 24
1685; 24
1686; 26
1687; 26
1688; 28
1689; 28
1690; 30
1691; 30
1692; 32
1693; 27
1694; 29
1695; 29
1696; 31
1697; 31
1698; 33
1699; 33
1700; 35
1701; 35
1702; 37
1703; 37
1704; 39
1705; 39
1706; 41
1707; 41
1708; 43
1709; 43
1710; 45
1711; 45
1712; 47
1713; 42
1714; 44
1715; 44
1716; 46
1717; 46
1718; 48
1719; 48
1720; 50
1721; 50
1722; 52
1723; 52
1724; 54
1725; 54
1726; 56
1727; 56
1728; 58
1729; 58
1730; 0
1731; 0
1732; 2
1733; 0
1734; 2
1735; 2
1736; 4
1737; 4
1738; 6
1739; 6
1740; 8
1741; 8
1742; 10
1743; 10
1744; 12
1745; 12
1746; 14
1747; 14
1748; 16
1749; 16
1750; 18
1751; 18
1752; 20
1753; 30
1754; 32
1755; 32
1756; 34
1757; 34
1758; 36
1759; 36
1760; 38
1761; 38
1762; 40
1763; 40
1764; 42
1765; 42
1766; 44
1767; 44
1768; 46
1769; 46
1770; 48
1771; 48
1772; 50
1773; 0
1774; 2
1775; 2
1776; 4
1777; 4
1778; 6
1779; 6
1780; 8
1781; 8
1782; 10
1783; 10
1784; 12
1785; 12
1786; 14
1787; 14
1788; 16
1789; 16
1790; 18
1791; 18
1792; 20
1793; 30
1794; 32
1795; 32
1796; 34
1797; 34
1798; 36
1799; 36
1800; 38
1801; 38
1802; 40
1803; 40
1804; 42
1805; 42
1806; 44
1807; 44
1808; 46
1809; 46
1810; 48
1811; 48
1812; 50
1813; 0
1814; 2
1815; 2
1816; 4
1817; 4
1818; 6
1819; 6
1820; 8
1821; 8
1822; 10
1823; 10
1824; 12
1825; 12
1826; 14
1827; 14
1828; 16
1829; 16
1830; 18
1831; 18
1832; 20
1833; 10
1834; 12
1835; 12
1836; 14
1837; 14
1838; 16
1839; 16
1840; 18
1841; 18
1842; 20
1843; 20
1844; 22
1845; 22
1846; 24
1847; 24
1848; 26
1849; 26
1850; 28
1851; 28
1852; 30
1853; 20
1854; 22
1855; 22
1856; 24
1857; 24
1858; 26
1859; 26
1860; 28
1861; 28
1862; 30
1863; 30
1864; 32
1865; 32
1866; 34
1867; 34
1868; 36
1869; 36
1870; 38
1871; 38
1872; 40
1873; 30
1874; 32
1875; 32
1876; 34
1877; 34
1878; 36
1879; 36
1880; 38
1881; 38
1882; 40
1883; 40
1884; 42
1885; 42
1886; 44
1887; 44
1888; 46
1889; 46
1890; 48
1891; 48
1892; 50
1893; 40
1894; 42
1895; 42
1896; 44
1897; 44
1898; 46
1899; 46
1900; 48
1901; 48
1902; 50
1903; 50
1904; 52
1905; 52
1906; 54
1907; 54
1908; 56
1909; 56
1910; 58
1911; 58
1912; 0
1913; 50
1914; 52
1915; 52
1916; 54
1917; 54
1918; 56
1919; 56
1920; 58
1921; 58
1922; 0
1923; 0
1924; 2
1925; 2
1926; 4
1927; 4
1928; 6
1929; 6
1930; 8
1931; 8
1932; 10
1933; 32
1934; 34
1935; 34
1936; 36
1937; 36
1938; 38
1939; 38
1940; 40
1941; 40
1942; 42
1943; 42
1944; 44
1945; 44
1946; 46
1947; 46
1948; 48
1949; 48
1950; 50
1951; 50
1952; 52
1953; 42
1954; 44
1955; 44
1956; 46
1957; 46
1958; 48
1959; 48
1960; 50
1961; 50
1962; 52
1963; 52
1964; 54
1965; 54
1966; 56
1967; 56
1968; 58
1969; 58
1970; 0
1971; 0
1972; 2
1973; 52
1974; 54
1975; 54
1976; 56
1977; 56
1978; 58
1979; 58
1980; 0
1981; 0
1982; 2
1983; 2
1984; 4
1985; 4
1986; 6
1987; 6
1988; 8
1989; 8
1990; 10
1991; 10
1992; 12
1993; 2
1994; 4
1995; 4
1996; 6
1997; 6
1998; 8
1999; 8
2000; 10
2001; 10
2002; 12
2003; 12
2004; 14
2005; 14
2006; 16
2007; 16
2008; 18
2009; 18
2010; 20
2011; 20
2012; 22
2013; 12
2014; 14
2015; 14
2016; 16
2017; 16
2018; 18
2019; 18
2020; 20
2021; 20
2022; 22
2023; 22
2024; 24
2025; 24
2026; 26
2027; 26
2028; 28
2029; 28
2030; 30
2031; 30
2032; 32
2033; 22
2034; 24
2035; 24
2036; 26
2037; 26
2038; 28
2039; 28
2040; 30
2041; 30
2042; 32
2043; 32
2044; 34
2045; 34
2046; 36
2047; 36
2048; 38
2049; 38
2050; 40
2051; 40
2052; 42
2053; 19
2054; 21
2055; 21
2056; 23
2057; 23
2058; 25
2059; 25
2060; 27
2061; 27
2062; 29
2063; 29
2064; 31
2065; 31
2066; 33
2067; 33
2068; 35
2069; 35
2070; 37
2071; 37
2072; 39
2073; 39
2074; 41
2075; 41
2076; 43
2077; 43
2078; 45
2079; 45
2080; 47
2081; 47
2082; 49
2083; 49
2084; 51
2085; 51
2086; 53
2087; 53
2088; 55
2089; 55
2090; 57
2091; 57
2092; 59
2093; 59
2094; 1
2095; 1
2096; 3
2097; 3
2098; 5
2099; 5
2100; 7
2101; 7
2102; 9
2103; 9
2104; 11
2105; 11
2106; 13
2107; 13
2108; 15
2109; 15
2110; 17
2111; 17
2112; 19
2113; 58
2114; 0
2115; 0
2116; 2
2117; 2
2118; 4
2119; 4
2120; 6
2121; 6
2122; 8
2123; 8
2124; 10
2125; 10
2126; 12
2127; 12
2128; 14
2129; 14
2130; 16
2131; 16
2132; 18
2133; 18
2134; 20
2135; 20
2136; 22
2137; 22
2138; 24
2139; 24
2140; 26
2141; 26
2142; 28
2143; 28
2144; 30
2145; 30
2146; 32
2147; 32
2148; 34
2149; 34
2150; 36
2151; 36
2152; 38
2153; 38
2154; 40
2155; 40
2156; 42
2157; 42
2158; 44
2159; 44
2160; 46
2161; 46
2162; 48
2163; 48
2164; 50
2165; 50
2166; 52
2167; 52
2168; 54
2169; 54
2170; 56
2171; 56
2172; 58
2173; 29
2174; 31
2175; 31
2176; 33
2177; 33
2178; 35
2179; 35
2180; 37
2181; 37
2182; 39
2183; 39
2184; 41
2185; 41
2186; 43
2187; 43
2188; 45
2189; 45
2190; 47
2191; 47
2192; 49
2193; 0
2194; 2
2195; 2
2196; 4
2197; 4
2198; 6
2199; 6
2200; 8
2201; 8
2202; 10
2203; 10
2204; 12
2205; 12
2206; 14
2207; 14
2208; 16
2209; 16
2210; 18
2211; 18
2212; 20
2213; 39
2214; 41
2215; 41
2216; 43
2217; 43
2218; 45
2219; 45
2220; 47
2221; 47
2222; 49
2223; 49
2224; 51
2225; 51
2226; 53
2227; 53
2228; 55
2229; 55
2230; 57
2231; 57
2232; 59
2233; 59
2234; 1
2235; 1
2236; 3
2237; 3
2238; 5
2239; 5
2240; 7
2241; 7
2242; 9
2243; 9
2244; 11
2245; 11
2246; 13
2247; 13
2248; 15
2249; 15
2250; 17
2251; 17
2252; 19
2253; 19
2254; 21
2255; 21
2256; 23
2257; 23
2258; 25
2259; 25
2260; 27
2261; 27
2262; 29
2263; 29
2264; 31
2265; 31
2266; 33
2267; 33
2268; 35
2269; 35
2270; 37
2271; 37
2272; 39
2273; 55
2274; 57
2275; 57
2276; 59
2277; 59
2278; 1
2279; 1
2280; 3
2281; 3
2282; 5
2283; 5
2284; 7
2285; 7
2286; 9
2287; 9
2288; 11
2289; 11
2290; 13
2291; 13
2292; 15
2293; 15
2294; 17
2295; 17
2296; 19
2297; 19
2298; 21
2299; 21
2300; 23
2301; 23
2302; 25
2303; 25
2304; 27
2305; 27
2306; 29
2307; 29
2308; 31
2309; 31
2310; 33
2311; 33
2312; 35
2313; 35
2314; 37
2315; 37
2316; 39
2317; 39
2318; 41
2319; 41
2320; 43
2321; 43
2322; 45
2323; 45
2324; 47
2325; 47
2326; 49
2327; 49
2328; 51
2329; 51
2330; 53
2331; 53
2332; 55
2333; 0
2334; 2
2335; 2
2336; 4
2337; 4
2338; 6
2339; 6
2340; 8
2341; 8
2342; 10
2343; 10
2344; 12
2345; 12
2346; 14
2347; 14
2348; 16
2349; 16
2350; 18
2351; 30
2352; 32
2353; 32
2354; 34
2355; 34
2356; 36
2357; 36
2358; 38
2359; 38
2360; 40
2361; 40
2362; 42
2363; 42
2364; 44
2365; 44
2366; 46
2367; 46
2368; 48
2369; 0
2370; 2
2371; 2
2372; 4
2373; 4
2374; 6
2375; 6
2376; 8
2377; 8
2378; 10
2379; 10
2380; 12
2381; 12
2382; 14
2383; 14
2384; 16
2385; 16
2386; 18
2387; 30
2388; 32
2389; 32
2390; 34
2391; 34
2392; 36
2393; 36
2394; 38
2395; 38
2396; 40
2397; 40
2398; 42
2399; 42
2400; 44
2401; 44
2402; 46
2403; 46
2404; 48
2405; 7
2406; 9
2407; 9
2408; 11
2409; 11
2410; 13
2411; 13
2412; 15
2413; 15
2414; 17
2415; 17
2416; 19
2417; 19
2418; 21
2419; 21
2420; 23
2421; 23
2422; 25
2423; 25
2424; 27
2425; 27
2426; 29
2427; 29
2428; 31
2429; 31
2430; 33
2431; 33
2432; 35
2433; 35
2434; 37
2435; 37
2436; 39
2437; 39
2438; 41
2439; 41
2440; 43
2441; 43
2442; 45
2443; 45
2444; 47
2445; 27
2446; 29
2447; 29
2448; 31
2449; 31
2450; 33
2451; 33
2452; 35
2453; 35
2454; 37
2455; 37
2456; 39
2457; 39
2458; 41
2459; 41
2460; 43
2461; 43
2462; 45
2463; 45
2464; 47
2465; 47
2466; 49
2467; 49
2468; 51
2469; 51
2470; 53
2471; 53
2472; 55
2473; 55
2474; 57
2475; 57
2476; 59
2477; 59
2478; 1
2479; 1
2480; 3
2481; 3
2482; 5
2483; 5
2484; 7
2485; 47
2486; 49
2487; 49
2488; 51
2489; 51
2490; 53
2491; 53
2492; 55
2493; 55
2494; 57
2495; 57
2496; 59
2497; 59
2498; 1
2499; 1
2500; 3
2501; 3
2502; 5
2503; 5
2504; 7
2505; 7
2506; 9
2507; 9
2508; 11
2509; 11
2510; 13
2511; 13
2512; 15
2513; 15
2514; 17
2515; 17
2516; 19
2517; 19
2518; 21
2519; 21
2520; 23
2521; 23
2522; 25
2523; 25
2524; 27
2525; 42
2526; 44
2527; 44
2528; 46
2529; 46
2530; 48
2531; 48
2532; 50
2533; 50
2534; 52
2535; 52
2536; 54
2537; 54
2538; 56
2539; 56
2540; 58
2541; 58
2542; 0
2543; 0
2544; 2
2545; 2
2546; 4
2547; 4
2548; 6
2549; 6
2550; 8
2551; 8
2552; 10
2553; 10
2554; 12
2555; 12
2556; 14
2557; 14
2558; 16
2559; 16
2560; 18
2561; 18
2562; 20
2563; 20
2564; 22
2565; 2
2566; 4
2567; 4
2568; 6
2569; 6
2570; 8
2571; 8
2572; 10
2573; 10
2574; 12
2575; 12
2576; 14
2577; 14
2578; 16
2579; 16
2580; 18
2581; 18
2582; 20
2583; 20
2584; 22
2585; 22
2586; 24
2587; 24
2588; 26
2589; 26
2590; 28
2591; 28
2592; 30
2593; 30
2594; 32
2595; 32
2596; 34
2597; 34
2598; 36
2599; 36
2600; 38
2601; 38
2602; 40
2603; 40
2604; 42
2605; 22
2606; 24
2607; 24
2608; 26
2609; 26
2610; 28
2611; 28
2612; 30
2613; 30
2614; 32
2615; 32
2616; 34
2617; 34
2618; 36
2619; 36
2620; 38
2621; 38
2622; 40
2623; 40
2624; 42
2625; 42
2626; 44
2627; 44
2628; 46
2629; 46
2630; 48
2631; 48
2632; 50
2633; 50
2634; 52
2635; 52
2636; 54
2637; 54
2638; 56
2639; 56
2640; 58
2641; 58
2642; 0
2643; 0
2644; 2
2645; 20
2646; 22
2647; 22
2648; 24
2649; 24
2650; 26
2651; 26
2652; 28
2653; 28
2654; 30
2655; 30
2656; 32
2657; 32
2658; 34
2659; 34
2660; 36
2661; 36
2662; 38
2663; 38
2664; 40
2665; 40
2666; 42
2667; 42
2668; 44
2669; 44
2670; 46
2671; 46
2672; 48
2673; 48
2674; 50
2675; 50
2676; 52
2677; 52
2678; 54
2679; 54
2680; 56
2681; 56
2682; 58
2683; 58
2684; 0
2685; 35
2686; 37
2687; 37
2688; 39
2689; 39
2690; 41
2691; 41
2692; 43
2693; 43
2694; 45
2695; 45
2696; 47
2697; 47
2698; 49
2699; 49
2700; 51
2701; 51
2702; 53
2703; 53
2704; 55
2705; 55
2706; 57
2707; 57
2708; 59
2709; 59
2710; 1
2711; 1
2712; 3
2713; 3
2714; 5
2715; 5
2716; 7
2717; 7
2718; 9
2719; 9
2720; 11
2721; 11
2722; 13
2723; 13
2724; 15
2725; 50
2726; 52
2727; 52
2728; 54
2729; 54
2730; 56
2731; 56
2732; 58
2733; 58
2734; 0
2735; 0
2736; 2
2737; 2
2738; 4
2739; 4
2740; 6
2741; 6
2742; 8
2743; 8
2744; 10
2745; 10
2746; 12
2747; 12
2748; 14
2749; 14
2750; 16
2751; 16
2752; 18
2753; 18
2754; 20
2755; 20
2756; 22
2757; 22
2758; 24
2759; 24
2760; 26
2761; 26
2762; 28
2763; 28
2764; 30
2765; 5
2766; 7
2767; 7
2768; 9
2769; 9
2770; 11
2771; 11
2772; 13
2773; 13
2774; 15
2775; 15
2776; 17
2777; 17
2778; 19
2779; 19
2780; 21
2781; 21
2782; 23
2783; 23
2784; 25
2785; 25
2786; 27
2787; 27
2788; 29
2789; 29
2790; 31
2791; 31
2792; 33
2793; 33
2794; 35
2795; 35
2796; 37
2797; 37
2798; 39
2799; 39
2800; 41
2801; 41
2802; 43
2803; 43
2804; 45
2805; 54
2806; 56
2807; 56
2808; 58
2809; 58
2810; 0
2811; 0
2812; 2
2813; 2
2814; 4
2815; 4
2816; 6
2817; 6
2818; 8
2819; 8
2820; 10
2821; 10
2822; 12
2823; 12
2824; 14
2825; 14
2826; 16
2827; 16
2828; 18
2829; 18
2830; 20
2831; 20
2832; 22
2833; 22
2834; 24
2835; 24
2836; 26
2837; 26
2838; 28
2839; 28
2840; 30
2841; 30
2842; 32
2843; 32
2844; 34
2845; 9
2846; 11
2847; 11
2848; 13
2849; 13
2850; 15
2851; 15
2852; 17
2853; 17
2854; 19
2855; 19
2856; 21
2857; 21
2858; 23
2859; 23
2860; 25
2861; 25
2862; 27
2863; 27
2864; 29
2865; 29
2866; 31
2867; 31
2868; 33
2869; 33
2870; 35
2871; 35
2872; 37
2873; 37
2874; 39
2875; 39
2876; 41
2877; 41
2878; 43
2879; 43
2880; 45
2881; 45
2882; 47
2883; 47
2884; 49
2885; 24
2886; 26
2887; 26
2888; 28
2889; 28
2890; 30
2891; 30
2892; 32
2893; 32
2894; 34
2895; 34
2896; 36
2897; 36
2898; 38
2899; 38
2900; 40
2901; 40
2902; 42
2903; 42
2904; 44
2905; 44
2906; 46
2907; 46
2908; 48
2909; 48
2910; 50
2911; 50
2912; 52
2913; 52
2914; 54
2915; 54
2916; 56
2917; 56
2918; 58
2919; 58
2920; 0
2921; 0
2922; 2
2923; 2
2924; 4
2925; 39
2926; 41
2927; 41
2928; 43
2929; 43
2930; 45
2931; 45
2932; 47
2933; 47
2934; 49
2935; 49
2936; 51
2937; 51
2938; 53
2939; 53
2940; 55
2941; 55
2942; 57
2943; 57
2944; 59
2945; 59
2946; 1
2947; 1
2948; 3
2949; 3
2950; 5
2951; 5
2952; 7
2953; 7
2954; 9
2955; 9
2956; 11
2957; 11
2958; 13
2959; 13
2960; 15
2961; 15
2962; 17
2963; 17
2964; 19
2965; 39
2966; 41
2967; 41
2968; 43
2969; 43
2970; 45
2971; 45
2972; 47
2973; 47
2974; 49
2975; 49
2976; 51
2977; 51
2978; 53
2979; 53
2980; 55
2981; 55
2982; 57
2983; 57
2984; 59
2985; 59
2986; 1
2987; 1
2988; 3
2989; 3
2990; 5
2991; 5
2992; 7
2993; 7
2994; 9
2995; 9
2996; 11
2997; 11
2998; 13
2999; 13
3000; 15
3001; 15
3002; 17
3003; 17
3004; 19
3005; 59
3006; 1
3007; 1
3008; 3
3009; 3
3010; 5
3011; 5
3012; 7
3013; 7
3014; 9
3015; 9
3016; 11
3017; 11
3018; 13
3019; 13
3020; 15
3021; 15
3022; 17
3023; 17
3024; 19
3025; 19
3026; 21
3027; 21
3028; 23
3029; 23
3030; 25
3031; 25
3032; 27
3033; 27
3034; 29
3035; 29
3036; 31
3037; 31
3038; 33
3039; 33
3040; 35
3041; 35
3042; 37
3043; 37
3044; 39
3045; 19
3046; 21
3047; 21
3048; 23
3049; 23
3050; 25
3051; 25
3052; 27
3053; 27
3054; 29
3055; 29
3056; 31
3057; 31
3058; 33
3059; 33
3060; 35
3061; 35
3062; 37
3063; 37
3064; 39
3065; 39
3066; 41
3067; 41
3068; 43
3069; 43
3070; 45
3071; 45
3072; 47
3073; 47
3074; 49
3075; 49
3076; 51
3077; 51
3078; 53
3079; 53
3080; 55
3081; 55
3082; 57
3083; 57
3084; 59
3085; 22
3086; 24
3087; 24
3088; 26
3089; 26
3090; 28
3091; 28
3092; 30
3093; 30
3094; 32
3095; 32
3096; 34
3097; 34
3098; 36
3099; 36
3100; 38
3101; 38
3102; 40
3103; 40
3104; 42
3105; 42
3106; 44
3107; 44
3108; 46
3109; 46
3110; 48
3111; 48
3112; 50
3113; 50
3114; 52
3115; 52
3116; 54
3117; 54
3118; 56
3119; 56
3120; 58
3121; 58
3122; 0
3123; 0
3124; 2
3125; 42
3126; 44
3127; 44
3128; 46
3129; 46
3130; 48
3131; 48
3132; 50
3133; 50
3134; 52
3135; 52
3136; 54
3137; 54
3138; 56
3139; 56
3140; 58
3141; 58
3142; 0
3143; 0
3144; 2
3145; 2
3146; 4
3147; 4
3148; 6
3149; 6
3150; 8
3151; 8
3152; 10
3153; 10
3154; 12
3155; 12
3156; 14
3157; 14
3158; 16
3159; 16
3160; 18
3161; 18
3162; 20
3163; 20
3164; 22
3165; 2
3166; 4
3167; 4
3168; 6
3169; 6
3170; 8
3171; 8
3172; 10
3173; 10
3174; 12
3175; 12
3176; 14
3177; 14
3178; 16
3179; 16
3180; 18
3181; 18
3182; 20
3183; 20
3184; 22
3185; 22
3186; 24
3187; 24
3188; 26
3189; 26
3190; 28
3191; 28
3192; 30
3193; 30
3194; 32
3195; 32
3196; 34
3197; 34
3198; 36
3199; 36
3200; 38
3201; 38
3202; 40
3203; 40
3204; 42
3205; 42
3206; 44
3207; 44
3208; 46
3209; 46
3210; 48
3211; 48
3212; 50
3213; 50
3214; 52
3215; 52
3216; 54
3217; 54
3218; 56
3219; 56
3220; 58
3221; 58
3222; 0
3223; 0
3224; 2
3225; 2
3226; 4
3227; 4
3228; 6
3229; 6
3230; 8
3231; 8
3232; 10
3233; 10
3234; 12
3235; 12
3236; 14
3237; 14
3238; 16
3239; 16
3240; 18
3241; 18
3242; 20
3243; 20
3244; 22
3245; 52
3246; 54
3247; 54
3248; 56
3249; 56
3250; 58
3251; 58
3252; 0
3253; 0
3254; 2
3255; 2
3256; 4
3257; 4
3258; 6
3259; 6
3260; 8
3261; 8
3262; 10
3263; 10
3264; 12
3265; 12
3266; 14
3267; 14
3268; 16
3269; 16
3270; 18
3271; 18
3272; 20
3273; 20
3274; 22
3275; 22
3276; 24
3277; 24
3278; 26
3279; 26
3280; 28
3281; 28
3282; 30
3283; 30
3284; 32
3285; 2
3286; 4
3287; 4
3288; 6
3289; 6
3290; 8
3291; 8
3292; 10
3293; 10
3294; 12
3295; 12
3296; 14
3297; 14
3298; 16
3299; 16
3300; 18
3301; 18
3302; 20
3303; 20
3304; 22
3305; 22
3306; 24
3307; 24
3308; 26
3309; 26
3310; 28
3311; 28
3312; 30
3313; 30
3314; 32
3315; 32
3316; 34
3317; 34
3318; 36
3319; 36
3320; 38
3321; 38
3322; 40
3323; 40
3324; 42
3325; 12
3326; 14
3327; 14
3328; 16
3329; 16
3330; 18
3331; 18
3332; 20
3333; 20
3334; 22
3335; 22
3336; 24
3337; 24
3338; 26
3339; 26
3340; 28
3341; 28
3342; 30
3343; 30
3344; 32
3345; 32
3346; 34
3347; 34
3348; 36
3349; 36
3350; 38
3351; 38
3352; 40
3353; 40
3354; 42
3355; 42
3356; 44
3357; 44
3358; 46
3359; 46
3360; 48
3361; 48
3362; 50
3363; 50
3364; 52
3365; 22
3366; 24
3367; 24
3368; 26
3369; 26
3370; 28
3371; 28
3372; 30
3373; 30
3374; 32
3375; 32
3376; 34
3377; 34
3378; 36
3379; 36
3380; 38
3381; 38
3382; 40
3383; 40
3384; 42
3385; 42
3386; 44
3387; 44
3388; 46
3389; 46
3390; 48
3391; 48
3392; 50
3393; 50
3394; 52
3395; 52
3396; 54
3397; 54
3398; 56
3399; 56
3400; 58
3401; 58
3402; 0
3403; 0
3404; 2
3405; 32
3406; 34
3407; 34
3408; 36
3409; 36
3410; 38
3411; 38
3412; 40
3413; 40
3414; 42
3415; 42
3416; 44
3417; 44
3418; 46
3419; 46
3420; 48
3421; 48
3422; 50
3423; 50
3424; 52
3425; 52
3426; 54
3427; 54
3428; 56
3429; 56
3430; 58
3431; 58
3432; 0
3433; 0
3434; 2
3435; 2
3436; 4
3437; 4
3438; 6
3439; 6
3440; 8
3441; 8
3442; 10
3443; 10
3444; 12
3445; 2
3446; 4
3447; 4
3448; 6
3449; 6
3450; 8
3451; 8
3452; 10
3453; 10
3454; 12
3455; 12
3456; 14
3457; 14
3458; 16
3459; 16
3460; 18
3461; 18
3462; 20
3463; 20
3464; 22
3465; 22
3466; 24
3467; 24
3468; 26
3469; 26
3470; 28
3471; 28
3472; 30
3473; 30
3474; 32
3475; 32
3476; 34
3477; 34
3478; 36
3479; 36
3480; 38
3481; 38
3482; 40
3483; 40
3484; 42
3485; 12
3486; 14
3487; 14
3488; 16
3489; 16
3490; 18
3491; 18
3492; 20
3493; 20
3494; 22
3495; 22
3496; 24
3497; 24
3498; 26
3499; 26
3500; 28
3501; 28
3502; 30
3503; 30
3504; 32
3505; 32
3506; 34
3507; 34
3508; 36
3509; 36
3510; 38
3511; 38
3512; 40
3513; 40
3514; 42
3515; 42
3516; 44
3517; 44
3518; 46
3519; 46
3520; 48
3521; 48
3522; 50
3523; 50
3524; 52
3525; 22
3526; 24
3527; 24
3528; 26
3529; 26
3530; 28
3531; 28
3532; 30
3533; 30
3534; 32
3535; 32
3536; 34
3537; 34
3538; 36
3539; 36
3540; 38
3541; 38
3542; 40
3543; 40
3544; 42
3545; 42
3546; 44
3547; 44
3548; 46
3549; 46
3550; 48
3551; 48
3552; 50
3553; 50
3554; 52
3555; 52
3556; 54
3557; 54
3558; 56
3559; 56
3560; 58
3561; 58
3562; 0
3563; 0
3564; 2
3565; 32
3566; 34
3567; 34
3568; 36
3569; 36
3570; 38
3571; 38
3572; 40
3573; 40
3574; 42
3575; 42
3576; 44
3577; 44
3578; 46
3579; 46
3580; 48
3581; 48
3582; 50
3583; 50
3584; 52
3585; 52
3586; 54
3587; 54
3588; 56
3589; 56
3590; 58
3591; 58
3592; 0
3593; 0
3594; 2
3595; 2
3596; 4
3597; 4
3598; 6
3599; 6
3600; 8
3601; 8
3602; 10
3603; 10
3604; 12
3605; 42
3606; 44
3607; 44
3608; 46
3609; 46
3610; 48
3611; 48
3612; 50
3613; 50
3614; 52
3615; 52
3616; 54
3617; 54
3618; 56
3619; 56
3620; 58
3621; 58
3622; 0
3623; 0
3624; 2
3625; 2
3626; 4
3627; 4
3628; 6
3629; 6
3630; 8
3631; 8
3632; 10
3633; 10
3634; 12
3635; 12
3636; 14
3637; 14
3638; 16
3639; 16
3640; 18
3641; 18
3642; 20
3643; 20
3644; 22
3645; 52
3646; 54
3647; 54
3648; 56
3649; 56
3650; 58
3651; 58
3652; 0
3653; 0
3654; 2
3655; 2
3656; 4
3657; 4
3658; 6
3659; 6
3660; 8
3661; 8
3662; 10
3663; 10
3664; 12
3665; 12
3666; 14
3667; 14
3668; 16
3669; 16
3670; 18
3671; 18
3672; 20
3673; 20
3674; 22
3675; 22
3676; 24
3677; 24
3678; 26
3679; 26
3680; 28
3681; 28
3682; 30
3683; 30
3684; 32
3685; 59
3686; 1
3687; 1
3688; 3
3689; 3
3690; 5
3691; 5
3692; 7
3693; 7
3694; 9
3695; 9
3696; 11
3697; 11
3698; 13
3699; 13
3700; 15
3701; 15
3702; 17
3703; 17
3704; 19
3705; 19
3706; 21
3707; 21
3708; 23
3709; 23
3710; 25
3711; 25
3712; 27
3713; 27
3714; 29
3715; 29
3716; 31
3717; 31
3718; 33
3719; 33
3720; 35
3721; 35
3722; 37
3723; 37
3724; 39
3725; 19
3726; 21
3727; 21
3728; 23
3729; 23
3730; 25
3731; 25
3732; 27
3733; 27
3734; 29
3735; 29
3736; 31
3737; 31
3738; 33
3739; 33
3740; 35
3741; 35
3742; 37
3743; 37
3744; 39
3745; 39
3746; 41
3747; 41
3748; 43
3749; 43
3750; 45
3751; 45
3752; 47
3753; 47
3754; 49
3755; 49
3756; 51
3757; 51
3758; 53
3759; 53
3760; 55
3761; 55
3762; 57
3763; 57
3764; 59
3765; 39
3766; 41
3767; 41
3768; 43
3769; 43
3770; 45
3771; 45
3772; 47
3773; 47
3774; 49
3775; 49
3776; 51
3777; 51
3778; 53
3779; 53
3780; 55
3781; 55
3782; 57
3783; 57
3784; 59
3785; 59
3786; 1
3787; 1
3788; 3
3789; 3
3790; 5
3791; 5
3792; 7
3793; 7
3794; 9
3795; 9
3796; 11
3797; 11
3798; 13
3799; 13
3800; 15
3801; 15
3802; 17
3803; 17
3804; 19
3805; 19
3806; 21
3807; 21
3808; 23
3809; 23
3810; 25
3811; 25
3812; 27
3813; 27
3814; 29
3815; 29
3816; 31
3817; 31
3818; 33
3819; 33
3820; 35
3821; 35
3822; 37
3823; 37
3824; 39
3825; 39
3826; 41
3827; 41
3828; 43
3829; 43
3830; 45
3831; 45
3832; 47
3833; 47
3834; 49
3835; 49
3836; 51
3837; 51
3838; 53
3839; 53
3840; 55
3841; 55
3842; 57
3843; 57
3844; 59
3845; 39
3846; 41
3847; 41
3848; 43
3849; 43
3850; 45
3851; 45
3852; 47
3853; 47
3854; 49
3855; 49
3856; 51
3857; 51
3858; 53
3859; 53
3860; 55
3861; 55
3862; 57
3863; 57
3864; 59
3865; 59
3866; 1
3867; 1
3868; 3
3869; 3
3870; 5
3871; 5
3872; 7
3873; 7
3874; 9
3875; 9
3876; 11
3877; 11
3878; 13
3879; 13
3880; 15
3881; 15
3882; 17
3883; 17
3884; 19
3885; 59
3886; 1
3887; 1
3888; 3
3889; 3
3890; 5
3891; 5
3892; 7
3893; 7
3894; 9
3895; 9
3896; 11
3897; 11
3898; 13
3899; 13
3900; 15
3901; 15
3902; 17
3903; 17
3904; 19
3905; 19
3906; 21
3907; 21
3908; 23
3909; 23
3910; 25
3911; 25
3912; 27
3913; 27
3914; 29
3915; 29
3916; 31
3917; 31
3918; 33
3919; 33
3920; 35
3921; 35
3922; 37
3923; 37
3924; 39
3925; 16
3926; 18
3927; 18
3928; 20
3929; 20
3930; 22
3931; 22
3932; 24
3933; 24
3934; 26
3935; 26
3936; 28
3937; 28
3938; 30
3939; 30
3940; 32
3941; 32
3942; 34
3943; 34
3944; 36
3945; 36
3946; 38
3947; 38
3948; 40
3949; 40
3950; 42
3951; 42
3952; 44
3953; 44
3954; 46
3955; 46
3956; 48
3957; 48
3958; 50
3959; 50
3960; 52
3961; 52
3962; 54
3963; 54
3964; 56
3965; 36
3966; 38
3967; 38
3968; 40
3969; 40
3970; 42
3971; 42
3972; 44
3973; 44
3974; 46
3975; 46
3976; 48
3977; 48
3978; 50
3979; 50
3980; 52
3981; 52
3982; 54
3983; 54
3984; 56
3985; 56
3986; 58
3987; 58
3988; 0
3989; 0
3990; 2
3991; 2
3992; 4
3993; 4
3994; 6
3995; 6
3996; 8
3997; 8
3998; 10
3999; 10
4000; 12
4001; 12
4002; 14
4003; 14
4004; 16
4005; 12
4006; 14
4007; 14
4008; 16
4009; 16
4010; 18
4011; 18
4012; 20
4013; 20
4014; 22
4015; 22
4016; 24
4017; 24
4018; 26
4019; 26
4020; 28
4021; 28
4022; 30
4023; 30
4024; 32
4025; 32
4026; 34
4027; 34
4028; 36
4029; 36
4030; 38
4031; 38
4032; 40
4033; 40
4034; 42
4035; 42
4036; 44
4037; 44
4038; 46
4039; 46
4040; 48
4041; 48
4042; 50
4043; 50
4044; 52
4045; 32
4046; 34
4047; 34
4048; 36
4049; 36
4050; 38
4051; 38
4052; 40
4053; 40
4054; 42
4055; 42
4056; 44
4057; 44
4058; 46
4059; 46
4060; 48
4061; 48
4062; 50
4063; 50
4064; 52
4065; 52
4066; 54
4067; 54
4068; 56
4069; 56
4070; 58
4071; 58
4072; 0
4073; 0
4074; 2
4075; 2
4076; 4
4077; 4
4078; 6
4079; 6
4080; 8
4081; 8
4082; 10
4083; 10
4084; 12
4085; 52
4086; 54
4087; 54
4088; 56
4089; 56
4090; 58
4091; 58
4092; 0
4093; 0
4094; 2
4095; 2
4096; 4
4097; 4
4098; 6
4099; 6
4100; 8
4101; 8
4102; 10
4103; 10
4104; 12
4105; 12
4106; 14
4107; 14
4108; 16
4109; 16
4110; 18
4111; 18
4112; 20
4113; 20
4114; 22
4115; 22
4116; 24
4117; 24
4118; 26
4119; 26
4120; 28
4121; 28
4122; 30
4123; 30
4124; 32
4125; 15
4126; 17
4127; 17
4128; 19
4129; 19
4130; 21
4131; 21
4132; 23
4133; 23
4134; 25
4135; 25
4136; 27
4137; 27
4138; 29
4139; 29
4140; 31
4141; 31
4142; 33
4143; 33
4144; 35
4145; 35
4146; 37
4147; 37
4148; 39
4149; 39
4150; 41
4151; 41
4152; 43
4153; 43
4154; 45
4155; 45
4156; 47
4157; 47
4158; 49
4159; 49
4160; 51
4161; 51
4162; 53
4163; 53
4164; 55
4165; 35
4166; 37
4167; 37
4168; 39
4169; 39
4170; 41
4171; 41
4172; 43
4173; 43
4174; 45
4175; 45
4176; 47
4177; 47
4178; 49
4179; 49
4180; 51
4181; 51
4182; 53
4183; 53
4184; 55
4185; 55
4186; 57
4187; 57
4188; 59
4189; 59
4190; 1
4191; 1
4192; 3
4193; 3
4194; 5
4195; 5
4196; 7
4197; 7
4198; 9
4199; 9
4200; 11
4201; 11
4202; 13
4203; 13
4204; 15
4205; 55
4206; 57
4207; 57
4208; 59
4209; 59
4210; 1
4211; 1
4212; 3
4213; 3
4214; 5
4215; 5
4216; 7
4217; 7
4218; 9
4219; 9
4220; 11
4221; 11
4222; 13
4223; 13
4224; 15
4225; 15
4226; 17
4227; 17
4228; 19
4229; 19
4230; 21
4231; 21
4232; 23
4233; 23
4234; 25
4235; 25
4236; 27
4237; 27
4238; 29
4239; 29
4240; 31
4241; 31
4242; 33
4243; 33
4244; 35
4245; 27
4246; 29
4247; 29
4248; 31
4249; 31
4250; 33
4251; 33
4252; 35
4253; 35
4254; 37
4255; 37
4256; 39
4257; 39
4258; 41
4259; 41
4260; 43
4261; 43
4262; 45
4263; 45
4264; 47
4265; 47
4266; 49
4267; 49
4268; 51
4269; 51
4270; 53
4271; 53
4272; 55
4273; 55
4274; 57
4275; 57
4276; 59
4277; 59
4278; 1
4279; 1
4280; 3
4281; 3
4282; 5
4283; 5
4284; 7
4285; 47
4286; 49
4287; 49
4288; 51
4289; 51
4290; 53
4291; 53
4292; 55
4293; 55
4294; 57
4295; 57
4296; 59
4297; 59
4298; 1
4299; 1
4300; 3
4301; 3
4302; 5
4303; 5
4304; 7
4305; 7
4306; 9
4307; 9
4308; 11
4309; 11
4310; 13
4311; 13
4312; 15
4313; 15
4314; 17
4315; 17
4316; 19
4317; 19
4318; 21
4319; 21
4320; 23
4321; 23
4322; 25
4323; 25
4324; 27
4325; 7
4326; 9
4327; 9
4328; 11
4329; 11
4330; 13
4331; 13
4332; 15
4333; 15
4334; 17
4335; 17
4336; 19
4337; 19
4338; 21
4339; 21
4340; 23
4341; 23
4342; 25
4343; 25
4344; 27
4345; 27
4346; 29
4347; 29
4348; 31
4349; 31
4350; 33
4351; 33
4352; 35
4353; 35
4354; 37
4355; 37
4356; 39
4357; 39
4358; 41
4359; 41
4360; 43
4361; 43
4362; 45
4363; 45
4364; 47
4365; 42
4366; 44
4367; 44
4368; 46
4369; 46
4370; 48
4371; 48
4372; 50
4373; 50
4374; 52
4375; 52
4376; 54
4377; 54
4378; 56
4379; 56
4380; 58
4381; 58
4382; 0
4383; 0
4384; 2
4385; 2
4386; 4
4387; 4
4388; 6
4389; 6
4390; 8
4391; 8
4392; 10
4393; 10
4394; 12
4395; 12
4396; 14
4397; 14
4398; 16
4399; 16
4400; 18
4401; 18
4402; 20
4403; 20
4404; 22
4405; 2
4406; 4
4407; 4
4408; 6
4409; 6
4410; 8
4411; 8
4412; 10
4413; 10
4414; 12
4415; 12
4416; 14
4417; 14
4418; 16
4419; 16
4420; 18
4421; 18
4422; 20
4423; 20
4424; 22
4425; 22
4426; 24
4427; 24
4428; 26
4429; 26
4430; 28
4431; 28
4432; 30
4433; 30
4434; 32
4435; 32
4436; 34
4437; 34
4438; 36
4439; 36
4440; 38
4441; 38
4442; 40
4443; 40
4444; 42
4445; 22
4446; 24
4447; 24
4448; 26
4449; 26
4450; 28
4451; 28
4452; 30
4453; 30
4454; 32
4455; 32
4456; 34
4457; 34
4458; 36
4459; 36
4460; 38
4461; 38
4462; 40
4463; 40
4464; 42
4465; 42
4466; 44
4467; 44
4468; 46
4469; 46
4470; 48
4471; 48
4472; 50
4473; 50
4474; 52
4475; 52
4476; 54
4477; 54
4478; 56
4479; 56
4480; 58
4481; 58
4482; 0
4483; 0
4484; 2
