#timetable found by modulo network simplex algorithm
#Thu Oct 19 18:35:10 2017
1; 0
2; 6
3; 6
4; 12
5; 12
6; 18
7; 18
8; 24
9; 20
10; 26
11; 26
12; 32
13; 32
14; 38
15; 38
16; 44
17; 40
18; 46
19; 46
20; 52
21; 52
22; 58
23; 58
24; 4
25; 0
26; 6
27; 6
28; 12
29; 12
30; 18
31; 18
32; 24
33; 20
34; 26
35; 26
36; 32
37; 32
38; 38
39; 38
40; 44
41; 40
42; 46
43; 46
44; 52
45; 52
46; 58
47; 58
48; 4
49; 0
50; 6
51; 6
52; 12
53; 12
54; 18
55; 18
56; 24
57; 20
58; 26
59; 26
60; 32
61; 32
62; 38
63; 38
64; 46
65; 40
66; 46
67; 46
68; 52
69; 52
70; 58
71; 58
72; 4
73; 26
74; 32
75; 32
76; 38
77; 40
78; 46
79; 46
80; 52
81; 46
82; 52
83; 52
84; 58
85; 0
86; 6
87; 6
88; 12
89; 6
90; 12
91; 12
92; 18
93; 20
94; 26
95; 26
96; 32
97; 22
98; 28
99; 28
100; 34
101; 34
102; 40
103; 40
104; 46
105; 46
106; 52
107; 52
108; 58
109; 58
110; 4
111; 4
112; 10
113; 42
114; 48
115; 48
116; 54
117; 54
118; 0
119; 0
120; 6
121; 6
122; 12
123; 12
124; 18
125; 18
126; 24
127; 24
128; 30
129; 2
130; 8
131; 8
132; 14
133; 14
134; 20
135; 20
136; 26
137; 26
138; 32
139; 32
140; 38
141; 38
142; 44
143; 44
144; 50
145; 26
146; 32
147; 32
148; 38
149; 38
150; 44
151; 44
152; 50
153; 50
154; 56
155; 56
156; 2
157; 2
158; 8
159; 8
160; 14
161; 46
162; 52
163; 52
164; 58
165; 58
166; 4
167; 4
168; 10
169; 10
170; 16
171; 16
172; 22
173; 22
174; 28
175; 28
176; 34
177; 6
178; 12
179; 12
180; 18
181; 18
182; 24
183; 24
184; 30
185; 30
186; 36
187; 36
188; 42
189; 42
190; 48
191; 48
192; 54
193; 57
194; 3
195; 3
196; 9
197; 9
198; 15
199; 15
200; 21
201; 21
202; 27
203; 27
204; 33
205; 17
206; 23
207; 23
208; 29
209; 29
210; 35
211; 35
212; 41
213; 41
214; 47
215; 47
216; 53
217; 37
218; 43
219; 43
220; 49
221; 49
222; 55
223; 55
224; 1
225; 1
226; 7
227; 7
228; 13
229; 20
230; 26
231; 26
232; 32
233; 32
234; 38
235; 38
236; 46
237; 46
238; 52
239; 52
240; 58
241; 40
242; 46
243; 46
244; 52
245; 52
246; 58
247; 58
248; 4
249; 6
250; 12
251; 12
252; 18
253; 60
254; 6
255; 6
256; 12
257; 12
258; 18
259; 18
260; 24
261; 26
262; 32
263; 32
264; 38
265; 57
266; 3
267; 3
268; 9
269; 9
270; 15
271; 15
272; 21
273; 21
274; 27
275; 27
276; 33
277; 17
278; 23
279; 23
280; 29
281; 29
282; 35
283; 35
284; 41
285; 41
286; 47
287; 47
288; 53
289; 37
290; 43
291; 43
292; 49
293; 49
294; 55
295; 55
296; 1
297; 1
298; 7
299; 7
300; 13
301; 31
302; 37
303; 37
304; 43
305; 43
306; 49
307; 49
308; 55
309; 55
310; 1
311; 1
312; 7
313; 51
314; 57
315; 57
316; 3
317; 3
318; 9
319; 9
320; 15
321; 15
322; 21
323; 21
324; 27
325; 11
326; 17
327; 17
328; 23
329; 23
330; 29
331; 29
332; 35
333; 35
334; 41
335; 41
336; 47
337; 23
338; 29
339; 29
340; 35
341; 35
342; 41
343; 41
344; 47
345; 47
346; 53
347; 53
348; 59
349; 59
350; 5
351; 5
352; 11
353; 43
354; 49
355; 49
356; 55
357; 55
358; 1
359; 1
360; 7
361; 7
362; 13
363; 13
364; 19
365; 19
366; 25
367; 25
368; 31
369; 3
370; 9
371; 9
372; 15
373; 15
374; 21
375; 21
376; 27
377; 27
378; 33
379; 33
380; 39
381; 39
382; 45
383; 45
384; 51
385; 45
386; 51
387; 51
388; 57
389; 57
390; 3
391; 3
392; 9
393; 9
394; 15
395; 15
396; 21
397; 21
398; 27
399; 27
400; 33
401; 5
402; 11
403; 11
404; 17
405; 17
406; 23
407; 23
408; 29
409; 29
410; 35
411; 35
412; 41
413; 41
414; 47
415; 47
416; 53
417; 25
418; 31
419; 31
420; 37
421; 37
422; 43
423; 43
424; 49
425; 49
426; 55
427; 55
428; 1
429; 1
430; 7
431; 7
432; 13
