# line-id; line-code; direction; stop-order; stop-id; frequency; departure_time; arrival_time; line-repetition
1; 1H; >; 1; 15; 1; 0; 0
1; 1H; >; 2; 14; 1; 6; 6
1; 1H; >; 3; 13; 1; 12; 12
1; 1H; >; 4; 12; 1; 18; 18
1; 1H; >; 5; 17; 1; 24; 27
1; 1H; >; 6; 18; 1; 35; 35
1; 1R; <; 1; 18; 1; 9; 9
1; 1R; <; 2; 17; 1; 15; 18
1; 1R; <; 3; 12; 1; 24; 24
1; 1R; <; 4; 13; 1; 30; 30
1; 1R; <; 5; 14; 1; 36; 36
1; 1R; <; 6; 15; 1; 42; 42
2; 2H; >; 1; 3; 1; 0; 0
2; 2H; >; 2; 8; 1; 6; 9
2; 2H; >; 3; 9; 1; 15; 15
2; 2H; >; 4; 10; 1; 21; 21
2; 2H; >; 5; 15; 1; 27; 27
2; 2H; >; 6; 20; 1; 33; 33
2; 2R; <; 1; 20; 1; 39; 39
2; 2R; <; 2; 15; 1; 45; 45
2; 2R; <; 3; 10; 1; 51; 51
2; 2R; <; 4; 9; 1; 57; 57
2; 2R; <; 5; 8; 1; 3; 3
2; 2R; <; 6; 3; 1; 9; 9
3; 3H; >; 1; 4; 1; 51; 51
3; 3H; >; 2; 3; 1; 57; 57
3; 3H; >; 3; 2; 1; 3; 3
3; 3H; >; 4; 7; 1; 9; 9
3; 3H; >; 5; 12; 1; 15; 18
3; 3H; >; 6; 13; 1; 26; 26
3; 3R; <; 1; 13; 1; 6; 6
3; 3R; <; 2; 12; 1; 12; 12
3; 3R; <; 3; 7; 1; 18; 18
3; 3R; <; 4; 2; 1; 24; 24
3; 3R; <; 5; 3; 1; 30; 30
3; 3R; <; 6; 4; 1; 36; 36
4; 4H; >; 1; 5; 1; 42; 42
4; 4H; >; 2; 4; 1; 48; 48
4; 4H; >; 3; 9; 1; 54; 54
4; 4H; >; 4; 14; 1; 0; 0
4; 4H; >; 5; 19; 1; 6; 6
4; 4H; >; 6; 18; 1; 12; 12
4; 4R; <; 1; 18; 1; 15; 15
4; 4R; <; 2; 19; 1; 21; 21
4; 4R; <; 3; 14; 1; 27; 27
4; 4R; <; 4; 9; 1; 33; 33
4; 4R; <; 5; 4; 1; 39; 39
4; 4R; <; 6; 5; 1; 45; 45
5; 5H; >; 1; 25; 1; 18; 18
5; 5H; >; 2; 24; 1; 24; 24
5; 5H; >; 3; 23; 1; 30; 30
5; 5H; >; 4; 22; 1; 36; 36
5; 5H; >; 5; 21; 1; 42; 45
5; 5H; >; 6; 16; 1; 51; 51
5; 5R; <; 1; 16; 1; 24; 24
5; 5R; <; 2; 21; 1; 30; 30
5; 5R; <; 3; 22; 1; 36; 36
5; 5R; <; 4; 23; 1; 42; 42
5; 5R; <; 5; 24; 1; 48; 48
5; 5R; <; 6; 25; 1; 54; 54
6; 6H; >; 1; 1; 1; 48; 48
6; 6H; >; 2; 2; 1; 54; 54
6; 6H; >; 3; 7; 1; 0; 0
6; 6H; >; 4; 12; 1; 6; 6
6; 6H; >; 5; 13; 1; 12; 12
6; 6H; >; 6; 8; 1; 18; 18
6; 6R; <; 1; 8; 1; 9; 9
6; 6R; <; 2; 13; 1; 15; 15
6; 6R; <; 3; 12; 1; 21; 21
6; 6R; <; 4; 7; 1; 27; 27
6; 6R; <; 5; 2; 1; 33; 33
6; 6R; <; 6; 1; 1; 39; 39
7; 7H; >; 1; 7; 1; 3; 3
7; 7H; >; 2; 8; 1; 9; 9
7; 7H; >; 3; 13; 1; 15; 15
7; 7H; >; 4; 14; 1; 21; 21
7; 7H; >; 5; 19; 1; 27; 27
7; 7H; >; 6; 24; 1; 33; 33
7; 7R; <; 1; 24; 1; 51; 51
7; 7R; <; 2; 19; 1; 57; 57
7; 7R; <; 3; 14; 1; 3; 3
7; 7R; <; 4; 13; 1; 9; 9
7; 7R; <; 5; 8; 1; 15; 15
7; 7R; <; 6; 7; 1; 21; 21
8; 8H; >; 1; 24; 1; 42; 42
8; 8H; >; 2; 25; 1; 48; 48
8; 8H; >; 3; 20; 1; 54; 54
8; 8H; >; 4; 19; 1; 0; 0
8; 8H; >; 5; 18; 1; 6; 6
8; 8H; >; 6; 13; 1; 12; 12
8; 8R; <; 1; 13; 1; 18; 18
8; 8R; <; 2; 18; 1; 24; 24
8; 8R; <; 3; 19; 1; 30; 30
8; 8R; <; 4; 20; 1; 36; 36
8; 8R; <; 5; 25; 1; 42; 42
8; 8R; <; 6; 24; 1; 48; 48
9; 9H; >; 1; 8; 1; 51; 51
9; 9H; >; 2; 9; 1; 57; 0
9; 9H; >; 3; 14; 1; 6; 6
9; 9H; >; 4; 13; 1; 12; 12
9; 9H; >; 5; 12; 1; 18; 18
9; 9H; >; 6; 7; 1; 24; 24
9; 9R; <; 1; 7; 1; 45; 45
9; 9R; <; 2; 12; 1; 51; 54
9; 9R; <; 3; 13; 1; 0; 0
9; 9R; <; 4; 14; 1; 6; 6
9; 9R; <; 5; 9; 1; 12; 15
9; 9R; <; 6; 8; 1; 21; 21
10; 10H; >; 1; 6; 1; 54; 54
10; 10H; >; 2; 7; 1; 0; 0
10; 10H; >; 3; 8; 1; 6; 6
10; 10H; >; 4; 13; 1; 12; 12
10; 10H; >; 5; 18; 1; 18; 18
10; 10H; >; 6; 17; 1; 24; 24
10; 10R; <; 1; 17; 1; 6; 6
10; 10R; <; 2; 18; 1; 12; 12
10; 10R; <; 3; 13; 1; 18; 18
10; 10R; <; 4; 8; 1; 24; 24
10; 10R; <; 5; 7; 1; 30; 30
10; 10R; <; 6; 6; 1; 36; 36
11; 11H; >; 1; 3; 1; 0; 0
11; 11H; >; 2; 2; 1; 6; 6
11; 11H; >; 3; 1; 1; 12; 12
11; 11H; >; 4; 6; 1; 18; 18
11; 11H; >; 5; 11; 1; 24; 27
11; 11H; >; 6; 12; 1; 33; 33
11; 11R; <; 1; 12; 1; 54; 54
11; 11R; <; 2; 11; 1; 0; 3
11; 11R; <; 3; 6; 1; 9; 9
11; 11R; <; 4; 1; 1; 15; 15
11; 11R; <; 5; 2; 1; 21; 21
11; 11R; <; 6; 3; 1; 27; 27
12; 12H; >; 1; 16; 1; 54; 54
12; 12H; >; 2; 11; 1; 0; 0
12; 12H; >; 3; 12; 1; 6; 6
12; 12H; >; 4; 13; 1; 12; 12
12; 12H; >; 5; 18; 1; 18; 21
12; 12H; >; 6; 23; 1; 27; 27
12; 12R; <; 1; 23; 1; 3; 3
12; 12R; <; 2; 18; 1; 9; 9
12; 12R; <; 3; 13; 1; 15; 15
12; 12R; <; 4; 12; 1; 21; 21
12; 12R; <; 5; 11; 1; 27; 27
12; 12R; <; 6; 16; 1; 33; 33
13; 13H; >; 1; 1; 1; 3; 3
13; 13H; >; 2; 2; 1; 9; 9
13; 13H; >; 3; 7; 1; 15; 15
13; 13H; >; 4; 12; 1; 21; 21
13; 13H; >; 5; 17; 1; 27; 27
13; 13H; >; 6; 22; 1; 33; 33
13; 13R; <; 1; 22; 1; 39; 39
13; 13R; <; 2; 17; 1; 45; 45
13; 13R; <; 3; 12; 1; 51; 51
13; 13R; <; 4; 7; 1; 57; 57
13; 13R; <; 5; 2; 1; 3; 3
13; 13R; <; 6; 1; 1; 9; 9
