#event-id; time
1; 0
2; 4
3; 4
4; 11
5; 11
6; 16
7; 16
8; 21
9; 21
10; 28
11; 28
12; 32
13; 0
14; 4
15; 4
16; 11
17; 11
18; 16
19; 16
20; 21
21; 21
22; 28
23; 28
24; 32
25; 9
26; 13
27; 13
28; 19
29; 19
30; 36
31; 36
32; 42
33; 42
34; 47
35; 9
36; 14
37; 14
38; 20
39; 20
40; 37
41; 37
42; 43
43; 43
44; 47
45; 47
46; 52
47; 52
48; 59
49; 59
50; 4
51; 4
52; 10
53; 10
54; 16
55; 17
56; 23
57; 23
58; 29
59; 29
60; 34
61; 34
62; 41
63; 41
64; 46
65; 50
66; 54
67; 54
68; 58
69; 58
70; 4
71; 4
72; 8
73; 8
74; 16
75; 20
76; 28
77; 28
78; 32
79; 32
80; 38
81; 38
82; 42
83; 42
84; 46
85; 40
86; 44
87; 44
88; 50
89; 50
90; 54
91; 54
92; 59
93; 10
94; 15
95; 15
96; 19
97; 19
98; 25
99; 25
100; 29
101; 48
102; 54
103; 54
104; 58
105; 58
106; 4
107; 4
108; 8
109; 18
110; 22
111; 22
112; 28
113; 28
114; 32
115; 32
116; 38
117; 0
118; 5
119; 5
120; 10
121; 10
122; 26
123; 26
124; 33
125; 33
126; 37
127; 37
128; 53
129; 53
130; 57
131; 57
132; 1
133; 1
134; 5
135; 30
136; 34
137; 34
138; 38
139; 38
140; 42
141; 42
142; 58
143; 58
144; 2
145; 2
146; 9
147; 9
148; 25
149; 25
150; 30
151; 30
152; 35
153; 7
154; 12
155; 12
156; 20
157; 20
158; 28
159; 28
160; 32
161; 32
162; 36
163; 36
164; 42
165; 42
166; 47
167; 47
168; 52
169; 7
170; 12
171; 12
172; 17
173; 17
174; 23
175; 23
176; 27
177; 27
178; 31
179; 31
180; 39
181; 39
182; 47
183; 47
184; 52
185; 38
186; 42
187; 42
188; 50
189; 50
190; 57
191; 57
192; 2
193; 2
194; 6
195; 6
196; 10
197; 10
198; 17
199; 38
200; 45
201; 45
202; 49
203; 49
204; 53
205; 53
206; 58
207; 58
208; 5
209; 5
210; 13
211; 13
212; 17
213; 16
214; 21
215; 21
216; 26
217; 26
218; 31
219; 31
220; 35
221; 35
222; 43
223; 43
224; 47
225; 47
226; 51
227; 16
228; 20
229; 20
230; 24
231; 24
232; 32
233; 32
234; 36
235; 36
236; 41
237; 41
238; 46
239; 46
240; 51
241; 11
242; 16
243; 16
244; 21
245; 21
246; 25
247; 25
248; 29
249; 41
250; 45
251; 45
252; 49
253; 49
254; 54
255; 54
256; 59
257; 58
258; 3
259; 3
260; 10
261; 10
262; 15
263; 15
264; 19
265; 28
266; 32
267; 32
268; 37
269; 37
270; 44
271; 44
272; 49
273; 33
274; 38
275; 38
276; 42
277; 3
278; 7
279; 7
280; 12
281; 0
282; 5
283; 5
284; 10
285; 10
286; 16
287; 30
288; 36
289; 36
290; 41
291; 41
292; 46
293; 26
294; 31
295; 31
296; 36
297; 36
298; 42
299; 42
300; 48
301; 56
302; 2
303; 2
304; 8
305; 8
306; 13
307; 13
308; 18
309; 36
310; 43
311; 43
312; 51
313; 51
314; 55
315; 55
316; 0
317; 6
318; 11
319; 11
320; 15
321; 15
322; 23
323; 23
324; 30
325; 23
326; 27
327; 27
328; 31
329; 31
330; 35
331; 35
332; 39
333; 39
334; 43
335; 43
336; 51
337; 53
338; 57
339; 57
340; 1
341; 1
342; 5
343; 5
344; 9
345; 9
346; 13
347; 13
348; 21
349; 53
350; 1
351; 1
352; 5
353; 5
354; 9
355; 9
356; 13
357; 13
358; 17
359; 17
360; 21
361; 23
362; 31
363; 31
364; 35
365; 35
366; 39
367; 39
368; 43
369; 43
370; 47
371; 47
372; 51
373; 55
374; 0
375; 0
376; 4
377; 4
378; 10
379; 10
380; 14
381; 14
382; 18
383; 18
384; 22
385; 22
386; 28
387; 55
388; 1
389; 1
390; 5
391; 5
392; 9
393; 9
394; 13
395; 13
396; 19
397; 19
398; 23
399; 23
400; 28
401; 18
402; 24
403; 24
404; 28
405; 28
406; 32
407; 32
408; 40
409; 40
410; 44
411; 44
412; 49
413; 18
414; 23
415; 23
416; 27
417; 27
418; 35
419; 35
420; 39
421; 39
422; 43
423; 43
424; 49
425; 38
426; 44
427; 44
428; 49
429; 49
430; 57
431; 57
432; 1
433; 1
434; 6
435; 6
436; 11
437; 8
438; 14
439; 14
440; 19
441; 19
442; 27
443; 27
444; 31
445; 31
446; 36
447; 36
448; 41
449; 38
450; 43
451; 43
452; 48
453; 48
454; 52
455; 52
456; 0
457; 0
458; 5
459; 5
460; 11
461; 8
462; 13
463; 13
464; 18
465; 18
466; 22
467; 22
468; 30
469; 30
470; 35
471; 35
472; 41
473; 22
474; 30
475; 30
476; 34
477; 34
478; 39
479; 39
480; 44
481; 44
482; 50
483; 52
484; 58
485; 58
486; 3
487; 3
488; 8
489; 8
490; 12
491; 12
492; 20
