#origin-stop-id;destination-stop-id;perceived-travel-time;passengers
1;2;6;21
1;3;12;15
1;4;30;10
1;5;36;8
1;6;44;5
1;7;38;11
1;8;18;19
1;9;39;7
1;10;45;3
1;11;44;3
1;12;38;6
1;13;24;82
1;14;38;8
1;15;44;4
1;16;53;3
1;17;47;7
1;18;30;11
1;19;44;4
1;20;50;2
1;21;59;2
1;22;53;2
1;23;36;5
1;24;42;4
1;25;48;15
2;1;6;5
2;3;6;4
2;4;24;3
2;5;30;2
2;6;38;1
2;7;32;3
2;8;12;5
2;9;33;2
2;10;39;1
2;11;38;1
2;12;32;2
2;13;18;20
2;14;32;2
2;15;38;1
2;16;47;1
2;17;41;2
2;18;24;3
2;19;38;1
2;20;44;0
2;21;53;0
2;22;47;1
2;23;30;1
2;24;36;1
2;25;42;4
3;1;12;3
3;2;6;3
3;4;6;4
3;5;12;3
3;6;26;1
3;7;20;3
3;8;6;7
3;9;21;3
3;10;27;1
3;11;32;1
3;12;26;3
3;13;12;30
3;14;26;2
3;15;32;1
3;16;41;1
3;17;35;2
3;18;18;4
3;19;32;2
3;20;38;1
3;21;36;1
3;22;30;1
3;23;24;2
3;24;30;1
3;25;36;4
4;1;27;2
4;2;21;2
4;3;6;4
4;5;6;4
4;6;32;1
4;7;26;2
4;8;12;5
4;9;27;3
4;10;33;1
4;11;52;1
4;12;46;3
4;13;18;19
4;14;46;1
4;15;52;1
4;16;61;0
4;17;55;1
4;18;24;3
4;19;41;2
4;20;47;1
4;21;42;1
4;22;36;1
4;23;30;1
4;24;44;1
4;25;50;2
5;1;33;2
5;2;27;2
5;3;12;3
5;4;6;4
5;6;38;1
5;7;32;1
5;8;18;4
5;9;33;2
5;10;39;1
5;11;58;1
5;12;52;2
5;13;24;16
5;14;52;1
5;15;58;0
5;16;67;0
5;17;61;1
5;18;30;2
5;19;47;1
5;20;53;1
5;21;48;1
5;22;42;1
5;23;36;1
5;24;50;0
5;25;56;2
6;1;41;1
6;2;35;1
6;3;26;1
6;4;32;1
6;5;38;1
6;7;6;8
6;8;12;5
6;9;41;4
6;10;47;2
6;11;46;1
6;12;40;1
6;13;18;20
6;14;40;2
6;15;46;1
6;16;55;1
6;17;49;1
6;18;24;3
6;19;30;2
6;20;36;1
6;21;61;0
6;22;55;0
6;23;49;1
6;24;58;1
6;25;64;3
7;1;35;2
7;2;29;3
7;3;20;3
7;4;26;2
7;5;32;1
7;6;6;7
7;8;6;11
7;9;35;9
7;10;41;4
7;11;40;1
7;12;34;3
7;13;12;47
7;14;34;4
7;15;40;2
7;16;49;1
7;17;43;3
7;18;18;7
7;19;24;6
7;20;30;2
7;21;55;1
7;22;49;1
7;23;43;2
7;24;52;2
7;25;58;7
8;1;18;4
8;2;12;4
8;3;6;7
8;4;12;4
8;5;18;3
8;6;12;4
8;7;6;10
8;9;6;11
8;10;12;5
8;11;26;3
8;12;20;6
8;13;6;78
8;14;20;7
8;15;26;3
8;16;24;2
8;17;18;6
8;18;12;11
8;19;18;6
8;20;24;3
8;21;30;2
8;22;24;3
8;23;18;4
8;24;24;3
8;25;30;10
9;1;41;1
9;2;35;2
9;3;26;3
9;4;32;3
9;5;38;2
9;6;26;3
9;7;20;8
9;8;6;11
9;10;6;7
9;11;46;2
9;12;40;5
9;13;12;46
9;14;40;6
9;15;46;3
9;16;30;2
9;17;24;5
9;18;18;6
9;19;35;3
9;20;41;1
9;21;61;1
9;22;55;2
9;23;32;2
9;24;38;1
9;25;44;4
10;1;47;1
10;2;41;1
10;3;32;1
10;4;38;1
10;5;44;1
10;6;32;1
10;7;26;4
10;8;12;5
10;9;6;7
10;11;52;1
10;12;46;2
10;13;18;19
10;14;46;3
10;15;52;1
10;16;36;1
10;17;30;2
10;18;24;3
10;19;41;1
10;20;47;1
10;21;67;1
10;22;61;1
10;23;38;1
10;24;44;0
10;25;50;2
11;1;44;1
11;2;38;1
11;3;32;1
11;4;55;1
11;5;61;1
11;6;49;1
11;7;43;2
11;8;26;3
11;9;44;1
11;10;50;1
11;12;6;7
11;13;12;25
11;14;18;4
11;15;24;2
11;16;38;1
11;17;32;1
11;18;26;3
11;19;38;2
11;20;44;1
11;21;44;1
11;22;38;1
11;23;32;1
11;24;41;1
11;25;47;3
12;1;38;1
12;2;32;1
12;3;26;1
12;4;49;1
12;5;55;1
12;6;43;1
12;7;37;2
12;8;20;4
12;9;38;2
12;10;44;1
12;11;6;4
12;13;6;29
12;14;12;5
12;15;18;2
12;16;32;1
12;17;26;2
12;18;20;4
12;19;32;3
12;20;38;1
12;21;38;1
12;22;32;1
12;23;26;2
12;24;35;1
12;25;41;3
13;1;24;14
13;2;18;4
13;3;12;7
13;4;18;5
13;5;24;4
13;6;20;5
13;7;14;11
13;8;6;18
13;9;12;11
13;10;18;5
13;11;12;6
13;12;6;9
13;14;6;14
13;15;12;6
13;16;18;5
13;17;12;11
13;18;6;18
13;19;12;11
13;20;18;5
13;21;24;4
13;22;18;5
13;23;12;7
13;24;18;5
13;25;24;8
14;1;38;1
14;2;32;1
14;3;26;2
14;4;49;2
14;5;55;2
14;6;43;2
14;7;37;6
14;8;20;7
14;9;38;4
14;10;44;2
14;11;18;4
14;12;12;9
14;13;6;55
14;15;6;7
14;16;32;2
14;17;26;4
14;18;20;7
14;19;32;6
14;20;38;3
14;21;38;1
14;22;32;1
14;23;26;3
14;24;35;2
14;25;41;8
15;1;44;0
15;2;38;0
15;3;32;1
15;4;55;1
15;5;61;1
15;6;49;1
15;7;43;3
15;8;26;3
15;9;44;2
15;10;50;1
15;11;24;2
15;12;18;4
15;13;12;23
15;14;6;7
15;16;38;1
15;17;32;2
15;18;26;3
15;19;38;3
15;20;44;1
15;21;44;0
15;22;38;1
15;23;32;1
15;24;41;1
15;25;47;3
16;1;55;1
16;2;49;1
16;3;40;1
16;4;46;0
16;5;52;0
16;6;60;1
16;7;54;1
16;8;24;3
16;9;30;2
16;10;36;1
16;11;40;1
16;12;34;2
16;13;18;19
16;14;34;3
16;15;40;1
16;17;6;8
16;18;12;5
16;19;29;4
16;20;35;2
16;21;55;1
16;22;49;1
16;23;26;2
16;24;32;1
16;25;38;5
17;1;49;1
17;2;43;2
17;3;34;2
17;4;40;1
17;5;46;1
17;6;54;1
17;7;48;3
17;8;18;6
17;9;24;5
17;10;30;2
17;11;34;2
17;12;28;4
17;13;12;45
17;14;28;6
17;15;34;3
17;16;6;7
17;18;6;11
17;19;23;9
17;20;29;4
17;21;49;1
17;22;43;2
17;23;20;4
17;24;26;3
17;25;32;11
18;1;30;2
18;2;24;2
18;3;18;4
18;4;29;2
18;5;35;2
18;6;26;2
18;7;20;5
18;8;12;10
18;9;18;6
18;10;24;2
18;11;28;3
18;12;22;6
18;13;6;75
18;14;22;7
18;15;28;3
18;16;12;4
18;17;6;11
18;19;6;11
18;20;12;5
18;21;18;3
18;22;12;4
18;23;6;7
18;24;12;4
18;25;18;17
19;1;52;1
19;2;46;1
19;3;37;2
19;4;43;2
19;5;49;1
19;6;32;2
19;7;26;5
19;8;18;6
19;9;32;3
19;10;38;1
19;11;37;1
19;12;31;3
19;13;12;45
19;14;31;4
19;15;37;2
19;16;26;4
19;17;20;9
19;18;6;11
19;20;6;7
19;21;32;2
19;22;26;3
19;23;20;3
19;24;29;2
19;25;35;7
20;1;58;0
20;2;52;0
20;3;43;1
20;4;49;1
20;5;55;1
20;6;38;1
20;7;32;2
20;8;24;2
20;9;38;1
20;10;44;1
20;11;43;0
20;12;37;1
20;13;18;18
20;14;37;2
20;15;43;1
20;16;32;2
20;17;26;4
20;18;12;5
20;19;6;7
20;21;38;1
20;22;32;1
20;23;26;1
20;24;35;1
20;25;41;3
21;1;69;0
21;2;63;0
21;3;49;1
21;4;55;1
21;5;61;1
21;6;74;0
21;7;68;1
21;8;43;2
21;9;49;1
21;10;55;1
21;11;54;0
21;12;48;1
21;13;34;15
21;14;48;2
21;15;54;1
21;16;43;1
21;17;37;1
21;18;23;4
21;19;43;2
21;20;49;1
21;22;6;5
21;23;12;3
21;24;26;2
21;25;32;8
22;1;63;0
22;2;57;0
22;3;43;1
22;4;49;1
22;5;55;1
22;6;68;0
22;7;62;1
22;8;37;2
22;9;43;2
22;10;49;1
22;11;48;1
22;12;42;1
22;13;28;18
22;14;42;2
22;15;48;1
22;16;37;1
22;17;31;2
22;18;17;5
22;19;37;3
22;20;43;1
22;21;6;4
22;23;6;4
22;24;20;3
22;25;26;9
23;1;36;1
23;2;30;1
23;3;24;2
23;4;40;1
23;5;46;1
23;6;45;1
23;7;39;2
23;8;18;4
23;9;34;2
23;10;40;1
23;11;39;1
23;12;33;3
23;13;12;28
23;14;33;2
23;15;39;1
23;16;28;1
23;17;22;3
23;18;6;7
23;19;28;3
23;20;34;1
23;21;12;3
23;22;6;4
23;24;6;4
23;25;12;13
24;1;42;1
24;2;36;1
24;3;30;1
24;4;57;0
24;5;63;0
24;6;51;1
24;7;45;2
24;8;24;2
24;9;46;1
24;10;52;0
24;11;51;1
24;12;45;2
24;13;18;17
24;14;45;1
24;15;51;0
24;16;40;1
24;17;34;3
24;18;12;4
24;19;40;2
24;20;46;1
24;21;26;2
24;22;20;2
24;23;6;4
24;25;6;19
25;1;48;1
25;2;42;1
25;3;36;1
25;4;63;0
25;5;69;0
25;6;57;0
25;7;51;1
25;8;30;2
25;9;52;1
25;10;58;0
25;11;57;1
25;12;51;2
25;13;24;13
25;14;51;1
25;15;57;0
25;16;46;1
25;17;40;2
25;18;18;3
25;19;46;1
25;20;52;1
25;21;32;1
25;22;26;2
25;23;12;3
25;24;6;4
