# line-id; line-code; direction; stop-order; stop-id; frequency; arrival_time; departure_time; line-repetition
1; 1H; >; 1; 21; 1; 0; 0; 1
1; 1H; >; 2; 24; 1; 5; 5; 1
1; 1H; >; 3; 13; 1; 10; 10; 1
1; 1H; >; 4; 12; 1; 26; 26; 1
1; 1H; >; 5; 3; 1; 33; 33; 1
1; 1H; >; 6; 1; 1; 37; 37; 1
1; 1H; >; 7; 2; 1; 53; 53; 1
1; 1H; >; 8; 6; 1; 57; 57; 1
1; 1H; >; 9; 8; 1; 1; 1; 1
1; 1H; >; 10; 16; 1; 5; 5; 1
1; 1R; <; 1; 16; 1; 30; 30; 1
1; 1R; <; 2; 8; 1; 34; 34; 1
1; 1R; <; 3; 6; 1; 38; 38; 1
1; 1R; <; 4; 2; 1; 42; 42; 1
1; 1R; <; 5; 1; 1; 58; 58; 1
1; 1R; <; 6; 3; 1; 2; 2; 1
1; 1R; <; 7; 12; 1; 9; 9; 1
1; 1R; <; 8; 13; 1; 25; 25; 1
1; 1R; <; 9; 24; 1; 30; 30; 1
1; 1R; <; 10; 21; 1; 35; 35; 1
2; 2H; >; 1; 21; 1; 0; 0; 1
2; 2H; >; 2; 22; 1; 5; 5; 1
2; 2H; >; 3; 20; 1; 13; 13; 1
2; 2H; >; 4; 19; 1; 21; 21; 1
2; 2H; >; 5; 17; 1; 25; 25; 1
2; 2H; >; 6; 16; 1; 29; 29; 1
2; 2H; >; 7; 10; 1; 35; 35; 1
2; 2H; >; 8; 11; 1; 40; 40; 1
2; 2H; >; 9; 12; 1; 45; 45; 1
2; 2R; <; 1; 12; 1; 0; 0; 1
2; 2R; <; 2; 11; 1; 5; 5; 1
2; 2R; <; 3; 10; 1; 10; 10; 1
2; 2R; <; 4; 16; 1; 16; 16; 1
2; 2R; <; 5; 17; 1; 20; 20; 1
2; 2R; <; 6; 19; 1; 24; 24; 1
2; 2R; <; 7; 20; 1; 32; 32; 1
2; 2R; <; 8; 22; 1; 40; 40; 1
2; 2R; <; 9; 21; 1; 45; 45; 1
3; 3H; >; 1; 23; 1; 39; 39; 1
3; 3H; >; 2; 14; 1; 43; 43; 1
3; 3H; >; 3; 11; 1; 51; 51; 1
3; 3H; >; 4; 4; 1; 58; 58; 1
3; 3H; >; 5; 5; 1; 3; 3; 1
3; 3H; >; 6; 9; 1; 7; 7; 1
3; 3H; >; 7; 10; 1; 11; 11; 1
3; 3H; >; 8; 15; 1; 19; 19; 1
3; 3H; >; 9; 19; 1; 25; 25; 1
3; 3R; <; 1; 19; 1; 39; 39; 1
3; 3R; <; 2; 15; 1; 45; 45; 1
3; 3R; <; 3; 10; 1; 53; 53; 1
3; 3R; <; 4; 9; 1; 57; 57; 1
3; 3R; <; 5; 5; 1; 1; 1; 1
3; 3R; <; 6; 4; 1; 6; 6; 1
3; 3R; <; 7; 11; 1; 13; 13; 1
3; 3R; <; 8; 14; 1; 21; 21; 1
3; 3R; <; 9; 23; 1; 25; 25; 1
4; 4H; >; 1; 23; 1; 17; 17; 1
4; 4H; >; 2; 14; 1; 21; 21; 1
4; 4H; >; 3; 11; 1; 29; 29; 1
4; 4H; >; 4; 4; 1; 36; 36; 1
4; 4H; >; 5; 3; 1; 41; 41; 1
4; 4H; >; 6; 12; 1; 48; 48; 1
4; 4H; >; 7; 13; 1; 4; 4; 1
4; 4H; >; 8; 24; 1; 9; 9; 1
4; 4H; >; 9; 21; 1; 14; 14; 1
4; 4R; <; 1; 21; 1; 17; 17; 1
4; 4R; <; 2; 24; 1; 22; 22; 1
4; 4R; <; 3; 13; 1; 27; 27; 1
4; 4R; <; 4; 12; 1; 43; 43; 1
4; 4R; <; 5; 3; 1; 50; 50; 1
4; 4R; <; 6; 4; 1; 55; 55; 1
4; 4R; <; 7; 11; 1; 2; 2; 1
4; 4R; <; 8; 14; 1; 10; 10; 1
4; 4R; <; 9; 23; 1; 14; 14; 1
5; 5H; >; 1; 21; 1; 0; 0; 1
5; 5H; >; 2; 22; 1; 5; 5; 1
5; 5H; >; 3; 20; 1; 13; 13; 1
5; 5H; >; 4; 19; 1; 21; 21; 1
5; 5H; >; 5; 17; 1; 25; 25; 1
5; 5H; >; 6; 16; 1; 29; 29; 1
5; 5H; >; 7; 18; 1; 35; 35; 1
5; 5H; >; 8; 7; 1; 39; 39; 1
5; 5R; <; 1; 7; 1; 0; 0; 1
5; 5R; <; 2; 18; 1; 4; 4; 1
5; 5R; <; 3; 16; 1; 10; 10; 1
5; 5R; <; 4; 17; 1; 14; 14; 1
5; 5R; <; 5; 19; 1; 18; 18; 1
5; 5R; <; 6; 20; 1; 26; 26; 1
5; 5R; <; 7; 22; 1; 34; 34; 1
5; 5R; <; 8; 21; 1; 39; 39; 1
6; 6H; >; 1; 23; 1; 17; 17; 1
6; 6H; >; 2; 14; 1; 21; 21; 1
6; 6H; >; 3; 11; 1; 29; 29; 1
6; 6H; >; 4; 4; 1; 36; 36; 1
6; 6H; >; 5; 5; 1; 41; 41; 1
6; 6H; >; 6; 9; 1; 45; 45; 1
6; 6H; >; 7; 10; 1; 49; 49; 1
6; 6H; >; 8; 17; 1; 56; 56; 1
6; 6R; <; 1; 17; 1; 17; 17; 1
6; 6R; <; 2; 10; 1; 24; 24; 1
6; 6R; <; 3; 9; 1; 28; 28; 1
6; 6R; <; 4; 5; 1; 32; 32; 1
6; 6R; <; 5; 4; 1; 37; 37; 1
6; 6R; <; 6; 11; 1; 44; 44; 1
6; 6R; <; 7; 14; 1; 52; 52; 1
6; 6R; <; 8; 23; 1; 56; 56; 1
7; 7H; >; 1; 13; 1; 0; 0; 1
7; 7H; >; 2; 24; 1; 5; 5; 1
7; 7H; >; 3; 23; 1; 10; 10; 1
7; 7H; >; 4; 22; 1; 15; 15; 1
7; 7H; >; 5; 15; 1; 19; 19; 1
7; 7H; >; 6; 10; 1; 27; 27; 1
7; 7H; >; 7; 9; 1; 31; 31; 1
7; 7H; >; 8; 5; 1; 35; 35; 1
7; 7R; <; 1; 5; 1; 0; 0; 1
7; 7R; <; 2; 9; 1; 4; 4; 1
7; 7R; <; 3; 10; 1; 8; 8; 1
7; 7R; <; 4; 15; 1; 16; 16; 1
7; 7R; <; 5; 22; 1; 20; 20; 1
7; 7R; <; 6; 23; 1; 25; 25; 1
7; 7R; <; 7; 24; 1; 30; 30; 1
7; 7R; <; 8; 13; 1; 35; 35; 1
8; 8H; >; 1; 7; 1; 0; 0; 1
8; 8H; >; 2; 18; 1; 4; 4; 1
8; 8H; >; 3; 16; 1; 10; 10; 1
8; 8H; >; 4; 8; 1; 14; 14; 1
8; 8H; >; 5; 9; 1; 20; 20; 1
8; 8H; >; 6; 5; 1; 24; 24; 1
8; 8H; >; 7; 6; 1; 30; 30; 1
8; 8H; >; 8; 2; 1; 34; 34; 1
8; 8R; <; 1; 2; 1; 0; 0; 1
8; 8R; <; 2; 6; 1; 4; 4; 1
8; 8R; <; 3; 5; 1; 10; 10; 1
8; 8R; <; 4; 9; 1; 14; 14; 1
8; 8R; <; 5; 8; 1; 20; 20; 1
8; 8R; <; 6; 16; 1; 24; 24; 1
8; 8R; <; 7; 18; 1; 30; 30; 1
8; 8R; <; 8; 7; 1; 34; 34; 1
9; 9H; >; 1; 20; 1; 57; 57; 1
9; 9H; >; 2; 21; 1; 3; 3; 1
9; 9H; >; 3; 22; 1; 8; 8; 1
9; 9H; >; 4; 15; 1; 12; 12; 1
9; 9H; >; 5; 10; 1; 20; 20; 1
9; 9H; >; 6; 11; 1; 25; 25; 1
9; 9H; >; 7; 14; 1; 33; 33; 1
9; 9R; <; 1; 14; 1; 57; 57; 1
9; 9R; <; 2; 11; 1; 5; 5; 1
9; 9R; <; 3; 10; 1; 10; 10; 1
9; 9R; <; 4; 15; 1; 18; 18; 1
9; 9R; <; 5; 22; 1; 22; 22; 1
9; 9R; <; 6; 21; 1; 27; 27; 1
9; 9R; <; 7; 20; 1; 33; 33; 1
10; 10H; >; 1; 20; 1; 0; 0; 1
10; 10H; >; 2; 21; 1; 6; 6; 1
10; 10H; >; 3; 22; 1; 11; 11; 1
10; 10H; >; 4; 15; 1; 15; 15; 1
10; 10H; >; 5; 10; 1; 23; 23; 1
10; 10H; >; 6; 11; 1; 28; 28; 1
10; 10H; >; 7; 12; 1; 33; 33; 1
10; 10R; <; 1; 12; 1; 0; 0; 1
10; 10R; <; 2; 11; 1; 5; 5; 1
10; 10R; <; 3; 10; 1; 10; 10; 1
10; 10R; <; 4; 15; 1; 18; 18; 1
10; 10R; <; 5; 22; 1; 22; 22; 1
10; 10R; <; 6; 21; 1; 27; 27; 1
10; 10R; <; 7; 20; 1; 33; 33; 1
11; 11H; >; 1; 20; 1; 0; 0; 1
11; 11H; >; 2; 21; 1; 6; 6; 1
11; 11H; >; 3; 22; 1; 11; 11; 1
11; 11H; >; 4; 15; 1; 15; 15; 1
11; 11H; >; 5; 10; 1; 23; 23; 1
11; 11H; >; 6; 9; 1; 27; 27; 1
11; 11H; >; 7; 5; 1; 31; 31; 1
11; 11R; <; 1; 5; 1; 0; 0; 1
11; 11R; <; 2; 9; 1; 4; 4; 1
11; 11R; <; 3; 10; 1; 8; 8; 1
11; 11R; <; 4; 15; 1; 16; 16; 1
11; 11R; <; 5; 22; 1; 20; 20; 1
11; 11R; <; 6; 21; 1; 25; 25; 1
11; 11R; <; 7; 20; 1; 31; 31; 1
12; 12H; >; 1; 14; 2; 50; 50; 1
12; 12H; >; 2; 11; 2; 58; 58; 1
12; 12H; >; 3; 10; 2; 3; 3; 1
12; 12H; >; 4; 16; 2; 9; 9; 1
12; 12H; >; 5; 8; 2; 13; 13; 1
12; 12H; >; 6; 6; 2; 17; 17; 1
12; 12H; >; 7; 2; 2; 21; 21; 1
12; 12H; >; 1; 14; 2; 20; 20; 2
12; 12H; >; 2; 11; 2; 28; 28; 2
12; 12H; >; 3; 10; 2; 33; 33; 2
12; 12H; >; 4; 16; 2; 39; 39; 2
12; 12H; >; 5; 8; 2; 43; 43; 2
12; 12H; >; 6; 6; 2; 47; 47; 2
12; 12H; >; 7; 2; 2; 51; 51; 2
12; 12R; <; 1; 2; 2; 50; 50; 1
12; 12R; <; 2; 6; 2; 54; 54; 1
12; 12R; <; 3; 8; 2; 58; 58; 1
12; 12R; <; 4; 16; 2; 2; 2; 1
12; 12R; <; 5; 10; 2; 8; 8; 1
12; 12R; <; 6; 11; 2; 13; 13; 1
12; 12R; <; 7; 14; 2; 21; 21; 1
12; 12R; <; 1; 2; 2; 20; 20; 2
12; 12R; <; 2; 6; 2; 24; 24; 2
12; 12R; <; 3; 8; 2; 28; 28; 2
12; 12R; <; 4; 16; 2; 32; 32; 2
12; 12R; <; 5; 10; 2; 38; 38; 2
12; 12R; <; 6; 11; 2; 43; 43; 2
12; 12R; <; 7; 14; 2; 51; 51; 2
13; 13H; >; 1; 20; 1; 0; 0; 1
13; 13H; >; 2; 21; 1; 6; 6; 1
13; 13H; >; 3; 22; 1; 11; 11; 1
13; 13H; >; 4; 23; 1; 16; 16; 1
13; 13H; >; 5; 24; 1; 21; 21; 1
13; 13H; >; 6; 13; 1; 26; 26; 1
13; 13R; <; 1; 13; 1; 30; 30; 1
13; 13R; <; 2; 24; 1; 35; 35; 1
13; 13R; <; 3; 23; 1; 40; 40; 1
13; 13R; <; 4; 22; 1; 45; 45; 1
13; 13R; <; 5; 21; 1; 50; 50; 1
13; 13R; <; 6; 20; 1; 56; 56; 1
16; 16H; >; 1; 19; 2; 0; 0; 1
16; 16H; >; 2; 17; 2; 4; 4; 1
16; 16H; >; 3; 16; 2; 8; 8; 1
16; 16H; >; 4; 10; 2; 14; 14; 1
16; 16H; >; 5; 9; 2; 18; 18; 1
16; 16H; >; 6; 5; 2; 22; 22; 1
16; 16H; >; 1; 19; 2; 30; 30; 2
16; 16H; >; 2; 17; 2; 34; 34; 2
16; 16H; >; 3; 16; 2; 38; 38; 2
16; 16H; >; 4; 10; 2; 44; 44; 2
16; 16H; >; 5; 9; 2; 48; 48; 2
16; 16H; >; 6; 5; 2; 52; 52; 2
16; 16R; <; 1; 5; 2; 30; 30; 1
16; 16R; <; 2; 9; 2; 34; 34; 1
16; 16R; <; 3; 10; 2; 38; 38; 1
16; 16R; <; 4; 16; 2; 44; 44; 1
16; 16R; <; 5; 17; 2; 48; 48; 1
16; 16R; <; 6; 19; 2; 52; 52; 1
16; 16R; <; 1; 5; 2; 0; 0; 2
16; 16R; <; 2; 9; 2; 4; 4; 2
16; 16R; <; 3; 10; 2; 8; 8; 2
16; 16R; <; 4; 16; 2; 14; 14; 2
16; 16R; <; 5; 17; 2; 18; 18; 2
16; 16R; <; 6; 19; 2; 22; 22; 2
17; 17H; >; 1; 19; 1; 0; 0; 1
17; 17H; >; 2; 17; 1; 4; 4; 1
17; 17H; >; 3; 16; 1; 8; 8; 1
17; 17H; >; 4; 8; 1; 12; 12; 1
17; 17H; >; 5; 7; 1; 18; 18; 1
17; 17H; >; 6; 18; 1; 22; 22; 1
17; 17R; <; 1; 18; 1; 30; 30; 1
17; 17R; <; 2; 7; 1; 34; 34; 1
17; 17R; <; 3; 8; 1; 40; 40; 1
17; 17R; <; 4; 16; 1; 44; 44; 1
17; 17R; <; 5; 17; 1; 48; 48; 1
17; 17R; <; 6; 19; 1; 52; 52; 1
19; 19H; >; 1; 12; 1; 0; 0; 1
19; 19H; >; 2; 11; 1; 5; 5; 1
19; 19H; >; 3; 10; 1; 10; 10; 1
19; 19H; >; 4; 16; 1; 16; 16; 1
19; 19H; >; 5; 18; 1; 22; 22; 1
19; 19H; >; 6; 7; 1; 26; 26; 1
19; 19R; <; 1; 7; 1; 30; 30; 1
19; 19R; <; 2; 18; 1; 34; 34; 1
19; 19R; <; 3; 16; 1; 40; 40; 1
19; 19R; <; 4; 10; 1; 46; 46; 1
19; 19R; <; 5; 11; 1; 51; 51; 1
19; 19R; <; 6; 12; 1; 56; 56; 1
20; 20H; >; 1; 2; 1; 0; 0; 1
20; 20H; >; 2; 6; 1; 4; 4; 1
20; 20H; >; 3; 5; 1; 10; 10; 1
20; 20H; >; 4; 4; 1; 15; 15; 1
20; 20H; >; 5; 3; 1; 20; 20; 1
20; 20H; >; 6; 1; 1; 24; 24; 1
20; 20R; <; 1; 1; 1; 30; 30; 1
20; 20R; <; 2; 3; 1; 34; 34; 1
20; 20R; <; 3; 4; 1; 39; 39; 1
20; 20R; <; 4; 5; 1; 44; 44; 1
20; 20R; <; 5; 6; 1; 50; 50; 1
20; 20R; <; 6; 2; 1; 54; 54; 1
21; 21H; >; 1; 21; 1; 0; 0; 1
21; 21H; >; 2; 22; 1; 5; 5; 1
21; 21H; >; 3; 23; 1; 10; 10; 1
21; 21H; >; 4; 24; 1; 15; 15; 1
21; 21H; >; 5; 13; 1; 20; 20; 1
21; 21R; <; 1; 13; 1; 30; 30; 1
21; 21R; <; 2; 24; 1; 35; 35; 1
21; 21R; <; 3; 23; 1; 40; 40; 1
21; 21R; <; 4; 22; 1; 45; 45; 1
21; 21R; <; 5; 21; 1; 50; 50; 1
22; 22H; >; 1; 20; 1; 0; 0; 1
22; 22H; >; 2; 18; 1; 17; 17; 1
22; 22H; >; 3; 7; 1; 21; 21; 1
22; 22H; >; 4; 8; 1; 27; 27; 1
22; 22H; >; 5; 16; 1; 31; 31; 1
22; 22R; <; 1; 16; 1; 0; 0; 1
22; 22R; <; 2; 8; 1; 4; 4; 1
22; 22R; <; 3; 7; 1; 10; 10; 1
22; 22R; <; 4; 18; 1; 14; 14; 1
22; 22R; <; 5; 20; 1; 31; 31; 1
24; 24H; >; 1; 14; 1; 0; 0; 1
24; 24H; >; 2; 11; 1; 8; 8; 1
24; 24H; >; 3; 10; 1; 13; 13; 1
24; 24H; >; 4; 9; 1; 17; 17; 1
24; 24H; >; 5; 5; 1; 21; 21; 1
24; 24R; <; 1; 5; 1; 30; 30; 1
24; 24R; <; 2; 9; 1; 34; 34; 1
24; 24R; <; 3; 10; 1; 38; 38; 1
24; 24R; <; 4; 11; 1; 43; 43; 1
24; 24R; <; 5; 14; 1; 51; 51; 1
25; 25H; >; 1; 14; 1; 0; 0; 1
25; 25H; >; 2; 11; 1; 8; 8; 1
25; 25H; >; 3; 4; 1; 15; 15; 1
25; 25H; >; 4; 3; 1; 20; 20; 1
25; 25H; >; 5; 1; 1; 24; 24; 1
25; 25R; <; 1; 1; 1; 30; 30; 1
25; 25R; <; 2; 3; 1; 34; 34; 1
25; 25R; <; 3; 4; 1; 39; 39; 1
25; 25R; <; 4; 11; 1; 46; 46; 1
25; 25R; <; 5; 14; 1; 54; 54; 1
26; 26H; >; 1; 12; 1; 0; 0; 1
26; 26H; >; 2; 11; 1; 5; 5; 1
26; 26H; >; 3; 10; 1; 10; 10; 1
26; 26H; >; 4; 9; 1; 14; 14; 1
26; 26H; >; 5; 5; 1; 18; 18; 1
26; 26R; <; 1; 5; 1; 30; 30; 1
26; 26R; <; 2; 9; 1; 34; 34; 1
26; 26R; <; 3; 10; 1; 38; 38; 1
26; 26R; <; 4; 11; 1; 43; 43; 1
26; 26R; <; 5; 12; 1; 48; 48; 1
27; 27H; >; 1; 12; 1; 0; 0; 1
27; 27H; >; 2; 11; 1; 5; 5; 1
27; 27H; >; 3; 4; 1; 12; 12; 1
27; 27H; >; 4; 3; 1; 17; 17; 1
27; 27H; >; 5; 1; 1; 21; 21; 1
27; 27R; <; 1; 1; 1; 30; 30; 1
27; 27R; <; 2; 3; 1; 34; 34; 1
27; 27R; <; 3; 4; 1; 39; 39; 1
27; 27R; <; 4; 11; 1; 46; 46; 1
27; 27R; <; 5; 12; 1; 51; 51; 1
28; 28H; >; 1; 18; 1; 0; 0; 1
28; 28H; >; 2; 7; 1; 4; 4; 1
28; 28H; >; 3; 8; 1; 10; 10; 1
28; 28H; >; 4; 6; 1; 14; 14; 1
28; 28H; >; 5; 2; 1; 18; 18; 1
28; 28R; <; 1; 2; 1; 30; 30; 1
28; 28R; <; 2; 6; 1; 34; 34; 1
28; 28R; <; 3; 8; 1; 38; 38; 1
28; 28R; <; 4; 7; 1; 44; 44; 1
28; 28R; <; 5; 18; 1; 48; 48; 1
29; 29H; >; 1; 22; 1; 0; 0; 1
29; 29H; >; 2; 15; 1; 4; 4; 1
29; 29H; >; 3; 10; 1; 12; 12; 1
29; 29H; >; 4; 17; 1; 19; 19; 1
29; 29R; <; 1; 17; 1; 30; 30; 1
29; 29R; <; 2; 10; 1; 37; 37; 1
29; 29R; <; 3; 15; 1; 45; 45; 1
29; 29R; <; 4; 22; 1; 49; 49; 1
30; 30H; >; 1; 6; 1; 0; 0; 1
30; 30H; >; 2; 8; 1; 4; 4; 1
30; 30H; >; 3; 16; 1; 8; 8; 1
30; 30H; >; 4; 17; 1; 12; 12; 1
30; 30R; <; 1; 17; 1; 30; 30; 1
30; 30R; <; 2; 16; 1; 34; 34; 1
30; 30R; <; 3; 8; 1; 38; 38; 1
30; 30R; <; 4; 6; 1; 42; 42; 1
31; 31H; >; 1; 2; 1; 0; 0; 1
31; 31H; >; 2; 6; 1; 4; 4; 1
31; 31H; >; 3; 8; 1; 8; 8; 1
31; 31H; >; 4; 16; 1; 12; 12; 1
31; 31R; <; 1; 16; 1; 30; 30; 1
31; 31R; <; 2; 8; 1; 34; 34; 1
31; 31R; <; 3; 6; 1; 38; 38; 1
31; 31R; <; 4; 2; 1; 42; 42; 1
32; 32H; >; 1; 1; 1; 0; 0; 1
32; 32H; >; 2; 3; 1; 4; 4; 1
32; 32H; >; 3; 12; 1; 11; 11; 1
32; 32H; >; 4; 11; 1; 16; 16; 1
32; 32R; <; 1; 11; 1; 30; 30; 1
32; 32R; <; 2; 12; 1; 35; 35; 1
32; 32R; <; 3; 3; 1; 42; 42; 1
32; 32R; <; 4; 1; 1; 46; 46; 1
33; 33H; >; 1; 21; 1; 0; 0; 1
33; 33H; >; 2; 22; 1; 5; 5; 1
33; 33H; >; 3; 23; 1; 10; 10; 1
33; 33R; <; 1; 23; 1; 30; 30; 1
33; 33R; <; 2; 22; 1; 35; 35; 1
33; 33R; <; 3; 21; 1; 40; 40; 1
35; 35H; >; 1; 14; 1; 0; 0; 1
35; 35H; >; 2; 15; 1; 5; 5; 1
35; 35H; >; 3; 22; 1; 9; 9; 1
35; 35R; <; 1; 22; 1; 30; 30; 1
35; 35R; <; 2; 15; 1; 34; 34; 1
35; 35R; <; 3; 14; 1; 39; 39; 1
36; 36H; >; 1; 14; 1; 0; 0; 1
36; 36H; >; 2; 11; 1; 8; 8; 1
36; 36H; >; 3; 12; 1; 13; 13; 1
36; 36R; <; 1; 12; 1; 30; 30; 1
36; 36R; <; 2; 11; 1; 35; 35; 1
36; 36R; <; 3; 14; 1; 43; 43; 1
40; 40H; >; 1; 23; 2; 53; 53; 1
40; 40H; >; 2; 24; 2; 58; 58; 1
40; 40H; >; 1; 23; 2; 23; 23; 2
40; 40H; >; 2; 24; 2; 28; 28; 2
40; 40R; <; 1; 24; 2; 23; 23; 1
40; 40R; <; 2; 23; 2; 28; 28; 1
40; 40R; <; 1; 24; 2; 53; 53; 2
40; 40R; <; 2; 23; 2; 58; 58; 2
42; 42H; >; 1; 16; 3; 48; 48; 1
42; 42H; >; 2; 18; 3; 54; 54; 1
42; 42H; >; 1; 16; 3; 8; 8; 2
42; 42H; >; 2; 18; 3; 14; 14; 2
42; 42H; >; 1; 16; 3; 28; 28; 3
42; 42H; >; 2; 18; 3; 34; 34; 3
42; 42R; <; 1; 18; 3; 18; 18; 1
42; 42R; <; 2; 16; 3; 24; 24; 1
42; 42R; <; 1; 18; 3; 38; 38; 2
42; 42R; <; 2; 16; 3; 44; 44; 2
42; 42R; <; 1; 18; 3; 58; 58; 3
42; 42R; <; 2; 16; 3; 4; 4; 3
44; 44H; >; 1; 14; 2; 0; 0; 1
44; 44H; >; 2; 23; 2; 4; 4; 1
44; 44H; >; 1; 14; 2; 30; 30; 2
44; 44H; >; 2; 23; 2; 34; 34; 2
44; 44R; <; 1; 23; 2; 30; 30; 1
44; 44R; <; 2; 14; 2; 34; 34; 1
44; 44R; <; 1; 23; 2; 0; 0; 2
44; 44R; <; 2; 14; 2; 4; 4; 2
52; 52H; >; 1; 3; 1; 0; 0; 1
52; 52H; >; 2; 4; 1; 5; 5; 1
52; 52H; >; 3; 5; 1; 10; 10; 1
52; 52H; >; 4; 6; 1; 16; 16; 1
52; 52R; <; 1; 6; 1; 30; 30; 1
52; 52R; <; 2; 5; 1; 36; 36; 1
52; 52R; <; 3; 4; 1; 41; 41; 1
52; 52R; <; 4; 3; 1; 46; 46; 1
53; 53H; >; 1; 12; 1; 26; 26; 1
53; 53H; >; 2; 11; 1; 31; 31; 1
53; 53H; >; 3; 10; 1; 36; 36; 1
53; 53H; >; 4; 16; 1; 42; 42; 1
53; 53H; >; 5; 18; 1; 48; 48; 1
53; 53R; <; 1; 18; 1; 56; 56; 1
53; 53R; <; 2; 16; 1; 2; 2; 1
53; 53R; <; 3; 10; 1; 8; 8; 1
53; 53R; <; 4; 11; 1; 13; 13; 1
53; 53R; <; 5; 12; 1; 18; 18; 1
54; 54H; >; 1; 9; 1; 0; 0; 1
54; 54H; >; 2; 8; 1; 6; 6; 1
54; 54H; >; 3; 7; 1; 12; 12; 1
54; 54R; <; 1; 7; 1; 30; 30; 1
54; 54R; <; 2; 8; 1; 36; 36; 1
54; 54R; <; 3; 9; 1; 42; 42; 1
55; 55H; >; 1; 12; 2; 0; 0; 1
55; 55H; >; 2; 11; 2; 5; 5; 1
55; 55H; >; 3; 10; 2; 10; 10; 1
55; 55H; >; 4; 17; 2; 17; 17; 1
55; 55H; >; 1; 12; 2; 30; 30; 2
55; 55H; >; 2; 11; 2; 35; 35; 2
55; 55H; >; 3; 10; 2; 40; 40; 2
55; 55H; >; 4; 17; 2; 47; 47; 2
55; 55R; <; 1; 17; 2; 30; 30; 1
55; 55R; <; 2; 10; 2; 37; 37; 1
55; 55R; <; 3; 11; 2; 42; 42; 1
55; 55R; <; 4; 12; 2; 47; 47; 1
55; 55R; <; 1; 17; 2; 0; 0; 2
55; 55R; <; 2; 10; 2; 7; 7; 2
55; 55R; <; 3; 11; 2; 12; 12; 2
55; 55R; <; 4; 12; 2; 17; 17; 2
56; 56H; >; 1; 14; 1; 0; 0; 1
56; 56H; >; 2; 15; 1; 5; 5; 1
56; 56H; >; 3; 19; 1; 11; 11; 1
56; 56R; <; 1; 19; 1; 30; 30; 1
56; 56R; <; 2; 15; 1; 36; 36; 1
56; 56R; <; 3; 14; 1; 41; 41; 1
57; 57H; >; 1; 23; 1; 0; 0; 1
57; 57H; >; 2; 22; 1; 5; 5; 1
57; 57H; >; 3; 20; 1; 13; 13; 1
57; 57R; <; 1; 20; 1; 30; 30; 1
57; 57R; <; 2; 22; 1; 38; 38; 1
57; 57R; <; 3; 23; 1; 43; 43; 1
58; 58H; >; 1; 13; 1; 0; 0; 1
58; 58H; >; 2; 24; 1; 5; 5; 1
58; 58H; >; 3; 21; 1; 10; 10; 1
58; 58H; >; 4; 20; 1; 16; 16; 1
58; 58R; <; 1; 20; 1; 30; 30; 1
58; 58R; <; 2; 21; 1; 36; 36; 1
58; 58R; <; 3; 24; 1; 41; 41; 1
58; 58R; <; 4; 13; 1; 46; 46; 1
60; 60H; >; 1; 4; 1; 0; 0; 1
60; 60H; >; 2; 11; 1; 7; 7; 1
60; 60H; >; 3; 14; 1; 15; 15; 1
60; 60H; >; 4; 23; 1; 19; 19; 1
60; 60H; >; 5; 24; 1; 24; 24; 1
60; 60R; <; 1; 24; 1; 30; 30; 1
60; 60R; <; 2; 23; 1; 35; 35; 1
60; 60R; <; 3; 14; 1; 39; 39; 1
60; 60R; <; 4; 11; 1; 47; 47; 1
60; 60R; <; 5; 4; 1; 54; 54; 1
61; 61H; >; 1; 5; 1; 0; 0; 1
61; 61H; >; 2; 9; 1; 4; 4; 1
61; 61H; >; 3; 10; 1; 8; 8; 1
61; 61H; >; 4; 15; 1; 16; 16; 1
61; 61H; >; 5; 22; 1; 20; 20; 1
61; 61H; >; 6; 21; 1; 25; 25; 1
61; 61R; <; 1; 21; 1; 30; 30; 1
61; 61R; <; 2; 22; 1; 35; 35; 1
61; 61R; <; 3; 15; 1; 39; 39; 1
61; 61R; <; 4; 10; 1; 47; 47; 1
61; 61R; <; 5; 9; 1; 51; 51; 1
61; 61R; <; 6; 5; 1; 55; 55; 1
62; 62H; >; 1; 2; 1; 0; 0; 1
62; 62H; >; 2; 6; 1; 4; 4; 1
62; 62H; >; 3; 8; 1; 8; 8; 1
62; 62H; >; 4; 16; 1; 12; 12; 1
62; 62H; >; 5; 17; 1; 16; 16; 1
62; 62H; >; 6; 19; 1; 20; 20; 1
62; 62H; >; 7; 20; 1; 28; 28; 1
62; 62R; <; 1; 20; 1; 30; 30; 1
62; 62R; <; 2; 19; 1; 38; 38; 1
62; 62R; <; 3; 17; 1; 42; 42; 1
62; 62R; <; 4; 16; 1; 46; 46; 1
62; 62R; <; 5; 8; 1; 50; 50; 1
62; 62R; <; 6; 6; 1; 54; 54; 1
62; 62R; <; 7; 2; 1; 58; 58; 1
64; 64H; >; 1; 2; 2; 32; 32; 1
64; 64H; >; 2; 6; 2; 36; 36; 1
64; 64H; >; 3; 8; 2; 40; 40; 1
64; 64H; >; 4; 16; 2; 44; 44; 1
64; 64H; >; 5; 17; 2; 48; 48; 1
64; 64H; >; 6; 19; 2; 52; 52; 1
64; 64H; >; 7; 20; 2; 0; 0; 1
64; 64H; >; 1; 2; 2; 2; 2; 2
64; 64H; >; 2; 6; 2; 6; 6; 2
64; 64H; >; 3; 8; 2; 10; 10; 2
64; 64H; >; 4; 16; 2; 14; 14; 2
64; 64H; >; 5; 17; 2; 18; 18; 2
64; 64H; >; 6; 19; 2; 22; 22; 2
64; 64H; >; 7; 20; 2; 30; 30; 2
64; 64R; <; 1; 20; 2; 2; 2; 1
64; 64R; <; 2; 19; 2; 10; 10; 1
64; 64R; <; 3; 17; 2; 14; 14; 1
64; 64R; <; 4; 16; 2; 18; 18; 1
64; 64R; <; 5; 8; 2; 22; 22; 1
64; 64R; <; 6; 6; 2; 26; 26; 1
64; 64R; <; 7; 2; 2; 30; 30; 1
64; 64R; <; 1; 20; 2; 32; 32; 2
64; 64R; <; 2; 19; 2; 40; 40; 2
64; 64R; <; 3; 17; 2; 44; 44; 2
64; 64R; <; 4; 16; 2; 48; 48; 2
64; 64R; <; 5; 8; 2; 52; 52; 2
64; 64R; <; 6; 6; 2; 56; 56; 2
64; 64R; <; 7; 2; 2; 0; 0; 2
65; 65H; >; 1; 23; 3; 17; 17; 1
65; 65H; >; 2; 22; 3; 22; 22; 1
65; 65H; >; 3; 15; 3; 26; 26; 1
65; 65H; >; 4; 19; 3; 32; 32; 1
65; 65H; >; 5; 17; 3; 36; 36; 1
65; 65H; >; 6; 16; 3; 40; 40; 1
65; 65H; >; 7; 8; 3; 44; 44; 1
65; 65H; >; 8; 7; 3; 50; 50; 1
65; 65H; >; 1; 23; 3; 37; 37; 2
65; 65H; >; 2; 22; 3; 42; 42; 2
65; 65H; >; 3; 15; 3; 46; 46; 2
65; 65H; >; 4; 19; 3; 52; 52; 2
65; 65H; >; 5; 17; 3; 56; 56; 2
65; 65H; >; 6; 16; 3; 0; 0; 2
65; 65H; >; 7; 8; 3; 4; 4; 2
65; 65H; >; 8; 7; 3; 10; 10; 2
65; 65H; >; 1; 23; 3; 57; 57; 3
65; 65H; >; 2; 22; 3; 2; 2; 3
65; 65H; >; 3; 15; 3; 6; 6; 3
65; 65H; >; 4; 19; 3; 12; 12; 3
65; 65H; >; 5; 17; 3; 16; 16; 3
65; 65H; >; 6; 16; 3; 20; 20; 3
65; 65H; >; 7; 8; 3; 24; 24; 3
65; 65H; >; 8; 7; 3; 30; 30; 3
65; 65R; <; 1; 7; 3; 17; 17; 1
65; 65R; <; 2; 8; 3; 23; 23; 1
65; 65R; <; 3; 16; 3; 27; 27; 1
65; 65R; <; 4; 17; 3; 31; 31; 1
65; 65R; <; 5; 19; 3; 35; 35; 1
65; 65R; <; 6; 15; 3; 41; 41; 1
65; 65R; <; 7; 22; 3; 45; 45; 1
65; 65R; <; 8; 23; 3; 50; 50; 1
65; 65R; <; 1; 7; 3; 37; 37; 2
65; 65R; <; 2; 8; 3; 43; 43; 2
65; 65R; <; 3; 16; 3; 47; 47; 2
65; 65R; <; 4; 17; 3; 51; 51; 2
65; 65R; <; 5; 19; 3; 55; 55; 2
65; 65R; <; 6; 15; 3; 1; 1; 2
65; 65R; <; 7; 22; 3; 5; 5; 2
65; 65R; <; 8; 23; 3; 10; 10; 2
65; 65R; <; 1; 7; 3; 57; 57; 3
65; 65R; <; 2; 8; 3; 3; 3; 3
65; 65R; <; 3; 16; 3; 7; 7; 3
65; 65R; <; 4; 17; 3; 11; 11; 3
65; 65R; <; 5; 19; 3; 15; 15; 3
65; 65R; <; 6; 15; 3; 21; 21; 3
65; 65R; <; 7; 22; 3; 25; 25; 3
65; 65R; <; 8; 23; 3; 30; 30; 3
66; 66H; >; 1; 6; 2; 38; 38; 1
66; 66H; >; 2; 5; 2; 44; 44; 1
66; 66H; >; 3; 9; 2; 48; 48; 1
66; 66H; >; 4; 10; 2; 52; 52; 1
66; 66H; >; 5; 15; 2; 0; 0; 1
66; 66H; >; 6; 22; 2; 4; 4; 1
66; 66H; >; 7; 23; 2; 9; 9; 1
66; 66H; >; 1; 6; 2; 8; 8; 2
66; 66H; >; 2; 5; 2; 14; 14; 2
66; 66H; >; 3; 9; 2; 18; 18; 2
66; 66H; >; 4; 10; 2; 22; 22; 2
66; 66H; >; 5; 15; 2; 30; 30; 2
66; 66H; >; 6; 22; 2; 34; 34; 2
66; 66H; >; 7; 23; 2; 39; 39; 2
66; 66R; <; 1; 23; 2; 38; 38; 1
66; 66R; <; 2; 22; 2; 43; 43; 1
66; 66R; <; 3; 15; 2; 47; 47; 1
66; 66R; <; 4; 10; 2; 55; 55; 1
66; 66R; <; 5; 9; 2; 59; 59; 1
66; 66R; <; 6; 5; 2; 3; 3; 1
66; 66R; <; 7; 6; 2; 9; 9; 1
66; 66R; <; 1; 23; 2; 8; 8; 2
66; 66R; <; 2; 22; 2; 13; 13; 2
66; 66R; <; 3; 15; 2; 17; 17; 2
66; 66R; <; 4; 10; 2; 25; 25; 2
66; 66R; <; 5; 9; 2; 29; 29; 2
66; 66R; <; 6; 5; 2; 33; 33; 2
66; 66R; <; 7; 6; 2; 39; 39; 2
67; 67H; >; 1; 12; 1; 0; 0; 1
67; 67H; >; 2; 11; 1; 5; 5; 1
67; 67H; >; 3; 10; 1; 10; 10; 1
67; 67H; >; 4; 16; 1; 16; 16; 1
67; 67H; >; 5; 18; 1; 22; 22; 1
67; 67R; <; 1; 18; 1; 30; 30; 1
67; 67R; <; 2; 16; 1; 36; 36; 1
67; 67R; <; 3; 10; 1; 42; 42; 1
67; 67R; <; 4; 11; 1; 47; 47; 1
67; 67R; <; 5; 12; 1; 52; 52; 1
68; 68H; >; 1; 1; 2; 46; 46; 1
68; 68H; >; 2; 3; 2; 50; 50; 1
68; 68H; >; 3; 4; 2; 55; 55; 1
68; 68H; >; 4; 11; 2; 2; 2; 1
68; 68H; >; 1; 1; 2; 16; 16; 2
68; 68H; >; 2; 3; 2; 20; 20; 2
68; 68H; >; 3; 4; 2; 25; 25; 2
68; 68H; >; 4; 11; 2; 32; 32; 2
68; 68R; <; 1; 11; 2; 16; 16; 1
68; 68R; <; 2; 4; 2; 23; 23; 1
68; 68R; <; 3; 3; 2; 28; 28; 1
68; 68R; <; 4; 1; 2; 32; 32; 1
68; 68R; <; 1; 11; 2; 46; 46; 2
68; 68R; <; 2; 4; 2; 53; 53; 2
68; 68R; <; 3; 3; 2; 58; 58; 2
68; 68R; <; 4; 1; 2; 2; 2; 2
69; 69H; >; 1; 16; 2; 54; 54; 1
69; 69H; >; 2; 10; 2; 0; 0; 1
69; 69H; >; 3; 11; 2; 5; 5; 1
69; 69H; >; 4; 14; 2; 13; 13; 1
69; 69H; >; 5; 23; 2; 17; 17; 1
69; 69H; >; 6; 24; 2; 22; 22; 1
69; 69H; >; 7; 13; 2; 27; 27; 1
69; 69H; >; 1; 16; 2; 24; 24; 2
69; 69H; >; 2; 10; 2; 30; 30; 2
69; 69H; >; 3; 11; 2; 35; 35; 2
69; 69H; >; 4; 14; 2; 43; 43; 2
69; 69H; >; 5; 23; 2; 47; 47; 2
69; 69H; >; 6; 24; 2; 52; 52; 2
69; 69H; >; 7; 13; 2; 57; 57; 2
69; 69R; <; 1; 13; 2; 54; 54; 1
69; 69R; <; 2; 24; 2; 59; 59; 1
69; 69R; <; 3; 23; 2; 4; 4; 1
69; 69R; <; 4; 14; 2; 8; 8; 1
69; 69R; <; 5; 11; 2; 16; 16; 1
69; 69R; <; 6; 10; 2; 21; 21; 1
69; 69R; <; 7; 16; 2; 27; 27; 1
69; 69R; <; 1; 13; 2; 24; 24; 2
69; 69R; <; 2; 24; 2; 29; 29; 2
69; 69R; <; 3; 23; 2; 34; 34; 2
69; 69R; <; 4; 14; 2; 38; 38; 2
69; 69R; <; 5; 11; 2; 46; 46; 2
69; 69R; <; 6; 10; 2; 51; 51; 2
69; 69R; <; 7; 16; 2; 57; 57; 2
70; 70H; >; 1; 11; 1; 0; 0; 1
70; 70H; >; 2; 14; 1; 8; 8; 1
70; 70H; >; 3; 23; 1; 12; 12; 1
70; 70H; >; 4; 24; 1; 17; 17; 1
70; 70H; >; 5; 21; 1; 22; 22; 1
70; 70H; >; 6; 20; 1; 28; 28; 1
70; 70R; <; 1; 20; 1; 30; 30; 1
70; 70R; <; 2; 21; 1; 36; 36; 1
70; 70R; <; 3; 24; 1; 41; 41; 1
70; 70R; <; 4; 23; 1; 46; 46; 1
70; 70R; <; 5; 14; 1; 50; 50; 1
70; 70R; <; 6; 11; 1; 58; 58; 1
