#line-id;line-code;direction;stop-order;stop-id;frequency;arrival_time;departure_time
1; 1H; >; 1; 1; 6; 0; 0
1; 1H; >; 2; 2; 6; 6; 6
1; 1H; >; 3; 3; 6; 12; 12
1; 1H; >; 4; 4; 6; 18; 18
1; 1H; >; 5; 5; 6; 24; 24
1; 1R; <; 1; 5; 6; 10; 10
1; 1R; <; 2; 4; 6; 16; 16
1; 1R; <; 3; 3; 6; 22; 22
1; 1R; <; 4; 2; 6; 28; 28
1; 1R; <; 5; 1; 6; 34; 34
2; 2H; >; 1; 6; 3; 4; 4
2; 2H; >; 2; 7; 3; 10; 10
2; 2H; >; 3; 8; 3; 16; 16
2; 2H; >; 4; 9; 3; 22; 22
2; 2H; >; 5; 10; 3; 28; 28
2; 2R; <; 1; 10; 3; 16; 16
2; 2R; <; 2; 9; 3; 22; 22
2; 2R; <; 3; 8; 3; 28; 28
2; 2R; <; 4; 7; 3; 34; 34
2; 2R; <; 5; 6; 3; 40; 40
3; 3H; >; 1; 11; 6; 8; 8
3; 3H; >; 2; 12; 6; 14; 14
3; 3H; >; 3; 13; 6; 20; 20
3; 3H; >; 4; 14; 6; 26; 26
3; 3H; >; 5; 15; 6; 32; 32
3; 3R; <; 1; 15; 6; 42; 42
3; 3R; <; 2; 14; 6; 48; 48
3; 3R; <; 3; 13; 6; 54; 54
3; 3R; <; 4; 12; 6; 0; 0
3; 3R; <; 5; 11; 6; 6; 6
4; 4H; >; 1; 16; 3; 39; 39
4; 4H; >; 2; 17; 3; 45; 45
4; 4H; >; 3; 18; 3; 51; 51
4; 4H; >; 4; 19; 3; 57; 57
4; 4H; >; 5; 20; 3; 3; 3
4; 4R; <; 1; 20; 3; 5; 5
4; 4R; <; 2; 19; 3; 11; 11
4; 4R; <; 3; 18; 3; 17; 17
4; 4R; <; 4; 17; 3; 23; 23
4; 4R; <; 5; 16; 3; 29; 29
5; 5H; >; 1; 21; 3; 24; 24
5; 5H; >; 2; 22; 3; 30; 30
5; 5H; >; 3; 23; 3; 36; 36
5; 5H; >; 4; 24; 3; 42; 42
5; 5H; >; 5; 25; 3; 48; 48
5; 5R; <; 1; 25; 3; 15; 15
5; 5R; <; 2; 24; 3; 21; 21
5; 5R; <; 3; 23; 3; 27; 27
5; 5R; <; 4; 22; 3; 33; 33
5; 5R; <; 5; 21; 3; 39; 39
6; 6H; >; 1; 1; 3; 37; 37
6; 6H; >; 2; 6; 3; 43; 43
6; 6H; >; 3; 11; 3; 49; 49
6; 6H; >; 4; 16; 3; 55; 55
6; 6H; >; 5; 21; 3; 1; 1
6; 6R; <; 1; 21; 3; 10; 10
6; 6R; <; 2; 16; 3; 16; 19
6; 6R; <; 3; 11; 3; 25; 25
6; 6R; <; 4; 6; 3; 31; 31
6; 6R; <; 5; 1; 3; 37; 37
7; 7H; >; 1; 2; 3; 9; 9
7; 7H; >; 2; 7; 3; 15; 15
7; 7H; >; 3; 12; 3; 21; 21
7; 7H; >; 4; 17; 3; 27; 27
7; 7H; >; 5; 22; 3; 33; 33
7; 7R; <; 1; 22; 3; 49; 49
7; 7R; <; 2; 17; 3; 55; 55
7; 7R; <; 3; 12; 3; 1; 1
7; 7R; <; 4; 7; 3; 7; 7
7; 7R; <; 5; 2; 3; 15; 15
8; 8H; >; 1; 3; 9; 25; 25
8; 8H; >; 2; 8; 9; 31; 31
8; 8H; >; 3; 13; 9; 37; 37
8; 8H; >; 4; 18; 9; 43; 46
8; 8H; >; 5; 23; 9; 52; 52
8; 8R; <; 1; 23; 9; 46; 46
8; 8R; <; 2; 18; 9; 52; 52
8; 8R; <; 3; 13; 9; 58; 59
8; 8R; <; 4; 8; 9; 5; 5
8; 8R; <; 5; 3; 9; 11; 11
9; 9H; >; 1; 4; 3; 41; 41
9; 9H; >; 2; 9; 3; 47; 47
9; 9H; >; 3; 14; 3; 53; 53
9; 9H; >; 4; 19; 3; 59; 59
9; 9H; >; 5; 24; 3; 5; 5
9; 9R; <; 1; 24; 3; 59; 59
9; 9R; <; 2; 19; 3; 5; 5
9; 9R; <; 3; 14; 3; 11; 11
9; 9R; <; 4; 9; 3; 17; 17
9; 9R; <; 5; 4; 3; 23; 23
10; 10H; >; 1; 5; 3; 47; 47
10; 10H; >; 2; 10; 3; 53; 53
10; 10H; >; 3; 15; 3; 59; 59
10; 10H; >; 4; 20; 3; 5; 5
10; 10H; >; 5; 25; 3; 11; 11
10; 10R; <; 1; 25; 3; 43; 43
10; 10R; <; 2; 20; 3; 49; 49
10; 10R; <; 3; 15; 3; 55; 55
10; 10R; <; 4; 10; 3; 1; 1
10; 10R; <; 5; 5; 3; 7; 7
