#timetable found by modulo network simplex algorithm
#Thu Oct 19 18:37:30 2017
1; 0
2; 6
3; 6
4; 12
5; 12
6; 18
7; 18
8; 24
9; 10
10; 16
11; 16
12; 22
13; 22
14; 28
15; 28
16; 34
17; 20
18; 26
19; 26
20; 32
21; 32
22; 38
23; 38
24; 44
25; 30
26; 36
27; 36
28; 42
29; 42
30; 48
31; 48
32; 54
33; 40
34; 46
35; 46
36; 52
37; 52
38; 58
39; 58
40; 4
41; 50
42; 56
43; 56
44; 2
45; 2
46; 8
47; 8
48; 14
49; 10
50; 16
51; 16
52; 22
53; 22
54; 28
55; 28
56; 34
57; 20
58; 26
59; 26
60; 32
61; 32
62; 38
63; 38
64; 44
65; 30
66; 36
67; 36
68; 42
69; 42
70; 48
71; 48
72; 54
73; 40
74; 46
75; 46
76; 52
77; 52
78; 58
79; 58
80; 4
81; 50
82; 56
83; 56
84; 2
85; 2
86; 8
87; 8
88; 14
89; 60
90; 6
91; 6
92; 12
93; 12
94; 18
95; 18
96; 24
97; 4
98; 10
99; 10
100; 16
101; 16
102; 22
103; 22
104; 28
105; 24
106; 30
107; 30
108; 36
109; 36
110; 42
111; 42
112; 48
113; 44
114; 50
115; 50
116; 56
117; 56
118; 2
119; 2
120; 8
121; 16
122; 22
123; 22
124; 28
125; 28
126; 34
127; 34
128; 40
129; 36
130; 42
131; 42
132; 48
133; 48
134; 54
135; 54
136; 60
137; 56
138; 2
139; 2
140; 8
141; 8
142; 14
143; 14
144; 20
145; 8
146; 14
147; 14
148; 20
149; 20
150; 26
151; 26
152; 32
153; 18
154; 24
155; 24
156; 30
157; 30
158; 36
159; 36
160; 44
161; 28
162; 34
163; 34
164; 40
165; 40
166; 46
167; 46
168; 52
169; 38
170; 44
171; 44
172; 50
173; 50
174; 56
175; 56
176; 2
177; 48
178; 54
179; 54
180; 0
181; 0
182; 6
183; 6
184; 12
185; 58
186; 4
187; 4
188; 10
189; 10
190; 16
191; 16
192; 22
193; 42
194; 48
195; 48
196; 54
197; 54
198; 0
199; 0
200; 6
201; 52
202; 58
203; 58
204; 4
205; 4
206; 10
207; 10
208; 16
209; 2
210; 8
211; 8
212; 14
213; 14
214; 20
215; 20
216; 26
217; 12
218; 18
219; 18
220; 24
221; 24
222; 30
223; 30
224; 36
225; 22
226; 28
227; 28
228; 34
229; 34
230; 40
231; 40
232; 46
233; 32
234; 38
235; 38
236; 44
237; 44
238; 50
239; 50
240; 56
241; 39
242; 45
243; 45
244; 51
245; 51
246; 57
247; 57
248; 3
249; 59
250; 5
251; 5
252; 11
253; 11
254; 17
255; 17
256; 23
257; 19
258; 25
259; 25
260; 31
261; 31
262; 37
263; 37
264; 43
265; 5
266; 11
267; 11
268; 17
269; 17
270; 23
271; 23
272; 29
273; 25
274; 31
275; 31
276; 37
277; 37
278; 43
279; 43
280; 49
281; 45
282; 51
283; 51
284; 57
285; 57
286; 3
287; 3
288; 9
289; 24
290; 30
291; 30
292; 36
293; 36
294; 42
295; 42
296; 48
297; 44
298; 50
299; 50
300; 56
301; 56
302; 2
303; 2
304; 8
305; 4
306; 10
307; 10
308; 16
309; 16
310; 22
311; 22
312; 28
313; 15
314; 21
315; 21
316; 27
317; 27
318; 33
319; 33
320; 39
321; 35
322; 41
323; 41
324; 47
325; 47
326; 53
327; 53
328; 1
329; 55
330; 1
331; 1
332; 7
333; 7
334; 13
335; 13
336; 19
337; 37
338; 43
339; 43
340; 49
341; 49
342; 55
343; 55
344; 1
345; 57
346; 3
347; 3
348; 9
349; 9
350; 15
351; 15
352; 21
353; 17
354; 23
355; 23
356; 29
357; 29
358; 35
359; 35
360; 41
361; 10
362; 16
363; 19
364; 25
365; 25
366; 31
367; 31
368; 37
369; 30
370; 36
371; 39
372; 45
373; 45
374; 51
375; 51
376; 57
377; 50
378; 58
379; 59
380; 5
381; 5
382; 11
383; 11
384; 17
385; 9
386; 15
387; 15
388; 21
389; 21
390; 27
391; 27
392; 33
393; 29
394; 35
395; 35
396; 41
397; 41
398; 47
399; 47
400; 53
401; 49
402; 55
403; 55
404; 1
405; 1
406; 7
407; 7
408; 13
409; 49
410; 55
411; 55
412; 1
413; 1
414; 7
415; 7
416; 15
417; 9
418; 15
419; 15
420; 21
421; 21
422; 27
423; 27
424; 33
425; 29
426; 35
427; 35
428; 41
429; 41
430; 47
431; 47
432; 53
433; 25
434; 31
435; 31
436; 37
437; 37
438; 43
439; 46
440; 52
441; 31
442; 37
443; 37
444; 43
445; 43
446; 49
447; 52
448; 58
449; 37
450; 43
451; 43
452; 49
453; 49
454; 57
455; 58
456; 4
457; 43
458; 49
459; 49
460; 55
461; 55
462; 1
463; 4
464; 10
465; 49
466; 55
467; 55
468; 1
469; 1
470; 7
471; 10
472; 16
473; 55
474; 1
475; 1
476; 7
477; 7
478; 13
479; 16
480; 22
481; 1
482; 7
483; 7
484; 13
485; 13
486; 21
487; 22
488; 30
489; 7
490; 13
491; 13
492; 19
493; 19
494; 27
495; 28
496; 34
497; 13
498; 19
499; 19
500; 25
501; 25
502; 31
503; 34
504; 40
505; 46
506; 52
507; 52
508; 58
509; 59
510; 5
511; 5
512; 11
513; 52
514; 58
515; 58
516; 5
517; 5
518; 11
519; 11
520; 17
521; 58
522; 4
523; 4
524; 11
525; 11
526; 17
527; 17
528; 25
529; 4
530; 10
531; 10
532; 16
533; 17
534; 23
535; 23
536; 29
537; 10
538; 16
539; 16
540; 22
541; 23
542; 29
543; 29
544; 35
545; 16
546; 22
547; 22
548; 29
549; 29
550; 35
551; 35
552; 41
553; 22
554; 28
555; 28
556; 34
557; 35
558; 41
559; 41
560; 47
561; 28
562; 34
563; 34
564; 40
565; 41
566; 47
567; 47
568; 53
569; 34
570; 40
571; 40
572; 46
573; 47
574; 53
575; 53
576; 59
577; 41
578; 47
579; 47
580; 53
581; 53
582; 59
583; 59
584; 5
585; 1
586; 7
587; 7
588; 13
589; 13
590; 19
591; 19
592; 25
593; 21
594; 27
595; 27
596; 33
597; 33
598; 39
599; 39
600; 45
601; 59
602; 5
603; 5
604; 11
605; 11
606; 17
607; 17
608; 23
609; 19
610; 25
611; 25
612; 31
613; 31
614; 37
615; 37
616; 43
617; 39
618; 45
619; 45
620; 51
621; 51
622; 57
623; 57
624; 3
625; 47
626; 53
627; 53
628; 59
629; 59
630; 5
631; 5
632; 11
633; 7
634; 13
635; 13
636; 19
637; 19
638; 25
639; 25
640; 31
641; 27
642; 33
643; 33
644; 39
645; 39
646; 45
647; 45
648; 51
649; 43
650; 49
651; 49
652; 55
653; 55
654; 1
655; 1
656; 7
657; 3
658; 9
659; 9
660; 15
661; 15
662; 21
663; 21
664; 27
665; 23
666; 29
667; 29
668; 35
669; 35
670; 41
671; 41
672; 47
