#origin-stop-id;destination-stop-id;perceived-travel-time;passengers
1;2;6;21
1;3;12;15
1;4;18;10
1;5;24;8
1;6;6;5
1;7;20;11
1;8;26;19
1;9;32;7
1;10;38;3
1;11;12;3
1;12;26;6
1;13;32;82
1;14;38;8
1;15;44;4
1;16;18;3
1;17;32;7
1;18;38;11
1;19;44;4
1;20;50;2
1;21;24;2
1;22;38;2
1;23;44;5
1;24;50;4
1;25;56;15
2;1;6;5
2;3;6;4
2;4;12;3
2;5;18;2
2;6;20;1
2;7;6;3
2;8;20;5
2;9;26;2
2;10;32;1
2;11;26;1
2;12;12;2
2;13;26;20
2;14;32;2
2;15;38;1
2;16;32;1
2;17;18;2
2;18;32;3
2;19;38;1
2;20;44;0
2;21;38;0
2;22;24;1
2;23;41;1
2;24;44;1
2;25;50;4
3;1;12;3
3;2;6;3
3;4;6;4
3;5;12;3
3;6;26;1
3;7;22;3
3;8;6;7
3;9;20;3
3;10;26;1
3;11;32;1
3;12;26;3
3;13;12;30
3;14;26;2
3;15;32;1
3;16;38;1
3;17;33;2
3;18;18;4
3;19;32;2
3;20;38;1
3;21;44;1
3;22;41;1
3;23;27;2
3;24;38;1
3;25;44;4
4;1;18;2
4;2;12;2
4;3;6;4
4;5;6;4
4;6;32;1
4;7;34;2
4;8;20;5
4;9;6;3
4;10;20;1
4;11;38;1
4;12;34;3
4;13;26;19
4;14;12;1
4;15;26;1
4;16;44;0
4;17;46;1
4;18;32;3
4;19;18;2
4;20;32;1
4;21;50;1
4;22;52;1
4;23;41;1
4;24;24;1
4;25;38;2
5;1;24;2
5;2;18;2
5;3;12;3
5;4;6;4
5;6;38;1
5;7;32;1
5;8;26;4
5;9;20;2
5;10;6;1
5;11;44;1
5;12;38;2
5;13;32;16
5;14;26;1
5;15;12;0
5;16;50;0
5;17;52;1
5;18;38;2
5;19;34;1
5;20;18;1
5;21;56;1
5;22;51;1
5;23;45;1
5;24;39;0
5;25;24;2
6;1;6;1
6;2;20;1
6;3;26;1
6;4;32;1
6;5;38;1
6;7;6;8
6;8;12;5
6;9;18;4
6;10;24;2
6;11;6;1
6;12;22;1
6;13;26;20
6;14;34;2
6;15;40;1
6;16;12;1
6;17;27;1
6;18;32;3
6;19;39;2
6;20;45;1
6;21;18;0
6;22;32;0
6;23;38;1
6;24;44;1
6;25;50;3
7;1;22;2
7;2;6;3
7;3;20;3
7;4;26;2
7;5;32;1
7;6;6;7
7;8;6;11
7;9;12;9
7;10;18;4
7;11;20;1
7;12;6;3
7;13;20;47
7;14;26;4
7;15;32;2
7;16;26;1
7;17;12;3
7;18;26;7
7;19;34;6
7;20;40;2
7;21;32;1
7;22;18;1
7;23;35;2
7;24;40;2
7;25;46;7
8;1;26;4
8;2;20;4
8;3;6;7
8;4;20;4
8;5;26;3
8;6;12;4
8;7;6;10
8;9;6;11
8;10;12;5
8;11;26;3
8;12;20;6
8;13;6;78
8;14;20;7
8;15;26;3
8;16;32;2
8;17;27;6
8;18;12;11
8;19;27;6
8;20;33;3
8;21;38;2
8;22;35;3
8;23;21;4
8;24;34;3
8;25;40;10
9;1;32;1
9;2;26;2
9;3;20;3
9;4;6;3
9;5;22;2
9;6;18;3
9;7;12;8
9;8;6;11
9;10;6;7
9;11;32;2
9;12;28;5
9;13;20;46
9;14;6;6
9;15;20;3
9;16;38;2
9;17;41;5
9;18;26;6
9;19;12;3
9;20;28;1
9;21;44;1
9;22;51;2
9;23;35;2
9;24;18;1
9;25;34;4
10;1;38;1
10;2;32;1
10;3;26;1
10;4;20;1
10;5;6;1
10;6;24;1
10;7;18;4
10;8;12;5
10;9;6;7
10;11;38;1
10;12;32;2
10;13;26;19
10;14;20;3
10;15;6;1
10;16;44;1
10;17;55;2
10;18;32;3
10;19;28;1
10;20;12;1
10;21;50;1
10;22;45;1
10;23;39;1
10;24;33;0
10;25;18;2
11;1;12;1
11;2;26;1
11;3;32;1
11;4;38;1
11;5;44;1
11;6;6;1
11;7;24;2
11;8;26;3
11;9;34;1
11;10;38;1
11;12;6;7
11;13;12;25
11;14;18;4
11;15;24;2
11;16;6;1
11;17;21;1
11;18;26;3
11;19;33;2
11;20;39;1
11;21;12;1
11;22;26;1
11;23;32;1
11;24;38;1
11;25;44;3
12;1;28;1
12;2;12;1
12;3;26;1
12;4;32;1
12;5;38;1
12;6;24;1
12;7;6;2
12;8;20;4
12;9;26;2
12;10;32;1
12;11;6;4
12;13;6;29
12;14;12;5
12;15;18;2
12;16;20;1
12;17;6;2
12;18;20;4
12;19;30;3
12;20;36;1
12;21;26;1
12;22;12;1
12;23;29;2
12;24;36;1
12;25;42;3
13;1;32;14
13;2;26;4
13;3;12;7
13;4;26;5
13;5;32;4
13;6;26;5
13;7;20;11
13;8;6;18
13;9;20;11
13;10;26;5
13;11;12;6
13;12;6;9
13;14;6;14
13;15;12;6
13;16;26;5
13;17;21;11
13;18;6;18
13;19;21;11
13;20;27;5
13;21;32;4
13;22;29;5
13;23;15;7
13;24;30;5
13;25;36;8
14;1;38;1
14;2;32;1
14;3;26;2
14;4;12;2
14;5;26;2
14;6;34;2
14;7;28;6
14;8;20;7
14;9;6;4
14;10;20;2
14;11;18;4
14;12;12;9
14;13;6;55
14;15;6;7
14;16;32;2
14;17;34;4
14;18;20;7
14;19;6;6
14;20;24;3
14;21;38;1
14;22;40;1
14;23;29;3
14;24;12;2
14;25;30;8
15;1;44;0
15;2;38;0
15;3;32;1
15;4;26;1
15;5;12;1
15;6;44;1
15;7;40;3
15;8;26;3
15;9;20;2
15;10;6;1
15;11;24;2
15;12;18;4
15;13;12;23
15;14;6;7
15;16;38;1
15;17;40;2
15;18;26;3
15;19;22;3
15;20;6;1
15;21;44;0
15;22;39;1
15;23;33;1
15;24;27;1
15;25;12;3
16;1;18;1
16;2;32;1
16;3;38;1
16;4;44;0
16;5;50;0
16;6;12;1
16;7;33;1
16;8;33;3
16;9;43;2
16;10;47;1
16;11;6;1
16;12;20;2
16;13;26;19
16;14;32;3
16;15;38;1
16;17;6;8
16;18;12;5
16;19;18;4
16;20;24;2
16;21;6;1
16;22;20;1
16;23;26;2
16;24;32;1
16;25;38;5
17;1;34;1
17;2;18;2
17;3;32;2
17;4;38;1
17;5;44;1
17;6;30;1
17;7;12;3
17;8;26;6
17;9;32;5
17;10;38;2
17;11;26;2
17;12;6;4
17;13;20;45
17;14;26;6
17;15;32;3
17;16;6;7
17;18;6;11
17;19;12;9
17;20;18;4
17;21;23;1
17;22;6;2
17;23;20;4
17;24;40;3
17;25;46;11
18;1;39;2
18;2;33;2
18;3;19;4
18;4;33;2
18;5;39;2
18;6;33;2
18;7;27;5
18;8;13;10
18;9;27;6
18;10;33;2
18;11;27;3
18;12;21;6
18;13;6;75
18;14;21;7
18;15;27;3
18;16;12;4
18;17;6;11
18;19;6;11
18;20;12;5
18;21;26;3
18;22;20;4
18;23;6;7
18;24;21;4
18;25;27;17
19;1;44;1
19;2;38;1
19;3;32;2
19;4;18;2
19;5;34;1
19;6;40;2
19;7;34;5
19;8;27;6
19;9;12;3
19;10;28;1
19;11;36;1
19;12;30;3
19;13;20;45
19;14;6;4
19;15;22;2
19;16;18;4
19;17;12;9
19;18;6;11
19;20;6;7
19;21;35;2
19;22;27;3
19;23;24;3
19;24;6;2
19;25;34;7
20;1;50;0
20;2;44;0
20;3;38;1
20;4;32;1
20;5;18;1
20;6;51;1
20;7;47;2
20;8;33;2
20;9;37;1
20;10;12;1
20;11;42;0
20;12;36;1
20;13;26;18
20;14;24;2
20;15;6;1
20;16;24;2
20;17;18;4
20;18;12;5
20;19;6;7
20;21;39;1
20;22;33;1
20;23;27;1
20;24;21;1
20;25;6;3
21;1;27;0
21;2;41;0
21;3;47;1
21;4;53;1
21;5;59;1
21;6;21;0
21;7;45;1
21;8;42;2
21;9;57;1
21;10;61;1
21;11;15;0
21;12;29;1
21;13;35;15
21;14;41;2
21;15;47;1
21;16;6;1
21;17;20;1
21;18;26;4
21;19;32;2
21;20;38;1
21;22;6;5
21;23;12;3
21;24;18;2
21;25;24;8
22;1;40;0
22;2;24;0
22;3;38;1
22;4;44;1
22;5;50;1
22;6;36;0
22;7;18;1
22;8;32;2
22;9;38;2
22;10;44;1
22;11;32;1
22;12;12;1
22;13;26;18
22;14;32;2
22;15;38;1
22;16;25;1
22;17;6;2
22;18;23;5
22;19;33;3
22;20;39;1
22;21;6;4
22;23;6;4
22;24;12;3
22;25;18;9
23;1;45;1
23;2;39;1
23;3;25;2
23;4;39;1
23;5;45;1
23;6;39;1
23;7;33;2
23;8;19;4
23;9;33;2
23;10;39;1
23;11;33;1
23;12;27;3
23;13;12;28
23;14;27;2
23;15;33;1
23;16;26;1
23;17;20;3
23;18;6;7
23;19;20;3
23;20;26;1
23;21;12;3
23;22;6;4
23;24;6;4
23;25;12;13
24;1;50;1
24;2;44;1
24;3;38;1
24;4;24;0
24;5;40;0
24;6;46;1
24;7;40;2
24;8;33;2
24;9;18;1
24;10;34;0
24;11;42;1
24;12;36;2
24;13;26;17
24;14;12;1
24;15;28;0
24;16;35;1
24;17;29;3
24;18;20;4
24;19;6;2
24;20;29;1
24;21;18;2
24;22;12;2
24;23;6;4
24;25;6;19
25;1;56;1
25;2;50;1
25;3;44;1
25;4;38;0
25;5;24;0
25;6;61;0
25;7;56;1
25;8;39;2
25;9;44;1
25;10;18;0
25;11;48;1
25;12;42;2
25;13;32;13
25;14;30;1
25;15;12;0
25;16;46;1
25;17;45;2
25;18;26;3
25;19;33;1
25;20;6;1
25;21;24;1
25;22;18;2
25;23;12;3
25;24;6;4
