#timetable found by modulo network simplex algorithm
#Wed Dec 14 11:41:58 2016
1; 0
2; 6
3; 6
4; 12
5; 12
6; 18
7; 18
8; 24
9; 24
10; 30
11; 30
12; 36
13; 36
14; 42
15; 42
16; 48
17; 49
18; 55
19; 55
20; 1
21; 30
22; 36
23; 36
24; 42
25; 42
26; 48
27; 48
28; 54
29; 54
30; 60
31; 60
32; 6
33; 6
34; 12
35; 12
36; 18
37; 19
38; 25
39; 25
40; 31
41; 37
42; 43
43; 43
44; 49
45; 49
46; 55
47; 55
48; 1
49; 1
50; 7
51; 7
52; 13
53; 13
54; 19
55; 19
56; 25
57; 25
58; 31
59; 31
60; 37
61; 7
62; 13
63; 13
64; 19
65; 19
66; 25
67; 25
68; 31
69; 31
70; 37
71; 37
72; 43
73; 43
74; 49
75; 49
76; 55
77; 55
78; 1
79; 1
80; 7
81; 51
82; 57
83; 57
84; 3
85; 3
86; 9
87; 9
88; 15
89; 15
90; 21
91; 21
92; 27
93; 21
94; 27
95; 27
96; 33
97; 33
98; 39
99; 39
100; 45
101; 45
102; 51
103; 51
104; 57
105; 58
106; 4
107; 4
108; 10
109; 10
110; 16
111; 16
112; 22
113; 22
114; 28
115; 28
116; 34
117; 28
118; 34
119; 34
120; 40
121; 40
122; 46
123; 46
124; 52
125; 52
126; 58
127; 58
128; 4
129; 18
130; 24
131; 24
132; 30
133; 30
134; 36
135; 36
136; 42
137; 42
138; 48
139; 57
140; 3
141; 3
142; 9
143; 9
144; 15
145; 15
146; 21
147; 21
148; 27
149; 22
150; 28
151; 28
152; 34
153; 34
154; 40
155; 40
156; 46
157; 46
158; 52
159; 54
160; 60
161; 60
162; 6
163; 6
164; 12
165; 12
166; 18
167; 18
168; 24
169; 52
170; 58
171; 58
172; 4
173; 4
174; 10
175; 10
176; 16
177; 16
178; 22
179; 22
180; 28
181; 28
182; 34
183; 34
184; 40
185; 22
186; 28
187; 28
188; 34
189; 34
190; 40
191; 40
192; 46
193; 46
194; 52
195; 52
196; 58
197; 58
198; 4
199; 4
200; 10
201; 25
202; 31
203; 31
204; 37
205; 37
206; 43
207; 43
208; 49
209; 49
210; 55
211; 56
212; 2
213; 2
214; 8
215; 8
216; 14
217; 55
218; 1
219; 1
220; 7
221; 7
222; 13
223; 13
224; 19
225; 19
226; 25
227; 26
228; 32
229; 32
230; 38
231; 38
232; 44
233; 21
234; 27
235; 27
236; 33
237; 33
238; 39
239; 39
240; 45
241; 45
242; 51
243; 51
244; 57
245; 41
246; 47
247; 47
248; 53
249; 53
250; 59
251; 59
252; 5
253; 5
254; 11
255; 11
256; 17
257; 1
258; 7
259; 7
260; 13
261; 13
262; 19
263; 19
264; 25
265; 25
266; 31
267; 31
268; 37
269; 28
270; 34
271; 34
272; 40
273; 40
274; 46
275; 46
276; 52
277; 52
278; 58
279; 58
280; 4
281; 48
282; 54
283; 54
284; 60
285; 60
286; 6
287; 6
288; 12
289; 12
290; 18
291; 18
292; 24
293; 8
294; 14
295; 14
296; 20
297; 20
298; 26
299; 26
300; 32
301; 32
302; 38
303; 38
304; 44
305; 34
306; 40
307; 40
308; 46
309; 46
310; 52
311; 52
312; 58
313; 58
314; 4
315; 4
316; 10
317; 25
318; 31
319; 31
320; 37
321; 37
322; 43
323; 43
324; 49
325; 49
326; 55
327; 55
328; 1
329; 37
330; 43
331; 43
332; 49
333; 49
334; 55
335; 55
336; 1
337; 1
338; 7
339; 7
340; 13
341; 13
342; 19
343; 19
344; 25
345; 7
346; 13
347; 13
348; 19
349; 19
350; 25
351; 25
352; 31
353; 31
354; 37
355; 37
356; 43
357; 43
358; 49
359; 49
360; 55
361; 11
362; 17
363; 17
364; 23
365; 23
366; 29
367; 29
368; 35
369; 36
370; 42
371; 43
372; 49
373; 49
374; 55
375; 55
376; 1
377; 41
378; 47
379; 47
380; 53
381; 53
382; 59
383; 59
384; 5
385; 6
386; 12
387; 13
388; 19
389; 19
390; 25
391; 25
392; 31
