#line-id;line-code;direction;edge-order;edge-id;frequency;departure_time;arrival_time
2;2H;<;1;20;2;0;6
2;2H;<;2;19;2;6;12
2;2H;<;3;18;2;12;18
2;2H;<;4;17;2;18;24
2;2H;<;5;24;2;24;30
2;2H;<;6;13;2;30;36
2;2H;<;7;14;2;36;42
2;2H;<;8;31;2;42;48
2;2H;<;9;11;2;49;55
2;2H;<;10;12;2;55;1
2;2R;>;1;12;2;7;13
2;2R;>;2;11;2;13;19
2;2R;>;3;31;2;19;25
2;2R;>;4;14;2;25;31
2;2R;>;5;13;2;31;37
2;2R;>;6;24;2;37;43
2;2R;>;7;17;2;43;49
2;2R;>;8;18;2;49;55
2;2R;>;9;19;2;55;1
2;2R;>;10;20;2;1;7
6;6H;<;1;9;2;21;27
6;6H;<;2;10;2;27;33
6;6H;<;3;30;2;33;39
6;6H;<;4;29;2;39;45
6;6H;<;5;2;2;45;51
6;6H;<;6;1;2;51;57
6;6R;>;1;1;2;28;34
6;6R;>;2;2;2;34;40
6;6R;>;3;29;2;40;46
6;6R;>;4;30;2;46;52
6;6R;>;5;10;2;52;58
6;6R;>;6;9;2;58;4
12;12H;<;1;12;1;18;24
12;12H;<;2;11;1;24;30
12;12H;<;3;30;1;30;36
12;12H;<;4;7;1;36;42
12;12H;<;5;8;1;42;48
12;12R;>;1;8;1;57;3
12;12R;>;2;7;1;3;9
12;12R;>;3;30;1;9;15
12;12R;>;4;11;1;15;21
12;12R;>;5;12;1;21;27
15;15H;<;1;8;1;22;28
15;15H;<;2;7;1;28;34
15;15H;<;3;29;1;34;40
15;15H;<;4;2;1;40;46
15;15H;<;5;1;1;46;52
15;15R;>;1;1;1;54;0
15;15R;>;2;2;1;0;6
15;15R;>;3;29;1;6;12
15;15R;>;4;7;1;12;18
15;15R;>;5;8;1;18;24
29;29H;<;1;1;2;22;28
29;29H;<;2;2;2;28;34
29;29H;<;3;29;2;34;40
29;29H;<;4;30;2;40;46
29;29H;<;5;31;2;46;52
29;29H;<;6;32;2;52;58
29;29H;<;7;19;2;58;4
29;29H;<;8;20;2;4;10
29;29R;>;1;20;2;25;31
29;29R;>;2;19;2;31;37
29;29R;>;3;32;2;37;43
29;29R;>;4;31;2;43;49
29;29R;>;5;30;2;49;55
29;29R;>;6;29;2;56;2
29;29R;>;7;2;2;2;8
29;29R;>;8;1;2;8;14
30;30H;<;1;5;3;1;7
30;30H;<;2;6;3;7;13
30;30H;<;3;30;3;13;19
30;30H;<;4;31;3;19;25
30;30H;<;5;15;3;25;31
30;30H;<;6;16;3;31;37
30;30R;>;1;16;3;8;14
30;30R;>;2;15;3;14;20
30;30R;>;3;31;3;20;26
30;30R;>;4;30;3;26;32
30;30R;>;5;6;3;32;38
30;30R;>;6;5;3;38;44
32;32H;<;1;13;1;34;40
32;32H;<;2;14;1;40;46
32;32H;<;3;31;1;46;52
32;32H;<;4;30;1;52;58
32;32H;<;5;7;1;58;4
32;32H;<;6;8;1;4;10
32;32R;>;1;8;1;25;31
32;32R;>;2;7;1;31;37
32;32R;>;3;30;1;37;43
32;32R;>;4;31;1;43;49
32;32R;>;5;14;1;49;55
32;32R;>;6;13;1;55;1
33;33H;<;1;17;2;7;13
33;33H;<;2;18;2;13;19
33;33H;<;3;32;2;19;25
33;33H;<;4;31;2;25;31
33;33H;<;5;30;2;31;37
33;33H;<;6;29;2;37;43
33;33H;<;7;3;2;43;49
33;33H;<;8;4;2;49;55
33;33R;>;1;4;2;11;17
33;33R;>;2;3;2;17;23
33;33R;>;3;29;2;23;29
33;33R;>;4;30;2;29;35
33;33R;>;5;31;2;36;42
33;33R;>;6;32;2;43;49
33;33R;>;7;18;2;49;55
33;33R;>;8;17;2;55;1
