# line-id; line-code; direction; stop-order; stop-id; frequency; arrival_time; departure_time; line-repetition
6; 6H; >; 1; 14; 2; 0; 0; 1
6; 6H; >; 2; 28; 2; 4; 4; 1
6; 6H; >; 3; 27; 2; 21; 21; 1
6; 6H; >; 4; 283; 2; 32; 32; 1
6; 6H; >; 5; 6; 2; 33; 33; 1
6; 6H; >; 6; 339; 2; 39; 39; 1
6; 6H; >; 7; 31; 2; 42; 42; 1
6; 6H; >; 1; 14; 2; 30; 30; 2
6; 6H; >; 2; 28; 2; 34; 34; 2
6; 6H; >; 3; 27; 2; 51; 51; 2
6; 6H; >; 4; 283; 2; 2; 2; 2
6; 6H; >; 5; 6; 2; 3; 3; 2
6; 6H; >; 6; 339; 2; 9; 9; 2
6; 6H; >; 7; 31; 2; 12; 12; 2
6; 6R; <; 1; 31; 2; 0; 0; 1
6; 6R; <; 2; 339; 2; 3; 3; 1
6; 6R; <; 3; 6; 2; 9; 9; 1
6; 6R; <; 4; 283; 2; 10; 10; 1
6; 6R; <; 5; 27; 2; 21; 21; 1
6; 6R; <; 6; 28; 2; 38; 38; 1
6; 6R; <; 7; 14; 2; 42; 42; 1
6; 6R; <; 1; 31; 2; 30; 30; 2
6; 6R; <; 2; 339; 2; 33; 33; 2
6; 6R; <; 3; 6; 2; 39; 39; 2
6; 6R; <; 4; 283; 2; 40; 40; 2
6; 6R; <; 5; 27; 2; 51; 51; 2
6; 6R; <; 6; 28; 2; 8; 8; 2
6; 6R; <; 7; 14; 2; 12; 12; 2
10; 10H; >; 1; 308; 2; 0; 0; 1
10; 10H; >; 2; 375; 2; 22; 22; 1
10; 10H; >; 3; 26; 2; 46; 46; 1
10; 10H; >; 4; 19; 2; 50; 50; 1
10; 10H; >; 5; 7; 2; 57; 57; 1
10; 10H; >; 6; 15; 2; 12; 12; 1
10; 10H; >; 1; 308; 2; 30; 30; 2
10; 10H; >; 2; 375; 2; 52; 52; 2
10; 10H; >; 3; 26; 2; 16; 16; 2
10; 10H; >; 4; 19; 2; 20; 20; 2
10; 10H; >; 5; 7; 2; 27; 27; 2
10; 10H; >; 6; 15; 2; 42; 42; 2
10; 10R; <; 1; 15; 2; 0; 0; 1
10; 10R; <; 2; 7; 2; 15; 15; 1
10; 10R; <; 3; 19; 2; 22; 22; 1
10; 10R; <; 4; 26; 2; 26; 26; 1
10; 10R; <; 5; 375; 2; 50; 50; 1
10; 10R; <; 6; 308; 2; 12; 12; 1
10; 10R; <; 1; 15; 2; 30; 30; 2
10; 10R; <; 2; 7; 2; 45; 45; 2
10; 10R; <; 3; 19; 2; 52; 52; 2
10; 10R; <; 4; 26; 2; 56; 56; 2
10; 10R; <; 5; 375; 2; 20; 20; 2
10; 10R; <; 6; 308; 2; 42; 42; 2
30; 30H; >; 1; 14; 5; 19; 19; 1
30; 30H; >; 2; 28; 5; 23; 23; 1
30; 30H; >; 3; 33; 5; 37; 37; 1
30; 30H; >; 4; 4; 5; 43; 43; 1
30; 30H; >; 5; 29; 5; 58; 58; 1
30; 30H; >; 6; 15; 5; 6; 6; 1
30; 30H; >; 1; 14; 5; 31; 31; 2
30; 30H; >; 2; 28; 5; 35; 35; 2
30; 30H; >; 3; 33; 5; 49; 49; 2
30; 30H; >; 4; 4; 5; 55; 55; 2
30; 30H; >; 5; 29; 5; 10; 10; 2
30; 30H; >; 6; 15; 5; 18; 18; 2
30; 30H; >; 1; 14; 5; 43; 43; 3
30; 30H; >; 2; 28; 5; 47; 47; 3
30; 30H; >; 3; 33; 5; 1; 1; 3
30; 30H; >; 4; 4; 5; 7; 7; 3
30; 30H; >; 5; 29; 5; 22; 22; 3
30; 30H; >; 6; 15; 5; 30; 30; 3
30; 30H; >; 1; 14; 5; 55; 55; 4
30; 30H; >; 2; 28; 5; 59; 59; 4
30; 30H; >; 3; 33; 5; 13; 13; 4
30; 30H; >; 4; 4; 5; 19; 19; 4
30; 30H; >; 5; 29; 5; 34; 34; 4
30; 30H; >; 6; 15; 5; 42; 42; 4
30; 30H; >; 1; 14; 5; 7; 7; 5
30; 30H; >; 2; 28; 5; 11; 11; 5
30; 30H; >; 3; 33; 5; 25; 25; 5
30; 30H; >; 4; 4; 5; 31; 31; 5
30; 30H; >; 5; 29; 5; 46; 46; 5
30; 30H; >; 6; 15; 5; 54; 54; 5
30; 30R; <; 1; 15; 5; 0; 0; 1
30; 30R; <; 2; 29; 5; 8; 8; 1
30; 30R; <; 3; 4; 5; 23; 23; 1
30; 30R; <; 4; 33; 5; 29; 29; 1
30; 30R; <; 5; 28; 5; 43; 43; 1
30; 30R; <; 6; 14; 5; 47; 47; 1
30; 30R; <; 1; 15; 5; 12; 12; 2
30; 30R; <; 2; 29; 5; 20; 20; 2
30; 30R; <; 3; 4; 5; 35; 35; 2
30; 30R; <; 4; 33; 5; 41; 41; 2
30; 30R; <; 5; 28; 5; 55; 55; 2
30; 30R; <; 6; 14; 5; 59; 59; 2
30; 30R; <; 1; 15; 5; 24; 24; 3
30; 30R; <; 2; 29; 5; 32; 32; 3
30; 30R; <; 3; 4; 5; 47; 47; 3
30; 30R; <; 4; 33; 5; 53; 53; 3
30; 30R; <; 5; 28; 5; 7; 7; 3
30; 30R; <; 6; 14; 5; 11; 11; 3
30; 30R; <; 1; 15; 5; 36; 36; 4
30; 30R; <; 2; 29; 5; 44; 44; 4
30; 30R; <; 3; 4; 5; 59; 59; 4
30; 30R; <; 4; 33; 5; 5; 5; 4
30; 30R; <; 5; 28; 5; 19; 19; 4
30; 30R; <; 6; 14; 5; 23; 23; 4
30; 30R; <; 1; 15; 5; 48; 48; 5
30; 30R; <; 2; 29; 5; 56; 56; 5
30; 30R; <; 3; 4; 5; 11; 11; 5
30; 30R; <; 4; 33; 5; 17; 17; 5
30; 30R; <; 5; 28; 5; 31; 31; 5
30; 30R; <; 6; 14; 5; 35; 35; 5
37; 37H; >; 1; 308; 5; 9; 9; 1
37; 37H; >; 2; 375; 5; 31; 31; 1
37; 37H; >; 3; 11; 5; 42; 42; 1
37; 37H; >; 4; 68; 5; 52; 52; 1
37; 37H; >; 5; 69; 5; 1; 1; 1
37; 37H; >; 1; 308; 5; 21; 21; 2
37; 37H; >; 2; 375; 5; 43; 43; 2
37; 37H; >; 3; 11; 5; 54; 54; 2
37; 37H; >; 4; 68; 5; 4; 4; 2
37; 37H; >; 5; 69; 5; 13; 13; 2
37; 37H; >; 1; 308; 5; 33; 33; 3
37; 37H; >; 2; 375; 5; 55; 55; 3
37; 37H; >; 3; 11; 5; 6; 6; 3
37; 37H; >; 4; 68; 5; 16; 16; 3
37; 37H; >; 5; 69; 5; 25; 25; 3
37; 37H; >; 1; 308; 5; 45; 45; 4
37; 37H; >; 2; 375; 5; 7; 7; 4
37; 37H; >; 3; 11; 5; 18; 18; 4
37; 37H; >; 4; 68; 5; 28; 28; 4
37; 37H; >; 5; 69; 5; 37; 37; 4
37; 37H; >; 1; 308; 5; 57; 57; 5
37; 37H; >; 2; 375; 5; 19; 19; 5
37; 37H; >; 3; 11; 5; 30; 30; 5
37; 37H; >; 4; 68; 5; 40; 40; 5
37; 37H; >; 5; 69; 5; 49; 49; 5
37; 37R; <; 1; 69; 5; 23; 23; 1
37; 37R; <; 2; 68; 5; 32; 32; 1
37; 37R; <; 3; 11; 5; 42; 42; 1
37; 37R; <; 4; 375; 5; 53; 53; 1
37; 37R; <; 5; 308; 5; 15; 15; 1
37; 37R; <; 1; 69; 5; 35; 35; 2
37; 37R; <; 2; 68; 5; 44; 44; 2
37; 37R; <; 3; 11; 5; 54; 54; 2
37; 37R; <; 4; 375; 5; 5; 5; 2
37; 37R; <; 5; 308; 5; 27; 27; 2
37; 37R; <; 1; 69; 5; 47; 47; 3
37; 37R; <; 2; 68; 5; 56; 56; 3
37; 37R; <; 3; 11; 5; 6; 6; 3
37; 37R; <; 4; 375; 5; 17; 17; 3
37; 37R; <; 5; 308; 5; 39; 39; 3
37; 37R; <; 1; 69; 5; 59; 59; 4
37; 37R; <; 2; 68; 5; 8; 8; 4
37; 37R; <; 3; 11; 5; 18; 18; 4
37; 37R; <; 4; 375; 5; 29; 29; 4
37; 37R; <; 5; 308; 5; 51; 51; 4
37; 37R; <; 1; 69; 5; 11; 11; 5
37; 37R; <; 2; 68; 5; 20; 20; 5
37; 37R; <; 3; 11; 5; 30; 30; 5
37; 37R; <; 4; 375; 5; 41; 41; 5
37; 37R; <; 5; 308; 5; 3; 3; 5
39; 39H; >; 1; 50; 5; 25; 25; 1
39; 39H; >; 2; 70; 5; 41; 41; 1
39; 39H; >; 3; 68; 5; 8; 8; 1
39; 39H; >; 4; 40; 5; 17; 17; 1
39; 39H; >; 5; 28; 5; 41; 41; 1
39; 39H; >; 1; 50; 5; 37; 37; 2
39; 39H; >; 2; 70; 5; 53; 53; 2
39; 39H; >; 3; 68; 5; 20; 20; 2
39; 39H; >; 4; 40; 5; 29; 29; 2
39; 39H; >; 5; 28; 5; 53; 53; 2
39; 39H; >; 1; 50; 5; 49; 49; 3
39; 39H; >; 2; 70; 5; 5; 5; 3
39; 39H; >; 3; 68; 5; 32; 32; 3
39; 39H; >; 4; 40; 5; 41; 41; 3
39; 39H; >; 5; 28; 5; 5; 5; 3
39; 39H; >; 1; 50; 5; 1; 1; 4
39; 39H; >; 2; 70; 5; 17; 17; 4
39; 39H; >; 3; 68; 5; 44; 44; 4
39; 39H; >; 4; 40; 5; 53; 53; 4
39; 39H; >; 5; 28; 5; 17; 17; 4
39; 39H; >; 1; 50; 5; 13; 13; 5
39; 39H; >; 2; 70; 5; 29; 29; 5
39; 39H; >; 3; 68; 5; 56; 56; 5
39; 39H; >; 4; 40; 5; 5; 5; 5
39; 39H; >; 5; 28; 5; 29; 29; 5
39; 39R; <; 1; 28; 5; 9; 9; 1
39; 39R; <; 2; 40; 5; 33; 33; 1
39; 39R; <; 3; 68; 5; 42; 42; 1
39; 39R; <; 4; 70; 5; 9; 9; 1
39; 39R; <; 5; 50; 5; 25; 25; 1
39; 39R; <; 1; 28; 5; 21; 21; 2
39; 39R; <; 2; 40; 5; 45; 45; 2
39; 39R; <; 3; 68; 5; 54; 54; 2
39; 39R; <; 4; 70; 5; 21; 21; 2
39; 39R; <; 5; 50; 5; 37; 37; 2
39; 39R; <; 1; 28; 5; 33; 33; 3
39; 39R; <; 2; 40; 5; 57; 57; 3
39; 39R; <; 3; 68; 5; 6; 6; 3
39; 39R; <; 4; 70; 5; 33; 33; 3
39; 39R; <; 5; 50; 5; 49; 49; 3
39; 39R; <; 1; 28; 5; 45; 45; 4
39; 39R; <; 2; 40; 5; 9; 9; 4
39; 39R; <; 3; 68; 5; 18; 18; 4
39; 39R; <; 4; 70; 5; 45; 45; 4
39; 39R; <; 5; 50; 5; 1; 1; 4
39; 39R; <; 1; 28; 5; 57; 57; 5
39; 39R; <; 2; 40; 5; 21; 21; 5
39; 39R; <; 3; 68; 5; 30; 30; 5
39; 39R; <; 4; 70; 5; 57; 57; 5
39; 39R; <; 5; 50; 5; 13; 13; 5
45; 45H; >; 1; 13; 2; 0; 0; 1
45; 45H; >; 2; 22; 2; 22; 22; 1
45; 45H; >; 3; 7; 2; 39; 39; 1
45; 45H; >; 4; 4; 2; 54; 54; 1
45; 45H; >; 5; 33; 2; 0; 0; 1
45; 45H; >; 1; 13; 2; 30; 30; 2
45; 45H; >; 2; 22; 2; 52; 52; 2
45; 45H; >; 3; 7; 2; 9; 9; 2
45; 45H; >; 4; 4; 2; 24; 24; 2
45; 45H; >; 5; 33; 2; 30; 30; 2
45; 45R; <; 1; 33; 2; 0; 0; 1
45; 45R; <; 2; 4; 2; 6; 6; 1
45; 45R; <; 3; 7; 2; 21; 21; 1
45; 45R; <; 4; 22; 2; 38; 38; 1
45; 45R; <; 5; 13; 2; 0; 0; 1
45; 45R; <; 1; 33; 2; 30; 30; 2
45; 45R; <; 2; 4; 2; 36; 36; 2
45; 45R; <; 3; 7; 2; 51; 51; 2
45; 45R; <; 4; 22; 2; 8; 8; 2
45; 45R; <; 5; 13; 2; 30; 30; 2
47; 47H; >; 1; 6; 5; 0; 0; 1
47; 47H; >; 2; 16; 5; 11; 11; 1
47; 47H; >; 3; 3; 5; 17; 17; 1
47; 47H; >; 4; 32; 5; 28; 28; 1
47; 47H; >; 5; 8; 5; 37; 37; 1
47; 47H; >; 1; 6; 5; 12; 12; 2
47; 47H; >; 2; 16; 5; 23; 23; 2
47; 47H; >; 3; 3; 5; 29; 29; 2
47; 47H; >; 4; 32; 5; 40; 40; 2
47; 47H; >; 5; 8; 5; 49; 49; 2
47; 47H; >; 1; 6; 5; 24; 24; 3
47; 47H; >; 2; 16; 5; 35; 35; 3
47; 47H; >; 3; 3; 5; 41; 41; 3
47; 47H; >; 4; 32; 5; 52; 52; 3
47; 47H; >; 5; 8; 5; 1; 1; 3
47; 47H; >; 1; 6; 5; 36; 36; 4
47; 47H; >; 2; 16; 5; 47; 47; 4
47; 47H; >; 3; 3; 5; 53; 53; 4
47; 47H; >; 4; 32; 5; 4; 4; 4
47; 47H; >; 5; 8; 5; 13; 13; 4
47; 47H; >; 1; 6; 5; 48; 48; 5
47; 47H; >; 2; 16; 5; 59; 59; 5
47; 47H; >; 3; 3; 5; 5; 5; 5
47; 47H; >; 4; 32; 5; 16; 16; 5
47; 47H; >; 5; 8; 5; 25; 25; 5
47; 47R; <; 1; 8; 5; 0; 0; 1
47; 47R; <; 2; 32; 5; 9; 9; 1
47; 47R; <; 3; 3; 5; 20; 20; 1
47; 47R; <; 4; 16; 5; 26; 26; 1
47; 47R; <; 5; 6; 5; 37; 37; 1
47; 47R; <; 1; 8; 5; 12; 12; 2
47; 47R; <; 2; 32; 5; 21; 21; 2
47; 47R; <; 3; 3; 5; 32; 32; 2
47; 47R; <; 4; 16; 5; 38; 38; 2
47; 47R; <; 5; 6; 5; 49; 49; 2
47; 47R; <; 1; 8; 5; 24; 24; 3
47; 47R; <; 2; 32; 5; 33; 33; 3
47; 47R; <; 3; 3; 5; 44; 44; 3
47; 47R; <; 4; 16; 5; 50; 50; 3
47; 47R; <; 5; 6; 5; 1; 1; 3
47; 47R; <; 1; 8; 5; 36; 36; 4
47; 47R; <; 2; 32; 5; 45; 45; 4
47; 47R; <; 3; 3; 5; 56; 56; 4
47; 47R; <; 4; 16; 5; 2; 2; 4
47; 47R; <; 5; 6; 5; 13; 13; 4
47; 47R; <; 1; 8; 5; 48; 48; 5
47; 47R; <; 2; 32; 5; 57; 57; 5
47; 47R; <; 3; 3; 5; 8; 8; 5
47; 47R; <; 4; 16; 5; 14; 14; 5
47; 47R; <; 5; 6; 5; 25; 25; 5
56; 56H; >; 1; 40; 2; 0; 0; 1
56; 56H; >; 2; 68; 2; 9; 9; 1
56; 56H; >; 3; 69; 2; 18; 18; 1
56; 56H; >; 4; 7; 2; 25; 25; 1
56; 56H; >; 5; 12; 2; 32; 32; 1
56; 56H; >; 1; 40; 2; 30; 30; 2
56; 56H; >; 2; 68; 2; 39; 39; 2
56; 56H; >; 3; 69; 2; 48; 48; 2
56; 56H; >; 4; 7; 2; 55; 55; 2
56; 56H; >; 5; 12; 2; 2; 2; 2
56; 56R; <; 1; 12; 2; 0; 0; 1
56; 56R; <; 2; 7; 2; 7; 7; 1
56; 56R; <; 3; 69; 2; 14; 14; 1
56; 56R; <; 4; 68; 2; 23; 23; 1
56; 56R; <; 5; 40; 2; 32; 32; 1
56; 56R; <; 1; 12; 2; 30; 30; 2
56; 56R; <; 2; 7; 2; 37; 37; 2
56; 56R; <; 3; 69; 2; 44; 44; 2
56; 56R; <; 4; 68; 2; 53; 53; 2
56; 56R; <; 5; 40; 2; 2; 2; 2
57; 57H; >; 1; 40; 2; 0; 0; 1
57; 57H; >; 2; 68; 2; 9; 9; 1
57; 57H; >; 3; 9; 2; 15; 15; 1
57; 57H; >; 4; 32; 2; 26; 26; 1
57; 57H; >; 5; 29; 2; 36; 36; 1
57; 57H; >; 1; 40; 2; 30; 30; 2
57; 57H; >; 2; 68; 2; 39; 39; 2
57; 57H; >; 3; 9; 2; 45; 45; 2
57; 57H; >; 4; 32; 2; 56; 56; 2
57; 57H; >; 5; 29; 2; 6; 6; 2
57; 57R; <; 1; 29; 2; 0; 0; 1
57; 57R; <; 2; 32; 2; 10; 10; 1
57; 57R; <; 3; 9; 2; 21; 21; 1
57; 57R; <; 4; 68; 2; 27; 27; 1
57; 57R; <; 5; 40; 2; 36; 36; 1
57; 57R; <; 1; 29; 2; 30; 30; 2
57; 57R; <; 2; 32; 2; 40; 40; 2
57; 57R; <; 3; 9; 2; 51; 51; 2
57; 57R; <; 4; 68; 2; 57; 57; 2
57; 57R; <; 5; 40; 2; 6; 6; 2
61; 61H; >; 1; 14; 2; 0; 0; 1
61; 61H; >; 2; 28; 2; 4; 4; 1
61; 61H; >; 3; 33; 2; 18; 18; 1
61; 61H; >; 4; 4; 2; 24; 24; 1
61; 61H; >; 5; 8; 2; 38; 38; 1
61; 61H; >; 1; 14; 2; 30; 30; 2
61; 61H; >; 2; 28; 2; 34; 34; 2
61; 61H; >; 3; 33; 2; 48; 48; 2
61; 61H; >; 4; 4; 2; 54; 54; 2
61; 61H; >; 5; 8; 2; 8; 8; 2
61; 61R; <; 1; 8; 2; 0; 0; 1
61; 61R; <; 2; 4; 2; 14; 14; 1
61; 61R; <; 3; 33; 2; 20; 20; 1
61; 61R; <; 4; 28; 2; 34; 34; 1
61; 61R; <; 5; 14; 2; 38; 38; 1
61; 61R; <; 1; 8; 2; 30; 30; 2
61; 61R; <; 2; 4; 2; 44; 44; 2
61; 61R; <; 3; 33; 2; 50; 50; 2
61; 61R; <; 4; 28; 2; 4; 4; 2
61; 61R; <; 5; 14; 2; 8; 8; 2
77; 77H; >; 1; 13; 5; 0; 0; 1
77; 77H; >; 2; 22; 5; 22; 22; 1
77; 77H; >; 3; 7; 5; 39; 39; 1
77; 77H; >; 4; 15; 5; 54; 54; 1
77; 77H; >; 1; 13; 5; 12; 12; 2
77; 77H; >; 2; 22; 5; 34; 34; 2
77; 77H; >; 3; 7; 5; 51; 51; 2
77; 77H; >; 4; 15; 5; 6; 6; 2
77; 77H; >; 1; 13; 5; 24; 24; 3
77; 77H; >; 2; 22; 5; 46; 46; 3
77; 77H; >; 3; 7; 5; 3; 3; 3
77; 77H; >; 4; 15; 5; 18; 18; 3
77; 77H; >; 1; 13; 5; 36; 36; 4
77; 77H; >; 2; 22; 5; 58; 58; 4
77; 77H; >; 3; 7; 5; 15; 15; 4
77; 77H; >; 4; 15; 5; 30; 30; 4
77; 77H; >; 1; 13; 5; 48; 48; 5
77; 77H; >; 2; 22; 5; 10; 10; 5
77; 77H; >; 3; 7; 5; 27; 27; 5
77; 77H; >; 4; 15; 5; 42; 42; 5
77; 77R; <; 1; 15; 5; 0; 0; 1
77; 77R; <; 2; 7; 5; 15; 15; 1
77; 77R; <; 3; 22; 5; 32; 32; 1
77; 77R; <; 4; 13; 5; 54; 54; 1
77; 77R; <; 1; 15; 5; 12; 12; 2
77; 77R; <; 2; 7; 5; 27; 27; 2
77; 77R; <; 3; 22; 5; 44; 44; 2
77; 77R; <; 4; 13; 5; 6; 6; 2
77; 77R; <; 1; 15; 5; 24; 24; 3
77; 77R; <; 2; 7; 5; 39; 39; 3
77; 77R; <; 3; 22; 5; 56; 56; 3
77; 77R; <; 4; 13; 5; 18; 18; 3
77; 77R; <; 1; 15; 5; 36; 36; 4
77; 77R; <; 2; 7; 5; 51; 51; 4
77; 77R; <; 3; 22; 5; 8; 8; 4
77; 77R; <; 4; 13; 5; 30; 30; 4
77; 77R; <; 1; 15; 5; 48; 48; 5
77; 77R; <; 2; 7; 5; 3; 3; 5
77; 77R; <; 3; 22; 5; 20; 20; 5
77; 77R; <; 4; 13; 5; 42; 42; 5
79; 79H; >; 1; 13; 2; 0; 0; 1
79; 79H; >; 2; 20; 2; 21; 21; 1
79; 79H; >; 3; 70; 2; 43; 43; 1
79; 79H; >; 4; 68; 2; 10; 10; 1
79; 79H; >; 1; 13; 2; 30; 30; 2
79; 79H; >; 2; 20; 2; 51; 51; 2
79; 79H; >; 3; 70; 2; 13; 13; 2
79; 79H; >; 4; 68; 2; 40; 40; 2
79; 79R; <; 1; 68; 2; 0; 0; 1
79; 79R; <; 2; 70; 2; 27; 27; 1
79; 79R; <; 3; 20; 2; 49; 49; 1
79; 79R; <; 4; 13; 2; 10; 10; 1
79; 79R; <; 1; 68; 2; 30; 30; 2
79; 79R; <; 2; 70; 2; 57; 57; 2
79; 79R; <; 3; 20; 2; 19; 19; 2
79; 79R; <; 4; 13; 2; 40; 40; 2
91; 91H; >; 1; 14; 2; 0; 0; 1
91; 91H; >; 2; 28; 2; 4; 4; 1
91; 91H; >; 3; 33; 2; 18; 18; 1
91; 91H; >; 4; 10; 2; 30; 30; 1
91; 91H; >; 1; 14; 2; 30; 30; 2
91; 91H; >; 2; 28; 2; 34; 34; 2
91; 91H; >; 3; 33; 2; 48; 48; 2
91; 91H; >; 4; 10; 2; 0; 0; 2
91; 91R; <; 1; 10; 2; 0; 0; 1
91; 91R; <; 2; 33; 2; 12; 12; 1
91; 91R; <; 3; 28; 2; 26; 26; 1
91; 91R; <; 4; 14; 2; 30; 30; 1
91; 91R; <; 1; 10; 2; 30; 30; 2
91; 91R; <; 2; 33; 2; 42; 42; 2
91; 91R; <; 3; 28; 2; 56; 56; 2
91; 91R; <; 4; 14; 2; 0; 0; 2
94; 94H; >; 1; 8; 2; 0; 0; 1
94; 94H; >; 2; 69; 2; 10; 10; 1
94; 94H; >; 3; 22; 2; 20; 20; 1
94; 94H; >; 4; 346; 2; 35; 35; 1
94; 94H; >; 1; 8; 2; 30; 30; 2
94; 94H; >; 2; 69; 2; 40; 40; 2
94; 94H; >; 3; 22; 2; 50; 50; 2
94; 94H; >; 4; 346; 2; 5; 5; 2
94; 94R; <; 1; 346; 2; 0; 0; 1
94; 94R; <; 2; 22; 2; 15; 15; 1
94; 94R; <; 3; 69; 2; 25; 25; 1
94; 94R; <; 4; 8; 2; 35; 35; 1
94; 94R; <; 1; 346; 2; 30; 30; 2
94; 94R; <; 2; 22; 2; 45; 45; 2
94; 94R; <; 3; 69; 2; 55; 55; 2
94; 94R; <; 4; 8; 2; 5; 5; 2
96; 96H; >; 1; 6; 2; 0; 0; 1
96; 96H; >; 2; 283; 2; 1; 1; 1
96; 96H; >; 3; 27; 2; 12; 12; 1
96; 96H; >; 4; 33; 2; 18; 18; 1
96; 96H; >; 1; 6; 2; 30; 30; 2
96; 96H; >; 2; 283; 2; 31; 31; 2
96; 96H; >; 3; 27; 2; 42; 42; 2
96; 96H; >; 4; 33; 2; 48; 48; 2
96; 96R; <; 1; 33; 2; 0; 0; 1
96; 96R; <; 2; 27; 2; 6; 6; 1
96; 96R; <; 3; 283; 2; 17; 17; 1
96; 96R; <; 4; 6; 2; 18; 18; 1
96; 96R; <; 1; 33; 2; 30; 30; 2
96; 96R; <; 2; 27; 2; 36; 36; 2
96; 96R; <; 3; 283; 2; 47; 47; 2
96; 96R; <; 4; 6; 2; 48; 48; 2
103; 103H; >; 1; 50; 2; 0; 0; 1
103; 103H; >; 2; 70; 2; 16; 16; 1
103; 103H; >; 3; 69; 2; 35; 35; 1
103; 103H; >; 1; 50; 2; 30; 30; 2
103; 103H; >; 2; 70; 2; 46; 46; 2
103; 103H; >; 3; 69; 2; 5; 5; 2
103; 103R; <; 1; 69; 2; 0; 0; 1
103; 103R; <; 2; 70; 2; 19; 19; 1
103; 103R; <; 3; 50; 2; 35; 35; 1
103; 103R; <; 1; 69; 2; 30; 30; 2
103; 103R; <; 2; 70; 2; 49; 49; 2
103; 103R; <; 3; 50; 2; 5; 5; 2
104; 104H; >; 1; 29; 2; 0; 0; 1
104; 104H; >; 2; 32; 2; 10; 10; 1
104; 104H; >; 3; 8; 2; 19; 19; 1
104; 104H; >; 1; 29; 2; 30; 30; 2
104; 104H; >; 2; 32; 2; 40; 40; 2
104; 104H; >; 3; 8; 2; 49; 49; 2
104; 104R; <; 1; 8; 2; 0; 0; 1
104; 104R; <; 2; 32; 2; 9; 9; 1
104; 104R; <; 3; 29; 2; 19; 19; 1
104; 104R; <; 1; 8; 2; 30; 30; 2
104; 104R; <; 2; 32; 2; 39; 39; 2
104; 104R; <; 3; 29; 2; 49; 49; 2
106; 106H; >; 1; 13; 2; 0; 0; 1
106; 106H; >; 2; 20; 2; 21; 21; 1
106; 106H; >; 3; 50; 2; 30; 30; 1
106; 106H; >; 1; 13; 2; 30; 30; 2
106; 106H; >; 2; 20; 2; 51; 51; 2
106; 106H; >; 3; 50; 2; 0; 0; 2
106; 106R; <; 1; 50; 2; 0; 0; 1
106; 106R; <; 2; 20; 2; 9; 9; 1
106; 106R; <; 3; 13; 2; 30; 30; 1
106; 106R; <; 1; 50; 2; 30; 30; 2
106; 106R; <; 2; 20; 2; 39; 39; 2
106; 106R; <; 3; 13; 2; 0; 0; 2
108; 108H; >; 1; 12; 2; 0; 0; 1
108; 108H; >; 2; 300; 2; 8; 8; 1
108; 108H; >; 3; 53; 2; 16; 16; 1
108; 108H; >; 1; 12; 2; 30; 30; 2
108; 108H; >; 2; 300; 2; 38; 38; 2
108; 108H; >; 3; 53; 2; 46; 46; 2
108; 108R; <; 1; 53; 2; 0; 0; 1
108; 108R; <; 2; 300; 2; 8; 8; 1
108; 108R; <; 3; 12; 2; 16; 16; 1
108; 108R; <; 1; 53; 2; 30; 30; 2
108; 108R; <; 2; 300; 2; 38; 38; 2
108; 108R; <; 3; 12; 2; 46; 46; 2
117; 117H; >; 1; 7; 6; 0; 0; 1
117; 117H; >; 2; 8; 6; 3; 3; 1
117; 117H; >; 1; 7; 6; 10; 10; 2
117; 117H; >; 2; 8; 6; 13; 13; 2
117; 117H; >; 1; 7; 6; 20; 20; 3
117; 117H; >; 2; 8; 6; 23; 23; 3
117; 117H; >; 1; 7; 6; 30; 30; 4
117; 117H; >; 2; 8; 6; 33; 33; 4
117; 117H; >; 1; 7; 6; 40; 40; 5
117; 117H; >; 2; 8; 6; 43; 43; 5
117; 117H; >; 1; 7; 6; 50; 50; 6
117; 117H; >; 2; 8; 6; 53; 53; 6
117; 117R; <; 1; 8; 6; 0; 0; 1
117; 117R; <; 2; 7; 6; 3; 3; 1
117; 117R; <; 1; 8; 6; 10; 10; 2
117; 117R; <; 2; 7; 6; 13; 13; 2
117; 117R; <; 1; 8; 6; 20; 20; 3
117; 117R; <; 2; 7; 6; 23; 23; 3
117; 117R; <; 1; 8; 6; 30; 30; 4
117; 117R; <; 2; 7; 6; 33; 33; 4
117; 117R; <; 1; 8; 6; 40; 40; 5
117; 117R; <; 2; 7; 6; 43; 43; 5
117; 117R; <; 1; 8; 6; 50; 50; 6
117; 117R; <; 2; 7; 6; 53; 53; 6
120; 120H; >; 1; 11; 2; 0; 0; 1
120; 120H; >; 2; 40; 2; 3; 3; 1
120; 120H; >; 3; 28; 2; 27; 27; 1
120; 120H; >; 4; 30; 2; 29; 29; 1
120; 120H; >; 5; 24; 2; 31; 31; 1
120; 120H; >; 6; 10; 2; 33; 33; 1
120; 120H; >; 7; 23; 2; 37; 37; 1
120; 120H; >; 8; 26; 2; 40; 40; 1
120; 120H; >; 9; 19; 2; 44; 44; 1
120; 120H; >; 10; 8; 2; 48; 48; 1
120; 120H; >; 11; 2; 2; 52; 52; 1
120; 120H; >; 1; 11; 2; 30; 30; 2
120; 120H; >; 2; 40; 2; 33; 33; 2
120; 120H; >; 3; 28; 2; 57; 57; 2
120; 120H; >; 4; 30; 2; 59; 59; 2
120; 120H; >; 5; 24; 2; 1; 1; 2
120; 120H; >; 6; 10; 2; 3; 3; 2
120; 120H; >; 7; 23; 2; 7; 7; 2
120; 120H; >; 8; 26; 2; 10; 10; 2
120; 120H; >; 9; 19; 2; 14; 14; 2
120; 120H; >; 10; 8; 2; 18; 18; 2
120; 120H; >; 11; 2; 2; 22; 22; 2
120; 120R; <; 1; 2; 2; 0; 0; 1
120; 120R; <; 2; 8; 2; 4; 4; 1
120; 120R; <; 3; 19; 2; 8; 8; 1
120; 120R; <; 4; 26; 2; 12; 12; 1
120; 120R; <; 5; 23; 2; 15; 15; 1
120; 120R; <; 6; 10; 2; 19; 19; 1
120; 120R; <; 7; 24; 2; 21; 21; 1
120; 120R; <; 8; 30; 2; 23; 23; 1
120; 120R; <; 9; 28; 2; 25; 25; 1
120; 120R; <; 10; 40; 2; 49; 49; 1
120; 120R; <; 11; 11; 2; 52; 52; 1
120; 120R; <; 1; 2; 2; 30; 30; 2
120; 120R; <; 2; 8; 2; 34; 34; 2
120; 120R; <; 3; 19; 2; 38; 38; 2
120; 120R; <; 4; 26; 2; 42; 42; 2
120; 120R; <; 5; 23; 2; 45; 45; 2
120; 120R; <; 6; 10; 2; 49; 49; 2
120; 120R; <; 7; 24; 2; 51; 51; 2
120; 120R; <; 8; 30; 2; 53; 53; 2
120; 120R; <; 9; 28; 2; 55; 55; 2
120; 120R; <; 10; 40; 2; 19; 19; 2
120; 120R; <; 11; 11; 2; 22; 22; 2
121; 121H; >; 1; 305; 2; 0; 0; 1
121; 121H; >; 2; 283; 2; 13; 13; 1
121; 121H; >; 3; 17; 2; 21; 21; 1
121; 121H; >; 4; 3; 2; 25; 25; 1
121; 121H; >; 5; 32; 2; 36; 36; 1
121; 121H; >; 6; 9; 2; 47; 47; 1
121; 121H; >; 7; 7; 2; 53; 53; 1
121; 121H; >; 8; 69; 2; 0; 0; 1
121; 121H; >; 9; 70; 2; 19; 19; 1
121; 121H; >; 1; 305; 2; 30; 30; 2
121; 121H; >; 2; 283; 2; 43; 43; 2
121; 121H; >; 3; 17; 2; 51; 51; 2
121; 121H; >; 4; 3; 2; 55; 55; 2
121; 121H; >; 5; 32; 2; 6; 6; 2
121; 121H; >; 6; 9; 2; 17; 17; 2
121; 121H; >; 7; 7; 2; 23; 23; 2
121; 121H; >; 8; 69; 2; 30; 30; 2
121; 121H; >; 9; 70; 2; 49; 49; 2
121; 121R; <; 1; 70; 2; 0; 0; 1
121; 121R; <; 2; 69; 2; 19; 19; 1
121; 121R; <; 3; 7; 2; 26; 26; 1
121; 121R; <; 4; 9; 2; 32; 32; 1
121; 121R; <; 5; 32; 2; 43; 43; 1
121; 121R; <; 6; 3; 2; 54; 54; 1
121; 121R; <; 7; 17; 2; 58; 58; 1
121; 121R; <; 8; 283; 2; 6; 6; 1
121; 121R; <; 9; 305; 2; 19; 19; 1
121; 121R; <; 1; 70; 2; 30; 30; 2
121; 121R; <; 2; 69; 2; 49; 49; 2
121; 121R; <; 3; 7; 2; 56; 56; 2
121; 121R; <; 4; 9; 2; 2; 2; 2
121; 121R; <; 5; 32; 2; 13; 13; 2
121; 121R; <; 6; 3; 2; 24; 24; 2
121; 121R; <; 7; 17; 2; 28; 28; 2
121; 121R; <; 8; 283; 2; 36; 36; 2
121; 121R; <; 9; 305; 2; 49; 49; 2
125; 125H; >; 1; 375; 5; 15; 15; 1
125; 125H; >; 2; 11; 5; 26; 26; 1
125; 125H; >; 3; 40; 5; 29; 29; 1
125; 125H; >; 4; 68; 5; 38; 38; 1
125; 125H; >; 5; 9; 5; 44; 44; 1
125; 125H; >; 6; 34; 5; 46; 46; 1
125; 125H; >; 7; 8; 5; 48; 48; 1
125; 125H; >; 8; 2; 5; 52; 52; 1
125; 125H; >; 9; 1; 5; 57; 57; 1
125; 125H; >; 1; 375; 5; 27; 27; 2
125; 125H; >; 2; 11; 5; 38; 38; 2
125; 125H; >; 3; 40; 5; 41; 41; 2
125; 125H; >; 4; 68; 5; 50; 50; 2
125; 125H; >; 5; 9; 5; 56; 56; 2
125; 125H; >; 6; 34; 5; 58; 58; 2
125; 125H; >; 7; 8; 5; 0; 0; 2
125; 125H; >; 8; 2; 5; 4; 4; 2
125; 125H; >; 9; 1; 5; 9; 9; 2
125; 125H; >; 1; 375; 5; 39; 39; 3
125; 125H; >; 2; 11; 5; 50; 50; 3
125; 125H; >; 3; 40; 5; 53; 53; 3
125; 125H; >; 4; 68; 5; 2; 2; 3
125; 125H; >; 5; 9; 5; 8; 8; 3
125; 125H; >; 6; 34; 5; 10; 10; 3
125; 125H; >; 7; 8; 5; 12; 12; 3
125; 125H; >; 8; 2; 5; 16; 16; 3
125; 125H; >; 9; 1; 5; 21; 21; 3
125; 125H; >; 1; 375; 5; 51; 51; 4
125; 125H; >; 2; 11; 5; 2; 2; 4
125; 125H; >; 3; 40; 5; 5; 5; 4
125; 125H; >; 4; 68; 5; 14; 14; 4
125; 125H; >; 5; 9; 5; 20; 20; 4
125; 125H; >; 6; 34; 5; 22; 22; 4
125; 125H; >; 7; 8; 5; 24; 24; 4
125; 125H; >; 8; 2; 5; 28; 28; 4
125; 125H; >; 9; 1; 5; 33; 33; 4
125; 125H; >; 1; 375; 5; 3; 3; 5
125; 125H; >; 2; 11; 5; 14; 14; 5
125; 125H; >; 3; 40; 5; 17; 17; 5
125; 125H; >; 4; 68; 5; 26; 26; 5
125; 125H; >; 5; 9; 5; 32; 32; 5
125; 125H; >; 6; 34; 5; 34; 34; 5
125; 125H; >; 7; 8; 5; 36; 36; 5
125; 125H; >; 8; 2; 5; 40; 40; 5
125; 125H; >; 9; 1; 5; 45; 45; 5
125; 125R; <; 1; 1; 5; 31; 31; 1
125; 125R; <; 2; 2; 5; 36; 36; 1
125; 125R; <; 3; 8; 5; 40; 40; 1
125; 125R; <; 4; 34; 5; 42; 42; 1
125; 125R; <; 5; 9; 5; 44; 44; 1
125; 125R; <; 6; 68; 5; 50; 50; 1
125; 125R; <; 7; 40; 5; 59; 59; 1
125; 125R; <; 8; 11; 5; 2; 2; 1
125; 125R; <; 9; 375; 5; 13; 13; 1
125; 125R; <; 1; 1; 5; 43; 43; 2
125; 125R; <; 2; 2; 5; 48; 48; 2
125; 125R; <; 3; 8; 5; 52; 52; 2
125; 125R; <; 4; 34; 5; 54; 54; 2
125; 125R; <; 5; 9; 5; 56; 56; 2
125; 125R; <; 6; 68; 5; 2; 2; 2
125; 125R; <; 7; 40; 5; 11; 11; 2
125; 125R; <; 8; 11; 5; 14; 14; 2
125; 125R; <; 9; 375; 5; 25; 25; 2
125; 125R; <; 1; 1; 5; 55; 55; 3
125; 125R; <; 2; 2; 5; 0; 0; 3
125; 125R; <; 3; 8; 5; 4; 4; 3
125; 125R; <; 4; 34; 5; 6; 6; 3
125; 125R; <; 5; 9; 5; 8; 8; 3
125; 125R; <; 6; 68; 5; 14; 14; 3
125; 125R; <; 7; 40; 5; 23; 23; 3
125; 125R; <; 8; 11; 5; 26; 26; 3
125; 125R; <; 9; 375; 5; 37; 37; 3
125; 125R; <; 1; 1; 5; 7; 7; 4
125; 125R; <; 2; 2; 5; 12; 12; 4
125; 125R; <; 3; 8; 5; 16; 16; 4
125; 125R; <; 4; 34; 5; 18; 18; 4
125; 125R; <; 5; 9; 5; 20; 20; 4
125; 125R; <; 6; 68; 5; 26; 26; 4
125; 125R; <; 7; 40; 5; 35; 35; 4
125; 125R; <; 8; 11; 5; 38; 38; 4
125; 125R; <; 9; 375; 5; 49; 49; 4
125; 125R; <; 1; 1; 5; 19; 19; 5
125; 125R; <; 2; 2; 5; 24; 24; 5
125; 125R; <; 3; 8; 5; 28; 28; 5
125; 125R; <; 4; 34; 5; 30; 30; 5
125; 125R; <; 5; 9; 5; 32; 32; 5
125; 125R; <; 6; 68; 5; 38; 38; 5
125; 125R; <; 7; 40; 5; 47; 47; 5
125; 125R; <; 8; 11; 5; 50; 50; 5
125; 125R; <; 9; 375; 5; 1; 1; 5
128; 128H; >; 1; 300; 5; 52; 52; 1
128; 128H; >; 2; 7; 5; 56; 56; 1
128; 128H; >; 3; 8; 5; 59; 59; 1
128; 128H; >; 4; 69; 5; 9; 9; 1
128; 128H; >; 5; 53; 5; 15; 15; 1
128; 128H; >; 6; 50; 5; 18; 18; 1
128; 128H; >; 7; 20; 5; 27; 27; 1
128; 128H; >; 8; 70; 5; 49; 49; 1
128; 128H; >; 1; 300; 5; 4; 4; 2
128; 128H; >; 2; 7; 5; 8; 8; 2
128; 128H; >; 3; 8; 5; 11; 11; 2
128; 128H; >; 4; 69; 5; 21; 21; 2
128; 128H; >; 5; 53; 5; 27; 27; 2
128; 128H; >; 6; 50; 5; 30; 30; 2
128; 128H; >; 7; 20; 5; 39; 39; 2
128; 128H; >; 8; 70; 5; 1; 1; 2
128; 128H; >; 1; 300; 5; 16; 16; 3
128; 128H; >; 2; 7; 5; 20; 20; 3
128; 128H; >; 3; 8; 5; 23; 23; 3
128; 128H; >; 4; 69; 5; 33; 33; 3
128; 128H; >; 5; 53; 5; 39; 39; 3
128; 128H; >; 6; 50; 5; 42; 42; 3
128; 128H; >; 7; 20; 5; 51; 51; 3
128; 128H; >; 8; 70; 5; 13; 13; 3
128; 128H; >; 1; 300; 5; 28; 28; 4
128; 128H; >; 2; 7; 5; 32; 32; 4
128; 128H; >; 3; 8; 5; 35; 35; 4
128; 128H; >; 4; 69; 5; 45; 45; 4
128; 128H; >; 5; 53; 5; 51; 51; 4
128; 128H; >; 6; 50; 5; 54; 54; 4
128; 128H; >; 7; 20; 5; 3; 3; 4
128; 128H; >; 8; 70; 5; 25; 25; 4
128; 128H; >; 1; 300; 5; 40; 40; 5
128; 128H; >; 2; 7; 5; 44; 44; 5
128; 128H; >; 3; 8; 5; 47; 47; 5
128; 128H; >; 4; 69; 5; 57; 57; 5
128; 128H; >; 5; 53; 5; 3; 3; 5
128; 128H; >; 6; 50; 5; 6; 6; 5
128; 128H; >; 7; 20; 5; 15; 15; 5
128; 128H; >; 8; 70; 5; 37; 37; 5
128; 128R; <; 1; 70; 5; 11; 11; 1
128; 128R; <; 2; 20; 5; 33; 33; 1
128; 128R; <; 3; 50; 5; 42; 42; 1
128; 128R; <; 4; 53; 5; 45; 45; 1
128; 128R; <; 5; 69; 5; 51; 51; 1
128; 128R; <; 6; 8; 5; 1; 1; 1
128; 128R; <; 7; 7; 5; 4; 4; 1
128; 128R; <; 8; 300; 5; 8; 8; 1
128; 128R; <; 1; 70; 5; 23; 23; 2
128; 128R; <; 2; 20; 5; 45; 45; 2
128; 128R; <; 3; 50; 5; 54; 54; 2
128; 128R; <; 4; 53; 5; 57; 57; 2
128; 128R; <; 5; 69; 5; 3; 3; 2
128; 128R; <; 6; 8; 5; 13; 13; 2
128; 128R; <; 7; 7; 5; 16; 16; 2
128; 128R; <; 8; 300; 5; 20; 20; 2
128; 128R; <; 1; 70; 5; 35; 35; 3
128; 128R; <; 2; 20; 5; 57; 57; 3
128; 128R; <; 3; 50; 5; 6; 6; 3
128; 128R; <; 4; 53; 5; 9; 9; 3
128; 128R; <; 5; 69; 5; 15; 15; 3
128; 128R; <; 6; 8; 5; 25; 25; 3
128; 128R; <; 7; 7; 5; 28; 28; 3
128; 128R; <; 8; 300; 5; 32; 32; 3
128; 128R; <; 1; 70; 5; 47; 47; 4
128; 128R; <; 2; 20; 5; 9; 9; 4
128; 128R; <; 3; 50; 5; 18; 18; 4
128; 128R; <; 4; 53; 5; 21; 21; 4
128; 128R; <; 5; 69; 5; 27; 27; 4
128; 128R; <; 6; 8; 5; 37; 37; 4
128; 128R; <; 7; 7; 5; 40; 40; 4
128; 128R; <; 8; 300; 5; 44; 44; 4
128; 128R; <; 1; 70; 5; 59; 59; 5
128; 128R; <; 2; 20; 5; 21; 21; 5
128; 128R; <; 3; 50; 5; 30; 30; 5
128; 128R; <; 4; 53; 5; 33; 33; 5
128; 128R; <; 5; 69; 5; 39; 39; 5
128; 128R; <; 6; 8; 5; 49; 49; 5
128; 128R; <; 7; 7; 5; 52; 52; 5
128; 128R; <; 8; 300; 5; 56; 56; 5
133; 133H; >; 1; 70; 5; 40; 40; 1
133; 133H; >; 2; 69; 5; 59; 59; 1
133; 133H; >; 3; 1; 5; 5; 5; 1
133; 133H; >; 4; 32; 5; 15; 15; 1
133; 133H; >; 5; 3; 5; 26; 26; 1
133; 133H; >; 6; 4; 5; 34; 34; 1
133; 133H; >; 7; 9; 5; 50; 50; 1
133; 133H; >; 1; 70; 5; 52; 52; 2
133; 133H; >; 2; 69; 5; 11; 11; 2
133; 133H; >; 3; 1; 5; 17; 17; 2
133; 133H; >; 4; 32; 5; 27; 27; 2
133; 133H; >; 5; 3; 5; 38; 38; 2
133; 133H; >; 6; 4; 5; 46; 46; 2
133; 133H; >; 7; 9; 5; 2; 2; 2
133; 133H; >; 1; 70; 5; 4; 4; 3
133; 133H; >; 2; 69; 5; 23; 23; 3
133; 133H; >; 3; 1; 5; 29; 29; 3
133; 133H; >; 4; 32; 5; 39; 39; 3
133; 133H; >; 5; 3; 5; 50; 50; 3
133; 133H; >; 6; 4; 5; 58; 58; 3
133; 133H; >; 7; 9; 5; 14; 14; 3
133; 133H; >; 1; 70; 5; 16; 16; 4
133; 133H; >; 2; 69; 5; 35; 35; 4
133; 133H; >; 3; 1; 5; 41; 41; 4
133; 133H; >; 4; 32; 5; 51; 51; 4
133; 133H; >; 5; 3; 5; 2; 2; 4
133; 133H; >; 6; 4; 5; 10; 10; 4
133; 133H; >; 7; 9; 5; 26; 26; 4
133; 133H; >; 1; 70; 5; 28; 28; 5
133; 133H; >; 2; 69; 5; 47; 47; 5
133; 133H; >; 3; 1; 5; 53; 53; 5
133; 133H; >; 4; 32; 5; 3; 3; 5
133; 133H; >; 5; 3; 5; 14; 14; 5
133; 133H; >; 6; 4; 5; 22; 22; 5
133; 133H; >; 7; 9; 5; 38; 38; 5
133; 133R; <; 1; 9; 5; 38; 38; 1
133; 133R; <; 2; 4; 5; 54; 54; 1
133; 133R; <; 3; 3; 5; 2; 2; 1
133; 133R; <; 4; 32; 5; 13; 13; 1
133; 133R; <; 5; 1; 5; 23; 23; 1
133; 133R; <; 6; 69; 5; 29; 29; 1
133; 133R; <; 7; 70; 5; 48; 48; 1
133; 133R; <; 1; 9; 5; 50; 50; 2
133; 133R; <; 2; 4; 5; 6; 6; 2
133; 133R; <; 3; 3; 5; 14; 14; 2
133; 133R; <; 4; 32; 5; 25; 25; 2
133; 133R; <; 5; 1; 5; 35; 35; 2
133; 133R; <; 6; 69; 5; 41; 41; 2
133; 133R; <; 7; 70; 5; 0; 0; 2
133; 133R; <; 1; 9; 5; 2; 2; 3
133; 133R; <; 2; 4; 5; 18; 18; 3
133; 133R; <; 3; 3; 5; 26; 26; 3
133; 133R; <; 4; 32; 5; 37; 37; 3
133; 133R; <; 5; 1; 5; 47; 47; 3
133; 133R; <; 6; 69; 5; 53; 53; 3
133; 133R; <; 7; 70; 5; 12; 12; 3
133; 133R; <; 1; 9; 5; 14; 14; 4
133; 133R; <; 2; 4; 5; 30; 30; 4
133; 133R; <; 3; 3; 5; 38; 38; 4
133; 133R; <; 4; 32; 5; 49; 49; 4
133; 133R; <; 5; 1; 5; 59; 59; 4
133; 133R; <; 6; 69; 5; 5; 5; 4
133; 133R; <; 7; 70; 5; 24; 24; 4
133; 133R; <; 1; 9; 5; 26; 26; 5
133; 133R; <; 2; 4; 5; 42; 42; 5
133; 133R; <; 3; 3; 5; 50; 50; 5
133; 133R; <; 4; 32; 5; 1; 1; 5
133; 133R; <; 5; 1; 5; 11; 11; 5
133; 133R; <; 6; 69; 5; 17; 17; 5
133; 133R; <; 7; 70; 5; 36; 36; 5
135; 135H; >; 1; 29; 5; 56; 56; 1
135; 135H; >; 2; 3; 5; 7; 7; 1
135; 135H; >; 3; 2; 5; 17; 17; 1
135; 135H; >; 4; 1; 5; 22; 22; 1
135; 135H; >; 5; 4; 5; 37; 37; 1
135; 135H; >; 6; 10; 5; 46; 46; 1
135; 135H; >; 7; 24; 5; 48; 48; 1
135; 135H; >; 1; 29; 5; 8; 8; 2
135; 135H; >; 2; 3; 5; 19; 19; 2
135; 135H; >; 3; 2; 5; 29; 29; 2
135; 135H; >; 4; 1; 5; 34; 34; 2
135; 135H; >; 5; 4; 5; 49; 49; 2
135; 135H; >; 6; 10; 5; 58; 58; 2
135; 135H; >; 7; 24; 5; 0; 0; 2
135; 135H; >; 1; 29; 5; 20; 20; 3
135; 135H; >; 2; 3; 5; 31; 31; 3
135; 135H; >; 3; 2; 5; 41; 41; 3
135; 135H; >; 4; 1; 5; 46; 46; 3
135; 135H; >; 5; 4; 5; 1; 1; 3
135; 135H; >; 6; 10; 5; 10; 10; 3
135; 135H; >; 7; 24; 5; 12; 12; 3
135; 135H; >; 1; 29; 5; 32; 32; 4
135; 135H; >; 2; 3; 5; 43; 43; 4
135; 135H; >; 3; 2; 5; 53; 53; 4
135; 135H; >; 4; 1; 5; 58; 58; 4
135; 135H; >; 5; 4; 5; 13; 13; 4
135; 135H; >; 6; 10; 5; 22; 22; 4
135; 135H; >; 7; 24; 5; 24; 24; 4
135; 135H; >; 1; 29; 5; 44; 44; 5
135; 135H; >; 2; 3; 5; 55; 55; 5
135; 135H; >; 3; 2; 5; 5; 5; 5
135; 135H; >; 4; 1; 5; 10; 10; 5
135; 135H; >; 5; 4; 5; 25; 25; 5
135; 135H; >; 6; 10; 5; 34; 34; 5
135; 135H; >; 7; 24; 5; 36; 36; 5
135; 135R; <; 1; 24; 5; 24; 24; 1
135; 135R; <; 2; 10; 5; 26; 26; 1
135; 135R; <; 3; 4; 5; 35; 35; 1
135; 135R; <; 4; 1; 5; 50; 50; 1
135; 135R; <; 5; 2; 5; 55; 55; 1
135; 135R; <; 6; 3; 5; 5; 5; 1
135; 135R; <; 7; 29; 5; 16; 16; 1
135; 135R; <; 1; 24; 5; 36; 36; 2
135; 135R; <; 2; 10; 5; 38; 38; 2
135; 135R; <; 3; 4; 5; 47; 47; 2
135; 135R; <; 4; 1; 5; 2; 2; 2
135; 135R; <; 5; 2; 5; 7; 7; 2
135; 135R; <; 6; 3; 5; 17; 17; 2
135; 135R; <; 7; 29; 5; 28; 28; 2
135; 135R; <; 1; 24; 5; 48; 48; 3
135; 135R; <; 2; 10; 5; 50; 50; 3
135; 135R; <; 3; 4; 5; 59; 59; 3
135; 135R; <; 4; 1; 5; 14; 14; 3
135; 135R; <; 5; 2; 5; 19; 19; 3
135; 135R; <; 6; 3; 5; 29; 29; 3
135; 135R; <; 7; 29; 5; 40; 40; 3
135; 135R; <; 1; 24; 5; 0; 0; 4
135; 135R; <; 2; 10; 5; 2; 2; 4
135; 135R; <; 3; 4; 5; 11; 11; 4
135; 135R; <; 4; 1; 5; 26; 26; 4
135; 135R; <; 5; 2; 5; 31; 31; 4
135; 135R; <; 6; 3; 5; 41; 41; 4
135; 135R; <; 7; 29; 5; 52; 52; 4
135; 135R; <; 1; 24; 5; 12; 12; 5
135; 135R; <; 2; 10; 5; 14; 14; 5
135; 135R; <; 3; 4; 5; 23; 23; 5
135; 135R; <; 4; 1; 5; 38; 38; 5
135; 135R; <; 5; 2; 5; 43; 43; 5
135; 135R; <; 6; 3; 5; 53; 53; 5
135; 135R; <; 7; 29; 5; 4; 4; 5
136; 136H; >; 1; 69; 5; 8; 8; 1
136; 136H; >; 2; 1; 5; 14; 14; 1
136; 136H; >; 3; 7; 5; 16; 16; 1
136; 136H; >; 4; 53; 5; 29; 29; 1
136; 136H; >; 5; 22; 5; 38; 38; 1
136; 136H; >; 6; 13; 5; 0; 0; 1
136; 136H; >; 7; 20; 5; 21; 21; 1
136; 136H; >; 1; 69; 5; 20; 20; 2
136; 136H; >; 2; 1; 5; 26; 26; 2
136; 136H; >; 3; 7; 5; 28; 28; 2
136; 136H; >; 4; 53; 5; 41; 41; 2
136; 136H; >; 5; 22; 5; 50; 50; 2
136; 136H; >; 6; 13; 5; 12; 12; 2
136; 136H; >; 7; 20; 5; 33; 33; 2
136; 136H; >; 1; 69; 5; 32; 32; 3
136; 136H; >; 2; 1; 5; 38; 38; 3
136; 136H; >; 3; 7; 5; 40; 40; 3
136; 136H; >; 4; 53; 5; 53; 53; 3
136; 136H; >; 5; 22; 5; 2; 2; 3
136; 136H; >; 6; 13; 5; 24; 24; 3
136; 136H; >; 7; 20; 5; 45; 45; 3
136; 136H; >; 1; 69; 5; 44; 44; 4
136; 136H; >; 2; 1; 5; 50; 50; 4
136; 136H; >; 3; 7; 5; 52; 52; 4
136; 136H; >; 4; 53; 5; 5; 5; 4
136; 136H; >; 5; 22; 5; 14; 14; 4
136; 136H; >; 6; 13; 5; 36; 36; 4
136; 136H; >; 7; 20; 5; 57; 57; 4
136; 136H; >; 1; 69; 5; 56; 56; 5
136; 136H; >; 2; 1; 5; 2; 2; 5
136; 136H; >; 3; 7; 5; 4; 4; 5
136; 136H; >; 4; 53; 5; 17; 17; 5
136; 136H; >; 5; 22; 5; 26; 26; 5
136; 136H; >; 6; 13; 5; 48; 48; 5
136; 136H; >; 7; 20; 5; 9; 9; 5
136; 136R; <; 1; 20; 5; 57; 57; 1
136; 136R; <; 2; 13; 5; 18; 18; 1
136; 136R; <; 3; 22; 5; 40; 40; 1
136; 136R; <; 4; 53; 5; 49; 49; 1
136; 136R; <; 5; 7; 5; 2; 2; 1
136; 136R; <; 6; 1; 5; 4; 4; 1
136; 136R; <; 7; 69; 5; 10; 10; 1
136; 136R; <; 1; 20; 5; 9; 9; 2
136; 136R; <; 2; 13; 5; 30; 30; 2
136; 136R; <; 3; 22; 5; 52; 52; 2
136; 136R; <; 4; 53; 5; 1; 1; 2
136; 136R; <; 5; 7; 5; 14; 14; 2
136; 136R; <; 6; 1; 5; 16; 16; 2
136; 136R; <; 7; 69; 5; 22; 22; 2
136; 136R; <; 1; 20; 5; 21; 21; 3
136; 136R; <; 2; 13; 5; 42; 42; 3
136; 136R; <; 3; 22; 5; 4; 4; 3
136; 136R; <; 4; 53; 5; 13; 13; 3
136; 136R; <; 5; 7; 5; 26; 26; 3
136; 136R; <; 6; 1; 5; 28; 28; 3
136; 136R; <; 7; 69; 5; 34; 34; 3
136; 136R; <; 1; 20; 5; 33; 33; 4
136; 136R; <; 2; 13; 5; 54; 54; 4
136; 136R; <; 3; 22; 5; 16; 16; 4
136; 136R; <; 4; 53; 5; 25; 25; 4
136; 136R; <; 5; 7; 5; 38; 38; 4
136; 136R; <; 6; 1; 5; 40; 40; 4
136; 136R; <; 7; 69; 5; 46; 46; 4
136; 136R; <; 1; 20; 5; 45; 45; 5
136; 136R; <; 2; 13; 5; 6; 6; 5
136; 136R; <; 3; 22; 5; 28; 28; 5
136; 136R; <; 4; 53; 5; 37; 37; 5
136; 136R; <; 5; 7; 5; 50; 50; 5
136; 136R; <; 6; 1; 5; 52; 52; 5
136; 136R; <; 7; 69; 5; 58; 58; 5
138; 138H; >; 1; 30; 5; 0; 0; 1
138; 138H; >; 2; 28; 5; 2; 2; 1
138; 138H; >; 3; 27; 5; 19; 19; 1
138; 138H; >; 4; 33; 5; 25; 25; 1
138; 138H; >; 5; 4; 5; 31; 31; 1
138; 138H; >; 6; 32; 5; 38; 38; 1
138; 138H; >; 7; 23; 5; 44; 44; 1
138; 138H; >; 1; 30; 5; 12; 12; 2
138; 138H; >; 2; 28; 5; 14; 14; 2
138; 138H; >; 3; 27; 5; 31; 31; 2
138; 138H; >; 4; 33; 5; 37; 37; 2
138; 138H; >; 5; 4; 5; 43; 43; 2
138; 138H; >; 6; 32; 5; 50; 50; 2
138; 138H; >; 7; 23; 5; 56; 56; 2
138; 138H; >; 1; 30; 5; 24; 24; 3
138; 138H; >; 2; 28; 5; 26; 26; 3
138; 138H; >; 3; 27; 5; 43; 43; 3
138; 138H; >; 4; 33; 5; 49; 49; 3
138; 138H; >; 5; 4; 5; 55; 55; 3
138; 138H; >; 6; 32; 5; 2; 2; 3
138; 138H; >; 7; 23; 5; 8; 8; 3
138; 138H; >; 1; 30; 5; 36; 36; 4
138; 138H; >; 2; 28; 5; 38; 38; 4
138; 138H; >; 3; 27; 5; 55; 55; 4
138; 138H; >; 4; 33; 5; 1; 1; 4
138; 138H; >; 5; 4; 5; 7; 7; 4
138; 138H; >; 6; 32; 5; 14; 14; 4
138; 138H; >; 7; 23; 5; 20; 20; 4
138; 138H; >; 1; 30; 5; 48; 48; 5
138; 138H; >; 2; 28; 5; 50; 50; 5
138; 138H; >; 3; 27; 5; 7; 7; 5
138; 138H; >; 4; 33; 5; 13; 13; 5
138; 138H; >; 5; 4; 5; 19; 19; 5
138; 138H; >; 6; 32; 5; 26; 26; 5
138; 138H; >; 7; 23; 5; 32; 32; 5
138; 138R; <; 1; 23; 5; 0; 0; 1
138; 138R; <; 2; 32; 5; 6; 6; 1
138; 138R; <; 3; 4; 5; 13; 13; 1
138; 138R; <; 4; 33; 5; 19; 19; 1
138; 138R; <; 5; 27; 5; 25; 25; 1
138; 138R; <; 6; 28; 5; 42; 42; 1
138; 138R; <; 7; 30; 5; 44; 44; 1
138; 138R; <; 1; 23; 5; 12; 12; 2
138; 138R; <; 2; 32; 5; 18; 18; 2
138; 138R; <; 3; 4; 5; 25; 25; 2
138; 138R; <; 4; 33; 5; 31; 31; 2
138; 138R; <; 5; 27; 5; 37; 37; 2
138; 138R; <; 6; 28; 5; 54; 54; 2
138; 138R; <; 7; 30; 5; 56; 56; 2
138; 138R; <; 1; 23; 5; 24; 24; 3
138; 138R; <; 2; 32; 5; 30; 30; 3
138; 138R; <; 3; 4; 5; 37; 37; 3
138; 138R; <; 4; 33; 5; 43; 43; 3
138; 138R; <; 5; 27; 5; 49; 49; 3
138; 138R; <; 6; 28; 5; 6; 6; 3
138; 138R; <; 7; 30; 5; 8; 8; 3
138; 138R; <; 1; 23; 5; 36; 36; 4
138; 138R; <; 2; 32; 5; 42; 42; 4
138; 138R; <; 3; 4; 5; 49; 49; 4
138; 138R; <; 4; 33; 5; 55; 55; 4
138; 138R; <; 5; 27; 5; 1; 1; 4
138; 138R; <; 6; 28; 5; 18; 18; 4
138; 138R; <; 7; 30; 5; 20; 20; 4
138; 138R; <; 1; 23; 5; 48; 48; 5
138; 138R; <; 2; 32; 5; 54; 54; 5
138; 138R; <; 3; 4; 5; 1; 1; 5
138; 138R; <; 4; 33; 5; 7; 7; 5
138; 138R; <; 5; 27; 5; 13; 13; 5
138; 138R; <; 6; 28; 5; 30; 30; 5
138; 138R; <; 7; 30; 5; 32; 32; 5
141; 141H; >; 1; 305; 2; 0; 0; 1
141; 141H; >; 2; 283; 2; 13; 13; 1
141; 141H; >; 3; 17; 2; 21; 21; 1
141; 141H; >; 4; 3; 2; 25; 25; 1
141; 141H; >; 5; 4; 2; 33; 33; 1
141; 141H; >; 6; 9; 2; 49; 49; 1
141; 141H; >; 1; 305; 2; 30; 30; 2
141; 141H; >; 2; 283; 2; 43; 43; 2
141; 141H; >; 3; 17; 2; 51; 51; 2
141; 141H; >; 4; 3; 2; 55; 55; 2
141; 141H; >; 5; 4; 2; 3; 3; 2
141; 141H; >; 6; 9; 2; 19; 19; 2
141; 141R; <; 1; 9; 2; 0; 0; 1
141; 141R; <; 2; 4; 2; 16; 16; 1
141; 141R; <; 3; 3; 2; 24; 24; 1
141; 141R; <; 4; 17; 2; 28; 28; 1
141; 141R; <; 5; 283; 2; 36; 36; 1
141; 141R; <; 6; 305; 2; 49; 49; 1
141; 141R; <; 1; 9; 2; 30; 30; 2
141; 141R; <; 2; 4; 2; 46; 46; 2
141; 141R; <; 3; 3; 2; 54; 54; 2
141; 141R; <; 4; 17; 2; 58; 58; 2
141; 141R; <; 5; 283; 2; 6; 6; 2
141; 141R; <; 6; 305; 2; 19; 19; 2
145; 145H; >; 1; 29; 5; 56; 56; 1
145; 145H; >; 2; 32; 5; 6; 6; 1
145; 145H; >; 3; 9; 5; 17; 17; 1
145; 145H; >; 4; 7; 5; 23; 23; 1
145; 145H; >; 5; 69; 5; 30; 30; 1
145; 145H; >; 6; 22; 5; 40; 40; 1
145; 145H; >; 1; 29; 5; 8; 8; 2
145; 145H; >; 2; 32; 5; 18; 18; 2
145; 145H; >; 3; 9; 5; 29; 29; 2
145; 145H; >; 4; 7; 5; 35; 35; 2
145; 145H; >; 5; 69; 5; 42; 42; 2
145; 145H; >; 6; 22; 5; 52; 52; 2
145; 145H; >; 1; 29; 5; 20; 20; 3
145; 145H; >; 2; 32; 5; 30; 30; 3
145; 145H; >; 3; 9; 5; 41; 41; 3
145; 145H; >; 4; 7; 5; 47; 47; 3
145; 145H; >; 5; 69; 5; 54; 54; 3
145; 145H; >; 6; 22; 5; 4; 4; 3
145; 145H; >; 1; 29; 5; 32; 32; 4
145; 145H; >; 2; 32; 5; 42; 42; 4
145; 145H; >; 3; 9; 5; 53; 53; 4
145; 145H; >; 4; 7; 5; 59; 59; 4
145; 145H; >; 5; 69; 5; 6; 6; 4
145; 145H; >; 6; 22; 5; 16; 16; 4
145; 145H; >; 1; 29; 5; 44; 44; 5
145; 145H; >; 2; 32; 5; 54; 54; 5
145; 145H; >; 3; 9; 5; 5; 5; 5
145; 145H; >; 4; 7; 5; 11; 11; 5
145; 145H; >; 5; 69; 5; 18; 18; 5
145; 145H; >; 6; 22; 5; 28; 28; 5
145; 145R; <; 1; 22; 5; 18; 18; 1
145; 145R; <; 2; 69; 5; 28; 28; 1
145; 145R; <; 3; 7; 5; 35; 35; 1
145; 145R; <; 4; 9; 5; 41; 41; 1
145; 145R; <; 5; 32; 5; 52; 52; 1
145; 145R; <; 6; 29; 5; 2; 2; 1
145; 145R; <; 1; 22; 5; 30; 30; 2
145; 145R; <; 2; 69; 5; 40; 40; 2
145; 145R; <; 3; 7; 5; 47; 47; 2
145; 145R; <; 4; 9; 5; 53; 53; 2
145; 145R; <; 5; 32; 5; 4; 4; 2
145; 145R; <; 6; 29; 5; 14; 14; 2
145; 145R; <; 1; 22; 5; 42; 42; 3
145; 145R; <; 2; 69; 5; 52; 52; 3
145; 145R; <; 3; 7; 5; 59; 59; 3
145; 145R; <; 4; 9; 5; 5; 5; 3
145; 145R; <; 5; 32; 5; 16; 16; 3
145; 145R; <; 6; 29; 5; 26; 26; 3
145; 145R; <; 1; 22; 5; 54; 54; 4
145; 145R; <; 2; 69; 5; 4; 4; 4
145; 145R; <; 3; 7; 5; 11; 11; 4
145; 145R; <; 4; 9; 5; 17; 17; 4
145; 145R; <; 5; 32; 5; 28; 28; 4
145; 145R; <; 6; 29; 5; 38; 38; 4
145; 145R; <; 1; 22; 5; 6; 6; 5
145; 145R; <; 2; 69; 5; 16; 16; 5
145; 145R; <; 3; 7; 5; 23; 23; 5
145; 145R; <; 4; 9; 5; 29; 29; 5
145; 145R; <; 5; 32; 5; 40; 40; 5
145; 145R; <; 6; 29; 5; 50; 50; 5
146; 146H; >; 1; 22; 2; 0; 0; 1
146; 146H; >; 2; 53; 2; 9; 9; 1
146; 146H; >; 3; 7; 2; 22; 22; 1
146; 146H; >; 4; 1; 2; 24; 24; 1
146; 146H; >; 5; 32; 2; 34; 34; 1
146; 146H; >; 6; 3; 2; 45; 45; 1
146; 146H; >; 1; 22; 2; 30; 30; 2
146; 146H; >; 2; 53; 2; 39; 39; 2
146; 146H; >; 3; 7; 2; 52; 52; 2
146; 146H; >; 4; 1; 2; 54; 54; 2
146; 146H; >; 5; 32; 2; 4; 4; 2
146; 146H; >; 6; 3; 2; 15; 15; 2
146; 146R; <; 1; 3; 2; 0; 0; 1
146; 146R; <; 2; 32; 2; 11; 11; 1
146; 146R; <; 3; 1; 2; 21; 21; 1
146; 146R; <; 4; 7; 2; 23; 23; 1
146; 146R; <; 5; 53; 2; 36; 36; 1
146; 146R; <; 6; 22; 2; 45; 45; 1
146; 146R; <; 1; 3; 2; 30; 30; 2
146; 146R; <; 2; 32; 2; 41; 41; 2
146; 146R; <; 3; 1; 2; 51; 51; 2
146; 146R; <; 4; 7; 2; 53; 53; 2
146; 146R; <; 5; 53; 2; 6; 6; 2
146; 146R; <; 6; 22; 2; 15; 15; 2
147; 147H; >; 1; 300; 5; 0; 0; 1
147; 147H; >; 2; 12; 5; 8; 8; 1
147; 147H; >; 3; 7; 5; 15; 15; 1
147; 147H; >; 4; 8; 5; 18; 18; 1
147; 147H; >; 5; 69; 5; 28; 28; 1
147; 147H; >; 6; 34; 5; 37; 37; 1
147; 147H; >; 1; 300; 5; 12; 12; 2
147; 147H; >; 2; 12; 5; 20; 20; 2
147; 147H; >; 3; 7; 5; 27; 27; 2
147; 147H; >; 4; 8; 5; 30; 30; 2
147; 147H; >; 5; 69; 5; 40; 40; 2
147; 147H; >; 6; 34; 5; 49; 49; 2
147; 147H; >; 1; 300; 5; 24; 24; 3
147; 147H; >; 2; 12; 5; 32; 32; 3
147; 147H; >; 3; 7; 5; 39; 39; 3
147; 147H; >; 4; 8; 5; 42; 42; 3
147; 147H; >; 5; 69; 5; 52; 52; 3
147; 147H; >; 6; 34; 5; 1; 1; 3
147; 147H; >; 1; 300; 5; 36; 36; 4
147; 147H; >; 2; 12; 5; 44; 44; 4
147; 147H; >; 3; 7; 5; 51; 51; 4
147; 147H; >; 4; 8; 5; 54; 54; 4
147; 147H; >; 5; 69; 5; 4; 4; 4
147; 147H; >; 6; 34; 5; 13; 13; 4
147; 147H; >; 1; 300; 5; 48; 48; 5
147; 147H; >; 2; 12; 5; 56; 56; 5
147; 147H; >; 3; 7; 5; 3; 3; 5
147; 147H; >; 4; 8; 5; 6; 6; 5
147; 147H; >; 5; 69; 5; 16; 16; 5
147; 147H; >; 6; 34; 5; 25; 25; 5
147; 147R; <; 1; 34; 5; 0; 0; 1
147; 147R; <; 2; 69; 5; 9; 9; 1
147; 147R; <; 3; 8; 5; 19; 19; 1
147; 147R; <; 4; 7; 5; 22; 22; 1
147; 147R; <; 5; 12; 5; 29; 29; 1
147; 147R; <; 6; 300; 5; 37; 37; 1
147; 147R; <; 1; 34; 5; 12; 12; 2
147; 147R; <; 2; 69; 5; 21; 21; 2
147; 147R; <; 3; 8; 5; 31; 31; 2
147; 147R; <; 4; 7; 5; 34; 34; 2
147; 147R; <; 5; 12; 5; 41; 41; 2
147; 147R; <; 6; 300; 5; 49; 49; 2
147; 147R; <; 1; 34; 5; 24; 24; 3
147; 147R; <; 2; 69; 5; 33; 33; 3
147; 147R; <; 3; 8; 5; 43; 43; 3
147; 147R; <; 4; 7; 5; 46; 46; 3
147; 147R; <; 5; 12; 5; 53; 53; 3
147; 147R; <; 6; 300; 5; 1; 1; 3
147; 147R; <; 1; 34; 5; 36; 36; 4
147; 147R; <; 2; 69; 5; 45; 45; 4
147; 147R; <; 3; 8; 5; 55; 55; 4
147; 147R; <; 4; 7; 5; 58; 58; 4
147; 147R; <; 5; 12; 5; 5; 5; 4
147; 147R; <; 6; 300; 5; 13; 13; 4
147; 147R; <; 1; 34; 5; 48; 48; 5
147; 147R; <; 2; 69; 5; 57; 57; 5
147; 147R; <; 3; 8; 5; 7; 7; 5
147; 147R; <; 4; 7; 5; 10; 10; 5
147; 147R; <; 5; 12; 5; 17; 17; 5
147; 147R; <; 6; 300; 5; 25; 25; 5
150; 150H; >; 1; 32; 2; 0; 0; 1
150; 150H; >; 2; 1; 2; 10; 10; 1
150; 150H; >; 3; 69; 2; 16; 16; 1
150; 150H; >; 4; 34; 2; 25; 25; 1
150; 150H; >; 5; 300; 2; 31; 31; 1
150; 150H; >; 6; 12; 2; 39; 39; 1
150; 150H; >; 1; 32; 2; 30; 30; 2
150; 150H; >; 2; 1; 2; 40; 40; 2
150; 150H; >; 3; 69; 2; 46; 46; 2
150; 150H; >; 4; 34; 2; 55; 55; 2
150; 150H; >; 5; 300; 2; 1; 1; 2
150; 150H; >; 6; 12; 2; 9; 9; 2
150; 150R; <; 1; 12; 2; 0; 0; 1
150; 150R; <; 2; 300; 2; 8; 8; 1
150; 150R; <; 3; 34; 2; 14; 14; 1
150; 150R; <; 4; 69; 2; 23; 23; 1
150; 150R; <; 5; 1; 2; 29; 29; 1
150; 150R; <; 6; 32; 2; 39; 39; 1
150; 150R; <; 1; 12; 2; 30; 30; 2
150; 150R; <; 2; 300; 2; 38; 38; 2
150; 150R; <; 3; 34; 2; 44; 44; 2
150; 150R; <; 4; 69; 2; 53; 53; 2
150; 150R; <; 5; 1; 2; 59; 59; 2
150; 150R; <; 6; 32; 2; 9; 9; 2
159; 159H; >; 1; 375; 4; 0; 0; 1
159; 159H; >; 2; 11; 4; 11; 11; 1
159; 159H; >; 3; 40; 4; 14; 14; 1
159; 159H; >; 4; 68; 4; 23; 23; 1
159; 159H; >; 5; 9; 4; 29; 29; 1
159; 159H; >; 6; 34; 4; 31; 31; 1
159; 159H; >; 1; 375; 4; 15; 15; 2
159; 159H; >; 2; 11; 4; 26; 26; 2
159; 159H; >; 3; 40; 4; 29; 29; 2
159; 159H; >; 4; 68; 4; 38; 38; 2
159; 159H; >; 5; 9; 4; 44; 44; 2
159; 159H; >; 6; 34; 4; 46; 46; 2
159; 159H; >; 1; 375; 4; 30; 30; 3
159; 159H; >; 2; 11; 4; 41; 41; 3
159; 159H; >; 3; 40; 4; 44; 44; 3
159; 159H; >; 4; 68; 4; 53; 53; 3
159; 159H; >; 5; 9; 4; 59; 59; 3
159; 159H; >; 6; 34; 4; 1; 1; 3
159; 159H; >; 1; 375; 4; 45; 45; 4
159; 159H; >; 2; 11; 4; 56; 56; 4
159; 159H; >; 3; 40; 4; 59; 59; 4
159; 159H; >; 4; 68; 4; 8; 8; 4
159; 159H; >; 5; 9; 4; 14; 14; 4
159; 159H; >; 6; 34; 4; 16; 16; 4
159; 159R; <; 1; 34; 4; 0; 0; 1
159; 159R; <; 2; 9; 4; 2; 2; 1
159; 159R; <; 3; 68; 4; 8; 8; 1
159; 159R; <; 4; 40; 4; 17; 17; 1
159; 159R; <; 5; 11; 4; 20; 20; 1
159; 159R; <; 6; 375; 4; 31; 31; 1
159; 159R; <; 1; 34; 4; 15; 15; 2
159; 159R; <; 2; 9; 4; 17; 17; 2
159; 159R; <; 3; 68; 4; 23; 23; 2
159; 159R; <; 4; 40; 4; 32; 32; 2
159; 159R; <; 5; 11; 4; 35; 35; 2
159; 159R; <; 6; 375; 4; 46; 46; 2
159; 159R; <; 1; 34; 4; 30; 30; 3
159; 159R; <; 2; 9; 4; 32; 32; 3
159; 159R; <; 3; 68; 4; 38; 38; 3
159; 159R; <; 4; 40; 4; 47; 47; 3
159; 159R; <; 5; 11; 4; 50; 50; 3
159; 159R; <; 6; 375; 4; 1; 1; 3
159; 159R; <; 1; 34; 4; 45; 45; 4
159; 159R; <; 2; 9; 4; 47; 47; 4
159; 159R; <; 3; 68; 4; 53; 53; 4
159; 159R; <; 4; 40; 4; 2; 2; 4
159; 159R; <; 5; 11; 4; 5; 5; 4
159; 159R; <; 6; 375; 4; 16; 16; 4
162; 162H; >; 1; 375; 2; 0; 0; 1
162; 162H; >; 2; 308; 2; 22; 22; 1
162; 162H; >; 3; 14; 2; 29; 29; 1
162; 162H; >; 4; 28; 2; 33; 33; 1
162; 162H; >; 5; 33; 2; 47; 47; 1
162; 162H; >; 1; 375; 2; 30; 30; 2
162; 162H; >; 2; 308; 2; 52; 52; 2
162; 162H; >; 3; 14; 2; 59; 59; 2
162; 162H; >; 4; 28; 2; 3; 3; 2
162; 162H; >; 5; 33; 2; 17; 17; 2
162; 162R; <; 1; 33; 2; 0; 0; 1
162; 162R; <; 2; 28; 2; 14; 14; 1
162; 162R; <; 3; 14; 2; 18; 18; 1
162; 162R; <; 4; 308; 2; 25; 25; 1
162; 162R; <; 5; 375; 2; 47; 47; 1
162; 162R; <; 1; 33; 2; 30; 30; 2
162; 162R; <; 2; 28; 2; 44; 44; 2
162; 162R; <; 3; 14; 2; 48; 48; 2
162; 162R; <; 4; 308; 2; 55; 55; 2
162; 162R; <; 5; 375; 2; 17; 17; 2
166; 166H; >; 1; 305; 2; 0; 0; 1
166; 166H; >; 2; 283; 2; 13; 13; 1
166; 166H; >; 3; 17; 2; 21; 21; 1
166; 166H; >; 4; 3; 2; 25; 25; 1
166; 166H; >; 5; 15; 2; 31; 31; 1
166; 166H; >; 1; 305; 2; 30; 30; 2
166; 166H; >; 2; 283; 2; 43; 43; 2
166; 166H; >; 3; 17; 2; 51; 51; 2
166; 166H; >; 4; 3; 2; 55; 55; 2
166; 166H; >; 5; 15; 2; 1; 1; 2
166; 166R; <; 1; 15; 2; 0; 0; 1
166; 166R; <; 2; 3; 2; 6; 6; 1
166; 166R; <; 3; 17; 2; 10; 10; 1
166; 166R; <; 4; 283; 2; 18; 18; 1
166; 166R; <; 5; 305; 2; 31; 31; 1
166; 166R; <; 1; 15; 2; 30; 30; 2
166; 166R; <; 2; 3; 2; 36; 36; 2
166; 166R; <; 3; 17; 2; 40; 40; 2
166; 166R; <; 4; 283; 2; 48; 48; 2
166; 166R; <; 5; 305; 2; 1; 1; 2
167; 167H; >; 1; 305; 2; 0; 0; 1
167; 167H; >; 2; 283; 2; 13; 13; 1
167; 167H; >; 3; 6; 2; 14; 14; 1
167; 167H; >; 4; 16; 2; 25; 25; 1
167; 167H; >; 5; 18; 2; 27; 27; 1
167; 167H; >; 1; 305; 2; 30; 30; 2
167; 167H; >; 2; 283; 2; 43; 43; 2
167; 167H; >; 3; 6; 2; 44; 44; 2
167; 167H; >; 4; 16; 2; 55; 55; 2
167; 167H; >; 5; 18; 2; 57; 57; 2
167; 167R; <; 1; 18; 2; 0; 0; 1
167; 167R; <; 2; 16; 2; 2; 2; 1
167; 167R; <; 3; 6; 2; 13; 13; 1
167; 167R; <; 4; 283; 2; 14; 14; 1
167; 167R; <; 5; 305; 2; 27; 27; 1
167; 167R; <; 1; 18; 2; 30; 30; 2
167; 167R; <; 2; 16; 2; 32; 32; 2
167; 167R; <; 3; 6; 2; 43; 43; 2
167; 167R; <; 4; 283; 2; 44; 44; 2
167; 167R; <; 5; 305; 2; 57; 57; 2
170; 170H; >; 1; 70; 2; 0; 0; 1
170; 170H; >; 2; 50; 2; 16; 16; 1
170; 170H; >; 3; 53; 2; 19; 19; 1
170; 170H; >; 4; 69; 2; 25; 25; 1
170; 170H; >; 5; 34; 2; 34; 34; 1
170; 170H; >; 1; 70; 2; 30; 30; 2
170; 170H; >; 2; 50; 2; 46; 46; 2
170; 170H; >; 3; 53; 2; 49; 49; 2
170; 170H; >; 4; 69; 2; 55; 55; 2
170; 170H; >; 5; 34; 2; 4; 4; 2
170; 170R; <; 1; 34; 2; 0; 0; 1
170; 170R; <; 2; 69; 2; 9; 9; 1
170; 170R; <; 3; 53; 2; 15; 15; 1
170; 170R; <; 4; 50; 2; 18; 18; 1
170; 170R; <; 5; 70; 2; 34; 34; 1
170; 170R; <; 1; 34; 2; 30; 30; 2
170; 170R; <; 2; 69; 2; 39; 39; 2
170; 170R; <; 3; 53; 2; 45; 45; 2
170; 170R; <; 4; 50; 2; 48; 48; 2
170; 170R; <; 5; 70; 2; 4; 4; 2
171; 171H; >; 1; 375; 5; 0; 0; 1
171; 171H; >; 2; 26; 5; 24; 24; 1
171; 171H; >; 3; 23; 5; 27; 27; 1
171; 171H; >; 4; 10; 5; 31; 31; 1
171; 171H; >; 5; 33; 5; 43; 43; 1
171; 171H; >; 1; 375; 5; 12; 12; 2
171; 171H; >; 2; 26; 5; 36; 36; 2
171; 171H; >; 3; 23; 5; 39; 39; 2
171; 171H; >; 4; 10; 5; 43; 43; 2
171; 171H; >; 5; 33; 5; 55; 55; 2
171; 171H; >; 1; 375; 5; 24; 24; 3
171; 171H; >; 2; 26; 5; 48; 48; 3
171; 171H; >; 3; 23; 5; 51; 51; 3
171; 171H; >; 4; 10; 5; 55; 55; 3
171; 171H; >; 5; 33; 5; 7; 7; 3
171; 171H; >; 1; 375; 5; 36; 36; 4
171; 171H; >; 2; 26; 5; 0; 0; 4
171; 171H; >; 3; 23; 5; 3; 3; 4
171; 171H; >; 4; 10; 5; 7; 7; 4
171; 171H; >; 5; 33; 5; 19; 19; 4
171; 171H; >; 1; 375; 5; 48; 48; 5
171; 171H; >; 2; 26; 5; 12; 12; 5
171; 171H; >; 3; 23; 5; 15; 15; 5
171; 171H; >; 4; 10; 5; 19; 19; 5
171; 171H; >; 5; 33; 5; 31; 31; 5
171; 171R; <; 1; 33; 5; 0; 0; 1
171; 171R; <; 2; 10; 5; 12; 12; 1
171; 171R; <; 3; 23; 5; 16; 16; 1
171; 171R; <; 4; 26; 5; 19; 19; 1
171; 171R; <; 5; 375; 5; 43; 43; 1
171; 171R; <; 1; 33; 5; 12; 12; 2
171; 171R; <; 2; 10; 5; 24; 24; 2
171; 171R; <; 3; 23; 5; 28; 28; 2
171; 171R; <; 4; 26; 5; 31; 31; 2
171; 171R; <; 5; 375; 5; 55; 55; 2
171; 171R; <; 1; 33; 5; 24; 24; 3
171; 171R; <; 2; 10; 5; 36; 36; 3
171; 171R; <; 3; 23; 5; 40; 40; 3
171; 171R; <; 4; 26; 5; 43; 43; 3
171; 171R; <; 5; 375; 5; 7; 7; 3
171; 171R; <; 1; 33; 5; 36; 36; 4
171; 171R; <; 2; 10; 5; 48; 48; 4
171; 171R; <; 3; 23; 5; 52; 52; 4
171; 171R; <; 4; 26; 5; 55; 55; 4
171; 171R; <; 5; 375; 5; 19; 19; 4
171; 171R; <; 1; 33; 5; 48; 48; 5
171; 171R; <; 2; 10; 5; 0; 0; 5
171; 171R; <; 3; 23; 5; 4; 4; 5
171; 171R; <; 4; 26; 5; 7; 7; 5
171; 171R; <; 5; 375; 5; 31; 31; 5
176; 176H; >; 1; 27; 2; 0; 0; 1
176; 176H; >; 2; 33; 2; 6; 6; 1
176; 176H; >; 3; 28; 2; 20; 20; 1
176; 176H; >; 4; 40; 2; 44; 44; 1
176; 176H; >; 5; 11; 2; 47; 47; 1
176; 176H; >; 1; 27; 2; 30; 30; 2
176; 176H; >; 2; 33; 2; 36; 36; 2
176; 176H; >; 3; 28; 2; 50; 50; 2
176; 176H; >; 4; 40; 2; 14; 14; 2
176; 176H; >; 5; 11; 2; 17; 17; 2
176; 176R; <; 1; 11; 2; 0; 0; 1
176; 176R; <; 2; 40; 2; 3; 3; 1
176; 176R; <; 3; 28; 2; 27; 27; 1
176; 176R; <; 4; 33; 2; 41; 41; 1
176; 176R; <; 5; 27; 2; 47; 47; 1
176; 176R; <; 1; 11; 2; 30; 30; 2
176; 176R; <; 2; 40; 2; 33; 33; 2
176; 176R; <; 3; 28; 2; 57; 57; 2
176; 176R; <; 4; 33; 2; 11; 11; 2
176; 176R; <; 5; 27; 2; 17; 17; 2
180; 180H; >; 1; 308; 2; 0; 0; 1
180; 180H; >; 2; 14; 2; 7; 7; 1
180; 180H; >; 3; 28; 2; 11; 11; 1
180; 180H; >; 4; 40; 2; 35; 35; 1
180; 180H; >; 5; 11; 2; 38; 38; 1
180; 180H; >; 1; 308; 2; 30; 30; 2
180; 180H; >; 2; 14; 2; 37; 37; 2
180; 180H; >; 3; 28; 2; 41; 41; 2
180; 180H; >; 4; 40; 2; 5; 5; 2
180; 180H; >; 5; 11; 2; 8; 8; 2
180; 180R; <; 1; 11; 2; 0; 0; 1
180; 180R; <; 2; 40; 2; 3; 3; 1
180; 180R; <; 3; 28; 2; 27; 27; 1
180; 180R; <; 4; 14; 2; 31; 31; 1
180; 180R; <; 5; 308; 2; 38; 38; 1
180; 180R; <; 1; 11; 2; 30; 30; 2
180; 180R; <; 2; 40; 2; 33; 33; 2
180; 180R; <; 3; 28; 2; 57; 57; 2
180; 180R; <; 4; 14; 2; 1; 1; 2
180; 180R; <; 5; 308; 2; 8; 8; 2
183; 183H; >; 1; 24; 5; 32; 32; 1
183; 183H; >; 2; 10; 5; 34; 34; 1
183; 183H; >; 3; 27; 5; 50; 50; 1
183; 183H; >; 4; 4; 5; 59; 59; 1
183; 183H; >; 5; 8; 5; 13; 13; 1
183; 183H; >; 1; 24; 5; 44; 44; 2
183; 183H; >; 2; 10; 5; 46; 46; 2
183; 183H; >; 3; 27; 5; 2; 2; 2
183; 183H; >; 4; 4; 5; 11; 11; 2
183; 183H; >; 5; 8; 5; 25; 25; 2
183; 183H; >; 1; 24; 5; 56; 56; 3
183; 183H; >; 2; 10; 5; 58; 58; 3
183; 183H; >; 3; 27; 5; 14; 14; 3
183; 183H; >; 4; 4; 5; 23; 23; 3
183; 183H; >; 5; 8; 5; 37; 37; 3
183; 183H; >; 1; 24; 5; 8; 8; 4
183; 183H; >; 2; 10; 5; 10; 10; 4
183; 183H; >; 3; 27; 5; 26; 26; 4
183; 183H; >; 4; 4; 5; 35; 35; 4
183; 183H; >; 5; 8; 5; 49; 49; 4
183; 183H; >; 1; 24; 5; 20; 20; 5
183; 183H; >; 2; 10; 5; 22; 22; 5
183; 183H; >; 3; 27; 5; 38; 38; 5
183; 183H; >; 4; 4; 5; 47; 47; 5
183; 183H; >; 5; 8; 5; 1; 1; 5
183; 183R; <; 1; 8; 5; 39; 39; 1
183; 183R; <; 2; 4; 5; 53; 53; 1
183; 183R; <; 3; 27; 5; 2; 2; 1
183; 183R; <; 4; 10; 5; 18; 18; 1
183; 183R; <; 5; 24; 5; 20; 20; 1
183; 183R; <; 1; 8; 5; 51; 51; 2
183; 183R; <; 2; 4; 5; 5; 5; 2
183; 183R; <; 3; 27; 5; 14; 14; 2
183; 183R; <; 4; 10; 5; 30; 30; 2
183; 183R; <; 5; 24; 5; 32; 32; 2
183; 183R; <; 1; 8; 5; 3; 3; 3
183; 183R; <; 2; 4; 5; 17; 17; 3
183; 183R; <; 3; 27; 5; 26; 26; 3
183; 183R; <; 4; 10; 5; 42; 42; 3
183; 183R; <; 5; 24; 5; 44; 44; 3
183; 183R; <; 1; 8; 5; 15; 15; 4
183; 183R; <; 2; 4; 5; 29; 29; 4
183; 183R; <; 3; 27; 5; 38; 38; 4
183; 183R; <; 4; 10; 5; 54; 54; 4
183; 183R; <; 5; 24; 5; 56; 56; 4
183; 183R; <; 1; 8; 5; 27; 27; 5
183; 183R; <; 2; 4; 5; 41; 41; 5
183; 183R; <; 3; 27; 5; 50; 50; 5
183; 183R; <; 4; 10; 5; 6; 6; 5
183; 183R; <; 5; 24; 5; 8; 8; 5
184; 184H; >; 1; 24; 2; 0; 0; 1
184; 184H; >; 2; 10; 2; 2; 2; 1
184; 184H; >; 3; 4; 2; 11; 11; 1
184; 184H; >; 4; 32; 2; 18; 18; 1
184; 184H; >; 5; 23; 2; 24; 24; 1
184; 184H; >; 1; 24; 2; 30; 30; 2
184; 184H; >; 2; 10; 2; 32; 32; 2
184; 184H; >; 3; 4; 2; 41; 41; 2
184; 184H; >; 4; 32; 2; 48; 48; 2
184; 184H; >; 5; 23; 2; 54; 54; 2
184; 184R; <; 1; 23; 2; 0; 0; 1
184; 184R; <; 2; 32; 2; 6; 6; 1
184; 184R; <; 3; 4; 2; 13; 13; 1
184; 184R; <; 4; 10; 2; 22; 22; 1
184; 184R; <; 5; 24; 2; 24; 24; 1
184; 184R; <; 1; 23; 2; 30; 30; 2
184; 184R; <; 2; 32; 2; 36; 36; 2
184; 184R; <; 3; 4; 2; 43; 43; 2
184; 184R; <; 4; 10; 2; 52; 52; 2
184; 184R; <; 5; 24; 2; 54; 54; 2
190; 190H; >; 1; 300; 5; 0; 0; 1
190; 190H; >; 2; 7; 5; 4; 4; 1
190; 190H; >; 3; 12; 5; 11; 11; 1
190; 190H; >; 4; 25; 5; 16; 16; 1
190; 190H; >; 1; 300; 5; 12; 12; 2
190; 190H; >; 2; 7; 5; 16; 16; 2
190; 190H; >; 3; 12; 5; 23; 23; 2
190; 190H; >; 4; 25; 5; 28; 28; 2
190; 190H; >; 1; 300; 5; 24; 24; 3
190; 190H; >; 2; 7; 5; 28; 28; 3
190; 190H; >; 3; 12; 5; 35; 35; 3
190; 190H; >; 4; 25; 5; 40; 40; 3
190; 190H; >; 1; 300; 5; 36; 36; 4
190; 190H; >; 2; 7; 5; 40; 40; 4
190; 190H; >; 3; 12; 5; 47; 47; 4
190; 190H; >; 4; 25; 5; 52; 52; 4
190; 190H; >; 1; 300; 5; 48; 48; 5
190; 190H; >; 2; 7; 5; 52; 52; 5
190; 190H; >; 3; 12; 5; 59; 59; 5
190; 190H; >; 4; 25; 5; 4; 4; 5
190; 190R; <; 1; 25; 5; 0; 0; 1
190; 190R; <; 2; 12; 5; 5; 5; 1
190; 190R; <; 3; 7; 5; 12; 12; 1
190; 190R; <; 4; 300; 5; 16; 16; 1
190; 190R; <; 1; 25; 5; 12; 12; 2
190; 190R; <; 2; 12; 5; 17; 17; 2
190; 190R; <; 3; 7; 5; 24; 24; 2
190; 190R; <; 4; 300; 5; 28; 28; 2
190; 190R; <; 1; 25; 5; 24; 24; 3
190; 190R; <; 2; 12; 5; 29; 29; 3
190; 190R; <; 3; 7; 5; 36; 36; 3
190; 190R; <; 4; 300; 5; 40; 40; 3
190; 190R; <; 1; 25; 5; 36; 36; 4
190; 190R; <; 2; 12; 5; 41; 41; 4
190; 190R; <; 3; 7; 5; 48; 48; 4
190; 190R; <; 4; 300; 5; 52; 52; 4
190; 190R; <; 1; 25; 5; 48; 48; 5
190; 190R; <; 2; 12; 5; 53; 53; 5
190; 190R; <; 3; 7; 5; 0; 0; 5
190; 190R; <; 4; 300; 5; 4; 4; 5
192; 192H; >; 1; 29; 2; 0; 0; 1
192; 192H; >; 2; 3; 2; 11; 11; 1
192; 192H; >; 3; 16; 2; 17; 17; 1
192; 192H; >; 4; 18; 2; 19; 19; 1
192; 192H; >; 1; 29; 2; 30; 30; 2
192; 192H; >; 2; 3; 2; 41; 41; 2
192; 192H; >; 3; 16; 2; 47; 47; 2
192; 192H; >; 4; 18; 2; 49; 49; 2
192; 192R; <; 1; 18; 2; 0; 0; 1
192; 192R; <; 2; 16; 2; 2; 2; 1
192; 192R; <; 3; 3; 2; 8; 8; 1
192; 192R; <; 4; 29; 2; 19; 19; 1
192; 192R; <; 1; 18; 2; 30; 30; 2
192; 192R; <; 2; 16; 2; 32; 32; 2
192; 192R; <; 3; 3; 2; 38; 38; 2
192; 192R; <; 4; 29; 2; 49; 49; 2
194; 194H; >; 1; 32; 2; 0; 0; 1
194; 194H; >; 2; 1; 2; 10; 10; 1
194; 194H; >; 3; 4; 2; 25; 25; 1
194; 194H; >; 4; 8; 2; 39; 39; 1
194; 194H; >; 1; 32; 2; 30; 30; 2
194; 194H; >; 2; 1; 2; 40; 40; 2
194; 194H; >; 3; 4; 2; 55; 55; 2
194; 194H; >; 4; 8; 2; 9; 9; 2
194; 194R; <; 1; 8; 2; 0; 0; 1
194; 194R; <; 2; 4; 2; 14; 14; 1
194; 194R; <; 3; 1; 2; 29; 29; 1
194; 194R; <; 4; 32; 2; 39; 39; 1
194; 194R; <; 1; 8; 2; 30; 30; 2
194; 194R; <; 2; 4; 2; 44; 44; 2
194; 194R; <; 3; 1; 2; 59; 59; 2
194; 194R; <; 4; 32; 2; 9; 9; 2
195; 195H; >; 1; 50; 5; 12; 12; 1
195; 195H; >; 2; 53; 5; 15; 15; 1
195; 195H; >; 3; 300; 5; 23; 23; 1
195; 195H; >; 4; 34; 5; 29; 29; 1
195; 195H; >; 1; 50; 5; 24; 24; 2
195; 195H; >; 2; 53; 5; 27; 27; 2
195; 195H; >; 3; 300; 5; 35; 35; 2
195; 195H; >; 4; 34; 5; 41; 41; 2
195; 195H; >; 1; 50; 5; 36; 36; 3
195; 195H; >; 2; 53; 5; 39; 39; 3
195; 195H; >; 3; 300; 5; 47; 47; 3
195; 195H; >; 4; 34; 5; 53; 53; 3
195; 195H; >; 1; 50; 5; 48; 48; 4
195; 195H; >; 2; 53; 5; 51; 51; 4
195; 195H; >; 3; 300; 5; 59; 59; 4
195; 195H; >; 4; 34; 5; 5; 5; 4
195; 195H; >; 1; 50; 5; 0; 0; 5
195; 195H; >; 2; 53; 5; 3; 3; 5
195; 195H; >; 3; 300; 5; 11; 11; 5
195; 195H; >; 4; 34; 5; 17; 17; 5
195; 195R; <; 1; 34; 5; 5; 5; 1
195; 195R; <; 2; 300; 5; 11; 11; 1
195; 195R; <; 3; 53; 5; 19; 19; 1
195; 195R; <; 4; 50; 5; 22; 22; 1
195; 195R; <; 1; 34; 5; 17; 17; 2
195; 195R; <; 2; 300; 5; 23; 23; 2
195; 195R; <; 3; 53; 5; 31; 31; 2
195; 195R; <; 4; 50; 5; 34; 34; 2
195; 195R; <; 1; 34; 5; 29; 29; 3
195; 195R; <; 2; 300; 5; 35; 35; 3
195; 195R; <; 3; 53; 5; 43; 43; 3
195; 195R; <; 4; 50; 5; 46; 46; 3
195; 195R; <; 1; 34; 5; 41; 41; 4
195; 195R; <; 2; 300; 5; 47; 47; 4
195; 195R; <; 3; 53; 5; 55; 55; 4
195; 195R; <; 4; 50; 5; 58; 58; 4
195; 195R; <; 1; 34; 5; 53; 53; 5
195; 195R; <; 2; 300; 5; 59; 59; 5
195; 195R; <; 3; 53; 5; 7; 7; 5
195; 195R; <; 4; 50; 5; 10; 10; 5
200; 200H; >; 1; 19; 5; 0; 0; 1
200; 200H; >; 2; 9; 5; 7; 7; 1
200; 200H; >; 3; 2; 5; 13; 13; 1
200; 200H; >; 1; 19; 5; 12; 12; 2
200; 200H; >; 2; 9; 5; 19; 19; 2
200; 200H; >; 3; 2; 5; 25; 25; 2
200; 200H; >; 1; 19; 5; 24; 24; 3
200; 200H; >; 2; 9; 5; 31; 31; 3
200; 200H; >; 3; 2; 5; 37; 37; 3
200; 200H; >; 1; 19; 5; 36; 36; 4
200; 200H; >; 2; 9; 5; 43; 43; 4
200; 200H; >; 3; 2; 5; 49; 49; 4
200; 200H; >; 1; 19; 5; 48; 48; 5
200; 200H; >; 2; 9; 5; 55; 55; 5
200; 200H; >; 3; 2; 5; 1; 1; 5
200; 200R; <; 1; 2; 5; 0; 0; 1
200; 200R; <; 2; 9; 5; 6; 6; 1
200; 200R; <; 3; 19; 5; 13; 13; 1
200; 200R; <; 1; 2; 5; 12; 12; 2
200; 200R; <; 2; 9; 5; 18; 18; 2
200; 200R; <; 3; 19; 5; 25; 25; 2
200; 200R; <; 1; 2; 5; 24; 24; 3
200; 200R; <; 2; 9; 5; 30; 30; 3
200; 200R; <; 3; 19; 5; 37; 37; 3
200; 200R; <; 1; 2; 5; 36; 36; 4
200; 200R; <; 2; 9; 5; 42; 42; 4
200; 200R; <; 3; 19; 5; 49; 49; 4
200; 200R; <; 1; 2; 5; 48; 48; 5
200; 200R; <; 2; 9; 5; 54; 54; 5
200; 200R; <; 3; 19; 5; 1; 1; 5
202; 202H; >; 1; 29; 5; 0; 0; 1
202; 202H; >; 2; 3; 5; 11; 11; 1
202; 202H; >; 3; 15; 5; 17; 17; 1
202; 202H; >; 1; 29; 5; 12; 12; 2
202; 202H; >; 2; 3; 5; 23; 23; 2
202; 202H; >; 3; 15; 5; 29; 29; 2
202; 202H; >; 1; 29; 5; 24; 24; 3
202; 202H; >; 2; 3; 5; 35; 35; 3
202; 202H; >; 3; 15; 5; 41; 41; 3
202; 202H; >; 1; 29; 5; 36; 36; 4
202; 202H; >; 2; 3; 5; 47; 47; 4
202; 202H; >; 3; 15; 5; 53; 53; 4
202; 202H; >; 1; 29; 5; 48; 48; 5
202; 202H; >; 2; 3; 5; 59; 59; 5
202; 202H; >; 3; 15; 5; 5; 5; 5
202; 202R; <; 1; 15; 5; 0; 0; 1
202; 202R; <; 2; 3; 5; 6; 6; 1
202; 202R; <; 3; 29; 5; 17; 17; 1
202; 202R; <; 1; 15; 5; 12; 12; 2
202; 202R; <; 2; 3; 5; 18; 18; 2
202; 202R; <; 3; 29; 5; 29; 29; 2
202; 202R; <; 1; 15; 5; 24; 24; 3
202; 202R; <; 2; 3; 5; 30; 30; 3
202; 202R; <; 3; 29; 5; 41; 41; 3
202; 202R; <; 1; 15; 5; 36; 36; 4
202; 202R; <; 2; 3; 5; 42; 42; 4
202; 202R; <; 3; 29; 5; 53; 53; 4
202; 202R; <; 1; 15; 5; 48; 48; 5
202; 202R; <; 2; 3; 5; 54; 54; 5
202; 202R; <; 3; 29; 5; 5; 5; 5
203; 203H; >; 1; 32; 6; 0; 0; 1
203; 203H; >; 2; 8; 6; 9; 9; 1
203; 203H; >; 3; 7; 6; 12; 12; 1
203; 203H; >; 1; 32; 6; 10; 10; 2
203; 203H; >; 2; 8; 6; 19; 19; 2
203; 203H; >; 3; 7; 6; 22; 22; 2
203; 203H; >; 1; 32; 6; 20; 20; 3
203; 203H; >; 2; 8; 6; 29; 29; 3
203; 203H; >; 3; 7; 6; 32; 32; 3
203; 203H; >; 1; 32; 6; 30; 30; 4
203; 203H; >; 2; 8; 6; 39; 39; 4
203; 203H; >; 3; 7; 6; 42; 42; 4
203; 203H; >; 1; 32; 6; 40; 40; 5
203; 203H; >; 2; 8; 6; 49; 49; 5
203; 203H; >; 3; 7; 6; 52; 52; 5
203; 203H; >; 1; 32; 6; 50; 50; 6
203; 203H; >; 2; 8; 6; 59; 59; 6
203; 203H; >; 3; 7; 6; 2; 2; 6
203; 203R; <; 1; 7; 6; 0; 0; 1
203; 203R; <; 2; 8; 6; 3; 3; 1
203; 203R; <; 3; 32; 6; 12; 12; 1
203; 203R; <; 1; 7; 6; 10; 10; 2
203; 203R; <; 2; 8; 6; 13; 13; 2
203; 203R; <; 3; 32; 6; 22; 22; 2
203; 203R; <; 1; 7; 6; 20; 20; 3
203; 203R; <; 2; 8; 6; 23; 23; 3
203; 203R; <; 3; 32; 6; 32; 32; 3
203; 203R; <; 1; 7; 6; 30; 30; 4
203; 203R; <; 2; 8; 6; 33; 33; 4
203; 203R; <; 3; 32; 6; 42; 42; 4
203; 203R; <; 1; 7; 6; 40; 40; 5
203; 203R; <; 2; 8; 6; 43; 43; 5
203; 203R; <; 3; 32; 6; 52; 52; 5
203; 203R; <; 1; 7; 6; 50; 50; 6
203; 203R; <; 2; 8; 6; 53; 53; 6
203; 203R; <; 3; 32; 6; 2; 2; 6
206; 206H; >; 1; 5; 5; 8; 8; 1
206; 206H; >; 2; 6; 5; 10; 10; 1
206; 206H; >; 3; 283; 5; 11; 11; 1
206; 206H; >; 4; 17; 5; 19; 19; 1
206; 206H; >; 5; 3; 5; 23; 23; 1
206; 206H; >; 6; 2; 5; 33; 33; 1
206; 206H; >; 7; 8; 5; 37; 37; 1
206; 206H; >; 1; 5; 5; 20; 20; 2
206; 206H; >; 2; 6; 5; 22; 22; 2
206; 206H; >; 3; 283; 5; 23; 23; 2
206; 206H; >; 4; 17; 5; 31; 31; 2
206; 206H; >; 5; 3; 5; 35; 35; 2
206; 206H; >; 6; 2; 5; 45; 45; 2
206; 206H; >; 7; 8; 5; 49; 49; 2
206; 206H; >; 1; 5; 5; 32; 32; 3
206; 206H; >; 2; 6; 5; 34; 34; 3
206; 206H; >; 3; 283; 5; 35; 35; 3
206; 206H; >; 4; 17; 5; 43; 43; 3
206; 206H; >; 5; 3; 5; 47; 47; 3
206; 206H; >; 6; 2; 5; 57; 57; 3
206; 206H; >; 7; 8; 5; 1; 1; 3
206; 206H; >; 1; 5; 5; 44; 44; 4
206; 206H; >; 2; 6; 5; 46; 46; 4
206; 206H; >; 3; 283; 5; 47; 47; 4
206; 206H; >; 4; 17; 5; 55; 55; 4
206; 206H; >; 5; 3; 5; 59; 59; 4
206; 206H; >; 6; 2; 5; 9; 9; 4
206; 206H; >; 7; 8; 5; 13; 13; 4
206; 206H; >; 1; 5; 5; 56; 56; 5
206; 206H; >; 2; 6; 5; 58; 58; 5
206; 206H; >; 3; 283; 5; 59; 59; 5
206; 206H; >; 4; 17; 5; 7; 7; 5
206; 206H; >; 5; 3; 5; 11; 11; 5
206; 206H; >; 6; 2; 5; 21; 21; 5
206; 206H; >; 7; 8; 5; 25; 25; 5
206; 206R; <; 1; 8; 5; 27; 27; 1
206; 206R; <; 2; 2; 5; 31; 31; 1
206; 206R; <; 3; 3; 5; 41; 41; 1
206; 206R; <; 4; 17; 5; 45; 45; 1
206; 206R; <; 5; 283; 5; 53; 53; 1
206; 206R; <; 6; 6; 5; 54; 54; 1
206; 206R; <; 7; 5; 5; 56; 56; 1
206; 206R; <; 1; 8; 5; 39; 39; 2
206; 206R; <; 2; 2; 5; 43; 43; 2
206; 206R; <; 3; 3; 5; 53; 53; 2
206; 206R; <; 4; 17; 5; 57; 57; 2
206; 206R; <; 5; 283; 5; 5; 5; 2
206; 206R; <; 6; 6; 5; 6; 6; 2
206; 206R; <; 7; 5; 5; 8; 8; 2
206; 206R; <; 1; 8; 5; 51; 51; 3
206; 206R; <; 2; 2; 5; 55; 55; 3
206; 206R; <; 3; 3; 5; 5; 5; 3
206; 206R; <; 4; 17; 5; 9; 9; 3
206; 206R; <; 5; 283; 5; 17; 17; 3
206; 206R; <; 6; 6; 5; 18; 18; 3
206; 206R; <; 7; 5; 5; 20; 20; 3
206; 206R; <; 1; 8; 5; 3; 3; 4
206; 206R; <; 2; 2; 5; 7; 7; 4
206; 206R; <; 3; 3; 5; 17; 17; 4
206; 206R; <; 4; 17; 5; 21; 21; 4
206; 206R; <; 5; 283; 5; 29; 29; 4
206; 206R; <; 6; 6; 5; 30; 30; 4
206; 206R; <; 7; 5; 5; 32; 32; 4
206; 206R; <; 1; 8; 5; 15; 15; 5
206; 206R; <; 2; 2; 5; 19; 19; 5
206; 206R; <; 3; 3; 5; 29; 29; 5
206; 206R; <; 4; 17; 5; 33; 33; 5
206; 206R; <; 5; 283; 5; 41; 41; 5
206; 206R; <; 6; 6; 5; 42; 42; 5
206; 206R; <; 7; 5; 5; 44; 44; 5
207; 207H; >; 1; 8; 5; 29; 29; 1
207; 207H; >; 2; 7; 5; 32; 32; 1
207; 207H; >; 3; 29; 5; 39; 39; 1
207; 207H; >; 4; 15; 5; 47; 47; 1
207; 207H; >; 5; 16; 5; 48; 48; 1
207; 207H; >; 6; 18; 5; 50; 50; 1
207; 207H; >; 7; 13; 5; 56; 56; 1
207; 207H; >; 8; 31; 5; 4; 4; 1
207; 207H; >; 9; 339; 5; 7; 7; 1
207; 207H; >; 10; 5; 5; 12; 12; 1
207; 207H; >; 1; 8; 5; 41; 41; 2
207; 207H; >; 2; 7; 5; 44; 44; 2
207; 207H; >; 3; 29; 5; 51; 51; 2
207; 207H; >; 4; 15; 5; 59; 59; 2
207; 207H; >; 5; 16; 5; 0; 0; 2
207; 207H; >; 6; 18; 5; 2; 2; 2
207; 207H; >; 7; 13; 5; 8; 8; 2
207; 207H; >; 8; 31; 5; 16; 16; 2
207; 207H; >; 9; 339; 5; 19; 19; 2
207; 207H; >; 10; 5; 5; 24; 24; 2
207; 207H; >; 1; 8; 5; 53; 53; 3
207; 207H; >; 2; 7; 5; 56; 56; 3
207; 207H; >; 3; 29; 5; 3; 3; 3
207; 207H; >; 4; 15; 5; 11; 11; 3
207; 207H; >; 5; 16; 5; 12; 12; 3
207; 207H; >; 6; 18; 5; 14; 14; 3
207; 207H; >; 7; 13; 5; 20; 20; 3
207; 207H; >; 8; 31; 5; 28; 28; 3
207; 207H; >; 9; 339; 5; 31; 31; 3
207; 207H; >; 10; 5; 5; 36; 36; 3
207; 207H; >; 1; 8; 5; 5; 5; 4
207; 207H; >; 2; 7; 5; 8; 8; 4
207; 207H; >; 3; 29; 5; 15; 15; 4
207; 207H; >; 4; 15; 5; 23; 23; 4
207; 207H; >; 5; 16; 5; 24; 24; 4
207; 207H; >; 6; 18; 5; 26; 26; 4
207; 207H; >; 7; 13; 5; 32; 32; 4
207; 207H; >; 8; 31; 5; 40; 40; 4
207; 207H; >; 9; 339; 5; 43; 43; 4
207; 207H; >; 10; 5; 5; 48; 48; 4
207; 207H; >; 1; 8; 5; 17; 17; 5
207; 207H; >; 2; 7; 5; 20; 20; 5
207; 207H; >; 3; 29; 5; 27; 27; 5
207; 207H; >; 4; 15; 5; 35; 35; 5
207; 207H; >; 5; 16; 5; 36; 36; 5
207; 207H; >; 6; 18; 5; 38; 38; 5
207; 207H; >; 7; 13; 5; 44; 44; 5
207; 207H; >; 8; 31; 5; 52; 52; 5
207; 207H; >; 9; 339; 5; 55; 55; 5
207; 207H; >; 10; 5; 5; 0; 0; 5
207; 207R; <; 1; 5; 5; 18; 18; 1
207; 207R; <; 2; 339; 5; 23; 23; 1
207; 207R; <; 3; 31; 5; 26; 26; 1
207; 207R; <; 4; 13; 5; 34; 34; 1
207; 207R; <; 5; 18; 5; 40; 40; 1
207; 207R; <; 6; 16; 5; 42; 42; 1
207; 207R; <; 7; 15; 5; 43; 43; 1
207; 207R; <; 8; 29; 5; 51; 51; 1
207; 207R; <; 9; 7; 5; 58; 58; 1
207; 207R; <; 10; 8; 5; 1; 1; 1
207; 207R; <; 1; 5; 5; 30; 30; 2
207; 207R; <; 2; 339; 5; 35; 35; 2
207; 207R; <; 3; 31; 5; 38; 38; 2
207; 207R; <; 4; 13; 5; 46; 46; 2
207; 207R; <; 5; 18; 5; 52; 52; 2
207; 207R; <; 6; 16; 5; 54; 54; 2
207; 207R; <; 7; 15; 5; 55; 55; 2
207; 207R; <; 8; 29; 5; 3; 3; 2
207; 207R; <; 9; 7; 5; 10; 10; 2
207; 207R; <; 10; 8; 5; 13; 13; 2
207; 207R; <; 1; 5; 5; 42; 42; 3
207; 207R; <; 2; 339; 5; 47; 47; 3
207; 207R; <; 3; 31; 5; 50; 50; 3
207; 207R; <; 4; 13; 5; 58; 58; 3
207; 207R; <; 5; 18; 5; 4; 4; 3
207; 207R; <; 6; 16; 5; 6; 6; 3
207; 207R; <; 7; 15; 5; 7; 7; 3
207; 207R; <; 8; 29; 5; 15; 15; 3
207; 207R; <; 9; 7; 5; 22; 22; 3
207; 207R; <; 10; 8; 5; 25; 25; 3
207; 207R; <; 1; 5; 5; 54; 54; 4
207; 207R; <; 2; 339; 5; 59; 59; 4
207; 207R; <; 3; 31; 5; 2; 2; 4
207; 207R; <; 4; 13; 5; 10; 10; 4
207; 207R; <; 5; 18; 5; 16; 16; 4
207; 207R; <; 6; 16; 5; 18; 18; 4
207; 207R; <; 7; 15; 5; 19; 19; 4
207; 207R; <; 8; 29; 5; 27; 27; 4
207; 207R; <; 9; 7; 5; 34; 34; 4
207; 207R; <; 10; 8; 5; 37; 37; 4
207; 207R; <; 1; 5; 5; 6; 6; 5
207; 207R; <; 2; 339; 5; 11; 11; 5
207; 207R; <; 3; 31; 5; 14; 14; 5
207; 207R; <; 4; 13; 5; 22; 22; 5
207; 207R; <; 5; 18; 5; 28; 28; 5
207; 207R; <; 6; 16; 5; 30; 30; 5
207; 207R; <; 7; 15; 5; 31; 31; 5
207; 207R; <; 8; 29; 5; 39; 39; 5
207; 207R; <; 9; 7; 5; 46; 46; 5
207; 207R; <; 10; 8; 5; 49; 49; 5
208; 208H; >; 1; 5; 5; 6; 6; 1
208; 208H; >; 2; 6; 5; 8; 8; 1
208; 208H; >; 3; 283; 5; 9; 9; 1
208; 208H; >; 4; 27; 5; 20; 20; 1
208; 208H; >; 5; 33; 5; 26; 26; 1
208; 208H; >; 6; 4; 5; 32; 32; 1
208; 208H; >; 7; 32; 5; 39; 39; 1
208; 208H; >; 8; 8; 5; 48; 48; 1
208; 208H; >; 1; 5; 5; 18; 18; 2
208; 208H; >; 2; 6; 5; 20; 20; 2
208; 208H; >; 3; 283; 5; 21; 21; 2
208; 208H; >; 4; 27; 5; 32; 32; 2
208; 208H; >; 5; 33; 5; 38; 38; 2
208; 208H; >; 6; 4; 5; 44; 44; 2
208; 208H; >; 7; 32; 5; 51; 51; 2
208; 208H; >; 8; 8; 5; 0; 0; 2
208; 208H; >; 1; 5; 5; 30; 30; 3
208; 208H; >; 2; 6; 5; 32; 32; 3
208; 208H; >; 3; 283; 5; 33; 33; 3
208; 208H; >; 4; 27; 5; 44; 44; 3
208; 208H; >; 5; 33; 5; 50; 50; 3
208; 208H; >; 6; 4; 5; 56; 56; 3
208; 208H; >; 7; 32; 5; 3; 3; 3
208; 208H; >; 8; 8; 5; 12; 12; 3
208; 208H; >; 1; 5; 5; 42; 42; 4
208; 208H; >; 2; 6; 5; 44; 44; 4
208; 208H; >; 3; 283; 5; 45; 45; 4
208; 208H; >; 4; 27; 5; 56; 56; 4
208; 208H; >; 5; 33; 5; 2; 2; 4
208; 208H; >; 6; 4; 5; 8; 8; 4
208; 208H; >; 7; 32; 5; 15; 15; 4
208; 208H; >; 8; 8; 5; 24; 24; 4
208; 208H; >; 1; 5; 5; 54; 54; 5
208; 208H; >; 2; 6; 5; 56; 56; 5
208; 208H; >; 3; 283; 5; 57; 57; 5
208; 208H; >; 4; 27; 5; 8; 8; 5
208; 208H; >; 5; 33; 5; 14; 14; 5
208; 208H; >; 6; 4; 5; 20; 20; 5
208; 208H; >; 7; 32; 5; 27; 27; 5
208; 208H; >; 8; 8; 5; 36; 36; 5
208; 208R; <; 1; 8; 5; 33; 33; 1
208; 208R; <; 2; 32; 5; 42; 42; 1
208; 208R; <; 3; 4; 5; 49; 49; 1
208; 208R; <; 4; 33; 5; 55; 55; 1
208; 208R; <; 5; 27; 5; 1; 1; 1
208; 208R; <; 6; 283; 5; 12; 12; 1
208; 208R; <; 7; 6; 5; 13; 13; 1
208; 208R; <; 8; 5; 5; 15; 15; 1
208; 208R; <; 1; 8; 5; 45; 45; 2
208; 208R; <; 2; 32; 5; 54; 54; 2
208; 208R; <; 3; 4; 5; 1; 1; 2
208; 208R; <; 4; 33; 5; 7; 7; 2
208; 208R; <; 5; 27; 5; 13; 13; 2
208; 208R; <; 6; 283; 5; 24; 24; 2
208; 208R; <; 7; 6; 5; 25; 25; 2
208; 208R; <; 8; 5; 5; 27; 27; 2
208; 208R; <; 1; 8; 5; 57; 57; 3
208; 208R; <; 2; 32; 5; 6; 6; 3
208; 208R; <; 3; 4; 5; 13; 13; 3
208; 208R; <; 4; 33; 5; 19; 19; 3
208; 208R; <; 5; 27; 5; 25; 25; 3
208; 208R; <; 6; 283; 5; 36; 36; 3
208; 208R; <; 7; 6; 5; 37; 37; 3
208; 208R; <; 8; 5; 5; 39; 39; 3
208; 208R; <; 1; 8; 5; 9; 9; 4
208; 208R; <; 2; 32; 5; 18; 18; 4
208; 208R; <; 3; 4; 5; 25; 25; 4
208; 208R; <; 4; 33; 5; 31; 31; 4
208; 208R; <; 5; 27; 5; 37; 37; 4
208; 208R; <; 6; 283; 5; 48; 48; 4
208; 208R; <; 7; 6; 5; 49; 49; 4
208; 208R; <; 8; 5; 5; 51; 51; 4
208; 208R; <; 1; 8; 5; 21; 21; 5
208; 208R; <; 2; 32; 5; 30; 30; 5
208; 208R; <; 3; 4; 5; 37; 37; 5
208; 208R; <; 4; 33; 5; 43; 43; 5
208; 208R; <; 5; 27; 5; 49; 49; 5
208; 208R; <; 6; 283; 5; 0; 0; 5
208; 208R; <; 7; 6; 5; 1; 1; 5
208; 208R; <; 8; 5; 5; 3; 3; 5
210; 210H; >; 1; 20; 2; 0; 0; 1
210; 210H; >; 2; 50; 2; 9; 9; 1
210; 210H; >; 3; 53; 2; 12; 12; 1
210; 210H; >; 4; 69; 2; 18; 18; 1
210; 210H; >; 5; 8; 2; 28; 28; 1
210; 210H; >; 1; 20; 2; 30; 30; 2
210; 210H; >; 2; 50; 2; 39; 39; 2
210; 210H; >; 3; 53; 2; 42; 42; 2
210; 210H; >; 4; 69; 2; 48; 48; 2
210; 210H; >; 5; 8; 2; 58; 58; 2
210; 210R; <; 1; 8; 2; 0; 0; 1
210; 210R; <; 2; 69; 2; 10; 10; 1
210; 210R; <; 3; 53; 2; 16; 16; 1
210; 210R; <; 4; 50; 2; 19; 19; 1
210; 210R; <; 5; 20; 2; 28; 28; 1
210; 210R; <; 1; 8; 2; 30; 30; 2
210; 210R; <; 2; 69; 2; 40; 40; 2
210; 210R; <; 3; 53; 2; 46; 46; 2
210; 210R; <; 4; 50; 2; 49; 49; 2
210; 210R; <; 5; 20; 2; 58; 58; 2
213; 213H; >; 1; 308; 5; 18; 18; 1
213; 213H; >; 2; 14; 5; 25; 25; 1
213; 213H; >; 3; 28; 5; 29; 29; 1
213; 213H; >; 4; 30; 5; 31; 31; 1
213; 213H; >; 5; 24; 5; 33; 33; 1
213; 213H; >; 6; 10; 5; 35; 35; 1
213; 213H; >; 7; 23; 5; 39; 39; 1
213; 213H; >; 8; 26; 5; 42; 42; 1
213; 213H; >; 9; 19; 5; 46; 46; 1
213; 213H; >; 10; 8; 5; 50; 50; 1
213; 213H; >; 1; 308; 5; 30; 30; 2
213; 213H; >; 2; 14; 5; 37; 37; 2
213; 213H; >; 3; 28; 5; 41; 41; 2
213; 213H; >; 4; 30; 5; 43; 43; 2
213; 213H; >; 5; 24; 5; 45; 45; 2
213; 213H; >; 6; 10; 5; 47; 47; 2
213; 213H; >; 7; 23; 5; 51; 51; 2
213; 213H; >; 8; 26; 5; 54; 54; 2
213; 213H; >; 9; 19; 5; 58; 58; 2
213; 213H; >; 10; 8; 5; 2; 2; 2
213; 213H; >; 1; 308; 5; 42; 42; 3
213; 213H; >; 2; 14; 5; 49; 49; 3
213; 213H; >; 3; 28; 5; 53; 53; 3
213; 213H; >; 4; 30; 5; 55; 55; 3
213; 213H; >; 5; 24; 5; 57; 57; 3
213; 213H; >; 6; 10; 5; 59; 59; 3
213; 213H; >; 7; 23; 5; 3; 3; 3
213; 213H; >; 8; 26; 5; 6; 6; 3
213; 213H; >; 9; 19; 5; 10; 10; 3
213; 213H; >; 10; 8; 5; 14; 14; 3
213; 213H; >; 1; 308; 5; 54; 54; 4
213; 213H; >; 2; 14; 5; 1; 1; 4
213; 213H; >; 3; 28; 5; 5; 5; 4
213; 213H; >; 4; 30; 5; 7; 7; 4
213; 213H; >; 5; 24; 5; 9; 9; 4
213; 213H; >; 6; 10; 5; 11; 11; 4
213; 213H; >; 7; 23; 5; 15; 15; 4
213; 213H; >; 8; 26; 5; 18; 18; 4
213; 213H; >; 9; 19; 5; 22; 22; 4
213; 213H; >; 10; 8; 5; 26; 26; 4
213; 213H; >; 1; 308; 5; 6; 6; 5
213; 213H; >; 2; 14; 5; 13; 13; 5
213; 213H; >; 3; 28; 5; 17; 17; 5
213; 213H; >; 4; 30; 5; 19; 19; 5
213; 213H; >; 5; 24; 5; 21; 21; 5
213; 213H; >; 6; 10; 5; 23; 23; 5
213; 213H; >; 7; 23; 5; 27; 27; 5
213; 213H; >; 8; 26; 5; 30; 30; 5
213; 213H; >; 9; 19; 5; 34; 34; 5
213; 213H; >; 10; 8; 5; 38; 38; 5
213; 213R; <; 1; 8; 5; 22; 22; 1
213; 213R; <; 2; 19; 5; 26; 26; 1
213; 213R; <; 3; 26; 5; 30; 30; 1
213; 213R; <; 4; 23; 5; 33; 33; 1
213; 213R; <; 5; 10; 5; 37; 37; 1
213; 213R; <; 6; 24; 5; 39; 39; 1
213; 213R; <; 7; 30; 5; 41; 41; 1
213; 213R; <; 8; 28; 5; 43; 43; 1
213; 213R; <; 9; 14; 5; 47; 47; 1
213; 213R; <; 10; 308; 5; 54; 54; 1
213; 213R; <; 1; 8; 5; 34; 34; 2
213; 213R; <; 2; 19; 5; 38; 38; 2
213; 213R; <; 3; 26; 5; 42; 42; 2
213; 213R; <; 4; 23; 5; 45; 45; 2
213; 213R; <; 5; 10; 5; 49; 49; 2
213; 213R; <; 6; 24; 5; 51; 51; 2
213; 213R; <; 7; 30; 5; 53; 53; 2
213; 213R; <; 8; 28; 5; 55; 55; 2
213; 213R; <; 9; 14; 5; 59; 59; 2
213; 213R; <; 10; 308; 5; 6; 6; 2
213; 213R; <; 1; 8; 5; 46; 46; 3
213; 213R; <; 2; 19; 5; 50; 50; 3
213; 213R; <; 3; 26; 5; 54; 54; 3
213; 213R; <; 4; 23; 5; 57; 57; 3
213; 213R; <; 5; 10; 5; 1; 1; 3
213; 213R; <; 6; 24; 5; 3; 3; 3
213; 213R; <; 7; 30; 5; 5; 5; 3
213; 213R; <; 8; 28; 5; 7; 7; 3
213; 213R; <; 9; 14; 5; 11; 11; 3
213; 213R; <; 10; 308; 5; 18; 18; 3
213; 213R; <; 1; 8; 5; 58; 58; 4
213; 213R; <; 2; 19; 5; 2; 2; 4
213; 213R; <; 3; 26; 5; 6; 6; 4
213; 213R; <; 4; 23; 5; 9; 9; 4
213; 213R; <; 5; 10; 5; 13; 13; 4
213; 213R; <; 6; 24; 5; 15; 15; 4
213; 213R; <; 7; 30; 5; 17; 17; 4
213; 213R; <; 8; 28; 5; 19; 19; 4
213; 213R; <; 9; 14; 5; 23; 23; 4
213; 213R; <; 10; 308; 5; 30; 30; 4
213; 213R; <; 1; 8; 5; 10; 10; 5
213; 213R; <; 2; 19; 5; 14; 14; 5
213; 213R; <; 3; 26; 5; 18; 18; 5
213; 213R; <; 4; 23; 5; 21; 21; 5
213; 213R; <; 5; 10; 5; 25; 25; 5
213; 213R; <; 6; 24; 5; 27; 27; 5
213; 213R; <; 7; 30; 5; 29; 29; 5
213; 213R; <; 8; 28; 5; 31; 31; 5
213; 213R; <; 9; 14; 5; 35; 35; 5
213; 213R; <; 10; 308; 5; 42; 42; 5
