#event-id; time
1; 0
2; 4
3; 4
4; 21
5; 21
6; 32
7; 32
8; 33
9; 33
10; 39
11; 39
12; 42
13; 30
14; 34
15; 34
16; 51
17; 51
18; 2
19; 2
20; 3
21; 3
22; 9
23; 9
24; 12
25; 0
26; 3
27; 3
28; 9
29; 9
30; 10
31; 10
32; 21
33; 21
34; 38
35; 38
36; 42
37; 30
38; 33
39; 33
40; 39
41; 39
42; 40
43; 40
44; 51
45; 51
46; 8
47; 8
48; 12
49; 0
50; 22
51; 22
52; 46
53; 46
54; 50
55; 50
56; 57
57; 57
58; 12
59; 30
60; 52
61; 52
62; 16
63; 16
64; 20
65; 20
66; 27
67; 27
68; 42
69; 0
70; 15
71; 15
72; 22
73; 22
74; 26
75; 26
76; 50
77; 50
78; 12
79; 30
80; 45
81; 45
82; 52
83; 52
84; 56
85; 56
86; 20
87; 20
88; 42
89; 19
90; 23
91; 23
92; 37
93; 37
94; 43
95; 43
96; 58
97; 58
98; 6
99; 31
100; 35
101; 35
102; 49
103; 49
104; 55
105; 55
106; 10
107; 10
108; 18
109; 43
110; 47
111; 47
112; 1
113; 1
114; 7
115; 7
116; 22
117; 22
118; 30
119; 55
120; 59
121; 59
122; 13
123; 13
124; 19
125; 19
126; 34
127; 34
128; 42
129; 7
130; 11
131; 11
132; 25
133; 25
134; 31
135; 31
136; 46
137; 46
138; 54
139; 0
140; 8
141; 8
142; 23
143; 23
144; 29
145; 29
146; 43
147; 43
148; 47
149; 12
150; 20
151; 20
152; 35
153; 35
154; 41
155; 41
156; 55
157; 55
158; 59
159; 24
160; 32
161; 32
162; 47
163; 47
164; 53
165; 53
166; 7
167; 7
168; 11
169; 36
170; 44
171; 44
172; 59
173; 59
174; 5
175; 5
176; 19
177; 19
178; 23
179; 48
180; 56
181; 56
182; 11
183; 11
184; 17
185; 17
186; 31
187; 31
188; 35
189; 9
190; 31
191; 31
192; 42
193; 42
194; 52
195; 52
196; 1
197; 21
198; 43
199; 43
200; 54
201; 54
202; 4
203; 4
204; 13
205; 33
206; 55
207; 55
208; 6
209; 6
210; 16
211; 16
212; 25
213; 45
214; 7
215; 7
216; 18
217; 18
218; 28
219; 28
220; 37
221; 57
222; 19
223; 19
224; 30
225; 30
226; 40
227; 40
228; 49
229; 23
230; 32
231; 32
232; 42
233; 42
234; 53
235; 53
236; 15
237; 35
238; 44
239; 44
240; 54
241; 54
242; 5
243; 5
244; 27
245; 47
246; 56
247; 56
248; 6
249; 6
250; 17
251; 17
252; 39
253; 59
254; 8
255; 8
256; 18
257; 18
258; 29
259; 29
260; 51
261; 11
262; 20
263; 20
264; 30
265; 30
266; 41
267; 41
268; 3
269; 25
270; 41
271; 41
272; 8
273; 8
274; 17
275; 17
276; 41
277; 37
278; 53
279; 53
280; 20
281; 20
282; 29
283; 29
284; 53
285; 49
286; 5
287; 5
288; 32
289; 32
290; 41
291; 41
292; 5
293; 1
294; 17
295; 17
296; 44
297; 44
298; 53
299; 53
300; 17
301; 13
302; 29
303; 29
304; 56
305; 56
306; 5
307; 5
308; 29
309; 9
310; 33
311; 33
312; 42
313; 42
314; 9
315; 9
316; 25
317; 21
318; 45
319; 45
320; 54
321; 54
322; 21
323; 21
324; 37
325; 33
326; 57
327; 57
328; 6
329; 6
330; 33
331; 33
332; 49
333; 45
334; 9
335; 9
336; 18
337; 18
338; 45
339; 45
340; 1
341; 57
342; 21
343; 21
344; 30
345; 30
346; 57
347; 57
348; 13
349; 0
350; 22
351; 22
352; 39
353; 39
354; 54
355; 54
356; 0
357; 30
358; 52
359; 52
360; 9
361; 9
362; 24
363; 24
364; 30
365; 0
366; 6
367; 6
368; 21
369; 21
370; 38
371; 38
372; 0
373; 30
374; 36
375; 36
376; 51
377; 51
378; 8
379; 8
380; 30
381; 0
382; 11
383; 11
384; 17
385; 17
386; 28
387; 28
388; 37
389; 12
390; 23
391; 23
392; 29
393; 29
394; 40
395; 40
396; 49
397; 24
398; 35
399; 35
400; 41
401; 41
402; 52
403; 52
404; 1
405; 36
406; 47
407; 47
408; 53
409; 53
410; 4
411; 4
412; 13
413; 48
414; 59
415; 59
416; 5
417; 5
418; 16
419; 16
420; 25
421; 0
422; 9
423; 9
424; 20
425; 20
426; 26
427; 26
428; 37
429; 12
430; 21
431; 21
432; 32
433; 32
434; 38
435; 38
436; 49
437; 24
438; 33
439; 33
440; 44
441; 44
442; 50
443; 50
444; 1
445; 36
446; 45
447; 45
448; 56
449; 56
450; 2
451; 2
452; 13
453; 48
454; 57
455; 57
456; 8
457; 8
458; 14
459; 14
460; 25
461; 0
462; 9
463; 9
464; 18
465; 18
466; 25
467; 25
468; 32
469; 30
470; 39
471; 39
472; 48
473; 48
474; 55
475; 55
476; 2
477; 0
478; 7
479; 7
480; 14
481; 14
482; 23
483; 23
484; 32
485; 30
486; 37
487; 37
488; 44
489; 44
490; 53
491; 53
492; 2
493; 0
494; 9
495; 9
496; 15
497; 15
498; 26
499; 26
500; 36
501; 30
502; 39
503; 39
504; 45
505; 45
506; 56
507; 56
508; 6
509; 0
510; 10
511; 10
512; 21
513; 21
514; 27
515; 27
516; 36
517; 30
518; 40
519; 40
520; 51
521; 51
522; 57
523; 57
524; 6
525; 0
526; 4
527; 4
528; 18
529; 18
530; 24
531; 24
532; 38
533; 30
534; 34
535; 34
536; 48
537; 48
538; 54
539; 54
540; 8
541; 0
542; 14
543; 14
544; 20
545; 20
546; 34
547; 34
548; 38
549; 30
550; 44
551; 44
552; 50
553; 50
554; 4
555; 4
556; 8
557; 0
558; 22
559; 22
560; 39
561; 39
562; 54
563; 12
564; 34
565; 34
566; 51
567; 51
568; 6
569; 24
570; 46
571; 46
572; 3
573; 3
574; 18
575; 36
576; 58
577; 58
578; 15
579; 15
580; 30
581; 48
582; 10
583; 10
584; 27
585; 27
586; 42
587; 0
588; 15
589; 15
590; 32
591; 32
592; 54
593; 12
594; 27
595; 27
596; 44
597; 44
598; 6
599; 24
600; 39
601; 39
602; 56
603; 56
604; 18
605; 36
606; 51
607; 51
608; 8
609; 8
610; 30
611; 48
612; 3
613; 3
614; 20
615; 20
616; 42
617; 0
618; 21
619; 21
620; 43
621; 43
622; 10
623; 30
624; 51
625; 51
626; 13
627; 13
628; 40
629; 0
630; 27
631; 27
632; 49
633; 49
634; 10
635; 30
636; 57
637; 57
638; 19
639; 19
640; 40
641; 0
642; 4
643; 4
644; 18
645; 18
646; 30
647; 30
648; 34
649; 34
650; 48
651; 48
652; 0
653; 0
654; 12
655; 12
656; 26
657; 26
658; 30
659; 30
660; 42
661; 42
662; 56
663; 56
664; 0
665; 0
666; 10
667; 10
668; 20
669; 20
670; 35
671; 30
672; 40
673; 40
674; 50
675; 50
676; 5
677; 0
678; 15
679; 15
680; 25
681; 25
682; 35
683; 30
684; 45
685; 45
686; 55
687; 55
688; 5
689; 0
690; 1
691; 1
692; 12
693; 12
694; 18
695; 30
696; 31
697; 31
698; 42
699; 42
700; 48
701; 0
702; 6
703; 6
704; 17
705; 17
706; 18
707; 30
708; 36
709; 36
710; 47
711; 47
712; 48
713; 0
714; 16
715; 16
716; 35
717; 30
718; 46
719; 46
720; 5
721; 0
722; 19
723; 19
724; 35
725; 30
726; 49
727; 49
728; 5
729; 0
730; 10
731; 10
732; 19
733; 30
734; 40
735; 40
736; 49
737; 0
738; 9
739; 9
740; 19
741; 30
742; 39
743; 39
744; 49
745; 0
746; 21
747; 21
748; 30
749; 30
750; 51
751; 51
752; 0
753; 0
754; 9
755; 9
756; 30
757; 30
758; 39
759; 39
760; 0
761; 0
762; 8
763; 8
764; 16
765; 30
766; 38
767; 38
768; 46
769; 0
770; 8
771; 8
772; 16
773; 30
774; 38
775; 38
776; 46
777; 0
778; 3
779; 10
780; 13
781; 20
782; 23
783; 30
784; 33
785; 40
786; 43
787; 50
788; 53
789; 0
790; 3
791; 10
792; 13
793; 20
794; 23
795; 30
796; 33
797; 40
798; 43
799; 50
800; 53
801; 0
802; 3
803; 3
804; 27
805; 27
806; 29
807; 29
808; 31
809; 31
810; 33
811; 33
812; 37
813; 37
814; 40
815; 40
816; 44
817; 44
818; 48
819; 48
820; 52
821; 30
822; 33
823; 33
824; 57
825; 57
826; 59
827; 59
828; 1
829; 1
830; 3
831; 3
832; 7
833; 7
834; 10
835; 10
836; 14
837; 14
838; 18
839; 18
840; 22
841; 0
842; 4
843; 4
844; 8
845; 8
846; 12
847; 12
848; 15
849; 15
850; 19
851; 19
852; 21
853; 21
854; 23
855; 23
856; 25
857; 25
858; 49
859; 49
860; 52
861; 30
862; 34
863; 34
864; 38
865; 38
866; 42
867; 42
868; 45
869; 45
870; 49
871; 49
872; 51
873; 51
874; 53
875; 53
876; 55
877; 55
878; 19
879; 19
880; 22
881; 0
882; 13
883; 13
884; 21
885; 21
886; 25
887; 25
888; 36
889; 36
890; 47
891; 47
892; 53
893; 53
894; 0
895; 0
896; 19
897; 30
898; 43
899; 43
900; 51
901; 51
902; 55
903; 55
904; 6
905; 6
906; 17
907; 17
908; 23
909; 23
910; 30
911; 30
912; 49
913; 0
914; 19
915; 19
916; 26
917; 26
918; 32
919; 32
920; 43
921; 43
922; 54
923; 54
924; 58
925; 58
926; 6
927; 6
928; 19
929; 30
930; 49
931; 49
932; 56
933; 56
934; 2
935; 2
936; 13
937; 13
938; 24
939; 24
940; 28
941; 28
942; 36
943; 36
944; 49
945; 15
946; 26
947; 26
948; 29
949; 29
950; 38
951; 38
952; 44
953; 44
954; 46
955; 46
956; 48
957; 48
958; 52
959; 52
960; 57
961; 27
962; 38
963; 38
964; 41
965; 41
966; 50
967; 50
968; 56
969; 56
970; 58
971; 58
972; 0
973; 0
974; 4
975; 4
976; 9
977; 39
978; 50
979; 50
980; 53
981; 53
982; 2
983; 2
984; 8
985; 8
986; 10
987; 10
988; 12
989; 12
990; 16
991; 16
992; 21
993; 51
994; 2
995; 2
996; 5
997; 5
998; 14
999; 14
1000; 20
1001; 20
1002; 22
1003; 22
1004; 24
1005; 24
1006; 28
1007; 28
1008; 33
1009; 3
1010; 14
1011; 14
1012; 17
1013; 17
1014; 26
1015; 26
1016; 32
1017; 32
1018; 34
1019; 34
1020; 36
1021; 36
1022; 40
1023; 40
1024; 45
1025; 31
1026; 36
1027; 36
1028; 40
1029; 40
1030; 42
1031; 42
1032; 44
1033; 44
1034; 50
1035; 50
1036; 59
1037; 59
1038; 2
1039; 2
1040; 13
1041; 43
1042; 48
1043; 48
1044; 52
1045; 52
1046; 54
1047; 54
1048; 56
1049; 56
1050; 2
1051; 2
1052; 11
1053; 11
1054; 14
1055; 14
1056; 25
1057; 55
1058; 0
1059; 0
1060; 4
1061; 4
1062; 6
1063; 6
1064; 8
1065; 8
1066; 14
1067; 14
1068; 23
1069; 23
1070; 26
1071; 26
1072; 37
1073; 7
1074; 12
1075; 12
1076; 16
1077; 16
1078; 18
1079; 18
1080; 20
1081; 20
1082; 26
1083; 26
1084; 35
1085; 35
1086; 38
1087; 38
1088; 49
1089; 19
1090; 24
1091; 24
1092; 28
1093; 28
1094; 30
1095; 30
1096; 32
1097; 32
1098; 38
1099; 38
1100; 47
1101; 47
1102; 50
1103; 50
1104; 1
1105; 52
1106; 56
1107; 56
1108; 59
1109; 59
1110; 9
1111; 9
1112; 15
1113; 15
1114; 18
1115; 18
1116; 27
1117; 27
1118; 49
1119; 4
1120; 8
1121; 8
1122; 11
1123; 11
1124; 21
1125; 21
1126; 27
1127; 27
1128; 30
1129; 30
1130; 39
1131; 39
1132; 1
1133; 16
1134; 20
1135; 20
1136; 23
1137; 23
1138; 33
1139; 33
1140; 39
1141; 39
1142; 42
1143; 42
1144; 51
1145; 51
1146; 13
1147; 28
1148; 32
1149; 32
1150; 35
1151; 35
1152; 45
1153; 45
1154; 51
1155; 51
1156; 54
1157; 54
1158; 3
1159; 3
1160; 25
1161; 40
1162; 44
1163; 44
1164; 47
1165; 47
1166; 57
1167; 57
1168; 3
1169; 3
1170; 6
1171; 6
1172; 15
1173; 15
1174; 37
1175; 11
1176; 33
1177; 33
1178; 42
1179; 42
1180; 45
1181; 45
1182; 51
1183; 51
1184; 1
1185; 1
1186; 4
1187; 4
1188; 8
1189; 23
1190; 45
1191; 45
1192; 54
1193; 54
1194; 57
1195; 57
1196; 3
1197; 3
1198; 13
1199; 13
1200; 16
1201; 16
1202; 20
1203; 35
1204; 57
1205; 57
1206; 6
1207; 6
1208; 9
1209; 9
1210; 15
1211; 15
1212; 25
1213; 25
1214; 28
1215; 28
1216; 32
1217; 47
1218; 9
1219; 9
1220; 18
1221; 18
1222; 21
1223; 21
1224; 27
1225; 27
1226; 37
1227; 37
1228; 40
1229; 40
1230; 44
1231; 59
1232; 21
1233; 21
1234; 30
1235; 30
1236; 33
1237; 33
1238; 39
1239; 39
1240; 49
1241; 49
1242; 52
1243; 52
1244; 56
1245; 40
1246; 59
1247; 59
1248; 5
1249; 5
1250; 15
1251; 15
1252; 26
1253; 26
1254; 34
1255; 34
1256; 50
1257; 52
1258; 11
1259; 11
1260; 17
1261; 17
1262; 27
1263; 27
1264; 38
1265; 38
1266; 46
1267; 46
1268; 2
1269; 4
1270; 23
1271; 23
1272; 29
1273; 29
1274; 39
1275; 39
1276; 50
1277; 50
1278; 58
1279; 58
1280; 14
1281; 16
1282; 35
1283; 35
1284; 41
1285; 41
1286; 51
1287; 51
1288; 2
1289; 2
1290; 10
1291; 10
1292; 26
1293; 28
1294; 47
1295; 47
1296; 53
1297; 53
1298; 3
1299; 3
1300; 14
1301; 14
1302; 22
1303; 22
1304; 38
1305; 38
1306; 54
1307; 54
1308; 2
1309; 2
1310; 13
1311; 13
1312; 23
1313; 23
1314; 29
1315; 29
1316; 48
1317; 50
1318; 6
1319; 6
1320; 14
1321; 14
1322; 25
1323; 25
1324; 35
1325; 35
1326; 41
1327; 41
1328; 0
1329; 2
1330; 18
1331; 18
1332; 26
1333; 26
1334; 37
1335; 37
1336; 47
1337; 47
1338; 53
1339; 53
1340; 12
1341; 14
1342; 30
1343; 30
1344; 38
1345; 38
1346; 49
1347; 49
1348; 59
1349; 59
1350; 5
1351; 5
1352; 24
1353; 26
1354; 42
1355; 42
1356; 50
1357; 50
1358; 1
1359; 1
1360; 11
1361; 11
1362; 17
1363; 17
1364; 36
1365; 56
1366; 7
1367; 7
1368; 17
1369; 17
1370; 22
1371; 22
1372; 37
1373; 37
1374; 46
1375; 46
1376; 48
1377; 8
1378; 19
1379; 19
1380; 29
1381; 29
1382; 34
1383; 34
1384; 49
1385; 49
1386; 58
1387; 58
1388; 0
1389; 20
1390; 31
1391; 31
1392; 41
1393; 41
1394; 46
1395; 46
1396; 1
1397; 1
1398; 10
1399; 10
1400; 12
1401; 32
1402; 43
1403; 43
1404; 53
1405; 53
1406; 58
1407; 58
1408; 13
1409; 13
1410; 22
1411; 22
1412; 24
1413; 44
1414; 55
1415; 55
1416; 5
1417; 5
1418; 10
1419; 10
1420; 25
1421; 25
1422; 34
1423; 34
1424; 36
1425; 24
1426; 26
1427; 26
1428; 35
1429; 35
1430; 50
1431; 50
1432; 55
1433; 55
1434; 5
1435; 5
1436; 16
1437; 36
1438; 38
1439; 38
1440; 47
1441; 47
1442; 2
1443; 2
1444; 7
1445; 7
1446; 17
1447; 17
1448; 28
1449; 48
1450; 50
1451; 50
1452; 59
1453; 59
1454; 14
1455; 14
1456; 19
1457; 19
1458; 29
1459; 29
1460; 40
1461; 0
1462; 2
1463; 2
1464; 11
1465; 11
1466; 26
1467; 26
1468; 31
1469; 31
1470; 41
1471; 41
1472; 52
1473; 12
1474; 14
1475; 14
1476; 23
1477; 23
1478; 38
1479; 38
1480; 43
1481; 43
1482; 53
1483; 53
1484; 4
1485; 8
1486; 14
1487; 14
1488; 16
1489; 16
1490; 29
1491; 29
1492; 38
1493; 38
1494; 0
1495; 0
1496; 21
1497; 20
1498; 26
1499; 26
1500; 28
1501; 28
1502; 41
1503; 41
1504; 50
1505; 50
1506; 12
1507; 12
1508; 33
1509; 32
1510; 38
1511; 38
1512; 40
1513; 40
1514; 53
1515; 53
1516; 2
1517; 2
1518; 24
1519; 24
1520; 45
1521; 44
1522; 50
1523; 50
1524; 52
1525; 52
1526; 5
1527; 5
1528; 14
1529; 14
1530; 36
1531; 36
1532; 57
1533; 56
1534; 2
1535; 2
1536; 4
1537; 4
1538; 17
1539; 17
1540; 26
1541; 26
1542; 48
1543; 48
1544; 9
1545; 57
1546; 18
1547; 18
1548; 40
1549; 40
1550; 49
1551; 49
1552; 2
1553; 2
1554; 4
1555; 4
1556; 10
1557; 9
1558; 30
1559; 30
1560; 52
1561; 52
1562; 1
1563; 1
1564; 14
1565; 14
1566; 16
1567; 16
1568; 22
1569; 21
1570; 42
1571; 42
1572; 4
1573; 4
1574; 13
1575; 13
1576; 26
1577; 26
1578; 28
1579; 28
1580; 34
1581; 33
1582; 54
1583; 54
1584; 16
1585; 16
1586; 25
1587; 25
1588; 38
1589; 38
1590; 40
1591; 40
1592; 46
1593; 45
1594; 6
1595; 6
1596; 28
1597; 28
1598; 37
1599; 37
1600; 50
1601; 50
1602; 52
1603; 52
1604; 58
1605; 0
1606; 2
1607; 2
1608; 19
1609; 19
1610; 25
1611; 25
1612; 31
1613; 31
1614; 38
1615; 38
1616; 44
1617; 12
1618; 14
1619; 14
1620; 31
1621; 31
1622; 37
1623; 37
1624; 43
1625; 43
1626; 50
1627; 50
1628; 56
1629; 24
1630; 26
1631; 26
1632; 43
1633; 43
1634; 49
1635; 49
1636; 55
1637; 55
1638; 2
1639; 2
1640; 8
1641; 36
1642; 38
1643; 38
1644; 55
1645; 55
1646; 1
1647; 1
1648; 7
1649; 7
1650; 14
1651; 14
1652; 20
1653; 48
1654; 50
1655; 50
1656; 7
1657; 7
1658; 13
1659; 13
1660; 19
1661; 19
1662; 26
1663; 26
1664; 32
1665; 0
1666; 6
1667; 6
1668; 13
1669; 13
1670; 19
1671; 19
1672; 25
1673; 25
1674; 42
1675; 42
1676; 44
1677; 12
1678; 18
1679; 18
1680; 25
1681; 25
1682; 31
1683; 31
1684; 37
1685; 37
1686; 54
1687; 54
1688; 56
1689; 24
1690; 30
1691; 30
1692; 37
1693; 37
1694; 43
1695; 43
1696; 49
1697; 49
1698; 6
1699; 6
1700; 8
1701; 36
1702; 42
1703; 42
1704; 49
1705; 49
1706; 55
1707; 55
1708; 1
1709; 1
1710; 18
1711; 18
1712; 20
1713; 48
1714; 54
1715; 54
1716; 1
1717; 1
1718; 7
1719; 7
1720; 13
1721; 13
1722; 30
1723; 30
1724; 32
1725; 0
1726; 13
1727; 13
1728; 21
1729; 21
1730; 25
1731; 25
1732; 33
1733; 33
1734; 49
1735; 30
1736; 43
1737; 43
1738; 51
1739; 51
1740; 55
1741; 55
1742; 3
1743; 3
1744; 19
1745; 0
1746; 16
1747; 16
1748; 24
1749; 24
1750; 28
1751; 28
1752; 36
1753; 36
1754; 49
1755; 30
1756; 46
1757; 46
1758; 54
1759; 54
1760; 58
1761; 58
1762; 6
1763; 6
1764; 19
1765; 56
1766; 6
1767; 6
1768; 17
1769; 17
1770; 23
1771; 23
1772; 30
1773; 30
1774; 40
1775; 8
1776; 18
1777; 18
1778; 29
1779; 29
1780; 35
1781; 35
1782; 42
1783; 42
1784; 52
1785; 20
1786; 30
1787; 30
1788; 41
1789; 41
1790; 47
1791; 47
1792; 54
1793; 54
1794; 4
1795; 32
1796; 42
1797; 42
1798; 53
1799; 53
1800; 59
1801; 59
1802; 6
1803; 6
1804; 16
1805; 44
1806; 54
1807; 54
1808; 5
1809; 5
1810; 11
1811; 11
1812; 18
1813; 18
1814; 28
1815; 18
1816; 28
1817; 28
1818; 35
1819; 35
1820; 41
1821; 41
1822; 52
1823; 52
1824; 2
1825; 30
1826; 40
1827; 40
1828; 47
1829; 47
1830; 53
1831; 53
1832; 4
1833; 4
1834; 14
1835; 42
1836; 52
1837; 52
1838; 59
1839; 59
1840; 5
1841; 5
1842; 16
1843; 16
1844; 26
1845; 54
1846; 4
1847; 4
1848; 11
1849; 11
1850; 17
1851; 17
1852; 28
1853; 28
1854; 38
1855; 6
1856; 16
1857; 16
1858; 23
1859; 23
1860; 29
1861; 29
1862; 40
1863; 40
1864; 50
1865; 0
1866; 9
1867; 9
1868; 22
1869; 22
1870; 24
1871; 24
1872; 34
1873; 34
1874; 45
1875; 30
1876; 39
1877; 39
1878; 52
1879; 52
1880; 54
1881; 54
1882; 4
1883; 4
1884; 15
1885; 0
1886; 11
1887; 11
1888; 21
1889; 21
1890; 23
1891; 23
1892; 36
1893; 36
1894; 45
1895; 30
1896; 41
1897; 41
1898; 51
1899; 51
1900; 53
1901; 53
1902; 6
1903; 6
1904; 15
1905; 0
1906; 8
1907; 8
1908; 15
1909; 15
1910; 18
1911; 18
1912; 28
1913; 28
1914; 37
1915; 12
1916; 20
1917; 20
1918; 27
1919; 27
1920; 30
1921; 30
1922; 40
1923; 40
1924; 49
1925; 24
1926; 32
1927; 32
1928; 39
1929; 39
1930; 42
1931; 42
1932; 52
1933; 52
1934; 1
1935; 36
1936; 44
1937; 44
1938; 51
1939; 51
1940; 54
1941; 54
1942; 4
1943; 4
1944; 13
1945; 48
1946; 56
1947; 56
1948; 3
1949; 3
1950; 6
1951; 6
1952; 16
1953; 16
1954; 25
1955; 0
1956; 9
1957; 9
1958; 19
1959; 19
1960; 22
1961; 22
1962; 29
1963; 29
1964; 37
1965; 12
1966; 21
1967; 21
1968; 31
1969; 31
1970; 34
1971; 34
1972; 41
1973; 41
1974; 49
1975; 24
1976; 33
1977; 33
1978; 43
1979; 43
1980; 46
1981; 46
1982; 53
1983; 53
1984; 1
1985; 36
1986; 45
1987; 45
1988; 55
1989; 55
1990; 58
1991; 58
1992; 5
1993; 5
1994; 13
1995; 48
1996; 57
1997; 57
1998; 7
1999; 7
2000; 10
2001; 10
2002; 17
2003; 17
2004; 25
2005; 0
2006; 10
2007; 10
2008; 16
2009; 16
2010; 25
2011; 25
2012; 31
2013; 31
2014; 39
2015; 30
2016; 40
2017; 40
2018; 46
2019; 46
2020; 55
2021; 55
2022; 1
2023; 1
2024; 9
2025; 0
2026; 8
2027; 8
2028; 14
2029; 14
2030; 23
2031; 23
2032; 29
2033; 29
2034; 39
2035; 30
2036; 38
2037; 38
2038; 44
2039; 44
2040; 53
2041; 53
2042; 59
2043; 59
2044; 9
2045; 0
2046; 11
2047; 11
2048; 14
2049; 14
2050; 23
2051; 23
2052; 29
2053; 29
2054; 31
2055; 15
2056; 26
2057; 26
2058; 29
2059; 29
2060; 38
2061; 38
2062; 44
2063; 44
2064; 46
2065; 30
2066; 41
2067; 41
2068; 44
2069; 44
2070; 53
2071; 53
2072; 59
2073; 59
2074; 1
2075; 45
2076; 56
2077; 56
2078; 59
2079; 59
2080; 8
2081; 8
2082; 14
2083; 14
2084; 16
2085; 0
2086; 2
2087; 2
2088; 8
2089; 8
2090; 17
2091; 17
2092; 20
2093; 20
2094; 31
2095; 15
2096; 17
2097; 17
2098; 23
2099; 23
2100; 32
2101; 32
2102; 35
2103; 35
2104; 46
2105; 30
2106; 32
2107; 32
2108; 38
2109; 38
2110; 47
2111; 47
2112; 50
2113; 50
2114; 1
2115; 45
2116; 47
2117; 47
2118; 53
2119; 53
2120; 2
2121; 2
2122; 5
2123; 5
2124; 16
2125; 0
2126; 22
2127; 22
2128; 29
2129; 29
2130; 33
2131; 33
2132; 47
2133; 30
2134; 52
2135; 52
2136; 59
2137; 59
2138; 3
2139; 3
2140; 17
2141; 0
2142; 14
2143; 14
2144; 18
2145; 18
2146; 25
2147; 25
2148; 47
2149; 30
2150; 44
2151; 44
2152; 48
2153; 48
2154; 55
2155; 55
2156; 17
2157; 0
2158; 13
2159; 13
2160; 21
2161; 21
2162; 25
2163; 25
2164; 31
2165; 30
2166; 43
2167; 43
2168; 51
2169; 51
2170; 55
2171; 55
2172; 1
2173; 0
2174; 6
2175; 6
2176; 10
2177; 10
2178; 18
2179; 18
2180; 31
2181; 30
2182; 36
2183; 36
2184; 40
2185; 40
2186; 48
2187; 48
2188; 1
2189; 0
2190; 13
2191; 13
2192; 14
2193; 14
2194; 25
2195; 25
2196; 27
2197; 30
2198; 43
2199; 43
2200; 44
2201; 44
2202; 55
2203; 55
2204; 57
2205; 0
2206; 2
2207; 2
2208; 13
2209; 13
2210; 14
2211; 14
2212; 27
2213; 30
2214; 32
2215; 32
2216; 43
2217; 43
2218; 44
2219; 44
2220; 57
2221; 0
2222; 16
2223; 16
2224; 19
2225; 19
2226; 25
2227; 25
2228; 34
2229; 30
2230; 46
2231; 46
2232; 49
2233; 49
2234; 55
2235; 55
2236; 4
2237; 0
2238; 9
2239; 9
2240; 15
2241; 15
2242; 18
2243; 18
2244; 34
2245; 30
2246; 39
2247; 39
2248; 45
2249; 45
2250; 48
2251; 48
2252; 4
2253; 0
2254; 24
2255; 24
2256; 27
2257; 27
2258; 31
2259; 31
2260; 43
2261; 12
2262; 36
2263; 36
2264; 39
2265; 39
2266; 43
2267; 43
2268; 55
2269; 24
2270; 48
2271; 48
2272; 51
2273; 51
2274; 55
2275; 55
2276; 7
2277; 36
2278; 0
2279; 0
2280; 3
2281; 3
2282; 7
2283; 7
2284; 19
2285; 48
2286; 12
2287; 12
2288; 15
2289; 15
2290; 19
2291; 19
2292; 31
2293; 0
2294; 12
2295; 12
2296; 16
2297; 16
2298; 19
2299; 19
2300; 43
2301; 12
2302; 24
2303; 24
2304; 28
2305; 28
2306; 31
2307; 31
2308; 55
2309; 24
2310; 36
2311; 36
2312; 40
2313; 40
2314; 43
2315; 43
2316; 7
2317; 36
2318; 48
2319; 48
2320; 52
2321; 52
2322; 55
2323; 55
2324; 19
2325; 48
2326; 0
2327; 0
2328; 4
2329; 4
2330; 7
2331; 7
2332; 31
2333; 0
2334; 6
2335; 6
2336; 20
2337; 20
2338; 44
2339; 44
2340; 47
2341; 30
2342; 36
2343; 36
2344; 50
2345; 50
2346; 14
2347; 14
2348; 17
2349; 0
2350; 3
2351; 3
2352; 27
2353; 27
2354; 41
2355; 41
2356; 47
2357; 30
2358; 33
2359; 33
2360; 57
2361; 57
2362; 11
2363; 11
2364; 17
2365; 0
2366; 7
2367; 7
2368; 11
2369; 11
2370; 35
2371; 35
2372; 38
2373; 30
2374; 37
2375; 37
2376; 41
2377; 41
2378; 5
2379; 5
2380; 8
2381; 0
2382; 3
2383; 3
2384; 27
2385; 27
2386; 31
2387; 31
2388; 38
2389; 30
2390; 33
2391; 33
2392; 57
2393; 57
2394; 1
2395; 1
2396; 8
2397; 32
2398; 34
2399; 34
2400; 50
2401; 50
2402; 59
2403; 59
2404; 13
2405; 44
2406; 46
2407; 46
2408; 2
2409; 2
2410; 11
2411; 11
2412; 25
2413; 56
2414; 58
2415; 58
2416; 14
2417; 14
2418; 23
2419; 23
2420; 37
2421; 8
2422; 10
2423; 10
2424; 26
2425; 26
2426; 35
2427; 35
2428; 49
2429; 20
2430; 22
2431; 22
2432; 38
2433; 38
2434; 47
2435; 47
2436; 1
2437; 39
2438; 53
2439; 53
2440; 2
2441; 2
2442; 18
2443; 18
2444; 20
2445; 51
2446; 5
2447; 5
2448; 14
2449; 14
2450; 30
2451; 30
2452; 32
2453; 3
2454; 17
2455; 17
2456; 26
2457; 26
2458; 42
2459; 42
2460; 44
2461; 15
2462; 29
2463; 29
2464; 38
2465; 38
2466; 54
2467; 54
2468; 56
2469; 27
2470; 41
2471; 41
2472; 50
2473; 50
2474; 6
2475; 6
2476; 8
2477; 0
2478; 2
2479; 2
2480; 11
2481; 11
2482; 18
2483; 18
2484; 24
2485; 30
2486; 32
2487; 32
2488; 41
2489; 41
2490; 48
2491; 48
2492; 54
2493; 0
2494; 6
2495; 6
2496; 13
2497; 13
2498; 22
2499; 22
2500; 24
2501; 30
2502; 36
2503; 36
2504; 43
2505; 43
2506; 52
2507; 52
2508; 54
2509; 0
2510; 4
2511; 4
2512; 11
2513; 11
2514; 16
2515; 12
2516; 16
2517; 16
2518; 23
2519; 23
2520; 28
2521; 24
2522; 28
2523; 28
2524; 35
2525; 35
2526; 40
2527; 36
2528; 40
2529; 40
2530; 47
2531; 47
2532; 52
2533; 48
2534; 52
2535; 52
2536; 59
2537; 59
2538; 4
2539; 0
2540; 5
2541; 5
2542; 12
2543; 12
2544; 16
2545; 12
2546; 17
2547; 17
2548; 24
2549; 24
2550; 28
2551; 24
2552; 29
2553; 29
2554; 36
2555; 36
2556; 40
2557; 36
2558; 41
2559; 41
2560; 48
2561; 48
2562; 52
2563; 48
2564; 53
2565; 53
2566; 0
2567; 0
2568; 4
2569; 0
2570; 11
2571; 11
2572; 17
2573; 17
2574; 19
2575; 30
2576; 41
2577; 41
2578; 47
2579; 47
2580; 49
2581; 0
2582; 2
2583; 2
2584; 8
2585; 8
2586; 19
2587; 30
2588; 32
2589; 32
2590; 38
2591; 38
2592; 49
2593; 0
2594; 10
2595; 10
2596; 25
2597; 25
2598; 39
2599; 30
2600; 40
2601; 40
2602; 55
2603; 55
2604; 9
2605; 0
2606; 14
2607; 14
2608; 29
2609; 29
2610; 39
2611; 30
2612; 44
2613; 44
2614; 59
2615; 59
2616; 9
2617; 12
2618; 15
2619; 15
2620; 23
2621; 23
2622; 29
2623; 24
2624; 27
2625; 27
2626; 35
2627; 35
2628; 41
2629; 36
2630; 39
2631; 39
2632; 47
2633; 47
2634; 53
2635; 48
2636; 51
2637; 51
2638; 59
2639; 59
2640; 5
2641; 0
2642; 3
2643; 3
2644; 11
2645; 11
2646; 17
2647; 5
2648; 11
2649; 11
2650; 19
2651; 19
2652; 22
2653; 17
2654; 23
2655; 23
2656; 31
2657; 31
2658; 34
2659; 29
2660; 35
2661; 35
2662; 43
2663; 43
2664; 46
2665; 41
2666; 47
2667; 47
2668; 55
2669; 55
2670; 58
2671; 53
2672; 59
2673; 59
2674; 7
2675; 7
2676; 10
2677; 0
2678; 7
2679; 7
2680; 13
2681; 12
2682; 19
2683; 19
2684; 25
2685; 24
2686; 31
2687; 31
2688; 37
2689; 36
2690; 43
2691; 43
2692; 49
2693; 48
2694; 55
2695; 55
2696; 1
2697; 0
2698; 6
2699; 6
2700; 13
2701; 12
2702; 18
2703; 18
2704; 25
2705; 24
2706; 30
2707; 30
2708; 37
2709; 36
2710; 42
2711; 42
2712; 49
2713; 48
2714; 54
2715; 54
2716; 1
2717; 0
2718; 11
2719; 11
2720; 17
2721; 12
2722; 23
2723; 23
2724; 29
2725; 24
2726; 35
2727; 35
2728; 41
2729; 36
2730; 47
2731; 47
2732; 53
2733; 48
2734; 59
2735; 59
2736; 5
2737; 0
2738; 6
2739; 6
2740; 17
2741; 12
2742; 18
2743; 18
2744; 29
2745; 24
2746; 30
2747; 30
2748; 41
2749; 36
2750; 42
2751; 42
2752; 53
2753; 48
2754; 54
2755; 54
2756; 5
2757; 0
2758; 9
2759; 9
2760; 12
2761; 10
2762; 19
2763; 19
2764; 22
2765; 20
2766; 29
2767; 29
2768; 32
2769; 30
2770; 39
2771; 39
2772; 42
2773; 40
2774; 49
2775; 49
2776; 52
2777; 50
2778; 59
2779; 59
2780; 2
2781; 0
2782; 3
2783; 3
2784; 12
2785; 10
2786; 13
2787; 13
2788; 22
2789; 20
2790; 23
2791; 23
2792; 32
2793; 30
2794; 33
2795; 33
2796; 42
2797; 40
2798; 43
2799; 43
2800; 52
2801; 50
2802; 53
2803; 53
2804; 2
2805; 8
2806; 10
2807; 10
2808; 11
2809; 11
2810; 19
2811; 19
2812; 23
2813; 23
2814; 33
2815; 33
2816; 37
2817; 20
2818; 22
2819; 22
2820; 23
2821; 23
2822; 31
2823; 31
2824; 35
2825; 35
2826; 45
2827; 45
2828; 49
2829; 32
2830; 34
2831; 34
2832; 35
2833; 35
2834; 43
2835; 43
2836; 47
2837; 47
2838; 57
2839; 57
2840; 1
2841; 44
2842; 46
2843; 46
2844; 47
2845; 47
2846; 55
2847; 55
2848; 59
2849; 59
2850; 9
2851; 9
2852; 13
2853; 56
2854; 58
2855; 58
2856; 59
2857; 59
2858; 7
2859; 7
2860; 11
2861; 11
2862; 21
2863; 21
2864; 25
2865; 27
2866; 31
2867; 31
2868; 41
2869; 41
2870; 45
2871; 45
2872; 53
2873; 53
2874; 54
2875; 54
2876; 56
2877; 39
2878; 43
2879; 43
2880; 53
2881; 53
2882; 57
2883; 57
2884; 5
2885; 5
2886; 6
2887; 6
2888; 8
2889; 51
2890; 55
2891; 55
2892; 5
2893; 5
2894; 9
2895; 9
2896; 17
2897; 17
2898; 18
2899; 18
2900; 20
2901; 3
2902; 7
2903; 7
2904; 17
2905; 17
2906; 21
2907; 21
2908; 29
2909; 29
2910; 30
2911; 30
2912; 32
2913; 15
2914; 19
2915; 19
2916; 29
2917; 29
2918; 33
2919; 33
2920; 41
2921; 41
2922; 42
2923; 42
2924; 44
2925; 29
2926; 32
2927; 32
2928; 39
2929; 39
2930; 47
2931; 47
2932; 48
2933; 48
2934; 50
2935; 50
2936; 56
2937; 56
2938; 4
2939; 4
2940; 7
2941; 7
2942; 12
2943; 41
2944; 44
2945; 44
2946; 51
2947; 51
2948; 59
2949; 59
2950; 0
2951; 0
2952; 2
2953; 2
2954; 8
2955; 8
2956; 16
2957; 16
2958; 19
2959; 19
2960; 24
2961; 53
2962; 56
2963; 56
2964; 3
2965; 3
2966; 11
2967; 11
2968; 12
2969; 12
2970; 14
2971; 14
2972; 20
2973; 20
2974; 28
2975; 28
2976; 31
2977; 31
2978; 36
2979; 5
2980; 8
2981; 8
2982; 15
2983; 15
2984; 23
2985; 23
2986; 24
2987; 24
2988; 26
2989; 26
2990; 32
2991; 32
2992; 40
2993; 40
2994; 43
2995; 43
2996; 48
2997; 17
2998; 20
2999; 20
3000; 27
3001; 27
3002; 35
3003; 35
3004; 36
3005; 36
3006; 38
3007; 38
3008; 44
3009; 44
3010; 52
3011; 52
3012; 55
3013; 55
3014; 0
3015; 18
3016; 23
3017; 23
3018; 26
3019; 26
3020; 34
3021; 34
3022; 40
3023; 40
3024; 42
3025; 42
3026; 43
3027; 43
3028; 51
3029; 51
3030; 58
3031; 58
3032; 1
3033; 30
3034; 35
3035; 35
3036; 38
3037; 38
3038; 46
3039; 46
3040; 52
3041; 52
3042; 54
3043; 54
3044; 55
3045; 55
3046; 3
3047; 3
3048; 10
3049; 10
3050; 13
3051; 42
3052; 47
3053; 47
3054; 50
3055; 50
3056; 58
3057; 58
3058; 4
3059; 4
3060; 6
3061; 6
3062; 7
3063; 7
3064; 15
3065; 15
3066; 22
3067; 22
3068; 25
3069; 54
3070; 59
3071; 59
3072; 2
3073; 2
3074; 10
3075; 10
3076; 16
3077; 16
3078; 18
3079; 18
3080; 19
3081; 19
3082; 27
3083; 27
3084; 34
3085; 34
3086; 37
3087; 6
3088; 11
3089; 11
3090; 14
3091; 14
3092; 22
3093; 22
3094; 28
3095; 28
3096; 30
3097; 30
3098; 31
3099; 31
3100; 39
3101; 39
3102; 46
3103; 46
3104; 49
3105; 6
3106; 8
3107; 8
3108; 9
3109; 9
3110; 20
3111; 20
3112; 26
3113; 26
3114; 32
3115; 32
3116; 39
3117; 39
3118; 48
3119; 18
3120; 20
3121; 20
3122; 21
3123; 21
3124; 32
3125; 32
3126; 38
3127; 38
3128; 44
3129; 44
3130; 51
3131; 51
3132; 0
3133; 30
3134; 32
3135; 32
3136; 33
3137; 33
3138; 44
3139; 44
3140; 50
3141; 50
3142; 56
3143; 56
3144; 3
3145; 3
3146; 12
3147; 42
3148; 44
3149; 44
3150; 45
3151; 45
3152; 56
3153; 56
3154; 2
3155; 2
3156; 8
3157; 8
3158; 15
3159; 15
3160; 24
3161; 54
3162; 56
3163; 56
3164; 57
3165; 57
3166; 8
3167; 8
3168; 14
3169; 14
3170; 20
3171; 20
3172; 27
3173; 27
3174; 36
3175; 33
3176; 42
3177; 42
3178; 49
3179; 49
3180; 55
3181; 55
3182; 1
3183; 1
3184; 12
3185; 12
3186; 13
3187; 13
3188; 15
3189; 45
3190; 54
3191; 54
3192; 1
3193; 1
3194; 7
3195; 7
3196; 13
3197; 13
3198; 24
3199; 24
3200; 25
3201; 25
3202; 27
3203; 57
3204; 6
3205; 6
3206; 13
3207; 13
3208; 19
3209; 19
3210; 25
3211; 25
3212; 36
3213; 36
3214; 37
3215; 37
3216; 39
3217; 9
3218; 18
3219; 18
3220; 25
3221; 25
3222; 31
3223; 31
3224; 37
3225; 37
3226; 48
3227; 48
3228; 49
3229; 49
3230; 51
3231; 21
3232; 30
3233; 30
3234; 37
3235; 37
3236; 43
3237; 43
3238; 49
3239; 49
3240; 0
3241; 0
3242; 1
3243; 1
3244; 3
3245; 0
3246; 9
3247; 9
3248; 12
3249; 12
3250; 18
3251; 18
3252; 28
3253; 30
3254; 39
3255; 39
3256; 42
3257; 42
3258; 48
3259; 48
3260; 58
3261; 0
3262; 10
3263; 10
3264; 16
3265; 16
3266; 19
3267; 19
3268; 28
3269; 30
3270; 40
3271; 40
3272; 46
3273; 46
3274; 49
3275; 49
3276; 58
3277; 18
3278; 25
3279; 25
3280; 29
3281; 29
3282; 31
3283; 31
3284; 33
3285; 33
3286; 35
3287; 35
3288; 39
3289; 39
3290; 42
3291; 42
3292; 46
3293; 46
3294; 50
3295; 30
3296; 37
3297; 37
3298; 41
3299; 41
3300; 43
3301; 43
3302; 45
3303; 45
3304; 47
3305; 47
3306; 51
3307; 51
3308; 54
3309; 54
3310; 58
3311; 58
3312; 2
3313; 42
3314; 49
3315; 49
3316; 53
3317; 53
3318; 55
3319; 55
3320; 57
3321; 57
3322; 59
3323; 59
3324; 3
3325; 3
3326; 6
3327; 6
3328; 10
3329; 10
3330; 14
3331; 54
3332; 1
3333; 1
3334; 5
3335; 5
3336; 7
3337; 7
3338; 9
3339; 9
3340; 11
3341; 11
3342; 15
3343; 15
3344; 18
3345; 18
3346; 22
3347; 22
3348; 26
3349; 6
3350; 13
3351; 13
3352; 17
3353; 17
3354; 19
3355; 19
3356; 21
3357; 21
3358; 23
3359; 23
3360; 27
3361; 27
3362; 30
3363; 30
3364; 34
3365; 34
3366; 38
3367; 22
3368; 26
3369; 26
3370; 30
3371; 30
3372; 33
3373; 33
3374; 37
3375; 37
3376; 39
3377; 39
3378; 41
3379; 41
3380; 43
3381; 43
3382; 47
3383; 47
3384; 54
3385; 34
3386; 38
3387; 38
3388; 42
3389; 42
3390; 45
3391; 45
3392; 49
3393; 49
3394; 51
3395; 51
3396; 53
3397; 53
3398; 55
3399; 55
3400; 59
3401; 59
3402; 6
3403; 46
3404; 50
3405; 50
3406; 54
3407; 54
3408; 57
3409; 57
3410; 1
3411; 1
3412; 3
3413; 3
3414; 5
3415; 5
3416; 7
3417; 7
3418; 11
3419; 11
3420; 18
3421; 58
3422; 2
3423; 2
3424; 6
3425; 6
3426; 9
3427; 9
3428; 13
3429; 13
3430; 15
3431; 15
3432; 17
3433; 17
3434; 19
3435; 19
3436; 23
3437; 23
3438; 30
3439; 10
3440; 14
3441; 14
3442; 18
3443; 18
3444; 21
3445; 21
3446; 25
3447; 25
3448; 27
3449; 27
3450; 29
3451; 29
3452; 31
3453; 31
3454; 35
3455; 35
3456; 42
3457; 52
3458; 55
3459; 55
3460; 8
3461; 8
3462; 13
3463; 13
3464; 15
3465; 15
3466; 25
3467; 2
3468; 5
3469; 5
3470; 18
3471; 18
3472; 23
3473; 23
3474; 25
3475; 25
3476; 35
3477; 12
3478; 15
3479; 15
3480; 28
3481; 28
3482; 33
3483; 33
3484; 35
3485; 35
3486; 45
3487; 22
3488; 25
3489; 25
3490; 38
3491; 38
3492; 43
3493; 43
3494; 45
3495; 45
3496; 55
3497; 32
3498; 35
3499; 35
3500; 48
3501; 48
3502; 53
3503; 53
3504; 55
3505; 55
3506; 5
3507; 42
3508; 45
3509; 45
3510; 58
3511; 58
3512; 3
3513; 3
3514; 5
3515; 5
3516; 15
3517; 53
3518; 3
3519; 3
3520; 5
3521; 5
3522; 10
3523; 10
3524; 23
3525; 23
3526; 26
3527; 3
3528; 13
3529; 13
3530; 15
3531; 15
3532; 20
3533; 20
3534; 33
3535; 33
3536; 36
3537; 13
3538; 23
3539; 23
3540; 25
3541; 25
3542; 30
3543; 30
3544; 43
3545; 43
3546; 46
3547; 23
3548; 33
3549; 33
3550; 35
3551; 35
3552; 40
3553; 40
3554; 53
3555; 53
3556; 56
3557; 33
3558; 43
3559; 43
3560; 45
3561; 45
3562; 50
3563; 50
3564; 3
3565; 3
3566; 6
3567; 43
3568; 53
3569; 53
3570; 55
3571; 55
3572; 0
3573; 0
3574; 13
3575; 13
3576; 16
3577; 42
3578; 45
3579; 45
3580; 49
3581; 49
3582; 52
3583; 52
3584; 54
3585; 54
3586; 56
3587; 56
3588; 58
3589; 58
3590; 1
3591; 1
3592; 3
3593; 3
3594; 5
3595; 5
3596; 8
3597; 8
3598; 10
3599; 10
3600; 11
3601; 52
3602; 55
3603; 55
3604; 59
3605; 59
3606; 2
3607; 2
3608; 4
3609; 4
3610; 6
3611; 6
3612; 8
3613; 8
3614; 11
3615; 11
3616; 13
3617; 13
3618; 15
3619; 15
3620; 18
3621; 18
3622; 20
3623; 20
3624; 21
3625; 2
3626; 5
3627; 5
3628; 9
3629; 9
3630; 12
3631; 12
3632; 14
3633; 14
3634; 16
3635; 16
3636; 18
3637; 18
3638; 21
3639; 21
3640; 23
3641; 23
3642; 25
3643; 25
3644; 28
3645; 28
3646; 30
3647; 30
3648; 31
3649; 12
3650; 15
3651; 15
3652; 19
3653; 19
3654; 22
3655; 22
3656; 24
3657; 24
3658; 26
3659; 26
3660; 28
3661; 28
3662; 31
3663; 31
3664; 33
3665; 33
3666; 35
3667; 35
3668; 38
3669; 38
3670; 40
3671; 40
3672; 41
3673; 22
3674; 25
3675; 25
3676; 29
3677; 29
3678; 32
3679; 32
3680; 34
3681; 34
3682; 36
3683; 36
3684; 38
3685; 38
3686; 41
3687; 41
3688; 43
3689; 43
3690; 45
3691; 45
3692; 48
3693; 48
3694; 50
3695; 50
3696; 51
3697; 32
3698; 35
3699; 35
3700; 39
3701; 39
3702; 42
3703; 42
3704; 44
3705; 44
3706; 46
3707; 46
3708; 48
3709; 48
3710; 51
3711; 51
3712; 53
3713; 53
3714; 55
3715; 55
3716; 58
3717; 58
3718; 0
3719; 0
3720; 1
3721; 57
3722; 58
3723; 58
3724; 0
3725; 0
3726; 3
3727; 3
3728; 5
3729; 5
3730; 7
3731; 7
3732; 10
3733; 10
3734; 12
3735; 12
3736; 14
3737; 14
3738; 16
3739; 16
3740; 19
3741; 19
3742; 23
3743; 23
3744; 26
3745; 7
3746; 8
3747; 8
3748; 10
3749; 10
3750; 13
3751; 13
3752; 15
3753; 15
3754; 17
3755; 17
3756; 20
3757; 20
3758; 22
3759; 22
3760; 24
3761; 24
3762; 26
3763; 26
3764; 29
3765; 29
3766; 33
3767; 33
3768; 36
3769; 17
3770; 18
3771; 18
3772; 20
3773; 20
3774; 23
3775; 23
3776; 25
3777; 25
3778; 27
3779; 27
3780; 30
3781; 30
3782; 32
3783; 32
3784; 34
3785; 34
3786; 36
3787; 36
3788; 39
3789; 39
3790; 43
3791; 43
3792; 46
3793; 27
3794; 28
3795; 28
3796; 30
3797; 30
3798; 33
3799; 33
3800; 35
3801; 35
3802; 37
3803; 37
3804; 40
3805; 40
3806; 42
3807; 42
3808; 44
3809; 44
3810; 46
3811; 46
3812; 49
3813; 49
3814; 53
3815; 53
3816; 56
3817; 37
3818; 38
3819; 38
3820; 40
3821; 40
3822; 43
3823; 43
3824; 45
3825; 45
3826; 47
3827; 47
3828; 50
3829; 50
3830; 52
3831; 52
3832; 54
3833; 54
3834; 56
3835; 56
3836; 59
3837; 59
3838; 3
3839; 3
3840; 6
3841; 47
3842; 48
3843; 48
3844; 50
3845; 50
3846; 53
3847; 53
3848; 55
3849; 55
3850; 57
3851; 57
3852; 0
3853; 0
3854; 2
3855; 2
3856; 4
3857; 4
3858; 6
3859; 6
3860; 9
3861; 9
3862; 13
3863; 13
3864; 16
3865; 43
3866; 46
3867; 46
3868; 53
3869; 53
3870; 3
3871; 3
3872; 6
3873; 53
3874; 56
3875; 56
3876; 3
3877; 3
3878; 13
3879; 13
3880; 16
3881; 3
3882; 6
3883; 6
3884; 13
3885; 13
3886; 23
3887; 23
3888; 26
3889; 13
3890; 16
3891; 16
3892; 23
3893; 23
3894; 33
3895; 33
3896; 36
3897; 23
3898; 26
3899; 26
3900; 33
3901; 33
3902; 43
3903; 43
3904; 46
3905; 33
3906; 36
3907; 36
3908; 43
3909; 43
3910; 53
3911; 53
3912; 56
3913; 2
3914; 5
3915; 5
3916; 15
3917; 15
3918; 22
3919; 22
3920; 25
3921; 12
3922; 15
3923; 15
3924; 25
3925; 25
3926; 32
3927; 32
3928; 35
3929; 22
3930; 25
3931; 25
3932; 35
3933; 35
3934; 42
3935; 42
3936; 45
3937; 32
3938; 35
3939; 35
3940; 45
3941; 45
3942; 52
3943; 52
3944; 55
3945; 42
3946; 45
3947; 45
3948; 55
3949; 55
3950; 2
3951; 2
3952; 5
3953; 52
3954; 55
3955; 55
3956; 5
3957; 5
3958; 12
3959; 12
3960; 15
