#timetable found by modulo network simplex algorithm
#Thu Oct 19 18:37:50 2017
1; 0
2; 6
3; 6
4; 12
5; 12
6; 18
7; 18
8; 24
9; 24
10; 30
11; 30
12; 36
13; 36
14; 42
15; 42
16; 48
17; 48
18; 54
19; 54
20; 60
21; 15
22; 21
23; 21
24; 27
25; 27
26; 33
27; 33
28; 39
29; 39
30; 45
31; 45
32; 51
33; 51
34; 57
35; 57
36; 3
37; 3
38; 9
39; 9
40; 15
41; 30
42; 36
43; 36
44; 42
45; 42
46; 48
47; 48
48; 54
49; 54
50; 60
51; 60
52; 6
53; 6
54; 12
55; 12
56; 18
57; 18
58; 24
59; 24
60; 30
61; 45
62; 51
63; 51
64; 57
65; 57
66; 3
67; 3
68; 9
69; 9
70; 15
71; 15
72; 21
73; 21
74; 27
75; 27
76; 33
77; 33
78; 39
79; 39
80; 45
81; 49
82; 55
83; 55
84; 1
85; 1
86; 7
87; 7
88; 13
89; 13
90; 19
91; 19
92; 25
93; 25
94; 31
95; 31
96; 37
97; 37
98; 43
99; 43
100; 49
101; 4
102; 10
103; 10
104; 16
105; 16
106; 22
107; 22
108; 28
109; 28
110; 34
111; 34
112; 40
113; 40
114; 46
115; 46
116; 52
117; 52
118; 58
119; 58
120; 4
121; 19
122; 25
123; 25
124; 31
125; 31
126; 37
127; 37
128; 43
129; 43
130; 49
131; 49
132; 55
133; 55
134; 1
135; 1
136; 7
137; 7
138; 13
139; 13
140; 19
141; 34
142; 40
143; 40
144; 46
145; 46
146; 52
147; 52
148; 58
149; 58
150; 4
151; 4
152; 10
153; 10
154; 16
155; 16
156; 22
157; 22
158; 28
159; 28
160; 34
161; 19
162; 25
163; 25
164; 31
165; 31
166; 37
167; 37
168; 43
169; 43
170; 49
171; 49
172; 55
173; 55
174; 1
175; 1
176; 7
177; 7
178; 13
179; 13
180; 19
181; 49
182; 55
183; 55
184; 1
185; 1
186; 7
187; 7
188; 13
189; 13
190; 19
191; 19
192; 25
193; 25
194; 31
195; 31
196; 37
197; 37
198; 43
199; 43
200; 49
201; 45
202; 51
203; 51
204; 57
205; 57
206; 3
207; 3
208; 9
209; 9
210; 15
211; 15
212; 21
213; 21
214; 27
215; 27
216; 33
217; 33
218; 39
219; 39
220; 45
221; 15
222; 21
223; 21
224; 27
225; 27
226; 33
227; 33
228; 39
229; 39
230; 45
231; 45
232; 51
233; 51
234; 57
235; 57
236; 3
237; 3
238; 9
239; 9
240; 15
241; 33
242; 39
243; 39
244; 45
245; 45
246; 51
247; 51
248; 57
249; 57
250; 3
251; 3
252; 9
253; 9
254; 15
255; 15
256; 21
257; 3
258; 9
259; 9
260; 15
261; 15
262; 21
263; 21
264; 27
265; 27
266; 33
267; 33
268; 39
269; 39
270; 45
271; 45
272; 51
273; 58
274; 4
275; 4
276; 10
277; 10
278; 16
279; 16
280; 22
281; 22
282; 28
283; 28
284; 34
285; 34
286; 40
287; 40
288; 46
289; 28
290; 34
291; 34
292; 40
293; 40
294; 46
295; 46
296; 52
297; 52
298; 58
299; 58
300; 4
301; 4
302; 10
303; 10
304; 16
305; 28
306; 34
307; 37
308; 43
309; 43
310; 49
311; 49
312; 55
313; 55
314; 1
315; 1
316; 7
317; 7
318; 13
319; 58
320; 4
321; 7
322; 13
323; 13
324; 19
325; 19
326; 25
327; 25
328; 31
329; 31
330; 37
331; 37
332; 43
333; 36
334; 42
335; 42
336; 48
337; 48
338; 54
339; 54
340; 0
341; 0
342; 6
343; 6
344; 12
345; 12
346; 18
347; 6
348; 12
349; 12
350; 18
351; 18
352; 24
353; 24
354; 30
355; 30
356; 36
357; 36
358; 42
359; 42
360; 48
361; 33
362; 39
363; 39
364; 45
365; 45
366; 51
367; 51
368; 57
369; 57
370; 3
371; 3
372; 9
373; 9
374; 15
375; 3
376; 9
377; 9
378; 15
379; 15
380; 21
381; 21
382; 27
383; 27
384; 33
385; 33
386; 39
387; 39
388; 45
389; 34
390; 40
391; 40
392; 46
393; 46
394; 52
395; 52
396; 58
397; 58
398; 4
399; 4
400; 10
401; 10
402; 18
403; 4
404; 10
405; 10
406; 16
407; 16
408; 22
409; 22
410; 28
411; 28
412; 34
413; 34
414; 40
415; 40
416; 46
417; 0
418; 6
419; 6
420; 12
421; 12
422; 18
423; 18
424; 24
425; 24
426; 30
427; 30
428; 36
429; 36
430; 42
431; 42
432; 48
433; 48
434; 54
435; 54
436; 60
437; 54
438; 0
439; 0
440; 6
441; 6
442; 12
443; 12
444; 18
445; 18
446; 24
447; 24
448; 30
449; 30
450; 36
451; 36
452; 42
453; 42
454; 48
455; 48
456; 54
457; 16
458; 22
459; 22
460; 28
461; 28
462; 34
463; 34
464; 40
465; 40
466; 46
467; 46
468; 52
469; 52
470; 58
471; 58
472; 4
473; 4
474; 10
475; 10
476; 16
477; 55
478; 1
479; 1
480; 7
481; 7
482; 13
483; 13
484; 19
485; 19
486; 25
487; 25
488; 31
489; 31
490; 37
491; 37
492; 43
493; 43
494; 49
495; 49
496; 55
497; 6
498; 12
499; 12
500; 18
501; 18
502; 24
503; 24
504; 30
505; 36
506; 42
507; 42
508; 48
509; 48
510; 54
511; 54
512; 0
513; 49
514; 55
515; 55
516; 1
517; 1
518; 7
519; 7
520; 13
521; 19
522; 25
523; 25
524; 31
525; 31
526; 37
527; 37
528; 43
529; 33
530; 39
531; 43
532; 51
533; 53
534; 59
535; 3
536; 11
537; 13
538; 19
539; 23
540; 29
541; 15
542; 21
543; 25
544; 33
545; 35
546; 43
547; 45
548; 53
549; 55
550; 3
551; 5
552; 11
553; 35
554; 41
555; 5
556; 11
557; 33
558; 39
559; 3
560; 11
