#event-id; time
1; 0
2; 4
3; 4
4; 10
5; 10
6; 14
7; 14
8; 31
9; 31
10; 37
11; 37
12; 42
13; 0
14; 5
15; 5
16; 11
17; 11
18; 28
19; 28
20; 32
21; 32
22; 38
23; 38
24; 42
25; 22
26; 26
27; 26
28; 33
29; 33
30; 38
31; 38
32; 46
33; 46
34; 50
35; 50
36; 55
37; 22
38; 27
39; 27
40; 31
41; 31
42; 39
43; 39
44; 44
45; 44
46; 51
47; 51
48; 55
49; 16
50; 20
51; 20
52; 27
53; 27
54; 32
55; 32
56; 37
57; 37
58; 44
59; 44
60; 48
61; 16
62; 20
63; 20
64; 27
65; 27
66; 32
67; 32
68; 37
69; 37
70; 44
71; 44
72; 48
73; 21
74; 25
75; 25
76; 31
77; 31
78; 36
79; 36
80; 44
81; 44
82; 48
83; 51
84; 55
85; 55
86; 3
87; 3
88; 8
89; 8
90; 14
91; 14
92; 18
93; 42
94; 46
95; 46
96; 52
97; 52
98; 57
99; 57
100; 2
101; 2
102; 18
103; 42
104; 58
105; 58
106; 3
107; 3
108; 8
109; 8
110; 14
111; 14
112; 18
113; 45
114; 50
115; 50
116; 57
117; 57
118; 2
119; 2
120; 8
121; 8
122; 14
123; 15
124; 21
125; 21
126; 27
127; 27
128; 32
129; 32
130; 39
131; 39
132; 44
133; 33
134; 37
135; 37
136; 41
137; 41
138; 47
139; 47
140; 51
141; 51
142; 59
143; 3
144; 11
145; 11
146; 15
147; 15
148; 21
149; 21
150; 25
151; 25
152; 29
153; 46
154; 50
155; 50
156; 57
157; 57
158; 2
159; 2
160; 10
161; 10
162; 15
163; 16
164; 21
165; 21
166; 29
167; 29
168; 34
169; 34
170; 41
171; 41
172; 45
173; 51
174; 55
175; 55
176; 3
177; 3
178; 9
179; 9
180; 14
181; 21
182; 26
183; 26
184; 32
185; 32
186; 40
187; 40
188; 44
189; 39
190; 43
191; 43
192; 51
193; 51
194; 55
195; 55
196; 0
197; 9
198; 14
199; 14
200; 18
201; 18
202; 26
203; 26
204; 30
205; 58
206; 4
207; 4
208; 8
209; 8
210; 14
211; 14
212; 18
213; 28
214; 32
215; 32
216; 38
217; 38
218; 42
219; 42
220; 48
221; 15
222; 20
223; 20
224; 25
225; 25
226; 41
227; 41
228; 48
229; 48
230; 53
231; 53
232; 58
233; 58
234; 4
235; 4
236; 8
237; 15
238; 19
239; 19
240; 25
241; 25
242; 30
243; 30
244; 35
245; 35
246; 42
247; 42
248; 58
249; 58
250; 3
251; 3
252; 8
253; 10
254; 18
255; 18
256; 22
257; 22
258; 28
259; 28
260; 32
261; 32
262; 36
263; 36
264; 42
265; 42
266; 46
267; 10
268; 14
269; 14
270; 20
271; 20
272; 24
273; 24
274; 28
275; 28
276; 34
277; 34
278; 38
279; 38
280; 46
281; 36
282; 42
283; 42
284; 47
285; 47
286; 51
287; 51
288; 59
289; 59
290; 4
291; 4
292; 9
293; 36
294; 41
295; 41
296; 46
297; 46
298; 54
299; 54
300; 58
301; 58
302; 3
303; 3
304; 9
305; 13
306; 17
307; 17
308; 25
309; 25
310; 32
311; 32
312; 37
313; 37
314; 43
315; 43
316; 47
317; 13
318; 17
319; 17
320; 23
321; 23
322; 28
323; 28
324; 35
325; 35
326; 43
327; 43
328; 47
329; 50
330; 57
331; 57
332; 1
333; 1
334; 5
335; 5
336; 10
337; 10
338; 15
339; 15
340; 19
341; 20
342; 24
343; 24
344; 29
345; 29
346; 34
347; 34
348; 38
349; 38
350; 42
351; 42
352; 49
353; 51
354; 55
355; 55
356; 59
357; 59
358; 5
359; 5
360; 9
361; 9
362; 13
363; 13
364; 17
365; 21
366; 25
367; 25
368; 29
369; 29
370; 33
371; 33
372; 39
373; 39
374; 43
375; 43
376; 47
377; 59
378; 5
379; 5
380; 10
381; 10
382; 15
383; 15
384; 20
385; 20
386; 25
387; 29
388; 34
389; 34
390; 39
391; 39
392; 44
393; 44
394; 49
395; 49
396; 55
397; 56
398; 0
399; 0
400; 4
401; 4
402; 10
403; 10
404; 15
405; 15
406; 20
407; 26
408; 31
409; 31
410; 36
411; 36
412; 42
413; 42
414; 46
415; 46
416; 50
417; 41
418; 46
419; 46
420; 51
421; 51
422; 57
423; 57
424; 3
425; 3
426; 7
427; 11
428; 15
429; 15
430; 21
431; 21
432; 27
433; 27
434; 32
435; 32
436; 37
437; 25
438; 29
439; 29
440; 34
441; 34
442; 40
443; 40
444; 48
445; 55
446; 3
447; 3
448; 9
449; 9
450; 14
451; 14
452; 18
453; 0
454; 4
455; 4
456; 9
457; 9
458; 14
459; 30
460; 35
461; 35
462; 40
463; 40
464; 44
465; 8
466; 13
467; 13
468; 18
469; 18
470; 25
471; 38
472; 45
473; 45
474; 50
475; 50
476; 55
477; 13
478; 20
479; 20
480; 28
481; 28
482; 32
483; 32
484; 37
485; 43
486; 48
487; 48
488; 52
489; 52
490; 0
491; 0
492; 7
493; 5
494; 9
495; 9
496; 13
497; 13
498; 17
499; 17
500; 21
501; 21
502; 25
503; 25
504; 33
505; 35
506; 39
507; 39
508; 43
509; 43
510; 47
511; 47
512; 51
513; 51
514; 55
515; 55
516; 3
517; 35
518; 43
519; 43
520; 47
521; 47
522; 51
523; 51
524; 55
525; 55
526; 59
527; 59
528; 3
529; 5
530; 13
531; 13
532; 17
533; 17
534; 21
535; 21
536; 25
537; 25
538; 29
539; 29
540; 33
