#from_station;to_station;perceived_travel_time;passengers
1;2;6;21
1;3;12;15
1;4;18;10
1;5;24;8
1;6;51;5
1;7;45;11
1;8;26;19
1;9;45;7
1;10;51;3
1;11;57;3
1;12;51;6
1;13;32;82
1;14;49;8
1;15;55;4
1;16;65;3
1;17;59;7
1;18;38;11
1;19;58;4
1;20;64;2
1;21;65;2
1;22;59;2
1;23;44;5
1;24;59;4
1;25;65;15
2;1;6;5
2;3;6;4
2;4;12;3
2;5;18;2
2;6;45;1
2;7;39;3
2;8;20;5
2;9;39;2
2;10;45;1
2;11;51;1
2;12;45;2
2;13;26;20
2;14;43;2
2;15;49;1
2;16;59;1
2;17;53;2
2;18;32;3
2;19;52;1
2;22;53;1
2;23;38;1
2;24;53;1
2;25;59;4
3;1;12;3
3;2;6;3
3;4;6;4
3;5;12;3
3;6;30;1
3;7;24;3
3;8;6;7
3;9;24;3
3;10;30;1
3;11;36;1
3;12;30;3
3;13;12;30
3;14;26;2
3;15;32;1
3;16;42;1
3;17;36;2
3;18;18;4
3;19;36;2
3;20;42;1
3;21;45;1
3;22;39;1
3;23;24;2
3;24;38;1
3;25;44;4
4;1;18;2
4;2;12;2
4;3;6;4
4;5;6;4
4;6;46;1
4;7;40;2
4;8;20;5
4;9;40;3
4;10;46;1
4;11;52;1
4;12;46;3
4;13;26;19
4;14;40;1
4;15;46;1
4;17;50;1
4;18;32;3
4;19;57;2
4;20;63;1
4;21;60;1
4;22;54;1
4;23;38;1
4;24;54;1
4;25;60;2
5;1;24;2
5;2;18;2
5;3;12;3
5;4;6;4
5;6;52;1
5;7;46;1
5;8;26;4
5;9;46;2
5;10;52;1
5;11;58;1
5;12;52;2
5;13;32;16
5;14;46;1
5;17;56;1
5;18;38;2
5;19;63;1
5;20;69;1
5;21;66;1
5;22;60;1
5;23;44;1
5;25;66;2
6;1;48;1
6;2;42;1
6;3;28;1
6;4;47;1
6;5;53;1
6;7;6;8
6;8;12;5
6;9;18;4
6;10;24;2
6;11;60;1
6;12;54;1
6;13;26;20
6;14;40;2
6;15;46;1
6;16;56;1
6;17;50;1
6;18;32;3
6;19;65;2
6;20;71;1
6;23;38;1
6;24;62;1
6;25;68;3
7;1;42;2
7;2;36;3
7;3;22;3
7;4;41;2
7;5;47;1
7;6;6;7
7;8;6;11
7;9;12;9
7;10;18;4
7;11;54;1
7;12;48;3
7;13;20;47
7;14;34;4
7;15;40;2
7;16;50;1
7;17;44;3
7;18;26;7
7;19;59;6
7;20;65;2
7;21;58;1
7;22;52;1
7;23;32;2
7;24;56;2
7;25;62;7
8;1;26;4
8;2;20;4
8;3;6;7
8;4;20;4
8;5;26;3
8;6;12;4
8;7;6;10
8;9;6;11
8;10;12;5
8;11;30;3
8;12;24;6
8;13;6;78
8;14;20;7
8;15;26;3
8;16;36;2
8;17;30;6
8;18;12;11
8;19;30;6
8;20;36;3
8;21;39;2
8;22;33;3
8;23;18;4
8;24;32;3
8;25;38;10
9;1;42;1
9;2;36;2
9;3;22;3
9;4;41;3
9;5;47;2
9;6;18;3
9;7;12;8
9;8;6;11
9;10;6;7
9;11;54;2
9;12;48;5
9;13;20;46
9;14;34;6
9;15;40;3
9;16;50;2
9;17;44;5
9;18;26;6
9;19;59;3
9;20;65;1
9;21;58;1
9;22;52;2
9;23;32;2
9;24;56;1
9;25;62;4
10;1;48;1
10;2;42;1
10;3;28;1
10;4;47;1
10;5;53;1
10;6;24;1
10;7;18;4
10;8;12;5
10;9;6;7
10;11;60;1
10;12;54;2
10;13;26;19
10;14;40;3
10;15;46;1
10;16;56;1
10;17;50;2
10;18;32;3
10;19;65;1
10;20;71;1
10;21;64;1
10;22;58;1
10;23;38;1
10;25;68;2
11;1;57;1
11;2;51;1
11;3;32;1
11;4;48;1
11;5;54;1
11;6;63;1
11;7;57;2
11;8;26;3
11;9;57;1
11;10;63;1
11;12;6;7
11;13;12;25
11;14;19;4
11;15;25;2
11;16;65;1
11;17;59;1
11;18;26;3
11;19;54;2
11;20;60;1
11;21;53;1
11;22;47;1
11;23;32;1
11;24;51;1
11;25;57;3
12;1;51;1
12;2;45;1
12;3;26;1
12;4;42;1
12;5;48;1
12;6;57;1
12;7;51;2
12;8;20;4
12;9;51;2
12;10;57;1
12;11;6;4
12;13;6;29
12;14;13;5
12;15;19;2
12;16;59;1
12;17;53;2
12;18;20;4
12;19;48;3
12;20;54;1
12;21;47;1
12;22;41;1
12;23;26;2
12;24;45;1
12;25;51;3
13;1;32;14
13;2;26;4
13;3;12;7
13;4;26;5
13;5;32;4
13;6;28;5
13;7;22;11
13;8;6;18
13;9;22;11
13;10;28;5
13;11;12;6
13;12;6;9
13;14;6;14
13;15;12;6
13;16;30;5
13;17;24;11
13;18;6;18
13;19;24;11
13;20;30;5
13;21;33;4
13;22;27;5
13;23;12;7
13;24;26;5
13;25;32;8
14;1;48;1
14;2;42;1
14;3;26;2
14;4;43;2
14;5;49;2
14;6;42;2
14;7;36;6
14;8;20;7
14;9;36;4
14;10;42;2
14;11;18;4
14;12;12;9
14;13;6;55
14;15;6;7
14;16;44;2
14;17;38;4
14;18;20;7
14;19;53;6
14;20;59;3
14;21;52;1
14;22;46;1
14;23;26;3
14;24;50;2
14;25;56;8
15;3;32;1
15;4;49;1
15;5;55;1
15;6;48;1
15;7;42;3
15;8;26;3
15;9;42;2
15;10;48;1
15;11;24;2
15;12;18;4
15;13;12;23
15;14;6;7
15;16;50;1
15;17;44;2
15;18;26;3
15;19;59;3
15;20;65;1
15;22;52;1
15;23;32;1
15;24;56;1
15;25;62;3
16;1;63;1
16;2;57;1
16;3;41;1
16;6;57;1
16;7;51;1
16;8;35;3
16;9;51;2
16;10;57;1
16;11;63;1
16;12;57;2
16;13;26;19
16;14;43;3
16;15;49;1
16;17;6;8
16;18;12;5
16;19;18;4
16;20;24;2
16;21;47;1
16;22;41;1
16;23;26;2
16;24;45;1
16;25;51;5
17;1;57;1
17;2;51;2
17;3;35;2
17;4;52;1
17;5;58;1
17;6;51;1
17;7;45;3
17;8;29;6
17;9;45;5
17;10;51;2
17;11;57;2
17;12;51;4
17;13;20;45
17;14;37;6
17;15;43;3
17;16;6;7
17;18;6;11
17;19;12;9
17;20;18;4
17;21;41;1
17;22;35;2
17;23;20;4
17;24;39;3
17;25;45;11
18;1;41;2
18;2;35;2
18;3;21;4
18;4;35;2
18;5;41;2
18;6;37;2
18;7;31;5
18;8;15;10
18;9;31;6
18;10;37;2
18;11;28;3
18;12;22;6
18;13;6;75
18;14;23;7
18;15;29;3
18;16;12;4
18;17;6;11
18;19;6;11
18;20;12;5
18;21;27;3
18;22;21;4
18;23;6;7
18;24;20;4
18;25;26;17
19;1;60;1
19;2;54;1
19;3;35;2
19;4;51;2
19;5;57;1
19;6;66;2
19;7;60;5
19;8;29;6
19;9;60;3
19;10;66;1
19;11;52;1
19;12;46;3
19;13;20;45
19;14;52;4
19;15;58;2
19;16;18;4
19;17;12;9
19;18;6;11
19;20;6;7
19;21;56;2
19;22;50;3
19;23;20;3
19;24;34;2
19;25;40;7
20;3;41;1
20;4;57;1
20;5;63;1
20;6;72;1
20;7;66;2
20;8;35;2
20;9;66;1
20;10;72;1
20;12;52;1
20;13;26;18
20;14;58;2
20;15;64;1
20;16;24;2
20;17;18;4
20;18;12;5
20;19;6;7
20;21;62;1
20;22;56;1
20;23;26;1
20;24;40;1
20;25;46;3
21;3;49;1
21;4;65;1
21;5;71;1
21;7;74;1
21;8;43;2
21;9;74;1
21;10;80;1
21;12;60;1
21;13;34;15
21;14;66;2
21;15;72;1
21;16;62;1
21;17;56;1
21;18;28;4
21;19;51;2
21;20;57;1
21;22;6;5
21;23;12;3
21;24;18;2
21;25;24;8
22;3;43;1
22;4;59;1
22;5;65;1
22;7;68;1
22;8;37;2
22;9;68;2
22;10;74;1
22;11;60;1
22;12;54;1
22;13;28;18
22;14;60;2
22;15;66;1
22;16;56;1
22;17;50;2
22;18;22;5
22;19;45;3
22;20;51;1
22;21;6;4
22;23;6;4
22;24;12;3
22;25;18;9
23;1;48;1
23;2;42;1
23;3;28;2
23;4;42;1
23;5;48;1
23;6;44;1
23;7;38;2
23;8;22;4
23;9;38;2
23;10;44;1
23;11;35;1
23;12;29;3
23;13;13;28
23;14;30;2
23;15;36;1
23;16;31;1
23;17;25;3
23;18;6;7
23;19;20;3
23;20;26;1
23;21;12;3
23;22;6;4
23;24;6;4
23;25;12;13
24;1;64;1
24;2;58;1
24;3;42;1
24;6;58;1
24;7;52;2
24;8;36;2
24;9;52;1
24;11;64;1
24;12;58;2
24;13;27;17
24;14;44;1
24;16;60;1
24;17;54;3
24;18;21;4
24;19;49;2
24;20;55;1
24;21;18;2
24;22;12;2
24;23;6;4
24;25;6;19
25;1;70;1
25;2;64;1
25;3;48;1
25;7;58;1
25;8;42;2
25;9;58;1
25;11;70;1
25;12;64;2
25;13;33;13
25;14;50;1
25;16;66;1
25;17;60;2
25;18;27;3
25;19;55;1
25;20;61;1
25;21;24;1
25;22;18;2
25;23;12;3
25;24;6;4
