#event-id; time
1; 0
2; 4
3; 4
4; 10
5; 10
6; 14
7; 14
8; 31
9; 31
10; 37
11; 37
12; 42
13; 0
14; 5
15; 5
16; 11
17; 11
18; 28
19; 28
20; 32
21; 32
22; 38
23; 38
24; 42
25; 1
26; 5
27; 5
28; 12
29; 12
30; 17
31; 17
32; 25
33; 25
34; 29
35; 29
36; 34
37; 1
38; 6
39; 6
40; 10
41; 10
42; 18
43; 18
44; 23
45; 23
46; 30
47; 30
48; 34
49; 32
50; 36
51; 36
52; 43
53; 43
54; 48
55; 48
56; 53
57; 53
58; 0
59; 0
60; 4
61; 32
62; 36
63; 36
64; 43
65; 43
66; 48
67; 48
68; 53
69; 53
70; 0
71; 0
72; 4
73; 14
74; 18
75; 18
76; 24
77; 24
78; 29
79; 29
80; 37
81; 37
82; 41
83; 44
84; 48
85; 48
86; 56
87; 56
88; 1
89; 1
90; 7
91; 7
92; 11
93; 58
94; 2
95; 2
96; 8
97; 8
98; 13
99; 13
100; 18
101; 18
102; 34
103; 58
104; 14
105; 14
106; 19
107; 19
108; 24
109; 24
110; 30
111; 30
112; 34
113; 27
114; 33
115; 33
116; 39
117; 39
118; 43
119; 43
120; 48
121; 48
122; 53
123; 57
124; 2
125; 2
126; 7
127; 7
128; 11
129; 11
130; 17
131; 17
132; 23
133; 34
134; 39
135; 39
136; 46
137; 46
138; 51
139; 51
140; 57
141; 57
142; 3
143; 4
144; 10
145; 10
146; 16
147; 16
148; 21
149; 21
150; 28
151; 28
152; 33
153; 49
154; 53
155; 53
156; 57
157; 57
158; 3
159; 3
160; 7
161; 7
162; 15
163; 19
164; 27
165; 27
166; 31
167; 31
168; 37
169; 37
170; 41
171; 41
172; 45
173; 18
174; 22
175; 22
176; 29
177; 29
178; 34
179; 34
180; 42
181; 42
182; 47
183; 48
184; 53
185; 53
186; 1
187; 1
188; 6
189; 6
190; 13
191; 13
192; 17
193; 7
194; 11
195; 11
196; 19
197; 19
198; 25
199; 25
200; 30
201; 37
202; 42
203; 42
204; 48
205; 48
206; 56
207; 56
208; 0
209; 0
210; 4
211; 4
212; 9
213; 9
214; 14
215; 14
216; 19
217; 30
218; 35
219; 35
220; 40
221; 40
222; 45
223; 45
224; 49
225; 13
226; 17
227; 17
228; 25
229; 25
230; 29
231; 29
232; 34
233; 43
234; 48
235; 48
236; 52
237; 52
238; 0
239; 0
240; 4
241; 9
242; 15
243; 15
244; 19
245; 19
246; 25
247; 25
248; 29
249; 39
250; 43
251; 43
252; 49
253; 49
254; 53
255; 53
256; 59
257; 3
258; 8
259; 8
260; 13
261; 13
262; 29
263; 29
264; 36
265; 36
266; 41
267; 41
268; 46
269; 46
270; 52
271; 52
272; 56
273; 3
274; 7
275; 7
276; 13
277; 13
278; 18
279; 18
280; 23
281; 23
282; 30
283; 30
284; 46
285; 46
286; 51
287; 51
288; 56
289; 26
290; 34
291; 34
292; 38
293; 38
294; 44
295; 44
296; 48
297; 48
298; 52
299; 52
300; 58
301; 58
302; 2
303; 26
304; 30
305; 30
306; 36
307; 36
308; 40
309; 40
310; 44
311; 44
312; 50
313; 50
314; 54
315; 54
316; 2
317; 52
318; 56
319; 56
320; 4
321; 4
322; 11
323; 11
324; 16
325; 16
326; 22
327; 22
328; 26
329; 52
330; 56
331; 56
332; 2
333; 2
334; 7
335; 7
336; 14
337; 14
338; 22
339; 22
340; 26
341; 36
342; 43
343; 43
344; 47
345; 47
346; 51
347; 51
348; 56
349; 56
350; 1
351; 1
352; 5
353; 6
354; 10
355; 10
356; 15
357; 15
358; 20
359; 20
360; 24
361; 24
362; 28
363; 28
364; 35
365; 0
366; 4
367; 4
368; 8
369; 8
370; 14
371; 14
372; 18
373; 18
374; 22
375; 22
376; 26
377; 30
378; 34
379; 34
380; 38
381; 38
382; 42
383; 42
384; 48
385; 48
386; 52
387; 52
388; 56
389; 52
390; 58
391; 58
392; 3
393; 3
394; 8
395; 8
396; 13
397; 13
398; 18
399; 22
400; 27
401; 27
402; 32
403; 32
404; 37
405; 37
406; 42
407; 42
408; 48
409; 0
410; 4
411; 4
412; 8
413; 8
414; 14
415; 14
416; 19
417; 19
418; 24
419; 30
420; 35
421; 35
422; 40
423; 40
424; 46
425; 46
426; 50
427; 50
428; 54
429; 41
430; 45
431; 45
432; 50
433; 50
434; 56
435; 56
436; 4
437; 11
438; 19
439; 19
440; 25
441; 25
442; 30
443; 30
444; 34
445; 34
446; 42
447; 42
448; 47
449; 47
450; 51
451; 4
452; 8
453; 8
454; 13
455; 13
456; 21
457; 25
458; 30
459; 30
460; 35
461; 35
462; 41
463; 41
464; 47
465; 55
466; 1
467; 1
468; 7
469; 7
470; 12
471; 12
472; 17
473; 6
474; 11
475; 11
476; 16
477; 16
478; 23
479; 36
480; 43
481; 43
482; 48
483; 48
484; 53
485; 46
486; 53
487; 53
488; 1
489; 1
490; 5
491; 5
492; 10
493; 16
494; 21
495; 21
496; 25
497; 25
498; 33
499; 33
500; 40
501; 17
502; 21
503; 21
504; 25
505; 25
506; 33
507; 33
508; 37
509; 37
510; 42
511; 47
512; 52
513; 52
514; 56
515; 56
516; 4
517; 4
518; 8
519; 8
520; 12
521; 21
522; 25
523; 25
524; 29
525; 29
526; 33
527; 33
528; 37
529; 37
530; 41
531; 41
532; 49
533; 51
534; 55
535; 55
536; 59
537; 59
538; 3
539; 3
540; 7
541; 7
542; 11
543; 11
544; 19
545; 51
546; 59
547; 59
548; 3
549; 3
550; 7
551; 7
552; 11
553; 11
554; 15
555; 15
556; 19
557; 21
558; 29
559; 29
560; 33
561; 33
562; 37
563; 37
564; 41
565; 41
566; 45
567; 45
568; 49
