# line-id; line-code; direction; stop-order; stop-id; frequency; arrival_time; departure_time; line-repetition
3; 3H; >; 1; 6; 1; 0; 0; 1
3; 3H; >; 2; 8; 1; 4; 4; 1
3; 3H; >; 3; 7; 1; 10; 10; 1
3; 3H; >; 4; 18; 1; 14; 14; 1
3; 3H; >; 5; 20; 1; 31; 31; 1
3; 3H; >; 6; 21; 1; 37; 37; 1
3; 3H; >; 7; 24; 1; 42; 42; 1
3; 3R; <; 1; 24; 1; 0; 0; 1
3; 3R; <; 2; 21; 1; 5; 5; 1
3; 3R; <; 3; 20; 1; 11; 11; 1
3; 3R; <; 4; 18; 1; 28; 28; 1
3; 3R; <; 5; 7; 1; 32; 32; 1
3; 3R; <; 6; 8; 1; 38; 38; 1
3; 3R; <; 7; 6; 1; 42; 42; 1
6; 6H; >; 1; 1; 1; 1; 1; 1
6; 6H; >; 2; 3; 1; 5; 5; 1
6; 6H; >; 3; 12; 1; 12; 12; 1
6; 6H; >; 4; 11; 1; 17; 17; 1
6; 6H; >; 5; 14; 1; 25; 25; 1
6; 6H; >; 6; 23; 1; 29; 29; 1
6; 6H; >; 7; 22; 1; 34; 34; 1
6; 6R; <; 1; 22; 1; 1; 1; 1
6; 6R; <; 2; 23; 1; 6; 6; 1
6; 6R; <; 3; 14; 1; 10; 10; 1
6; 6R; <; 4; 11; 1; 18; 18; 1
6; 6R; <; 5; 12; 1; 23; 23; 1
6; 6R; <; 6; 3; 1; 30; 30; 1
6; 6R; <; 7; 1; 1; 34; 34; 1
7; 7H; >; 1; 1; 1; 32; 32; 1
7; 7H; >; 2; 3; 1; 36; 36; 1
7; 7H; >; 3; 12; 1; 43; 43; 1
7; 7H; >; 4; 11; 1; 48; 48; 1
7; 7H; >; 5; 10; 1; 53; 53; 1
7; 7H; >; 6; 17; 1; 0; 0; 1
7; 7H; >; 7; 19; 1; 4; 4; 1
7; 7R; <; 1; 19; 1; 32; 32; 1
7; 7R; <; 2; 17; 1; 36; 36; 1
7; 7R; <; 3; 10; 1; 43; 43; 1
7; 7R; <; 4; 11; 1; 48; 48; 1
7; 7R; <; 5; 12; 1; 53; 53; 1
7; 7R; <; 6; 3; 1; 0; 0; 1
7; 7R; <; 7; 1; 1; 4; 4; 1
13; 13H; >; 1; 8; 1; 14; 14; 1
13; 13H; >; 2; 16; 1; 18; 18; 1
13; 13H; >; 3; 10; 1; 24; 24; 1
13; 13H; >; 4; 11; 1; 29; 29; 1
13; 13H; >; 5; 14; 1; 37; 37; 1
13; 13H; >; 6; 23; 1; 41; 41; 1
13; 13R; <; 1; 23; 1; 44; 44; 1
13; 13R; <; 2; 14; 1; 48; 48; 1
13; 13R; <; 3; 11; 1; 56; 56; 1
13; 13R; <; 4; 10; 1; 1; 1; 1
13; 13R; <; 5; 16; 1; 7; 7; 1
13; 13R; <; 6; 8; 1; 11; 11; 1
14; 14H; >; 1; 8; 1; 58; 58; 1
14; 14H; >; 2; 16; 1; 2; 2; 1
14; 14H; >; 3; 10; 1; 8; 8; 1
14; 14H; >; 4; 11; 1; 13; 13; 1
14; 14H; >; 5; 12; 1; 18; 18; 1
14; 14H; >; 6; 13; 1; 34; 34; 1
14; 14R; <; 1; 13; 1; 58; 58; 1
14; 14R; <; 2; 12; 1; 14; 14; 1
14; 14R; <; 3; 11; 1; 19; 19; 1
14; 14R; <; 4; 10; 1; 24; 24; 1
14; 14R; <; 5; 16; 1; 30; 30; 1
14; 14R; <; 6; 8; 1; 34; 34; 1
17; 17H; >; 1; 7; 1; 27; 27; 1
17; 17H; >; 2; 8; 1; 33; 33; 1
17; 17H; >; 3; 9; 1; 39; 39; 1
17; 17H; >; 4; 10; 1; 43; 43; 1
17; 17H; >; 5; 11; 1; 48; 48; 1
17; 17H; >; 6; 12; 1; 53; 53; 1
17; 17R; <; 1; 12; 1; 57; 57; 1
17; 17R; <; 2; 11; 1; 2; 2; 1
17; 17R; <; 3; 10; 1; 7; 7; 1
17; 17R; <; 4; 9; 1; 11; 11; 1
17; 17R; <; 5; 8; 1; 17; 17; 1
17; 17R; <; 6; 7; 1; 23; 23; 1
23; 23H; >; 1; 3; 1; 34; 34; 1
23; 23H; >; 2; 4; 1; 39; 39; 1
23; 23H; >; 3; 11; 1; 46; 46; 1
23; 23H; >; 4; 10; 1; 51; 51; 1
23; 23H; >; 5; 16; 1; 57; 57; 1
23; 23H; >; 6; 18; 1; 3; 3; 1
23; 23R; <; 1; 18; 1; 4; 4; 1
23; 23R; <; 2; 16; 1; 10; 10; 1
23; 23R; <; 3; 10; 1; 16; 16; 1
23; 23R; <; 4; 11; 1; 21; 21; 1
23; 23R; <; 5; 4; 1; 28; 28; 1
23; 23R; <; 6; 3; 1; 33; 33; 1
28; 28H; >; 1; 2; 1; 49; 49; 1
28; 28H; >; 2; 6; 1; 53; 53; 1
28; 28H; >; 3; 8; 1; 57; 57; 1
28; 28H; >; 4; 9; 1; 3; 3; 1
28; 28H; >; 5; 10; 1; 7; 7; 1
28; 28H; >; 6; 15; 1; 15; 15; 1
28; 28R; <; 1; 15; 1; 19; 19; 1
28; 28R; <; 2; 10; 1; 27; 27; 1
28; 28R; <; 3; 9; 1; 31; 31; 1
28; 28R; <; 4; 8; 1; 37; 37; 1
28; 28R; <; 5; 6; 1; 41; 41; 1
28; 28R; <; 6; 2; 1; 45; 45; 1
29; 29H; >; 1; 1; 1; 18; 18; 1
29; 29H; >; 2; 3; 1; 22; 22; 1
29; 29H; >; 3; 12; 1; 29; 29; 1
29; 29H; >; 4; 11; 1; 34; 34; 1
29; 29H; >; 5; 14; 1; 42; 42; 1
29; 29H; >; 6; 15; 1; 47; 47; 1
29; 29R; <; 1; 15; 1; 48; 48; 1
29; 29R; <; 2; 14; 1; 53; 53; 1
29; 29R; <; 3; 11; 1; 1; 1; 1
29; 29R; <; 4; 12; 1; 6; 6; 1
29; 29R; <; 5; 3; 1; 13; 13; 1
29; 29R; <; 6; 1; 1; 17; 17; 1
30; 30H; >; 1; 17; 1; 7; 7; 1
30; 30H; >; 2; 19; 1; 11; 11; 1
30; 30H; >; 3; 20; 1; 19; 19; 1
30; 30H; >; 4; 21; 1; 25; 25; 1
30; 30H; >; 5; 24; 1; 30; 30; 1
30; 30R; <; 1; 24; 1; 37; 37; 1
30; 30R; <; 2; 21; 1; 42; 42; 1
30; 30R; <; 3; 20; 1; 48; 48; 1
30; 30R; <; 4; 19; 1; 56; 56; 1
30; 30R; <; 5; 17; 1; 0; 0; 1
32; 32H; >; 1; 15; 1; 0; 0; 1
32; 32H; >; 2; 22; 1; 4; 4; 1
32; 32H; >; 3; 23; 1; 9; 9; 1
32; 32H; >; 4; 24; 1; 14; 14; 1
32; 32H; >; 5; 13; 1; 19; 19; 1
32; 32R; <; 1; 13; 1; 30; 30; 1
32; 32R; <; 2; 24; 1; 35; 35; 1
32; 32R; <; 3; 23; 1; 40; 40; 1
32; 32R; <; 4; 22; 1; 45; 45; 1
32; 32R; <; 5; 15; 1; 49; 49; 1
39; 39H; >; 1; 9; 1; 13; 13; 1
39; 39H; >; 2; 10; 1; 17; 17; 1
39; 39H; >; 3; 15; 1; 25; 25; 1
39; 39H; >; 4; 22; 1; 29; 29; 1
39; 39H; >; 5; 23; 1; 34; 34; 1
39; 39R; <; 1; 23; 1; 43; 43; 1
39; 39R; <; 2; 22; 1; 48; 48; 1
39; 39R; <; 3; 15; 1; 52; 52; 1
39; 39R; <; 4; 10; 1; 0; 0; 1
39; 39R; <; 5; 9; 1; 4; 4; 1
44; 44H; >; 1; 5; 1; 9; 9; 1
44; 44H; >; 2; 6; 1; 15; 15; 1
44; 44H; >; 3; 8; 1; 19; 19; 1
44; 44H; >; 4; 7; 1; 25; 25; 1
44; 44H; >; 5; 18; 1; 29; 29; 1
44; 44R; <; 1; 18; 1; 39; 39; 1
44; 44R; <; 2; 7; 1; 43; 43; 1
44; 44R; <; 3; 8; 1; 49; 49; 1
44; 44R; <; 4; 6; 1; 53; 53; 1
44; 44R; <; 5; 5; 1; 59; 59; 1
69; 69H; >; 1; 21; 1; 3; 3; 1
69; 69H; >; 2; 24; 1; 8; 8; 1
69; 69H; >; 3; 13; 1; 13; 13; 1
69; 69H; >; 4; 12; 1; 29; 29; 1
69; 69H; >; 5; 3; 1; 36; 36; 1
69; 69H; >; 6; 4; 1; 41; 41; 1
69; 69H; >; 7; 5; 1; 46; 46; 1
69; 69H; >; 8; 6; 1; 52; 52; 1
69; 69H; >; 9; 2; 1; 56; 56; 1
69; 69R; <; 1; 2; 1; 3; 3; 1
69; 69R; <; 2; 6; 1; 7; 7; 1
69; 69R; <; 3; 5; 1; 13; 13; 1
69; 69R; <; 4; 4; 1; 18; 18; 1
69; 69R; <; 5; 3; 1; 23; 23; 1
69; 69R; <; 6; 12; 1; 30; 30; 1
69; 69R; <; 7; 13; 1; 46; 46; 1
69; 69R; <; 8; 24; 1; 51; 51; 1
69; 69R; <; 9; 21; 1; 56; 56; 1
70; 70H; >; 1; 20; 1; 26; 26; 1
70; 70H; >; 2; 22; 1; 34; 34; 1
70; 70H; >; 3; 15; 1; 38; 38; 1
70; 70H; >; 4; 19; 1; 44; 44; 1
70; 70H; >; 5; 17; 1; 48; 48; 1
70; 70H; >; 6; 16; 1; 52; 52; 1
70; 70H; >; 7; 18; 1; 58; 58; 1
70; 70H; >; 8; 7; 1; 2; 2; 1
70; 70R; <; 1; 7; 1; 26; 26; 1
70; 70R; <; 2; 18; 1; 30; 30; 1
70; 70R; <; 3; 16; 1; 36; 36; 1
70; 70R; <; 4; 17; 1; 40; 40; 1
70; 70R; <; 5; 19; 1; 44; 44; 1
70; 70R; <; 6; 15; 1; 50; 50; 1
70; 70R; <; 7; 22; 1; 54; 54; 1
70; 70R; <; 8; 20; 1; 2; 2; 1
73; 73H; >; 1; 23; 1; 52; 52; 1
73; 73H; >; 2; 14; 1; 56; 56; 1
73; 73H; >; 3; 11; 1; 4; 4; 1
73; 73H; >; 4; 4; 1; 11; 11; 1
73; 73H; >; 5; 5; 1; 16; 16; 1
73; 73H; >; 6; 6; 1; 22; 22; 1
73; 73H; >; 7; 2; 1; 26; 26; 1
73; 73R; <; 1; 2; 1; 52; 52; 1
73; 73R; <; 2; 6; 1; 56; 56; 1
73; 73R; <; 3; 5; 1; 2; 2; 1
73; 73R; <; 4; 4; 1; 7; 7; 1
73; 73R; <; 5; 11; 1; 14; 14; 1
73; 73R; <; 6; 14; 1; 22; 22; 1
73; 73R; <; 7; 23; 1; 26; 26; 1
74; 74H; >; 1; 17; 1; 36; 36; 1
74; 74H; >; 2; 10; 1; 43; 43; 1
74; 74H; >; 3; 9; 1; 47; 47; 1
74; 74H; >; 4; 5; 1; 51; 51; 1
74; 74H; >; 5; 4; 1; 56; 56; 1
74; 74H; >; 6; 3; 1; 1; 1; 1
74; 74H; >; 7; 1; 1; 5; 5; 1
74; 74R; <; 1; 1; 1; 6; 6; 1
74; 74R; <; 2; 3; 1; 10; 10; 1
74; 74R; <; 3; 4; 1; 15; 15; 1
74; 74R; <; 4; 5; 1; 20; 20; 1
74; 74R; <; 5; 9; 1; 24; 24; 1
74; 74R; <; 6; 10; 1; 28; 28; 1
74; 74R; <; 7; 17; 1; 35; 35; 1
76; 76H; >; 1; 5; 1; 0; 0; 1
76; 76H; >; 2; 9; 1; 4; 4; 1
76; 76H; >; 3; 10; 1; 8; 8; 1
76; 76H; >; 4; 16; 1; 14; 14; 1
76; 76H; >; 5; 8; 1; 18; 18; 1
76; 76H; >; 6; 6; 1; 22; 22; 1
76; 76H; >; 7; 2; 1; 26; 26; 1
76; 76R; <; 1; 2; 1; 30; 30; 1
76; 76R; <; 2; 6; 1; 34; 34; 1
76; 76R; <; 3; 8; 1; 38; 38; 1
76; 76R; <; 4; 16; 1; 42; 42; 1
76; 76R; <; 5; 10; 1; 48; 48; 1
76; 76R; <; 6; 9; 1; 52; 52; 1
76; 76R; <; 7; 5; 1; 56; 56; 1
78; 78H; >; 1; 20; 1; 52; 52; 1
78; 78H; >; 2; 21; 1; 58; 58; 1
78; 78H; >; 3; 22; 1; 3; 3; 1
78; 78H; >; 4; 23; 1; 8; 8; 1
78; 78H; >; 5; 24; 1; 13; 13; 1
78; 78H; >; 6; 13; 1; 18; 18; 1
78; 78R; <; 1; 13; 1; 22; 22; 1
78; 78R; <; 2; 24; 1; 27; 27; 1
78; 78R; <; 3; 23; 1; 32; 32; 1
78; 78R; <; 4; 22; 1; 37; 37; 1
78; 78R; <; 5; 21; 1; 42; 42; 1
78; 78R; <; 6; 20; 1; 48; 48; 1
80; 80H; >; 1; 19; 1; 0; 0; 1
80; 80H; >; 2; 17; 1; 4; 4; 1
80; 80H; >; 3; 16; 1; 8; 8; 1
80; 80H; >; 4; 10; 1; 14; 14; 1
80; 80H; >; 5; 11; 1; 19; 19; 1
80; 80H; >; 6; 12; 1; 24; 24; 1
80; 80R; <; 1; 12; 1; 30; 30; 1
80; 80R; <; 2; 11; 1; 35; 35; 1
80; 80R; <; 3; 10; 1; 40; 40; 1
80; 80R; <; 4; 16; 1; 46; 46; 1
80; 80R; <; 5; 17; 1; 50; 50; 1
80; 80R; <; 6; 19; 1; 54; 54; 1
89; 89H; >; 1; 23; 1; 41; 41; 1
89; 89H; >; 2; 14; 1; 45; 45; 1
89; 89H; >; 3; 15; 1; 50; 50; 1
89; 89H; >; 4; 19; 1; 56; 56; 1
89; 89H; >; 5; 20; 1; 4; 4; 1
89; 89R; <; 1; 20; 1; 11; 11; 1
89; 89R; <; 2; 19; 1; 19; 19; 1
89; 89R; <; 3; 15; 1; 25; 25; 1
89; 89R; <; 4; 14; 1; 30; 30; 1
89; 89R; <; 5; 23; 1; 34; 34; 1
95; 95H; >; 1; 20; 1; 34; 34; 1
95; 95H; >; 2; 22; 1; 42; 42; 1
95; 95H; >; 3; 23; 1; 47; 47; 1
95; 95H; >; 4; 14; 1; 51; 51; 1
95; 95R; <; 1; 14; 1; 4; 4; 1
95; 95R; <; 2; 23; 1; 8; 8; 1
95; 95R; <; 3; 22; 1; 13; 13; 1
95; 95R; <; 4; 20; 1; 21; 21; 1
124; 124H; >; 1; 12; 1; 25; 25; 1
124; 124H; >; 2; 11; 1; 30; 30; 1
124; 124H; >; 3; 10; 1; 35; 35; 1
124; 124H; >; 4; 16; 1; 41; 41; 1
124; 124H; >; 5; 18; 1; 47; 47; 1
124; 124R; <; 1; 18; 1; 55; 55; 1
124; 124R; <; 2; 16; 1; 1; 1; 1
124; 124R; <; 3; 10; 1; 7; 7; 1
124; 124R; <; 4; 11; 1; 12; 12; 1
124; 124R; <; 5; 12; 1; 17; 17; 1
126; 126H; >; 1; 12; 1; 6; 6; 1
126; 126H; >; 2; 11; 1; 11; 11; 1
126; 126H; >; 3; 10; 1; 16; 16; 1
126; 126H; >; 4; 17; 1; 23; 23; 1
126; 126R; <; 1; 17; 1; 36; 36; 1
126; 126R; <; 2; 10; 1; 43; 43; 1
126; 126R; <; 3; 11; 1; 48; 48; 1
126; 126R; <; 4; 12; 1; 53; 53; 1
131; 131H; >; 1; 4; 1; 46; 46; 1
131; 131H; >; 2; 11; 1; 53; 53; 1
131; 131H; >; 3; 14; 1; 1; 1; 1
131; 131H; >; 4; 23; 1; 5; 5; 1
131; 131H; >; 5; 24; 1; 10; 10; 1
131; 131R; <; 1; 24; 1; 16; 16; 1
131; 131R; <; 2; 23; 1; 21; 21; 1
131; 131R; <; 3; 14; 1; 25; 25; 1
131; 131R; <; 4; 11; 1; 33; 33; 1
131; 131R; <; 5; 4; 1; 40; 40; 1
132; 132H; >; 1; 5; 1; 17; 17; 1
132; 132H; >; 2; 9; 1; 21; 21; 1
132; 132H; >; 3; 10; 1; 25; 25; 1
132; 132H; >; 4; 15; 1; 33; 33; 1
132; 132H; >; 5; 22; 1; 37; 37; 1
132; 132H; >; 6; 21; 1; 42; 42; 1
132; 132R; <; 1; 21; 1; 47; 47; 1
132; 132R; <; 2; 22; 1; 52; 52; 1
132; 132R; <; 3; 15; 1; 56; 56; 1
132; 132R; <; 4; 10; 1; 4; 4; 1
132; 132R; <; 5; 9; 1; 8; 8; 1
132; 132R; <; 6; 5; 1; 12; 12; 1
133; 133H; >; 1; 2; 2; 21; 21; 1
133; 133H; >; 2; 6; 2; 25; 25; 1
133; 133H; >; 3; 8; 2; 29; 29; 1
133; 133H; >; 4; 16; 2; 33; 33; 1
133; 133H; >; 5; 17; 2; 37; 37; 1
133; 133H; >; 6; 19; 2; 41; 41; 1
133; 133H; >; 7; 20; 2; 49; 49; 1
133; 133H; >; 1; 2; 2; 51; 51; 2
133; 133H; >; 2; 6; 2; 55; 55; 2
133; 133H; >; 3; 8; 2; 59; 59; 2
133; 133H; >; 4; 16; 2; 3; 3; 2
133; 133H; >; 5; 17; 2; 7; 7; 2
133; 133H; >; 6; 19; 2; 11; 11; 2
133; 133H; >; 7; 20; 2; 19; 19; 2
133; 133R; <; 1; 20; 2; 51; 51; 1
133; 133R; <; 2; 19; 2; 59; 59; 1
133; 133R; <; 3; 17; 2; 3; 3; 1
133; 133R; <; 4; 16; 2; 7; 7; 1
133; 133R; <; 5; 8; 2; 11; 11; 1
133; 133R; <; 6; 6; 2; 15; 15; 1
133; 133R; <; 7; 2; 2; 19; 19; 1
133; 133R; <; 1; 20; 2; 21; 21; 2
133; 133R; <; 2; 19; 2; 29; 29; 2
133; 133R; <; 3; 17; 2; 33; 33; 2
133; 133R; <; 4; 16; 2; 37; 37; 2
133; 133R; <; 5; 8; 2; 41; 41; 2
133; 133R; <; 6; 6; 2; 45; 45; 2
133; 133R; <; 7; 2; 2; 49; 49; 2
