#event-id; time
1; 55
2; 0
3; 0
4; 5
5; 5
6; 10
7; 10
8; 12
9; 12
10; 20
11; 20
12; 28
13; 28
14; 36
15; 36
16; 44
17; 44
18; 52
19; 52
20; 0
21; 0
22; 8
23; 8
24; 16
25; 16
26; 24
27; 24
28; 32
29; 32
30; 40
31; 40
32; 42
33; 42
34; 47
35; 47
36; 52
37; 52
38; 57
39; 57
40; 2
41; 2
42; 7
43; 7
44; 12
45; 12
46; 17
47; 0
48; 5
49; 5
50; 10
51; 10
52; 15
53; 15
54; 20
55; 20
56; 25
57; 25
58; 30
59; 30
60; 35
61; 35
62; 37
63; 37
64; 45
65; 45
66; 53
67; 53
68; 1
69; 1
70; 9
71; 9
72; 17
73; 17
74; 25
75; 25
76; 33
77; 33
78; 41
79; 41
80; 49
81; 49
82; 57
83; 57
84; 5
85; 5
86; 7
87; 7
88; 12
89; 12
90; 17
91; 17
92; 22
93; 31
94; 37
95; 37
96; 43
97; 43
98; 49
99; 49
100; 55
101; 55
102; 1
103; 1
104; 7
105; 7
106; 13
107; 13
108; 19
109; 19
110; 25
111; 25
112; 31
113; 31
114; 37
115; 37
116; 43
117; 43
118; 49
119; 49
120; 55
121; 55
122; 1
123; 1
124; 3
125; 3
126; 5
127; 5
128; 8
129; 8
130; 11
131; 11
132; 14
133; 14
134; 17
135; 39
136; 42
137; 42
138; 45
139; 45
140; 48
141; 48
142; 51
143; 51
144; 53
145; 53
146; 55
147; 55
148; 1
149; 1
150; 7
151; 7
152; 13
153; 13
154; 19
155; 19
156; 25
157; 25
158; 31
159; 31
160; 37
161; 37
162; 43
163; 43
164; 49
165; 49
166; 55
167; 55
168; 1
169; 1
170; 7
171; 7
172; 13
173; 13
174; 19
175; 19
176; 25
177; 1
178; 8
179; 8
180; 15
181; 15
182; 22
183; 22
184; 29
185; 29
186; 36
187; 36
188; 43
189; 43
190; 50
191; 50
192; 57
193; 57
194; 4
195; 4
196; 11
197; 11
198; 18
199; 18
200; 25
201; 25
202; 32
203; 32
204; 39
205; 39
206; 46
207; 46
208; 48
209; 48
210; 56
211; 56
212; 4
213; 4
214; 12
215; 12
216; 20
217; 22
218; 30
219; 30
220; 38
221; 38
222; 46
223; 46
224; 54
225; 54
226; 56
227; 56
228; 3
229; 3
230; 10
231; 10
232; 17
233; 17
234; 24
235; 24
236; 31
237; 31
238; 38
239; 38
240; 45
241; 45
242; 52
243; 52
244; 59
245; 59
246; 6
247; 6
248; 13
249; 13
250; 20
251; 20
252; 27
253; 27
254; 34
255; 34
256; 41
257; 17
258; 22
259; 22
260; 27
261; 27
262; 32
263; 32
264; 37
265; 37
266; 42
267; 42
268; 47
269; 47
270; 52
271; 52
272; 57
273; 57
274; 2
275; 2
276; 7
277; 7
278; 12
279; 12
280; 17
281; 17
282; 22
283; 22
284; 27
285; 27
286; 32
287; 32
288; 34
289; 34
290; 37
291; 37
292; 40
293; 40
294; 43
295; 43
296; 46
297; 8
298; 11
299; 11
300; 14
301; 14
302; 17
303; 17
304; 20
305; 20
306; 22
307; 22
308; 27
309; 27
310; 32
311; 32
312; 37
313; 37
314; 42
315; 42
316; 47
317; 47
318; 52
319; 52
320; 57
321; 57
322; 2
323; 2
324; 7
325; 7
326; 12
327; 12
328; 17
329; 17
330; 22
331; 22
332; 27
333; 27
334; 32
335; 32
336; 37
337; 15
338; 18
339; 18
340; 21
341; 21
342; 24
343; 24
344; 27
345; 27
346; 30
347; 30
348; 33
349; 33
350; 36
351; 36
352; 39
353; 39
354; 42
355; 42
356; 45
357; 45
358; 48
359; 48
360; 51
361; 51
362; 54
363; 54
364; 57
365; 57
366; 0
367; 0
368; 2
369; 2
370; 4
371; 4
372; 6
373; 54
374; 56
375; 56
376; 58
377; 58
378; 0
379; 0
380; 3
381; 3
382; 6
383; 6
384; 9
385; 9
386; 12
387; 12
388; 15
389; 15
390; 18
391; 18
392; 21
393; 21
394; 24
395; 24
396; 27
397; 27
398; 30
399; 30
400; 33
401; 33
402; 36
403; 36
404; 39
405; 39
406; 42
407; 42
408; 45
409; 1
410; 3
411; 3
412; 5
413; 5
414; 7
415; 7
416; 9
417; 9
418; 11
419; 11
420; 13
421; 13
422; 15
423; 15
424; 17
425; 17
426; 19
427; 19
428; 21
429; 21
430; 23
431; 23
432; 25
433; 25
434; 27
435; 27
436; 29
437; 29
438; 31
439; 31
440; 33
441; 33
442; 35
443; 41
444; 43
445; 43
446; 45
447; 45
448; 47
449; 47
450; 49
451; 49
452; 51
453; 51
454; 53
455; 53
456; 55
457; 55
458; 57
459; 57
460; 59
461; 59
462; 1
463; 1
464; 3
465; 3
466; 5
467; 5
468; 7
469; 7
470; 9
471; 9
472; 11
473; 11
474; 13
475; 13
476; 15
477; 23
478; 26
479; 26
480; 29
481; 29
482; 32
483; 32
484; 35
485; 35
486; 38
487; 38
488; 41
489; 41
490; 44
491; 44
492; 47
493; 47
494; 50
495; 50
496; 53
497; 53
498; 56
499; 56
500; 59
501; 59
502; 2
503; 2
504; 5
505; 5
506; 8
507; 53
508; 56
509; 56
510; 59
511; 59
512; 2
513; 2
514; 5
515; 5
516; 8
517; 8
518; 11
519; 11
520; 14
521; 14
522; 17
523; 17
524; 20
525; 20
526; 23
527; 23
528; 26
529; 26
530; 29
531; 29
532; 32
533; 32
534; 35
535; 35
536; 38
537; 40
538; 43
539; 43
540; 46
541; 46
542; 49
543; 49
544; 52
545; 52
546; 55
547; 55
548; 58
549; 58
550; 1
551; 1
552; 4
553; 4
554; 7
555; 7
556; 10
557; 10
558; 13
559; 13
560; 16
561; 16
562; 19
563; 19
564; 22
565; 22
566; 25
567; 10
568; 13
569; 13
570; 16
571; 16
572; 19
573; 19
574; 22
575; 22
576; 25
577; 25
578; 28
579; 28
580; 31
581; 31
582; 34
583; 34
584; 37
585; 37
586; 40
587; 40
588; 43
589; 43
590; 46
591; 46
592; 49
593; 49
594; 52
595; 52
596; 55
597; 43
598; 47
599; 47
600; 51
601; 51
602; 55
603; 55
604; 59
605; 59
606; 3
607; 3
608; 7
609; 7
610; 11
611; 11
612; 15
613; 15
614; 19
615; 19
616; 23
617; 23
618; 27
619; 27
620; 31
621; 31
622; 35
623; 35
624; 39
625; 39
626; 43
627; 2
628; 6
629; 6
630; 10
631; 10
632; 14
633; 14
634; 18
635; 18
636; 22
637; 22
638; 26
639; 26
640; 30
641; 30
642; 34
643; 34
644; 38
645; 38
646; 42
647; 42
648; 46
649; 46
650; 50
651; 50
652; 54
653; 54
654; 58
655; 58
656; 2
657; 4
658; 6
659; 6
660; 8
661; 8
662; 10
663; 10
664; 12
665; 12
666; 14
667; 14
668; 16
669; 16
670; 18
671; 18
672; 20
673; 20
674; 22
675; 22
676; 24
677; 24
678; 26
679; 26
680; 28
681; 28
682; 30
683; 52
684; 54
685; 54
686; 56
687; 56
688; 58
689; 58
690; 0
691; 0
692; 2
693; 2
694; 4
695; 4
696; 6
697; 6
698; 8
699; 8
700; 10
701; 10
702; 12
703; 12
704; 14
705; 14
706; 16
707; 16
708; 18
709; 58
710; 0
711; 0
712; 2
713; 2
714; 4
715; 4
716; 6
717; 6
718; 8
719; 8
720; 10
721; 10
722; 12
723; 12
724; 14
725; 14
726; 16
727; 16
728; 18
729; 18
730; 20
731; 20
732; 21
733; 0
734; 1
735; 1
736; 3
737; 3
738; 5
739; 5
740; 7
741; 7
742; 9
743; 9
744; 11
745; 11
746; 13
747; 13
748; 15
749; 15
750; 17
751; 17
752; 19
753; 19
754; 21
755; 21
756; 23
757; 17
758; 22
759; 22
760; 24
761; 24
762; 26
763; 26
764; 28
765; 28
766; 30
767; 30
768; 32
769; 32
770; 34
771; 34
772; 36
773; 36
774; 38
775; 38
776; 40
777; 40
778; 42
779; 45
780; 47
781; 47
782; 49
783; 49
784; 51
785; 51
786; 53
787; 53
788; 55
789; 55
790; 57
791; 57
792; 59
793; 59
794; 1
795; 1
796; 3
797; 3
798; 5
799; 5
800; 10
801; 42
802; 44
803; 44
804; 46
805; 46
806; 48
807; 48
808; 50
809; 50
810; 52
811; 52
812; 54
813; 54
814; 56
815; 56
816; 58
817; 58
818; 0
819; 0
820; 2
821; 2
822; 4
823; 12
824; 14
825; 14
826; 16
827; 16
828; 18
829; 18
830; 20
831; 20
832; 22
833; 22
834; 24
835; 24
836; 26
837; 26
838; 28
839; 28
840; 30
841; 30
842; 32
843; 32
844; 34
845; 25
846; 27
847; 27
848; 29
849; 29
850; 31
851; 31
852; 33
853; 33
854; 35
855; 35
856; 37
857; 37
858; 39
859; 39
860; 41
861; 41
862; 43
863; 43
864; 45
865; 45
866; 47
867; 25
868; 27
869; 27
870; 29
871; 29
872; 31
873; 31
874; 33
875; 33
876; 35
877; 35
878; 37
879; 37
880; 39
881; 39
882; 41
883; 41
884; 43
885; 43
886; 45
887; 45
888; 47
889; 49
890; 51
891; 51
892; 53
893; 53
894; 55
895; 55
896; 57
897; 57
898; 59
899; 59
900; 1
901; 1
902; 3
903; 3
904; 5
905; 5
906; 7
907; 7
908; 9
909; 21
910; 23
911; 23
912; 25
913; 25
914; 27
915; 27
916; 29
917; 29
918; 31
919; 31
920; 33
921; 33
922; 35
923; 35
924; 37
925; 37
926; 39
927; 39
928; 41
929; 56
930; 0
931; 0
932; 4
933; 4
934; 8
935; 8
936; 12
937; 12
938; 14
939; 14
940; 16
941; 16
942; 18
943; 18
944; 19
945; 19
946; 20
947; 0
948; 1
949; 1
950; 2
951; 2
952; 4
953; 4
954; 6
955; 6
956; 8
957; 8
958; 12
959; 12
960; 16
961; 16
962; 20
963; 20
964; 24
965; 0
966; 5
967; 5
968; 7
969; 7
970; 9
971; 9
972; 11
973; 11
974; 13
975; 13
976; 15
977; 15
978; 17
979; 17
980; 21
981; 0
982; 4
983; 4
984; 6
985; 6
986; 8
987; 8
988; 10
989; 10
990; 12
991; 12
992; 14
993; 14
994; 16
995; 16
996; 21
997; 39
998; 40
999; 40
1000; 41
1001; 41
1002; 42
1003; 42
1004; 43
1005; 43
1006; 44
1007; 44
1008; 45
1009; 45
1010; 46
1011; 46
1012; 48
1013; 40
1014; 42
1015; 42
1016; 43
1017; 43
1018; 44
1019; 44
1020; 45
1021; 45
1022; 46
1023; 46
1024; 47
1025; 47
1026; 48
1027; 48
1028; 49
1029; 13
1030; 18
1031; 18
1032; 23
1033; 23
1034; 28
1035; 28
1036; 33
1037; 33
1038; 38
1039; 38
1040; 43
1041; 43
1042; 48
1043; 34
1044; 39
1045; 39
1046; 44
1047; 44
1048; 49
1049; 49
1050; 54
1051; 54
1052; 59
1053; 59
1054; 4
1055; 4
1056; 9
1057; 0
1058; 8
1059; 8
1060; 10
1061; 10
1062; 12
1063; 12
1064; 14
1065; 14
1066; 16
1067; 16
1068; 18
1069; 18
1070; 22
1071; 0
1072; 4
1073; 4
1074; 6
1075; 6
1076; 8
1077; 8
1078; 10
1079; 10
1080; 12
1081; 12
1082; 14
1083; 14
1084; 22
1085; 13
1086; 14
1087; 14
1088; 15
1089; 15
1090; 16
1091; 16
1092; 17
1093; 17
1094; 18
1095; 18
1096; 19
1097; 43
1098; 44
1099; 44
1100; 45
1101; 45
1102; 46
1103; 46
1104; 47
1105; 47
1106; 48
1107; 48
1108; 49
1109; 58
1110; 0
1111; 0
1112; 2
1113; 2
1114; 4
1115; 4
1116; 7
1117; 7
1118; 9
1119; 9
1120; 13
1121; 35
1122; 39
1123; 39
1124; 41
1125; 41
1126; 44
1127; 44
1128; 46
1129; 46
1130; 48
1131; 48
1132; 50
1133; 0
1134; 5
1135; 5
1136; 7
1137; 7
1138; 9
1139; 9
1140; 11
1141; 11
1142; 13
1143; 0
1144; 2
1145; 2
1146; 4
1147; 4
1148; 6
1149; 6
1150; 8
1151; 8
1152; 13
1153; 30
1154; 34
1155; 34
1156; 36
1157; 36
1158; 38
1159; 38
1160; 40
1161; 40
1162; 42
1163; 24
1164; 26
1165; 26
1166; 28
1167; 28
1168; 30
1169; 30
1170; 32
1171; 32
1172; 36
1173; 0
1174; 2
1175; 2
1176; 4
1177; 4
1178; 11
1179; 11
1180; 13
1181; 13
1182; 19
1183; 0
1184; 6
1185; 6
1186; 8
1187; 8
1188; 15
1189; 15
1190; 17
1191; 17
1192; 19
1193; 8
1194; 10
1195; 10
1196; 12
1197; 12
1198; 15
1199; 15
1200; 17
1201; 17
1202; 19
1203; 41
1204; 43
1205; 43
1206; 45
1207; 45
1208; 48
1209; 48
1210; 50
1211; 50
1212; 52
1213; 55
1214; 57
1215; 57
1216; 59
1217; 59
1218; 1
1219; 1
1220; 3
1221; 3
1222; 5
1223; 5
1224; 7
1225; 7
1226; 9
1227; 9
1228; 11
1229; 11
1230; 13
1231; 13
1232; 15
1233; 15
1234; 17
1235; 17
1236; 19
1237; 19
1238; 21
1239; 21
1240; 23
1241; 23
1242; 25
1243; 25
1244; 27
1245; 27
1246; 29
1247; 29
1248; 31
1249; 31
1250; 33
1251; 33
1252; 35
1253; 25
1254; 27
1255; 27
1256; 29
1257; 29
1258; 31
1259; 31
1260; 33
1261; 33
1262; 35
1263; 35
1264; 37
1265; 37
1266; 39
1267; 39
1268; 41
1269; 41
1270; 43
1271; 43
1272; 45
1273; 45
1274; 47
1275; 47
1276; 49
1277; 49
1278; 51
1279; 51
1280; 53
1281; 53
1282; 55
1283; 55
1284; 57
1285; 57
1286; 59
1287; 59
1288; 1
1289; 1
1290; 3
1291; 3
1292; 5
1293; 58
1294; 0
1295; 0
1296; 2
1297; 2
1298; 4
1299; 4
1300; 6
1301; 6
1302; 8
1303; 8
1304; 10
1305; 10
1306; 12
1307; 12
1308; 14
1309; 14
1310; 16
1311; 16
1312; 18
1313; 18
1314; 20
1315; 20
1316; 22
1317; 22
1318; 24
1319; 24
1320; 26
1321; 26
1322; 28
1323; 28
1324; 30
1325; 30
1326; 32
1327; 32
1328; 34
1329; 34
1330; 36
1331; 36
1332; 38
1333; 28
1334; 30
1335; 30
1336; 32
1337; 32
1338; 34
1339; 34
1340; 36
1341; 36
1342; 38
1343; 38
1344; 40
1345; 40
1346; 42
1347; 42
1348; 44
1349; 44
1350; 46
1351; 46
1352; 48
1353; 48
1354; 50
1355; 50
1356; 52
1357; 52
1358; 54
1359; 54
1360; 56
1361; 56
1362; 58
1363; 58
1364; 0
1365; 0
1366; 2
1367; 2
1368; 4
1369; 4
1370; 6
1371; 6
1372; 8
1373; 28
1374; 30
1375; 30
1376; 32
1377; 32
1378; 34
1379; 34
1380; 36
1381; 36
1382; 38
1383; 38
1384; 40
1385; 40
1386; 42
1387; 42
1388; 44
1389; 44
1390; 46
1391; 46
1392; 48
1393; 48
1394; 50
1395; 50
1396; 52
1397; 52
1398; 54
1399; 54
1400; 56
1401; 56
1402; 58
1403; 58
1404; 0
1405; 0
1406; 2
1407; 2
1408; 4
1409; 4
1410; 6
1411; 6
1412; 8
1413; 58
1414; 0
1415; 0
1416; 2
1417; 2
1418; 4
1419; 4
1420; 6
1421; 6
1422; 8
1423; 8
1424; 10
1425; 10
1426; 12
1427; 12
1428; 14
1429; 14
1430; 16
1431; 16
1432; 18
1433; 18
1434; 20
1435; 20
1436; 22
1437; 22
1438; 24
1439; 24
1440; 26
1441; 26
1442; 28
1443; 28
1444; 30
1445; 30
1446; 32
1447; 32
1448; 34
1449; 34
1450; 36
1451; 36
1452; 38
1453; 25
1454; 27
1455; 27
1456; 29
1457; 29
1458; 31
1459; 31
1460; 33
1461; 33
1462; 35
1463; 35
1464; 37
1465; 37
1466; 39
1467; 39
1468; 41
1469; 41
1470; 43
1471; 43
1472; 45
1473; 45
1474; 47
1475; 47
1476; 49
1477; 49
1478; 51
1479; 51
1480; 53
1481; 53
1482; 55
1483; 55
1484; 57
1485; 57
1486; 59
1487; 59
1488; 1
1489; 1
1490; 3
1491; 3
1492; 5
1493; 55
1494; 57
1495; 57
1496; 59
1497; 59
1498; 1
1499; 1
1500; 3
1501; 3
1502; 5
1503; 5
1504; 7
1505; 7
1506; 9
1507; 9
1508; 11
1509; 11
1510; 13
1511; 13
1512; 15
1513; 15
1514; 17
1515; 17
1516; 19
1517; 19
1518; 21
1519; 21
1520; 23
1521; 23
1522; 25
1523; 25
1524; 27
1525; 27
1526; 29
1527; 29
1528; 31
1529; 31
1530; 33
1531; 33
1532; 35
1533; 55
1534; 57
1535; 57
1536; 59
1537; 59
1538; 1
1539; 1
1540; 3
1541; 3
1542; 5
1543; 5
1544; 7
1545; 7
1546; 9
1547; 9
1548; 11
1549; 11
1550; 13
1551; 13
1552; 15
1553; 15
1554; 17
1555; 17
1556; 19
1557; 19
1558; 21
1559; 21
1560; 23
1561; 23
1562; 25
1563; 25
1564; 27
1565; 27
1566; 29
1567; 29
1568; 31
1569; 31
1570; 33
1571; 33
1572; 35
1573; 25
1574; 27
1575; 27
1576; 29
1577; 29
1578; 31
1579; 31
1580; 33
1581; 33
1582; 35
1583; 35
1584; 37
1585; 37
1586; 39
1587; 39
1588; 41
1589; 41
1590; 43
1591; 43
1592; 45
1593; 45
1594; 47
1595; 47
1596; 49
1597; 49
1598; 51
1599; 51
1600; 53
1601; 53
1602; 55
1603; 55
1604; 57
1605; 57
1606; 59
1607; 59
1608; 1
1609; 1
1610; 3
1611; 3
1612; 5
1613; 22
1614; 24
1615; 24
1616; 26
1617; 26
1618; 28
1619; 28
1620; 30
1621; 30
1622; 32
1623; 32
1624; 34
1625; 34
1626; 36
1627; 36
1628; 38
1629; 38
1630; 40
1631; 40
1632; 42
1633; 42
1634; 44
1635; 44
1636; 46
1637; 46
1638; 48
1639; 48
1640; 50
1641; 50
1642; 52
1643; 52
1644; 54
1645; 54
1646; 56
1647; 56
1648; 58
1649; 58
1650; 0
1651; 0
1652; 2
1653; 34
1654; 36
1655; 36
1656; 38
1657; 38
1658; 40
1659; 40
1660; 42
1661; 42
1662; 44
1663; 44
1664; 46
1665; 46
1666; 48
1667; 48
1668; 50
1669; 50
1670; 52
1671; 52
1672; 54
1673; 54
1674; 56
1675; 56
1676; 58
1677; 58
1678; 0
1679; 0
1680; 2
1681; 2
1682; 4
1683; 4
1684; 6
1685; 6
1686; 8
1687; 8
1688; 10
1689; 10
1690; 12
1691; 12
1692; 14
1693; 22
1694; 24
1695; 24
1696; 26
1697; 26
1698; 28
1699; 28
1700; 30
1701; 30
1702; 32
1703; 32
1704; 34
1705; 34
1706; 36
1707; 36
1708; 38
1709; 38
1710; 40
1711; 40
1712; 42
1713; 42
1714; 44
1715; 44
1716; 46
1717; 46
1718; 48
1719; 48
1720; 50
1721; 50
1722; 52
1723; 52
1724; 54
1725; 54
1726; 56
1727; 56
1728; 58
1729; 58
1730; 0
1731; 0
1732; 2
1733; 37
1734; 39
1735; 39
1736; 41
1737; 41
1738; 43
1739; 43
1740; 45
1741; 45
1742; 47
1743; 47
1744; 49
1745; 49
1746; 51
1747; 51
1748; 53
1749; 53
1750; 55
1751; 55
1752; 57
1753; 57
1754; 59
1755; 59
1756; 1
1757; 1
1758; 3
1759; 3
1760; 5
1761; 5
1762; 7
1763; 7
1764; 9
1765; 9
1766; 11
1767; 11
1768; 13
1769; 13
1770; 15
1771; 15
1772; 17
1773; 22
1774; 24
1775; 24
1776; 26
1777; 26
1778; 28
1779; 28
1780; 30
1781; 30
1782; 32
1783; 32
1784; 34
1785; 34
1786; 36
1787; 36
1788; 38
1789; 38
1790; 40
1791; 40
1792; 42
1793; 42
1794; 44
1795; 44
1796; 46
1797; 46
1798; 48
1799; 48
1800; 50
1801; 50
1802; 52
1803; 52
1804; 54
1805; 54
1806; 56
1807; 56
1808; 58
1809; 58
1810; 0
1811; 0
1812; 2
1813; 25
1814; 27
1815; 27
1816; 29
1817; 29
1818; 31
1819; 31
1820; 33
1821; 33
1822; 35
1823; 35
1824; 37
1825; 37
1826; 39
1827; 39
1828; 41
1829; 41
1830; 43
1831; 43
1832; 45
1833; 45
1834; 47
1835; 47
1836; 49
1837; 49
1838; 51
1839; 51
1840; 53
1841; 53
1842; 55
1843; 55
1844; 57
1845; 57
1846; 59
1847; 59
1848; 1
1849; 1
1850; 3
1851; 3
1852; 5
1853; 25
1854; 27
1855; 27
1856; 29
1857; 29
1858; 31
1859; 31
1860; 33
1861; 33
1862; 35
1863; 35
1864; 37
1865; 37
1866; 39
1867; 39
1868; 41
1869; 41
1870; 43
1871; 43
1872; 45
1873; 45
1874; 47
1875; 47
1876; 49
1877; 49
1878; 51
1879; 51
1880; 53
1881; 53
1882; 55
1883; 55
1884; 57
1885; 57
1886; 59
1887; 59
1888; 1
1889; 1
1890; 3
1891; 3
1892; 5
1893; 55
1894; 57
1895; 57
1896; 59
1897; 59
1898; 1
1899; 1
1900; 3
1901; 3
1902; 5
1903; 5
1904; 7
1905; 7
1906; 9
1907; 9
1908; 11
1909; 11
1910; 13
1911; 13
1912; 15
1913; 15
1914; 17
1915; 17
1916; 19
1917; 19
1918; 21
1919; 21
1920; 23
1921; 23
1922; 25
1923; 25
1924; 27
1925; 27
1926; 29
1927; 29
1928; 31
1929; 31
1930; 33
1931; 33
1932; 35
1933; 1
1934; 3
1935; 3
1936; 5
1937; 5
1938; 7
1939; 7
1940; 9
1941; 9
1942; 11
1943; 11
1944; 13
1945; 13
1946; 15
1947; 15
1948; 17
1949; 17
1950; 19
1951; 19
1952; 21
1953; 21
1954; 23
1955; 23
1956; 25
1957; 25
1958; 27
1959; 27
1960; 29
1961; 29
1962; 31
1963; 31
1964; 33
1965; 33
1966; 35
1967; 35
1968; 37
1969; 37
1970; 39
1971; 39
1972; 41
1973; 31
1974; 33
1975; 33
1976; 35
1977; 35
1978; 37
1979; 37
1980; 39
1981; 39
1982; 41
1983; 41
1984; 43
1985; 43
1986; 45
1987; 45
1988; 47
1989; 47
1990; 49
1991; 49
1992; 51
1993; 51
1994; 53
1995; 53
1996; 55
1997; 55
1998; 57
1999; 57
2000; 59
2001; 59
2002; 1
2003; 1
2004; 3
2005; 3
2006; 5
2007; 5
2008; 7
2009; 7
2010; 9
2011; 9
2012; 11
2013; 22
2014; 24
2015; 24
2016; 26
2017; 26
2018; 28
2019; 28
2020; 30
2021; 30
2022; 32
2023; 32
2024; 34
2025; 34
2026; 36
2027; 36
2028; 38
2029; 38
2030; 40
2031; 40
2032; 42
2033; 42
2034; 44
2035; 44
2036; 46
2037; 46
2038; 48
2039; 48
2040; 50
2041; 50
2042; 52
2043; 52
2044; 54
2045; 54
2046; 56
2047; 56
2048; 58
2049; 58
2050; 0
2051; 0
2052; 2
2053; 52
2054; 54
2055; 54
2056; 56
2057; 56
2058; 58
2059; 58
2060; 0
2061; 0
2062; 2
2063; 2
2064; 4
2065; 4
2066; 6
2067; 6
2068; 8
2069; 8
2070; 10
2071; 10
2072; 12
2073; 12
2074; 14
2075; 14
2076; 16
2077; 16
2078; 18
2079; 18
2080; 20
2081; 20
2082; 22
2083; 22
2084; 24
2085; 24
2086; 26
2087; 26
2088; 28
2089; 28
2090; 30
2091; 30
2092; 32
