#event-id; time
1; 0
2; 4
3; 4
4; 12
5; 12
6; 19
7; 19
8; 24
9; 24
10; 28
11; 28
12; 44
13; 44
14; 48
15; 48
16; 52
17; 52
18; 56
19; 56
20; 2
21; 2
22; 6
23; 30
24; 34
25; 34
26; 40
27; 40
28; 44
29; 44
30; 48
31; 48
32; 52
33; 52
34; 8
35; 8
36; 12
37; 12
38; 17
39; 17
40; 24
41; 24
42; 32
43; 32
44; 36
45; 0
46; 5
47; 5
48; 21
49; 21
50; 28
51; 28
52; 32
53; 32
54; 48
55; 48
56; 52
57; 52
58; 56
59; 56
60; 0
61; 0
62; 6
63; 6
64; 10
65; 30
66; 34
67; 34
68; 40
69; 40
70; 44
71; 44
72; 48
73; 48
74; 52
75; 52
76; 8
77; 8
78; 12
79; 12
80; 19
81; 19
82; 35
83; 35
84; 40
85; 0
86; 4
87; 4
88; 10
89; 10
90; 14
91; 14
92; 18
93; 18
94; 22
95; 22
96; 30
97; 30
98; 38
99; 38
100; 43
101; 43
102; 47
103; 47
104; 52
105; 0
106; 5
107; 5
108; 9
109; 9
110; 14
111; 14
112; 22
113; 22
114; 30
115; 30
116; 34
117; 34
118; 38
119; 38
120; 42
121; 42
122; 48
123; 48
124; 52
125; 0
126; 4
127; 4
128; 10
129; 10
130; 14
131; 14
132; 18
133; 18
134; 22
135; 22
136; 30
137; 30
138; 38
139; 38
140; 43
141; 43
142; 48
143; 48
144; 53
145; 30
146; 34
147; 34
148; 40
149; 40
150; 44
151; 44
152; 48
153; 48
154; 52
155; 52
156; 0
157; 0
158; 8
159; 8
160; 13
161; 13
162; 18
163; 18
164; 23
165; 0
166; 5
167; 5
168; 10
169; 10
170; 15
171; 15
172; 23
173; 23
174; 31
175; 31
176; 35
177; 35
178; 39
179; 39
180; 43
181; 43
182; 49
183; 49
184; 53
185; 30
186; 35
187; 35
188; 40
189; 40
190; 45
191; 45
192; 53
193; 53
194; 1
195; 1
196; 5
197; 5
198; 9
199; 9
200; 13
201; 13
202; 19
203; 19
204; 23
205; 0
206; 5
207; 5
208; 21
209; 21
210; 28
211; 28
212; 33
213; 33
214; 38
215; 38
216; 42
217; 42
218; 46
219; 46
220; 53
221; 0
222; 7
223; 7
224; 11
225; 11
226; 15
227; 15
228; 20
229; 20
230; 25
231; 25
232; 32
233; 32
234; 48
235; 48
236; 53
237; 0
238; 6
239; 6
240; 11
241; 11
242; 15
243; 15
244; 20
245; 20
246; 24
247; 24
248; 29
249; 29
250; 34
251; 0
252; 5
253; 5
254; 10
255; 10
256; 14
257; 14
258; 19
259; 19
260; 23
261; 23
262; 28
263; 28
264; 34
265; 0
266; 4
267; 4
268; 12
269; 12
270; 19
271; 19
272; 24
273; 24
274; 28
275; 28
276; 32
277; 32
278; 39
279; 0
280; 7
281; 7
282; 11
283; 11
284; 15
285; 15
286; 20
287; 20
288; 27
289; 27
290; 35
291; 35
292; 39
293; 0
294; 8
295; 8
296; 13
297; 13
298; 21
299; 21
300; 25
301; 25
302; 30
303; 30
304; 35
305; 35
306; 40
307; 30
308; 38
309; 38
310; 43
311; 43
312; 51
313; 51
314; 55
315; 55
316; 0
317; 0
318; 5
319; 5
320; 10
321; 0
322; 5
323; 5
324; 10
325; 10
326; 15
327; 15
328; 19
329; 19
330; 27
331; 27
332; 32
333; 32
334; 40
335; 30
336; 35
337; 35
338; 40
339; 40
340; 45
341; 45
342; 49
343; 49
344; 57
345; 57
346; 2
347; 2
348; 10
349; 0
350; 5
351; 5
352; 21
353; 21
354; 28
355; 28
356; 33
357; 33
358; 40
359; 40
360; 48
361; 48
362; 52
363; 0
364; 4
365; 4
366; 12
367; 12
368; 19
369; 19
370; 24
371; 24
372; 31
373; 31
374; 47
375; 47
376; 52
377; 18
378; 24
379; 24
380; 29
381; 29
382; 33
383; 33
384; 41
385; 41
386; 46
387; 46
388; 51
389; 48
390; 54
391; 54
392; 59
393; 59
394; 3
395; 3
396; 11
397; 11
398; 16
399; 16
400; 21
401; 18
402; 23
403; 23
404; 28
405; 28
406; 36
407; 36
408; 40
409; 40
410; 45
411; 45
412; 51
413; 48
414; 53
415; 53
416; 58
417; 58
418; 6
419; 6
420; 10
421; 10
422; 15
423; 15
424; 21
425; 0
426; 6
427; 6
428; 11
429; 11
430; 15
431; 15
432; 23
433; 23
434; 27
435; 27
436; 31
437; 30
438; 36
439; 36
440; 41
441; 41
442; 45
443; 45
444; 53
445; 53
446; 57
447; 57
448; 1
449; 0
450; 4
451; 4
452; 8
453; 8
454; 16
455; 16
456; 20
457; 20
458; 25
459; 25
460; 31
461; 30
462; 34
463; 34
464; 38
465; 38
466; 46
467; 46
468; 50
469; 50
470; 55
471; 55
472; 1
473; 57
474; 2
475; 2
476; 6
477; 6
478; 11
479; 11
480; 16
481; 16
482; 21
483; 21
484; 26
485; 12
486; 17
487; 17
488; 21
489; 21
490; 26
491; 26
492; 31
493; 31
494; 36
495; 36
496; 41
497; 27
498; 32
499; 32
500; 36
501; 36
502; 41
503; 41
504; 46
505; 46
506; 51
507; 51
508; 56
509; 42
510; 47
511; 47
512; 51
513; 51
514; 56
515; 56
516; 1
517; 1
518; 6
519; 6
520; 11
521; 27
522; 32
523; 32
524; 37
525; 37
526; 42
527; 42
528; 47
529; 47
530; 51
531; 51
532; 56
533; 42
534; 47
535; 47
536; 52
537; 52
538; 57
539; 57
540; 2
541; 2
542; 6
543; 6
544; 11
545; 57
546; 2
547; 2
548; 7
549; 7
550; 12
551; 12
552; 17
553; 17
554; 21
555; 21
556; 26
557; 12
558; 17
559; 17
560; 22
561; 22
562; 27
563; 27
564; 32
565; 32
566; 36
567; 36
568; 41
569; 5
570; 9
571; 9
572; 15
573; 15
574; 19
575; 19
576; 25
577; 25
578; 30
579; 30
580; 35
581; 20
582; 24
583; 24
584; 30
585; 30
586; 34
587; 34
588; 40
589; 40
590; 45
591; 45
592; 50
593; 35
594; 39
595; 39
596; 45
597; 45
598; 49
599; 49
600; 55
601; 55
602; 0
603; 0
604; 5
605; 50
606; 54
607; 54
608; 0
609; 0
610; 4
611; 4
612; 10
613; 10
614; 15
615; 15
616; 20
617; 35
618; 40
619; 40
620; 45
621; 45
622; 51
623; 51
624; 55
625; 55
626; 1
627; 1
628; 5
629; 50
630; 55
631; 55
632; 0
633; 0
634; 6
635; 6
636; 10
637; 10
638; 16
639; 16
640; 20
641; 5
642; 10
643; 10
644; 15
645; 15
646; 21
647; 21
648; 25
649; 25
650; 31
651; 31
652; 35
653; 20
654; 25
655; 25
656; 30
657; 30
658; 36
659; 36
660; 40
661; 40
662; 46
663; 46
664; 50
665; 40
666; 44
667; 44
668; 50
669; 50
670; 54
671; 54
672; 0
673; 0
674; 4
675; 4
676; 8
677; 55
678; 59
679; 59
680; 5
681; 5
682; 9
683; 9
684; 15
685; 15
686; 19
687; 19
688; 23
689; 10
690; 14
691; 14
692; 20
693; 20
694; 24
695; 24
696; 30
697; 30
698; 34
699; 34
700; 38
701; 25
702; 29
703; 29
704; 35
705; 35
706; 39
707; 39
708; 45
709; 45
710; 49
711; 49
712; 53
713; 10
714; 14
715; 14
716; 18
717; 18
718; 24
719; 24
720; 28
721; 28
722; 34
723; 34
724; 38
725; 25
726; 29
727; 29
728; 33
729; 33
730; 39
731; 39
732; 43
733; 43
734; 49
735; 49
736; 53
737; 40
738; 44
739; 44
740; 48
741; 48
742; 54
743; 54
744; 58
745; 58
746; 4
747; 4
748; 8
749; 55
750; 59
751; 59
752; 3
753; 3
754; 9
755; 9
756; 13
757; 13
758; 19
759; 19
760; 23
761; 0
762; 4
763; 4
764; 10
765; 10
766; 16
767; 16
768; 20
769; 20
770; 26
771; 26
772; 30
773; 30
774; 34
775; 34
776; 40
777; 40
778; 44
779; 44
780; 50
781; 50
782; 56
783; 56
784; 0
785; 0
786; 4
787; 4
788; 8
789; 8
790; 14
791; 14
792; 18
793; 18
794; 22
795; 22
796; 26
797; 30
798; 34
799; 34
800; 38
801; 38
802; 42
803; 42
804; 48
805; 48
806; 52
807; 52
808; 56
809; 0
810; 4
811; 4
812; 8
813; 8
814; 14
815; 14
816; 19
817; 19
818; 27
819; 30
820; 38
821; 38
822; 43
823; 43
824; 49
825; 49
826; 53
827; 53
828; 57
829; 0
830; 4
831; 4
832; 8
833; 8
834; 12
835; 12
836; 18
837; 18
838; 22
839; 30
840; 34
841; 34
842; 40
843; 40
844; 44
845; 44
846; 48
847; 48
848; 52
849; 0
850; 4
851; 4
852; 8
853; 8
854; 12
855; 12
856; 16
857; 16
858; 20
859; 15
860; 19
861; 19
862; 23
863; 23
864; 27
865; 27
866; 31
867; 31
868; 35
869; 30
870; 34
871; 34
872; 38
873; 38
874; 42
875; 42
876; 46
877; 46
878; 50
879; 45
880; 49
881; 49
882; 53
883; 53
884; 57
885; 57
886; 1
887; 1
888; 5
889; 30
890; 34
891; 34
892; 38
893; 38
894; 42
895; 42
896; 46
897; 46
898; 50
899; 45
900; 49
901; 49
902; 53
903; 53
904; 57
905; 57
906; 1
907; 1
908; 5
909; 0
910; 4
911; 4
912; 8
913; 8
914; 12
915; 12
916; 16
917; 16
918; 20
919; 15
920; 19
921; 19
922; 23
923; 23
924; 27
925; 27
926; 31
927; 31
928; 35
929; 23
930; 27
931; 27
932; 33
933; 33
934; 38
935; 38
936; 43
937; 43
938; 47
939; 53
940; 57
941; 57
942; 2
943; 2
944; 7
945; 7
946; 13
947; 13
948; 17
949; 0
950; 8
951; 8
952; 13
953; 13
954; 17
955; 17
956; 21
957; 30
958; 34
959; 34
960; 38
961; 38
962; 43
963; 43
964; 51
965; 0
966; 8
967; 8
968; 15
969; 15
970; 20
971; 20
972; 24
973; 30
974; 34
975; 34
976; 39
977; 39
978; 46
979; 46
980; 54
981; 0
982; 5
983; 5
984; 10
985; 10
986; 14
987; 14
988; 18
989; 30
990; 34
991; 34
992; 38
993; 38
994; 43
995; 43
996; 48
997; 19
998; 24
999; 24
1000; 31
1001; 31
1002; 36
1003; 36
1004; 40
1005; 49
1006; 54
1007; 54
1008; 1
1009; 1
1010; 6
1011; 6
1012; 10
1013; 49
1014; 53
1015; 53
1016; 58
1017; 58
1018; 5
1019; 5
1020; 10
1021; 19
1022; 23
1023; 23
1024; 28
1025; 28
1026; 35
1027; 35
1028; 40
1029; 0
1030; 4
1031; 4
1032; 10
1033; 10
1034; 14
1035; 14
1036; 18
1037; 30
1038; 34
1039; 34
1040; 40
1041; 40
1042; 44
1043; 44
1044; 48
1045; 30
1046; 34
1047; 34
1048; 38
1049; 38
1050; 44
1051; 44
1052; 48
1053; 0
1054; 4
1055; 4
1056; 8
1057; 8
1058; 14
1059; 14
1060; 18
1061; 0
1062; 6
1063; 6
1064; 23
1065; 23
1066; 27
1067; 30
1068; 34
1069; 34
1070; 51
1071; 51
1072; 57
1073; 0
1074; 4
1075; 4
1076; 12
1077; 12
1078; 19
1079; 30
1080; 34
1081; 34
1082; 42
1083; 42
1084; 49
1085; 30
1086; 37
1087; 37
1088; 45
1089; 45
1090; 49
1091; 0
1092; 7
1093; 7
1094; 15
1095; 15
1096; 19
1097; 0
1098; 4
1099; 4
1100; 10
1101; 30
1102; 36
1103; 36
1104; 40
1105; 0
1106; 8
1107; 8
1108; 13
1109; 30
1110; 35
1111; 35
1112; 43
1113; 0
1114; 4
1115; 4
1116; 8
1117; 30
1118; 34
1119; 34
1120; 38
1121; 0
1122; 8
1123; 30
1124; 38
1125; 0
1126; 6
1127; 30
1128; 36
1129; 0
1130; 4
1131; 30
1132; 34
1133; 0
1134; 5
1135; 8
1136; 13
1137; 17
1138; 22
1139; 25
1140; 30
1141; 34
1142; 39
1143; 42
1144; 47
1145; 51
1146; 56
1147; 30
1148; 35
1149; 38
1150; 43
1151; 47
1152; 52
1153; 55
1154; 0
1155; 4
1156; 9
1157; 12
1158; 17
1159; 21
1160; 26
1161; 0
1162; 6
1163; 15
1164; 21
1165; 30
1166; 36
1167; 45
1168; 51
1169; 30
1170; 36
1171; 45
1172; 51
1173; 0
1174; 6
1175; 15
1176; 21
1177; 0
1178; 5
1179; 8
1180; 13
1181; 17
1182; 22
1183; 25
1184; 30
1185; 34
1186; 39
1187; 42
1188; 47
1189; 51
1190; 56
1191; 30
1192; 35
1193; 38
1194; 43
1195; 47
1196; 52
1197; 55
1198; 0
1199; 4
1200; 9
1201; 12
1202; 17
1203; 21
1204; 26
1205; 0
1206; 4
1207; 10
1208; 14
1209; 20
1210; 24
1211; 30
1212; 34
1213; 40
1214; 44
1215; 50
1216; 54
1217; 30
1218; 34
1219; 40
1220; 44
1221; 50
1222; 54
1223; 0
1224; 4
1225; 10
1226; 14
1227; 20
1228; 24
1229; 0
1230; 16
1231; 30
1232; 46
1233; 0
1234; 5
1235; 5
1236; 10
1237; 10
1238; 16
1239; 30
1240; 36
1241; 36
1242; 41
1243; 41
1244; 46
1245; 59
1246; 4
1247; 4
1248; 9
1249; 9
1250; 15
1251; 15
1252; 21
1253; 7
1254; 12
1255; 12
1256; 17
1257; 17
1258; 23
1259; 23
1260; 29
1261; 16
1262; 21
1263; 21
1264; 26
1265; 26
1266; 32
1267; 32
1268; 38
1269; 24
1270; 29
1271; 29
1272; 34
1273; 34
1274; 40
1275; 40
1276; 46
1277; 33
1278; 38
1279; 38
1280; 43
1281; 43
1282; 49
1283; 49
1284; 55
1285; 41
1286; 46
1287; 46
1288; 51
1289; 51
1290; 57
1291; 57
1292; 3
1293; 50
1294; 55
1295; 55
1296; 0
1297; 0
1298; 6
1299; 6
1300; 12
1301; 29
1302; 35
1303; 35
1304; 41
1305; 41
1306; 46
1307; 46
1308; 51
1309; 37
1310; 43
1311; 43
1312; 49
1313; 49
1314; 54
1315; 54
1316; 59
1317; 46
1318; 52
1319; 52
1320; 58
1321; 58
1322; 3
1323; 3
1324; 8
1325; 54
1326; 0
1327; 0
1328; 6
1329; 6
1330; 11
1331; 11
1332; 16
1333; 3
1334; 9
1335; 9
1336; 15
1337; 15
1338; 20
1339; 20
1340; 25
1341; 11
1342; 17
1343; 17
1344; 23
1345; 23
1346; 28
1347; 28
1348; 33
1349; 20
1350; 26
1351; 26
1352; 32
1353; 32
1354; 37
1355; 37
1356; 42
1357; 0
1358; 6
1359; 6
1360; 12
1361; 30
1362; 36
1363; 36
1364; 42
1365; 29
1366; 34
1367; 34
1368; 39
1369; 39
1370; 46
1371; 37
1372; 42
1373; 42
1374; 47
1375; 47
1376; 54
1377; 46
1378; 51
1379; 51
1380; 56
1381; 56
1382; 3
1383; 54
1384; 59
1385; 59
1386; 4
1387; 4
1388; 11
1389; 3
1390; 8
1391; 8
1392; 13
1393; 13
1394; 20
1395; 11
1396; 16
1397; 16
1398; 21
1399; 21
1400; 28
1401; 20
1402; 25
1403; 25
1404; 30
1405; 30
1406; 37
1407; 59
1408; 6
1409; 6
1410; 11
1411; 11
1412; 16
1413; 7
1414; 14
1415; 14
1416; 19
1417; 19
1418; 24
1419; 16
1420; 23
1421; 23
1422; 28
1423; 28
1424; 33
1425; 24
1426; 31
1427; 31
1428; 36
1429; 36
1430; 41
1431; 33
1432; 40
1433; 40
1434; 45
1435; 45
1436; 50
1437; 41
1438; 48
1439; 48
1440; 53
1441; 53
1442; 58
1443; 50
1444; 57
1445; 57
1446; 2
1447; 2
1448; 7
1449; 0
1450; 5
1451; 5
1452; 11
1453; 30
1454; 36
1455; 36
1456; 41
1457; 55
1458; 0
1459; 0
1460; 8
1461; 15
1462; 20
1463; 20
1464; 28
1465; 35
1466; 40
1467; 40
1468; 48
1469; 25
1470; 33
1471; 33
1472; 38
1473; 45
1474; 53
1475; 53
1476; 58
1477; 5
1478; 13
1479; 13
1480; 18
1481; 8
1482; 13
1483; 13
1484; 18
1485; 18
1486; 24
1487; 38
1488; 43
1489; 43
1490; 48
1491; 48
1492; 54
1493; 38
1494; 44
1495; 44
1496; 49
1497; 49
1498; 54
1499; 8
1500; 14
1501; 14
1502; 19
1503; 19
1504; 24
1505; 27
1506; 31
1507; 31
1508; 38
1509; 38
1510; 54
1511; 57
1512; 1
1513; 1
1514; 8
1515; 8
1516; 24
1517; 57
1518; 13
1519; 13
1520; 20
1521; 20
1522; 24
1523; 27
1524; 43
1525; 43
1526; 50
1527; 50
1528; 54
1529; 56
1530; 3
1531; 3
1532; 11
1533; 11
1534; 15
1535; 15
1536; 20
1537; 11
1538; 18
1539; 18
1540; 26
1541; 26
1542; 30
1543; 30
1544; 35
1545; 26
1546; 33
1547; 33
1548; 41
1549; 41
1550; 45
1551; 45
1552; 50
1553; 41
1554; 48
1555; 48
1556; 56
1557; 56
1558; 0
1559; 0
1560; 5
1561; 26
1562; 31
1563; 31
1564; 35
1565; 35
1566; 43
1567; 43
1568; 50
1569; 41
1570; 46
1571; 46
1572; 50
1573; 50
1574; 58
1575; 58
1576; 5
1577; 56
1578; 1
1579; 1
1580; 5
1581; 5
1582; 13
1583; 13
1584; 20
1585; 11
1586; 16
1587; 16
1588; 20
1589; 20
1590; 28
1591; 28
1592; 35
1593; 55
1594; 59
1595; 59
1596; 3
1597; 3
1598; 11
1599; 11
1600; 15
1601; 15
1602; 20
1603; 10
1604; 14
1605; 14
1606; 18
1607; 18
1608; 26
1609; 26
1610; 30
1611; 30
1612; 35
1613; 25
1614; 29
1615; 29
1616; 33
1617; 33
1618; 41
1619; 41
1620; 45
1621; 45
1622; 50
1623; 40
1624; 44
1625; 44
1626; 48
1627; 48
1628; 56
1629; 56
1630; 0
1631; 0
1632; 5
1633; 25
1634; 30
1635; 30
1636; 34
1637; 34
1638; 42
1639; 42
1640; 46
1641; 46
1642; 50
1643; 40
1644; 45
1645; 45
1646; 49
1647; 49
1648; 57
1649; 57
1650; 1
1651; 1
1652; 5
1653; 55
1654; 0
1655; 0
1656; 4
1657; 4
1658; 12
1659; 12
1660; 16
1661; 16
1662; 20
1663; 10
1664; 15
1665; 15
1666; 19
1667; 19
1668; 27
1669; 27
1670; 31
1671; 31
1672; 35
1673; 1
1674; 5
1675; 5
1676; 9
1677; 9
1678; 13
1679; 13
1680; 17
1681; 17
1682; 21
1683; 21
1684; 29
1685; 7
1686; 11
1687; 11
1688; 15
1689; 15
1690; 19
1691; 19
1692; 23
1693; 23
1694; 27
1695; 27
1696; 35
1697; 14
1698; 18
1699; 18
1700; 22
1701; 22
1702; 26
1703; 26
1704; 30
1705; 30
1706; 34
1707; 34
1708; 42
1709; 20
1710; 24
1711; 24
1712; 28
1713; 28
1714; 32
1715; 32
1716; 36
1717; 36
1718; 40
1719; 40
1720; 48
1721; 27
1722; 31
1723; 31
1724; 35
1725; 35
1726; 39
1727; 39
1728; 43
1729; 43
1730; 47
1731; 47
1732; 55
1733; 34
1734; 38
1735; 38
1736; 42
1737; 42
1738; 46
1739; 46
1740; 50
1741; 50
1742; 54
1743; 54
1744; 2
1745; 40
1746; 44
1747; 44
1748; 48
1749; 48
1750; 52
1751; 52
1752; 56
1753; 56
1754; 0
1755; 0
1756; 8
1757; 47
1758; 51
1759; 51
1760; 55
1761; 55
1762; 59
1763; 59
1764; 3
1765; 3
1766; 7
1767; 7
1768; 15
1769; 54
1770; 58
1771; 58
1772; 2
1773; 2
1774; 6
1775; 6
1776; 10
1777; 10
1778; 14
1779; 14
1780; 22
1781; 31
1782; 39
1783; 39
1784; 43
1785; 43
1786; 47
1787; 47
1788; 51
1789; 51
1790; 55
1791; 55
1792; 59
1793; 37
1794; 45
1795; 45
1796; 49
1797; 49
1798; 53
1799; 53
1800; 57
1801; 57
1802; 1
1803; 1
1804; 5
1805; 44
1806; 52
1807; 52
1808; 56
1809; 56
1810; 0
1811; 0
1812; 4
1813; 4
1814; 8
1815; 8
1816; 12
1817; 50
1818; 58
1819; 58
1820; 2
1821; 2
1822; 6
1823; 6
1824; 10
1825; 10
1826; 14
1827; 14
1828; 18
1829; 57
1830; 5
1831; 5
1832; 9
1833; 9
1834; 13
1835; 13
1836; 17
1837; 17
1838; 21
1839; 21
1840; 25
1841; 4
1842; 12
1843; 12
1844; 16
1845; 16
1846; 20
1847; 20
1848; 24
1849; 24
1850; 28
1851; 28
1852; 32
1853; 10
1854; 18
1855; 18
1856; 22
1857; 22
1858; 26
1859; 26
1860; 30
1861; 30
1862; 34
1863; 34
1864; 38
1865; 17
1866; 25
1867; 25
1868; 29
1869; 29
1870; 33
1871; 33
1872; 37
1873; 37
1874; 41
1875; 41
1876; 45
1877; 24
1878; 32
1879; 32
1880; 36
1881; 36
1882; 40
1883; 40
1884; 44
1885; 44
1886; 48
1887; 48
1888; 52
