#line-id;line-code;direction;edge-order;edge-id;frequency;departure_time;arrival_time
2;2H;<;1;20;2;0;6
2;2H;<;2;19;2;6;12
2;2H;<;3;18;2;12;18
2;2H;<;4;17;2;18;24
2;2H;<;5;24;2;24;30
2;2H;<;6;13;2;30;36
2;2H;<;7;14;2;36;42
2;2H;<;8;31;2;42;48
2;2H;<;9;11;2;48;54
2;2H;<;10;12;2;54;0
2;2R;>;1;12;2;9;15
2;2R;>;2;11;2;15;21
2;2R;>;3;31;2;22;28
2;2R;>;4;14;2;28;34
2;2R;>;5;13;2;34;40
2;2R;>;6;24;2;40;46
2;2R;>;7;17;2;46;52
2;2R;>;8;18;2;52;58
2;2R;>;9;19;2;58;4
2;2R;>;10;20;2;4;10
3;3H;<;1;16;3;6;12
3;3H;<;2;15;3;12;18
3;3H;<;3;31;3;18;24
3;3H;<;4;10;3;24;30
3;3H;<;5;9;3;30;36
3;3H;<;6;22;3;36;42
3;3H;<;7;5;3;42;48
3;3H;<;8;6;3;48;54
3;3H;<;9;7;3;54;0
3;3H;<;10;8;3;0;6
3;3R;>;1;8;3;10;16
3;3R;>;2;7;3;16;22
3;3R;>;3;6;3;22;28
3;3R;>;4;5;3;28;34
3;3R;>;5;22;3;34;40
3;3R;>;6;9;3;40;46
3;3R;>;7;10;3;46;52
3;3R;>;8;31;3;52;58
3;3R;>;9;15;3;58;4
3;3R;>;10;16;3;4;10
5;5H;<;1;9;2;12;18
5;5H;<;2;10;2;18;24
5;5H;<;3;30;2;24;30
5;5H;<;4;29;2;30;36
5;5H;<;5;3;2;36;42
5;5H;<;6;4;2;42;48
5;5R;>;1;4;2;24;30
5;5R;>;2;3;2;30;36
5;5R;>;3;29;2;36;42
5;5R;>;4;30;2;42;48
5;5R;>;5;10;2;48;54
5;5R;>;6;9;2;54;0
8;8H;<;1;20;3;17;23
8;8H;<;2;19;3;23;29
8;8H;<;3;32;3;29;35
8;8H;<;4;15;3;35;41
8;8H;<;5;16;3;41;47
8;8R;>;1;16;3;9;15
8;8R;>;2;15;3;15;21
8;8R;>;3;32;3;21;27
8;8R;>;4;19;3;27;33
8;8R;>;5;20;3;33;39
9;9H;<;1;20;1;21;27
9;9H;<;2;19;1;27;33
9;9H;<;3;32;1;33;39
9;9H;<;4;14;1;39;45
9;9H;<;5;13;1;45;51
9;9R;>;1;13;1;21;27
9;9R;>;2;14;1;27;33
9;9R;>;3;32;1;33;39
9;9R;>;4;19;1;39;45
9;9R;>;5;20;1;45;51
10;10H;<;1;16;1;21;27
10;10H;<;2;15;1;27;33
10;10H;<;3;31;1;33;39
10;10H;<;4;11;1;39;45
10;10H;<;5;12;1;45;51
10;10R;>;1;12;1;21;27
10;10R;>;2;11;1;27;33
10;10R;>;3;31;1;33;39
10;10R;>;4;15;1;39;45
10;10R;>;5;16;1;45;51
19;19H;<;1;1;5;1;7
19;19H;<;2;2;5;7;13
19;19H;<;3;29;5;13;19
19;19H;<;4;30;5;19;27
19;19R;>;1;30;5;3;9
19;19R;>;2;29;5;9;15
19;19R;>;3;2;5;15;21
19;19R;>;4;1;5;21;27
23;23H;<;1;31;2;15;23
23;23R;>;1;31;2;15;21
24;24H;<;1;30;4;0;6
24;24R;>;1;30;4;13;19
