#line-id;line-code;direction;stop-order;stop-id;frequency;departure_time;arrival_time
2;2H;>;1;25;2;0;0
2;2H;>;2;24;2;6;6
2;2H;>;3;23;2;12;12
2;2H;>;4;22;2;18;18
2;2H;>;5;21;2;24;24
2;2H;>;6;16;2;30;30
2;2H;>;7;17;2;36;36
2;2H;>;8;18;2;42;42
2;2H;>;9;13;2;48;48
2;2H;>;10;14;2;54;54
2;2H;>;11;15;2;0;0
2;2R;<;1;15;2;9;9
2;2R;<;2;14;2;15;15
2;2R;<;3;13;2;21;22
2;2R;<;4;18;2;28;28
2;2R;<;5;17;2;34;34
2;2R;<;6;16;2;40;40
2;2R;<;7;21;2;46;46
2;2R;<;8;22;2;52;52
2;2R;<;9;23;2;58;58
2;2R;<;10;24;2;4;4
2;2R;<;11;25;2;10;10
3;3H;>;1;20;3;6;6
3;3H;>;2;19;3;12;12
3;3H;>;3;18;3;18;18
3;3H;>;4;13;3;24;24
3;3H;>;5;12;3;30;30
3;3H;>;6;11;3;36;36
3;3H;>;7;6;3;42;42
3;3H;>;8;7;3;48;48
3;3H;>;9;8;3;54;54
3;3H;>;10;9;3;0;0
3;3H;>;11;10;3;6;6
3;3R;<;1;10;3;10;10
3;3R;<;2;9;3;16;16
3;3R;<;3;8;3;22;22
3;3R;<;4;7;3;28;28
3;3R;<;5;6;3;34;34
3;3R;<;6;11;3;40;40
3;3R;<;7;12;3;46;46
3;3R;<;8;13;3;52;52
3;3R;<;9;18;3;58;58
3;3R;<;10;19;3;4;4
3;3R;<;11;20;3;10;10
5;5H;>;1;11;2;12;12
5;5H;>;2;12;2;18;18
5;5H;>;3;13;2;24;24
5;5H;>;4;8;2;30;30
5;5H;>;5;3;2;36;36
5;5H;>;6;4;2;42;42
5;5H;>;7;5;2;48;48
5;5R;<;1;5;2;24;24
5;5R;<;2;4;2;30;30
5;5R;<;3;3;2;36;36
5;5R;<;4;8;2;42;42
5;5R;<;5;13;2;48;48
5;5R;<;6;12;2;54;54
5;5R;<;7;11;2;0;0
8;8H;>;1;25;3;17;17
8;8H;>;2;24;3;23;23
8;8H;>;3;23;3;29;29
8;8H;>;4;18;3;35;35
8;8H;>;5;19;3;41;41
8;8H;>;6;20;3;47;47
8;8R;<;1;20;3;9;9
8;8R;<;2;19;3;15;15
8;8R;<;3;18;3;21;21
8;8R;<;4;23;3;27;27
8;8R;<;5;24;3;33;33
8;8R;<;6;25;3;39;39
9;9H;>;1;25;1;21;21
9;9H;>;2;24;1;27;27
9;9H;>;3;23;1;33;33
9;9H;>;4;18;1;39;39
9;9H;>;5;17;1;45;45
9;9H;>;6;16;1;51;51
9;9R;<;1;16;1;21;21
9;9R;<;2;17;1;27;27
9;9R;<;3;18;1;33;33
9;9R;<;4;23;1;39;39
9;9R;<;5;24;1;45;45
9;9R;<;6;25;1;51;51
10;10H;>;1;20;1;21;21
10;10H;>;2;19;1;27;27
10;10H;>;3;18;1;33;33
10;10H;>;4;13;1;39;39
10;10H;>;5;14;1;45;45
10;10H;>;6;15;1;51;51
10;10R;<;1;15;1;21;21
10;10R;<;2;14;1;27;27
10;10R;<;3;13;1;33;33
10;10R;<;4;18;1;39;39
10;10R;<;5;19;1;45;45
10;10R;<;6;20;1;51;51
19;19H;>;1;1;5;1;1
19;19H;>;2;2;5;7;7
19;19H;>;3;3;5;13;13
19;19H;>;4;8;5;19;19
19;19H;>;5;13;5;27;27
19;19R;<;1;13;5;3;3
19;19R;<;2;8;5;9;9
19;19R;<;3;3;5;15;15
19;19R;<;4;2;5;21;21
19;19R;<;5;1;5;27;27
23;23H;>;1;13;2;15;15
23;23H;>;2;18;2;23;23
23;23R;<;1;18;2;15;15
23;23R;<;2;13;2;21;21
24;24H;>;1;8;4;0;0
24;24H;>;2;13;4;6;6
24;24R;<;1;13;4;13;13
24;24R;<;2;8;4;19;19
