#event-id; time
1; 0
2; 3
3; 3
4; 27
5; 27
6; 29
7; 29
8; 31
9; 31
10; 33
11; 33
12; 37
13; 37
14; 40
15; 40
16; 44
17; 44
18; 48
19; 48
20; 52
21; 30
22; 33
23; 33
24; 57
25; 57
26; 59
27; 59
28; 1
29; 1
30; 3
31; 3
32; 7
33; 7
34; 10
35; 10
36; 14
37; 14
38; 18
39; 18
40; 22
41; 0
42; 4
43; 4
44; 8
45; 8
46; 12
47; 12
48; 15
49; 15
50; 19
51; 19
52; 21
53; 21
54; 23
55; 23
56; 25
57; 25
58; 49
59; 49
60; 52
61; 30
62; 34
63; 34
64; 38
65; 38
66; 42
67; 42
68; 45
69; 45
70; 49
71; 49
72; 51
73; 51
74; 53
75; 53
76; 55
77; 55
78; 19
79; 19
80; 22
81; 19
82; 25
83; 25
84; 34
85; 34
86; 48
87; 48
88; 52
89; 52
90; 56
91; 56
92; 59
93; 59
94; 5
95; 19
96; 25
97; 25
98; 28
99; 28
100; 32
101; 32
102; 36
103; 36
104; 50
105; 50
106; 59
107; 59
108; 5
109; 36
110; 43
111; 43
112; 47
113; 47
114; 49
115; 49
116; 51
117; 51
118; 53
119; 53
120; 57
121; 57
122; 3
123; 6
124; 12
125; 12
126; 16
127; 16
128; 18
129; 18
130; 20
131; 20
132; 22
133; 22
134; 26
135; 26
136; 33
137; 21
138; 32
139; 32
140; 35
141; 35
142; 44
143; 44
144; 53
145; 53
146; 59
147; 59
148; 1
149; 51
150; 2
151; 2
152; 5
153; 5
154; 14
155; 14
156; 23
157; 23
158; 29
159; 29
160; 31
161; 21
162; 23
163; 23
164; 29
165; 29
166; 38
167; 38
168; 47
169; 47
170; 50
171; 50
172; 1
173; 51
174; 53
175; 53
176; 59
177; 59
178; 8
179; 8
180; 17
181; 17
182; 20
183; 20
184; 31
185; 0
186; 17
187; 17
188; 27
189; 27
190; 36
191; 36
192; 38
193; 38
194; 42
195; 0
196; 4
197; 4
198; 6
199; 6
200; 15
201; 15
202; 25
203; 25
204; 42
205; 58
206; 7
207; 7
208; 14
209; 14
210; 23
211; 23
212; 27
213; 27
214; 31
215; 58
216; 2
217; 2
218; 6
219; 6
220; 15
221; 15
222; 22
223; 22
224; 31
225; 22
226; 33
227; 33
228; 36
229; 36
230; 45
231; 45
232; 51
233; 51
234; 53
235; 32
236; 43
237; 43
238; 46
239; 46
240; 55
241; 55
242; 1
243; 1
244; 3
245; 42
246; 53
247; 53
248; 56
249; 56
250; 5
251; 5
252; 11
253; 11
254; 13
255; 52
256; 3
257; 3
258; 6
259; 6
260; 15
261; 15
262; 21
263; 21
264; 23
265; 2
266; 13
267; 13
268; 16
269; 16
270; 25
271; 25
272; 31
273; 31
274; 33
275; 12
276; 23
277; 23
278; 26
279; 26
280; 35
281; 35
282; 41
283; 41
284; 43
285; 22
286; 24
287; 24
288; 30
289; 30
290; 39
291; 39
292; 42
293; 42
294; 53
295; 32
296; 34
297; 34
298; 40
299; 40
300; 49
301; 49
302; 52
303; 52
304; 3
305; 42
306; 44
307; 44
308; 50
309; 50
310; 59
311; 59
312; 2
313; 2
314; 13
315; 52
316; 54
317; 54
318; 0
319; 0
320; 9
321; 9
322; 12
323; 12
324; 23
325; 2
326; 4
327; 4
328; 10
329; 10
330; 19
331; 19
332; 22
333; 22
334; 33
335; 12
336; 14
337; 14
338; 20
339; 20
340; 29
341; 29
342; 32
343; 32
344; 43
345; 16
346; 20
347; 20
348; 30
349; 30
350; 34
351; 34
352; 37
353; 37
354; 44
355; 46
356; 53
357; 53
358; 56
359; 56
360; 0
361; 0
362; 10
363; 10
364; 14
365; 42
366; 45
367; 45
368; 51
369; 51
370; 1
371; 1
372; 4
373; 2
374; 5
375; 5
376; 11
377; 11
378; 21
379; 21
380; 24
381; 22
382; 25
383; 25
384; 31
385; 31
386; 41
387; 41
388; 44
389; 12
390; 15
391; 15
392; 25
393; 25
394; 31
395; 31
396; 34
397; 32
398; 35
399; 35
400; 45
401; 45
402; 51
403; 51
404; 54
405; 52
406; 55
407; 55
408; 5
409; 5
410; 11
411; 11
412; 14
413; 0
414; 6
415; 6
416; 15
417; 15
418; 29
419; 29
420; 33
421; 0
422; 4
423; 4
424; 18
425; 18
426; 27
427; 27
428; 33
429; 0
430; 7
431; 7
432; 11
433; 11
434; 35
435; 35
436; 38
437; 0
438; 3
439; 3
440; 27
441; 27
442; 31
443; 31
444; 38
445; 0
446; 6
447; 6
448; 20
449; 20
450; 23
451; 30
452; 33
453; 33
454; 47
455; 47
456; 53
457; 52
458; 59
459; 59
460; 6
461; 7
462; 14
463; 14
464; 21
465; 22
466; 29
467; 29
468; 36
469; 37
470; 44
471; 44
472; 51
473; 22
474; 29
475; 29
476; 36
477; 37
478; 44
479; 44
480; 51
481; 52
482; 59
483; 59
484; 6
485; 7
486; 14
487; 14
488; 21
489; 34
490; 36
491; 36
492; 37
493; 37
494; 45
495; 45
496; 49
497; 49
498; 59
499; 59
500; 3
501; 4
502; 8
503; 8
504; 18
505; 18
506; 22
507; 22
508; 30
509; 30
510; 31
511; 31
512; 33
513; 38
514; 41
515; 41
516; 48
517; 48
518; 56
519; 56
520; 57
521; 57
522; 59
523; 59
524; 5
525; 5
526; 13
527; 13
528; 16
529; 16
530; 21
531; 38
532; 43
533; 43
534; 46
535; 46
536; 54
537; 54
538; 0
539; 0
540; 2
541; 2
542; 3
543; 3
544; 11
545; 11
546; 18
547; 18
548; 21
549; 28
550; 30
551; 30
552; 31
553; 31
554; 42
555; 42
556; 48
557; 48
558; 54
559; 54
560; 1
561; 1
562; 10
563; 28
564; 37
565; 37
566; 44
567; 44
568; 50
569; 50
570; 56
571; 56
572; 7
573; 7
574; 8
575; 8
576; 10
577; 22
578; 31
579; 31
580; 34
581; 34
582; 40
583; 40
584; 50
585; 52
586; 2
587; 2
588; 8
589; 8
590; 11
591; 11
592; 20
593; 0
594; 7
595; 7
596; 11
597; 11
598; 13
599; 13
600; 15
601; 15
602; 17
603; 17
604; 21
605; 21
606; 24
607; 24
608; 28
609; 28
610; 32
611; 0
612; 4
613; 4
614; 8
615; 8
616; 11
617; 11
618; 15
619; 15
620; 17
621; 17
622; 19
623; 19
624; 21
625; 21
626; 25
627; 25
628; 32
629; 32
630; 35
631; 35
632; 48
633; 48
634; 53
635; 53
636; 55
637; 55
638; 5
639; 42
640; 45
641; 45
642; 58
643; 58
644; 3
645; 3
646; 5
647; 5
648; 15
649; 52
650; 55
651; 55
652; 8
653; 8
654; 13
655; 13
656; 15
657; 15
658; 25
659; 2
660; 5
661; 5
662; 18
663; 18
664; 23
665; 23
666; 25
667; 25
668; 35
669; 12
670; 15
671; 15
672; 28
673; 28
674; 33
675; 33
676; 35
677; 35
678; 45
679; 22
680; 25
681; 25
682; 38
683; 38
684; 43
685; 43
686; 45
687; 45
688; 55
689; 32
690; 42
691; 42
692; 44
693; 44
694; 49
695; 49
696; 2
697; 2
698; 5
699; 42
700; 52
701; 52
702; 54
703; 54
704; 59
705; 59
706; 12
707; 12
708; 15
709; 52
710; 2
711; 2
712; 4
713; 4
714; 9
715; 9
716; 22
717; 22
718; 25
719; 2
720; 12
721; 12
722; 14
723; 14
724; 19
725; 19
726; 32
727; 32
728; 35
729; 12
730; 22
731; 22
732; 24
733; 24
734; 29
735; 29
736; 42
737; 42
738; 45
739; 22
740; 32
741; 32
742; 34
743; 34
744; 39
745; 39
746; 52
747; 52
748; 55
749; 24
750; 27
751; 27
752; 31
753; 31
754; 34
755; 34
756; 36
757; 36
758; 38
759; 38
760; 40
761; 40
762; 43
763; 43
764; 45
765; 45
766; 47
767; 47
768; 50
769; 50
770; 52
771; 52
772; 53
773; 34
774; 37
775; 37
776; 41
777; 41
778; 44
779; 44
780; 46
781; 46
782; 48
783; 48
784; 50
785; 50
786; 53
787; 53
788; 55
789; 55
790; 57
791; 57
792; 0
793; 0
794; 2
795; 2
796; 3
797; 44
798; 47
799; 47
800; 51
801; 51
802; 54
803; 54
804; 56
805; 56
806; 58
807; 58
808; 0
809; 0
810; 3
811; 3
812; 5
813; 5
814; 7
815; 7
816; 10
817; 10
818; 12
819; 12
820; 13
821; 54
822; 57
823; 57
824; 1
825; 1
826; 4
827; 4
828; 6
829; 6
830; 8
831; 8
832; 10
833; 10
834; 13
835; 13
836; 15
837; 15
838; 17
839; 17
840; 20
841; 20
842; 22
843; 22
844; 23
845; 4
846; 7
847; 7
848; 11
849; 11
850; 14
851; 14
852; 16
853; 16
854; 18
855; 18
856; 20
857; 20
858; 23
859; 23
860; 25
861; 25
862; 27
863; 27
864; 30
865; 30
866; 32
867; 32
868; 33
869; 14
870; 17
871; 17
872; 21
873; 21
874; 24
875; 24
876; 26
877; 26
878; 28
879; 28
880; 30
881; 30
882; 33
883; 33
884; 35
885; 35
886; 37
887; 37
888; 40
889; 40
890; 42
891; 42
892; 43
893; 54
894; 55
895; 55
896; 57
897; 57
898; 0
899; 0
900; 2
901; 2
902; 4
903; 4
904; 7
905; 7
906; 9
907; 9
908; 11
909; 11
910; 13
911; 13
912; 16
913; 16
914; 20
915; 20
916; 23
917; 4
918; 5
919; 5
920; 7
921; 7
922; 10
923; 10
924; 12
925; 12
926; 14
927; 14
928; 17
929; 17
930; 19
931; 19
932; 21
933; 21
934; 23
935; 23
936; 26
937; 26
938; 30
939; 30
940; 33
941; 14
942; 15
943; 15
944; 17
945; 17
946; 20
947; 20
948; 22
949; 22
950; 24
951; 24
952; 27
953; 27
954; 29
955; 29
956; 31
957; 31
958; 33
959; 33
960; 36
961; 36
962; 40
963; 40
964; 43
965; 24
966; 25
967; 25
968; 27
969; 27
970; 30
971; 30
972; 32
973; 32
974; 34
975; 34
976; 37
977; 37
978; 39
979; 39
980; 41
981; 41
982; 43
983; 43
984; 46
985; 46
986; 50
987; 50
988; 53
989; 34
990; 35
991; 35
992; 37
993; 37
994; 40
995; 40
996; 42
997; 42
998; 44
999; 44
1000; 47
1001; 47
1002; 49
1003; 49
1004; 51
1005; 51
1006; 53
1007; 53
1008; 56
1009; 56
1010; 0
1011; 0
1012; 3
1013; 44
1014; 45
1015; 45
1016; 47
1017; 47
1018; 50
1019; 50
1020; 52
1021; 52
1022; 54
1023; 54
1024; 57
1025; 57
1026; 59
1027; 59
1028; 1
1029; 1
1030; 3
1031; 3
1032; 6
1033; 6
1034; 10
1035; 10
1036; 13
1037; 32
1038; 35
1039; 35
1040; 42
1041; 42
1042; 52
1043; 52
1044; 55
1045; 42
1046; 45
1047; 45
1048; 52
1049; 52
1050; 2
1051; 2
1052; 5
1053; 52
1054; 55
1055; 55
1056; 2
1057; 2
1058; 12
1059; 12
1060; 15
1061; 2
1062; 5
1063; 5
1064; 12
1065; 12
1066; 22
1067; 22
1068; 25
1069; 12
1070; 15
1071; 15
1072; 22
1073; 22
1074; 32
1075; 32
1076; 35
1077; 22
1078; 25
1079; 25
1080; 32
1081; 32
1082; 42
1083; 42
1084; 45
1085; 2
1086; 5
1087; 5
1088; 15
1089; 15
1090; 22
1091; 22
1092; 25
1093; 12
1094; 15
1095; 15
1096; 25
1097; 25
1098; 32
1099; 32
1100; 35
1101; 22
1102; 25
1103; 25
1104; 35
1105; 35
1106; 42
1107; 42
1108; 45
1109; 32
1110; 35
1111; 35
1112; 45
1113; 45
1114; 52
1115; 52
1116; 55
1117; 42
1118; 45
1119; 45
1120; 55
1121; 55
1122; 2
1123; 2
1124; 5
1125; 52
1126; 55
1127; 55
1128; 5
1129; 5
1130; 12
1131; 12
1132; 15
