# line-id; line-code; direction; stop-order; stop-id; frequency; arrival_time; departure_time; line-repetition
8; 8H; >; 1; 11; 2; 0; 0; 1
8; 8H; >; 2; 40; 2; 3; 3; 1
8; 8H; >; 3; 28; 2; 27; 27; 1
8; 8H; >; 4; 30; 2; 29; 29; 1
8; 8H; >; 5; 24; 2; 31; 31; 1
8; 8H; >; 6; 10; 2; 33; 33; 1
8; 8H; >; 7; 23; 2; 37; 37; 1
8; 8H; >; 8; 26; 2; 40; 40; 1
8; 8H; >; 9; 19; 2; 44; 44; 1
8; 8H; >; 10; 8; 2; 48; 48; 1
8; 8H; >; 11; 2; 2; 52; 52; 1
8; 8H; >; 1; 11; 2; 30; 30; 2
8; 8H; >; 2; 40; 2; 33; 33; 2
8; 8H; >; 3; 28; 2; 57; 57; 2
8; 8H; >; 4; 30; 2; 59; 59; 2
8; 8H; >; 5; 24; 2; 1; 1; 2
8; 8H; >; 6; 10; 2; 3; 3; 2
8; 8H; >; 7; 23; 2; 7; 7; 2
8; 8H; >; 8; 26; 2; 10; 10; 2
8; 8H; >; 9; 19; 2; 14; 14; 2
8; 8H; >; 10; 8; 2; 18; 18; 2
8; 8H; >; 11; 2; 2; 22; 22; 2
8; 8R; <; 1; 2; 2; 0; 0; 1
8; 8R; <; 2; 8; 2; 4; 4; 1
8; 8R; <; 3; 19; 2; 8; 8; 1
8; 8R; <; 4; 26; 2; 12; 12; 1
8; 8R; <; 5; 23; 2; 15; 15; 1
8; 8R; <; 6; 10; 2; 19; 19; 1
8; 8R; <; 7; 24; 2; 21; 21; 1
8; 8R; <; 8; 30; 2; 23; 23; 1
8; 8R; <; 9; 28; 2; 25; 25; 1
8; 8R; <; 10; 40; 2; 49; 49; 1
8; 8R; <; 11; 11; 2; 52; 52; 1
8; 8R; <; 1; 2; 2; 30; 30; 2
8; 8R; <; 2; 8; 2; 34; 34; 2
8; 8R; <; 3; 19; 2; 38; 38; 2
8; 8R; <; 4; 26; 2; 42; 42; 2
8; 8R; <; 5; 23; 2; 45; 45; 2
8; 8R; <; 6; 10; 2; 49; 49; 2
8; 8R; <; 7; 24; 2; 51; 51; 2
8; 8R; <; 8; 30; 2; 53; 53; 2
8; 8R; <; 9; 28; 2; 55; 55; 2
8; 8R; <; 10; 40; 2; 19; 19; 2
8; 8R; <; 11; 11; 2; 22; 22; 2
16; 16H; >; 1; 33; 1; 19; 19; 1
16; 16H; >; 2; 27; 1; 25; 25; 1
16; 16H; >; 3; 4; 1; 34; 34; 1
16; 16H; >; 4; 8; 1; 48; 48; 1
16; 16H; >; 5; 19; 1; 52; 52; 1
16; 16H; >; 6; 26; 1; 56; 56; 1
16; 16H; >; 7; 23; 1; 59; 59; 1
16; 16H; >; 8; 32; 1; 5; 5; 1
16; 16R; <; 1; 32; 1; 19; 19; 1
16; 16R; <; 2; 23; 1; 25; 25; 1
16; 16R; <; 3; 26; 1; 28; 28; 1
16; 16R; <; 4; 19; 1; 32; 32; 1
16; 16R; <; 5; 8; 1; 36; 36; 1
16; 16R; <; 6; 4; 1; 50; 50; 1
16; 16R; <; 7; 27; 1; 59; 59; 1
16; 16R; <; 8; 33; 1; 5; 5; 1
18; 18H; >; 1; 308; 1; 36; 36; 1
18; 18H; >; 2; 14; 1; 43; 43; 1
18; 18H; >; 3; 28; 1; 47; 47; 1
18; 18H; >; 4; 30; 1; 49; 49; 1
18; 18H; >; 5; 24; 1; 51; 51; 1
18; 18H; >; 6; 10; 1; 53; 53; 1
18; 18H; >; 7; 23; 1; 57; 57; 1
18; 18H; >; 8; 32; 1; 3; 3; 1
18; 18R; <; 1; 32; 1; 6; 6; 1
18; 18R; <; 2; 23; 1; 12; 12; 1
18; 18R; <; 3; 10; 1; 16; 16; 1
18; 18R; <; 4; 24; 1; 18; 18; 1
18; 18R; <; 5; 30; 1; 20; 20; 1
18; 18R; <; 6; 28; 1; 22; 22; 1
18; 18R; <; 7; 14; 1; 26; 26; 1
18; 18R; <; 8; 308; 1; 33; 33; 1
25; 25H; >; 1; 375; 2; 21; 21; 1
25; 25H; >; 2; 11; 2; 32; 32; 1
25; 25H; >; 3; 40; 2; 35; 35; 1
25; 25H; >; 4; 68; 2; 44; 44; 1
25; 25H; >; 5; 69; 2; 53; 53; 1
25; 25H; >; 6; 1; 2; 59; 59; 1
25; 25H; >; 7; 7; 2; 1; 1; 1
25; 25H; >; 1; 375; 2; 51; 51; 2
25; 25H; >; 2; 11; 2; 2; 2; 2
25; 25H; >; 3; 40; 2; 5; 5; 2
25; 25H; >; 4; 68; 2; 14; 14; 2
25; 25H; >; 5; 69; 2; 23; 23; 2
25; 25H; >; 6; 1; 2; 29; 29; 2
25; 25H; >; 7; 7; 2; 31; 31; 2
25; 25R; <; 1; 7; 2; 21; 21; 1
25; 25R; <; 2; 1; 2; 23; 23; 1
25; 25R; <; 3; 69; 2; 29; 29; 1
25; 25R; <; 4; 68; 2; 38; 38; 1
25; 25R; <; 5; 40; 2; 47; 47; 1
25; 25R; <; 6; 11; 2; 50; 50; 1
25; 25R; <; 7; 375; 2; 1; 1; 1
25; 25R; <; 1; 7; 2; 51; 51; 2
25; 25R; <; 2; 1; 2; 53; 53; 2
25; 25R; <; 3; 69; 2; 59; 59; 2
25; 25R; <; 4; 68; 2; 8; 8; 2
25; 25R; <; 5; 40; 2; 17; 17; 2
25; 25R; <; 6; 11; 2; 20; 20; 2
25; 25R; <; 7; 375; 2; 31; 31; 2
29; 29H; >; 1; 7; 1; 0; 0; 1
29; 29H; >; 2; 22; 1; 17; 17; 1
29; 29H; >; 3; 69; 1; 27; 27; 1
29; 29H; >; 4; 34; 1; 36; 36; 1
29; 29H; >; 5; 8; 1; 38; 38; 1
29; 29H; >; 6; 2; 1; 42; 42; 1
29; 29R; <; 1; 2; 1; 0; 0; 1
29; 29R; <; 2; 8; 1; 4; 4; 1
29; 29R; <; 3; 34; 1; 6; 6; 1
29; 29R; <; 4; 69; 1; 15; 15; 1
29; 29R; <; 5; 22; 1; 25; 25; 1
29; 29R; <; 6; 7; 1; 42; 42; 1
30; 30H; >; 1; 27; 1; 58; 58; 1
30; 30H; >; 2; 4; 1; 7; 7; 1
30; 30H; >; 3; 32; 1; 14; 14; 1
30; 30H; >; 4; 8; 1; 23; 23; 1
30; 30H; >; 5; 19; 1; 27; 27; 1
30; 30H; >; 6; 26; 1; 31; 31; 1
30; 30R; <; 1; 26; 1; 58; 58; 1
30; 30R; <; 2; 19; 1; 2; 2; 1
30; 30R; <; 3; 8; 1; 6; 6; 1
30; 30R; <; 4; 32; 1; 15; 15; 1
30; 30R; <; 5; 4; 1; 22; 22; 1
30; 30R; <; 6; 27; 1; 31; 31; 1
38; 38H; >; 1; 375; 6; 22; 22; 1
38; 38H; >; 2; 11; 6; 33; 33; 1
38; 38H; >; 3; 40; 6; 36; 36; 1
38; 38H; >; 4; 68; 6; 45; 45; 1
38; 38H; >; 5; 9; 6; 51; 51; 1
38; 38H; >; 6; 34; 6; 53; 53; 1
38; 38H; >; 1; 375; 6; 32; 32; 2
38; 38H; >; 2; 11; 6; 43; 43; 2
38; 38H; >; 3; 40; 6; 46; 46; 2
38; 38H; >; 4; 68; 6; 55; 55; 2
38; 38H; >; 5; 9; 6; 1; 1; 2
38; 38H; >; 6; 34; 6; 3; 3; 2
38; 38H; >; 1; 375; 6; 42; 42; 3
38; 38H; >; 2; 11; 6; 53; 53; 3
38; 38H; >; 3; 40; 6; 56; 56; 3
38; 38H; >; 4; 68; 6; 5; 5; 3
38; 38H; >; 5; 9; 6; 11; 11; 3
38; 38H; >; 6; 34; 6; 13; 13; 3
38; 38H; >; 1; 375; 6; 52; 52; 4
38; 38H; >; 2; 11; 6; 3; 3; 4
38; 38H; >; 3; 40; 6; 6; 6; 4
38; 38H; >; 4; 68; 6; 15; 15; 4
38; 38H; >; 5; 9; 6; 21; 21; 4
38; 38H; >; 6; 34; 6; 23; 23; 4
38; 38H; >; 1; 375; 6; 2; 2; 5
38; 38H; >; 2; 11; 6; 13; 13; 5
38; 38H; >; 3; 40; 6; 16; 16; 5
38; 38H; >; 4; 68; 6; 25; 25; 5
38; 38H; >; 5; 9; 6; 31; 31; 5
38; 38H; >; 6; 34; 6; 33; 33; 5
38; 38H; >; 1; 375; 6; 12; 12; 6
38; 38H; >; 2; 11; 6; 23; 23; 6
38; 38H; >; 3; 40; 6; 26; 26; 6
38; 38H; >; 4; 68; 6; 35; 35; 6
38; 38H; >; 5; 9; 6; 41; 41; 6
38; 38H; >; 6; 34; 6; 43; 43; 6
38; 38R; <; 1; 34; 6; 22; 22; 1
38; 38R; <; 2; 9; 6; 24; 24; 1
38; 38R; <; 3; 68; 6; 30; 30; 1
38; 38R; <; 4; 40; 6; 39; 39; 1
38; 38R; <; 5; 11; 6; 42; 42; 1
38; 38R; <; 6; 375; 6; 53; 53; 1
38; 38R; <; 1; 34; 6; 32; 32; 2
38; 38R; <; 2; 9; 6; 34; 34; 2
38; 38R; <; 3; 68; 6; 40; 40; 2
38; 38R; <; 4; 40; 6; 49; 49; 2
38; 38R; <; 5; 11; 6; 52; 52; 2
38; 38R; <; 6; 375; 6; 3; 3; 2
38; 38R; <; 1; 34; 6; 42; 42; 3
38; 38R; <; 2; 9; 6; 44; 44; 3
38; 38R; <; 3; 68; 6; 50; 50; 3
38; 38R; <; 4; 40; 6; 59; 59; 3
38; 38R; <; 5; 11; 6; 2; 2; 3
38; 38R; <; 6; 375; 6; 13; 13; 3
38; 38R; <; 1; 34; 6; 52; 52; 4
38; 38R; <; 2; 9; 6; 54; 54; 4
38; 38R; <; 3; 68; 6; 0; 0; 4
38; 38R; <; 4; 40; 6; 9; 9; 4
38; 38R; <; 5; 11; 6; 12; 12; 4
38; 38R; <; 6; 375; 6; 23; 23; 4
38; 38R; <; 1; 34; 6; 2; 2; 5
38; 38R; <; 2; 9; 6; 4; 4; 5
38; 38R; <; 3; 68; 6; 10; 10; 5
38; 38R; <; 4; 40; 6; 19; 19; 5
38; 38R; <; 5; 11; 6; 22; 22; 5
38; 38R; <; 6; 375; 6; 33; 33; 5
38; 38R; <; 1; 34; 6; 12; 12; 6
38; 38R; <; 2; 9; 6; 14; 14; 6
38; 38R; <; 3; 68; 6; 20; 20; 6
38; 38R; <; 4; 40; 6; 29; 29; 6
38; 38R; <; 5; 11; 6; 32; 32; 6
38; 38R; <; 6; 375; 6; 43; 43; 6
42; 42H; >; 1; 17; 1; 16; 16; 1
42; 42H; >; 2; 3; 1; 20; 20; 1
42; 42H; >; 3; 2; 1; 30; 30; 1
42; 42H; >; 4; 8; 1; 34; 34; 1
42; 42H; >; 5; 7; 1; 37; 37; 1
42; 42H; >; 6; 12; 1; 44; 44; 1
42; 42R; <; 1; 12; 1; 46; 46; 1
42; 42R; <; 2; 7; 1; 53; 53; 1
42; 42R; <; 3; 8; 1; 56; 56; 1
42; 42R; <; 4; 2; 1; 0; 0; 1
42; 42R; <; 5; 3; 1; 10; 10; 1
42; 42R; <; 6; 17; 1; 14; 14; 1
46; 46H; >; 1; 50; 3; 42; 42; 1
46; 46H; >; 2; 53; 3; 45; 45; 1
46; 46H; >; 3; 69; 3; 51; 51; 1
46; 46H; >; 4; 8; 3; 1; 1; 1
46; 46H; >; 5; 7; 3; 4; 4; 1
46; 46H; >; 1; 50; 3; 2; 2; 2
46; 46H; >; 2; 53; 3; 5; 5; 2
46; 46H; >; 3; 69; 3; 11; 11; 2
46; 46H; >; 4; 8; 3; 21; 21; 2
46; 46H; >; 5; 7; 3; 24; 24; 2
46; 46H; >; 1; 50; 3; 22; 22; 3
46; 46H; >; 2; 53; 3; 25; 25; 3
46; 46H; >; 3; 69; 3; 31; 31; 3
46; 46H; >; 4; 8; 3; 41; 41; 3
46; 46H; >; 5; 7; 3; 44; 44; 3
46; 46R; <; 1; 7; 3; 12; 12; 1
46; 46R; <; 2; 8; 3; 15; 15; 1
46; 46R; <; 3; 69; 3; 25; 25; 1
46; 46R; <; 4; 53; 3; 31; 31; 1
46; 46R; <; 5; 50; 3; 34; 34; 1
46; 46R; <; 1; 7; 3; 32; 32; 2
46; 46R; <; 2; 8; 3; 35; 35; 2
46; 46R; <; 3; 69; 3; 45; 45; 2
46; 46R; <; 4; 53; 3; 51; 51; 2
46; 46R; <; 5; 50; 3; 54; 54; 2
46; 46R; <; 1; 7; 3; 52; 52; 3
46; 46R; <; 2; 8; 3; 55; 55; 3
46; 46R; <; 3; 69; 3; 5; 5; 3
46; 46R; <; 4; 53; 3; 11; 11; 3
46; 46R; <; 5; 50; 3; 14; 14; 3
50; 50H; >; 1; 33; 1; 0; 0; 1
50; 50H; >; 2; 27; 1; 6; 6; 1
50; 50H; >; 3; 4; 1; 15; 15; 1
50; 50H; >; 4; 8; 1; 29; 29; 1
50; 50H; >; 5; 2; 1; 33; 33; 1
50; 50R; <; 1; 2; 1; 0; 0; 1
50; 50R; <; 2; 8; 1; 4; 4; 1
50; 50R; <; 3; 4; 1; 18; 18; 1
50; 50R; <; 4; 27; 1; 27; 27; 1
50; 50R; <; 5; 33; 1; 33; 33; 1
52; 52H; >; 1; 308; 1; 0; 0; 1
52; 52H; >; 2; 14; 1; 7; 7; 1
52; 52H; >; 3; 28; 1; 11; 11; 1
52; 52H; >; 4; 40; 1; 35; 35; 1
52; 52H; >; 5; 11; 1; 38; 38; 1
52; 52R; <; 1; 11; 1; 0; 0; 1
52; 52R; <; 2; 40; 1; 3; 3; 1
52; 52R; <; 3; 28; 1; 27; 27; 1
52; 52R; <; 4; 14; 1; 31; 31; 1
52; 52R; <; 5; 308; 1; 38; 38; 1
63; 63H; >; 1; 33; 1; 0; 0; 1
63; 63H; >; 2; 4; 1; 6; 6; 1
63; 63H; >; 3; 8; 1; 20; 20; 1
63; 63H; >; 4; 7; 1; 23; 23; 1
63; 63R; <; 1; 7; 1; 30; 30; 1
63; 63R; <; 2; 8; 1; 33; 33; 1
63; 63R; <; 3; 4; 1; 47; 47; 1
63; 63R; <; 4; 33; 1; 53; 53; 1
67; 67H; >; 1; 29; 4; 52; 52; 1
67; 67H; >; 2; 7; 4; 59; 59; 1
67; 67H; >; 3; 12; 4; 6; 6; 1
67; 67H; >; 1; 29; 4; 7; 7; 2
67; 67H; >; 2; 7; 4; 14; 14; 2
67; 67H; >; 3; 12; 4; 21; 21; 2
67; 67H; >; 1; 29; 4; 22; 22; 3
67; 67H; >; 2; 7; 4; 29; 29; 3
67; 67H; >; 3; 12; 4; 36; 36; 3
67; 67H; >; 1; 29; 4; 37; 37; 4
67; 67H; >; 2; 7; 4; 44; 44; 4
67; 67H; >; 3; 12; 4; 51; 51; 4
67; 67R; <; 1; 12; 4; 22; 22; 1
67; 67R; <; 2; 7; 4; 29; 29; 1
67; 67R; <; 3; 29; 4; 36; 36; 1
67; 67R; <; 1; 12; 4; 37; 37; 2
67; 67R; <; 2; 7; 4; 44; 44; 2
67; 67R; <; 3; 29; 4; 51; 51; 2
67; 67R; <; 1; 12; 4; 52; 52; 3
67; 67R; <; 2; 7; 4; 59; 59; 3
67; 67R; <; 3; 29; 4; 6; 6; 3
67; 67R; <; 1; 12; 4; 7; 7; 4
67; 67R; <; 2; 7; 4; 14; 14; 4
67; 67R; <; 3; 29; 4; 21; 21; 4
70; 70H; >; 1; 5; 1; 34; 34; 1
70; 70H; >; 2; 6; 1; 36; 36; 1
70; 70H; >; 3; 283; 1; 37; 37; 1
70; 70H; >; 4; 17; 1; 45; 45; 1
70; 70H; >; 5; 3; 1; 49; 49; 1
70; 70H; >; 6; 2; 1; 59; 59; 1
70; 70H; >; 7; 8; 1; 3; 3; 1
70; 70R; <; 1; 8; 1; 4; 4; 1
70; 70R; <; 2; 2; 1; 8; 8; 1
70; 70R; <; 3; 3; 1; 18; 18; 1
70; 70R; <; 4; 17; 1; 22; 22; 1
70; 70R; <; 5; 283; 1; 30; 30; 1
70; 70R; <; 6; 6; 1; 31; 31; 1
70; 70R; <; 7; 5; 1; 33; 33; 1
71; 71H; >; 1; 8; 1; 38; 38; 1
71; 71H; >; 2; 7; 1; 41; 41; 1
71; 71H; >; 3; 29; 1; 48; 48; 1
71; 71H; >; 4; 15; 1; 56; 56; 1
71; 71H; >; 5; 16; 1; 57; 57; 1
71; 71H; >; 6; 18; 1; 59; 59; 1
71; 71H; >; 7; 13; 1; 5; 5; 1
71; 71H; >; 8; 31; 1; 13; 13; 1
71; 71H; >; 9; 339; 1; 16; 16; 1
71; 71H; >; 10; 5; 1; 21; 21; 1
71; 71R; <; 1; 5; 1; 38; 38; 1
71; 71R; <; 2; 339; 1; 43; 43; 1
71; 71R; <; 3; 31; 1; 46; 46; 1
71; 71R; <; 4; 13; 1; 54; 54; 1
71; 71R; <; 5; 18; 1; 0; 0; 1
71; 71R; <; 6; 16; 1; 2; 2; 1
71; 71R; <; 7; 15; 1; 3; 3; 1
71; 71R; <; 8; 29; 1; 11; 11; 1
71; 71R; <; 9; 7; 1; 18; 18; 1
71; 71R; <; 10; 8; 1; 21; 21; 1
72; 72H; >; 1; 5; 1; 28; 28; 1
72; 72H; >; 2; 6; 1; 30; 30; 1
72; 72H; >; 3; 283; 1; 31; 31; 1
72; 72H; >; 4; 27; 1; 42; 42; 1
72; 72H; >; 5; 33; 1; 48; 48; 1
72; 72H; >; 6; 4; 1; 54; 54; 1
72; 72H; >; 7; 32; 1; 1; 1; 1
72; 72H; >; 8; 8; 1; 10; 10; 1
72; 72R; <; 1; 8; 1; 28; 28; 1
72; 72R; <; 2; 32; 1; 37; 37; 1
72; 72R; <; 3; 4; 1; 44; 44; 1
72; 72R; <; 4; 33; 1; 50; 50; 1
72; 72R; <; 5; 27; 1; 56; 56; 1
72; 72R; <; 6; 283; 1; 7; 7; 1
72; 72R; <; 7; 6; 1; 8; 8; 1
72; 72R; <; 8; 5; 1; 10; 10; 1
74; 74H; >; 1; 20; 1; 22; 22; 1
74; 74H; >; 2; 50; 1; 31; 31; 1
74; 74H; >; 3; 53; 1; 34; 34; 1
74; 74H; >; 4; 69; 1; 40; 40; 1
74; 74H; >; 5; 8; 1; 50; 50; 1
74; 74R; <; 1; 8; 1; 52; 52; 1
74; 74R; <; 2; 69; 1; 2; 2; 1
74; 74R; <; 3; 53; 1; 8; 8; 1
74; 74R; <; 4; 50; 1; 11; 11; 1
74; 74R; <; 5; 20; 1; 20; 20; 1
77; 77H; >; 1; 308; 1; 0; 0; 1
77; 77H; >; 2; 14; 1; 7; 7; 1
77; 77H; >; 3; 28; 1; 11; 11; 1
77; 77H; >; 4; 30; 1; 13; 13; 1
77; 77H; >; 5; 24; 1; 15; 15; 1
77; 77H; >; 6; 10; 1; 17; 17; 1
77; 77H; >; 7; 23; 1; 21; 21; 1
77; 77H; >; 8; 26; 1; 24; 24; 1
77; 77H; >; 9; 19; 1; 28; 28; 1
77; 77H; >; 10; 8; 1; 32; 32; 1
77; 77R; <; 1; 8; 1; 0; 0; 1
77; 77R; <; 2; 19; 1; 4; 4; 1
77; 77R; <; 3; 26; 1; 8; 8; 1
77; 77R; <; 4; 23; 1; 11; 11; 1
77; 77R; <; 5; 10; 1; 15; 15; 1
77; 77R; <; 6; 24; 1; 17; 17; 1
77; 77R; <; 7; 30; 1; 19; 19; 1
77; 77R; <; 8; 28; 1; 21; 21; 1
77; 77R; <; 9; 14; 1; 25; 25; 1
77; 77R; <; 10; 308; 1; 32; 32; 1
