#timetable found by modulo network simplex algorithm
#Thu Oct 19 18:35:59 2017
1; 0
2; 6
3; 6
4; 12
5; 12
6; 18
7; 18
8; 24
9; 10
10; 16
11; 16
12; 22
13; 22
14; 28
15; 28
16; 34
17; 20
18; 26
19; 26
20; 32
21; 32
22; 38
23; 38
24; 44
25; 30
26; 36
27; 36
28; 42
29; 42
30; 48
31; 48
32; 54
33; 40
34; 46
35; 46
36; 52
37; 52
38; 58
39; 58
40; 4
41; 50
42; 56
43; 56
44; 2
45; 2
46; 8
47; 8
48; 16
49; 40
50; 46
51; 46
52; 52
53; 52
54; 58
55; 58
56; 4
57; 50
58; 56
59; 56
60; 2
61; 2
62; 8
63; 8
64; 14
65; 60
66; 6
67; 6
68; 12
69; 12
70; 18
71; 18
72; 24
73; 10
74; 16
75; 16
76; 22
77; 22
78; 28
79; 28
80; 34
81; 20
82; 26
83; 26
84; 32
85; 32
86; 38
87; 38
88; 44
89; 30
90; 36
91; 36
92; 42
93; 42
94; 48
95; 48
96; 54
97; 1
98; 7
99; 7
100; 13
101; 13
102; 19
103; 19
104; 25
105; 21
106; 27
107; 27
108; 33
109; 33
110; 39
111; 39
112; 45
113; 41
114; 47
115; 47
116; 53
117; 53
118; 59
119; 59
120; 5
121; 26
122; 32
123; 32
124; 38
125; 38
126; 44
127; 44
128; 50
129; 46
130; 52
131; 52
132; 58
133; 58
134; 4
135; 4
136; 10
137; 6
138; 12
139; 12
140; 18
141; 18
142; 24
143; 24
144; 30
145; 48
146; 54
147; 54
148; 60
149; 1
150; 7
151; 7
152; 13
153; 8
154; 14
155; 14
156; 21
157; 21
158; 27
159; 27
160; 33
161; 28
162; 34
163; 34
164; 41
165; 41
166; 47
167; 47
168; 53
169; 43
170; 49
171; 49
172; 55
173; 55
174; 1
175; 1
176; 7
177; 3
178; 9
179; 9
180; 15
181; 15
182; 21
183; 21
184; 27
185; 23
186; 29
187; 29
188; 35
189; 35
190; 41
191; 41
192; 47
193; 37
194; 43
195; 43
196; 49
197; 49
198; 55
199; 55
200; 1
201; 57
202; 3
203; 3
204; 9
205; 9
206; 15
207; 15
208; 21
209; 17
210; 23
211; 23
212; 29
213; 29
214; 35
215; 35
216; 41
217; 17
218; 23
219; 23
220; 29
221; 29
222; 35
223; 35
224; 41
225; 37
226; 43
227; 43
228; 49
229; 49
230; 55
231; 55
232; 1
233; 57
234; 3
235; 3
236; 9
237; 9
238; 15
239; 15
240; 21
241; 1
242; 7
243; 7
244; 13
245; 13
246; 19
247; 19
248; 25
249; 21
250; 27
251; 27
252; 33
253; 33
254; 39
255; 39
256; 45
257; 41
258; 47
259; 47
260; 53
261; 53
262; 59
263; 59
264; 5
265; 6
266; 12
267; 12
268; 18
269; 18
270; 24
271; 24
272; 30
273; 26
274; 32
275; 32
276; 38
277; 38
278; 44
279; 44
280; 50
281; 46
282; 52
283; 52
284; 58
285; 58
286; 4
287; 4
288; 10
289; 55
290; 1
291; 1
292; 8
293; 8
294; 14
295; 14
296; 20
297; 60
298; 6
299; 6
300; 13
301; 13
302; 19
303; 19
304; 27
305; 5
306; 11
307; 11
308; 17
309; 18
310; 24
311; 24
312; 30
313; 10
314; 16
315; 16
316; 22
317; 23
318; 29
319; 29
320; 35
321; 15
322; 21
323; 21
324; 27
325; 28
326; 34
327; 34
328; 40
329; 20
330; 26
331; 26
332; 32
333; 33
334; 39
335; 39
336; 45
337; 25
338; 31
339; 31
340; 38
341; 38
342; 44
343; 44
344; 50
345; 30
346; 36
347; 36
348; 43
349; 43
350; 49
351; 49
352; 55
353; 35
354; 41
355; 41
356; 48
357; 48
358; 54
359; 54
360; 60
361; 40
362; 46
363; 46
364; 52
365; 53
366; 59
367; 59
368; 5
369; 45
370; 51
371; 51
372; 57
373; 58
374; 4
375; 4
376; 10
377; 50
378; 56
379; 56
380; 2
381; 3
382; 9
383; 9
384; 15
385; 36
386; 42
387; 42
388; 48
389; 50
390; 56
391; 56
392; 2
393; 41
394; 47
395; 47
396; 55
397; 55
398; 1
399; 1
400; 7
401; 46
402; 52
403; 52
404; 58
405; 0
406; 6
407; 6
408; 12
409; 51
410; 57
411; 57
412; 5
413; 5
414; 11
415; 11
416; 17
417; 56
418; 2
419; 2
420; 8
421; 10
422; 16
423; 16
424; 22
425; 1
426; 7
427; 7
428; 15
429; 15
430; 21
431; 21
432; 29
433; 6
434; 12
435; 12
436; 18
437; 20
438; 26
439; 26
440; 32
441; 11
442; 17
443; 17
444; 25
445; 25
446; 31
447; 31
448; 37
449; 16
450; 22
451; 22
452; 28
453; 30
454; 36
455; 36
456; 42
457; 21
458; 27
459; 27
460; 33
461; 35
462; 41
463; 41
464; 47
465; 26
466; 32
467; 32
468; 38
469; 40
470; 46
471; 46
472; 52
473; 31
474; 37
475; 37
476; 45
477; 45
478; 51
479; 51
480; 57
