#event-id; time
1; 0
2; 5
3; 5
4; 10
5; 10
6; 15
7; 15
8; 20
9; 20
10; 25
11; 25
12; 30
13; 30
14; 35
15; 35
16; 37
17; 37
18; 39
19; 39
20; 41
21; 41
22; 43
23; 43
24; 48
25; 48
26; 50
27; 0
28; 2
29; 2
30; 7
31; 7
32; 9
33; 9
34; 11
35; 11
36; 13
37; 13
38; 15
39; 15
40; 20
41; 20
42; 25
43; 25
44; 30
45; 30
46; 35
47; 35
48; 40
49; 40
50; 45
51; 45
52; 50
53; 51
54; 54
55; 54
56; 57
57; 57
58; 59
59; 59
60; 1
61; 1
62; 3
63; 3
64; 5
65; 5
66; 13
67; 13
68; 21
69; 21
70; 29
71; 29
72; 31
73; 31
74; 36
75; 36
76; 41
77; 41
78; 46
79; 51
80; 56
81; 56
82; 1
83; 1
84; 6
85; 6
86; 8
87; 8
88; 16
89; 16
90; 24
91; 24
92; 32
93; 32
94; 34
95; 34
96; 36
97; 36
98; 38
99; 38
100; 40
101; 40
102; 43
103; 43
104; 46
105; 38
106; 43
107; 43
108; 48
109; 48
110; 53
111; 53
112; 58
113; 58
114; 3
115; 3
116; 8
117; 8
118; 13
119; 13
120; 15
121; 15
122; 17
123; 17
124; 19
125; 19
126; 21
127; 21
128; 26
129; 26
130; 28
131; 38
132; 40
133; 40
134; 45
135; 45
136; 47
137; 47
138; 49
139; 49
140; 51
141; 51
142; 53
143; 53
144; 58
145; 58
146; 3
147; 3
148; 8
149; 8
150; 13
151; 13
152; 18
153; 18
154; 23
155; 23
156; 28
157; 41
158; 46
159; 46
160; 51
161; 51
162; 56
163; 56
164; 1
165; 1
166; 6
167; 6
168; 11
169; 11
170; 16
171; 16
172; 18
173; 18
174; 20
175; 20
176; 22
177; 22
178; 24
179; 24
180; 29
181; 29
182; 31
183; 41
184; 43
185; 43
186; 48
187; 48
188; 50
189; 50
190; 52
191; 52
192; 54
193; 54
194; 56
195; 56
196; 1
197; 1
198; 6
199; 6
200; 11
201; 11
202; 16
203; 16
204; 21
205; 21
206; 26
207; 26
208; 31
209; 30
210; 33
211; 33
212; 36
213; 36
214; 38
215; 38
216; 40
217; 40
218; 43
219; 43
220; 46
221; 46
222; 49
223; 49
224; 52
225; 52
226; 54
227; 54
228; 56
229; 56
230; 58
231; 58
232; 0
233; 0
234; 2
235; 30
236; 32
237; 32
238; 34
239; 34
240; 36
241; 36
242; 38
243; 38
244; 40
245; 40
246; 43
247; 43
248; 46
249; 46
250; 49
251; 49
252; 52
253; 52
254; 54
255; 54
256; 56
257; 56
258; 59
259; 59
260; 2
261; 27
262; 30
263; 30
264; 33
265; 33
266; 35
267; 35
268; 37
269; 37
270; 40
271; 40
272; 43
273; 43
274; 46
275; 46
276; 49
277; 49
278; 51
279; 51
280; 53
281; 53
282; 55
283; 55
284; 57
285; 57
286; 59
287; 27
288; 29
289; 29
290; 31
291; 31
292; 33
293; 33
294; 35
295; 35
296; 37
297; 37
298; 40
299; 40
300; 43
301; 43
302; 46
303; 46
304; 49
305; 49
306; 51
307; 51
308; 53
309; 53
310; 56
311; 56
312; 59
313; 0
314; 2
315; 2
316; 4
317; 4
318; 6
319; 6
320; 8
321; 8
322; 10
323; 10
324; 12
325; 12
326; 14
327; 14
328; 16
329; 16
330; 18
331; 18
332; 20
333; 20
334; 22
335; 22
336; 24
337; 24
338; 26
339; 30
340; 32
341; 32
342; 34
343; 34
344; 36
345; 36
346; 38
347; 38
348; 40
349; 40
350; 42
351; 42
352; 44
353; 44
354; 46
355; 46
356; 48
357; 48
358; 50
359; 50
360; 52
361; 52
362; 54
363; 54
364; 56
365; 17
366; 19
367; 19
368; 21
369; 21
370; 23
371; 23
372; 25
373; 25
374; 27
375; 27
376; 29
377; 29
378; 31
379; 31
380; 33
381; 33
382; 35
383; 35
384; 37
385; 37
386; 39
387; 39
388; 41
389; 41
390; 43
391; 47
392; 49
393; 49
394; 51
395; 51
396; 53
397; 53
398; 55
399; 55
400; 57
401; 57
402; 59
403; 59
404; 1
405; 1
406; 3
407; 3
408; 5
409; 5
410; 7
411; 7
412; 9
413; 9
414; 11
415; 11
416; 13
417; 14
418; 16
419; 16
420; 18
421; 18
422; 20
423; 20
424; 22
425; 22
426; 24
427; 24
428; 26
429; 26
430; 28
431; 28
432; 30
433; 30
434; 32
435; 32
436; 34
437; 34
438; 36
439; 36
440; 38
441; 38
442; 40
443; 44
444; 46
445; 46
446; 48
447; 48
448; 50
449; 50
450; 52
451; 52
452; 54
453; 54
454; 56
455; 56
456; 58
457; 58
458; 0
459; 0
460; 2
461; 2
462; 4
463; 4
464; 6
465; 6
466; 8
467; 8
468; 10
469; 0
470; 2
471; 2
472; 4
473; 4
474; 6
475; 6
476; 8
477; 8
478; 10
479; 10
480; 12
481; 12
482; 14
483; 14
484; 16
485; 16
486; 18
487; 18
488; 20
489; 20
490; 22
491; 22
492; 24
493; 24
494; 26
495; 30
496; 32
497; 32
498; 34
499; 34
500; 36
501; 36
502; 38
503; 38
504; 40
505; 40
506; 42
507; 42
508; 44
509; 44
510; 46
511; 46
512; 48
513; 48
514; 50
515; 50
516; 52
517; 52
518; 54
519; 54
520; 56
521; 38
522; 40
523; 40
524; 42
525; 42
526; 44
527; 44
528; 46
529; 46
530; 48
531; 48
532; 50
533; 50
534; 52
535; 52
536; 54
537; 54
538; 56
539; 56
540; 58
541; 58
542; 0
543; 0
544; 2
545; 2
546; 4
547; 8
548; 10
549; 10
550; 12
551; 12
552; 14
553; 14
554; 16
555; 16
556; 18
557; 18
558; 20
559; 20
560; 22
561; 22
562; 24
563; 24
564; 26
565; 26
566; 28
567; 28
568; 30
569; 30
570; 32
571; 32
572; 34
573; 50
574; 52
575; 52
576; 54
577; 54
578; 56
579; 56
580; 58
581; 58
582; 0
583; 0
584; 2
585; 2
586; 4
587; 4
588; 6
589; 6
590; 8
591; 8
592; 10
593; 10
594; 12
595; 12
596; 14
597; 14
598; 16
599; 20
600; 22
601; 22
602; 24
603; 24
604; 26
605; 26
606; 28
607; 28
608; 30
609; 30
610; 32
611; 32
612; 34
613; 34
614; 36
615; 36
616; 38
617; 38
618; 40
619; 40
620; 42
621; 42
622; 44
623; 44
624; 46
625; 20
626; 22
627; 22
628; 24
629; 24
630; 26
631; 26
632; 28
633; 28
634; 30
635; 30
636; 32
637; 32
638; 34
639; 34
640; 36
641; 36
642; 38
643; 38
644; 40
645; 40
646; 42
647; 42
648; 44
649; 44
650; 46
651; 50
652; 52
653; 52
654; 54
655; 54
656; 56
657; 56
658; 58
659; 58
660; 0
661; 0
662; 2
663; 2
664; 4
665; 4
666; 6
667; 6
668; 8
669; 8
670; 10
671; 10
672; 12
673; 12
674; 14
675; 14
676; 16
677; 33
678; 35
679; 35
680; 37
681; 37
682; 39
683; 39
684; 41
685; 41
686; 43
687; 43
688; 45
689; 45
690; 47
691; 47
692; 49
693; 49
694; 51
695; 51
696; 53
697; 53
698; 55
699; 55
700; 57
701; 57
702; 59
703; 3
704; 5
705; 5
706; 7
707; 7
708; 9
709; 9
710; 11
711; 11
712; 13
713; 13
714; 15
715; 15
716; 17
717; 17
718; 19
719; 19
720; 21
721; 21
722; 23
723; 23
724; 25
725; 25
726; 27
727; 27
728; 29
729; 16
730; 18
731; 18
732; 20
733; 20
734; 22
735; 22
736; 24
737; 24
738; 26
739; 26
740; 28
741; 28
742; 30
743; 30
744; 32
745; 32
746; 34
747; 34
748; 36
749; 36
750; 38
751; 38
752; 40
753; 40
754; 42
755; 46
756; 48
757; 48
758; 50
759; 50
760; 52
761; 52
762; 54
763; 54
764; 56
765; 56
766; 58
767; 58
768; 0
769; 0
770; 2
771; 2
772; 4
773; 4
774; 6
775; 6
776; 8
777; 8
778; 10
779; 10
780; 12
781; 45
782; 47
783; 47
784; 49
785; 49
786; 51
787; 51
788; 53
789; 53
790; 55
791; 55
792; 57
793; 57
794; 59
795; 59
796; 1
797; 1
798; 3
799; 3
800; 5
801; 5
802; 7
803; 7
804; 9
805; 9
806; 11
807; 15
808; 17
809; 17
810; 19
811; 19
812; 21
813; 21
814; 23
815; 23
816; 25
817; 25
818; 27
819; 27
820; 29
821; 29
822; 31
823; 31
824; 33
825; 33
826; 35
827; 35
828; 37
829; 37
830; 39
831; 39
832; 41
833; 0
834; 2
835; 2
836; 4
837; 4
838; 6
839; 6
840; 8
841; 8
842; 10
843; 10
844; 12
845; 12
846; 14
847; 14
848; 16
849; 16
850; 18
851; 18
852; 20
853; 20
854; 22
855; 22
856; 24
857; 24
858; 26
859; 30
860; 32
861; 32
862; 34
863; 34
864; 36
865; 36
866; 38
867; 38
868; 40
869; 40
870; 42
871; 42
872; 44
873; 44
874; 46
875; 46
876; 48
877; 48
878; 50
879; 50
880; 52
881; 52
882; 54
883; 54
884; 56
885; 57
886; 59
887; 59
888; 1
889; 1
890; 3
891; 3
892; 5
893; 5
894; 7
895; 7
896; 9
897; 9
898; 11
899; 11
900; 13
901; 13
902; 15
903; 15
904; 17
905; 17
906; 19
907; 19
908; 21
909; 21
910; 23
911; 27
912; 29
913; 29
914; 31
915; 31
916; 33
917; 33
918; 35
919; 35
920; 37
921; 37
922; 39
923; 39
924; 41
925; 41
926; 43
927; 43
928; 45
929; 45
930; 47
931; 47
932; 49
933; 49
934; 51
935; 51
936; 53
937; 57
938; 59
939; 59
940; 1
941; 1
942; 3
943; 3
944; 5
945; 5
946; 7
947; 7
948; 9
949; 9
950; 11
951; 11
952; 13
953; 13
954; 15
955; 15
956; 17
957; 17
958; 19
959; 19
960; 21
961; 21
962; 23
963; 27
964; 29
965; 29
966; 31
967; 31
968; 33
969; 33
970; 35
971; 35
972; 37
973; 37
974; 39
975; 39
976; 41
977; 41
978; 43
979; 43
980; 45
981; 45
982; 47
983; 47
984; 49
985; 49
986; 51
987; 51
988; 53
989; 13
990; 15
991; 15
992; 17
993; 17
994; 19
995; 19
996; 21
997; 21
998; 23
999; 23
1000; 25
1001; 25
1002; 27
1003; 27
1004; 29
1005; 29
1006; 31
1007; 31
1008; 33
1009; 33
1010; 35
1011; 35
1012; 37
1013; 37
1014; 39
1015; 43
1016; 45
1017; 45
1018; 47
1019; 47
1020; 49
1021; 49
1022; 51
1023; 51
1024; 53
1025; 53
1026; 55
1027; 55
1028; 57
1029; 57
1030; 59
1031; 59
1032; 1
1033; 1
1034; 3
1035; 3
1036; 5
1037; 5
1038; 7
1039; 7
1040; 9
1041; 11
1042; 13
1043; 13
1044; 15
1045; 15
1046; 17
1047; 17
1048; 19
1049; 19
1050; 21
1051; 21
1052; 23
1053; 23
1054; 25
1055; 25
1056; 27
1057; 27
1058; 29
1059; 29
1060; 31
1061; 31
1062; 33
1063; 33
1064; 35
1065; 35
1066; 37
1067; 41
1068; 43
1069; 43
1070; 45
1071; 45
1072; 47
1073; 47
1074; 49
1075; 49
1076; 51
1077; 51
1078; 53
1079; 53
1080; 55
1081; 55
1082; 57
1083; 57
1084; 59
1085; 59
1086; 1
1087; 1
1088; 3
1089; 3
1090; 5
1091; 5
1092; 7
1093; 30
1094; 32
1095; 32
1096; 34
1097; 34
1098; 36
1099; 36
1100; 38
1101; 38
1102; 40
1103; 40
1104; 42
1105; 42
1106; 44
1107; 44
1108; 46
1109; 46
1110; 48
1111; 48
1112; 50
1113; 50
1114; 52
1115; 52
1116; 54
1117; 54
1118; 56
1119; 0
1120; 2
1121; 2
1122; 4
1123; 4
1124; 6
1125; 6
1126; 8
1127; 8
1128; 10
1129; 10
1130; 12
1131; 12
1132; 14
1133; 14
1134; 16
1135; 16
1136; 18
1137; 18
1138; 20
1139; 20
1140; 22
1141; 22
1142; 24
1143; 24
1144; 26
1145; 17
1146; 19
1147; 19
1148; 21
1149; 21
1150; 23
1151; 23
1152; 25
1153; 25
1154; 27
1155; 27
1156; 29
1157; 29
1158; 31
1159; 31
1160; 33
1161; 33
1162; 35
1163; 35
1164; 37
1165; 37
1166; 39
1167; 39
1168; 41
1169; 41
1170; 43
1171; 47
1172; 49
1173; 49
1174; 51
1175; 51
1176; 53
1177; 53
1178; 55
1179; 55
1180; 57
1181; 57
1182; 59
1183; 59
1184; 1
1185; 1
1186; 3
1187; 3
1188; 5
1189; 5
1190; 7
1191; 7
1192; 9
1193; 9
1194; 11
1195; 11
1196; 13
1197; 51
1198; 53
1199; 53
1200; 55
1201; 55
1202; 57
1203; 57
1204; 59
1205; 59
1206; 1
1207; 1
1208; 3
1209; 3
1210; 5
1211; 5
1212; 7
1213; 7
1214; 9
1215; 9
1216; 11
1217; 11
1218; 13
1219; 13
1220; 15
1221; 15
1222; 17
1223; 21
1224; 23
1225; 23
1226; 25
1227; 25
1228; 27
1229; 27
1230; 29
1231; 29
1232; 31
1233; 31
1234; 33
1235; 33
1236; 35
1237; 35
1238; 37
1239; 37
1240; 39
1241; 39
1242; 41
1243; 41
1244; 43
1245; 43
1246; 45
1247; 45
1248; 47
1249; 30
1250; 32
1251; 32
1252; 34
1253; 34
1254; 36
1255; 36
1256; 38
1257; 38
1258; 40
1259; 40
1260; 42
1261; 42
1262; 44
1263; 44
1264; 46
1265; 46
1266; 48
1267; 48
1268; 50
1269; 50
1270; 52
1271; 52
1272; 54
1273; 54
1274; 56
1275; 0
1276; 2
1277; 2
1278; 4
1279; 4
1280; 6
1281; 6
1282; 8
1283; 8
1284; 10
1285; 10
1286; 12
1287; 12
1288; 14
1289; 14
1290; 16
1291; 16
1292; 18
1293; 18
1294; 20
1295; 20
1296; 22
1297; 22
1298; 24
1299; 24
1300; 26
1301; 0
1302; 2
1303; 2
1304; 4
1305; 4
1306; 6
1307; 6
1308; 8
1309; 8
1310; 10
1311; 10
1312; 12
1313; 12
1314; 14
1315; 14
1316; 16
1317; 16
1318; 18
1319; 18
1320; 20
1321; 20
1322; 22
1323; 22
1324; 24
1325; 24
1326; 26
1327; 30
1328; 32
1329; 32
1330; 34
1331; 34
1332; 36
1333; 36
1334; 38
1335; 38
1336; 40
1337; 40
1338; 42
1339; 42
1340; 44
1341; 44
1342; 46
1343; 46
1344; 48
1345; 48
1346; 50
1347; 50
1348; 52
1349; 52
1350; 54
1351; 54
1352; 56
1353; 5
1354; 10
1355; 10
1356; 15
1357; 15
1358; 20
1359; 20
1360; 25
1361; 25
1362; 30
1363; 30
1364; 35
1365; 35
1366; 40
1367; 40
1368; 42
1369; 42
1370; 44
1371; 44
1372; 46
1373; 46
1374; 48
1375; 48
1376; 50
1377; 5
1378; 7
1379; 7
1380; 9
1381; 9
1382; 11
1383; 11
1384; 13
1385; 13
1386; 15
1387; 15
1388; 20
1389; 20
1390; 25
1391; 25
1392; 30
1393; 30
1394; 35
1395; 35
1396; 40
1397; 40
1398; 45
1399; 45
1400; 50
1401; 41
1402; 43
1403; 43
1404; 45
1405; 45
1406; 47
1407; 47
1408; 49
1409; 49
1410; 51
1411; 51
1412; 53
1413; 53
1414; 55
1415; 55
1416; 57
1417; 57
1418; 59
1419; 59
1420; 1
1421; 1
1422; 3
1423; 3
1424; 5
1425; 11
1426; 13
1427; 13
1428; 15
1429; 15
1430; 17
1431; 17
1432; 19
1433; 19
1434; 21
1435; 21
1436; 23
1437; 23
1438; 25
1439; 25
1440; 27
1441; 27
1442; 29
1443; 29
1444; 31
1445; 31
1446; 33
1447; 33
1448; 35
1449; 0
1450; 2
1451; 2
1452; 4
1453; 4
1454; 6
1455; 6
1456; 8
1457; 8
1458; 10
1459; 10
1460; 12
1461; 12
1462; 14
1463; 14
1464; 16
1465; 16
1466; 18
1467; 18
1468; 20
1469; 20
1470; 22
1471; 22
1472; 24
1473; 30
1474; 32
1475; 32
1476; 34
1477; 34
1478; 36
1479; 36
1480; 38
1481; 38
1482; 40
1483; 40
1484; 42
1485; 42
1486; 44
1487; 44
1488; 46
1489; 46
1490; 48
1491; 48
1492; 50
1493; 50
1494; 52
1495; 52
1496; 54
1497; 40
1498; 42
1499; 42
1500; 44
1501; 44
1502; 46
1503; 46
1504; 48
1505; 48
1506; 50
1507; 50
1508; 52
1509; 52
1510; 54
1511; 54
1512; 56
1513; 56
1514; 58
1515; 58
1516; 0
1517; 0
1518; 2
1519; 2
1520; 4
1521; 10
1522; 12
1523; 12
1524; 14
1525; 14
1526; 16
1527; 16
1528; 18
1529; 18
1530; 20
1531; 20
1532; 22
1533; 22
1534; 24
1535; 24
1536; 26
1537; 26
1538; 28
1539; 28
1540; 30
1541; 30
1542; 32
1543; 32
1544; 34
1545; 54
1546; 56
1547; 56
1548; 58
1549; 58
1550; 0
1551; 0
1552; 2
1553; 2
1554; 4
1555; 4
1556; 6
1557; 6
1558; 8
1559; 8
1560; 10
1561; 10
1562; 12
1563; 12
1564; 14
1565; 14
1566; 16
1567; 16
1568; 18
1569; 24
1570; 26
1571; 26
1572; 28
1573; 28
1574; 30
1575; 30
1576; 32
1577; 32
1578; 34
1579; 34
1580; 36
1581; 36
1582; 38
1583; 38
1584; 40
1585; 40
1586; 42
1587; 42
1588; 44
1589; 44
1590; 46
1591; 46
1592; 48
1593; 0
1594; 2
1595; 2
1596; 4
1597; 4
1598; 6
1599; 6
1600; 8
1601; 8
1602; 10
1603; 10
1604; 12
1605; 12
1606; 14
1607; 14
1608; 16
1609; 16
1610; 18
1611; 18
1612; 20
1613; 20
1614; 22
1615; 22
1616; 24
1617; 30
1618; 32
1619; 32
1620; 34
1621; 34
1622; 36
1623; 36
1624; 38
1625; 38
1626; 40
1627; 40
1628; 42
1629; 42
1630; 44
1631; 44
1632; 46
1633; 46
1634; 48
1635; 48
1636; 50
1637; 50
1638; 52
1639; 52
1640; 54
1641; 43
1642; 45
1643; 45
1644; 47
1645; 47
1646; 49
1647; 49
1648; 51
1649; 51
1650; 53
1651; 53
1652; 55
1653; 55
1654; 57
1655; 57
1656; 59
1657; 59
1658; 1
1659; 1
1660; 3
1661; 3
1662; 5
1663; 5
1664; 7
1665; 13
1666; 15
1667; 15
1668; 17
1669; 17
1670; 19
1671; 19
1672; 21
1673; 21
1674; 23
1675; 23
1676; 25
1677; 25
1678; 27
1679; 27
1680; 29
1681; 29
1682; 31
1683; 31
1684; 33
1685; 33
1686; 35
1687; 35
1688; 37
1689; 0
1690; 2
1691; 2
1692; 4
1693; 4
1694; 6
1695; 6
1696; 8
1697; 8
1698; 10
1699; 10
1700; 12
1701; 12
1702; 14
1703; 14
1704; 16
1705; 16
1706; 18
1707; 18
1708; 20
1709; 20
1710; 22
1711; 22
1712; 24
1713; 30
1714; 32
1715; 32
1716; 34
1717; 34
1718; 36
1719; 36
1720; 38
1721; 38
1722; 40
1723; 40
1724; 42
1725; 42
1726; 44
1727; 44
1728; 46
1729; 46
1730; 48
1731; 48
1732; 50
1733; 50
1734; 52
1735; 52
1736; 54
1737; 13
1738; 15
1739; 15
1740; 17
1741; 17
1742; 19
1743; 19
1744; 21
1745; 21
1746; 23
1747; 23
1748; 25
1749; 25
1750; 27
1751; 27
1752; 29
1753; 29
1754; 31
1755; 31
1756; 33
1757; 33
1758; 35
1759; 35
1760; 37
1761; 43
1762; 45
1763; 45
1764; 47
1765; 47
1766; 49
1767; 49
1768; 51
1769; 51
1770; 53
1771; 53
1772; 55
1773; 55
1774; 57
1775; 57
1776; 59
1777; 59
1778; 1
1779; 1
1780; 3
1781; 3
1782; 5
1783; 5
1784; 7
1785; 49
1786; 51
1787; 51
1788; 53
1789; 53
1790; 55
1791; 55
1792; 57
1793; 57
1794; 59
1795; 59
1796; 1
1797; 1
1798; 3
1799; 3
1800; 5
1801; 5
1802; 7
1803; 7
1804; 9
1805; 9
1806; 11
1807; 11
1808; 13
1809; 19
1810; 21
1811; 21
1812; 23
1813; 23
1814; 25
1815; 25
1816; 27
1817; 27
1818; 29
1819; 29
1820; 31
1821; 31
1822; 33
1823; 33
1824; 35
1825; 35
1826; 37
1827; 37
1828; 39
1829; 39
1830; 41
1831; 41
1832; 43
1833; 54
1834; 56
1835; 56
1836; 58
1837; 58
1838; 0
1839; 0
1840; 2
1841; 2
1842; 4
1843; 4
1844; 6
1845; 6
1846; 8
1847; 8
1848; 10
1849; 10
1850; 12
1851; 12
1852; 14
1853; 14
1854; 16
1855; 16
1856; 18
1857; 24
1858; 26
1859; 26
1860; 28
1861; 28
1862; 30
1863; 30
1864; 32
1865; 32
1866; 34
1867; 34
1868; 36
1869; 36
1870; 38
1871; 38
1872; 40
1873; 40
1874; 42
1875; 42
1876; 44
1877; 44
1878; 46
1879; 46
1880; 48
1881; 49
1882; 51
1883; 51
1884; 53
1885; 53
1886; 55
1887; 55
1888; 57
1889; 57
1890; 59
1891; 59
1892; 1
1893; 1
1894; 3
1895; 3
1896; 5
1897; 5
1898; 7
1899; 7
1900; 9
1901; 9
1902; 11
1903; 11
1904; 13
1905; 19
1906; 21
1907; 21
1908; 23
1909; 23
1910; 25
1911; 25
1912; 27
1913; 27
1914; 29
1915; 29
1916; 31
1917; 31
1918; 33
1919; 33
1920; 35
1921; 35
1922; 37
1923; 37
1924; 39
1925; 39
1926; 41
1927; 41
1928; 43
1929; 43
1930; 45
1931; 45
1932; 47
1933; 47
1934; 49
1935; 49
1936; 51
1937; 51
1938; 53
1939; 53
1940; 55
1941; 55
1942; 57
1943; 57
1944; 59
1945; 59
1946; 1
1947; 1
1948; 3
1949; 3
1950; 5
1951; 5
1952; 7
1953; 13
1954; 15
1955; 15
1956; 17
1957; 17
1958; 19
1959; 19
1960; 21
1961; 21
1962; 23
1963; 23
1964; 25
1965; 25
1966; 27
1967; 27
1968; 29
1969; 29
1970; 31
1971; 31
1972; 33
1973; 33
1974; 35
1975; 35
1976; 37
1977; 57
1978; 59
1979; 59
1980; 1
1981; 1
1982; 3
1983; 3
1984; 5
1985; 5
1986; 7
1987; 7
1988; 9
1989; 9
1990; 11
1991; 11
1992; 13
1993; 13
1994; 15
1995; 15
1996; 17
1997; 17
1998; 19
1999; 19
2000; 21
2001; 27
2002; 29
2003; 29
2004; 31
2005; 31
2006; 33
2007; 33
2008; 35
2009; 35
2010; 37
2011; 37
2012; 39
2013; 39
2014; 41
2015; 41
2016; 43
2017; 43
2018; 45
2019; 45
2020; 47
2021; 47
2022; 49
2023; 49
2024; 51
2025; 13
2026; 15
2027; 15
2028; 17
2029; 17
2030; 19
2031; 19
2032; 21
2033; 21
2034; 23
2035; 23
2036; 25
2037; 25
2038; 27
2039; 27
2040; 29
2041; 29
2042; 31
2043; 31
2044; 33
2045; 33
2046; 35
2047; 35
2048; 37
2049; 43
2050; 45
2051; 45
2052; 47
2053; 47
2054; 49
2055; 49
2056; 51
2057; 51
2058; 53
2059; 53
2060; 55
2061; 55
2062; 57
2063; 57
2064; 59
2065; 59
2066; 1
2067; 1
2068; 3
2069; 3
2070; 5
2071; 5
2072; 7
2073; 30
2074; 32
2075; 32
2076; 34
2077; 34
2078; 36
2079; 36
2080; 38
2081; 38
2082; 40
2083; 40
2084; 42
2085; 42
2086; 44
2087; 44
2088; 46
2089; 46
2090; 48
2091; 48
2092; 50
2093; 50
2094; 52
2095; 52
2096; 54
2097; 0
2098; 2
2099; 2
2100; 4
2101; 4
2102; 6
2103; 6
2104; 8
2105; 8
2106; 10
2107; 10
2108; 12
2109; 12
2110; 14
2111; 14
2112; 16
2113; 16
2114; 18
2115; 18
2116; 20
2117; 20
2118; 22
2119; 22
2120; 24
2121; 15
2122; 17
2123; 17
2124; 19
2125; 19
2126; 21
2127; 21
2128; 23
2129; 23
2130; 25
2131; 25
2132; 27
2133; 27
2134; 29
2135; 29
2136; 31
2137; 31
2138; 33
2139; 33
2140; 35
2141; 35
2142; 37
2143; 37
2144; 39
2145; 45
2146; 47
2147; 47
2148; 49
2149; 49
2150; 51
2151; 51
2152; 53
2153; 53
2154; 55
2155; 55
2156; 57
2157; 57
2158; 59
2159; 59
2160; 1
2161; 1
2162; 3
2163; 3
2164; 5
2165; 5
2166; 7
2167; 7
2168; 9
2169; 0
2170; 2
2171; 2
2172; 4
2173; 4
2174; 6
2175; 6
2176; 8
2177; 8
2178; 10
2179; 10
2180; 12
2181; 12
2182; 14
2183; 14
2184; 16
2185; 16
2186; 18
2187; 18
2188; 20
2189; 20
2190; 22
2191; 22
2192; 24
2193; 30
2194; 32
2195; 32
2196; 34
2197; 34
2198; 36
2199; 36
2200; 38
2201; 38
2202; 40
2203; 40
2204; 42
2205; 42
2206; 44
2207; 44
2208; 46
2209; 46
2210; 48
2211; 48
2212; 50
2213; 50
2214; 52
2215; 52
2216; 54
2217; 0
2218; 2
2219; 2
2220; 4
2221; 4
2222; 6
2223; 6
2224; 8
2225; 8
2226; 10
2227; 10
2228; 12
2229; 12
2230; 14
2231; 14
2232; 16
2233; 16
2234; 18
2235; 18
2236; 20
2237; 20
2238; 22
2239; 22
2240; 24
2241; 30
2242; 32
2243; 32
2244; 34
2245; 34
2246; 36
2247; 36
2248; 38
2249; 38
2250; 40
2251; 40
2252; 42
2253; 42
2254; 44
2255; 44
2256; 46
2257; 46
2258; 48
2259; 48
2260; 50
2261; 50
2262; 52
2263; 52
2264; 54
2265; 24
2266; 26
2267; 26
2268; 28
2269; 28
2270; 30
2271; 30
2272; 32
2273; 32
2274; 34
2275; 34
2276; 36
2277; 36
2278; 38
2279; 38
2280; 40
2281; 40
2282; 42
2283; 42
2284; 44
2285; 44
2286; 46
2287; 46
2288; 48
2289; 54
2290; 56
2291; 56
2292; 58
2293; 58
2294; 0
2295; 0
2296; 2
2297; 2
2298; 4
2299; 4
2300; 6
2301; 6
2302; 8
2303; 8
2304; 10
2305; 10
2306; 12
2307; 12
2308; 14
2309; 14
2310; 16
2311; 16
2312; 18
2313; 22
2314; 27
2315; 27
2316; 32
2317; 32
2318; 34
2319; 34
2320; 40
2321; 40
2322; 46
2323; 46
2324; 52
2325; 52
2326; 58
2327; 58
2328; 0
2329; 0
2330; 2
2331; 2
2332; 10
2333; 10
2334; 12
2335; 22
2336; 24
2337; 24
2338; 32
2339; 32
2340; 34
2341; 34
2342; 36
2343; 36
2344; 42
2345; 42
2346; 48
2347; 48
2348; 54
2349; 54
2350; 0
2351; 0
2352; 2
2353; 2
2354; 7
2355; 7
2356; 12
2357; 7
2358; 9
2359; 9
2360; 11
2361; 11
2362; 13
2363; 13
2364; 15
2365; 15
2366; 17
2367; 17
2368; 19
2369; 19
2370; 21
2371; 21
2372; 23
2373; 23
2374; 25
2375; 25
2376; 27
2377; 27
2378; 29
2379; 37
2380; 39
2381; 39
2382; 41
2383; 41
2384; 43
2385; 43
2386; 45
2387; 45
2388; 47
2389; 47
2390; 49
2391; 49
2392; 51
2393; 51
2394; 53
2395; 53
2396; 55
2397; 55
2398; 57
2399; 57
2400; 59
2401; 0
2402; 2
2403; 2
2404; 4
2405; 4
2406; 6
2407; 6
2408; 8
2409; 8
2410; 10
2411; 10
2412; 12
2413; 12
2414; 14
2415; 14
2416; 16
2417; 16
2418; 18
2419; 18
2420; 20
2421; 20
2422; 22
2423; 30
2424; 32
2425; 32
2426; 34
2427; 34
2428; 36
2429; 36
2430; 38
2431; 38
2432; 40
2433; 40
2434; 42
2435; 42
2436; 44
2437; 44
2438; 46
2439; 46
2440; 48
2441; 48
2442; 50
2443; 50
2444; 52
2445; 9
2446; 11
2447; 11
2448; 13
2449; 13
2450; 15
2451; 15
2452; 17
2453; 17
2454; 19
2455; 19
2456; 21
2457; 21
2458; 23
2459; 23
2460; 25
2461; 25
2462; 27
2463; 27
2464; 29
2465; 29
2466; 31
2467; 39
2468; 41
2469; 41
2470; 43
2471; 43
2472; 45
2473; 45
2474; 47
2475; 47
2476; 49
2477; 49
2478; 51
2479; 51
2480; 53
2481; 53
2482; 55
2483; 55
2484; 57
2485; 57
2486; 59
2487; 59
2488; 1
2489; 0
2490; 2
2491; 2
2492; 4
2493; 4
2494; 6
2495; 6
2496; 8
2497; 8
2498; 10
2499; 10
2500; 12
2501; 12
2502; 14
2503; 14
2504; 16
2505; 16
2506; 18
2507; 18
2508; 20
2509; 20
2510; 22
2511; 30
2512; 32
2513; 32
2514; 34
2515; 34
2516; 36
2517; 36
2518; 38
2519; 38
2520; 40
2521; 40
2522; 42
2523; 42
2524; 44
2525; 44
2526; 46
2527; 46
2528; 48
2529; 48
2530; 50
2531; 50
2532; 52
2533; 0
2534; 2
2535; 2
2536; 4
2537; 4
2538; 6
2539; 6
2540; 8
2541; 8
2542; 10
2543; 10
2544; 12
2545; 12
2546; 14
2547; 14
2548; 16
2549; 16
2550; 18
2551; 18
2552; 20
2553; 20
2554; 22
2555; 30
2556; 32
2557; 32
2558; 34
2559; 34
2560; 36
2561; 36
2562; 38
2563; 38
2564; 40
2565; 40
2566; 42
2567; 42
2568; 44
2569; 44
2570; 46
2571; 46
2572; 48
2573; 48
2574; 50
2575; 50
2576; 52
2577; 32
2578; 34
2579; 34
2580; 40
2581; 40
2582; 42
2583; 42
2584; 47
2585; 47
2586; 49
2587; 49
2588; 52
2589; 52
2590; 55
2591; 55
2592; 58
2593; 58
2594; 0
2595; 0
2596; 4
2597; 4
2598; 6
2599; 32
2600; 34
2601; 34
2602; 38
2603; 38
2604; 40
2605; 40
2606; 43
2607; 43
2608; 46
2609; 46
2610; 49
2611; 49
2612; 51
2613; 51
2614; 56
2615; 56
2616; 58
2617; 58
2618; 4
2619; 4
2620; 6
2621; 24
2622; 26
2623; 26
2624; 28
2625; 28
2626; 30
2627; 30
2628; 32
2629; 32
2630; 34
2631; 34
2632; 37
2633; 37
2634; 39
2635; 39
2636; 41
2637; 41
2638; 44
2639; 44
2640; 46
2641; 46
2642; 48
2643; 54
2644; 56
2645; 56
2646; 58
2647; 58
2648; 1
2649; 1
2650; 3
2651; 3
2652; 5
2653; 5
2654; 8
2655; 8
2656; 10
2657; 10
2658; 12
2659; 12
2660; 14
2661; 14
2662; 16
2663; 16
2664; 18
2665; 0
2666; 2
2667; 2
2668; 4
2669; 4
2670; 6
2671; 6
2672; 8
2673; 8
2674; 10
2675; 10
2676; 12
2677; 12
2678; 14
2679; 14
2680; 16
2681; 16
2682; 18
2683; 18
2684; 20
2685; 20
2686; 22
2687; 30
2688; 32
2689; 32
2690; 34
2691; 34
2692; 36
2693; 36
2694; 38
2695; 38
2696; 40
2697; 40
2698; 42
2699; 42
2700; 44
2701; 44
2702; 46
2703; 46
2704; 48
2705; 48
2706; 50
2707; 50
2708; 52
2709; 0
2710; 2
2711; 2
2712; 4
2713; 4
2714; 6
2715; 6
2716; 8
2717; 8
2718; 10
2719; 10
2720; 12
2721; 12
2722; 14
2723; 14
2724; 16
2725; 16
2726; 18
2727; 18
2728; 20
2729; 20
2730; 22
2731; 30
2732; 32
2733; 32
2734; 34
2735; 34
2736; 36
2737; 36
2738; 38
2739; 38
2740; 40
2741; 40
2742; 42
2743; 42
2744; 44
2745; 44
2746; 46
2747; 46
2748; 48
2749; 48
2750; 50
2751; 50
2752; 52
2753; 0
2754; 2
2755; 2
2756; 4
2757; 4
2758; 6
2759; 6
2760; 8
2761; 8
2762; 10
2763; 10
2764; 12
2765; 12
2766; 14
2767; 14
2768; 16
2769; 16
2770; 18
2771; 18
2772; 20
2773; 20
2774; 22
2775; 30
2776; 32
2777; 32
2778; 34
2779; 34
2780; 36
2781; 36
2782; 38
2783; 38
2784; 40
2785; 40
2786; 42
2787; 42
2788; 44
2789; 44
2790; 46
2791; 46
2792; 48
2793; 48
2794; 50
2795; 50
2796; 52
2797; 21
2798; 23
2799; 23
2800; 25
2801; 25
2802; 27
2803; 27
2804; 29
2805; 29
2806; 31
2807; 31
2808; 34
2809; 34
2810; 37
2811; 37
2812; 39
2813; 39
2814; 43
2815; 43
2816; 47
2817; 47
2818; 51
2819; 51
2820; 55
2821; 55
2822; 59
2823; 59
2824; 3
2825; 3
2826; 5
2827; 5
2828; 8
2829; 8
2830; 11
2831; 11
2832; 13
2833; 13
2834; 15
2835; 15
2836; 17
2837; 17
2838; 19
2839; 19
2840; 21
2841; 0
2842; 2
2843; 2
2844; 4
2845; 4
2846; 6
2847; 6
2848; 8
2849; 8
2850; 10
2851; 10
2852; 12
2853; 12
2854; 14
2855; 14
2856; 16
2857; 16
2858; 18
2859; 18
2860; 20
2861; 20
2862; 22
2863; 30
2864; 32
2865; 32
2866; 34
2867; 34
2868; 36
2869; 36
2870; 38
2871; 38
2872; 40
2873; 40
2874; 42
2875; 42
2876; 44
2877; 44
2878; 46
2879; 46
2880; 48
2881; 48
2882; 50
2883; 50
2884; 52
2885; 0
2886; 2
2887; 2
2888; 4
2889; 4
2890; 6
2891; 6
2892; 8
2893; 8
2894; 10
2895; 10
2896; 12
2897; 12
2898; 14
2899; 14
2900; 16
2901; 16
2902; 18
2903; 18
2904; 20
2905; 20
2906; 22
2907; 30
2908; 32
2909; 32
2910; 34
2911; 34
2912; 36
2913; 36
2914; 38
2915; 38
2916; 40
2917; 40
2918; 42
2919; 42
2920; 44
2921; 44
2922; 46
2923; 46
2924; 48
2925; 48
2926; 50
2927; 50
2928; 52
2929; 0
2930; 2
2931; 2
2932; 4
2933; 4
2934; 6
2935; 6
2936; 8
2937; 8
2938; 10
2939; 10
2940; 12
2941; 12
2942; 15
2943; 15
2944; 18
2945; 18
2946; 21
2947; 21
2948; 24
2949; 24
2950; 27
2951; 30
2952; 33
2953; 33
2954; 36
2955; 36
2956; 39
2957; 39
2958; 42
2959; 42
2960; 45
2961; 45
2962; 47
2963; 47
2964; 49
2965; 49
2966; 51
2967; 51
2968; 53
2969; 53
2970; 55
2971; 55
2972; 57
2973; 42
2974; 44
2975; 44
2976; 46
2977; 46
2978; 48
2979; 48
2980; 50
2981; 50
2982; 52
2983; 52
2984; 54
2985; 54
2986; 56
2987; 56
2988; 58
2989; 58
2990; 0
2991; 0
2992; 2
2993; 2
2994; 4
2995; 12
2996; 14
2997; 14
2998; 16
2999; 16
3000; 18
3001; 18
3002; 20
3003; 20
3004; 22
3005; 22
3006; 24
3007; 24
3008; 26
3009; 26
3010; 28
3011; 28
3012; 30
3013; 30
3014; 32
3015; 32
3016; 34
3017; 0
3018; 8
3019; 8
3020; 16
3021; 16
3022; 24
3023; 24
3024; 32
3025; 32
3026; 40
3027; 40
3028; 42
3029; 42
3030; 49
3031; 49
3032; 56
3033; 56
3034; 3
3035; 3
3036; 5
3037; 30
3038; 32
3039; 32
3040; 39
3041; 39
3042; 46
3043; 46
3044; 53
3045; 53
3046; 55
3047; 55
3048; 3
3049; 3
3050; 11
3051; 11
3052; 19
3053; 19
3054; 27
3055; 27
3056; 35
3057; 40
3058; 43
3059; 43
3060; 46
3061; 46
3062; 48
3063; 48
3064; 50
3065; 50
3066; 52
3067; 52
3068; 54
3069; 54
3070; 56
3071; 56
3072; 1
3073; 1
3074; 6
3075; 6
3076; 11
3077; 40
3078; 45
3079; 45
3080; 50
3081; 50
3082; 55
3083; 55
3084; 57
3085; 57
3086; 59
3087; 59
3088; 1
3089; 1
3090; 3
3091; 3
3092; 5
3093; 5
3094; 8
3095; 8
3096; 11
3097; 30
3098; 33
3099; 33
3100; 36
3101; 36
3102; 38
3103; 38
3104; 40
3105; 40
3106; 43
3107; 43
3108; 46
3109; 46
3110; 48
3111; 48
3112; 50
3113; 50
3114; 56
3115; 56
3116; 2
3117; 30
3118; 36
3119; 36
3120; 42
3121; 42
3122; 44
3123; 44
3124; 46
3125; 46
3126; 49
3127; 49
3128; 52
3129; 52
3130; 54
3131; 54
3132; 56
3133; 56
3134; 59
3135; 59
3136; 2
3137; 0
3138; 8
3139; 8
3140; 16
3141; 16
3142; 24
3143; 24
3144; 32
3145; 32
3146; 40
3147; 40
3148; 42
3149; 42
3150; 49
3151; 49
3152; 56
3153; 56
3154; 3
3155; 3
3156; 5
3157; 30
3158; 32
3159; 32
3160; 39
3161; 39
3162; 46
3163; 46
3164; 53
3165; 53
3166; 55
3167; 55
3168; 3
3169; 3
3170; 11
3171; 11
3172; 19
3173; 19
3174; 27
3175; 27
3176; 35
3177; 0
3178; 2
3179; 2
3180; 4
3181; 4
3182; 6
3183; 6
3184; 8
3185; 8
3186; 10
3187; 10
3188; 12
3189; 12
3190; 14
3191; 14
3192; 16
3193; 16
3194; 17
3195; 17
3196; 18
3197; 30
3198; 31
3199; 31
3200; 32
3201; 32
3202; 34
3203; 34
3204; 36
3205; 36
3206; 38
3207; 38
3208; 40
3209; 40
3210; 42
3211; 42
3212; 44
3213; 44
3214; 46
3215; 46
3216; 48
3217; 16
3218; 18
3219; 18
3220; 20
3221; 20
3222; 22
3223; 22
3224; 24
3225; 24
3226; 26
3227; 26
3228; 28
3229; 28
3230; 30
3231; 30
3232; 32
3233; 32
3234; 34
3235; 34
3236; 36
3237; 46
3238; 48
3239; 48
3240; 50
3241; 50
3242; 52
3243; 52
3244; 54
3245; 54
3246; 56
3247; 56
3248; 58
3249; 58
3250; 0
3251; 0
3252; 2
3253; 2
3254; 4
3255; 4
3256; 6
3257; 13
3258; 15
3259; 15
3260; 17
3261; 17
3262; 19
3263; 19
3264; 21
3265; 21
3266; 23
3267; 23
3268; 25
3269; 25
3270; 27
3271; 27
3272; 29
3273; 29
3274; 30
3275; 30
3276; 31
3277; 43
3278; 44
3279; 44
3280; 45
3281; 45
3282; 47
3283; 47
3284; 49
3285; 49
3286; 51
3287; 51
3288; 53
3289; 53
3290; 55
3291; 55
3292; 57
3293; 57
3294; 59
3295; 59
3296; 1
3297; 29
3298; 31
3299; 31
3300; 33
3301; 33
3302; 35
3303; 35
3304; 37
3305; 37
3306; 39
3307; 39
3308; 41
3309; 41
3310; 43
3311; 43
3312; 45
3313; 45
3314; 47
3315; 47
3316; 49
3317; 59
3318; 1
3319; 1
3320; 3
3321; 3
3322; 5
3323; 5
3324; 7
3325; 7
3326; 9
3327; 9
3328; 11
3329; 11
3330; 13
3331; 13
3332; 15
3333; 15
3334; 17
3335; 17
3336; 19
3337; 51
3338; 53
3339; 53
3340; 55
3341; 55
3342; 57
3343; 57
3344; 59
3345; 59
3346; 4
3347; 4
3348; 9
3349; 9
3350; 11
3351; 11
3352; 13
3353; 13
3354; 17
3355; 17
3356; 21
3357; 21
3358; 25
3359; 25
3360; 29
3361; 29
3362; 31
3363; 31
3364; 33
3365; 33
3366; 38
3367; 38
3368; 43
3369; 43
3370; 45
3371; 45
3372; 47
3373; 47
3374; 49
3375; 49
3376; 51
3377; 0
3378; 2
3379; 2
3380; 4
3381; 4
3382; 6
3383; 6
3384; 8
3385; 8
3386; 10
3387; 10
3388; 13
3389; 13
3390; 15
3391; 15
3392; 17
3393; 17
3394; 20
3395; 20
3396; 23
3397; 30
3398; 33
3399; 33
3400; 36
3401; 36
3402; 38
3403; 38
3404; 40
3405; 40
3406; 43
3407; 43
3408; 45
3409; 45
3410; 47
3411; 47
3412; 49
3413; 49
3414; 51
3415; 51
3416; 53
3417; 13
3418; 15
3419; 15
3420; 17
3421; 17
3422; 19
3423; 19
3424; 21
3425; 21
3426; 23
3427; 23
3428; 25
3429; 25
3430; 27
3431; 27
3432; 29
3433; 29
3434; 30
3435; 30
3436; 31
3437; 43
3438; 44
3439; 44
3440; 45
3441; 45
3442; 47
3443; 47
3444; 49
3445; 49
3446; 51
3447; 51
3448; 53
3449; 53
3450; 55
3451; 55
3452; 57
3453; 57
3454; 59
3455; 59
3456; 1
3457; 0
3458; 2
3459; 2
3460; 4
3461; 4
3462; 6
3463; 6
3464; 8
3465; 8
3466; 10
3467; 10
3468; 12
3469; 12
3470; 14
3471; 14
3472; 16
3473; 16
3474; 18
3475; 18
3476; 20
3477; 30
3478; 32
3479; 32
3480; 34
3481; 34
3482; 36
3483; 36
3484; 38
3485; 38
3486; 40
3487; 40
3488; 42
3489; 42
3490; 44
3491; 44
3492; 46
3493; 46
3494; 48
3495; 48
3496; 50
3497; 4
3498; 6
3499; 6
3500; 8
3501; 8
3502; 10
3503; 10
3504; 12
3505; 12
3506; 14
3507; 14
3508; 16
3509; 16
3510; 18
3511; 18
3512; 20
3513; 20
3514; 22
3515; 22
3516; 23
3517; 34
3518; 35
3519; 35
3520; 37
3521; 37
3522; 39
3523; 39
3524; 41
3525; 41
3526; 43
3527; 43
3528; 45
3529; 45
3530; 47
3531; 47
3532; 49
3533; 49
3534; 51
3535; 51
3536; 53
3537; 34
3538; 36
3539; 36
3540; 38
3541; 38
3542; 40
3543; 40
3544; 42
3545; 42
3546; 44
3547; 44
3548; 46
3549; 46
3550; 48
3551; 48
3552; 50
3553; 50
3554; 51
3555; 51
3556; 52
3557; 4
3558; 5
3559; 5
3560; 6
3561; 6
3562; 8
3563; 8
3564; 10
3565; 10
3566; 12
3567; 12
3568; 14
3569; 14
3570; 16
3571; 16
3572; 18
3573; 18
3574; 20
3575; 20
3576; 22
3577; 31
3578; 33
3579; 33
3580; 35
3581; 35
3582; 37
3583; 37
3584; 39
3585; 39
3586; 41
3587; 41
3588; 43
3589; 43
3590; 45
3591; 45
3592; 47
3593; 47
3594; 49
3595; 49
3596; 50
3597; 1
3598; 2
3599; 2
3600; 4
3601; 4
3602; 6
3603; 6
3604; 8
3605; 8
3606; 10
3607; 10
3608; 12
3609; 12
3610; 14
3611; 14
3612; 16
3613; 16
3614; 18
3615; 18
3616; 20
3617; 28
3618; 30
3619; 30
3620; 32
3621; 32
3622; 34
3623; 34
3624; 36
3625; 36
3626; 38
3627; 38
3628; 40
3629; 40
3630; 42
3631; 42
3632; 44
3633; 44
3634; 46
3635; 46
3636; 47
3637; 58
3638; 59
3639; 59
3640; 1
3641; 1
3642; 3
3643; 3
3644; 5
3645; 5
3646; 7
3647; 7
3648; 9
3649; 9
3650; 11
3651; 11
3652; 13
3653; 13
3654; 15
3655; 15
3656; 17
3657; 38
3658; 40
3659; 40
3660; 42
3661; 42
3662; 44
3663; 44
3664; 46
3665; 46
3666; 48
3667; 48
3668; 50
3669; 50
3670; 52
3671; 52
3672; 54
3673; 54
3674; 56
3675; 56
3676; 58
3677; 8
3678; 10
3679; 10
3680; 12
3681; 12
3682; 14
3683; 14
3684; 16
3685; 16
3686; 18
3687; 18
3688; 20
3689; 20
3690; 22
3691; 22
3692; 24
3693; 24
3694; 26
3695; 26
3696; 28
3697; 0
3698; 2
3699; 2
3700; 4
3701; 4
3702; 6
3703; 6
3704; 8
3705; 8
3706; 10
3707; 10
3708; 12
3709; 12
3710; 14
3711; 14
3712; 16
3713; 16
3714; 17
3715; 17
3716; 18
3717; 30
3718; 31
3719; 31
3720; 32
3721; 32
3722; 34
3723; 34
3724; 36
3725; 36
3726; 38
3727; 38
3728; 40
3729; 40
3730; 42
3731; 42
3732; 44
3733; 44
3734; 46
3735; 46
3736; 48
3737; 20
3738; 22
3739; 22
3740; 24
3741; 24
3742; 26
3743; 26
3744; 28
3745; 28
3746; 30
3747; 30
3748; 32
3749; 32
3750; 34
3751; 34
3752; 36
3753; 36
3754; 37
3755; 37
3756; 38
3757; 50
3758; 51
3759; 51
3760; 52
3761; 52
3762; 54
3763; 54
3764; 56
3765; 56
3766; 58
3767; 58
3768; 0
3769; 0
3770; 2
3771; 2
3772; 4
3773; 4
3774; 6
3775; 6
3776; 8
3777; 0
3778; 2
3779; 2
3780; 4
3781; 4
3782; 6
3783; 6
3784; 8
3785; 8
3786; 10
3787; 10
3788; 12
3789; 12
3790; 14
3791; 14
3792; 16
3793; 16
3794; 18
3795; 18
3796; 20
3797; 30
3798; 32
3799; 32
3800; 34
3801; 34
3802; 36
3803; 36
3804; 38
3805; 38
3806; 40
3807; 40
3808; 42
3809; 42
3810; 44
3811; 44
3812; 46
3813; 46
3814; 48
3815; 48
3816; 50
3817; 0
3818; 2
3819; 2
3820; 4
3821; 4
3822; 6
3823; 6
3824; 8
3825; 8
3826; 10
3827; 10
3828; 12
3829; 12
3830; 14
3831; 14
3832; 16
3833; 16
3834; 17
3835; 17
3836; 18
3837; 30
3838; 31
3839; 31
3840; 32
3841; 32
3842; 34
3843; 34
3844; 36
3845; 36
3846; 38
3847; 38
3848; 40
3849; 40
3850; 42
3851; 42
3852; 44
3853; 44
3854; 46
3855; 46
3856; 48
3857; 0
3858; 2
3859; 2
3860; 4
3861; 4
3862; 6
3863; 6
3864; 8
3865; 8
3866; 10
3867; 10
3868; 12
3869; 12
3870; 14
3871; 14
3872; 16
3873; 16
3874; 18
3875; 18
3876; 20
3877; 30
3878; 32
3879; 32
3880; 34
3881; 34
3882; 36
3883; 36
3884; 38
3885; 38
3886; 40
3887; 40
3888; 42
3889; 42
3890; 44
3891; 44
3892; 46
3893; 46
3894; 48
3895; 48
3896; 50
3897; 9
3898; 12
3899; 12
3900; 15
3901; 15
3902; 18
3903; 18
3904; 21
3905; 21
3906; 24
3907; 24
3908; 26
3909; 26
3910; 30
3911; 30
3912; 32
3913; 32
3914; 34
3915; 39
3916; 41
3917; 41
3918; 43
3919; 43
3920; 47
3921; 47
3922; 49
3923; 49
3924; 52
3925; 52
3926; 55
3927; 55
3928; 58
3929; 58
3930; 1
3931; 1
3932; 4
3933; 1
3934; 7
3935; 7
3936; 13
3937; 13
3938; 19
3939; 19
3940; 25
3941; 25
3942; 27
3943; 27
3944; 32
3945; 32
3946; 34
3947; 34
3948; 37
3949; 37
3950; 39
3951; 1
3952; 3
3953; 3
3954; 6
3955; 6
3956; 8
3957; 8
3958; 13
3959; 13
3960; 15
3961; 15
3962; 21
3963; 21
3964; 27
3965; 27
3966; 33
3967; 33
3968; 39
3969; 5
3970; 10
3971; 10
3972; 15
3973; 15
3974; 20
3975; 20
3976; 25
3977; 25
3978; 30
3979; 30
3980; 35
3981; 35
3982; 40
3983; 40
3984; 45
3985; 45
3986; 47
3987; 5
3988; 7
3989; 7
3990; 12
3991; 12
3992; 17
3993; 17
3994; 22
3995; 22
3996; 27
3997; 27
3998; 32
3999; 32
4000; 37
4001; 37
4002; 42
4003; 42
4004; 47
4005; 19
4006; 21
4007; 21
4008; 23
4009; 23
4010; 25
4011; 25
4012; 27
4013; 27
4014; 29
4015; 29
4016; 31
4017; 31
4018; 33
4019; 33
4020; 35
4021; 35
4022; 37
4023; 49
4024; 51
4025; 51
4026; 53
4027; 53
4028; 55
4029; 55
4030; 57
4031; 57
4032; 59
4033; 59
4034; 1
4035; 1
4036; 3
4037; 3
4038; 5
4039; 5
4040; 7
4041; 26
4042; 28
4043; 28
4044; 30
4045; 30
4046; 32
4047; 32
4048; 34
4049; 34
4050; 36
4051; 36
4052; 38
4053; 38
4054; 40
4055; 40
4056; 42
4057; 42
4058; 44
4059; 56
4060; 58
4061; 58
4062; 0
4063; 0
4064; 2
4065; 2
4066; 4
4067; 4
4068; 6
4069; 6
4070; 8
4071; 8
4072; 10
4073; 10
4074; 12
4075; 12
4076; 14
4077; 0
4078; 5
4079; 5
4080; 7
4081; 7
4082; 15
4083; 15
4084; 23
4085; 23
4086; 25
4087; 25
4088; 27
4089; 27
4090; 33
4091; 33
4092; 35
4093; 0
4094; 2
4095; 2
4096; 8
4097; 8
4098; 10
4099; 10
4100; 12
4101; 12
4102; 20
4103; 20
4104; 28
4105; 28
4106; 30
4107; 30
4108; 35
4109; 55
4110; 1
4111; 1
4112; 7
4113; 7
4114; 13
4115; 13
4116; 19
4117; 19
4118; 25
4119; 25
4120; 31
4121; 31
4122; 37
4123; 37
4124; 43
4125; 55
4126; 1
4127; 1
4128; 7
4129; 7
4130; 13
4131; 13
4132; 19
4133; 19
4134; 25
4135; 25
4136; 31
4137; 31
4138; 37
4139; 37
4140; 43
4141; 15
4142; 17
4143; 17
4144; 20
4145; 20
4146; 22
4147; 22
4148; 24
4149; 24
4150; 27
4151; 27
4152; 30
4153; 30
4154; 32
4155; 32
4156; 34
4157; 45
4158; 47
4159; 47
4160; 49
4161; 49
4162; 52
4163; 52
4164; 55
4165; 55
4166; 57
4167; 57
4168; 59
4169; 59
4170; 2
4171; 2
4172; 4
4173; 3
4174; 5
4175; 5
4176; 8
4177; 8
4178; 11
4179; 11
4180; 14
4181; 14
4182; 17
4183; 17
4184; 20
4185; 20
4186; 22
4187; 22
4188; 24
4189; 33
4190; 35
4191; 35
4192; 37
4193; 37
4194; 40
4195; 40
4196; 43
4197; 43
4198; 46
4199; 46
4200; 49
4201; 49
4202; 52
4203; 52
4204; 54
4205; 0
4206; 2
4207; 2
4208; 4
4209; 4
4210; 6
4211; 6
4212; 8
4213; 8
4214; 10
4215; 10
4216; 11
4217; 11
4218; 12
4219; 30
4220; 31
4221; 31
4222; 32
4223; 32
4224; 34
4225; 34
4226; 36
4227; 36
4228; 38
4229; 38
4230; 40
4231; 40
4232; 42
4233; 38
4234; 40
4235; 40
4236; 42
4237; 42
4238; 44
4239; 44
4240; 46
4241; 46
4242; 48
4243; 48
4244; 49
4245; 49
4246; 50
4247; 8
4248; 9
4249; 9
4250; 10
4251; 10
4252; 12
4253; 12
4254; 14
4255; 14
4256; 16
4257; 16
4258; 18
4259; 18
4260; 20
4261; 16
4262; 18
4263; 18
4264; 20
4265; 20
4266; 22
4267; 22
4268; 24
4269; 24
4270; 26
4271; 26
4272; 27
4273; 27
4274; 28
4275; 46
4276; 47
4277; 47
4278; 48
4279; 48
4280; 50
4281; 50
4282; 52
4283; 52
4284; 54
4285; 54
4286; 56
4287; 56
4288; 58
4289; 0
4290; 2
4291; 2
4292; 4
4293; 4
4294; 6
4295; 6
4296; 8
4297; 8
4298; 10
4299; 10
4300; 11
4301; 11
4302; 12
4303; 30
4304; 31
4305; 31
4306; 32
4307; 32
4308; 34
4309; 34
4310; 36
4311; 36
4312; 38
4313; 38
4314; 40
4315; 40
4316; 42
4317; 0
4318; 2
4319; 2
4320; 6
4321; 6
4322; 10
4323; 10
4324; 14
4325; 14
4326; 16
4327; 16
4328; 19
4329; 19
4330; 21
4331; 30
4332; 32
4333; 32
4334; 35
4335; 35
4336; 37
4337; 37
4338; 41
4339; 41
4340; 45
4341; 45
4342; 49
4343; 49
4344; 51
4345; 40
4346; 42
4347; 42
4348; 45
4349; 45
4350; 48
4351; 48
4352; 51
4353; 51
4354; 54
4355; 54
4356; 57
4357; 57
4358; 0
4359; 10
4360; 13
4361; 13
4362; 16
4363; 16
4364; 19
4365; 19
4366; 22
4367; 22
4368; 25
4369; 25
4370; 28
4371; 28
4372; 30
4373; 0
4374; 2
4375; 2
4376; 4
4377; 4
4378; 6
4379; 6
4380; 8
4381; 8
4382; 10
4383; 10
4384; 11
4385; 11
4386; 12
4387; 30
4388; 31
4389; 31
4390; 32
4391; 32
4392; 34
4393; 34
4394; 36
4395; 36
4396; 38
4397; 38
4398; 40
4399; 40
4400; 42
4401; 45
4402; 48
4403; 48
4404; 51
4405; 51
4406; 54
4407; 54
4408; 57
4409; 57
4410; 0
4411; 0
4412; 2
4413; 15
4414; 17
4415; 17
4416; 20
4417; 20
4418; 23
4419; 23
4420; 26
4421; 26
4422; 29
4423; 29
4424; 32
4425; 0
4426; 7
4427; 7
4428; 14
4429; 14
4430; 21
4431; 21
4432; 28
4433; 28
4434; 35
4435; 35
4436; 42
4437; 42
4438; 49
4439; 49
4440; 56
4441; 56
4442; 3
4443; 3
4444; 10
4445; 10
4446; 17
4447; 17
4448; 24
4449; 24
4450; 31
4451; 31
4452; 38
4453; 38
4454; 45
4455; 0
4456; 7
4457; 7
4458; 14
4459; 14
4460; 21
4461; 21
4462; 28
4463; 28
4464; 35
4465; 35
4466; 42
4467; 42
4468; 49
4469; 49
4470; 56
4471; 56
4472; 3
4473; 3
4474; 10
4475; 10
4476; 17
4477; 17
4478; 24
4479; 24
4480; 31
4481; 31
4482; 38
4483; 38
4484; 45
4485; 22
4486; 27
4487; 27
4488; 32
4489; 32
4490; 37
4491; 37
4492; 42
4493; 42
4494; 47
4495; 47
4496; 52
4497; 52
4498; 57
4499; 57
4500; 2
4501; 2
4502; 7
4503; 7
4504; 12
4505; 12
4506; 17
4507; 17
4508; 22
4509; 22
4510; 27
4511; 27
4512; 32
4513; 32
4514; 37
4515; 52
4516; 57
4517; 57
4518; 2
4519; 2
4520; 7
4521; 7
4522; 12
4523; 12
4524; 17
4525; 17
4526; 22
4527; 22
4528; 27
4529; 27
4530; 32
4531; 32
4532; 37
4533; 37
4534; 42
4535; 42
4536; 47
4537; 47
4538; 52
4539; 52
4540; 57
4541; 57
4542; 2
4543; 2
4544; 7
4545; 7
4546; 11
4547; 11
4548; 15
4549; 15
4550; 19
4551; 19
4552; 23
4553; 23
4554; 27
4555; 27
4556; 31
4557; 31
4558; 35
4559; 35
4560; 39
4561; 39
4562; 43
4563; 43
4564; 47
4565; 47
4566; 51
4567; 51
4568; 55
4569; 55
4570; 59
4571; 59
4572; 3
4573; 3
4574; 7
4575; 7
4576; 11
4577; 11
4578; 15
4579; 15
4580; 19
4581; 19
4582; 23
4583; 23
4584; 27
4585; 27
4586; 31
4587; 31
4588; 35
4589; 35
4590; 39
4591; 39
4592; 43
4593; 43
4594; 47
4595; 47
4596; 51
4597; 51
4598; 55
4599; 55
4600; 59
4601; 59
4602; 3
4603; 3
4604; 7
4605; 34
4606; 36
4607; 36
4608; 38
4609; 38
4610; 40
4611; 40
4612; 42
4613; 42
4614; 44
4615; 44
4616; 46
4617; 46
4618; 48
4619; 48
4620; 50
4621; 50
4622; 52
4623; 52
4624; 54
4625; 54
4626; 56
4627; 4
4628; 6
4629; 6
4630; 8
4631; 8
4632; 10
4633; 10
4634; 12
4635; 12
4636; 14
4637; 14
4638; 16
4639; 16
4640; 18
4641; 18
4642; 20
4643; 20
4644; 22
4645; 22
4646; 24
4647; 24
4648; 26
4649; 54
4650; 56
4651; 56
4652; 58
4653; 58
4654; 0
4655; 0
4656; 2
4657; 2
4658; 4
4659; 4
4660; 6
4661; 6
4662; 8
4663; 8
4664; 10
4665; 10
4666; 12
4667; 12
4668; 14
4669; 14
4670; 16
4671; 24
4672; 26
4673; 26
4674; 28
4675; 28
4676; 30
4677; 30
4678; 32
4679; 32
4680; 34
4681; 34
4682; 36
4683; 36
4684; 38
4685; 38
4686; 40
4687; 40
4688; 42
4689; 42
4690; 44
4691; 44
4692; 46
4693; 45
4694; 47
4695; 47
4696; 49
4697; 49
4698; 51
4699; 51
4700; 53
4701; 53
4702; 55
4703; 55
4704; 57
4705; 57
4706; 59
4707; 59
4708; 1
4709; 1
4710; 3
4711; 3
4712; 5
4713; 5
4714; 7
4715; 15
4716; 17
4717; 17
4718; 19
4719; 19
4720; 21
4721; 21
4722; 23
4723; 23
4724; 25
4725; 25
4726; 27
4727; 27
4728; 29
4729; 29
4730; 31
4731; 31
4732; 33
4733; 33
4734; 35
4735; 35
4736; 37
4737; 24
4738; 26
4739; 26
4740; 28
4741; 28
4742; 30
4743; 30
4744; 32
4745; 32
4746; 34
4747; 34
4748; 36
4749; 36
4750; 38
4751; 38
4752; 40
4753; 40
4754; 42
4755; 42
4756; 44
4757; 44
4758; 46
4759; 54
4760; 56
4761; 56
4762; 58
4763; 58
4764; 0
4765; 0
4766; 2
4767; 2
4768; 4
4769; 4
4770; 6
4771; 6
4772; 8
4773; 8
4774; 10
4775; 10
4776; 12
4777; 12
4778; 14
4779; 14
4780; 16
4781; 27
4782; 35
4783; 35
4784; 43
4785; 43
4786; 51
4787; 51
4788; 59
4789; 59
4790; 1
4791; 1
4792; 3
4793; 3
4794; 9
4795; 9
4796; 15
4797; 15
4798; 21
4799; 21
4800; 27
4801; 27
4802; 33
4803; 33
4804; 39
4805; 39
4806; 45
4807; 45
4808; 51
4809; 51
4810; 53
4811; 53
4812; 55
4813; 55
4814; 3
4815; 3
4816; 11
4817; 11
4818; 19
4819; 19
4820; 27
4821; 34
4822; 35
4823; 35
4824; 36
4825; 36
4826; 37
4827; 37
4828; 38
4829; 38
4830; 39
4831; 39
4832; 40
4833; 40
4834; 41
4835; 41
4836; 42
4837; 42
4838; 44
4839; 4
4840; 6
4841; 6
4842; 7
4843; 7
4844; 8
4845; 8
4846; 9
4847; 9
4848; 10
4849; 10
4850; 11
4851; 11
4852; 12
4853; 12
4854; 13
4855; 13
4856; 14
4857; 51
4858; 52
4859; 52
4860; 53
4861; 53
4862; 54
4863; 54
4864; 55
4865; 55
4866; 56
4867; 56
4868; 57
4869; 57
4870; 58
4871; 58
4872; 0
4873; 21
4874; 23
4875; 23
4876; 24
4877; 24
4878; 25
4879; 25
4880; 26
4881; 26
4882; 27
4883; 27
4884; 28
4885; 28
4886; 29
4887; 29
4888; 30
4889; 33
4890; 35
4891; 35
4892; 37
4893; 37
4894; 39
4895; 39
4896; 41
4897; 41
4898; 43
4899; 43
4900; 45
4901; 45
4902; 47
4903; 47
4904; 49
4905; 49
4906; 51
4907; 51
4908; 53
4909; 53
4910; 55
4911; 55
4912; 57
4913; 57
4914; 59
4915; 59
4916; 1
4917; 1
4918; 3
4919; 3
4920; 5
4921; 5
4922; 7
4923; 7
4924; 9
4925; 9
4926; 11
4927; 11
4928; 13
4929; 33
4930; 35
4931; 35
4932; 37
4933; 37
4934; 39
4935; 39
4936; 41
4937; 41
4938; 43
4939; 43
4940; 45
4941; 45
4942; 47
4943; 47
4944; 49
4945; 49
4946; 51
4947; 51
4948; 53
4949; 53
4950; 55
4951; 55
4952; 57
4953; 57
4954; 59
4955; 59
4956; 1
4957; 1
4958; 3
4959; 3
4960; 5
4961; 5
4962; 7
4963; 7
4964; 9
4965; 9
4966; 11
4967; 11
4968; 13
4969; 43
4970; 45
4971; 45
4972; 47
4973; 47
4974; 49
4975; 49
4976; 51
4977; 51
4978; 53
4979; 53
4980; 55
4981; 55
4982; 57
4983; 57
4984; 59
4985; 59
4986; 1
4987; 1
4988; 3
4989; 3
4990; 5
4991; 5
4992; 7
4993; 7
4994; 9
4995; 9
4996; 11
4997; 11
4998; 13
4999; 13
5000; 15
5001; 15
5002; 17
5003; 17
5004; 19
5005; 19
5006; 21
5007; 21
5008; 23
5009; 43
5010; 45
5011; 45
5012; 47
5013; 47
5014; 49
5015; 49
5016; 51
5017; 51
5018; 53
5019; 53
5020; 55
5021; 55
5022; 57
5023; 57
5024; 59
5025; 59
5026; 1
5027; 1
5028; 3
5029; 3
5030; 5
5031; 5
5032; 7
5033; 7
5034; 9
5035; 9
5036; 11
5037; 11
5038; 13
5039; 13
5040; 15
5041; 15
5042; 17
5043; 17
5044; 19
5045; 19
5046; 21
5047; 21
5048; 23
5049; 33
5050; 35
5051; 35
5052; 37
5053; 37
5054; 39
5055; 39
5056; 41
5057; 41
5058; 43
5059; 43
5060; 45
5061; 45
5062; 47
5063; 47
5064; 49
5065; 49
5066; 51
5067; 51
5068; 53
5069; 53
5070; 55
5071; 55
5072; 57
5073; 57
5074; 59
5075; 59
5076; 1
5077; 1
5078; 3
5079; 3
5080; 5
5081; 5
5082; 7
5083; 7
5084; 9
5085; 9
5086; 11
5087; 11
5088; 13
5089; 33
5090; 35
5091; 35
5092; 37
5093; 37
5094; 39
5095; 39
5096; 41
5097; 41
5098; 43
5099; 43
5100; 45
5101; 45
5102; 47
5103; 47
5104; 49
5105; 49
5106; 51
5107; 51
5108; 53
5109; 53
5110; 55
5111; 55
5112; 57
5113; 57
5114; 59
5115; 59
5116; 1
5117; 1
5118; 3
5119; 3
5120; 5
5121; 5
5122; 7
5123; 7
5124; 9
5125; 9
5126; 11
5127; 11
5128; 13
5129; 27
5130; 29
5131; 29
5132; 31
5133; 31
5134; 33
5135; 33
5136; 35
5137; 35
5138; 37
5139; 37
5140; 39
5141; 39
5142; 41
5143; 41
5144; 43
5145; 43
5146; 45
5147; 45
5148; 47
5149; 47
5150; 49
5151; 49
5152; 51
5153; 51
5154; 53
5155; 53
5156; 55
5157; 55
5158; 57
5159; 57
5160; 59
5161; 59
5162; 1
5163; 1
5164; 3
5165; 3
5166; 5
5167; 5
5168; 7
5169; 27
5170; 29
5171; 29
5172; 31
5173; 31
5174; 33
5175; 33
5176; 35
5177; 35
5178; 37
5179; 37
5180; 39
5181; 39
5182; 41
5183; 41
5184; 43
5185; 43
5186; 45
5187; 45
5188; 47
5189; 47
5190; 49
5191; 49
5192; 51
5193; 51
5194; 53
5195; 53
5196; 55
5197; 55
5198; 57
5199; 57
5200; 59
5201; 59
5202; 1
5203; 1
5204; 3
5205; 3
5206; 5
5207; 5
5208; 7
5209; 46
5210; 48
5211; 48
5212; 50
5213; 50
5214; 52
5215; 52
5216; 54
5217; 54
5218; 56
5219; 56
5220; 58
5221; 58
5222; 0
5223; 0
5224; 2
5225; 2
5226; 4
5227; 4
5228; 6
5229; 6
5230; 8
5231; 8
5232; 10
5233; 10
5234; 12
5235; 12
5236; 14
5237; 14
5238; 16
5239; 16
5240; 18
5241; 18
5242; 20
5243; 20
5244; 22
5245; 22
5246; 24
5247; 24
5248; 26
5249; 46
5250; 48
5251; 48
5252; 50
5253; 50
5254; 52
5255; 52
5256; 54
5257; 54
5258; 56
5259; 56
5260; 58
5261; 58
5262; 0
5263; 0
5264; 2
5265; 2
5266; 4
5267; 4
5268; 6
5269; 6
5270; 8
5271; 8
5272; 10
5273; 10
5274; 12
5275; 12
5276; 14
5277; 14
5278; 16
5279; 16
5280; 18
5281; 18
5282; 20
5283; 20
5284; 22
5285; 22
5286; 24
5287; 24
5288; 26
5289; 41
5290; 43
5291; 43
5292; 45
5293; 45
5294; 47
5295; 47
5296; 49
5297; 49
5298; 51
5299; 51
5300; 53
5301; 53
5302; 55
5303; 55
5304; 57
5305; 57
5306; 59
5307; 59
5308; 1
5309; 1
5310; 3
5311; 3
5312; 5
5313; 5
5314; 7
5315; 7
5316; 9
5317; 9
5318; 11
5319; 11
5320; 13
5321; 13
5322; 15
5323; 15
5324; 17
5325; 17
5326; 19
5327; 19
5328; 21
5329; 41
5330; 43
5331; 43
5332; 45
5333; 45
5334; 47
5335; 47
5336; 49
5337; 49
5338; 51
5339; 51
5340; 53
5341; 53
5342; 55
5343; 55
5344; 57
5345; 57
5346; 59
5347; 59
5348; 1
5349; 1
5350; 3
5351; 3
5352; 5
5353; 5
5354; 7
5355; 7
5356; 9
5357; 9
5358; 11
5359; 11
5360; 13
5361; 13
5362; 15
5363; 15
5364; 17
5365; 17
5366; 19
5367; 19
5368; 21
