#line-id;line-code;direction;stop-order;stop-id;frequency;departure_time;arrival_time
17; 17H; >; 1; 15; 3; 0; 0
17; 17H; >; 2; 14; 3; 6; 6
17; 17H; >; 3; 13; 3; 12; 12
17; 17H; >; 4; 12; 3; 18; 18
17; 17H; >; 5; 11; 3; 24; 24
17; 17R; <; 1; 11; 3; 0; 0
17; 17R; <; 2; 12; 3; 6; 6
17; 17R; <; 3; 13; 3; 12; 12
17; 17R; <; 4; 14; 3; 18; 18
17; 17R; <; 5; 15; 3; 24; 24
19; 19H; >; 1; 1; 3; 0; 0
19; 19H; >; 2; 2; 3; 6; 6
19; 19H; >; 3; 3; 3; 12; 12
19; 19H; >; 4; 8; 3; 18; 18
19; 19H; >; 5; 13; 3; 24; 24
19; 19R; <; 1; 13; 3; 26; 26
19; 19R; <; 2; 8; 3; 32; 32
19; 19R; <; 3; 3; 3; 38; 40
19; 19R; <; 4; 2; 3; 46; 46
19; 19R; <; 5; 1; 3; 52; 52
29; 29H; >; 1; 1; 3; 22; 22
29; 29H; >; 2; 2; 3; 28; 28
29; 29H; >; 3; 3; 3; 34; 34
29; 29H; >; 4; 8; 3; 40; 40
29; 29H; >; 5; 13; 3; 46; 46
29; 29H; >; 6; 18; 3; 52; 52
29; 29H; >; 7; 23; 3; 58; 58
29; 29H; >; 8; 24; 3; 4; 4
29; 29H; >; 9; 25; 3; 10; 10
29; 29R; <; 1; 25; 3; 26; 26
29; 29R; <; 2; 24; 3; 32; 32
29; 29R; <; 3; 23; 3; 38; 38
29; 29R; <; 4; 18; 3; 44; 44
29; 29R; <; 5; 13; 3; 50; 50
29; 29R; <; 6; 8; 3; 56; 56
29; 29R; <; 7; 3; 3; 2; 2
29; 29R; <; 8; 2; 3; 8; 8
29; 29R; <; 9; 1; 3; 14; 14
30; 30H; >; 1; 6; 3; 57; 57
30; 30H; >; 2; 7; 3; 3; 3
30; 30H; >; 3; 8; 3; 9; 9
30; 30H; >; 4; 13; 3; 15; 15
30; 30H; >; 5; 18; 3; 21; 21
30; 30H; >; 6; 19; 3; 27; 27
30; 30H; >; 7; 20; 3; 33; 33
30; 30R; <; 1; 20; 3; 20; 20
30; 30R; <; 2; 19; 3; 26; 26
30; 30R; <; 3; 18; 3; 32; 32
30; 30R; <; 4; 13; 3; 38; 38
30; 30R; <; 5; 8; 3; 46; 46
30; 30R; <; 6; 7; 3; 52; 52
30; 30R; <; 7; 6; 3; 58; 58
32; 32H; >; 1; 16; 3; 57; 57
32; 32H; >; 2; 17; 3; 3; 3
32; 32H; >; 3; 18; 3; 9; 9
32; 32H; >; 4; 13; 3; 15; 15
32; 32H; >; 5; 8; 3; 21; 21
32; 32H; >; 6; 9; 3; 27; 27
32; 32H; >; 7; 10; 3; 33; 33
32; 32R; <; 1; 10; 3; 31; 31
32; 32R; <; 2; 9; 3; 37; 37
32; 32R; <; 3; 8; 3; 43; 43
32; 32R; <; 4; 13; 3; 49; 49
32; 32R; <; 5; 18; 3; 55; 55
32; 32R; <; 6; 17; 3; 1; 1
32; 32R; <; 7; 16; 3; 7; 7
33; 33H; >; 1; 21; 3; 23; 23
33; 33H; >; 2; 22; 3; 29; 29
33; 33H; >; 3; 23; 3; 35; 35
33; 33H; >; 4; 18; 3; 41; 41
33; 33H; >; 5; 13; 3; 47; 47
33; 33H; >; 6; 8; 3; 53; 53
33; 33H; >; 7; 3; 3; 59; 59
33; 33H; >; 8; 4; 3; 5; 5
33; 33H; >; 9; 5; 3; 11; 11
33; 33R; <; 1; 5; 3; 45; 45
33; 33R; <; 2; 4; 3; 51; 51
33; 33R; <; 3; 3; 3; 57; 57
33; 33R; <; 4; 8; 3; 3; 3
33; 33R; <; 5; 13; 3; 9; 9
33; 33R; <; 6; 18; 3; 15; 15
33; 33R; <; 7; 23; 3; 21; 21
33; 33R; <; 8; 22; 3; 27; 27
33; 33R; <; 9; 21; 3; 33; 33
