#origin-stop-id;destination-stop-id;perceived-travel-time;passengers
1;2;24;1.32
1;3;4;8.64
1;4;9;24.76
1;5;14;1.69
1;6;20;5.4
1;7;46;0.98
1;8;34;11.72
1;9;18;7.7
1;10;22;19.82
1;11;16;33.57
1;12;11;2.86
1;13;27;1.49
1;14;24;2.42
1;15;37;2.28
1;16;35;21.36
1;17;29;15.73
1;18;47;1.9
1;19;41;1.58
1;20;52;1.22
1;21;37;4.17
1;22;41;10.47
1;23;28;18.25
1;24;32;2.32
2;1;24;0.82
2;3;20;0.91
2;4;15;4.25
2;5;10;4.33
2;6;4;20.64
2;7;14;2.51
2;8;8;29.86
2;9;14;13.17
2;10;18;16.86
2;11;22;16.44
2;12;27;1.67
2;13;43;0.87
2;14;30;1.41
2;15;34;2.17
2;16;12;33.03
2;17;16;24.29
2;18;18;2.98
2;19;20;2.46
2;20;36;1.81
2;21;43;2.92
2;22;38;9.81
2;23;34;10.36
2;24;48;1.34
3;1;4;5.77
3;2;20;0.98
3;4;5;17.9
3;5;10;1.24
3;6;16;3.93
3;7;36;0.71
3;8;28;8.45
3;9;14;5.56
3;10;18;14.33
3;11;12;24.23
3;12;7;2.13
3;13;23;1.11
3;14;20;1.8
3;15;33;1.67
3;16;31;15.41
3;17;25;11.35
3;18;37;1.4
3;19;37;1.15
3;20;48;0.9
3;21;33;3.03
3;22;37;7.55
3;23;24;13.17
3;24;28;1.69
4;1;9;4.37
4;2;15;1.13
4;3;5;4.29
4;5;5;1.25
4;6;11;3.72
4;7;30;0.68
4;8;23;7.16
4;9;9;4.86
4;10;13;12.58
4;11;7;20.81
4;12;12;2.48
4;13;28;1.26
4;14;15;2.13
4;15;28;1.69
4;16;26;13.15
4;17;20;9.65
4;18;34;1.5
4;19;32;1.16
4;20;41;1.03
4;21;37;2.83
4;22;32;6.47
4;23;19;11.19
4;24;33;1.62
5;1;14;0.89
5;2;10;2.22
5;3;10;0.93
5;4;5;3.88
5;6;6;10.71
5;7;24;0.75
5;8;18;9.84
5;9;4;11.96
5;10;8;15.36
5;11;12;14.81
5;12;17;1.74
5;13;33;0.9
5;14;20;1.48
5;15;16;2.12
5;16;14;10.96
5;17;15;8.06
5;18;28;1.12
5;19;22;0.89
5;20;31;0.74
5;21;25;2.23
5;22;20;8.87
5;23;24;9.35
5;24;38;1.26
6;1;20;1.29
6;2;4;7.86
6;3;16;1.41
6;4;11;6.35
6;5;6;6.61
6;7;10;3.79
6;8;4;44.49
6;9;10;19.71
6;10;14;25.27
6;11;18;24.54
6;12;23;2.59
6;13;39;1.34
6;14;26;2.2
6;15;30;3.32
6;16;8;49.27
6;17;12;36.21
6;18;14;4.58
6;19;16;3.75
6;20;32;2.79
6;21;39;5.36
6;22;34;14.64
6;23;30;15.46
6;24;44;2.03
7;1;46;0.32
7;2;14;1.28
7;3;36;0.34
7;4;31;1.48
7;5;24;1.11
7;6;10;4.91
7;8;6;10.33
7;9;20;3.1
7;10;16;5.88
7;11;21;5.7
7;12;26;0.62
7;13;51;0.32
7;14;37;0.53
7;15;24;0.79
7;16;10;11.45
7;17;14;8.42
7;18;4;1.09
7;19;18;0.89
7;20;36;0.67
7;21;41;0.99
7;22;28;3.41
7;23;41;3.59
7;24;46;0.48
8;1;37;1.13
8;2;8;3.84
8;3;30;0.97
8;4;24;2.45
8;5;18;2.09
8;6;4;9.84
8;7;6;2.18
8;9;14;4.42
8;10;10;9.58
8;11;23;8.66
8;12;28;1.94
8;13;52;0.95
8;14;31;1.68
8;15;26;1.83
8;16;4;17.27
8;17;8;12.56
8;18;10;2.88
8;19;12;2.11
8;20;28;1.99
8;21;35;1.98
8;22;30;5.16
8;23;38;5.35
8;24;48;0.99
9;1;18;1.73
9;2;14;2.71
9;3;14;1.58
9;4;9;4.76
9;5;4;4.22
9;6;10;9.9
9;7;20;0.69
9;8;14;7.65
9;10;4;18.82
9;11;9;17.34
9;12;14;3.06
9;13;39;1.53
9;14;17;2.61
9;15;12;3.25
9;16;10;12.86
9;17;11;9.41
9;18;24;1.86
9;19;18;1.29
9;20;27;1.26
9;21;21;2.99
9;22;16;10.45
9;23;29;10.86
9;24;34;1.74
10;1;22;3.74
10;2;18;4.18
10;3;18;3.45
10;4;13;11.05
10;5;8;5.68
10;6;14;15.05
10;7;16;2.27
10;8;10;21.92
10;9;4;20.35
10;11;5;43.31
10;12;10;6.81
10;13;34;3.11
10;14;13;5.35
10;15;8;6.5
10;16;6;40.56
10;17;7;29.66
10;18;12;5.29
10;19;14;3.99
10;20;23;3.53
10;21;17;7.43
10;22;12;22.09
10;23;25;23.11
10;24;30;3.63
11;1;16;4.82
11;2;22;2.56
11;3;12;4.37
11;4;7;13.14
11;5;12;2.58
11;6;18;7.18
11;7;21;1.34
11;8;23;12.17
11;9;9;8.64
11;10;5;22.48
11;12;5;6.94
11;13;29;3.17
11;14;8;6.09
11;15;13;3.69
11;16;11;22.59
11;17;15;16.47
11;18;17;3.2
11;19;19;2.37
11;20;28;2.38
11;21;22;6.14
11;22;17;12.26
11;23;12;23.43
11;24;26;3.89
12;1;11;2.17
12;2;27;1.97
12;3;7;2.35
12;4;12;10.53
12;5;17;2.45
12;6;23;7.74
12;7;26;1.41
12;8;28;16.42
12;9;14;10.85
12;10;10;27.96
12;11;5;44.86
12;13;16;2.23
12;14;13;3.67
12;15;18;3.3
12;16;16;29.98
12;17;20;22.08
12;18;22;2.8
12;19;24;2.29
12;20;33;1.72
12;21;26;5.95
12;22;22;14.7
12;23;25;25.63
12;24;21;3.32
13;1;27;0.96
13;2;43;0.87
13;3;23;1.04
13;4;28;4.67
13;5;33;1.08
13;6;39;3.44
13;7;53;0.62
13;8;51;7.29
13;9;39;4.8
13;10;34;12.38
13;11;29;19.88
13;12;16;1.91
13;14;14;4
13;15;27;2.68
13;16;40;13.29
13;17;39;11.23
13;18;49;1.24
13;19;34;1.56
13;20;25;2.12
13;21;10;11.79
13;22;15;17.78
13;23;10;41.81
13;24;5;8.82
14;1;24;1.73
14;2;30;1.48
14;3;20;1.93
14;4;15;8.95
14;5;20;1.8
14;6;26;5.98
14;7;37;1.03
14;8;31;12.9
14;9;17;8.12
14;10;13;21.88
14;11;8;39.08
14;12;13;3.51
14;13;14;4.1
14;15;5;4.17
14;16;19;23.52
14;17;23;19.23
14;18;33;2.11
14;19;11;2.3
14;20;17;2.06
14;21;22;11.92
14;22;9;28.24
14;23;4;54.8
14;24;9;7.03
15;1;38;0.98
15;2;34;1.38
15;3;34;0.97
15;4;28;3.61
15;5;16;2.5
15;6;30;6.21
15;7;24;1.37
15;8;26;9.2
15;9;12;10
15;10;8;19.23
15;11;13;14.01
15;12;18;1.88
15;13;27;2.69
15;14;5;2.62
15;16;14;18.5
15;17;10;16.73
15;18;20;1.79
15;19;6;2.93
15;20;12;2.7
15;21;9;6.29
15;22;4;24.37
15;23;9;25.6
15;24;22;3.6
16;1;35;2.39
16;2;12;4.99
16;3;31;2.06
16;4;26;5.8
16;5;14;2.86
16;6;8;13.64
16;7;10;3.04
16;8;4;24.82
16;9;10;9.55
16;10;6;24.16
16;11;11;22.26
16;12;16;4.17
16;13;40;1.89
16;14;19;3.33
16;15;14;3.75
16;17;4;27.61
16;18;6;5.67
16;19;8;4.23
16;20;24;3.87
16;21;31;4.97
16;22;18;11.34
16;23;31;11.79
16;24;36;2.05
17;1;29;1.04
17;2;16;2.35
17;3;25;0.99
17;4;20;3.44
17;5;15;1.5
17;6;12;7.48
17;7;14;1.65
17;8;8;15.5
17;9;11;5.71
17;10;7;13.04
17;11;15;12.33
17;12;20;1.94
17;13;37;0.99
17;14;23;1.33
17;15;10;2.17
17;16;4;25.81
17;18;10;2.08
17;19;4;3.24
17;20;20;2.72
17;21;27;3.42
17;22;14;7.84
17;23;27;8.2
17;24;32;1.46
18;1;42;0.94
18;2;18;2.36
18;3;38;1.04
18;4;33;4.75
18;5;28;1.79
18;6;14;9.43
18;7;4;1.71
18;8;10;20.2
18;9;24;8.06
18;10;12;17.04
18;11;17;16.6
18;12;22;1.9
18;13;47;0.6
18;14;34;0.99
18;15;20;1.49
18;16;6;33.34
18;17;10;16.46
18;19;14;1.69
18;20;32;1.25
18;21;37;2.35
18;22;24;6.65
18;23;37;7.03
18;24;42;0.91
19;1;41;0.6
19;2;20;1.48
19;3;37;0.65
19;4;32;2.87
19;5;22;1.1
19;6;16;5.76
19;7;18;1.27
19;8;12;13.51
19;9;18;4.71
19;10;14;10.92
19;11;19;10.6
19;12;24;1.2
19;13;33;0.94
19;14;11;0.98
19;15;6;2.3
19;16;8;22.33
19;17;4;24.48
19;18;14;1.42
19;20;8;2.58
19;21;22;4.01
19;22;10;10.05
19;23;15;10.61
19;24;28;1.64
20;1;52;0.69
20;2;36;1.83
20;3;47;0.77
20;4;43;3.58
20;5;31;1.4
20;6;32;7.37
20;7;36;1.33
20;8;28;15.87
20;9;27;6.27
20;10;23;13.36
20;11;28;14.17
20;12;33;1.46
20;13;24;2.32
20;14;17;1.79
20;15;12;2.37
20;16;24;26.19
20;17;20;28.79
20;18;32;1.59
20;19;8;4.35
20;21;6;17.04
20;22;8;10.74
20;23;13;19.67
20;24;19;4.14
21;1;37;1.48
21;2;43;1.55
21;3;33;1.45
21;4;37;5.36
21;5;25;1.71
21;6;39;5.16
21;7;41;1.11
21;8;35;9.87
21;9;21;6.62
21;10;17;13.15
21;11;22;19.25
21;12;26;2.77
21;13;10;6.27
21;14;22;5.15
21;15;9;4.36
21;16;31;16.41
21;17;28;18.03
21;18;37;1.14
21;19;22;3.23
21;20;6;8
21;22;5;20.02
21;23;10;40.27
21;24;5;9.39
22;1;41;0.68
22;2;38;0.95
22;3;37;0.66
22;4;32;2.3
22;5;20;1.65
22;6;34;4.03
22;7;28;0.9
22;8;30;5.79
22;9;16;6.36
22;10;12;12.23
22;11;17;9.52
22;12;22;1.29
22;13;15;2.71
22;14;9;2.71
22;15;4;4.18
22;16;18;11.68
22;17;14;10.51
22;18;24;1.21
22;19;10;1.93
22;20;8;1.94
22;21;5;6.04
22;23;5;23.99
22;24;10;3.52
23;1;28;0.89
23;2;34;0.72
23;3;24;0.92
23;4;19;3.74
23;5;24;1.14
23;6;30;3.25
23;7;41;0.64
23;8;35;6.17
23;9;29;4.78
23;10;25;10.73
23;11;12;16.13
23;12;25;1.73
23;13;10;2.96
23;14;4;3.7
23;15;9;2.85
23;16;31;10.75
23;17;27;9.16
23;18;37;0.98
23;19;15;1.33
23;20;13;1.48
23;21;10;7.67
23;22;5;17.44
23;24;5;4.63
24;1;32;1.25
24;2;48;0.94
24;3;28;1.15
24;4;32;3.67
24;5;38;1.05
24;6;44;3.03
24;7;48;0.59
24;8;49;5.39
24;9;34;3.74
24;10;30;9.58
24;11;25;15.23
24;12;21;2.27
24;13;5;6.34
24;14;9;4.98
24;15;22;2.76
24;16;38;9.81
24;17;34;8.39
24;18;44;1.18
24;19;29;1.67
24;20;20;3.12
24;21;5;12.97
24;22;10;13.71
24;23;5;31.57
