#timetable found by modulo network simplex algorithm
#Wed Dec 19 02:10:18 2018
1; 0
2; 4
3; 4
4; 8
5; 8
6; 10
7; 10
8; 13
9; 13
10; 15
11; 15
12; 17
13; 17
14; 19
15; 21
16; 23
17; 23
18; 31
19; 31
20; 39
21; 42
22; 45
23; 48
24; 55
25; 58
26; 3
27; 6
28; 13
29; 5
30; 10
31; 10
32; 15
33; 15
34; 20
35; 20
36; 22
37; 22
38; 30
39; 30
40; 38
41; 38
42; 40
43; 40
44; 42
45; 42
46; 44
47; 44
48; 46
49; 46
50; 49
51; 52
52; 55
53; 58
54; 4
55; 4
56; 8
57; 10
58; 12
59; 12
60; 14
61; 14
62; 16
63; 16
64; 18
65; 18
66; 20
67; 20
68; 22
69; 22
70; 24
71; 24
72; 26
73; 26
74; 28
75; 28
76; 30
77; 30
78; 32
79; 32
80; 34
81; 34
82; 36
83; 57
84; 59
85; 59
86; 1
87; 1
88; 3
89; 3
90; 5
91; 5
92; 7
93; 7
94; 9
95; 9
96; 11
97; 11
98; 13
99; 13
100; 15
101; 15
102; 17
103; 17
104; 19
105; 19
106; 21
107; 21
108; 23
109; 57
110; 59
111; 59
112; 1
113; 1
114; 3
115; 3
116; 5
117; 5
118; 7
119; 7
120; 9
121; 9
122; 11
123; 11
124; 13
125; 13
126; 15
127; 15
128; 17
129; 17
130; 19
131; 19
132; 21
133; 21
134; 23
135; 40
136; 42
137; 42
138; 44
139; 44
140; 46
141; 46
142; 48
143; 48
144; 50
145; 50
146; 52
147; 52
148; 54
149; 54
150; 56
151; 56
152; 58
153; 58
154; 0
155; 0
156; 2
157; 2
158; 4
159; 4
160; 6
161; 40
162; 42
163; 42
164; 44
165; 44
166; 46
167; 46
168; 48
169; 48
170; 50
171; 50
172; 52
173; 52
174; 54
175; 54
176; 56
177; 56
178; 58
179; 58
180; 0
181; 0
182; 2
183; 2
184; 4
185; 59
186; 1
187; 1
188; 3
189; 3
190; 5
191; 5
192; 7
193; 7
194; 9
195; 9
196; 11
197; 11
198; 13
199; 13
200; 15
201; 15
202; 17
203; 17
204; 19
205; 19
206; 21
207; 21
208; 23
209; 40
210; 42
211; 42
212; 44
213; 44
214; 46
215; 46
216; 48
217; 48
218; 50
219; 50
220; 52
221; 52
222; 54
223; 54
224; 56
225; 56
226; 58
227; 58
228; 0
229; 0
230; 2
231; 2
232; 4
233; 58
234; 0
235; 0
236; 2
237; 2
238; 4
239; 4
240; 6
241; 6
242; 8
243; 8
244; 10
245; 10
246; 12
247; 12
248; 14
249; 14
250; 16
251; 16
252; 18
253; 18
254; 20
255; 20
256; 22
257; 59
258; 1
259; 1
260; 3
261; 3
262; 5
263; 6
264; 8
265; 8
266; 10
267; 10
268; 12
269; 12
270; 14
271; 14
272; 16
273; 16
274; 18
275; 18
276; 20
277; 20
278; 22
279; 22
280; 24
281; 40
282; 42
283; 42
284; 44
285; 44
286; 46
287; 46
288; 48
289; 48
290; 50
291; 50
292; 52
293; 52
294; 54
295; 54
296; 56
297; 56
298; 58
299; 58
300; 0
301; 3
302; 5
303; 5
304; 7
305; 40
306; 42
307; 42
308; 44
309; 44
310; 46
311; 46
312; 48
313; 48
314; 50
315; 50
316; 52
317; 52
318; 54
319; 54
320; 56
321; 56
322; 58
323; 58
324; 0
325; 0
326; 2
327; 58
328; 0
329; 3
330; 5
331; 5
332; 7
333; 7
334; 9
335; 9
336; 11
337; 11
338; 13
339; 13
340; 15
341; 15
342; 17
343; 17
344; 19
345; 19
346; 21
347; 21
348; 23
349; 41
350; 43
351; 43
352; 45
353; 45
354; 47
355; 47
356; 49
357; 52
358; 54
359; 54
360; 56
361; 56
362; 58
363; 58
364; 0
365; 0
366; 2
367; 2
368; 4
369; 4
370; 6
371; 59
372; 1
373; 1
374; 3
375; 3
376; 5
377; 5
378; 7
379; 7
380; 9
381; 9
382; 11
383; 11
384; 13
385; 13
386; 15
387; 15
388; 17
389; 20
390; 23
391; 26
392; 29
393; 46
394; 49
395; 49
396; 52
397; 52
398; 55
399; 55
400; 58
401; 58
402; 1
403; 1
404; 4
405; 4
406; 7
407; 7
408; 10
409; 10
410; 12
411; 12
412; 14
413; 28
414; 30
415; 30
416; 32
417; 32
418; 35
419; 35
420; 38
421; 38
422; 41
423; 41
424; 44
425; 44
426; 47
427; 47
428; 50
429; 50
430; 53
431; 53
432; 56
433; 49
434; 52
435; 52
436; 55
437; 55
438; 58
439; 58
440; 1
441; 1
442; 4
443; 4
444; 7
445; 7
446; 10
447; 10
448; 13
449; 16
450; 19
451; 56
452; 58
453; 58
454; 1
455; 1
456; 4
457; 4
458; 7
459; 7
460; 10
461; 10
462; 13
463; 13
464; 16
465; 16
466; 19
467; 19
468; 22
469; 44
470; 46
471; 46
472; 48
473; 48
474; 50
475; 50
476; 52
477; 52
478; 54
479; 54
480; 56
481; 56
482; 58
483; 58
484; 0
485; 3
486; 5
487; 1
488; 3
489; 3
490; 5
491; 5
492; 7
493; 7
494; 9
495; 9
496; 11
497; 11
498; 13
499; 13
500; 15
501; 15
502; 17
503; 20
504; 23
505; 16
506; 19
507; 19
508; 22
509; 22
510; 24
511; 24
512; 26
513; 26
514; 28
515; 28
516; 30
517; 30
518; 32
519; 32
520; 37
521; 49
522; 54
523; 54
524; 56
525; 56
526; 58
527; 58
528; 0
529; 0
530; 2
531; 2
532; 4
533; 4
534; 7
535; 7
536; 10
537; 13
538; 16
539; 16
540; 19
541; 19
542; 22
543; 22
544; 25
545; 25
546; 28
547; 28
548; 31
549; 31
550; 34
551; 34
552; 37
553; 29
554; 32
555; 32
556; 35
557; 35
558; 38
559; 38
560; 41
561; 41
562; 44
563; 44
564; 47
565; 47
566; 50
567; 53
568; 57
569; 50
570; 52
571; 52
572; 55
573; 55
574; 58
575; 58
576; 1
577; 1
578; 4
579; 4
580; 7
581; 7
582; 10
583; 52
584; 55
585; 55
586; 58
587; 58
588; 1
589; 1
590; 4
591; 4
592; 7
593; 7
594; 10
595; 10
596; 12
597; 40
598; 42
599; 42
600; 44
601; 44
602; 46
603; 46
604; 48
605; 48
606; 50
607; 50
608; 52
609; 52
610; 54
611; 54
612; 56
613; 56
614; 58
615; 58
616; 0
617; 0
618; 2
619; 1
620; 3
621; 3
622; 5
623; 5
624; 7
625; 7
626; 9
627; 9
628; 11
629; 11
630; 13
631; 13
632; 15
633; 15
634; 17
635; 17
636; 19
637; 19
638; 21
639; 21
640; 23
641; 1
642; 2
643; 2
644; 3
645; 3
646; 4
647; 4
648; 5
649; 5
650; 6
651; 6
652; 7
653; 7
654; 8
655; 8
656; 9
657; 12
658; 13
659; 16
660; 19
661; 57
662; 59
663; 59
664; 0
665; 0
666; 1
667; 1
668; 2
669; 2
670; 3
671; 3
672; 4
673; 4
674; 5
675; 5
676; 6
677; 9
678; 10
679; 10
680; 11
681; 40
682; 42
683; 42
684; 44
685; 44
686; 46
687; 46
688; 48
689; 48
690; 50
691; 50
692; 52
693; 52
694; 54
695; 54
696; 56
697; 56
698; 58
699; 58
700; 0
701; 3
702; 5
703; 5
704; 7
705; 7
706; 9
707; 9
708; 11
709; 11
710; 13
711; 13
712; 15
713; 15
714; 17
715; 17
716; 19
717; 19
718; 21
719; 21
720; 23
721; 40
722; 42
723; 42
724; 44
725; 44
726; 46
727; 46
728; 48
729; 48
730; 50
731; 50
732; 52
733; 52
734; 54
735; 54
736; 56
737; 56
738; 58
739; 58
740; 0
741; 3
742; 5
743; 5
744; 7
745; 7
746; 9
747; 9
748; 11
749; 11
750; 13
751; 13
752; 15
753; 15
754; 17
755; 17
756; 19
757; 19
758; 21
759; 21
760; 23
761; 40
762; 42
763; 42
764; 44
765; 44
766; 46
767; 46
768; 48
769; 48
770; 50
771; 50
772; 52
773; 52
774; 54
775; 54
776; 56
777; 56
778; 58
779; 58
780; 0
781; 3
782; 5
783; 5
784; 7
785; 7
786; 9
787; 9
788; 11
789; 11
790; 13
791; 13
792; 15
793; 15
794; 17
795; 17
796; 19
797; 19
798; 21
799; 21
800; 23
801; 40
802; 42
803; 42
804; 44
805; 44
806; 46
807; 46
808; 48
809; 48
810; 50
811; 50
812; 52
813; 52
814; 54
815; 54
816; 56
817; 56
818; 58
819; 58
820; 0
821; 3
822; 5
823; 5
824; 7
825; 7
826; 9
827; 9
828; 11
829; 11
830; 13
831; 13
832; 15
833; 15
834; 17
835; 17
836; 19
837; 19
838; 21
839; 21
840; 23
841; 43
842; 45
843; 45
844; 47
845; 47
846; 49
847; 49
848; 51
849; 51
850; 53
851; 53
852; 55
853; 55
854; 57
855; 57
856; 59
857; 59
858; 1
859; 1
860; 3
861; 3
862; 5
863; 5
864; 7
865; 7
866; 9
867; 9
868; 11
869; 11
870; 13
871; 13
872; 15
873; 15
874; 17
875; 17
876; 19
877; 19
878; 21
879; 21
880; 23
881; 40
882; 42
883; 42
884; 44
885; 44
886; 46
887; 46
888; 48
889; 48
890; 50
891; 50
892; 52
893; 52
894; 54
895; 54
896; 56
897; 56
898; 58
899; 58
900; 0
901; 3
902; 5
903; 5
904; 7
905; 7
906; 9
907; 9
908; 11
909; 11
910; 13
911; 13
912; 15
913; 15
914; 17
915; 17
916; 19
917; 19
918; 21
919; 21
920; 23
921; 10
922; 12
923; 12
924; 14
925; 14
926; 16
927; 16
928; 18
929; 18
930; 20
931; 20
932; 22
933; 22
934; 24
935; 24
936; 26
937; 26
938; 28
939; 28
940; 30
941; 30
942; 32
943; 32
944; 34
945; 34
946; 36
947; 36
948; 38
949; 38
950; 40
951; 40
952; 42
953; 42
954; 44
955; 44
956; 46
957; 46
958; 48
959; 48
960; 50
961; 40
962; 42
963; 42
964; 44
965; 44
966; 46
967; 46
968; 48
969; 48
970; 50
971; 50
972; 52
973; 52
974; 54
975; 54
976; 56
977; 56
978; 58
979; 58
980; 0
981; 0
982; 2
983; 2
984; 4
985; 4
986; 6
987; 6
988; 8
989; 8
990; 10
991; 10
992; 12
993; 12
994; 14
995; 14
996; 16
997; 16
998; 18
999; 18
1000; 21
1001; 40
1002; 42
1003; 42
1004; 44
1005; 44
1006; 46
1007; 46
1008; 48
1009; 48
1010; 50
1011; 50
1012; 52
1013; 52
1014; 54
1015; 54
1016; 56
1017; 56
1018; 58
1019; 58
1020; 0
1021; 3
1022; 5
1023; 5
1024; 7
1025; 7
1026; 9
1027; 9
1028; 11
1029; 11
1030; 13
1031; 13
1032; 15
1033; 15
1034; 17
1035; 17
1036; 19
1037; 19
1038; 21
1039; 21
1040; 23
1041; 10
1042; 12
1043; 12
1044; 14
1045; 14
1046; 16
1047; 16
1048; 18
1049; 18
1050; 20
1051; 20
1052; 22
1053; 22
1054; 24
1055; 24
1056; 26
1057; 26
1058; 28
1059; 28
1060; 30
1061; 33
1062; 35
1063; 35
1064; 37
1065; 37
1066; 39
1067; 39
1068; 41
1069; 41
1070; 43
1071; 43
1072; 45
1073; 45
1074; 47
1075; 47
1076; 49
1077; 49
1078; 51
1079; 51
1080; 53
1081; 40
1082; 42
1083; 42
1084; 44
1085; 44
1086; 46
1087; 46
1088; 48
1089; 48
1090; 50
1091; 50
1092; 52
1093; 52
1094; 54
1095; 54
1096; 56
1097; 56
1098; 58
1099; 58
1100; 0
1101; 3
1102; 5
1103; 5
1104; 7
1105; 7
1106; 9
1107; 9
1108; 11
1109; 11
1110; 13
1111; 13
1112; 15
1113; 15
1114; 17
1115; 17
1116; 19
1117; 19
1118; 21
1119; 21
1120; 23
1121; 40
1122; 42
1123; 42
1124; 44
1125; 44
1126; 46
1127; 46
1128; 48
1129; 48
1130; 50
1131; 50
1132; 52
1133; 52
1134; 54
1135; 54
1136; 56
1137; 56
1138; 58
1139; 58
1140; 0
1141; 3
1142; 5
1143; 5
1144; 7
1145; 7
1146; 9
1147; 9
1148; 11
1149; 11
1150; 13
1151; 13
1152; 15
1153; 15
1154; 17
1155; 17
1156; 19
1157; 19
1158; 21
1159; 21
1160; 23
1161; 40
1162; 42
1163; 42
1164; 44
1165; 44
1166; 46
1167; 46
1168; 48
1169; 48
1170; 50
1171; 50
1172; 52
1173; 52
1174; 54
1175; 54
1176; 56
1177; 56
1178; 58
1179; 58
1180; 0
1181; 3
1182; 5
1183; 5
1184; 7
1185; 7
1186; 9
1187; 9
1188; 11
1189; 11
1190; 13
1191; 13
1192; 15
1193; 15
1194; 17
1195; 17
1196; 19
1197; 19
1198; 21
1199; 24
1200; 27
1201; 40
1202; 42
1203; 42
1204; 44
1205; 44
1206; 46
1207; 46
1208; 48
1209; 48
1210; 50
1211; 50
1212; 52
1213; 52
1214; 54
1215; 54
1216; 56
1217; 56
1218; 58
1219; 58
1220; 0
1221; 3
1222; 5
1223; 5
1224; 7
1225; 7
1226; 9
1227; 9
1228; 11
1229; 11
1230; 13
1231; 13
1232; 15
1233; 15
1234; 17
1235; 17
1236; 19
1237; 19
1238; 21
1239; 24
1240; 27
1241; 40
1242; 42
1243; 42
1244; 44
1245; 44
1246; 46
1247; 46
1248; 48
1249; 48
1250; 50
1251; 50
1252; 52
1253; 52
1254; 54
1255; 54
1256; 56
1257; 56
1258; 58
1259; 58
1260; 0
1261; 3
1262; 5
1263; 5
1264; 7
1265; 7
1266; 9
1267; 9
1268; 11
1269; 11
1270; 13
1271; 13
1272; 15
1273; 15
1274; 17
1275; 17
1276; 19
1277; 19
1278; 21
1279; 21
1280; 23
1281; 40
1282; 42
1283; 42
1284; 44
1285; 44
1286; 46
1287; 46
1288; 48
1289; 48
1290; 50
1291; 50
1292; 52
1293; 52
1294; 54
1295; 54
1296; 56
1297; 56
1298; 58
1299; 58
1300; 0
1301; 3
1302; 5
1303; 5
1304; 7
1305; 7
1306; 9
1307; 9
1308; 11
1309; 11
1310; 13
1311; 13
1312; 15
1313; 15
1314; 17
1315; 17
1316; 19
1317; 19
1318; 21
1319; 21
1320; 23
1321; 36
1322; 39
1323; 42
1324; 44
1325; 44
1326; 46
1327; 46
1328; 48
1329; 48
1330; 50
1331; 50
1332; 52
1333; 52
1334; 54
1335; 54
1336; 56
1337; 56
1338; 58
1339; 58
1340; 0
1341; 3
1342; 5
1343; 5
1344; 7
1345; 7
1346; 9
1347; 9
1348; 11
1349; 11
1350; 13
1351; 13
1352; 15
1353; 15
1354; 17
1355; 17
1356; 19
1357; 19
1358; 21
1359; 21
1360; 23
1361; 40
1362; 42
1363; 42
1364; 44
1365; 44
1366; 46
1367; 46
1368; 48
1369; 48
1370; 50
1371; 50
1372; 52
1373; 52
1374; 54
1375; 54
1376; 56
1377; 56
1378; 58
1379; 58
1380; 0
1381; 3
1382; 5
1383; 5
1384; 7
1385; 7
1386; 9
1387; 9
1388; 11
1389; 11
1390; 13
1391; 13
1392; 15
1393; 15
1394; 17
1395; 17
1396; 19
1397; 19
1398; 21
1399; 21
1400; 23
