#origin-stop-id;destination-stop-id;perceived-travel-time;passengers
1;2;6;21
1;3;12;15
1;4;41;10
1;5;47;8
1;6;53;5
1;7;47;11
1;8;18;19
1;9;32;7
1;10;56;3
1;11;56;3
1;12;38;6
1;13;24;82
1;14;38;8
1;15;62;4
1;16;50;3
1;17;44;7
1;18;30;11
1;19;44;4
1;20;50;2
1;21;58;2
1;22;52;2
1;23;36;5
1;24;42;4
1;25;48;15
2;1;6;5
2;3;6;4
2;4;35;3
2;5;41;2
2;6;47;1
2;7;41;3
2;8;12;5
2;9;26;2
2;10;50;1
2;11;50;1
2;12;32;2
2;13;18;20
2;14;32;2
2;15;56;1
2;16;44;1
2;17;38;2
2;18;24;3
2;19;38;1
2;20;44;0
2;21;52;0
2;22;46;1
2;23;30;1
2;24;36;1
2;25;42;4
3;1;12;3
3;2;6;3
3;4;29;4
3;5;35;3
3;6;41;1
3;7;35;3
3;8;6;7
3;9;20;3
3;10;44;1
3;11;44;1
3;12;26;3
3;13;12;30
3;14;26;2
3;15;50;1
3;16;38;1
3;17;32;2
3;18;18;4
3;19;32;2
3;20;38;1
3;21;46;1
3;22;40;1
3;23;24;2
3;24;30;1
3;25;36;4
4;1;38;2
4;2;32;2
4;3;26;4
4;5;6;4
4;6;58;1
4;7;52;2
4;8;12;5
4;9;6;3
4;10;27;1
4;11;61;1
4;12;43;3
4;13;18;19
4;14;31;1
4;15;33;1
4;16;55;0
4;17;32;1
4;18;24;3
4;19;49;2
4;20;55;1
4;21;44;1
4;22;38;1
4;23;46;1
4;24;52;1
4;25;58;2
5;1;44;2
5;2;38;2
5;3;32;3
5;4;6;4
5;6;64;1
5;7;58;1
5;8;18;4
5;9;12;2
5;10;33;1
5;11;67;1
5;12;49;2
5;13;24;16
5;14;37;1
5;15;39;0
5;16;61;0
5;17;38;1
5;18;30;2
5;19;55;1
5;20;61;1
5;21;50;1
5;22;44;1
5;23;52;1
5;24;58;0
5;25;64;2
6;1;64;1
6;2;58;1
6;3;52;1
6;4;58;1
6;5;64;1
6;7;6;8
6;8;40;5
6;9;47;4
6;10;53;2
6;11;47;1
6;12;12;1
6;13;18;20
6;14;24;2
6;15;59;1
6;16;41;1
6;17;35;1
6;18;32;3
6;19;30;2
6;20;36;1
6;21;55;0
6;22;49;0
6;23;38;1
6;24;58;1
6;25;64;3
7;1;58;2
7;2;52;3
7;3;46;3
7;4;52;2
7;5;58;1
7;6;6;7
7;8;34;11
7;9;41;9
7;10;47;4
7;11;41;1
7;12;6;3
7;13;12;47
7;14;18;4
7;15;53;2
7;16;35;1
7;17;29;3
7;18;26;7
7;19;24;6
7;20;30;2
7;21;49;1
7;22;43;1
7;23;32;2
7;24;52;2
7;25;58;7
8;1;18;4
8;2;12;4
8;3;6;7
8;4;15;4
8;5;21;3
8;6;35;4
8;7;29;10
8;9;6;11
8;10;35;5
8;11;38;3
8;12;20;6
8;13;6;78
8;14;20;7
8;15;41;3
8;16;32;2
8;17;20;6
8;18;12;11
8;19;26;6
8;20;32;3
8;21;32;2
8;22;26;3
8;23;18;4
8;24;24;3
8;25;30;10
9;1;32;1
9;2;26;2
9;3;20;3
9;4;6;3
9;5;12;2
9;6;38;3
9;7;32;8
9;8;6;11
9;10;6;7
9;11;36;2
9;12;18;5
9;13;12;46
9;14;6;6
9;15;12;3
9;16;30;2
9;17;24;5
9;18;18;6
9;19;29;3
9;20;35;1
9;21;38;1
9;22;32;2
9;23;32;2
9;24;46;1
9;25;52;4
10;1;51;1
10;2;45;1
10;3;39;1
10;4;20;1
10;5;26;1
10;6;46;1
10;7;40;4
10;8;25;5
10;9;6;7
10;11;44;1
10;12;26;2
10;13;20;19
10;14;14;3
10;15;6;1
10;16;38;1
10;17;32;2
10;18;34;3
10;19;37;1
10;20;43;1
10;21;57;1
10;22;51;1
10;23;40;1
10;24;60;0
10;25;66;2
11;1;58;1
11;2;52;1
11;3;46;1
11;4;52;1
11;5;58;1
11;6;38;1
11;7;32;2
11;8;40;3
11;9;36;1
11;10;42;1
11;12;18;7
11;13;24;25
11;14;30;4
11;15;48;2
11;16;6;1
11;17;12;1
11;18;37;3
11;19;49;2
11;20;55;1
11;21;49;1
11;22;43;1
11;23;46;1
11;24;52;1
11;25;58;3
12;1;40;1
12;2;34;1
12;3;28;1
12;4;34;1
12;5;40;1
12;6;12;1
12;7;6;2
12;8;22;4
12;9;18;2
12;10;24;1
12;11;18;4
12;13;6;29
12;14;12;5
12;15;30;2
12;16;12;1
12;17;6;2
12;18;20;4
12;19;18;3
12;20;24;1
12;21;31;1
12;22;25;1
12;23;26;2
12;24;34;1
12;25;40;3
13;1;24;14
13;2;18;4
13;3;12;7
13;4;24;5
13;5;30;4
13;6;18;5
13;7;12;11
13;8;6;18
13;9;12;11
13;10;18;5
13;11;24;6
13;12;6;9
13;14;6;14
13;15;24;6
13;16;18;5
13;17;12;11
13;18;6;18
13;19;12;11
13;20;18;5
13;21;26;4
13;22;20;5
13;23;12;7
13;24;18;5
13;25;24;8
14;1;49;1
14;2;43;1
14;3;37;2
14;4;22;2
14;5;28;2
14;6;24;2
14;7;18;6
14;8;25;7
14;9;6;4
14;10;12;2
14;11;30;4
14;12;12;9
14;13;6;55
14;15;18;7
14;16;24;2
14;17;18;4
14;18;20;7
14;19;6;6
14;20;12;3
14;21;40;1
14;22;34;1
14;23;26;3
14;24;43;2
14;25;49;8
15;1;57;0
15;2;51;0
15;3;45;1
15;4;26;1
15;5;32;1
15;6;52;1
15;7;46;3
15;8;31;3
15;9;12;2
15;10;6;1
15;11;50;2
15;12;32;4
15;13;26;23
15;14;20;7
15;16;44;1
15;17;38;2
15;18;40;3
15;19;43;3
15;20;49;1
15;21;63;0
15;22;57;1
15;23;46;1
15;24;66;1
15;25;72;3
16;1;52;1
16;2;46;1
16;3;40;1
16;4;46;0
16;5;52;0
16;6;32;1
16;7;26;1
16;8;34;3
16;9;30;2
16;10;36;1
16;11;6;1
16;12;12;2
16;13;18;19
16;14;24;3
16;15;42;1
16;17;6;8
16;18;31;5
16;19;43;4
16;20;49;2
16;21;43;1
16;22;37;1
16;23;40;2
16;24;46;1
16;25;52;5
17;1;46;1
17;2;40;2
17;3;34;2
17;4;40;1
17;5;46;1
17;6;26;1
17;7;20;3
17;8;23;6
17;9;24;5
17;10;30;2
17;11;12;2
17;12;6;4
17;13;12;45
17;14;18;6
17;15;36;3
17;16;6;7
17;18;6;11
17;19;37;9
17;20;43;4
17;21;12;1
17;22;6;2
17;23;20;4
17;24;26;3
17;25;32;11
18;1;30;2
18;2;24;2
18;3;18;4
18;4;32;2
18;5;38;2
18;6;35;2
18;7;29;5
18;8;12;10
18;9;23;6
18;10;32;2
18;11;35;3
18;12;20;6
18;13;6;75
18;14;20;7
18;15;38;3
18;16;29;4
18;17;6;11
18;19;26;11
18;20;32;5
18;21;18;3
18;22;12;4
18;23;6;7
18;24;12;4
18;25;18;17
19;1;55;1
19;2;49;1
19;3;43;2
19;4;49;2
19;5;55;1
19;6;30;2
19;7;24;5
19;8;31;6
19;9;38;3
19;10;44;1
19;11;58;1
19;12;18;3
19;13;12;45
19;14;6;4
19;15;50;2
19;16;52;4
19;17;34;9
19;18;26;11
19;20;6;7
19;21;46;2
19;22;40;3
19;23;43;3
19;24;49;2
19;25;55;7
20;1;61;0
20;2;55;0
20;3;49;1
20;4;55;1
20;5;61;1
20;6;36;1
20;7;30;2
20;8;37;2
20;9;44;1
20;10;50;1
20;11;64;0
20;12;24;1
20;13;18;18
20;14;12;2
20;15;56;1
20;16;58;2
20;17;40;4
20;18;32;5
20;19;6;7
20;21;52;1
20;22;46;1
20;23;49;1
20;24;55;1
20;25;61;3
21;1;64;0
21;2;58;0
21;3;52;1
21;4;53;1
21;5;59;1
21;6;49;0
21;7;43;1
21;8;35;2
21;9;44;1
21;10;53;1
21;11;47;0
21;12;29;1
21;13;27;15
21;14;41;2
21;15;59;1
21;16;41;1
21;17;12;1
21;18;18;4
21;19;55;2
21;20;61;1
21;22;6;5
21;23;32;3
21;24;38;2
21;25;44;8
22;1;58;0
22;2;52;0
22;3;46;1
22;4;47;1
22;5;53;1
22;6;43;0
22;7;37;1
22;8;29;2
22;9;38;2
22;10;47;1
22;11;41;1
22;12;23;1
22;13;21;18
22;14;35;2
22;15;53;1
22;16;35;1
22;17;6;2
22;18;12;5
22;19;49;3
22;20;55;1
22;21;6;4
22;23;26;4
22;24;32;3
22;25;38;9
23;1;36;1
23;2;30;1
23;3;24;2
23;4;55;1
23;5;61;1
23;6;41;1
23;7;35;2
23;8;18;4
23;9;44;2
23;10;50;1
23;11;44;1
23;12;26;3
23;13;12;28
23;14;26;2
23;15;56;1
23;16;38;1
23;17;20;3
23;18;6;7
23;19;32;3
23;20;38;1
23;21;32;3
23;22;26;4
23;24;6;4
23;25;12;13
24;1;42;1
24;2;36;1
24;3;30;1
24;4;61;0
24;5;67;0
24;6;47;1
24;7;41;2
24;8;24;2
24;9;50;1
24;10;56;0
24;11;50;1
24;12;32;2
24;13;18;17
24;14;32;1
24;15;62;0
24;16;44;1
24;17;26;3
24;18;12;4
24;19;38;2
24;20;44;1
24;21;38;2
24;22;32;2
24;23;6;4
24;25;6;19
25;1;48;1
25;2;42;1
25;3;36;1
25;4;67;0
25;5;73;0
25;6;53;0
25;7;47;1
25;8;30;2
25;9;56;1
25;10;62;0
25;11;56;1
25;12;38;2
25;13;24;13
25;14;38;1
25;15;68;0
25;16;50;1
25;17;32;2
25;18;18;3
25;19;44;1
25;20;50;1
25;21;44;1
25;22;38;2
25;23;12;3
25;24;6;4
