#event-id; time
1; 0
2; 3
3; 3
4; 6
5; 6
6; 8
7; 8
8; 10
9; 10
10; 13
11; 13
12; 16
13; 16
14; 19
15; 19
16; 22
17; 22
18; 24
19; 24
20; 26
21; 26
22; 28
23; 28
24; 30
25; 30
26; 32
27; 30
28; 33
29; 33
30; 36
31; 36
32; 38
33; 38
34; 40
35; 40
36; 43
37; 43
38; 46
39; 46
40; 49
41; 49
42; 52
43; 52
44; 54
45; 54
46; 56
47; 56
48; 58
49; 58
50; 0
51; 0
52; 2
53; 0
54; 2
55; 2
56; 4
57; 4
58; 6
59; 6
60; 8
61; 8
62; 10
63; 10
64; 13
65; 13
66; 16
67; 16
68; 19
69; 19
70; 22
71; 22
72; 24
73; 24
74; 26
75; 26
76; 29
77; 29
78; 32
79; 30
80; 32
81; 32
82; 34
83; 34
84; 36
85; 36
86; 38
87; 38
88; 40
89; 40
90; 43
91; 43
92; 46
93; 46
94; 49
95; 49
96; 52
97; 52
98; 54
99; 54
100; 56
101; 56
102; 59
103; 59
104; 2
105; 36
106; 39
107; 39
108; 42
109; 42
110; 44
111; 44
112; 46
113; 46
114; 49
115; 49
116; 52
117; 52
118; 55
119; 55
120; 58
121; 58
122; 0
123; 0
124; 2
125; 2
126; 4
127; 4
128; 6
129; 6
130; 8
131; 6
132; 9
133; 9
134; 12
135; 12
136; 14
137; 14
138; 16
139; 16
140; 19
141; 19
142; 22
143; 22
144; 25
145; 25
146; 28
147; 28
148; 30
149; 30
150; 32
151; 32
152; 34
153; 34
154; 36
155; 36
156; 38
157; 36
158; 38
159; 38
160; 40
161; 40
162; 42
163; 42
164; 44
165; 44
166; 46
167; 46
168; 49
169; 49
170; 52
171; 52
172; 55
173; 55
174; 58
175; 58
176; 0
177; 0
178; 2
179; 2
180; 5
181; 5
182; 8
183; 6
184; 8
185; 8
186; 10
187; 10
188; 12
189; 12
190; 14
191; 14
192; 16
193; 16
194; 19
195; 19
196; 22
197; 22
198; 25
199; 25
200; 28
201; 28
202; 30
203; 30
204; 32
205; 32
206; 35
207; 35
208; 38
209; 42
210; 44
211; 44
212; 46
213; 46
214; 48
215; 48
216; 50
217; 50
218; 52
219; 52
220; 54
221; 54
222; 56
223; 56
224; 58
225; 58
226; 0
227; 0
228; 2
229; 2
230; 4
231; 4
232; 6
233; 6
234; 8
235; 12
236; 14
237; 14
238; 16
239; 16
240; 18
241; 18
242; 20
243; 20
244; 22
245; 22
246; 24
247; 24
248; 26
249; 26
250; 28
251; 28
252; 30
253; 30
254; 32
255; 32
256; 34
257; 34
258; 36
259; 36
260; 38
261; 12
262; 14
263; 14
264; 16
265; 16
266; 18
267; 18
268; 20
269; 20
270; 22
271; 22
272; 24
273; 24
274; 26
275; 26
276; 28
277; 28
278; 30
279; 30
280; 32
281; 32
282; 34
283; 34
284; 36
285; 36
286; 38
287; 42
288; 44
289; 44
290; 46
291; 46
292; 48
293; 48
294; 50
295; 50
296; 52
297; 52
298; 54
299; 54
300; 56
301; 56
302; 58
303; 58
304; 0
305; 0
306; 2
307; 2
308; 4
309; 4
310; 6
311; 6
312; 8
313; 55
314; 57
315; 57
316; 59
317; 59
318; 1
319; 1
320; 3
321; 3
322; 5
323; 5
324; 7
325; 7
326; 9
327; 9
328; 11
329; 11
330; 13
331; 13
332; 15
333; 15
334; 17
335; 17
336; 19
337; 19
338; 21
339; 25
340; 27
341; 27
342; 29
343; 29
344; 31
345; 31
346; 33
347; 33
348; 35
349; 35
350; 37
351; 37
352; 39
353; 39
354; 41
355; 41
356; 43
357; 43
358; 45
359; 45
360; 47
361; 47
362; 49
363; 49
364; 51
365; 25
366; 27
367; 27
368; 29
369; 29
370; 31
371; 31
372; 33
373; 33
374; 35
375; 35
376; 37
377; 37
378; 39
379; 39
380; 41
381; 41
382; 43
383; 43
384; 45
385; 45
386; 47
387; 47
388; 49
389; 49
390; 51
391; 55
392; 57
393; 57
394; 59
395; 59
396; 1
397; 1
398; 3
399; 3
400; 5
401; 5
402; 7
403; 7
404; 9
405; 9
406; 11
407; 11
408; 13
409; 13
410; 15
411; 15
412; 17
413; 17
414; 19
415; 19
416; 21
417; 31
418; 33
419; 33
420; 35
421; 35
422; 37
423; 37
424; 39
425; 39
426; 41
427; 41
428; 43
429; 43
430; 45
431; 45
432; 47
433; 47
434; 49
435; 49
436; 51
437; 51
438; 53
439; 53
440; 55
441; 55
442; 57
443; 1
444; 3
445; 3
446; 5
447; 5
448; 7
449; 7
450; 9
451; 9
452; 11
453; 11
454; 13
455; 13
456; 15
457; 15
458; 17
459; 17
460; 19
461; 19
462; 21
463; 21
464; 23
465; 23
466; 25
467; 25
468; 27
469; 1
470; 3
471; 3
472; 5
473; 5
474; 7
475; 7
476; 9
477; 9
478; 11
479; 11
480; 13
481; 13
482; 15
483; 15
484; 17
485; 17
486; 19
487; 19
488; 21
489; 21
490; 23
491; 23
492; 25
493; 25
494; 27
495; 31
496; 33
497; 33
498; 35
499; 35
500; 37
501; 37
502; 39
503; 39
504; 41
505; 41
506; 43
507; 43
508; 45
509; 45
510; 47
511; 47
512; 49
513; 49
514; 51
515; 51
516; 53
517; 53
518; 55
519; 55
520; 57
521; 42
522; 44
523; 44
524; 46
525; 46
526; 48
527; 48
528; 50
529; 50
530; 52
531; 52
532; 54
533; 54
534; 56
535; 56
536; 58
537; 58
538; 0
539; 0
540; 2
541; 2
542; 4
543; 4
544; 6
545; 6
546; 8
547; 12
548; 14
549; 14
550; 16
551; 16
552; 18
553; 18
554; 20
555; 20
556; 22
557; 22
558; 24
559; 24
560; 26
561; 26
562; 28
563; 28
564; 30
565; 30
566; 32
567; 32
568; 34
569; 34
570; 36
571; 36
572; 38
573; 12
574; 14
575; 14
576; 16
577; 16
578; 18
579; 18
580; 20
581; 20
582; 22
583; 22
584; 24
585; 24
586; 26
587; 26
588; 28
589; 28
590; 30
591; 30
592; 32
593; 32
594; 34
595; 34
596; 36
597; 36
598; 38
599; 42
600; 44
601; 44
602; 46
603; 46
604; 48
605; 48
606; 50
607; 50
608; 52
609; 52
610; 54
611; 54
612; 56
613; 56
614; 58
615; 58
616; 0
617; 0
618; 2
619; 2
620; 4
621; 4
622; 6
623; 6
624; 8
625; 25
626; 27
627; 27
628; 29
629; 29
630; 31
631; 31
632; 33
633; 33
634; 35
635; 35
636; 37
637; 37
638; 39
639; 39
640; 41
641; 41
642; 43
643; 43
644; 45
645; 45
646; 47
647; 47
648; 49
649; 49
650; 51
651; 55
652; 57
653; 57
654; 59
655; 59
656; 1
657; 1
658; 3
659; 3
660; 5
661; 5
662; 7
663; 7
664; 9
665; 9
666; 11
667; 11
668; 13
669; 13
670; 15
671; 15
672; 17
673; 17
674; 19
675; 19
676; 21
677; 55
678; 57
679; 57
680; 59
681; 59
682; 1
683; 1
684; 3
685; 3
686; 5
687; 5
688; 7
689; 7
690; 9
691; 9
692; 11
693; 11
694; 13
695; 13
696; 15
697; 15
698; 17
699; 17
700; 19
701; 19
702; 21
703; 25
704; 27
705; 27
706; 29
707; 29
708; 31
709; 31
710; 33
711; 33
712; 35
713; 35
714; 37
715; 37
716; 39
717; 39
718; 41
719; 41
720; 43
721; 43
722; 45
723; 45
724; 47
725; 47
726; 49
727; 49
728; 51
729; 28
730; 30
731; 30
732; 32
733; 32
734; 34
735; 34
736; 36
737; 36
738; 38
739; 38
740; 40
741; 40
742; 42
743; 42
744; 44
745; 44
746; 46
747; 46
748; 48
749; 48
750; 50
751; 50
752; 52
753; 52
754; 54
755; 58
756; 0
757; 0
758; 2
759; 2
760; 4
761; 4
762; 6
763; 6
764; 8
765; 8
766; 10
767; 10
768; 12
769; 12
770; 14
771; 14
772; 16
773; 16
774; 18
775; 18
776; 20
777; 20
778; 22
779; 22
780; 24
781; 58
782; 0
783; 0
784; 2
785; 2
786; 4
787; 4
788; 6
789; 6
790; 8
791; 8
792; 10
793; 10
794; 12
795; 12
796; 14
797; 14
798; 16
799; 16
800; 18
801; 18
802; 20
803; 20
804; 22
805; 22
806; 24
807; 28
808; 30
809; 30
810; 32
811; 32
812; 34
813; 34
814; 36
815; 36
816; 38
817; 38
818; 40
819; 40
820; 42
821; 42
822; 44
823; 44
824; 46
825; 46
826; 48
827; 48
828; 50
829; 50
830; 52
831; 52
832; 54
833; 39
834; 41
835; 41
836; 43
837; 43
838; 45
839; 45
840; 47
841; 47
842; 49
843; 49
844; 51
845; 51
846; 53
847; 53
848; 55
849; 55
850; 57
851; 57
852; 59
853; 59
854; 1
855; 1
856; 3
857; 3
858; 5
859; 9
860; 11
861; 11
862; 13
863; 13
864; 15
865; 15
866; 17
867; 17
868; 19
869; 19
870; 21
871; 21
872; 23
873; 23
874; 25
875; 25
876; 27
877; 27
878; 29
879; 29
880; 31
881; 31
882; 33
883; 33
884; 35
885; 9
886; 11
887; 11
888; 13
889; 13
890; 15
891; 15
892; 17
893; 17
894; 19
895; 19
896; 21
897; 21
898; 23
899; 23
900; 25
901; 25
902; 27
903; 27
904; 29
905; 29
906; 31
907; 31
908; 33
909; 33
910; 35
911; 39
912; 41
913; 41
914; 43
915; 43
916; 45
917; 45
918; 47
919; 47
920; 49
921; 49
922; 51
923; 51
924; 53
925; 53
926; 55
927; 55
928; 57
929; 57
930; 59
931; 59
932; 1
933; 1
934; 3
935; 3
936; 5
937; 33
938; 35
939; 35
940; 37
941; 37
942; 39
943; 39
944; 41
945; 41
946; 43
947; 43
948; 45
949; 45
950; 47
951; 47
952; 49
953; 49
954; 51
955; 51
956; 53
957; 53
958; 55
959; 55
960; 57
961; 57
962; 59
963; 3
964; 5
965; 5
966; 7
967; 7
968; 9
969; 9
970; 11
971; 11
972; 13
973; 13
974; 15
975; 15
976; 17
977; 17
978; 19
979; 19
980; 21
981; 21
982; 23
983; 23
984; 25
985; 25
986; 27
987; 27
988; 29
989; 3
990; 5
991; 5
992; 7
993; 7
994; 9
995; 9
996; 11
997; 11
998; 13
999; 13
1000; 15
1001; 15
1002; 17
1003; 17
1004; 19
1005; 19
1006; 21
1007; 21
1008; 23
1009; 23
1010; 25
1011; 25
1012; 27
1013; 27
1014; 29
1015; 33
1016; 35
1017; 35
1018; 37
1019; 37
1020; 39
1021; 39
1022; 41
1023; 41
1024; 43
1025; 43
1026; 45
1027; 45
1028; 47
1029; 47
1030; 49
1031; 49
1032; 51
1033; 51
1034; 53
1035; 53
1036; 55
1037; 55
1038; 57
1039; 57
1040; 59
1041; 45
1042; 47
1043; 47
1044; 49
1045; 49
1046; 51
1047; 51
1048; 53
1049; 53
1050; 55
1051; 55
1052; 57
1053; 57
1054; 59
1055; 59
1056; 1
1057; 1
1058; 3
1059; 3
1060; 5
1061; 5
1062; 7
1063; 7
1064; 9
1065; 9
1066; 11
1067; 15
1068; 17
1069; 17
1070; 19
1071; 19
1072; 21
1073; 21
1074; 23
1075; 23
1076; 25
1077; 25
1078; 27
1079; 27
1080; 29
1081; 29
1082; 31
1083; 31
1084; 33
1085; 33
1086; 35
1087; 35
1088; 37
1089; 37
1090; 39
1091; 39
1092; 41
1093; 15
1094; 17
1095; 17
1096; 19
1097; 19
1098; 21
1099; 21
1100; 23
1101; 23
1102; 25
1103; 25
1104; 27
1105; 27
1106; 29
1107; 29
1108; 31
1109; 31
1110; 33
1111; 33
1112; 35
1113; 35
1114; 37
1115; 37
1116; 39
1117; 39
1118; 41
1119; 45
1120; 47
1121; 47
1122; 49
1123; 49
1124; 51
1125; 51
1126; 53
1127; 53
1128; 55
1129; 55
1130; 57
1131; 57
1132; 59
1133; 59
1134; 1
1135; 1
1136; 3
1137; 3
1138; 5
1139; 5
1140; 7
1141; 7
1142; 9
1143; 9
1144; 11
1145; 1
1146; 3
1147; 3
1148; 5
1149; 5
1150; 7
1151; 7
1152; 9
1153; 9
1154; 11
1155; 11
1156; 13
1157; 13
1158; 15
1159; 15
1160; 17
1161; 17
1162; 19
1163; 19
1164; 21
1165; 21
1166; 23
1167; 23
1168; 25
1169; 25
1170; 27
1171; 31
1172; 33
1173; 33
1174; 35
1175; 35
1176; 37
1177; 37
1178; 39
1179; 39
1180; 41
1181; 41
1182; 43
1183; 43
1184; 45
1185; 45
1186; 47
1187; 47
1188; 49
1189; 49
1190; 51
1191; 51
1192; 53
1193; 53
1194; 55
1195; 55
1196; 57
1197; 31
1198; 33
1199; 33
1200; 35
1201; 35
1202; 37
1203; 37
1204; 39
1205; 39
1206; 41
1207; 41
1208; 43
1209; 43
1210; 45
1211; 45
1212; 47
1213; 47
1214; 49
1215; 49
1216; 51
1217; 51
1218; 53
1219; 53
1220; 55
1221; 55
1222; 57
1223; 1
1224; 3
1225; 3
1226; 5
1227; 5
1228; 7
1229; 7
1230; 9
1231; 9
1232; 11
1233; 11
1234; 13
1235; 13
1236; 15
1237; 15
1238; 17
1239; 17
1240; 19
1241; 19
1242; 21
1243; 21
1244; 23
1245; 23
1246; 25
1247; 25
1248; 27
1249; 15
1250; 20
1251; 20
1252; 25
1253; 25
1254; 30
1255; 30
1256; 35
1257; 35
1258; 40
1259; 40
1260; 45
1261; 45
1262; 50
1263; 50
1264; 52
1265; 52
1266; 54
1267; 54
1268; 56
1269; 56
1270; 58
1271; 58
1272; 0
1273; 45
1274; 50
1275; 50
1276; 55
1277; 55
1278; 0
1279; 0
1280; 5
1281; 5
1282; 10
1283; 10
1284; 15
1285; 15
1286; 20
1287; 20
1288; 22
1289; 22
1290; 24
1291; 24
1292; 26
1293; 26
1294; 28
1295; 28
1296; 30
1297; 15
1298; 17
1299; 17
1300; 19
1301; 19
1302; 21
1303; 21
1304; 23
1305; 23
1306; 25
1307; 25
1308; 30
1309; 30
1310; 35
1311; 35
1312; 40
1313; 40
1314; 45
1315; 45
1316; 50
1317; 50
1318; 55
1319; 55
1320; 0
1321; 45
1322; 47
1323; 47
1324; 49
1325; 49
1326; 51
1327; 51
1328; 53
1329; 53
1330; 55
1331; 55
1332; 0
1333; 0
1334; 5
1335; 5
1336; 10
1337; 10
1338; 15
1339; 15
1340; 20
1341; 20
1342; 25
1343; 25
1344; 30
1345; 42
1346; 44
1347; 44
1348; 46
1349; 46
1350; 48
1351; 48
1352; 50
1353; 50
1354; 52
1355; 52
1356; 54
1357; 54
1358; 56
1359; 56
1360; 58
1361; 58
1362; 0
1363; 0
1364; 2
1365; 2
1366; 4
1367; 4
1368; 6
1369; 12
1370; 14
1371; 14
1372; 16
1373; 16
1374; 18
1375; 18
1376; 20
1377; 20
1378; 22
1379; 22
1380; 24
1381; 24
1382; 26
1383; 26
1384; 28
1385; 28
1386; 30
1387; 30
1388; 32
1389; 32
1390; 34
1391; 34
1392; 36
1393; 12
1394; 14
1395; 14
1396; 16
1397; 16
1398; 18
1399; 18
1400; 20
1401; 20
1402; 22
1403; 22
1404; 24
1405; 24
1406; 26
1407; 26
1408; 28
1409; 28
1410; 30
1411; 30
1412; 32
1413; 32
1414; 34
1415; 34
1416; 36
1417; 42
1418; 44
1419; 44
1420; 46
1421; 46
1422; 48
1423; 48
1424; 50
1425; 50
1426; 52
1427; 52
1428; 54
1429; 54
1430; 56
1431; 56
1432; 58
1433; 58
1434; 0
1435; 0
1436; 2
1437; 2
1438; 4
1439; 4
1440; 6
1441; 3
1442; 5
1443; 5
1444; 7
1445; 7
1446; 9
1447; 9
1448; 11
1449; 11
1450; 13
1451; 13
1452; 15
1453; 15
1454; 17
1455; 17
1456; 19
1457; 19
1458; 21
1459; 21
1460; 23
1461; 23
1462; 25
1463; 25
1464; 27
1465; 33
1466; 35
1467; 35
1468; 37
1469; 37
1470; 39
1471; 39
1472; 41
1473; 41
1474; 43
1475; 43
1476; 45
1477; 45
1478; 47
1479; 47
1480; 49
1481; 49
1482; 51
1483; 51
1484; 53
1485; 53
1486; 55
1487; 55
1488; 57
1489; 33
1490; 35
1491; 35
1492; 37
1493; 37
1494; 39
1495; 39
1496; 41
1497; 41
1498; 43
1499; 43
1500; 45
1501; 45
1502; 47
1503; 47
1504; 49
1505; 49
1506; 51
1507; 51
1508; 53
1509; 53
1510; 55
1511; 55
1512; 57
1513; 3
1514; 5
1515; 5
1516; 7
1517; 7
1518; 9
1519; 9
1520; 11
1521; 11
1522; 13
1523; 13
1524; 15
1525; 15
1526; 17
1527; 17
1528; 19
1529; 19
1530; 21
1531; 21
1532; 23
1533; 23
1534; 25
1535; 25
1536; 27
1537; 55
1538; 57
1539; 57
1540; 59
1541; 59
1542; 1
1543; 1
1544; 3
1545; 3
1546; 5
1547; 5
1548; 7
1549; 7
1550; 9
1551; 9
1552; 11
1553; 11
1554; 13
1555; 13
1556; 15
1557; 15
1558; 17
1559; 17
1560; 19
1561; 25
1562; 27
1563; 27
1564; 29
1565; 29
1566; 31
1567; 31
1568; 33
1569; 33
1570; 35
1571; 35
1572; 37
1573; 37
1574; 39
1575; 39
1576; 41
1577; 41
1578; 43
1579; 43
1580; 45
1581; 45
1582; 47
1583; 47
1584; 49
1585; 25
1586; 27
1587; 27
1588; 29
1589; 29
1590; 31
1591; 31
1592; 33
1593; 33
1594; 35
1595; 35
1596; 37
1597; 37
1598; 39
1599; 39
1600; 41
1601; 41
1602; 43
1603; 43
1604; 45
1605; 45
1606; 47
1607; 47
1608; 49
1609; 55
1610; 57
1611; 57
1612; 59
1613; 59
1614; 1
1615; 1
1616; 3
1617; 3
1618; 5
1619; 5
1620; 7
1621; 7
1622; 9
1623; 9
1624; 11
1625; 11
1626; 13
1627; 13
1628; 15
1629; 15
1630; 17
1631; 17
1632; 19
1633; 14
1634; 16
1635; 16
1636; 18
1637; 18
1638; 20
1639; 20
1640; 22
1641; 22
1642; 24
1643; 24
1644; 26
1645; 26
1646; 28
1647; 28
1648; 30
1649; 30
1650; 32
1651; 32
1652; 34
1653; 34
1654; 36
1655; 36
1656; 38
1657; 44
1658; 46
1659; 46
1660; 48
1661; 48
1662; 50
1663; 50
1664; 52
1665; 52
1666; 54
1667; 54
1668; 56
1669; 56
1670; 58
1671; 58
1672; 0
1673; 0
1674; 2
1675; 2
1676; 4
1677; 4
1678; 6
1679; 6
1680; 8
1681; 44
1682; 46
1683; 46
1684; 48
1685; 48
1686; 50
1687; 50
1688; 52
1689; 52
1690; 54
1691; 54
1692; 56
1693; 56
1694; 58
1695; 58
1696; 0
1697; 0
1698; 2
1699; 2
1700; 4
1701; 4
1702; 6
1703; 6
1704; 8
1705; 14
1706; 16
1707; 16
1708; 18
1709; 18
1710; 20
1711; 20
1712; 22
1713; 22
1714; 24
1715; 24
1716; 26
1717; 26
1718; 28
1719; 28
1720; 30
1721; 30
1722; 32
1723; 32
1724; 34
1725; 34
1726; 36
1727; 36
1728; 38
1729; 3
1730; 5
1731; 5
1732; 7
1733; 7
1734; 9
1735; 9
1736; 11
1737; 11
1738; 13
1739; 13
1740; 15
1741; 15
1742; 17
1743; 17
1744; 19
1745; 19
1746; 21
1747; 21
1748; 23
1749; 23
1750; 25
1751; 25
1752; 27
1753; 33
1754; 35
1755; 35
1756; 37
1757; 37
1758; 39
1759; 39
1760; 41
1761; 41
1762; 43
1763; 43
1764; 45
1765; 45
1766; 47
1767; 47
1768; 49
1769; 49
1770; 51
1771; 51
1772; 53
1773; 53
1774; 55
1775; 55
1776; 57
1777; 33
1778; 35
1779; 35
1780; 37
1781; 37
1782; 39
1783; 39
1784; 41
1785; 41
1786; 43
1787; 43
1788; 45
1789; 45
1790; 47
1791; 47
1792; 49
1793; 49
1794; 51
1795; 51
1796; 53
1797; 53
1798; 55
1799; 55
1800; 57
1801; 3
1802; 5
1803; 5
1804; 7
1805; 7
1806; 9
1807; 9
1808; 11
1809; 11
1810; 13
1811; 13
1812; 15
1813; 15
1814; 17
1815; 17
1816; 19
1817; 19
1818; 21
1819; 21
1820; 23
1821; 23
1822; 25
1823; 25
1824; 27
1825; 49
1826; 51
1827; 51
1828; 53
1829; 53
1830; 55
1831; 55
1832; 57
1833; 57
1834; 59
1835; 59
1836; 1
1837; 1
1838; 3
1839; 3
1840; 5
1841; 5
1842; 7
1843; 7
1844; 9
1845; 9
1846; 11
1847; 11
1848; 13
1849; 19
1850; 21
1851; 21
1852; 23
1853; 23
1854; 25
1855; 25
1856; 27
1857; 27
1858; 29
1859; 29
1860; 31
1861; 31
1862; 33
1863; 33
1864; 35
1865; 35
1866; 37
1867; 37
1868; 39
1869; 39
1870; 41
1871; 41
1872; 43
1873; 19
1874; 21
1875; 21
1876; 23
1877; 23
1878; 25
1879; 25
1880; 27
1881; 27
1882; 29
1883; 29
1884; 31
1885; 31
1886; 33
1887; 33
1888; 35
1889; 35
1890; 37
1891; 37
1892; 39
1893; 39
1894; 41
1895; 41
1896; 43
1897; 49
1898; 51
1899; 51
1900; 53
1901; 53
1902; 55
1903; 55
1904; 57
1905; 57
1906; 59
1907; 59
1908; 1
1909; 1
1910; 3
1911; 3
1912; 5
1913; 5
1914; 7
1915; 7
1916; 9
1917; 9
1918; 11
1919; 11
1920; 13
1921; 14
1922; 16
1923; 16
1924; 18
1925; 18
1926; 20
1927; 20
1928; 22
1929; 22
1930; 24
1931; 24
1932; 26
1933; 26
1934; 28
1935; 28
1936; 30
1937; 30
1938; 32
1939; 32
1940; 34
1941; 34
1942; 36
1943; 36
1944; 38
1945; 44
1946; 46
1947; 46
1948; 48
1949; 48
1950; 50
1951; 50
1952; 52
1953; 52
1954; 54
1955; 54
1956; 56
1957; 56
1958; 58
1959; 58
1960; 0
1961; 0
1962; 2
1963; 2
1964; 4
1965; 4
1966; 6
1967; 6
1968; 8
1969; 44
1970; 46
1971; 46
1972; 48
1973; 48
1974; 50
1975; 50
1976; 52
1977; 52
1978; 54
1979; 54
1980; 56
1981; 56
1982; 58
1983; 58
1984; 0
1985; 0
1986; 2
1987; 2
1988; 4
1989; 4
1990; 6
1991; 6
1992; 8
1993; 14
1994; 16
1995; 16
1996; 18
1997; 18
1998; 20
1999; 20
2000; 22
2001; 22
2002; 24
2003; 24
2004; 26
2005; 26
2006; 28
2007; 28
2008; 30
2009; 30
2010; 32
2011; 32
2012; 34
2013; 34
2014; 36
2015; 36
2016; 38
2017; 58
2018; 0
2019; 0
2020; 2
2021; 2
2022; 4
2023; 4
2024; 6
2025; 6
2026; 8
2027; 8
2028; 10
2029; 10
2030; 12
2031; 12
2032; 14
2033; 14
2034; 16
2035; 16
2036; 18
2037; 18
2038; 20
2039; 20
2040; 22
2041; 28
2042; 30
2043; 30
2044; 32
2045; 32
2046; 34
2047; 34
2048; 36
2049; 36
2050; 38
2051; 38
2052; 40
2053; 40
2054; 42
2055; 42
2056; 44
2057; 44
2058; 46
2059; 46
2060; 48
2061; 48
2062; 50
2063; 50
2064; 52
2065; 28
2066; 30
2067; 30
2068; 32
2069; 32
2070; 34
2071; 34
2072; 36
2073; 36
2074; 38
2075; 38
2076; 40
2077; 40
2078; 42
2079; 42
2080; 44
2081; 44
2082; 46
2083; 46
2084; 48
2085; 48
2086; 50
2087; 50
2088; 52
2089; 58
2090; 0
2091; 0
2092; 2
2093; 2
2094; 4
2095; 4
2096; 6
2097; 6
2098; 8
2099; 8
2100; 10
2101; 10
2102; 12
2103; 12
2104; 14
2105; 14
2106; 16
2107; 16
2108; 18
2109; 18
2110; 20
2111; 20
2112; 22
2113; 14
2114; 16
2115; 16
2116; 18
2117; 18
2118; 20
2119; 20
2120; 22
2121; 22
2122; 24
2123; 24
2124; 26
2125; 26
2126; 28
2127; 28
2128; 30
2129; 30
2130; 32
2131; 32
2132; 34
2133; 34
2134; 36
2135; 36
2136; 38
2137; 44
2138; 46
2139; 46
2140; 48
2141; 48
2142; 50
2143; 50
2144; 52
2145; 52
2146; 54
2147; 54
2148; 56
2149; 56
2150; 58
2151; 58
2152; 0
2153; 0
2154; 2
2155; 2
2156; 4
2157; 4
2158; 6
2159; 6
2160; 8
2161; 44
2162; 46
2163; 46
2164; 48
2165; 48
2166; 50
2167; 50
2168; 52
2169; 52
2170; 54
2171; 54
2172; 56
2173; 56
2174; 58
2175; 58
2176; 0
2177; 0
2178; 2
2179; 2
2180; 4
2181; 4
2182; 6
2183; 6
2184; 8
2185; 14
2186; 16
2187; 16
2188; 18
2189; 18
2190; 20
2191; 20
2192; 22
2193; 22
2194; 24
2195; 24
2196; 26
2197; 26
2198; 28
2199; 28
2200; 30
2201; 30
2202; 32
2203; 32
2204; 34
2205; 34
2206; 36
2207; 36
2208; 38
2209; 52
2210; 54
2211; 54
2212; 56
2213; 56
2214; 58
2215; 58
2216; 0
2217; 0
2218; 2
2219; 2
2220; 4
2221; 4
2222; 6
2223; 6
2224; 8
2225; 8
2226; 10
2227; 10
2228; 12
2229; 12
2230; 14
2231; 14
2232; 16
2233; 22
2234; 24
2235; 24
2236; 26
2237; 26
2238; 28
2239; 28
2240; 30
2241; 30
2242; 32
2243; 32
2244; 34
2245; 34
2246; 36
2247; 36
2248; 38
2249; 38
2250; 40
2251; 40
2252; 42
2253; 42
2254; 44
2255; 44
2256; 46
2257; 22
2258; 24
2259; 24
2260; 26
2261; 26
2262; 28
2263; 28
2264; 30
2265; 30
2266; 32
2267; 32
2268; 34
2269; 34
2270; 36
2271; 36
2272; 38
2273; 38
2274; 40
2275; 40
2276; 42
2277; 42
2278; 44
2279; 44
2280; 46
2281; 52
2282; 54
2283; 54
2284; 56
2285; 56
2286; 58
2287; 58
2288; 0
2289; 0
2290; 2
2291; 2
2292; 4
2293; 4
2294; 6
2295; 6
2296; 8
2297; 8
2298; 10
2299; 10
2300; 12
2301; 12
2302; 14
2303; 14
2304; 16
2305; 22
2306; 24
2307; 24
2308; 26
2309; 26
2310; 28
2311; 28
2312; 30
2313; 30
2314; 32
2315; 32
2316; 34
2317; 34
2318; 36
2319; 36
2320; 38
2321; 38
2322; 40
2323; 40
2324; 42
2325; 42
2326; 44
2327; 44
2328; 46
2329; 52
2330; 54
2331; 54
2332; 56
2333; 56
2334; 58
2335; 58
2336; 0
2337; 0
2338; 2
2339; 2
2340; 4
2341; 4
2342; 6
2343; 6
2344; 8
2345; 8
2346; 10
2347; 10
2348; 12
2349; 12
2350; 14
2351; 14
2352; 16
2353; 52
2354; 54
2355; 54
2356; 56
2357; 56
2358; 58
2359; 58
2360; 0
2361; 0
2362; 2
2363; 2
2364; 4
2365; 4
2366; 6
2367; 6
2368; 8
2369; 8
2370; 10
2371; 10
2372; 12
2373; 12
2374; 14
2375; 14
2376; 16
2377; 22
2378; 24
2379; 24
2380; 26
2381; 26
2382; 28
2383; 28
2384; 30
2385; 30
2386; 32
2387; 32
2388; 34
2389; 34
2390; 36
2391; 36
2392; 38
2393; 38
2394; 40
2395; 40
2396; 42
2397; 42
2398; 44
2399; 44
2400; 46
2401; 33
2402; 35
2403; 35
2404; 37
2405; 37
2406; 39
2407; 39
2408; 41
2409; 41
2410; 43
2411; 43
2412; 45
2413; 45
2414; 47
2415; 47
2416; 49
2417; 49
2418; 51
2419; 51
2420; 53
2421; 53
2422; 55
2423; 55
2424; 57
2425; 3
2426; 5
2427; 5
2428; 7
2429; 7
2430; 9
2431; 9
2432; 11
2433; 11
2434; 13
2435; 13
2436; 15
2437; 15
2438; 17
2439; 17
2440; 19
2441; 19
2442; 21
2443; 21
2444; 23
2445; 23
2446; 25
2447; 25
2448; 27
2449; 3
2450; 5
2451; 5
2452; 7
2453; 7
2454; 9
2455; 9
2456; 11
2457; 11
2458; 13
2459; 13
2460; 15
2461; 15
2462; 17
2463; 17
2464; 19
2465; 19
2466; 21
2467; 21
2468; 23
2469; 23
2470; 25
2471; 25
2472; 27
2473; 33
2474; 35
2475; 35
2476; 37
2477; 37
2478; 39
2479; 39
2480; 41
2481; 41
2482; 43
2483; 43
2484; 45
2485; 45
2486; 47
2487; 47
2488; 49
2489; 49
2490; 51
2491; 51
2492; 53
2493; 53
2494; 55
2495; 55
2496; 57
2497; 9
2498; 13
2499; 13
2500; 17
2501; 17
2502; 19
2503; 19
2504; 22
2505; 22
2506; 24
2507; 24
2508; 29
2509; 29
2510; 34
2511; 34
2512; 36
2513; 36
2514; 38
2515; 38
2516; 40
2517; 40
2518; 42
2519; 39
2520; 43
2521; 43
2522; 47
2523; 47
2524; 49
2525; 49
2526; 52
2527; 52
2528; 54
2529; 54
2530; 59
2531; 59
2532; 4
2533; 4
2534; 6
2535; 6
2536; 8
2537; 8
2538; 10
2539; 10
2540; 12
2541; 9
2542; 11
2543; 11
2544; 13
2545; 13
2546; 15
2547; 15
2548; 17
2549; 17
2550; 22
2551; 22
2552; 27
2553; 27
2554; 29
2555; 29
2556; 32
2557; 32
2558; 34
2559; 34
2560; 38
2561; 38
2562; 42
2563; 39
2564; 41
2565; 41
2566; 43
2567; 43
2568; 45
2569; 45
2570; 47
2571; 47
2572; 52
2573; 52
2574; 57
2575; 57
2576; 59
2577; 59
2578; 2
2579; 2
2580; 4
2581; 4
2582; 8
2583; 8
2584; 12
2585; 10
2586; 12
2587; 12
2588; 14
2589; 14
2590; 16
2591; 16
2592; 18
2593; 18
2594; 20
2595; 20
2596; 22
2597; 22
2598; 24
2599; 24
2600; 26
2601; 26
2602; 28
2603; 28
2604; 30
2605; 30
2606; 32
2607; 40
2608; 42
2609; 42
2610; 44
2611; 44
2612; 46
2613; 46
2614; 48
2615; 48
2616; 50
2617; 50
2618; 52
2619; 52
2620; 54
2621; 54
2622; 56
2623; 56
2624; 58
2625; 58
2626; 0
2627; 0
2628; 2
2629; 40
2630; 42
2631; 42
2632; 44
2633; 44
2634; 46
2635; 46
2636; 48
2637; 48
2638; 50
2639; 50
2640; 52
2641; 52
2642; 54
2643; 54
2644; 56
2645; 56
2646; 58
2647; 58
2648; 0
2649; 0
2650; 2
2651; 10
2652; 12
2653; 12
2654; 14
2655; 14
2656; 16
2657; 16
2658; 18
2659; 18
2660; 20
2661; 20
2662; 22
2663; 22
2664; 24
2665; 24
2666; 26
2667; 26
2668; 28
2669; 28
2670; 30
2671; 30
2672; 32
2673; 29
2674; 31
2675; 31
2676; 33
2677; 33
2678; 35
2679; 35
2680; 37
2681; 37
2682; 39
2683; 39
2684; 41
2685; 41
2686; 43
2687; 43
2688; 45
2689; 45
2690; 47
2691; 47
2692; 49
2693; 49
2694; 51
2695; 59
2696; 1
2697; 1
2698; 3
2699; 3
2700; 5
2701; 5
2702; 7
2703; 7
2704; 9
2705; 9
2706; 11
2707; 11
2708; 13
2709; 13
2710; 15
2711; 15
2712; 17
2713; 17
2714; 19
2715; 19
2716; 21
2717; 59
2718; 1
2719; 1
2720; 3
2721; 3
2722; 5
2723; 5
2724; 7
2725; 7
2726; 9
2727; 9
2728; 11
2729; 11
2730; 13
2731; 13
2732; 15
2733; 15
2734; 17
2735; 17
2736; 19
2737; 19
2738; 21
2739; 29
2740; 31
2741; 31
2742; 33
2743; 33
2744; 35
2745; 35
2746; 37
2747; 37
2748; 39
2749; 39
2750; 41
2751; 41
2752; 43
2753; 43
2754; 45
2755; 45
2756; 47
2757; 47
2758; 49
2759; 49
2760; 51
2761; 11
2762; 13
2763; 13
2764; 15
2765; 15
2766; 17
2767; 17
2768; 19
2769; 19
2770; 21
2771; 21
2772; 23
2773; 23
2774; 25
2775; 25
2776; 27
2777; 27
2778; 29
2779; 29
2780; 31
2781; 31
2782; 33
2783; 41
2784; 43
2785; 43
2786; 45
2787; 45
2788; 47
2789; 47
2790; 49
2791; 49
2792; 51
2793; 51
2794; 53
2795; 53
2796; 55
2797; 55
2798; 57
2799; 57
2800; 59
2801; 59
2802; 1
2803; 1
2804; 3
2805; 41
2806; 43
2807; 43
2808; 45
2809; 45
2810; 47
2811; 47
2812; 49
2813; 49
2814; 51
2815; 51
2816; 53
2817; 53
2818; 55
2819; 55
2820; 57
2821; 57
2822; 59
2823; 59
2824; 1
2825; 1
2826; 3
2827; 11
2828; 13
2829; 13
2830; 15
2831; 15
2832; 17
2833; 17
2834; 19
2835; 19
2836; 21
2837; 21
2838; 23
2839; 23
2840; 25
2841; 25
2842; 27
2843; 27
2844; 29
2845; 29
2846; 31
2847; 31
2848; 33
2849; 26
2850; 28
2851; 28
2852; 30
2853; 30
2854; 32
2855; 32
2856; 34
2857; 34
2858; 36
2859; 36
2860; 38
2861; 38
2862; 40
2863; 40
2864; 42
2865; 42
2866; 44
2867; 44
2868; 46
2869; 46
2870; 48
2871; 56
2872; 58
2873; 58
2874; 0
2875; 0
2876; 2
2877; 2
2878; 4
2879; 4
2880; 6
2881; 6
2882; 8
2883; 8
2884; 10
2885; 10
2886; 12
2887; 12
2888; 14
2889; 14
2890; 16
2891; 16
2892; 18
2893; 56
2894; 58
2895; 58
2896; 0
2897; 0
2898; 2
2899; 2
2900; 4
2901; 4
2902; 6
2903; 6
2904; 8
2905; 8
2906; 10
2907; 10
2908; 12
2909; 12
2910; 14
2911; 14
2912; 16
2913; 16
2914; 18
2915; 26
2916; 28
2917; 28
2918; 30
2919; 30
2920; 32
2921; 32
2922; 34
2923; 34
2924; 36
2925; 36
2926; 38
2927; 38
2928; 40
2929; 40
2930; 42
2931; 42
2932; 44
2933; 44
2934; 46
2935; 46
2936; 48
2937; 57
2938; 59
2939; 59
2940; 1
2941; 1
2942; 3
2943; 3
2944; 5
2945; 5
2946; 7
2947; 7
2948; 9
2949; 9
2950; 11
2951; 11
2952; 13
2953; 13
2954; 15
2955; 15
2956; 17
2957; 17
2958; 19
2959; 27
2960; 29
2961; 29
2962; 31
2963; 31
2964; 33
2965; 33
2966; 35
2967; 35
2968; 37
2969; 37
2970; 39
2971; 39
2972; 41
2973; 41
2974; 43
2975; 43
2976; 45
2977; 45
2978; 47
2979; 47
2980; 49
2981; 27
2982; 29
2983; 29
2984; 31
2985; 31
2986; 33
2987; 33
2988; 35
2989; 35
2990; 37
2991; 37
2992; 39
2993; 39
2994; 41
2995; 41
2996; 43
2997; 43
2998; 45
2999; 45
3000; 47
3001; 47
3002; 49
3003; 57
3004; 59
3005; 59
3006; 1
3007; 1
3008; 3
3009; 3
3010; 5
3011; 5
3012; 7
3013; 7
3014; 9
3015; 9
3016; 11
3017; 11
3018; 13
3019; 13
3020; 15
3021; 15
3022; 17
3023; 17
3024; 19
3025; 27
3026; 29
3027; 29
3028; 31
3029; 31
3030; 33
3031; 33
3032; 35
3033; 35
3034; 37
3035; 37
3036; 39
3037; 39
3038; 41
3039; 41
3040; 43
3041; 43
3042; 45
3043; 45
3044; 47
3045; 47
3046; 49
3047; 57
3048; 59
3049; 59
3050; 1
3051; 1
3052; 3
3053; 3
3054; 5
3055; 5
3056; 7
3057; 7
3058; 9
3059; 9
3060; 11
3061; 11
3062; 13
3063; 13
3064; 15
3065; 15
3066; 17
3067; 17
3068; 19
3069; 57
3070; 59
3071; 59
3072; 1
3073; 1
3074; 3
3075; 3
3076; 5
3077; 5
3078; 7
3079; 7
3080; 9
3081; 9
3082; 11
3083; 11
3084; 13
3085; 13
3086; 15
3087; 15
3088; 17
3089; 17
3090; 19
3091; 27
3092; 29
3093; 29
3094; 31
3095; 31
3096; 33
3097; 33
3098; 35
3099; 35
3100; 37
3101; 37
3102; 39
3103; 39
3104; 41
3105; 41
3106; 43
3107; 43
3108; 45
3109; 45
3110; 47
3111; 47
3112; 49
3113; 0
3114; 2
3115; 2
3116; 4
3117; 4
3118; 6
3119; 6
3120; 8
3121; 8
3122; 10
3123; 10
3124; 12
3125; 12
3126; 14
3127; 14
3128; 16
3129; 16
3130; 17
3131; 17
3132; 18
3133; 30
3134; 32
3135; 32
3136; 34
3137; 34
3138; 36
3139; 36
3140; 38
3141; 38
3142; 40
3143; 40
3144; 42
3145; 42
3146; 44
3147; 44
3148; 46
3149; 46
3150; 47
3151; 47
3152; 48
3153; 30
3154; 31
3155; 31
3156; 32
3157; 32
3158; 34
3159; 34
3160; 36
3161; 36
3162; 38
3163; 38
3164; 40
3165; 40
3166; 42
3167; 42
3168; 44
3169; 44
3170; 46
3171; 46
3172; 48
3173; 0
3174; 1
3175; 1
3176; 2
3177; 2
3178; 4
3179; 4
3180; 6
3181; 6
3182; 8
3183; 8
3184; 10
3185; 10
3186; 12
3187; 12
3188; 14
3189; 14
3190; 16
3191; 16
3192; 18
3193; 11
3194; 13
3195; 13
3196; 19
3197; 19
3198; 21
3199; 21
3200; 26
3201; 26
3202; 28
3203; 28
3204; 31
3205; 31
3206; 34
3207; 34
3208; 37
3209; 37
3210; 39
3211; 39
3212; 41
3213; 41
3214; 43
3215; 43
3216; 49
3217; 49
3218; 51
3219; 51
3220; 56
3221; 56
3222; 58
3223; 58
3224; 1
3225; 1
3226; 4
3227; 4
3228; 7
3229; 7
3230; 9
3231; 9
3232; 11
3233; 41
3234; 43
3235; 43
3236; 45
3237; 45
3238; 48
3239; 48
3240; 51
3241; 51
3242; 54
3243; 54
3244; 56
3245; 56
3246; 1
3247; 1
3248; 3
3249; 3
3250; 9
3251; 9
3252; 11
3253; 11
3254; 13
3255; 13
3256; 15
3257; 15
3258; 18
3259; 18
3260; 21
3261; 21
3262; 24
3263; 24
3264; 26
3265; 26
3266; 31
3267; 31
3268; 33
3269; 33
3270; 39
3271; 39
3272; 41
3273; 53
3274; 55
3275; 55
3276; 57
3277; 57
3278; 59
3279; 59
3280; 1
3281; 1
3282; 3
3283; 3
3284; 5
3285; 5
3286; 7
3287; 7
3288; 9
3289; 9
3290; 11
3291; 11
3292; 13
3293; 23
3294; 25
3295; 25
3296; 27
3297; 27
3298; 29
3299; 29
3300; 31
3301; 31
3302; 33
3303; 33
3304; 35
3305; 35
3306; 37
3307; 37
3308; 39
3309; 39
3310; 41
3311; 41
3312; 43
3313; 23
3314; 25
3315; 25
3316; 27
3317; 27
3318; 29
3319; 29
3320; 31
3321; 31
3322; 33
3323; 33
3324; 35
3325; 35
3326; 37
3327; 37
3328; 39
3329; 39
3330; 41
3331; 41
3332; 43
3333; 53
3334; 55
3335; 55
3336; 57
3337; 57
3338; 59
3339; 59
3340; 1
3341; 1
3342; 3
3343; 3
3344; 5
3345; 5
3346; 7
3347; 7
3348; 9
3349; 9
3350; 11
3351; 11
3352; 13
3353; 3
3354; 5
3355; 5
3356; 7
3357; 7
3358; 9
3359; 9
3360; 11
3361; 11
3362; 13
3363; 13
3364; 15
3365; 15
3366; 17
3367; 17
3368; 19
3369; 19
3370; 20
3371; 20
3372; 21
3373; 33
3374; 35
3375; 35
3376; 37
3377; 37
3378; 39
3379; 39
3380; 41
3381; 41
3382; 43
3383; 43
3384; 45
3385; 45
3386; 47
3387; 47
3388; 49
3389; 49
3390; 50
3391; 50
3392; 51
3393; 33
3394; 34
3395; 34
3396; 35
3397; 35
3398; 37
3399; 37
3400; 39
3401; 39
3402; 41
3403; 41
3404; 43
3405; 43
3406; 45
3407; 45
3408; 47
3409; 47
3410; 49
3411; 49
3412; 51
3413; 3
3414; 4
3415; 4
3416; 5
3417; 5
3418; 7
3419; 7
3420; 9
3421; 9
3422; 11
3423; 11
3424; 13
3425; 13
3426; 15
3427; 15
3428; 17
3429; 17
3430; 19
3431; 19
3432; 21
3433; 19
3434; 21
3435; 21
3436; 23
3437; 23
3438; 25
3439; 25
3440; 27
3441; 27
3442; 29
3443; 29
3444; 31
3445; 31
3446; 33
3447; 33
3448; 35
3449; 35
3450; 37
3451; 37
3452; 39
3453; 49
3454; 51
3455; 51
3456; 53
3457; 53
3458; 55
3459; 55
3460; 57
3461; 57
3462; 59
3463; 59
3464; 1
3465; 1
3466; 3
3467; 3
3468; 5
3469; 5
3470; 7
3471; 7
3472; 9
3473; 49
3474; 51
3475; 51
3476; 53
3477; 53
3478; 55
3479; 55
3480; 57
3481; 57
3482; 59
3483; 59
3484; 1
3485; 1
3486; 3
3487; 3
3488; 5
3489; 5
3490; 7
3491; 7
3492; 9
3493; 19
3494; 21
3495; 21
3496; 23
3497; 23
3498; 25
3499; 25
3500; 27
3501; 27
3502; 29
3503; 29
3504; 31
3505; 31
3506; 33
3507; 33
3508; 35
3509; 35
3510; 37
3511; 37
3512; 39
3513; 58
3514; 0
3515; 0
3516; 2
3517; 2
3518; 4
3519; 4
3520; 6
3521; 6
3522; 8
3523; 8
3524; 10
3525; 10
3526; 12
3527; 12
3528; 14
3529; 14
3530; 16
3531; 16
3532; 18
3533; 28
3534; 30
3535; 30
3536; 32
3537; 32
3538; 34
3539; 34
3540; 36
3541; 36
3542; 38
3543; 38
3544; 40
3545; 40
3546; 42
3547; 42
3548; 44
3549; 44
3550; 46
3551; 46
3552; 48
3553; 28
3554; 30
3555; 30
3556; 32
3557; 32
3558; 34
3559; 34
3560; 36
3561; 36
3562; 38
3563; 38
3564; 40
3565; 40
3566; 42
3567; 42
3568; 44
3569; 44
3570; 46
3571; 46
3572; 48
3573; 58
3574; 0
3575; 0
3576; 2
3577; 2
3578; 4
3579; 4
3580; 6
3581; 6
3582; 8
3583; 8
3584; 10
3585; 10
3586; 12
3587; 12
3588; 14
3589; 14
3590; 16
3591; 16
3592; 18
3593; 48
3594; 50
3595; 50
3596; 52
3597; 52
3598; 54
3599; 54
3600; 56
3601; 56
3602; 58
3603; 58
3604; 0
3605; 0
3606; 2
3607; 2
3608; 4
3609; 4
3610; 5
3611; 5
3612; 6
3613; 18
3614; 20
3615; 20
3616; 22
3617; 22
3618; 24
3619; 24
3620; 26
3621; 26
3622; 28
3623; 28
3624; 30
3625; 30
3626; 32
3627; 32
3628; 34
3629; 34
3630; 35
3631; 35
3632; 36
3633; 18
3634; 19
3635; 19
3636; 20
3637; 20
3638; 22
3639; 22
3640; 24
3641; 24
3642; 26
3643; 26
3644; 28
3645; 28
3646; 30
3647; 30
3648; 32
3649; 32
3650; 34
3651; 34
3652; 36
3653; 48
3654; 49
3655; 49
3656; 50
3657; 50
3658; 52
3659; 52
3660; 54
3661; 54
3662; 56
3663; 56
3664; 58
3665; 58
3666; 0
3667; 0
3668; 2
3669; 2
3670; 4
3671; 4
3672; 6
3673; 22
3674; 24
3675; 24
3676; 30
3677; 30
3678; 32
3679; 32
3680; 34
3681; 34
3682; 37
3683; 37
3684; 39
3685; 39
3686; 41
3687; 41
3688; 44
3689; 44
3690; 47
3691; 47
3692; 50
3693; 52
3694; 54
3695; 54
3696; 0
3697; 0
3698; 2
3699; 2
3700; 4
3701; 4
3702; 7
3703; 7
3704; 9
3705; 9
3706; 11
3707; 11
3708; 14
3709; 14
3710; 17
3711; 17
3712; 20
3713; 52
3714; 55
3715; 55
3716; 58
3717; 58
3718; 1
3719; 1
3720; 3
3721; 3
3722; 5
3723; 5
3724; 8
3725; 8
3726; 10
3727; 10
3728; 12
3729; 12
3730; 18
3731; 18
3732; 20
3733; 22
3734; 25
3735; 25
3736; 28
3737; 28
3738; 31
3739; 31
3740; 33
3741; 33
3742; 35
3743; 35
3744; 38
3745; 38
3746; 40
3747; 40
3748; 42
3749; 42
3750; 48
3751; 48
3752; 50
3753; 0
3754; 2
3755; 2
3756; 4
3757; 4
3758; 6
3759; 6
3760; 8
3761; 8
3762; 10
3763; 10
3764; 12
3765; 12
3766; 14
3767; 14
3768; 16
3769; 16
3770; 17
3771; 17
3772; 18
3773; 30
3774; 32
3775; 32
3776; 34
3777; 34
3778; 36
3779; 36
3780; 38
3781; 38
3782; 40
3783; 40
3784; 42
3785; 42
3786; 44
3787; 44
3788; 46
3789; 46
3790; 47
3791; 47
3792; 48
3793; 30
3794; 31
3795; 31
3796; 32
3797; 32
3798; 34
3799; 34
3800; 36
3801; 36
3802; 38
3803; 38
3804; 40
3805; 40
3806; 42
3807; 42
3808; 44
3809; 44
3810; 46
3811; 46
3812; 48
3813; 0
3814; 1
3815; 1
3816; 2
3817; 2
3818; 4
3819; 4
3820; 6
3821; 6
3822; 8
3823; 8
3824; 10
3825; 10
3826; 12
3827; 12
3828; 14
3829; 14
3830; 16
3831; 16
3832; 18
3833; 0
3834; 2
3835; 2
3836; 4
3837; 4
3838; 6
3839; 6
3840; 8
3841; 8
3842; 10
3843; 10
3844; 12
3845; 12
3846; 14
3847; 14
3848; 16
3849; 16
3850; 17
3851; 17
3852; 18
3853; 30
3854; 32
3855; 32
3856; 34
3857; 34
3858; 36
3859; 36
3860; 38
3861; 38
3862; 40
3863; 40
3864; 42
3865; 42
3866; 44
3867; 44
3868; 46
3869; 46
3870; 47
3871; 47
3872; 48
3873; 30
3874; 31
3875; 31
3876; 32
3877; 32
3878; 34
3879; 34
3880; 36
3881; 36
3882; 38
3883; 38
3884; 40
3885; 40
3886; 42
3887; 42
3888; 44
3889; 44
3890; 46
3891; 46
3892; 48
3893; 0
3894; 1
3895; 1
3896; 2
3897; 2
3898; 4
3899; 4
3900; 6
3901; 6
3902; 8
3903; 8
3904; 10
3905; 10
3906; 12
3907; 12
3908; 14
3909; 14
3910; 16
3911; 16
3912; 18
3913; 41
3914; 46
3915; 46
3916; 51
3917; 51
3918; 56
3919; 56
3920; 1
3921; 1
3922; 6
3923; 6
3924; 11
3925; 11
3926; 16
3927; 16
3928; 21
3929; 21
3930; 23
3931; 11
3932; 16
3933; 16
3934; 21
3935; 21
3936; 26
3937; 26
3938; 31
3939; 31
3940; 36
3941; 36
3942; 41
3943; 41
3944; 46
3945; 46
3946; 51
3947; 51
3948; 53
3949; 41
3950; 43
3951; 43
3952; 48
3953; 48
3954; 53
3955; 53
3956; 58
3957; 58
3958; 3
3959; 3
3960; 8
3961; 8
3962; 13
3963; 13
3964; 18
3965; 18
3966; 23
3967; 11
3968; 13
3969; 13
3970; 18
3971; 18
3972; 23
3973; 23
3974; 28
3975; 28
3976; 33
3977; 33
3978; 38
3979; 38
3980; 43
3981; 43
3982; 48
3983; 48
3984; 53
3985; 44
3986; 46
3987; 46
3988; 48
3989; 48
3990; 50
3991; 50
3992; 52
3993; 52
3994; 54
3995; 54
3996; 56
3997; 56
3998; 58
3999; 58
4000; 0
4001; 0
4002; 2
4003; 14
4004; 16
4005; 16
4006; 18
4007; 18
4008; 20
4009; 20
4010; 22
4011; 22
4012; 24
4013; 24
4014; 26
4015; 26
4016; 28
4017; 28
4018; 30
4019; 30
4020; 32
4021; 14
4022; 16
4023; 16
4024; 18
4025; 18
4026; 20
4027; 20
4028; 22
4029; 22
4030; 24
4031; 24
4032; 26
4033; 26
4034; 28
4035; 28
4036; 30
4037; 30
4038; 32
4039; 44
4040; 46
4041; 46
4042; 48
4043; 48
4044; 50
4045; 50
4046; 52
4047; 52
4048; 54
4049; 54
4050; 56
4051; 56
4052; 58
4053; 58
4054; 0
4055; 0
4056; 2
4057; 29
4058; 31
4059; 31
4060; 33
4061; 33
4062; 35
4063; 35
4064; 37
4065; 37
4066; 39
4067; 39
4068; 41
4069; 41
4070; 43
4071; 43
4072; 45
4073; 45
4074; 47
4075; 59
4076; 1
4077; 1
4078; 3
4079; 3
4080; 5
4081; 5
4082; 7
4083; 7
4084; 9
4085; 9
4086; 11
4087; 11
4088; 13
4089; 13
4090; 15
4091; 15
4092; 17
4093; 59
4094; 1
4095; 1
4096; 3
4097; 3
4098; 5
4099; 5
4100; 7
4101; 7
4102; 9
4103; 9
4104; 11
4105; 11
4106; 13
4107; 13
4108; 15
4109; 15
4110; 17
4111; 29
4112; 31
4113; 31
4114; 33
4115; 33
4116; 35
4117; 35
4118; 37
4119; 37
4120; 39
4121; 39
4122; 41
4123; 41
4124; 43
4125; 43
4126; 45
4127; 45
4128; 47
4129; 6
4130; 9
4131; 9
4132; 12
4133; 12
4134; 14
4135; 14
4136; 16
4137; 16
4138; 18
4139; 18
4140; 20
4141; 20
4142; 22
4143; 22
4144; 27
4145; 36
4146; 39
4147; 39
4148; 42
4149; 42
4150; 44
4151; 44
4152; 46
4153; 46
4154; 48
4155; 48
4156; 50
4157; 50
4158; 52
4159; 52
4160; 57
4161; 36
4162; 41
4163; 41
4164; 43
4165; 43
4166; 45
4167; 45
4168; 47
4169; 47
4170; 49
4171; 49
4172; 51
4173; 51
4174; 54
4175; 54
4176; 57
4177; 6
4178; 11
4179; 11
4180; 13
4181; 13
4182; 15
4183; 15
4184; 17
4185; 17
4186; 19
4187; 19
4188; 21
4189; 21
4190; 24
4191; 24
4192; 27
4193; 5
4194; 8
4195; 8
4196; 11
4197; 11
4198; 14
4199; 14
4200; 17
4201; 17
4202; 20
4203; 20
4204; 23
4205; 23
4206; 26
4207; 26
4208; 28
4209; 35
4210; 38
4211; 38
4212; 41
4213; 41
4214; 44
4215; 44
4216; 47
4217; 47
4218; 50
4219; 50
4220; 53
4221; 53
4222; 56
4223; 56
4224; 58
4225; 35
4226; 37
4227; 37
4228; 40
4229; 40
4230; 43
4231; 43
4232; 46
4233; 46
4234; 49
4235; 49
4236; 52
4237; 52
4238; 55
4239; 55
4240; 58
4241; 5
4242; 7
4243; 7
4244; 10
4245; 10
4246; 13
4247; 13
4248; 16
4249; 16
4250; 19
4251; 19
4252; 22
4253; 22
4254; 25
4255; 25
4256; 28
4257; 0
4258; 2
4259; 2
4260; 5
4261; 5
4262; 7
4263; 7
4264; 9
4265; 9
4266; 12
4267; 12
4268; 15
4269; 15
4270; 17
4271; 17
4272; 19
4273; 30
4274; 32
4275; 32
4276; 35
4277; 35
4278; 37
4279; 37
4280; 39
4281; 39
4282; 42
4283; 42
4284; 45
4285; 45
4286; 47
4287; 47
4288; 49
4289; 30
4290; 32
4291; 32
4292; 34
4293; 34
4294; 37
4295; 37
4296; 40
4297; 40
4298; 42
4299; 42
4300; 44
4301; 44
4302; 47
4303; 47
4304; 49
4305; 0
4306; 2
4307; 2
4308; 4
4309; 4
4310; 7
4311; 7
4312; 10
4313; 10
4314; 12
4315; 12
4316; 14
4317; 14
4318; 17
4319; 17
4320; 19
4321; 8
4322; 10
4323; 10
4324; 13
4325; 13
4326; 16
4327; 16
4328; 19
4329; 19
4330; 22
4331; 22
4332; 25
4333; 25
4334; 28
4335; 38
4336; 40
4337; 40
4338; 43
4339; 43
4340; 46
4341; 46
4342; 49
4343; 49
4344; 52
4345; 52
4346; 55
4347; 55
4348; 58
4349; 38
4350; 41
4351; 41
4352; 44
4353; 44
4354; 47
4355; 47
4356; 50
4357; 50
4358; 53
4359; 53
4360; 56
4361; 56
4362; 58
4363; 8
4364; 11
4365; 11
4366; 14
4367; 14
4368; 17
4369; 17
4370; 20
4371; 20
4372; 23
4373; 23
4374; 26
4375; 26
4376; 28
4377; 0
4378; 2
4379; 2
4380; 4
4381; 4
4382; 6
4383; 6
4384; 8
4385; 8
4386; 10
4387; 10
4388; 11
4389; 11
4390; 12
4391; 30
4392; 32
4393; 32
4394; 34
4395; 34
4396; 36
4397; 36
4398; 38
4399; 38
4400; 40
4401; 40
4402; 41
4403; 41
4404; 42
4405; 30
4406; 31
4407; 31
4408; 32
4409; 32
4410; 34
4411; 34
4412; 36
4413; 36
4414; 38
4415; 38
4416; 40
4417; 40
4418; 42
4419; 0
4420; 1
4421; 1
4422; 2
4423; 2
4424; 4
4425; 4
4426; 6
4427; 6
4428; 8
4429; 8
4430; 10
4431; 10
4432; 12
4433; 0
4434; 2
4435; 2
4436; 4
4437; 4
4438; 6
4439; 6
4440; 8
4441; 8
4442; 10
4443; 10
4444; 11
4445; 11
4446; 12
4447; 30
4448; 32
4449; 32
4450; 34
4451; 34
4452; 36
4453; 36
4454; 38
4455; 38
4456; 40
4457; 40
4458; 41
4459; 41
4460; 42
4461; 30
4462; 31
4463; 31
4464; 32
4465; 32
4466; 34
4467; 34
4468; 36
4469; 36
4470; 38
4471; 38
4472; 40
4473; 40
4474; 42
4475; 0
4476; 1
4477; 1
4478; 2
4479; 2
4480; 4
4481; 4
4482; 6
4483; 6
4484; 8
4485; 8
4486; 10
4487; 10
4488; 12
4489; 39
4490; 42
4491; 42
4492; 45
4493; 45
4494; 48
4495; 48
4496; 51
4497; 51
4498; 54
4499; 54
4500; 56
4501; 9
4502; 12
4503; 12
4504; 15
4505; 15
4506; 18
4507; 18
4508; 21
4509; 21
4510; 24
4511; 24
4512; 26
4513; 9
4514; 11
4515; 11
4516; 14
4517; 14
4518; 17
4519; 17
4520; 20
4521; 20
4522; 23
4523; 23
4524; 26
4525; 39
4526; 41
4527; 41
4528; 44
4529; 44
4530; 47
4531; 47
4532; 50
4533; 50
4534; 53
4535; 53
4536; 56
4537; 13
4538; 14
4539; 14
4540; 15
4541; 15
4542; 16
4543; 16
4544; 17
4545; 17
4546; 18
4547; 18
4548; 19
4549; 19
4550; 20
4551; 20
4552; 21
4553; 21
4554; 22
4555; 22
4556; 24
4557; 43
4558; 44
4559; 44
4560; 45
4561; 45
4562; 46
4563; 46
4564; 47
4565; 47
4566; 48
4567; 48
4568; 49
4569; 49
4570; 50
4571; 50
4572; 51
4573; 51
4574; 52
4575; 52
4576; 54
4577; 43
4578; 45
4579; 45
4580; 46
4581; 46
4582; 47
4583; 47
4584; 48
4585; 48
4586; 49
4587; 49
4588; 50
4589; 50
4590; 51
4591; 51
4592; 52
4593; 52
4594; 53
4595; 53
4596; 54
4597; 13
4598; 15
4599; 15
4600; 16
4601; 16
4602; 17
4603; 17
4604; 18
4605; 18
4606; 19
4607; 19
4608; 20
4609; 20
4610; 21
4611; 21
4612; 22
4613; 22
4614; 23
4615; 23
4616; 24
4617; 28
4618; 30
4619; 30
4620; 32
4621; 32
4622; 34
4623; 34
4624; 36
4625; 36
4626; 38
4627; 38
4628; 40
4629; 40
4630; 42
4631; 42
4632; 44
4633; 44
4634; 46
4635; 46
4636; 48
4637; 48
4638; 50
4639; 50
4640; 52
4641; 52
4642; 54
4643; 54
4644; 56
4645; 56
4646; 58
4647; 58
4648; 0
4649; 0
4650; 2
4651; 2
4652; 4
4653; 4
4654; 6
4655; 6
4656; 8
4657; 58
4658; 0
4659; 0
4660; 2
4661; 2
4662; 4
4663; 4
4664; 6
4665; 6
4666; 8
4667; 8
4668; 10
4669; 10
4670; 12
4671; 12
4672; 14
4673; 14
4674; 16
4675; 16
4676; 18
4677; 18
4678; 20
4679; 20
4680; 22
4681; 22
4682; 24
4683; 24
4684; 26
4685; 26
4686; 28
4687; 28
4688; 30
4689; 30
4690; 32
4691; 32
4692; 34
4693; 34
4694; 36
4695; 36
4696; 38
4697; 28
4698; 30
4699; 30
4700; 32
4701; 32
4702; 34
4703; 34
4704; 36
4705; 36
4706; 38
4707; 38
4708; 40
4709; 40
4710; 42
4711; 42
4712; 44
4713; 44
4714; 46
4715; 46
4716; 48
4717; 48
4718; 50
4719; 50
4720; 52
4721; 52
4722; 54
4723; 54
4724; 56
4725; 56
4726; 58
4727; 58
4728; 0
4729; 0
4730; 2
4731; 2
4732; 4
4733; 4
4734; 6
4735; 6
4736; 8
4737; 58
4738; 0
4739; 0
4740; 2
4741; 2
4742; 4
4743; 4
4744; 6
4745; 6
4746; 8
4747; 8
4748; 10
4749; 10
4750; 12
4751; 12
4752; 14
4753; 14
4754; 16
4755; 16
4756; 18
4757; 18
4758; 20
4759; 20
4760; 22
4761; 22
4762; 24
4763; 24
4764; 26
4765; 26
4766; 28
4767; 28
4768; 30
4769; 30
4770; 32
4771; 32
4772; 34
4773; 34
4774; 36
4775; 36
4776; 38
4777; 25
4778; 27
4779; 27
4780; 29
4781; 29
4782; 31
4783; 31
4784; 33
4785; 33
4786; 35
4787; 35
4788; 37
4789; 37
4790; 39
4791; 39
4792; 41
4793; 41
4794; 43
4795; 43
4796; 45
4797; 45
4798; 47
4799; 47
4800; 49
4801; 49
4802; 51
4803; 51
4804; 53
4805; 53
4806; 55
4807; 55
4808; 57
4809; 57
4810; 59
4811; 59
4812; 1
4813; 1
4814; 3
4815; 3
4816; 5
4817; 55
4818; 57
4819; 57
4820; 59
4821; 59
4822; 1
4823; 1
4824; 3
4825; 3
4826; 5
4827; 5
4828; 7
4829; 7
4830; 9
4831; 9
4832; 11
4833; 11
4834; 13
4835; 13
4836; 15
4837; 15
4838; 17
4839; 17
4840; 19
4841; 19
4842; 21
4843; 21
4844; 23
4845; 23
4846; 25
4847; 25
4848; 27
4849; 27
4850; 29
4851; 29
4852; 31
4853; 31
4854; 33
4855; 33
4856; 35
4857; 25
4858; 27
4859; 27
4860; 29
4861; 29
4862; 31
4863; 31
4864; 33
4865; 33
4866; 35
4867; 35
4868; 37
4869; 37
4870; 39
4871; 39
4872; 41
4873; 41
4874; 43
4875; 43
4876; 45
4877; 45
4878; 47
4879; 47
4880; 49
4881; 49
4882; 51
4883; 51
4884; 53
4885; 53
4886; 55
4887; 55
4888; 57
4889; 57
4890; 59
4891; 59
4892; 1
4893; 1
4894; 3
4895; 3
4896; 5
4897; 55
4898; 57
4899; 57
4900; 59
4901; 59
4902; 1
4903; 1
4904; 3
4905; 3
4906; 5
4907; 5
4908; 7
4909; 7
4910; 9
4911; 9
4912; 11
4913; 11
4914; 13
4915; 13
4916; 15
4917; 15
4918; 17
4919; 17
4920; 19
4921; 19
4922; 21
4923; 21
4924; 23
4925; 23
4926; 25
4927; 25
4928; 27
4929; 27
4930; 29
4931; 29
4932; 31
4933; 31
4934; 33
4935; 33
4936; 35
4937; 22
4938; 24
4939; 24
4940; 26
4941; 26
4942; 28
4943; 28
4944; 30
4945; 30
4946; 32
4947; 32
4948; 34
4949; 34
4950; 36
4951; 36
4952; 38
4953; 38
4954; 40
4955; 40
4956; 42
4957; 42
4958; 44
4959; 44
4960; 46
4961; 46
4962; 48
4963; 48
4964; 50
4965; 50
4966; 52
4967; 52
4968; 54
4969; 54
4970; 56
4971; 56
4972; 58
4973; 58
4974; 0
4975; 0
4976; 2
4977; 52
4978; 54
4979; 54
4980; 56
4981; 56
4982; 58
4983; 58
4984; 0
4985; 0
4986; 2
4987; 2
4988; 4
4989; 4
4990; 6
4991; 6
4992; 8
4993; 8
4994; 10
4995; 10
4996; 12
4997; 12
4998; 14
4999; 14
5000; 16
5001; 16
5002; 18
5003; 18
5004; 20
5005; 20
5006; 22
5007; 22
5008; 24
5009; 24
5010; 26
5011; 26
5012; 28
5013; 28
5014; 30
5015; 30
5016; 32
5017; 22
5018; 24
5019; 24
5020; 26
5021; 26
5022; 28
5023; 28
5024; 30
5025; 30
5026; 32
5027; 32
5028; 34
5029; 34
5030; 36
5031; 36
5032; 38
5033; 38
5034; 40
5035; 40
5036; 42
5037; 42
5038; 44
5039; 44
5040; 46
5041; 46
5042; 48
5043; 48
5044; 50
5045; 50
5046; 52
5047; 52
5048; 54
5049; 54
5050; 56
5051; 56
5052; 58
5053; 58
5054; 0
5055; 0
5056; 2
5057; 52
5058; 54
5059; 54
5060; 56
5061; 56
5062; 58
5063; 58
5064; 0
5065; 0
5066; 2
5067; 2
5068; 4
5069; 4
5070; 6
5071; 6
5072; 8
5073; 8
5074; 10
5075; 10
5076; 12
5077; 12
5078; 14
5079; 14
5080; 16
5081; 16
5082; 18
5083; 18
5084; 20
5085; 20
5086; 22
5087; 22
5088; 24
5089; 24
5090; 26
5091; 26
5092; 28
5093; 28
5094; 30
5095; 30
5096; 32
5097; 53
5098; 55
5099; 55
5100; 57
5101; 57
5102; 59
5103; 59
5104; 1
5105; 1
5106; 3
5107; 3
5108; 5
5109; 5
5110; 7
5111; 7
5112; 9
5113; 9
5114; 11
5115; 11
5116; 13
5117; 13
5118; 15
5119; 15
5120; 17
5121; 17
5122; 19
5123; 19
5124; 21
5125; 21
5126; 23
5127; 23
5128; 25
5129; 25
5130; 27
5131; 27
5132; 29
5133; 29
5134; 31
5135; 31
5136; 33
5137; 23
5138; 25
5139; 25
5140; 27
5141; 27
5142; 29
5143; 29
5144; 31
5145; 31
5146; 33
5147; 33
5148; 35
5149; 35
5150; 37
5151; 37
5152; 39
5153; 39
5154; 41
5155; 41
5156; 43
5157; 43
5158; 45
5159; 45
5160; 47
5161; 47
5162; 49
5163; 49
5164; 51
5165; 51
5166; 53
5167; 53
5168; 55
5169; 55
5170; 57
5171; 57
5172; 59
5173; 59
5174; 1
5175; 1
5176; 3
5177; 53
5178; 55
5179; 55
5180; 57
5181; 57
5182; 59
5183; 59
5184; 1
5185; 1
5186; 3
5187; 3
5188; 5
5189; 5
5190; 7
5191; 7
5192; 9
5193; 9
5194; 11
5195; 11
5196; 13
5197; 13
5198; 15
5199; 15
5200; 17
5201; 17
5202; 19
5203; 19
5204; 21
5205; 21
5206; 23
5207; 23
5208; 25
5209; 25
5210; 27
5211; 27
5212; 29
5213; 29
5214; 31
5215; 31
5216; 33
5217; 23
5218; 25
5219; 25
5220; 27
5221; 27
5222; 29
5223; 29
5224; 31
5225; 31
5226; 33
5227; 33
5228; 35
5229; 35
5230; 37
5231; 37
5232; 39
5233; 39
5234; 41
5235; 41
5236; 43
5237; 43
5238; 45
5239; 45
5240; 47
5241; 47
5242; 49
5243; 49
5244; 51
5245; 51
5246; 53
5247; 53
5248; 55
5249; 55
5250; 57
5251; 57
5252; 59
5253; 59
5254; 1
5255; 1
5256; 3
5257; 22
5258; 24
5259; 24
5260; 26
5261; 26
5262; 28
5263; 28
5264; 30
5265; 30
5266; 32
5267; 32
5268; 34
5269; 34
5270; 36
5271; 36
5272; 38
5273; 38
5274; 40
5275; 40
5276; 42
5277; 42
5278; 44
5279; 44
5280; 46
5281; 46
5282; 48
5283; 48
5284; 50
5285; 50
5286; 52
5287; 52
5288; 54
5289; 54
5290; 56
5291; 56
5292; 58
5293; 58
5294; 0
5295; 0
5296; 2
5297; 52
5298; 54
5299; 54
5300; 56
5301; 56
5302; 58
5303; 58
5304; 0
5305; 0
5306; 2
5307; 2
5308; 4
5309; 4
5310; 6
5311; 6
5312; 8
5313; 8
5314; 10
5315; 10
5316; 12
5317; 12
5318; 14
5319; 14
5320; 16
5321; 16
5322; 18
5323; 18
5324; 20
5325; 20
5326; 22
5327; 22
5328; 24
5329; 24
5330; 26
5331; 26
5332; 28
5333; 28
5334; 30
5335; 30
5336; 32
5337; 22
5338; 24
5339; 24
5340; 26
5341; 26
5342; 28
5343; 28
5344; 30
5345; 30
5346; 32
5347; 32
5348; 34
5349; 34
5350; 36
5351; 36
5352; 38
5353; 38
5354; 40
5355; 40
5356; 42
5357; 42
5358; 44
5359; 44
5360; 46
5361; 46
5362; 48
5363; 48
5364; 50
5365; 50
5366; 52
5367; 52
5368; 54
5369; 54
5370; 56
5371; 56
5372; 58
5373; 58
5374; 0
5375; 0
5376; 2
5377; 52
5378; 54
5379; 54
5380; 56
5381; 56
5382; 58
5383; 58
5384; 0
5385; 0
5386; 2
5387; 2
5388; 4
5389; 4
5390; 6
5391; 6
5392; 8
5393; 8
5394; 10
5395; 10
5396; 12
5397; 12
5398; 14
5399; 14
5400; 16
5401; 16
5402; 18
5403; 18
5404; 20
5405; 20
5406; 22
5407; 22
5408; 24
5409; 24
5410; 26
5411; 26
5412; 28
5413; 28
5414; 30
5415; 30
5416; 32
