#event-id; time
1; 0
2; 6
3; 6
4; 12
5; 12
6; 18
7; 18
8; 24
9; 24
10; 30
11; 30
12; 36
13; 36
14; 42
15; 42
16; 48
17; 48
18; 54
19; 54
20; 0
21; 51
22; 57
23; 57
24; 3
25; 3
26; 9
27; 9
28; 15
29; 15
30; 21
31; 21
32; 27
33; 27
34; 33
35; 33
36; 39
37; 39
38; 45
39; 45
40; 51
41; 42
42; 48
43; 48
44; 54
45; 54
46; 0
47; 0
48; 6
49; 6
50; 12
51; 12
52; 18
53; 18
54; 24
55; 24
56; 30
57; 30
58; 36
59; 36
60; 42
61; 54
62; 0
63; 0
64; 6
65; 6
66; 12
67; 12
68; 18
69; 18
70; 24
71; 24
72; 30
73; 30
74; 36
75; 36
76; 42
77; 42
78; 48
79; 48
80; 54
81; 21
82; 27
83; 27
84; 33
85; 33
86; 39
87; 39
88; 45
89; 45
90; 51
91; 51
92; 57
93; 57
94; 3
95; 3
96; 9
97; 9
98; 15
99; 15
100; 21
101; 18
102; 24
103; 24
104; 30
105; 30
106; 36
107; 36
108; 42
109; 42
110; 48
111; 48
112; 54
113; 54
114; 0
115; 0
116; 6
117; 6
118; 12
119; 12
120; 18
121; 54
122; 0
123; 0
124; 6
125; 6
126; 12
127; 12
128; 18
129; 18
130; 24
131; 24
132; 30
133; 30
134; 36
135; 36
136; 42
137; 42
138; 48
139; 48
140; 54
141; 39
142; 45
143; 45
144; 51
145; 51
146; 57
147; 57
148; 3
149; 3
150; 9
151; 9
152; 15
153; 15
154; 21
155; 21
156; 27
157; 27
158; 33
159; 33
160; 39
161; 15
162; 21
163; 21
164; 27
165; 27
166; 33
167; 33
168; 39
169; 39
170; 45
171; 45
172; 51
173; 51
174; 57
175; 57
176; 3
177; 3
178; 9
179; 9
180; 15
181; 36
182; 42
183; 42
184; 48
185; 48
186; 54
187; 54
188; 0
189; 0
190; 6
191; 6
192; 12
193; 12
194; 18
195; 18
196; 24
197; 24
198; 30
199; 30
200; 36
201; 33
202; 39
203; 39
204; 45
205; 45
206; 51
207; 51
208; 57
209; 57
210; 3
211; 3
212; 9
213; 9
214; 15
215; 15
216; 21
217; 21
218; 27
219; 27
220; 33
221; 57
222; 3
223; 3
224; 9
225; 9
226; 15
227; 15
228; 21
229; 21
230; 27
231; 27
232; 33
233; 33
234; 39
235; 39
236; 45
237; 45
238; 51
239; 51
240; 57
241; 30
242; 36
243; 36
244; 42
245; 42
246; 48
247; 48
248; 54
249; 54
250; 0
251; 0
252; 6
253; 6
254; 12
255; 12
256; 18
257; 18
258; 24
259; 24
260; 30
