# line-id; line-code; direction; stop-order; stop-id; frequency; arrival_time; departure_time; line-repetition
1; 1H; >; 1; 13; 1; 0; 0; 1
1; 1H; >; 2; 24; 1; 5; 5; 1
1; 1H; >; 3; 23; 1; 10; 10; 1
1; 1H; >; 4; 14; 1; 14; 14; 1
1; 1H; >; 5; 15; 1; 19; 19; 1
1; 1H; >; 6; 19; 1; 25; 25; 1
1; 1H; >; 7; 17; 1; 29; 29; 1
1; 1H; >; 8; 16; 1; 33; 33; 1
1; 1H; >; 9; 10; 1; 39; 39; 1
1; 1H; >; 10; 11; 1; 44; 44; 1
1; 1H; >; 11; 12; 1; 49; 49; 1
1; 1R; <; 1; 12; 1; 0; 0; 1
1; 1R; <; 2; 11; 1; 5; 5; 1
1; 1R; <; 3; 10; 1; 10; 10; 1
1; 1R; <; 4; 16; 1; 16; 16; 1
1; 1R; <; 5; 17; 1; 20; 20; 1
1; 1R; <; 6; 19; 1; 24; 24; 1
1; 1R; <; 7; 15; 1; 30; 30; 1
1; 1R; <; 8; 14; 1; 35; 35; 1
1; 1R; <; 9; 23; 1; 39; 39; 1
1; 1R; <; 10; 24; 1; 44; 44; 1
1; 1R; <; 11; 13; 1; 49; 49; 1
2; 2H; >; 1; 21; 1; 0; 0; 1
2; 2H; >; 2; 24; 1; 5; 5; 1
2; 2H; >; 3; 23; 1; 10; 10; 1
2; 2H; >; 4; 14; 1; 14; 14; 1
2; 2H; >; 5; 11; 1; 22; 22; 1
2; 2H; >; 6; 4; 1; 29; 29; 1
2; 2H; >; 7; 5; 1; 34; 34; 1
2; 2H; >; 8; 9; 1; 38; 38; 1
2; 2H; >; 9; 10; 1; 42; 42; 1
2; 2H; >; 10; 17; 1; 49; 49; 1
2; 2R; <; 1; 17; 1; 0; 0; 1
2; 2R; <; 2; 10; 1; 7; 7; 1
2; 2R; <; 3; 9; 1; 11; 11; 1
2; 2R; <; 4; 5; 1; 15; 15; 1
2; 2R; <; 5; 4; 1; 20; 20; 1
2; 2R; <; 6; 11; 1; 27; 27; 1
2; 2R; <; 7; 14; 1; 35; 35; 1
2; 2R; <; 8; 23; 1; 39; 39; 1
2; 2R; <; 9; 24; 1; 44; 44; 1
2; 2R; <; 10; 21; 1; 49; 49; 1
3; 3H; >; 1; 21; 1; 9; 9; 1
3; 3H; >; 2; 24; 1; 14; 14; 1
3; 3H; >; 3; 23; 1; 19; 19; 1
3; 3H; >; 4; 14; 1; 23; 23; 1
3; 3H; >; 5; 11; 1; 31; 31; 1
3; 3H; >; 6; 4; 1; 38; 38; 1
3; 3H; >; 7; 3; 1; 43; 43; 1
3; 3H; >; 8; 12; 1; 50; 50; 1
3; 3R; <; 1; 12; 1; 9; 9; 1
3; 3R; <; 2; 3; 1; 16; 16; 1
3; 3R; <; 3; 4; 1; 21; 21; 1
3; 3R; <; 4; 11; 1; 28; 28; 1
3; 3R; <; 5; 14; 1; 36; 36; 1
3; 3R; <; 6; 23; 1; 40; 40; 1
3; 3R; <; 7; 24; 1; 45; 45; 1
3; 3R; <; 8; 21; 1; 50; 50; 1
4; 4H; >; 1; 18; 1; 6; 6; 1
4; 4H; >; 2; 16; 1; 12; 12; 1
4; 4H; >; 3; 8; 1; 16; 16; 1
4; 4H; >; 4; 6; 1; 20; 20; 1
4; 4H; >; 5; 2; 1; 24; 24; 1
4; 4H; >; 6; 1; 1; 40; 40; 1
4; 4H; >; 7; 3; 1; 44; 44; 1
4; 4H; >; 8; 12; 1; 51; 51; 1
4; 4R; <; 1; 12; 1; 6; 6; 1
4; 4R; <; 2; 3; 1; 13; 13; 1
4; 4R; <; 3; 1; 1; 17; 17; 1
4; 4R; <; 4; 2; 1; 33; 33; 1
4; 4R; <; 5; 6; 1; 37; 37; 1
4; 4R; <; 6; 8; 1; 41; 41; 1
4; 4R; <; 7; 16; 1; 45; 45; 1
4; 4R; <; 8; 18; 1; 51; 51; 1
5; 5H; >; 1; 13; 1; 0; 0; 1
5; 5H; >; 2; 24; 1; 5; 5; 1
5; 5H; >; 3; 23; 1; 10; 10; 1
5; 5H; >; 4; 22; 1; 15; 15; 1
5; 5H; >; 5; 15; 1; 19; 19; 1
5; 5H; >; 6; 10; 1; 27; 27; 1
5; 5H; >; 7; 9; 1; 31; 31; 1
5; 5H; >; 8; 5; 1; 35; 35; 1
5; 5R; <; 1; 5; 1; 0; 0; 1
5; 5R; <; 2; 9; 1; 4; 4; 1
5; 5R; <; 3; 10; 1; 8; 8; 1
5; 5R; <; 4; 15; 1; 16; 16; 1
5; 5R; <; 5; 22; 1; 20; 20; 1
5; 5R; <; 6; 23; 1; 25; 25; 1
5; 5R; <; 7; 24; 1; 30; 30; 1
5; 5R; <; 8; 13; 1; 35; 35; 1
7; 7H; >; 1; 20; 1; 16; 16; 1
7; 7H; >; 2; 21; 1; 22; 22; 1
7; 7H; >; 3; 22; 1; 27; 27; 1
7; 7H; >; 4; 15; 1; 31; 31; 1
7; 7H; >; 5; 10; 1; 39; 39; 1
7; 7H; >; 6; 11; 1; 44; 44; 1
7; 7H; >; 7; 14; 1; 52; 52; 1
7; 7R; <; 1; 14; 1; 16; 16; 1
7; 7R; <; 2; 11; 1; 24; 24; 1
7; 7R; <; 3; 10; 1; 29; 29; 1
7; 7R; <; 4; 15; 1; 37; 37; 1
7; 7R; <; 5; 22; 1; 41; 41; 1
7; 7R; <; 6; 21; 1; 46; 46; 1
7; 7R; <; 7; 20; 1; 52; 52; 1
8; 8H; >; 1; 20; 1; 39; 39; 1
8; 8H; >; 2; 21; 1; 45; 45; 1
8; 8H; >; 3; 22; 1; 50; 50; 1
8; 8H; >; 4; 15; 1; 54; 54; 1
8; 8H; >; 5; 10; 1; 2; 2; 1
8; 8H; >; 6; 11; 1; 7; 7; 1
8; 8H; >; 7; 12; 1; 12; 12; 1
8; 8R; <; 1; 12; 1; 39; 39; 1
8; 8R; <; 2; 11; 1; 44; 44; 1
8; 8R; <; 3; 10; 1; 49; 49; 1
8; 8R; <; 4; 15; 1; 57; 57; 1
8; 8R; <; 5; 22; 1; 1; 1; 1
8; 8R; <; 6; 21; 1; 6; 6; 1
8; 8R; <; 7; 20; 1; 12; 12; 1
9; 9H; >; 1; 20; 1; 11; 11; 1
9; 9H; >; 2; 21; 1; 17; 17; 1
9; 9H; >; 3; 22; 1; 22; 22; 1
9; 9H; >; 4; 15; 1; 26; 26; 1
9; 9H; >; 5; 10; 1; 34; 34; 1
9; 9H; >; 6; 9; 1; 38; 38; 1
9; 9H; >; 7; 5; 1; 42; 42; 1
9; 9R; <; 1; 5; 1; 11; 11; 1
9; 9R; <; 2; 9; 1; 15; 15; 1
9; 9R; <; 3; 10; 1; 19; 19; 1
9; 9R; <; 4; 15; 1; 27; 27; 1
9; 9R; <; 5; 22; 1; 31; 31; 1
9; 9R; <; 6; 21; 1; 36; 36; 1
9; 9R; <; 7; 20; 1; 42; 42; 1
10; 10H; >; 1; 14; 2; 6; 6; 1
10; 10H; >; 2; 11; 2; 14; 14; 1
10; 10H; >; 3; 10; 2; 19; 19; 1
10; 10H; >; 4; 16; 2; 25; 25; 1
10; 10H; >; 5; 8; 2; 29; 29; 1
10; 10H; >; 6; 6; 2; 33; 33; 1
10; 10H; >; 7; 2; 2; 37; 37; 1
10; 10H; >; 1; 14; 2; 36; 36; 2
10; 10H; >; 2; 11; 2; 44; 44; 2
10; 10H; >; 3; 10; 2; 49; 49; 2
10; 10H; >; 4; 16; 2; 55; 55; 2
10; 10H; >; 5; 8; 2; 59; 59; 2
10; 10H; >; 6; 6; 2; 3; 3; 2
10; 10H; >; 7; 2; 2; 7; 7; 2
10; 10R; <; 1; 2; 2; 6; 6; 1
10; 10R; <; 2; 6; 2; 10; 10; 1
10; 10R; <; 3; 8; 2; 14; 14; 1
10; 10R; <; 4; 16; 2; 18; 18; 1
10; 10R; <; 5; 10; 2; 24; 24; 1
10; 10R; <; 6; 11; 2; 29; 29; 1
10; 10R; <; 7; 14; 2; 37; 37; 1
10; 10R; <; 1; 2; 2; 36; 36; 2
10; 10R; <; 2; 6; 2; 40; 40; 2
10; 10R; <; 3; 8; 2; 44; 44; 2
10; 10R; <; 4; 16; 2; 48; 48; 2
10; 10R; <; 5; 10; 2; 54; 54; 2
10; 10R; <; 6; 11; 2; 59; 59; 2
10; 10R; <; 7; 14; 2; 7; 7; 2
11; 11H; >; 1; 17; 1; 25; 25; 1
11; 11H; >; 2; 10; 1; 32; 32; 1
11; 11H; >; 3; 9; 1; 36; 36; 1
11; 11H; >; 4; 5; 1; 40; 40; 1
11; 11H; >; 5; 4; 1; 45; 45; 1
11; 11H; >; 6; 3; 1; 50; 50; 1
11; 11H; >; 7; 12; 1; 57; 57; 1
11; 11R; <; 1; 12; 1; 25; 25; 1
11; 11R; <; 2; 3; 1; 32; 32; 1
11; 11R; <; 3; 4; 1; 37; 37; 1
11; 11R; <; 4; 5; 1; 42; 42; 1
11; 11R; <; 5; 9; 1; 46; 46; 1
11; 11R; <; 6; 10; 1; 50; 50; 1
11; 11R; <; 7; 17; 1; 57; 57; 1
12; 12H; >; 1; 18; 1; 57; 57; 1
12; 12H; >; 2; 7; 1; 1; 1; 1
12; 12H; >; 3; 8; 1; 7; 7; 1
12; 12H; >; 4; 16; 1; 11; 11; 1
12; 12H; >; 5; 10; 1; 17; 17; 1
12; 12H; >; 6; 11; 1; 22; 22; 1
12; 12H; >; 7; 12; 1; 27; 27; 1
12; 12R; <; 1; 12; 1; 27; 27; 1
12; 12R; <; 2; 11; 1; 32; 32; 1
12; 12R; <; 3; 10; 1; 37; 37; 1
12; 12R; <; 4; 16; 1; 43; 43; 1
12; 12R; <; 5; 8; 1; 47; 47; 1
12; 12R; <; 6; 7; 1; 53; 53; 1
12; 12R; <; 7; 18; 1; 57; 57; 1
13; 13H; >; 1; 18; 1; 0; 0; 1
13; 13H; >; 2; 7; 1; 4; 4; 1
13; 13H; >; 3; 8; 1; 10; 10; 1
13; 13H; >; 4; 9; 1; 16; 16; 1
13; 13H; >; 5; 5; 1; 20; 20; 1
13; 13H; >; 6; 6; 1; 26; 26; 1
13; 13H; >; 7; 2; 1; 30; 30; 1
13; 13R; <; 1; 2; 1; 30; 30; 1
13; 13R; <; 2; 6; 1; 34; 34; 1
13; 13R; <; 3; 5; 1; 40; 40; 1
13; 13R; <; 4; 9; 1; 44; 44; 1
13; 13R; <; 5; 8; 1; 50; 50; 1
13; 13R; <; 6; 7; 1; 56; 56; 1
13; 13R; <; 7; 18; 1; 0; 0; 1
14; 14H; >; 1; 12; 1; 0; 0; 1
14; 14H; >; 2; 3; 1; 7; 7; 1
14; 14H; >; 3; 1; 1; 11; 11; 1
14; 14H; >; 4; 2; 1; 27; 27; 1
14; 14H; >; 5; 6; 1; 31; 31; 1
14; 14H; >; 6; 8; 1; 35; 35; 1
14; 14H; >; 7; 7; 1; 41; 41; 1
14; 14R; <; 1; 7; 1; 0; 0; 1
14; 14R; <; 2; 8; 1; 6; 6; 1
14; 14R; <; 3; 6; 1; 10; 10; 1
14; 14R; <; 4; 2; 1; 14; 14; 1
14; 14R; <; 5; 1; 1; 30; 30; 1
14; 14R; <; 6; 3; 1; 34; 34; 1
14; 14R; <; 7; 12; 1; 41; 41; 1
15; 15H; >; 1; 20; 1; 16; 16; 1
15; 15H; >; 2; 21; 1; 22; 22; 1
15; 15H; >; 3; 22; 1; 27; 27; 1
15; 15H; >; 4; 23; 1; 32; 32; 1
15; 15H; >; 5; 24; 1; 37; 37; 1
15; 15H; >; 6; 13; 1; 42; 42; 1
15; 15R; <; 1; 13; 1; 46; 46; 1
15; 15R; <; 2; 24; 1; 51; 51; 1
15; 15R; <; 3; 23; 1; 56; 56; 1
15; 15R; <; 4; 22; 1; 1; 1; 1
15; 15R; <; 5; 21; 1; 6; 6; 1
15; 15R; <; 6; 20; 1; 12; 12; 1
16; 16H; >; 1; 19; 1; 0; 0; 1
16; 16H; >; 2; 17; 1; 4; 4; 1
16; 16H; >; 3; 16; 1; 8; 8; 1
16; 16H; >; 4; 10; 1; 14; 14; 1
16; 16H; >; 5; 11; 1; 19; 19; 1
16; 16H; >; 6; 14; 1; 27; 27; 1
16; 16R; <; 1; 14; 1; 30; 30; 1
16; 16R; <; 2; 11; 1; 38; 38; 1
16; 16R; <; 3; 10; 1; 43; 43; 1
16; 16R; <; 4; 16; 1; 49; 49; 1
16; 16R; <; 5; 17; 1; 53; 53; 1
16; 16R; <; 6; 19; 1; 57; 57; 1
17; 17H; >; 1; 19; 1; 0; 0; 1
17; 17H; >; 2; 17; 1; 4; 4; 1
17; 17H; >; 3; 16; 1; 8; 8; 1
17; 17H; >; 4; 10; 1; 14; 14; 1
17; 17H; >; 5; 11; 1; 19; 19; 1
17; 17H; >; 6; 12; 1; 24; 24; 1
17; 17R; <; 1; 12; 1; 30; 30; 1
17; 17R; <; 2; 11; 1; 35; 35; 1
17; 17R; <; 3; 10; 1; 40; 40; 1
17; 17R; <; 4; 16; 1; 46; 46; 1
17; 17R; <; 5; 17; 1; 50; 50; 1
17; 17R; <; 6; 19; 1; 54; 54; 1
18; 18H; >; 1; 19; 1; 0; 0; 1
18; 18H; >; 2; 17; 1; 4; 4; 1
18; 18H; >; 3; 16; 1; 8; 8; 1
18; 18H; >; 4; 10; 1; 14; 14; 1
18; 18H; >; 5; 9; 1; 18; 18; 1
18; 18H; >; 6; 5; 1; 22; 22; 1
18; 18R; <; 1; 5; 1; 30; 30; 1
18; 18R; <; 2; 9; 1; 34; 34; 1
18; 18R; <; 3; 10; 1; 38; 38; 1
18; 18R; <; 4; 16; 1; 44; 44; 1
18; 18R; <; 5; 17; 1; 48; 48; 1
18; 18R; <; 6; 19; 1; 52; 52; 1
19; 19H; >; 1; 19; 1; 0; 0; 1
19; 19H; >; 2; 17; 1; 4; 4; 1
19; 19H; >; 3; 16; 1; 8; 8; 1
19; 19H; >; 4; 8; 1; 12; 12; 1
19; 19H; >; 5; 7; 1; 18; 18; 1
19; 19H; >; 6; 18; 1; 22; 22; 1
19; 19R; <; 1; 18; 1; 30; 30; 1
19; 19R; <; 2; 7; 1; 34; 34; 1
19; 19R; <; 3; 8; 1; 40; 40; 1
19; 19R; <; 4; 16; 1; 44; 44; 1
19; 19R; <; 5; 17; 1; 48; 48; 1
19; 19R; <; 6; 19; 1; 52; 52; 1
20; 20H; >; 1; 19; 1; 0; 0; 1
20; 20H; >; 2; 17; 1; 4; 4; 1
20; 20H; >; 3; 16; 1; 8; 8; 1
20; 20H; >; 4; 8; 1; 12; 12; 1
20; 20H; >; 5; 6; 1; 16; 16; 1
20; 20H; >; 6; 2; 1; 20; 20; 1
20; 20R; <; 1; 2; 1; 30; 30; 1
20; 20R; <; 2; 6; 1; 34; 34; 1
20; 20R; <; 3; 8; 1; 38; 38; 1
20; 20R; <; 4; 16; 1; 42; 42; 1
20; 20R; <; 5; 17; 1; 46; 46; 1
20; 20R; <; 6; 19; 1; 50; 50; 1
21; 21H; >; 1; 2; 1; 32; 32; 1
21; 21H; >; 2; 6; 1; 36; 36; 1
21; 21H; >; 3; 5; 1; 42; 42; 1
21; 21H; >; 4; 4; 1; 47; 47; 1
21; 21H; >; 5; 3; 1; 52; 52; 1
21; 21H; >; 6; 1; 1; 56; 56; 1
21; 21R; <; 1; 1; 1; 2; 2; 1
21; 21R; <; 2; 3; 1; 6; 6; 1
21; 21R; <; 3; 4; 1; 11; 11; 1
21; 21R; <; 4; 5; 1; 16; 16; 1
21; 21R; <; 5; 6; 1; 22; 22; 1
21; 21R; <; 6; 2; 1; 26; 26; 1
22; 22H; >; 1; 20; 1; 0; 0; 1
22; 22H; >; 2; 22; 1; 8; 8; 1
22; 22H; >; 3; 23; 1; 13; 13; 1
22; 22H; >; 4; 24; 1; 18; 18; 1
22; 22H; >; 5; 13; 1; 23; 23; 1
22; 22R; <; 1; 13; 1; 30; 30; 1
22; 22R; <; 2; 24; 1; 35; 35; 1
22; 22R; <; 3; 23; 1; 40; 40; 1
22; 22R; <; 4; 22; 1; 45; 45; 1
22; 22R; <; 5; 20; 1; 53; 53; 1
24; 24H; >; 1; 14; 1; 0; 0; 1
24; 24H; >; 2; 11; 1; 8; 8; 1
24; 24H; >; 3; 10; 1; 13; 13; 1
24; 24H; >; 4; 9; 1; 17; 17; 1
24; 24H; >; 5; 5; 1; 21; 21; 1
24; 24R; <; 1; 5; 1; 30; 30; 1
24; 24R; <; 2; 9; 1; 34; 34; 1
24; 24R; <; 3; 10; 1; 38; 38; 1
24; 24R; <; 4; 11; 1; 43; 43; 1
24; 24R; <; 5; 14; 1; 51; 51; 1
25; 25H; >; 1; 14; 1; 0; 0; 1
25; 25H; >; 2; 11; 1; 8; 8; 1
25; 25H; >; 3; 4; 1; 15; 15; 1
25; 25H; >; 4; 3; 1; 20; 20; 1
25; 25H; >; 5; 1; 1; 24; 24; 1
25; 25R; <; 1; 1; 1; 30; 30; 1
25; 25R; <; 2; 3; 1; 34; 34; 1
25; 25R; <; 3; 4; 1; 39; 39; 1
25; 25R; <; 4; 11; 1; 46; 46; 1
25; 25R; <; 5; 14; 1; 54; 54; 1
26; 26H; >; 1; 12; 1; 0; 0; 1
26; 26H; >; 2; 11; 1; 5; 5; 1
26; 26H; >; 3; 10; 1; 10; 10; 1
26; 26H; >; 4; 9; 1; 14; 14; 1
26; 26H; >; 5; 5; 1; 18; 18; 1
26; 26R; <; 1; 5; 1; 30; 30; 1
26; 26R; <; 2; 9; 1; 34; 34; 1
26; 26R; <; 3; 10; 1; 38; 38; 1
26; 26R; <; 4; 11; 1; 43; 43; 1
26; 26R; <; 5; 12; 1; 48; 48; 1
28; 28H; >; 1; 18; 1; 0; 0; 1
28; 28H; >; 2; 7; 1; 4; 4; 1
28; 28H; >; 3; 8; 1; 10; 10; 1
28; 28H; >; 4; 6; 1; 14; 14; 1
28; 28H; >; 5; 2; 1; 18; 18; 1
28; 28R; <; 1; 2; 1; 30; 30; 1
28; 28R; <; 2; 6; 1; 34; 34; 1
28; 28R; <; 3; 8; 1; 38; 38; 1
28; 28R; <; 4; 7; 1; 44; 44; 1
28; 28R; <; 5; 18; 1; 48; 48; 1
29; 29H; >; 1; 18; 2; 9; 9; 1
29; 29H; >; 2; 16; 2; 15; 15; 1
29; 29H; >; 3; 8; 2; 19; 19; 1
29; 29H; >; 4; 7; 2; 25; 25; 1
29; 29H; >; 1; 18; 2; 39; 39; 2
29; 29H; >; 2; 16; 2; 45; 45; 2
29; 29H; >; 3; 8; 2; 49; 49; 2
29; 29H; >; 4; 7; 2; 55; 55; 2
29; 29R; <; 1; 7; 2; 39; 39; 1
29; 29R; <; 2; 8; 2; 45; 45; 1
29; 29R; <; 3; 16; 2; 49; 49; 1
29; 29R; <; 4; 18; 2; 55; 55; 1
29; 29R; <; 1; 7; 2; 9; 9; 2
29; 29R; <; 2; 8; 2; 15; 15; 2
29; 29R; <; 3; 16; 2; 19; 19; 2
29; 29R; <; 4; 18; 2; 25; 25; 2
30; 30H; >; 1; 22; 1; 0; 0; 1
30; 30H; >; 2; 15; 1; 4; 4; 1
30; 30H; >; 3; 19; 1; 10; 10; 1
30; 30H; >; 4; 20; 1; 18; 18; 1
30; 30R; <; 1; 20; 1; 30; 30; 1
30; 30R; <; 2; 19; 1; 38; 38; 1
30; 30R; <; 3; 15; 1; 44; 44; 1
30; 30R; <; 4; 22; 1; 48; 48; 1
31; 31H; >; 1; 22; 1; 0; 0; 1
31; 31H; >; 2; 15; 1; 4; 4; 1
31; 31H; >; 3; 10; 1; 12; 12; 1
31; 31H; >; 4; 17; 1; 19; 19; 1
31; 31R; <; 1; 17; 1; 30; 30; 1
31; 31R; <; 2; 10; 1; 37; 37; 1
31; 31R; <; 3; 15; 1; 45; 45; 1
31; 31R; <; 4; 22; 1; 49; 49; 1
32; 32H; >; 1; 6; 1; 0; 0; 1
32; 32H; >; 2; 8; 1; 4; 4; 1
32; 32H; >; 3; 16; 1; 8; 8; 1
32; 32H; >; 4; 17; 1; 12; 12; 1
32; 32R; <; 1; 17; 1; 30; 30; 1
32; 32R; <; 2; 16; 1; 34; 34; 1
32; 32R; <; 3; 8; 1; 38; 38; 1
32; 32R; <; 4; 6; 1; 42; 42; 1
33; 33H; >; 1; 2; 1; 0; 0; 1
33; 33H; >; 2; 6; 1; 4; 4; 1
33; 33H; >; 3; 8; 1; 8; 8; 1
33; 33H; >; 4; 16; 1; 12; 12; 1
33; 33R; <; 1; 16; 1; 30; 30; 1
33; 33R; <; 2; 8; 1; 34; 34; 1
33; 33R; <; 3; 6; 1; 38; 38; 1
33; 33R; <; 4; 2; 1; 42; 42; 1
34; 34H; >; 1; 1; 1; 0; 0; 1
34; 34H; >; 2; 3; 1; 4; 4; 1
34; 34H; >; 3; 12; 1; 11; 11; 1
34; 34H; >; 4; 11; 1; 16; 16; 1
34; 34R; <; 1; 11; 1; 30; 30; 1
34; 34R; <; 2; 12; 1; 35; 35; 1
34; 34R; <; 3; 3; 1; 42; 42; 1
34; 34R; <; 4; 1; 1; 46; 46; 1
35; 35H; >; 1; 21; 1; 0; 0; 1
35; 35H; >; 2; 24; 1; 5; 5; 1
35; 35H; >; 3; 13; 1; 10; 10; 1
35; 35R; <; 1; 13; 1; 30; 30; 1
35; 35R; <; 2; 24; 1; 35; 35; 1
35; 35R; <; 3; 21; 1; 40; 40; 1
37; 37H; >; 1; 21; 1; 0; 0; 1
37; 37H; >; 2; 22; 1; 5; 5; 1
37; 37H; >; 3; 20; 1; 13; 13; 1
37; 37R; <; 1; 20; 1; 30; 30; 1
37; 37R; <; 2; 22; 1; 38; 38; 1
37; 37R; <; 3; 21; 1; 43; 43; 1
38; 38H; >; 1; 14; 1; 0; 0; 1
38; 38H; >; 2; 15; 1; 5; 5; 1
38; 38H; >; 3; 22; 1; 9; 9; 1
38; 38R; <; 1; 22; 1; 30; 30; 1
38; 38R; <; 2; 15; 1; 34; 34; 1
38; 38R; <; 3; 14; 1; 39; 39; 1
39; 39H; >; 1; 14; 1; 0; 0; 1
39; 39H; >; 2; 11; 1; 8; 8; 1
39; 39H; >; 3; 12; 1; 13; 13; 1
39; 39R; <; 1; 12; 1; 30; 30; 1
39; 39R; <; 2; 11; 1; 35; 35; 1
39; 39R; <; 3; 14; 1; 43; 43; 1
41; 41H; >; 1; 6; 1; 0; 0; 1
41; 41H; >; 2; 8; 1; 4; 4; 1
41; 41H; >; 3; 16; 1; 8; 8; 1
41; 41R; <; 1; 16; 1; 30; 30; 1
41; 41R; <; 2; 8; 1; 34; 34; 1
41; 41R; <; 3; 6; 1; 38; 38; 1
44; 44H; >; 1; 19; 3; 42; 42; 1
44; 44H; >; 2; 20; 3; 50; 50; 1
44; 44H; >; 1; 19; 3; 2; 2; 2
44; 44H; >; 2; 20; 3; 10; 10; 2
44; 44H; >; 1; 19; 3; 22; 22; 3
44; 44H; >; 2; 20; 3; 30; 30; 3
44; 44R; <; 1; 20; 3; 12; 12; 1
44; 44R; <; 2; 19; 3; 20; 20; 1
44; 44R; <; 1; 20; 3; 32; 32; 2
44; 44R; <; 2; 19; 3; 40; 40; 2
44; 44R; <; 1; 20; 3; 52; 52; 3
44; 44R; <; 2; 19; 3; 0; 0; 3
47; 47H; >; 1; 14; 2; 40; 40; 1
47; 47H; >; 2; 23; 2; 44; 44; 1
47; 47H; >; 1; 14; 2; 10; 10; 2
47; 47H; >; 2; 23; 2; 14; 14; 2
47; 47R; <; 1; 23; 2; 10; 10; 1
47; 47R; <; 2; 14; 2; 14; 14; 1
47; 47R; <; 1; 23; 2; 40; 40; 2
47; 47R; <; 2; 14; 2; 44; 44; 2
49; 49H; >; 1; 11; 1; 0; 0; 1
49; 49H; >; 2; 12; 1; 5; 5; 1
49; 49R; <; 1; 12; 1; 30; 30; 1
49; 49R; <; 2; 11; 1; 35; 35; 1
51; 51H; >; 1; 10; 1; 0; 0; 1
51; 51H; >; 2; 16; 1; 6; 6; 1
51; 51R; <; 1; 16; 1; 30; 30; 1
51; 51R; <; 2; 10; 1; 36; 36; 1
52; 52H; >; 1; 10; 1; 0; 0; 1
52; 52H; >; 2; 11; 1; 5; 5; 1
52; 52R; <; 1; 11; 1; 30; 30; 1
52; 52R; <; 2; 10; 1; 35; 35; 1
54; 54H; >; 1; 2; 2; 45; 45; 1
54; 54H; >; 2; 6; 2; 49; 49; 1
54; 54H; >; 3; 8; 2; 53; 53; 1
54; 54H; >; 4; 16; 2; 57; 57; 1
54; 54H; >; 5; 17; 2; 1; 1; 1
54; 54H; >; 6; 19; 2; 5; 5; 1
54; 54H; >; 7; 20; 2; 13; 13; 1
54; 54H; >; 1; 2; 2; 15; 15; 2
54; 54H; >; 2; 6; 2; 19; 19; 2
54; 54H; >; 3; 8; 2; 23; 23; 2
54; 54H; >; 4; 16; 2; 27; 27; 2
54; 54H; >; 5; 17; 2; 31; 31; 2
54; 54H; >; 6; 19; 2; 35; 35; 2
54; 54H; >; 7; 20; 2; 43; 43; 2
54; 54R; <; 1; 20; 2; 15; 15; 1
54; 54R; <; 2; 19; 2; 23; 23; 1
54; 54R; <; 3; 17; 2; 27; 27; 1
54; 54R; <; 4; 16; 2; 31; 31; 1
54; 54R; <; 5; 8; 2; 35; 35; 1
54; 54R; <; 6; 6; 2; 39; 39; 1
54; 54R; <; 7; 2; 2; 43; 43; 1
54; 54R; <; 1; 20; 2; 45; 45; 2
54; 54R; <; 2; 19; 2; 53; 53; 2
54; 54R; <; 3; 17; 2; 57; 57; 2
54; 54R; <; 4; 16; 2; 1; 1; 2
54; 54R; <; 5; 8; 2; 5; 5; 2
54; 54R; <; 6; 6; 2; 9; 9; 2
54; 54R; <; 7; 2; 2; 13; 13; 2
55; 55H; >; 1; 23; 2; 8; 8; 1
55; 55H; >; 2; 22; 2; 13; 13; 1
55; 55H; >; 3; 15; 2; 17; 17; 1
55; 55H; >; 4; 19; 2; 23; 23; 1
55; 55H; >; 5; 17; 2; 27; 27; 1
55; 55H; >; 6; 16; 2; 31; 31; 1
55; 55H; >; 7; 8; 2; 35; 35; 1
55; 55H; >; 8; 7; 2; 41; 41; 1
55; 55H; >; 1; 23; 2; 38; 38; 2
55; 55H; >; 2; 22; 2; 43; 43; 2
55; 55H; >; 3; 15; 2; 47; 47; 2
55; 55H; >; 4; 19; 2; 53; 53; 2
55; 55H; >; 5; 17; 2; 57; 57; 2
55; 55H; >; 6; 16; 2; 1; 1; 2
55; 55H; >; 7; 8; 2; 5; 5; 2
55; 55H; >; 8; 7; 2; 11; 11; 2
55; 55R; <; 1; 7; 2; 8; 8; 1
55; 55R; <; 2; 8; 2; 14; 14; 1
55; 55R; <; 3; 16; 2; 18; 18; 1
55; 55R; <; 4; 17; 2; 22; 22; 1
55; 55R; <; 5; 19; 2; 26; 26; 1
55; 55R; <; 6; 15; 2; 32; 32; 1
55; 55R; <; 7; 22; 2; 36; 36; 1
55; 55R; <; 8; 23; 2; 41; 41; 1
55; 55R; <; 1; 7; 2; 38; 38; 2
55; 55R; <; 2; 8; 2; 44; 44; 2
55; 55R; <; 3; 16; 2; 48; 48; 2
55; 55R; <; 4; 17; 2; 52; 52; 2
55; 55R; <; 5; 19; 2; 56; 56; 2
55; 55R; <; 6; 15; 2; 2; 2; 2
55; 55R; <; 7; 22; 2; 6; 6; 2
55; 55R; <; 8; 23; 2; 11; 11; 2
56; 56H; >; 1; 6; 2; 13; 13; 1
56; 56H; >; 2; 5; 2; 19; 19; 1
56; 56H; >; 3; 9; 2; 23; 23; 1
56; 56H; >; 4; 10; 2; 27; 27; 1
56; 56H; >; 5; 15; 2; 35; 35; 1
56; 56H; >; 6; 22; 2; 39; 39; 1
56; 56H; >; 7; 23; 2; 44; 44; 1
56; 56H; >; 1; 6; 2; 43; 43; 2
56; 56H; >; 2; 5; 2; 49; 49; 2
56; 56H; >; 3; 9; 2; 53; 53; 2
56; 56H; >; 4; 10; 2; 57; 57; 2
56; 56H; >; 5; 15; 2; 5; 5; 2
56; 56H; >; 6; 22; 2; 9; 9; 2
56; 56H; >; 7; 23; 2; 14; 14; 2
56; 56R; <; 1; 23; 2; 13; 13; 1
56; 56R; <; 2; 22; 2; 18; 18; 1
56; 56R; <; 3; 15; 2; 22; 22; 1
56; 56R; <; 4; 10; 2; 30; 30; 1
56; 56R; <; 5; 9; 2; 34; 34; 1
56; 56R; <; 6; 5; 2; 38; 38; 1
56; 56R; <; 7; 6; 2; 44; 44; 1
56; 56R; <; 1; 23; 2; 43; 43; 2
56; 56R; <; 2; 22; 2; 48; 48; 2
56; 56R; <; 3; 15; 2; 52; 52; 2
56; 56R; <; 4; 10; 2; 0; 0; 2
56; 56R; <; 5; 9; 2; 4; 4; 2
56; 56R; <; 6; 5; 2; 8; 8; 2
56; 56R; <; 7; 6; 2; 14; 14; 2
57; 57H; >; 1; 12; 1; 5; 5; 1
57; 57H; >; 2; 11; 1; 10; 10; 1
57; 57H; >; 3; 10; 1; 15; 15; 1
57; 57H; >; 4; 16; 1; 21; 21; 1
57; 57H; >; 5; 18; 1; 27; 27; 1
57; 57R; <; 1; 18; 1; 35; 35; 1
57; 57R; <; 2; 16; 1; 41; 41; 1
57; 57R; <; 3; 10; 1; 47; 47; 1
57; 57R; <; 4; 11; 1; 52; 52; 1
57; 57R; <; 5; 12; 1; 57; 57; 1
58; 58H; >; 1; 1; 2; 25; 25; 1
58; 58H; >; 2; 3; 2; 29; 29; 1
58; 58H; >; 3; 4; 2; 34; 34; 1
58; 58H; >; 4; 11; 2; 41; 41; 1
58; 58H; >; 1; 1; 2; 55; 55; 2
58; 58H; >; 2; 3; 2; 59; 59; 2
58; 58H; >; 3; 4; 2; 4; 4; 2
58; 58H; >; 4; 11; 2; 11; 11; 2
58; 58R; <; 1; 11; 2; 55; 55; 1
58; 58R; <; 2; 4; 2; 2; 2; 1
58; 58R; <; 3; 3; 2; 7; 7; 1
58; 58R; <; 4; 1; 2; 11; 11; 1
58; 58R; <; 1; 11; 2; 25; 25; 2
58; 58R; <; 2; 4; 2; 32; 32; 2
58; 58R; <; 3; 3; 2; 37; 37; 2
58; 58R; <; 4; 1; 2; 41; 41; 2
59; 59H; >; 1; 16; 1; 0; 0; 1
59; 59H; >; 2; 10; 1; 6; 6; 1
59; 59H; >; 3; 11; 1; 11; 11; 1
59; 59H; >; 4; 14; 1; 19; 19; 1
59; 59H; >; 5; 23; 1; 23; 23; 1
59; 59H; >; 6; 24; 1; 28; 28; 1
59; 59H; >; 7; 13; 1; 33; 33; 1
59; 59R; <; 1; 13; 1; 0; 0; 1
59; 59R; <; 2; 24; 1; 5; 5; 1
59; 59R; <; 3; 23; 1; 10; 10; 1
59; 59R; <; 4; 14; 1; 14; 14; 1
59; 59R; <; 5; 11; 1; 22; 22; 1
59; 59R; <; 6; 10; 1; 27; 27; 1
59; 59R; <; 7; 16; 1; 33; 33; 1
60; 60H; >; 1; 11; 1; 44; 44; 1
60; 60H; >; 2; 14; 1; 52; 52; 1
60; 60H; >; 3; 23; 1; 56; 56; 1
60; 60H; >; 4; 24; 1; 1; 1; 1
60; 60H; >; 5; 21; 1; 6; 6; 1
60; 60H; >; 6; 20; 1; 12; 12; 1
60; 60R; <; 1; 20; 1; 14; 14; 1
60; 60R; <; 2; 21; 1; 20; 20; 1
60; 60R; <; 3; 24; 1; 25; 25; 1
60; 60R; <; 4; 23; 1; 30; 30; 1
60; 60R; <; 5; 14; 1; 34; 34; 1
60; 60R; <; 6; 11; 1; 42; 42; 1
