#event-id; time
1; 0
2; 5
3; 5
4; 10
5; 10
6; 14
7; 14
8; 19
9; 19
10; 25
11; 25
12; 29
13; 29
14; 33
15; 33
16; 39
17; 39
18; 44
19; 44
20; 49
21; 0
22; 5
23; 5
24; 10
25; 10
26; 16
27; 16
28; 20
29; 20
30; 24
31; 24
32; 30
33; 30
34; 35
35; 35
36; 39
37; 39
38; 44
39; 44
40; 49
41; 0
42; 5
43; 5
44; 10
45; 10
46; 14
47; 14
48; 22
49; 22
50; 29
51; 29
52; 34
53; 34
54; 38
55; 38
56; 42
57; 42
58; 49
59; 0
60; 7
61; 7
62; 11
63; 11
64; 15
65; 15
66; 20
67; 20
68; 27
69; 27
70; 35
71; 35
72; 39
73; 39
74; 44
75; 44
76; 49
77; 9
78; 14
79; 14
80; 19
81; 19
82; 23
83; 23
84; 31
85; 31
86; 38
87; 38
88; 43
89; 43
90; 50
91; 9
92; 16
93; 16
94; 21
95; 21
96; 28
97; 28
98; 36
99; 36
100; 40
101; 40
102; 45
103; 45
104; 50
105; 6
106; 12
107; 12
108; 16
109; 16
110; 20
111; 20
112; 24
113; 24
114; 40
115; 40
116; 44
117; 44
118; 51
119; 6
120; 13
121; 13
122; 17
123; 17
124; 33
125; 33
126; 37
127; 37
128; 41
129; 41
130; 45
131; 45
132; 51
133; 0
134; 5
135; 5
136; 10
137; 10
138; 15
139; 15
140; 19
141; 19
142; 27
143; 27
144; 31
145; 31
146; 35
147; 0
148; 4
149; 4
150; 8
151; 8
152; 16
153; 16
154; 20
155; 20
156; 25
157; 25
158; 30
159; 30
160; 35
161; 16
162; 22
163; 22
164; 27
165; 27
166; 31
167; 31
168; 39
169; 39
170; 44
171; 44
172; 52
173; 16
174; 24
175; 24
176; 29
177; 29
178; 37
179; 37
180; 41
181; 41
182; 46
183; 46
184; 52
185; 39
186; 45
187; 45
188; 50
189; 50
190; 54
191; 54
192; 2
193; 2
194; 7
195; 7
196; 12
197; 39
198; 44
199; 44
200; 49
201; 49
202; 57
203; 57
204; 1
205; 1
206; 6
207; 6
208; 12
209; 11
210; 17
211; 17
212; 22
213; 22
214; 26
215; 26
216; 34
217; 34
218; 38
219; 38
220; 42
221; 11
222; 15
223; 15
224; 19
225; 19
226; 27
227; 27
228; 31
229; 31
230; 36
231; 36
232; 42
233; 6
234; 14
235; 14
236; 19
237; 19
238; 25
239; 25
240; 29
241; 29
242; 33
243; 33
244; 37
245; 36
246; 44
247; 44
248; 49
249; 49
250; 55
251; 55
252; 59
253; 59
254; 3
255; 3
256; 7
257; 6
258; 10
259; 10
260; 14
261; 14
262; 18
263; 18
264; 24
265; 24
266; 29
267; 29
268; 37
269; 36
270; 40
271; 40
272; 44
273; 44
274; 48
275; 48
276; 54
277; 54
278; 59
279; 59
280; 7
281; 25
282; 32
283; 32
284; 36
285; 36
286; 40
287; 40
288; 45
289; 45
290; 50
291; 50
292; 57
293; 25
294; 32
295; 32
296; 37
297; 37
298; 42
299; 42
300; 46
301; 46
302; 50
303; 50
304; 57
305; 57
306; 1
307; 1
308; 7
309; 7
310; 11
311; 11
312; 17
313; 17
314; 22
315; 22
316; 27
317; 27
318; 32
319; 32
320; 37
321; 37
322; 43
323; 43
324; 47
325; 47
326; 53
327; 53
328; 57
329; 0
330; 4
331; 4
332; 10
333; 10
334; 16
335; 16
336; 20
337; 20
338; 26
339; 26
340; 30
341; 30
342; 34
343; 34
344; 40
345; 40
346; 44
347; 44
348; 50
349; 50
350; 56
351; 56
352; 0
353; 0
354; 7
355; 7
356; 11
357; 11
358; 27
359; 27
360; 31
361; 31
362; 35
363; 35
364; 41
365; 0
366; 6
367; 6
368; 10
369; 10
370; 14
371; 14
372; 30
373; 30
374; 34
375; 34
376; 41
377; 16
378; 22
379; 22
380; 27
381; 27
382; 32
383; 32
384; 37
385; 37
386; 42
387; 46
388; 51
389; 51
390; 56
391; 56
392; 1
393; 1
394; 6
395; 6
396; 12
397; 0
398; 4
399; 4
400; 8
401; 8
402; 14
403; 14
404; 19
405; 19
406; 27
407; 30
408; 38
409; 38
410; 43
411; 43
412; 49
413; 49
414; 53
415; 53
416; 57
417; 0
418; 4
419; 4
420; 8
421; 8
422; 14
423; 14
424; 19
425; 19
426; 24
427; 30
428; 35
429; 35
430; 40
431; 40
432; 46
433; 46
434; 50
435; 50
436; 54
437; 0
438; 4
439; 4
440; 8
441; 8
442; 14
443; 14
444; 18
445; 18
446; 22
447; 30
448; 34
449; 34
450; 38
451; 38
452; 44
453; 44
454; 48
455; 48
456; 52
457; 0
458; 4
459; 4
460; 8
461; 8
462; 12
463; 12
464; 18
465; 18
466; 22
467; 30
468; 34
469; 34
470; 40
471; 40
472; 44
473; 44
474; 48
475; 48
476; 52
477; 0
478; 4
479; 4
480; 8
481; 8
482; 12
483; 12
484; 16
485; 16
486; 20
487; 30
488; 34
489; 34
490; 38
491; 38
492; 42
493; 42
494; 46
495; 46
496; 50
497; 32
498; 36
499; 36
500; 42
501; 42
502; 47
503; 47
504; 52
505; 52
506; 56
507; 2
508; 6
509; 6
510; 11
511; 11
512; 16
513; 16
514; 22
515; 22
516; 26
517; 0
518; 8
519; 8
520; 13
521; 13
522; 18
523; 18
524; 23
525; 30
526; 35
527; 35
528; 40
529; 40
530; 45
531; 45
532; 53
533; 0
534; 8
535; 8
536; 13
537; 13
538; 17
539; 17
540; 21
541; 30
542; 34
543; 34
544; 38
545; 38
546; 43
547; 43
548; 51
549; 0
550; 8
551; 8
552; 15
553; 15
554; 20
555; 20
556; 24
557; 30
558; 34
559; 34
560; 39
561; 39
562; 46
563; 46
564; 54
565; 0
566; 5
567; 5
568; 10
569; 10
570; 14
571; 14
572; 18
573; 30
574; 34
575; 34
576; 38
577; 38
578; 43
579; 43
580; 48
581; 0
582; 4
583; 4
584; 10
585; 10
586; 14
587; 14
588; 18
589; 30
590; 34
591; 34
592; 38
593; 38
594; 44
595; 44
596; 48
597; 9
598; 15
599; 15
600; 19
601; 19
602; 25
603; 39
604; 45
605; 45
606; 49
607; 49
608; 55
609; 39
610; 45
611; 45
612; 49
613; 49
614; 55
615; 9
616; 15
617; 15
618; 19
619; 19
620; 25
621; 0
622; 4
623; 4
624; 10
625; 10
626; 18
627; 30
628; 38
629; 38
630; 44
631; 44
632; 48
633; 0
634; 4
635; 4
636; 12
637; 12
638; 19
639; 30
640; 37
641; 37
642; 45
643; 45
644; 49
645; 0
646; 4
647; 4
648; 8
649; 8
650; 12
651; 30
652; 34
653; 34
654; 38
655; 38
656; 42
657; 0
658; 4
659; 4
660; 8
661; 8
662; 12
663; 30
664; 34
665; 34
666; 38
667; 38
668; 42
669; 0
670; 4
671; 4
672; 11
673; 11
674; 16
675; 30
676; 35
677; 35
678; 42
679; 42
680; 46
681; 0
682; 5
683; 5
684; 10
685; 30
686; 35
687; 35
688; 40
689; 0
690; 5
691; 5
692; 13
693; 30
694; 38
695; 38
696; 43
697; 0
698; 5
699; 5
700; 9
701; 30
702; 34
703; 34
704; 39
705; 0
706; 8
707; 8
708; 13
709; 30
710; 35
711; 35
712; 43
713; 0
714; 4
715; 4
716; 8
717; 30
718; 34
719; 34
720; 38
721; 42
722; 50
723; 2
724; 10
725; 22
726; 30
727; 12
728; 20
729; 32
730; 40
731; 52
732; 0
733; 40
734; 44
735; 10
736; 14
737; 10
738; 14
739; 40
740; 44
741; 0
742; 5
743; 30
744; 35
745; 0
746; 6
747; 30
748; 36
749; 0
750; 5
751; 30
752; 35
753; 45
754; 49
755; 49
756; 53
757; 53
758; 57
759; 57
760; 1
761; 1
762; 5
763; 5
764; 13
765; 15
766; 19
767; 19
768; 23
769; 23
770; 27
771; 27
772; 31
773; 31
774; 35
775; 35
776; 43
777; 15
778; 23
779; 23
780; 27
781; 27
782; 31
783; 31
784; 35
785; 35
786; 39
787; 39
788; 43
789; 45
790; 53
791; 53
792; 57
793; 57
794; 1
795; 1
796; 5
797; 5
798; 9
799; 9
800; 13
801; 8
802; 13
803; 13
804; 17
805; 17
806; 23
807; 23
808; 27
809; 27
810; 31
811; 31
812; 35
813; 35
814; 41
815; 38
816; 43
817; 43
818; 47
819; 47
820; 53
821; 53
822; 57
823; 57
824; 1
825; 1
826; 5
827; 5
828; 11
829; 8
830; 14
831; 14
832; 18
833; 18
834; 22
835; 22
836; 26
837; 26
838; 32
839; 32
840; 36
841; 36
842; 41
843; 38
844; 44
845; 44
846; 48
847; 48
848; 52
849; 52
850; 56
851; 56
852; 2
853; 2
854; 6
855; 6
856; 11
857; 13
858; 19
859; 19
860; 23
861; 23
862; 27
863; 27
864; 35
865; 35
866; 39
867; 39
868; 44
869; 43
870; 49
871; 49
872; 53
873; 53
874; 57
875; 57
876; 5
877; 5
878; 9
879; 9
880; 14
881; 13
882; 18
883; 18
884; 22
885; 22
886; 30
887; 30
888; 34
889; 34
890; 38
891; 38
892; 44
893; 43
894; 48
895; 48
896; 52
897; 52
898; 0
899; 0
900; 4
901; 4
902; 8
903; 8
904; 14
905; 5
906; 10
907; 10
908; 15
909; 15
910; 21
911; 21
912; 27
913; 35
914; 41
915; 41
916; 47
917; 47
918; 52
919; 52
920; 57
921; 25
922; 29
923; 29
924; 34
925; 34
926; 41
927; 55
928; 59
929; 59
930; 4
931; 4
932; 11
933; 55
934; 2
935; 2
936; 7
937; 7
938; 11
939; 25
940; 32
941; 32
942; 37
943; 37
944; 41
945; 0
946; 6
947; 6
948; 11
949; 11
950; 19
951; 19
952; 23
953; 23
954; 28
955; 28
956; 33
957; 0
958; 5
959; 5
960; 10
961; 10
962; 14
963; 14
964; 22
965; 22
966; 27
967; 27
968; 33
969; 44
970; 52
971; 52
972; 56
973; 56
974; 1
975; 1
976; 6
977; 6
978; 12
979; 14
980; 20
981; 20
982; 25
983; 25
984; 30
985; 30
986; 34
987; 34
988; 42
