#event-id; time
1; 0
2; 6
3; 6
4; 12
5; 12
6; 18
7; 18
8; 24
9; 24
10; 30
11; 30
12; 36
13; 36
14; 42
15; 42
16; 48
17; 0
18; 6
19; 6
20; 12
21; 12
22; 18
23; 18
24; 24
25; 24
26; 30
27; 30
28; 36
29; 36
30; 42
31; 42
32; 48
33; 21
34; 27
35; 27
36; 33
37; 33
38; 39
39; 39
40; 45
41; 45
42; 51
43; 51
44; 57
45; 57
46; 3
47; 3
48; 9
49; 21
50; 27
51; 27
52; 33
53; 33
54; 39
55; 39
56; 45
57; 45
58; 51
59; 51
60; 57
61; 57
62; 3
63; 3
64; 9
65; 18
66; 24
67; 24
68; 30
69; 30
70; 36
71; 36
72; 42
73; 42
74; 48
75; 48
76; 54
77; 54
78; 0
79; 18
80; 24
81; 24
82; 30
83; 30
84; 36
85; 36
86; 42
87; 42
88; 48
89; 48
90; 54
91; 54
92; 0
93; 36
94; 42
95; 42
96; 48
97; 48
98; 54
99; 54
100; 0
101; 0
102; 6
103; 6
104; 12
105; 36
106; 42
107; 42
108; 48
109; 48
110; 54
111; 54
112; 0
113; 0
114; 6
115; 6
116; 12
117; 54
118; 0
119; 0
120; 6
121; 6
122; 12
123; 12
124; 18
125; 18
126; 24
127; 24
128; 30
129; 54
130; 0
131; 0
132; 6
133; 6
134; 12
135; 12
136; 18
137; 18
138; 24
139; 24
140; 30
141; 39
142; 45
143; 45
144; 51
145; 51
146; 57
147; 57
148; 3
149; 3
150; 9
151; 9
152; 15
153; 39
154; 45
155; 45
156; 51
157; 51
158; 57
159; 57
160; 3
161; 3
162; 9
163; 9
164; 15
165; 36
166; 42
167; 42
168; 48
169; 48
170; 54
171; 54
172; 0
173; 0
174; 6
175; 6
176; 12
177; 12
178; 18
179; 18
180; 24
181; 24
182; 30
183; 30
184; 36
185; 57
186; 3
187; 3
188; 9
189; 9
190; 15
191; 15
192; 21
193; 21
194; 27
195; 27
196; 33
197; 33
198; 39
199; 39
200; 45
201; 45
202; 51
203; 51
204; 57
205; 0
206; 6
207; 6
208; 12
209; 12
210; 18
211; 18
212; 24
213; 24
214; 30
215; 30
216; 36
217; 36
218; 42
219; 42
220; 48
221; 48
222; 54
223; 54
224; 0
225; 15
226; 21
227; 21
228; 27
229; 27
230; 33
231; 33
232; 39
233; 45
234; 51
235; 51
236; 57
237; 57
238; 3
239; 3
240; 9
241; 15
242; 21
243; 21
244; 27
245; 27
246; 33
247; 33
248; 39
249; 39
250; 45
251; 45
252; 51
253; 51
254; 57
255; 57
256; 3
257; 3
258; 9
259; 9
260; 15
261; 54
262; 0
263; 0
264; 6
265; 6
266; 12
267; 12
268; 18
269; 18
270; 24
271; 24
272; 30
273; 30
274; 36
275; 36
276; 42
277; 42
278; 48
279; 48
280; 54
281; 27
282; 33
283; 33
284; 39
285; 39
286; 45
287; 45
288; 51
289; 51
290; 57
291; 57
292; 3
293; 3
294; 9
295; 9
296; 15
297; 15
298; 21
299; 21
300; 27
301; 0
302; 6
303; 6
304; 12
305; 12
306; 18
307; 18
308; 24
309; 30
310; 36
311; 36
312; 42
313; 42
314; 48
315; 48
316; 54
317; 30
318; 36
319; 36
320; 42
321; 42
322; 48
323; 48
324; 54
325; 0
326; 6
327; 6
328; 12
329; 12
330; 18
331; 18
332; 24
333; 39
334; 45
335; 45
336; 51
337; 51
338; 57
339; 57
340; 3
341; 3
342; 9
343; 9
344; 15
345; 15
346; 21
347; 21
348; 27
349; 39
350; 45
351; 45
352; 51
353; 51
354; 57
355; 57
356; 3
357; 3
358; 9
359; 9
360; 15
361; 15
362; 21
363; 21
364; 27
365; 3
366; 9
367; 9
368; 15
369; 15
370; 21
371; 21
372; 27
373; 27
374; 33
375; 33
376; 39
377; 3
378; 9
379; 9
380; 15
381; 15
382; 21
383; 21
384; 27
385; 27
386; 33
387; 33
388; 39
389; 57
390; 3
391; 3
392; 9
393; 9
394; 15
395; 15
396; 21
397; 21
398; 27
399; 27
400; 33
401; 57
402; 3
403; 3
404; 9
405; 9
406; 15
407; 15
408; 21
409; 21
410; 27
411; 27
412; 33
413; 48
414; 54
415; 54
416; 0
417; 0
418; 6
419; 6
420; 12
421; 12
422; 18
423; 18
424; 24
425; 24
426; 30
427; 30
428; 36
429; 48
430; 54
431; 54
432; 0
433; 0
434; 6
435; 6
436; 12
437; 12
438; 18
439; 18
440; 24
441; 24
442; 30
443; 30
444; 36
