#event-id; time
1; 51
2; 57
3; 57
4; 3
5; 3
6; 9
7; 9
8; 15
9; 15
10; 21
11; 21
12; 27
13; 27
14; 33
15; 33
16; 39
17; 3
18; 9
19; 9
20; 15
21; 15
22; 21
23; 21
24; 27
25; 27
26; 33
27; 33
28; 39
29; 39
30; 45
31; 45
32; 51
33; 15
34; 21
35; 21
36; 27
37; 27
38; 33
39; 33
40; 39
41; 39
42; 45
43; 45
44; 51
45; 51
46; 57
47; 57
48; 3
49; 27
50; 33
51; 33
52; 39
53; 39
54; 45
55; 45
56; 51
57; 51
58; 57
59; 57
60; 3
61; 3
62; 9
63; 9
64; 15
65; 39
66; 45
67; 45
68; 51
69; 51
70; 57
71; 57
72; 3
73; 3
74; 9
75; 9
76; 15
77; 15
78; 21
79; 21
80; 27
81; 0
82; 6
83; 6
84; 12
85; 12
86; 18
87; 18
88; 24
89; 24
90; 30
91; 30
92; 36
93; 36
94; 42
95; 42
96; 48
97; 12
98; 18
99; 18
100; 24
101; 24
102; 30
103; 30
104; 36
105; 36
106; 42
107; 42
108; 48
109; 48
110; 54
111; 54
112; 0
113; 24
114; 30
115; 30
116; 36
117; 36
118; 42
119; 42
120; 48
121; 48
122; 54
123; 54
124; 0
125; 0
126; 6
127; 6
128; 12
129; 36
130; 42
131; 42
132; 48
133; 48
134; 54
135; 54
136; 0
137; 0
138; 6
139; 6
140; 12
141; 12
142; 18
143; 18
144; 24
145; 48
146; 54
147; 54
148; 0
149; 0
150; 6
151; 6
152; 12
153; 12
154; 18
155; 18
156; 24
157; 24
158; 30
159; 30
160; 36
161; 15
162; 21
163; 21
164; 27
165; 27
166; 33
167; 33
168; 39
169; 39
170; 45
171; 45
172; 51
173; 27
174; 33
175; 33
176; 39
177; 39
178; 45
179; 45
180; 51
181; 51
182; 57
183; 57
184; 3
185; 39
186; 45
187; 45
188; 51
189; 51
190; 57
191; 57
192; 3
193; 3
194; 9
195; 9
196; 15
197; 51
198; 57
199; 57
200; 3
201; 3
202; 9
203; 9
204; 15
205; 15
206; 21
207; 21
208; 27
209; 3
210; 9
211; 9
212; 15
213; 15
214; 21
215; 21
216; 27
217; 27
218; 33
219; 33
220; 39
221; 9
222; 15
223; 15
224; 21
225; 21
226; 27
227; 27
228; 33
229; 33
230; 39
231; 39
232; 45
233; 21
234; 27
235; 27
236; 33
237; 33
238; 39
239; 39
240; 45
241; 45
242; 51
243; 51
244; 57
245; 33
246; 39
247; 39
248; 45
249; 45
250; 51
251; 51
252; 57
253; 57
254; 3
255; 3
256; 9
257; 45
258; 51
259; 51
260; 57
261; 57
262; 3
263; 3
264; 9
265; 9
266; 15
267; 15
268; 21
269; 57
270; 3
271; 3
272; 9
273; 9
274; 15
275; 15
276; 21
277; 21
278; 27
279; 27
280; 33
281; 9
282; 15
283; 15
284; 21
285; 21
286; 27
287; 27
288; 33
289; 21
290; 27
291; 27
292; 33
293; 33
294; 39
295; 39
296; 45
297; 33
298; 39
299; 39
300; 45
301; 45
302; 51
303; 51
304; 57
305; 45
306; 51
307; 51
308; 57
309; 57
310; 3
311; 3
312; 9
313; 57
314; 3
315; 3
316; 9
317; 9
318; 15
319; 15
320; 21
321; 36
322; 42
323; 42
324; 48
325; 48
326; 54
327; 54
328; 0
329; 48
330; 54
331; 54
332; 0
333; 0
334; 6
335; 6
336; 12
337; 0
338; 6
339; 6
340; 12
341; 12
342; 18
343; 18
344; 24
345; 12
346; 18
347; 18
348; 24
349; 24
350; 30
351; 30
352; 36
353; 24
354; 30
355; 30
356; 36
357; 36
358; 42
359; 42
360; 48
361; 15
362; 21
363; 21
364; 27
365; 27
366; 33
367; 33
368; 39
369; 39
370; 45
371; 45
372; 51
373; 27
374; 33
375; 33
376; 39
377; 39
378; 45
379; 45
380; 51
381; 51
382; 57
383; 57
384; 3
385; 39
386; 45
387; 45
388; 51
389; 51
390; 57
391; 57
392; 3
393; 3
394; 9
395; 9
396; 15
397; 51
398; 57
399; 57
400; 3
401; 3
402; 9
403; 9
404; 15
405; 15
406; 21
407; 21
408; 27
409; 3
410; 9
411; 9
412; 15
413; 15
414; 21
415; 21
416; 27
417; 27
418; 33
419; 33
420; 39
421; 6
422; 12
423; 12
424; 18
425; 18
426; 24
427; 24
428; 30
429; 30
430; 36
431; 36
432; 42
433; 18
434; 24
435; 24
436; 30
437; 30
438; 36
439; 36
440; 42
441; 42
442; 48
443; 48
444; 54
445; 30
446; 36
447; 36
448; 42
449; 42
450; 48
451; 48
452; 54
453; 54
454; 0
455; 0
456; 6
457; 42
458; 48
459; 48
460; 54
461; 54
462; 0
463; 0
464; 6
465; 6
466; 12
467; 12
468; 18
469; 54
470; 0
471; 0
472; 6
473; 6
474; 12
475; 12
476; 18
477; 18
478; 24
479; 24
480; 30
481; 30
482; 36
483; 36
484; 42
485; 42
486; 48
487; 48
488; 54
489; 54
490; 0
491; 0
492; 6
493; 6
494; 12
495; 12
496; 18
497; 42
498; 48
499; 48
500; 54
501; 54
502; 0
503; 0
504; 6
505; 6
506; 12
507; 12
508; 18
509; 18
510; 24
511; 24
512; 30
513; 54
514; 0
515; 0
516; 6
517; 6
518; 12
519; 12
520; 18
521; 18
522; 24
523; 24
524; 30
525; 30
526; 36
527; 36
528; 42
529; 6
530; 12
531; 12
532; 18
533; 18
534; 24
535; 24
536; 30
537; 30
538; 36
539; 36
540; 42
541; 42
542; 48
543; 48
544; 54
545; 18
546; 24
547; 24
548; 30
549; 30
550; 36
551; 36
552; 42
553; 42
554; 48
555; 48
556; 54
557; 54
558; 0
559; 0
560; 6
561; 18
562; 24
563; 24
564; 30
565; 30
566; 36
567; 36
568; 42
569; 42
570; 48
571; 48
572; 54
573; 54
574; 0
575; 0
576; 6
577; 30
578; 36
579; 36
580; 42
581; 42
582; 48
583; 48
584; 54
585; 54
586; 0
587; 0
588; 6
589; 6
590; 12
591; 12
592; 18
593; 42
594; 48
595; 48
596; 54
597; 54
598; 0
599; 0
600; 6
601; 6
602; 12
603; 12
604; 18
605; 18
606; 24
607; 24
608; 30
609; 54
610; 0
611; 0
612; 6
613; 6
614; 12
615; 12
616; 18
617; 18
618; 24
619; 24
620; 30
621; 30
622; 36
623; 36
624; 42
625; 6
626; 12
627; 12
628; 18
629; 18
630; 24
631; 24
632; 30
633; 30
634; 36
635; 36
636; 42
637; 42
638; 48
639; 48
640; 54
