#line-id;line-code;direction;stop-order;stop-id;frequency;arrival_time;departure_time
126; 126H; >; 1; 1; 5; 51; 51
126; 126H; >; 2; 2; 5; 57; 57
126; 126H; >; 3; 3; 5; 3; 3
126; 126H; >; 4; 8; 5; 9; 9
126; 126H; >; 5; 13; 5; 15; 15
126; 126H; >; 6; 18; 5; 21; 21
126; 126H; >; 7; 23; 5; 27; 27
126; 126H; >; 8; 24; 5; 33; 33
126; 126H; >; 9; 25; 5; 39; 39
126; 126R; <; 1; 25; 5; 0; 0
126; 126R; <; 2; 24; 5; 6; 6
126; 126R; <; 3; 23; 5; 12; 12
126; 126R; <; 4; 18; 5; 18; 18
126; 126R; <; 5; 13; 5; 24; 24
126; 126R; <; 6; 8; 5; 30; 30
126; 126R; <; 7; 3; 5; 36; 36
126; 126R; <; 8; 2; 5; 42; 42
126; 126R; <; 9; 1; 5; 48; 48
128; 128H; >; 1; 6; 5; 15; 15
128; 128H; >; 2; 7; 5; 21; 21
128; 128H; >; 3; 8; 5; 27; 27
128; 128H; >; 4; 13; 5; 33; 33
128; 128H; >; 5; 18; 5; 39; 39
128; 128H; >; 6; 19; 5; 45; 45
128; 128H; >; 7; 20; 5; 51; 51
128; 128R; <; 1; 20; 5; 9; 9
128; 128R; <; 2; 19; 5; 15; 15
128; 128R; <; 3; 18; 5; 21; 21
128; 128R; <; 4; 13; 5; 27; 27
128; 128R; <; 5; 8; 5; 33; 33
128; 128R; <; 6; 7; 5; 39; 39
128; 128R; <; 7; 6; 5; 45; 45
129; 129H; >; 1; 11; 5; 9; 9
129; 129H; >; 2; 12; 5; 15; 15
129; 129H; >; 3; 13; 5; 21; 21
129; 129H; >; 4; 14; 5; 27; 27
129; 129H; >; 5; 15; 5; 33; 33
129; 129R; <; 1; 15; 5; 36; 36
129; 129R; <; 2; 14; 5; 42; 42
129; 129R; <; 3; 13; 5; 48; 48
129; 129R; <; 4; 12; 5; 54; 54
129; 129R; <; 5; 11; 5; 0; 0
130; 130H; >; 1; 10; 5; 15; 15
130; 130H; >; 2; 9; 5; 21; 21
130; 130H; >; 3; 8; 5; 27; 27
130; 130H; >; 4; 13; 5; 33; 33
130; 130H; >; 5; 18; 5; 39; 39
130; 130H; >; 6; 17; 5; 45; 45
130; 130H; >; 7; 16; 5; 51; 51
130; 130R; <; 1; 16; 5; 6; 6
130; 130R; <; 2; 17; 5; 12; 12
130; 130R; <; 3; 18; 5; 18; 18
130; 130R; <; 4; 13; 5; 24; 24
130; 130R; <; 5; 8; 5; 30; 30
130; 130R; <; 6; 9; 5; 36; 36
130; 130R; <; 7; 10; 5; 42; 42
131; 131H; >; 1; 5; 5; 30; 30
131; 131H; >; 2; 4; 5; 36; 36
131; 131H; >; 3; 3; 5; 42; 42
131; 131H; >; 4; 8; 5; 48; 48
131; 131H; >; 5; 13; 5; 54; 54
131; 131H; >; 6; 18; 5; 0; 0
131; 131H; >; 7; 23; 5; 6; 6
131; 131H; >; 8; 22; 5; 12; 12
131; 131H; >; 9; 21; 5; 18; 18
131; 131R; <; 1; 21; 5; 18; 18
131; 131R; <; 2; 22; 5; 24; 24
131; 131R; <; 3; 23; 5; 30; 30
131; 131R; <; 4; 18; 5; 36; 36
131; 131R; <; 5; 13; 5; 42; 42
131; 131R; <; 6; 8; 5; 48; 48
131; 131R; <; 7; 3; 5; 54; 54
131; 131R; <; 8; 4; 5; 0; 0
131; 131R; <; 9; 5; 5; 6; 6
