#from_station;to_station;perceived_travel_time;passengers
1;2;6;21
1;3;12;15
1;4;18;10
1;5;24;8
1;6;6;5
1;7;12;11
1;8;18;19
1;9;32;7
1;10;47;3
1;11;12;3
1;12;18;6
1;13;24;82
1;14;38;8
1;15;53;4
1;16;18;3
1;17;24;7
1;18;30;11
1;19;45;4
1;20;68;2
1;21;24;2
1;22;42;2
1;23;36;5
1;24;42;4
1;25;48;15
2;1;6;5
2;3;6;4
2;4;12;3
2;5;18;2
2;6;12;1
2;7;18;3
2;8;12;5
2;9;26;2
2;10;41;1
2;11;18;1
2;12;24;2
2;13;18;20
2;14;32;2
2;15;47;1
2;16;24;1
2;17;30;2
2;18;24;3
2;19;39;1
2;22;48;1
2;23;30;1
2;24;36;1
2;25;42;4
3;1;12;3
3;2;6;3
3;4;6;4
3;5;12;3
3;6;18;1
3;7;24;3
3;8;6;7
3;9;12;3
3;10;27;1
3;11;24;1
3;12;18;3
3;13;12;30
3;14;18;2
3;15;33;1
3;16;30;1
3;17;36;2
3;18;18;4
3;19;33;2
3;20;44;1
3;21;36;1
3;22;45;1
3;23;24;2
3;24;30;1
3;25;36;4
4;1;18;2
4;2;12;2
4;3;6;4
4;5;6;4
4;6;24;1
4;7;30;2
4;8;12;5
4;9;6;3
4;10;12;1
4;11;38;1
4;12;34;3
4;13;18;19
4;14;12;1
4;15;18;1
4;17;42;1
4;18;32;3
4;19;18;2
4;20;24;1
4;21;54;1
4;22;51;1
4;23;38;1
4;24;37;1
4;25;50;2
5;1;24;2
5;2;18;2
5;3;12;3
5;4;6;4
5;6;30;1
5;7;36;1
5;8;28;4
5;9;12;2
5;10;18;1
5;11;56;1
5;12;40;2
5;13;34;16
5;14;18;1
5;17;48;1
5;18;40;2
5;19;24;1
5;20;30;1
5;21;60;1
5;22;60;1
5;23;46;1
5;25;58;2
6;1;6;1
6;2;12;1
6;3;18;1
6;4;24;1
6;5;30;1
6;7;6;8
6;8;24;5
6;9;38;4
6;10;53;2
6;11;6;1
6;12;12;1
6;13;30;20
6;14;44;2
6;15;59;1
6;16;12;1
6;17;18;1
6;18;36;3
6;19;51;2
6;20;74;1
6;23;42;1
6;24;48;1
6;25;54;3
7;1;12;2
7;2;18;3
7;3;24;3
7;4;30;2
7;5;36;1
7;6;6;7
7;8;18;11
7;9;24;9
7;10;38;4
7;11;12;1
7;12;6;3
7;13;12;47
7;14;29;4
7;15;44;2
7;16;18;1
7;17;12;3
7;18;18;7
7;19;36;6
7;20;59;2
7;21;24;1
7;22;30;1
7;23;32;2
7;24;38;2
7;25;44;7
8;1;18;4
8;2;12;4
8;3;6;7
8;4;12;4
8;5;28;3
8;6;24;4
8;7;18;10
8;9;6;11
8;10;20;5
8;11;30;3
8;12;12;6
8;13;6;78
8;14;12;7
8;15;26;3
8;16;32;2
8;17;26;6
8;18;12;11
8;19;18;6
8;20;38;3
8;21;38;2
8;22;32;3
8;23;18;4
8;24;24;3
8;25;30;10
9;1;32;1
9;2;26;2
9;3;12;3
9;4;6;3
9;5;12;2
9;6;38;3
9;7;24;8
9;8;6;11
9;10;6;7
9;11;44;2
9;12;18;5
9;13;12;46
9;14;6;6
9;15;12;3
9;16;38;2
9;17;32;5
9;18;18;6
9;19;12;3
9;20;18;1
9;21;44;1
9;22;38;2
9;23;24;2
9;24;18;1
9;25;35;4
10;1;47;1
10;2;41;1
10;3;35;1
10;4;12;1
10;5;18;1
10;6;53;1
10;7;38;4
10;8;20;5
10;9;6;7
10;11;59;1
10;12;32;2
10;13;26;19
10;14;34;3
10;15;6;1
10;16;52;1
10;17;46;2
10;18;32;3
10;19;40;1
10;20;46;1
10;21;58;1
10;22;52;1
10;23;38;1
10;25;61;2
11;1;12;1
11;2;18;1
11;3;24;1
11;4;38;1
11;5;44;1
11;6;6;1
11;7;12;2
11;8;30;3
11;9;44;1
11;10;59;1
11;12;18;7
11;13;36;25
11;14;50;4
11;15;65;2
11;16;6;1
11;17;24;1
11;18;40;3
11;19;57;2
11;20;80;1
11;21;12;1
11;22;42;1
11;23;48;1
11;24;54;1
11;25;60;3
12;1;18;1
12;2;24;1
12;3;18;1
12;4;34;1
12;5;40;1
12;6;12;1
12;7;6;2
12;8;12;4
12;9;18;2
12;10;32;1
12;11;18;4
12;13;6;29
12;14;23;5
12;15;38;2
12;16;12;1
12;17;6;2
12;18;12;4
12;19;30;3
12;20;53;1
12;21;18;1
12;22;24;1
12;23;26;2
12;24;32;1
12;25;38;3
13;1;24;14
13;2;18;4
13;3;12;7
13;4;18;5
13;5;34;4
13;6;28;5
13;7;12;11
13;8;6;18
13;9;12;11
13;10;26;5
13;11;34;6
13;12;6;9
13;14;6;14
13;15;32;6
13;16;26;5
13;17;12;11
13;18;6;18
13;19;20;11
13;20;26;5
13;21;32;4
13;22;18;5
13;23;12;7
13;24;18;5
13;25;24;8
14;1;38;1
14;2;32;1
14;3;18;2
14;4;12;2
14;5;18;2
14;6;44;2
14;7;28;6
14;8;12;7
14;9;6;4
14;10;38;2
14;11;50;4
14;12;22;9
14;13;6;55
14;15;44;7
14;16;42;2
14;17;26;4
14;18;20;7
14;19;6;6
14;20;12;3
14;21;48;1
14;22;32;1
14;23;28;3
14;24;12;2
14;25;29;8
15;3;41;1
15;4;18;1
15;5;24;1
15;6;59;1
15;7;44;3
15;8;26;3
15;9;12;2
15;10;6;1
15;11;65;2
15;12;38;4
15;13;32;23
15;14;40;7
15;16;58;1
15;17;52;2
15;18;38;3
15;19;46;3
15;20;52;1
15;22;58;1
15;23;44;1
15;24;60;1
15;25;67;3
16;1;18;1
16;2;24;1
16;3;30;1
16;6;12;1
16;7;18;1
16;8;35;3
16;9;41;2
16;10;55;1
16;11;6;1
16;12;12;2
16;13;26;19
16;14;41;3
16;15;61;1
16;17;6;8
16;18;20;5
16;19;53;4
16;20;61;2
16;21;6;1
16;22;12;1
16;23;34;2
16;24;40;1
16;25;46;5
17;1;24;1
17;2;30;2
17;3;36;2
17;4;42;1
17;5;48;1
17;6;18;1
17;7;12;3
17;8;26;6
17;9;32;5
17;10;46;2
17;11;24;2
17;12;6;4
17;13;12;45
17;14;27;6
17;15;52;3
17;16;6;7
17;18;6;11
17;19;41;9
17;20;47;4
17;21;12;1
17;22;6;2
17;23;20;4
17;24;26;3
17;25;32;11
18;1;30;2
18;2;24;2
18;3;18;4
18;4;32;2
18;5;40;2
18;6;34;2
18;7;18;5
18;8;12;10
18;9;18;6
18;10;32;2
18;11;40;3
18;12;12;6
18;13;6;75
18;14;21;7
18;15;38;3
18;16;27;4
18;17;6;11
18;19;29;11
18;20;41;5
18;21;33;3
18;22;12;4
18;23;6;7
18;24;12;4
18;25;18;17
19;1;45;1
19;2;39;1
19;3;33;2
19;4;18;2
19;5;24;1
19;6;51;2
19;7;36;5
19;8;18;6
19;9;12;3
19;10;44;1
19;11;57;1
19;12;30;3
19;13;20;45
19;14;6;4
19;15;50;2
19;16;50;4
19;17;43;9
19;18;29;11
19;20;6;7
19;21;56;2
19;22;49;3
19;23;23;3
19;24;6;2
19;25;23;7
20;3;40;1
20;4;24;1
20;5;30;1
20;6;58;1
20;7;48;2
20;8;40;2
20;9;18;1
20;10;50;1
20;12;42;1
20;13;26;18
20;14;12;2
20;15;56;1
20;16;82;2
20;17;51;4
20;18;45;5
20;19;6;7
20;21;88;1
20;22;57;1
20;23;54;1
20;24;29;1
20;25;46;3
21;3;36;1
21;4;53;1
21;5;59;1
21;7;24;1
21;8;41;2
21;9;47;1
21;10;61;1
21;12;18;1
21;13;32;15
21;14;47;2
21;15;67;1
21;16;6;1
21;17;12;1
21;18;26;4
21;19;59;2
21;20;67;1
21;22;6;5
21;23;40;3
21;24;46;2
21;25;52;8
22;3;43;1
22;4;51;1
22;5;60;1
22;7;30;1
22;8;32;2
22;9;38;2
22;10;52;1
22;11;30;1
22;12;24;1
22;13;18;18
22;14;33;2
22;15;58;1
22;16;12;1
22;17;6;2
22;18;12;5
22;19;47;3
22;20;53;1
22;21;6;4
22;23;26;4
22;24;32;3
22;25;38;9
23;1;36;1
23;2;30;1
23;3;24;2
23;4;38;1
23;5;46;1
23;6;42;1
23;7;32;2
23;8;18;4
23;9;24;2
23;10;38;1
23;11;48;1
23;12;26;3
23;13;12;28
23;14;29;2
23;15;44;1
23;16;41;1
23;17;20;3
23;18;6;7
23;19;23;3
23;20;50;1
23;21;47;3
23;22;26;4
23;24;6;4
23;25;12;13
24;1;42;1
24;2;36;1
24;3;30;1
24;6;48;1
24;7;38;2
24;8;24;2
24;9;18;1
24;11;54;1
24;12;32;2
24;13;18;17
24;14;12;1
24;16;47;1
24;17;26;3
24;18;12;4
24;19;6;2
24;20;25;1
24;21;53;2
24;22;32;2
24;23;6;4
24;25;6;19
25;1;48;1
25;2;42;1
25;3;36;1
25;7;44;1
25;8;30;2
25;9;35;1
25;11;60;1
25;12;38;2
25;13;24;13
25;14;29;1
25;16;53;1
25;17;32;2
25;18;18;3
25;19;23;1
25;20;42;1
25;21;59;1
25;22;38;2
25;23;12;3
25;24;6;4
