#event-id; time
1; 0
2; 5
3; 5
4; 10
5; 10
6; 15
7; 15
8; 31
9; 31
10; 38
11; 38
12; 42
13; 0
14; 4
15; 4
16; 11
17; 11
18; 27
19; 27
20; 32
21; 32
22; 37
23; 37
24; 42
25; 0
26; 4
27; 4
28; 11
29; 11
30; 16
31; 16
32; 21
33; 21
34; 28
35; 28
36; 32
37; 0
38; 4
39; 4
40; 11
41; 11
42; 16
43; 16
44; 21
45; 21
46; 28
47; 28
48; 32
49; 5
50; 9
51; 9
52; 17
53; 17
54; 21
55; 21
56; 26
57; 26
58; 31
59; 35
60; 40
61; 40
62; 45
63; 45
64; 49
65; 49
66; 57
67; 57
68; 1
69; 17
70; 21
71; 21
72; 27
73; 27
74; 32
75; 32
76; 37
77; 37
78; 53
79; 17
80; 33
81; 33
82; 38
83; 38
84; 43
85; 43
86; 49
87; 49
88; 53
89; 1
90; 5
91; 5
92; 9
93; 9
94; 17
95; 17
96; 21
97; 21
98; 26
99; 31
100; 36
101; 36
102; 40
103; 40
104; 48
105; 48
106; 52
107; 52
108; 56
109; 47
110; 52
111; 52
112; 59
113; 59
114; 4
115; 4
116; 10
117; 10
118; 16
119; 17
120; 22
121; 22
122; 29
123; 29
124; 34
125; 34
126; 40
127; 40
128; 46
129; 17
130; 23
131; 23
132; 29
133; 29
134; 34
135; 34
136; 41
137; 41
138; 46
139; 47
140; 53
141; 53
142; 59
143; 59
144; 4
145; 4
146; 11
147; 11
148; 16
149; 37
150; 42
151; 42
152; 47
153; 47
154; 51
155; 51
156; 57
157; 57
158; 3
159; 7
160; 13
161; 13
162; 19
163; 19
164; 23
165; 23
166; 28
167; 28
168; 33
169; 20
170; 28
171; 28
172; 33
173; 33
174; 37
175; 37
176; 42
177; 50
178; 55
179; 55
180; 59
181; 59
182; 4
183; 4
184; 12
185; 10
186; 18
187; 18
188; 23
189; 23
190; 27
191; 27
192; 32
193; 32
194; 38
195; 38
196; 42
197; 42
198; 46
199; 46
200; 52
201; 52
202; 57
203; 57
204; 2
205; 30
206; 38
207; 38
208; 43
209; 43
210; 47
211; 47
212; 52
213; 52
214; 58
215; 58
216; 2
217; 2
218; 6
219; 6
220; 12
221; 12
222; 17
223; 17
224; 22
225; 50
226; 58
227; 58
228; 3
229; 3
230; 7
231; 7
232; 12
233; 12
234; 18
235; 18
236; 22
237; 22
238; 26
239; 26
240; 32
241; 32
242; 37
243; 37
244; 42
245; 10
246; 15
247; 15
248; 20
249; 20
250; 26
251; 26
252; 30
253; 30
254; 34
255; 34
256; 40
257; 40
258; 45
259; 45
260; 49
261; 49
262; 54
263; 54
264; 2
265; 30
266; 35
267; 35
268; 40
269; 40
270; 46
271; 46
272; 50
273; 50
274; 54
275; 54
276; 0
277; 0
278; 5
279; 5
280; 9
281; 9
282; 14
283; 14
284; 22
285; 50
286; 55
287; 55
288; 0
289; 0
290; 6
291; 6
292; 10
293; 10
294; 14
295; 14
296; 20
297; 20
298; 25
299; 25
300; 29
301; 29
302; 34
303; 34
304; 42
305; 30
306; 38
307; 38
308; 43
309; 43
310; 51
311; 51
312; 55
313; 55
314; 0
315; 0
316; 5
317; 5
318; 10
319; 30
320; 35
321; 35
322; 40
323; 40
324; 45
325; 45
326; 49
327; 49
328; 57
329; 57
330; 2
331; 2
332; 10
333; 50
334; 56
335; 56
336; 1
337; 1
338; 5
339; 5
340; 13
341; 13
342; 17
343; 17
344; 21
345; 50
346; 54
347; 54
348; 58
349; 58
350; 6
351; 6
352; 10
353; 10
354; 15
355; 15
356; 21
357; 6
358; 10
359; 10
360; 18
361; 18
362; 25
363; 25
364; 30
365; 30
366; 36
367; 36
368; 40
369; 6
370; 10
371; 10
372; 16
373; 16
374; 21
375; 21
376; 28
377; 28
378; 36
379; 36
380; 40
381; 45
382; 49
383; 49
384; 55
385; 55
386; 59
387; 59
388; 5
389; 5
390; 9
391; 9
392; 13
393; 15
394; 19
395; 19
396; 23
397; 23
398; 29
399; 29
400; 33
401; 33
402; 39
403; 39
404; 43
405; 40
406; 46
407; 46
408; 50
409; 50
410; 56
411; 56
412; 1
413; 1
414; 6
415; 6
416; 10
417; 10
418; 16
419; 16
420; 20
421; 20
422; 26
423; 26
424; 31
425; 31
426; 36
427; 36
428; 40
429; 10
430; 14
431; 14
432; 19
433; 19
434; 24
435; 24
436; 30
437; 30
438; 34
439; 34
440; 40
441; 40
442; 44
443; 44
444; 49
445; 49
446; 54
447; 54
448; 0
449; 0
450; 4
451; 4
452; 10
453; 21
454; 28
455; 28
456; 32
457; 32
458; 36
459; 36
460; 42
461; 42
462; 46
463; 51
464; 55
465; 55
466; 1
467; 1
468; 5
469; 5
470; 9
471; 9
472; 16
473; 43
474; 49
475; 49
476; 53
477; 53
478; 57
479; 57
480; 1
481; 13
482; 17
483; 17
484; 21
485; 21
486; 25
487; 25
488; 31
489; 22
490; 29
491; 29
492; 37
493; 37
494; 41
495; 41
496; 46
497; 52
498; 57
499; 57
500; 1
501; 1
502; 9
503; 9
504; 16
505; 59
506; 3
507; 3
508; 7
509; 7
510; 11
511; 11
512; 15
513; 15
514; 19
515; 19
516; 27
517; 29
518; 37
519; 37
520; 41
521; 41
522; 45
523; 45
524; 49
525; 49
526; 53
527; 53
528; 57
