# line-id; line-code; direction; stop-order; stop-id; frequency; arrival_time; departure_time; line-repetition
1; 1H; >; 1; 22; 1; 0; 0; 1
1; 1H; >; 2; 23; 1; 5; 5; 1
1; 1H; >; 3; 24; 1; 10; 10; 1
1; 1H; >; 4; 13; 1; 15; 15; 1
1; 1H; >; 5; 12; 1; 31; 31; 1
1; 1H; >; 6; 3; 1; 38; 38; 1
1; 1H; >; 7; 1; 1; 42; 42; 1
1; 1R; <; 1; 1; 1; 0; 0; 1
1; 1R; <; 2; 3; 1; 4; 4; 1
1; 1R; <; 3; 12; 1; 11; 11; 1
1; 1R; <; 4; 13; 1; 27; 27; 1
1; 1R; <; 5; 24; 1; 32; 32; 1
1; 1R; <; 6; 23; 1; 37; 37; 1
1; 1R; <; 7; 22; 1; 42; 42; 1
7; 7H; >; 1; 1; 1; 0; 0; 1
7; 7H; >; 2; 3; 1; 4; 4; 1
7; 7H; >; 3; 12; 1; 11; 11; 1
7; 7H; >; 4; 11; 1; 16; 16; 1
7; 7H; >; 5; 10; 1; 21; 21; 1
7; 7H; >; 6; 17; 1; 28; 28; 1
7; 7H; >; 7; 19; 1; 32; 32; 1
7; 7R; <; 1; 19; 1; 0; 0; 1
7; 7R; <; 2; 17; 1; 4; 4; 1
7; 7R; <; 3; 10; 1; 11; 11; 1
7; 7R; <; 4; 11; 1; 16; 16; 1
7; 7R; <; 5; 12; 1; 21; 21; 1
7; 7R; <; 6; 3; 1; 28; 28; 1
7; 7R; <; 7; 1; 1; 32; 32; 1
11; 11H; >; 1; 9; 1; 5; 5; 1
11; 11H; >; 2; 10; 1; 9; 9; 1
11; 11H; >; 3; 15; 1; 17; 17; 1
11; 11H; >; 4; 22; 1; 21; 21; 1
11; 11H; >; 5; 21; 1; 26; 26; 1
11; 11H; >; 6; 24; 1; 31; 31; 1
11; 11R; <; 1; 24; 1; 35; 35; 1
11; 11R; <; 2; 21; 1; 40; 40; 1
11; 11R; <; 3; 22; 1; 45; 45; 1
11; 11R; <; 4; 15; 1; 49; 49; 1
11; 11R; <; 5; 10; 1; 57; 57; 1
11; 11R; <; 6; 9; 1; 1; 1; 1
14; 14H; >; 1; 8; 1; 17; 17; 1
14; 14H; >; 2; 16; 1; 21; 21; 1
14; 14H; >; 3; 10; 1; 27; 27; 1
14; 14H; >; 4; 11; 1; 32; 32; 1
14; 14H; >; 5; 12; 1; 37; 37; 1
14; 14H; >; 6; 13; 1; 53; 53; 1
14; 14R; <; 1; 13; 1; 17; 17; 1
14; 14R; <; 2; 12; 1; 33; 33; 1
14; 14R; <; 3; 11; 1; 38; 38; 1
14; 14R; <; 4; 10; 1; 43; 43; 1
14; 14R; <; 5; 16; 1; 49; 49; 1
14; 14R; <; 6; 8; 1; 53; 53; 1
19; 19H; >; 1; 5; 1; 1; 1; 1
19; 19H; >; 2; 9; 1; 5; 5; 1
19; 19H; >; 3; 10; 1; 9; 9; 1
19; 19H; >; 4; 15; 1; 17; 17; 1
19; 19H; >; 5; 22; 1; 21; 21; 1
19; 19H; >; 6; 21; 1; 26; 26; 1
19; 19R; <; 1; 21; 1; 31; 31; 1
19; 19R; <; 2; 22; 1; 36; 36; 1
19; 19R; <; 3; 15; 1; 40; 40; 1
19; 19R; <; 4; 10; 1; 48; 48; 1
19; 19R; <; 5; 9; 1; 52; 52; 1
19; 19R; <; 6; 5; 1; 56; 56; 1
23; 23H; >; 1; 3; 2; 47; 47; 1
23; 23H; >; 2; 4; 2; 52; 52; 1
23; 23H; >; 3; 11; 2; 59; 59; 1
23; 23H; >; 4; 10; 2; 4; 4; 1
23; 23H; >; 5; 16; 2; 10; 10; 1
23; 23H; >; 6; 18; 2; 16; 16; 1
23; 23H; >; 1; 3; 2; 17; 17; 2
23; 23H; >; 2; 4; 2; 22; 22; 2
23; 23H; >; 3; 11; 2; 29; 29; 2
23; 23H; >; 4; 10; 2; 34; 34; 2
23; 23H; >; 5; 16; 2; 40; 40; 2
23; 23H; >; 6; 18; 2; 46; 46; 2
23; 23R; <; 1; 18; 2; 17; 17; 1
23; 23R; <; 2; 16; 2; 23; 23; 1
23; 23R; <; 3; 10; 2; 29; 29; 1
23; 23R; <; 4; 11; 2; 34; 34; 1
23; 23R; <; 5; 4; 2; 41; 41; 1
23; 23R; <; 6; 3; 2; 46; 46; 1
23; 23R; <; 1; 18; 2; 47; 47; 2
23; 23R; <; 2; 16; 2; 53; 53; 2
23; 23R; <; 3; 10; 2; 59; 59; 2
23; 23R; <; 4; 11; 2; 4; 4; 2
23; 23R; <; 5; 4; 2; 11; 11; 2
23; 23R; <; 6; 3; 2; 16; 16; 2
26; 26H; >; 1; 3; 1; 37; 37; 1
26; 26H; >; 2; 4; 1; 42; 42; 1
26; 26H; >; 3; 5; 1; 47; 47; 1
26; 26H; >; 4; 9; 1; 51; 51; 1
26; 26H; >; 5; 8; 1; 57; 57; 1
26; 26H; >; 6; 7; 1; 3; 3; 1
26; 26R; <; 1; 7; 1; 7; 7; 1
26; 26R; <; 2; 8; 1; 13; 13; 1
26; 26R; <; 3; 9; 1; 19; 19; 1
26; 26R; <; 4; 5; 1; 23; 23; 1
26; 26R; <; 5; 4; 1; 28; 28; 1
26; 26R; <; 6; 3; 1; 33; 33; 1
34; 34H; >; 1; 11; 1; 20; 20; 1
34; 34H; >; 2; 14; 1; 28; 28; 1
34; 34H; >; 3; 15; 1; 33; 33; 1
34; 34H; >; 4; 22; 1; 37; 37; 1
34; 34H; >; 5; 21; 1; 42; 42; 1
34; 34R; <; 1; 21; 1; 50; 50; 1
34; 34R; <; 2; 22; 1; 55; 55; 1
34; 34R; <; 3; 15; 1; 59; 59; 1
34; 34R; <; 4; 14; 1; 4; 4; 1
34; 34R; <; 5; 11; 1; 12; 12; 1
69; 69H; >; 1; 20; 3; 10; 10; 1
69; 69H; >; 2; 22; 3; 18; 18; 1
69; 69H; >; 3; 23; 3; 23; 23; 1
69; 69H; >; 4; 14; 3; 27; 27; 1
69; 69H; >; 5; 15; 3; 32; 32; 1
69; 69H; >; 6; 19; 3; 38; 38; 1
69; 69H; >; 7; 17; 3; 42; 42; 1
69; 69H; >; 8; 16; 3; 46; 46; 1
69; 69H; >; 9; 10; 3; 52; 52; 1
69; 69H; >; 10; 11; 3; 57; 57; 1
69; 69H; >; 11; 12; 3; 2; 2; 1
69; 69H; >; 1; 20; 3; 30; 30; 2
69; 69H; >; 2; 22; 3; 38; 38; 2
69; 69H; >; 3; 23; 3; 43; 43; 2
69; 69H; >; 4; 14; 3; 47; 47; 2
69; 69H; >; 5; 15; 3; 52; 52; 2
69; 69H; >; 6; 19; 3; 58; 58; 2
69; 69H; >; 7; 17; 3; 2; 2; 2
69; 69H; >; 8; 16; 3; 6; 6; 2
69; 69H; >; 9; 10; 3; 12; 12; 2
69; 69H; >; 10; 11; 3; 17; 17; 2
69; 69H; >; 11; 12; 3; 22; 22; 2
69; 69H; >; 1; 20; 3; 50; 50; 3
69; 69H; >; 2; 22; 3; 58; 58; 3
69; 69H; >; 3; 23; 3; 3; 3; 3
69; 69H; >; 4; 14; 3; 7; 7; 3
69; 69H; >; 5; 15; 3; 12; 12; 3
69; 69H; >; 6; 19; 3; 18; 18; 3
69; 69H; >; 7; 17; 3; 22; 22; 3
69; 69H; >; 8; 16; 3; 26; 26; 3
69; 69H; >; 9; 10; 3; 32; 32; 3
69; 69H; >; 10; 11; 3; 37; 37; 3
69; 69H; >; 11; 12; 3; 42; 42; 3
69; 69R; <; 1; 12; 3; 10; 10; 1
69; 69R; <; 2; 11; 3; 15; 15; 1
69; 69R; <; 3; 10; 3; 20; 20; 1
69; 69R; <; 4; 16; 3; 26; 26; 1
69; 69R; <; 5; 17; 3; 30; 30; 1
69; 69R; <; 6; 19; 3; 34; 34; 1
69; 69R; <; 7; 15; 3; 40; 40; 1
69; 69R; <; 8; 14; 3; 45; 45; 1
69; 69R; <; 9; 23; 3; 49; 49; 1
69; 69R; <; 10; 22; 3; 54; 54; 1
69; 69R; <; 11; 20; 3; 2; 2; 1
69; 69R; <; 1; 12; 3; 30; 30; 2
69; 69R; <; 2; 11; 3; 35; 35; 2
69; 69R; <; 3; 10; 3; 40; 40; 2
69; 69R; <; 4; 16; 3; 46; 46; 2
69; 69R; <; 5; 17; 3; 50; 50; 2
69; 69R; <; 6; 19; 3; 54; 54; 2
69; 69R; <; 7; 15; 3; 0; 0; 2
69; 69R; <; 8; 14; 3; 5; 5; 2
69; 69R; <; 9; 23; 3; 9; 9; 2
69; 69R; <; 10; 22; 3; 14; 14; 2
69; 69R; <; 11; 20; 3; 22; 22; 2
69; 69R; <; 1; 12; 3; 50; 50; 3
69; 69R; <; 2; 11; 3; 55; 55; 3
69; 69R; <; 3; 10; 3; 0; 0; 3
69; 69R; <; 4; 16; 3; 6; 6; 3
69; 69R; <; 5; 17; 3; 10; 10; 3
69; 69R; <; 6; 19; 3; 14; 14; 3
69; 69R; <; 7; 15; 3; 20; 20; 3
69; 69R; <; 8; 14; 3; 25; 25; 3
69; 69R; <; 9; 23; 3; 29; 29; 3
69; 69R; <; 10; 22; 3; 34; 34; 3
69; 69R; <; 11; 20; 3; 42; 42; 3
71; 71H; >; 1; 14; 1; 30; 30; 1
71; 71H; >; 2; 11; 1; 38; 38; 1
71; 71H; >; 3; 10; 1; 43; 43; 1
71; 71H; >; 4; 15; 1; 51; 51; 1
71; 71H; >; 5; 22; 1; 55; 55; 1
71; 71H; >; 6; 23; 1; 0; 0; 1
71; 71H; >; 7; 24; 1; 5; 5; 1
71; 71H; >; 8; 13; 1; 10; 10; 1
71; 71R; <; 1; 13; 1; 30; 30; 1
71; 71R; <; 2; 24; 1; 35; 35; 1
71; 71R; <; 3; 23; 1; 40; 40; 1
71; 71R; <; 4; 22; 1; 45; 45; 1
71; 71R; <; 5; 15; 1; 49; 49; 1
71; 71R; <; 6; 10; 1; 57; 57; 1
71; 71R; <; 7; 11; 1; 2; 2; 1
71; 71R; <; 8; 14; 1; 10; 10; 1
74; 74H; >; 1; 20; 1; 50; 50; 1
74; 74H; >; 2; 21; 1; 56; 56; 1
74; 74H; >; 3; 22; 1; 1; 1; 1
74; 74H; >; 4; 15; 1; 5; 5; 1
74; 74H; >; 5; 10; 1; 13; 13; 1
74; 74H; >; 6; 9; 1; 17; 17; 1
74; 74H; >; 7; 5; 1; 21; 21; 1
74; 74R; <; 1; 5; 1; 50; 50; 1
74; 74R; <; 2; 9; 1; 54; 54; 1
74; 74R; <; 3; 10; 1; 58; 58; 1
74; 74R; <; 4; 15; 1; 6; 6; 1
74; 74R; <; 5; 22; 1; 10; 10; 1
74; 74R; <; 6; 21; 1; 15; 15; 1
74; 74R; <; 7; 20; 1; 21; 21; 1
75; 75H; >; 1; 23; 1; 6; 6; 1
75; 75H; >; 2; 14; 1; 10; 10; 1
75; 75H; >; 3; 11; 1; 18; 18; 1
75; 75H; >; 4; 4; 1; 25; 25; 1
75; 75H; >; 5; 5; 1; 30; 30; 1
75; 75H; >; 6; 6; 1; 36; 36; 1
75; 75H; >; 7; 2; 1; 40; 40; 1
75; 75R; <; 1; 2; 1; 6; 6; 1
75; 75R; <; 2; 6; 1; 10; 10; 1
75; 75R; <; 3; 5; 1; 16; 16; 1
75; 75R; <; 4; 4; 1; 21; 21; 1
75; 75R; <; 5; 11; 1; 28; 28; 1
75; 75R; <; 6; 14; 1; 36; 36; 1
75; 75R; <; 7; 23; 1; 40; 40; 1
77; 77H; >; 1; 18; 1; 45; 45; 1
77; 77H; >; 2; 7; 1; 49; 49; 1
77; 77H; >; 3; 8; 1; 55; 55; 1
77; 77H; >; 4; 16; 1; 59; 59; 1
77; 77H; >; 5; 10; 1; 5; 5; 1
77; 77H; >; 6; 9; 1; 9; 9; 1
77; 77H; >; 7; 5; 1; 13; 13; 1
77; 77R; <; 1; 5; 1; 15; 15; 1
77; 77R; <; 2; 9; 1; 19; 19; 1
77; 77R; <; 3; 10; 1; 23; 23; 1
77; 77R; <; 4; 16; 1; 29; 29; 1
77; 77R; <; 5; 8; 1; 33; 33; 1
77; 77R; <; 6; 7; 1; 39; 39; 1
77; 77R; <; 7; 18; 1; 43; 43; 1
78; 78H; >; 1; 7; 2; 40; 40; 1
78; 78H; >; 2; 8; 2; 46; 46; 1
78; 78H; >; 3; 6; 2; 50; 50; 1
78; 78H; >; 4; 5; 2; 56; 56; 1
78; 78H; >; 5; 4; 2; 1; 1; 1
78; 78H; >; 6; 3; 2; 6; 6; 1
78; 78H; >; 7; 1; 2; 10; 10; 1
78; 78H; >; 1; 7; 2; 10; 10; 2
78; 78H; >; 2; 8; 2; 16; 16; 2
78; 78H; >; 3; 6; 2; 20; 20; 2
78; 78H; >; 4; 5; 2; 26; 26; 2
78; 78H; >; 5; 4; 2; 31; 31; 2
78; 78H; >; 6; 3; 2; 36; 36; 2
78; 78H; >; 7; 1; 2; 40; 40; 2
78; 78R; <; 1; 1; 2; 10; 10; 1
78; 78R; <; 2; 3; 2; 14; 14; 1
78; 78R; <; 3; 4; 2; 19; 19; 1
78; 78R; <; 4; 5; 2; 24; 24; 1
78; 78R; <; 5; 6; 2; 30; 30; 1
78; 78R; <; 6; 8; 2; 34; 34; 1
78; 78R; <; 7; 7; 2; 40; 40; 1
78; 78R; <; 1; 1; 2; 40; 40; 2
78; 78R; <; 2; 3; 2; 44; 44; 2
78; 78R; <; 3; 4; 2; 49; 49; 2
78; 78R; <; 4; 5; 2; 54; 54; 2
78; 78R; <; 5; 6; 2; 0; 0; 2
78; 78R; <; 6; 8; 2; 4; 4; 2
78; 78R; <; 7; 7; 2; 10; 10; 2
87; 87H; >; 1; 17; 1; 21; 21; 1
87; 87H; >; 2; 10; 1; 28; 28; 1
87; 87H; >; 3; 9; 1; 32; 32; 1
87; 87H; >; 4; 5; 1; 36; 36; 1
87; 87H; >; 5; 6; 1; 42; 42; 1
87; 87H; >; 6; 2; 1; 46; 46; 1
87; 87R; <; 1; 2; 1; 51; 51; 1
87; 87R; <; 2; 6; 1; 55; 55; 1
87; 87R; <; 3; 5; 1; 1; 1; 1
87; 87R; <; 4; 9; 1; 5; 5; 1
87; 87R; <; 5; 10; 1; 9; 9; 1
87; 87R; <; 6; 17; 1; 16; 16; 1
90; 90H; >; 1; 18; 1; 43; 43; 1
90; 90H; >; 2; 16; 1; 49; 49; 1
90; 90H; >; 3; 8; 1; 53; 53; 1
90; 90H; >; 4; 6; 1; 57; 57; 1
90; 90H; >; 5; 2; 1; 1; 1; 1
90; 90R; <; 1; 2; 1; 13; 13; 1
90; 90R; <; 2; 6; 1; 17; 17; 1
90; 90R; <; 3; 8; 1; 21; 21; 1
90; 90R; <; 4; 16; 1; 25; 25; 1
90; 90R; <; 5; 18; 1; 31; 31; 1
130; 130H; >; 1; 4; 1; 22; 22; 1
130; 130H; >; 2; 11; 1; 29; 29; 1
130; 130H; >; 3; 14; 1; 37; 37; 1
130; 130H; >; 4; 23; 1; 41; 41; 1
130; 130H; >; 5; 24; 1; 46; 46; 1
130; 130R; <; 1; 24; 1; 52; 52; 1
130; 130R; <; 2; 23; 1; 57; 57; 1
130; 130R; <; 3; 14; 1; 1; 1; 1
130; 130R; <; 4; 11; 1; 9; 9; 1
130; 130R; <; 5; 4; 1; 16; 16; 1
132; 132H; >; 1; 2; 1; 59; 59; 1
132; 132H; >; 2; 6; 1; 3; 3; 1
132; 132H; >; 3; 8; 1; 7; 7; 1
132; 132H; >; 4; 16; 1; 11; 11; 1
132; 132H; >; 5; 17; 1; 15; 15; 1
132; 132H; >; 6; 19; 1; 19; 19; 1
132; 132H; >; 7; 20; 1; 27; 27; 1
132; 132R; <; 1; 20; 1; 29; 29; 1
132; 132R; <; 2; 19; 1; 37; 37; 1
132; 132R; <; 3; 17; 1; 41; 41; 1
132; 132R; <; 4; 16; 1; 45; 45; 1
132; 132R; <; 5; 8; 1; 49; 49; 1
132; 132R; <; 6; 6; 1; 53; 53; 1
132; 132R; <; 7; 2; 1; 57; 57; 1
