#from_station;to_station;perceived_travel_time;passengers
1;2;6;21
1;3;12;15
1;4;47;10
1;5;53;8
1;6;52;5
1;7;46;11
1;8;18;19
1;9;41;7
1;10;52;3
1;11;58;3
1;12;40;6
1;13;24;82
1;14;40;8
1;15;58;4
1;16;52;3
1;17;46;7
1;18;30;11
1;19;46;4
1;20;52;2
1;21;63;2
1;22;57;2
1;23;36;5
1;24;42;4
1;25;48;15
2;1;6;5
2;3;6;4
2;4;41;3
2;5;47;2
2;6;46;1
2;7;40;3
2;8;12;5
2;9;35;2
2;10;46;1
2;11;52;1
2;12;34;2
2;13;18;20
2;14;34;2
2;15;52;1
2;16;46;1
2;17;40;2
2;18;24;3
2;19;40;1
2;22;51;1
2;23;30;1
2;24;36;1
2;25;42;4
3;1;12;3
3;2;6;3
3;4;35;4
3;5;41;3
3;6;40;1
3;7;34;3
3;8;6;7
3;9;29;3
3;10;40;1
3;11;46;1
3;12;28;3
3;13;12;30
3;14;28;2
3;15;46;1
3;16;40;1
3;17;34;2
3;18;18;4
3;19;34;2
3;20;40;1
3;21;51;1
3;22;45;1
3;23;24;2
3;24;30;1
3;25;36;4
4;1;47;2
4;2;41;2
4;3;35;4
4;5;6;4
4;6;46;1
4;7;40;2
4;8;12;5
4;9;6;3
4;10;26;1
4;11;62;1
4;12;34;3
4;13;18;19
4;14;32;1
4;15;32;1
4;17;30;1
4;18;24;3
4;19;40;2
4;20;46;1
4;21;42;1
4;22;36;1
4;23;45;1
4;24;51;1
4;25;57;2
5;1;53;2
5;2;47;2
5;3;41;3
5;4;6;4
5;6;52;1
5;7;46;1
5;8;18;4
5;9;12;2
5;10;32;1
5;11;68;1
5;12;40;2
5;13;24;16
5;14;38;1
5;17;36;1
5;18;30;2
5;19;46;1
5;20;52;1
5;21;48;1
5;22;42;1
5;23;51;1
5;25;63;2
6;1;52;1
6;2;46;1
6;3;40;1
6;4;46;1
6;5;52;1
6;7;6;8
6;8;34;5
6;9;40;4
6;10;61;2
6;11;57;1
6;12;12;1
6;13;18;20
6;14;24;2
6;15;67;1
6;16;51;1
6;17;45;1
6;18;34;3
6;19;30;2
6;20;36;1
6;23;40;1
6;24;46;1
6;25;52;3
7;1;46;2
7;2;40;3
7;3;34;3
7;4;40;2
7;5;46;1
7;6;6;7
7;8;28;11
7;9;34;9
7;10;55;4
7;11;51;1
7;12;6;3
7;13;12;47
7;14;18;4
7;15;61;2
7;16;45;1
7;17;39;3
7;18;28;7
7;19;24;6
7;20;30;2
7;21;56;1
7;22;50;1
7;23;34;2
7;24;40;2
7;25;46;7
8;1;18;4
8;2;12;4
8;3;6;7
8;4;12;4
8;5;18;3
8;6;34;4
8;7;28;10
8;9;6;11
8;10;32;5
8;11;40;3
8;12;22;6
8;13;6;78
8;14;22;7
8;15;38;3
8;16;34;2
8;17;18;6
8;18;12;11
8;19;28;6
8;20;34;3
8;21;30;2
8;22;24;3
8;23;18;4
8;24;24;3
8;25;30;10
9;1;41;1
9;2;35;2
9;3;29;3
9;4;6;3
9;5;12;2
9;6;40;3
9;7;34;8
9;8;6;11
9;10;6;7
9;11;36;2
9;12;18;5
9;13;12;46
9;14;6;6
9;15;12;3
9;16;30;2
9;17;24;5
9;18;18;6
9;19;34;3
9;20;40;1
9;21;36;1
9;22;30;2
9;23;34;2
9;24;45;1
9;25;51;4
10;1;52;1
10;2;46;1
10;3;40;1
10;4;36;1
10;5;42;1
10;6;51;1
10;7;45;4
10;8;22;5
10;9;6;7
10;11;42;1
10;12;24;2
10;13;18;19
10;14;12;3
10;15;6;1
10;16;36;1
10;17;30;2
10;18;34;3
10;19;45;1
10;20;51;1
10;21;52;1
10;22;46;1
10;23;40;1
10;25;62;2
11;1;58;1
11;2;52;1
11;3;46;1
11;4;52;1
11;5;58;1
11;6;47;1
11;7;41;2
11;8;40;3
11;9;36;1
11;10;42;1
11;12;18;7
11;13;24;25
11;14;30;4
11;15;48;2
11;16;6;1
11;17;12;1
11;18;28;3
11;19;61;2
11;20;67;1
11;21;48;1
11;22;42;1
11;23;46;1
11;24;52;1
11;25;58;3
12;1;40;1
12;2;34;1
12;3;28;1
12;4;34;1
12;5;40;1
12;6;12;1
12;7;6;2
12;8;22;4
12;9;18;2
12;10;24;1
12;11;18;4
12;13;6;29
12;14;12;5
12;15;30;2
12;16;12;1
12;17;6;2
12;18;22;4
12;19;18;3
12;20;24;1
12;21;28;1
12;22;22;1
12;23;28;2
12;24;34;1
12;25;40;3
13;1;24;14
13;2;18;4
13;3;12;7
13;4;18;5
13;5;24;4
13;6;18;5
13;7;12;11
13;8;6;18
13;9;12;11
13;10;18;5
13;11;24;6
13;12;6;9
13;14;6;14
13;15;24;6
13;16;18;5
13;17;12;11
13;18;6;18
13;19;12;11
13;20;18;5
13;21;24;4
13;22;18;5
13;23;12;7
13;24;18;5
13;25;24;8
14;1;40;1
14;2;34;1
14;3;28;2
14;4;22;2
14;5;28;2
14;6;24;2
14;7;18;6
14;8;22;7
14;9;6;4
14;10;12;2
14;11;30;4
14;12;12;9
14;13;6;55
14;15;18;7
14;16;24;2
14;17;18;4
14;18;22;7
14;19;6;6
14;20;12;3
14;21;40;1
14;22;34;1
14;23;28;3
14;24;34;2
14;25;40;8
15;3;46;1
15;4;42;1
15;5;48;1
15;6;57;1
15;7;51;3
15;8;28;3
15;9;12;2
15;10;6;1
15;11;48;2
15;12;30;4
15;13;24;23
15;14;18;7
15;16;42;1
15;17;36;2
15;18;40;3
15;19;51;3
15;20;57;1
15;22;52;1
15;23;46;1
15;24;62;1
15;25;68;3
16;1;52;1
16;2;46;1
16;3;40;1
16;6;41;1
16;7;35;1
16;8;34;3
16;9;30;2
16;10;36;1
16;11;6;1
16;12;12;2
16;13;18;19
16;14;24;3
16;15;42;1
16;17;6;8
16;18;22;5
16;19;55;4
16;20;61;2
16;21;42;1
16;22;36;1
16;23;40;2
16;24;46;1
16;25;52;5
17;1;46;1
17;2;40;2
17;3;34;2
17;4;30;1
17;5;36;1
17;6;35;1
17;7;29;3
17;8;18;6
17;9;24;5
17;10;30;2
17;11;12;2
17;12;6;4
17;13;12;45
17;14;18;6
17;15;36;3
17;16;6;7
17;18;6;11
17;19;44;9
17;20;50;4
17;21;12;1
17;22;6;2
17;23;29;4
17;24;35;3
17;25;41;11
18;1;30;2
18;2;24;2
18;3;18;4
18;4;24;2
18;5;30;2
18;6;34;2
18;7;28;5
18;8;12;10
18;9;18;6
18;10;34;2
18;11;38;3
18;12;22;6
18;13;6;75
18;14;22;7
18;15;40;3
18;16;32;4
18;17;6;11
18;19;28;11
18;20;34;5
18;21;18;3
18;22;12;4
18;23;6;7
18;24;12;4
18;25;18;17
19;1;46;1
19;2;40;1
19;3;34;2
19;4;40;2
19;5;46;1
19;6;30;2
19;7;24;5
19;8;28;6
19;9;29;3
19;10;35;1
19;11;51;1
19;12;18;3
19;13;12;45
19;14;6;4
19;15;41;2
19;16;45;4
19;17;39;9
19;18;28;11
19;20;6;7
19;21;56;2
19;22;50;3
19;23;34;3
19;24;40;2
19;25;46;7
20;3;40;1
20;4;46;1
20;5;52;1
20;6;36;1
20;7;30;2
20;8;34;2
20;9;35;1
20;10;41;1
20;12;24;1
20;13;18;18
20;14;12;2
20;15;47;1
20;16;51;2
20;17;45;4
20;18;34;5
20;19;6;7
20;21;62;1
20;22;56;1
20;23;40;1
20;24;46;1
20;25;52;3
21;3;51;1
21;4;42;1
21;5;48;1
21;7;56;1
21;8;30;2
21;9;36;1
21;10;62;1
21;12;38;1
21;13;24;15
21;14;50;2
21;15;68;1
21;16;32;1
21;17;12;1
21;18;18;4
21;19;56;2
21;20;62;1
21;22;6;5
21;23;41;3
21;24;47;2
21;25;53;8
22;3;45;1
22;4;36;1
22;5;42;1
22;7;50;1
22;8;24;2
22;9;30;2
22;10;56;1
22;11;32;1
22;12;32;1
22;13;18;18
22;14;44;2
22;15;62;1
22;16;26;1
22;17;6;2
22;18;12;5
22;19;50;3
22;20;56;1
22;21;6;4
22;23;35;4
22;24;41;3
22;25;47;9
23;1;36;1
23;2;30;1
23;3;24;2
23;4;45;1
23;5;51;1
23;6;40;1
23;7;34;2
23;8;18;4
23;9;34;2
23;10;40;1
23;11;46;1
23;12;28;3
23;13;12;28
23;14;28;2
23;15;46;1
23;16;40;1
23;17;29;3
23;18;6;7
23;19;34;3
23;20;40;1
23;21;41;3
23;22;35;4
23;24;6;4
23;25;12;13
24;1;42;1
24;2;36;1
24;3;30;1
24;6;46;1
24;7;40;2
24;8;24;2
24;9;40;1
24;11;62;1
24;12;34;2
24;13;18;17
24;14;34;1
24;16;56;1
24;17;35;3
24;18;12;4
24;19;40;2
24;20;46;1
24;21;47;2
24;22;41;2
24;23;6;4
24;25;6;19
25;1;48;1
25;2;42;1
25;3;36;1
25;7;46;1
25;8;30;2
25;9;46;1
25;11;68;1
25;12;40;2
25;13;24;13
25;14;40;1
25;16;62;1
25;17;41;2
25;18;18;3
25;19;46;1
25;20;52;1
25;21;53;1
25;22;47;2
25;23;12;3
25;24;6;4
