#line-id;line-code;direction;stop-order;stop-id;frequency;departure_time;arrival_time
1; 1H; >; 1; 1; 5; 0; 0
1; 1H; >; 2; 2; 5; 6; 6
1; 1H; >; 3; 3; 5; 12; 12
1; 1H; >; 4; 8; 5; 18; 18
1; 1H; >; 5; 13; 5; 24; 24
1; 1H; >; 6; 18; 5; 30; 30
1; 1H; >; 7; 23; 5; 36; 36
1; 1H; >; 8; 24; 5; 42; 42
1; 1H; >; 9; 25; 5; 48; 48
1; 1R; <; 1; 25; 5; 0; 0
1; 1R; <; 2; 24; 5; 6; 6
1; 1R; <; 3; 23; 5; 12; 12
1; 1R; <; 4; 18; 5; 18; 18
1; 1R; <; 5; 13; 5; 24; 24
1; 1R; <; 6; 8; 5; 30; 30
1; 1R; <; 7; 3; 5; 36; 36
1; 1R; <; 8; 2; 5; 42; 42
1; 1R; <; 9; 1; 5; 48; 48
2; 2H; >; 1; 6; 3; 0; 0
2; 2H; >; 2; 7; 3; 6; 6
2; 2H; >; 3; 8; 3; 12; 12
2; 2H; >; 4; 13; 3; 18; 18
2; 2H; >; 5; 18; 3; 24; 24
2; 2H; >; 6; 19; 3; 30; 30
2; 2H; >; 7; 20; 3; 36; 36
2; 2R; <; 1; 20; 3; 0; 0
2; 2R; <; 2; 19; 3; 6; 6
2; 2R; <; 3; 18; 3; 12; 12
2; 2R; <; 4; 13; 3; 18; 18
2; 2R; <; 5; 8; 3; 24; 24
2; 2R; <; 6; 7; 3; 30; 30
2; 2R; <; 7; 6; 3; 36; 36
3; 3H; >; 1; 11; 3; 13; 13
3; 3H; >; 2; 12; 3; 19; 19
3; 3H; >; 3; 13; 3; 25; 25
3; 3H; >; 4; 14; 3; 31; 31
3; 3H; >; 5; 15; 3; 37; 37
3; 3R; <; 1; 15; 3; 43; 43
3; 3R; <; 2; 14; 3; 49; 49
3; 3R; <; 3; 13; 3; 55; 55
3; 3R; <; 4; 12; 3; 1; 1
3; 3R; <; 5; 11; 3; 7; 7
4; 4H; >; 1; 16; 3; 31; 31
4; 4H; >; 2; 17; 3; 37; 37
4; 4H; >; 3; 18; 3; 43; 43
4; 4H; >; 4; 13; 3; 49; 49
4; 4H; >; 5; 8; 3; 55; 55
4; 4H; >; 6; 9; 3; 1; 1
4; 4H; >; 7; 10; 3; 7; 7
4; 4R; <; 1; 10; 3; 31; 31
4; 4R; <; 2; 9; 3; 37; 37
4; 4R; <; 3; 8; 3; 43; 43
4; 4R; <; 4; 13; 3; 49; 49
4; 4R; <; 5; 18; 3; 55; 55
4; 4R; <; 6; 17; 3; 1; 1
4; 4R; <; 7; 16; 3; 7; 7
5; 5H; >; 1; 21; 2; 28; 28
5; 5H; >; 2; 22; 2; 34; 34
5; 5H; >; 3; 23; 2; 40; 40
5; 5H; >; 4; 18; 2; 46; 46
5; 5H; >; 5; 13; 2; 52; 52
5; 5H; >; 6; 8; 2; 58; 58
5; 5H; >; 7; 3; 2; 4; 4
5; 5H; >; 8; 4; 2; 10; 10
5; 5H; >; 9; 5; 2; 16; 16
5; 5R; <; 1; 5; 2; 28; 28
5; 5R; <; 2; 4; 2; 34; 34
5; 5R; <; 3; 3; 2; 40; 40
5; 5R; <; 4; 8; 2; 46; 46
5; 5R; <; 5; 13; 2; 52; 52
5; 5R; <; 6; 18; 2; 58; 58
5; 5R; <; 7; 23; 2; 4; 4
5; 5R; <; 8; 22; 2; 10; 10
5; 5R; <; 9; 21; 2; 16; 16
