#line-id;line-code;direction;stop-order;stop-id;frequency;departure_time;arrival_time;line-repetition
1; 1H; >; 1; 1; 5; 0; 0; 1
1; 1H; >; 2; 2; 5; 6; 6; 1
1; 1H; >; 3; 3; 5; 12; 12; 1
1; 1H; >; 4; 8; 5; 18; 18; 1
1; 1H; >; 5; 13; 5; 24; 24; 1
1; 1H; >; 6; 18; 5; 30; 30; 1
1; 1H; >; 7; 23; 5; 36; 36; 1
1; 1H; >; 8; 24; 5; 42; 42; 1
1; 1H; >; 9; 25; 5; 48; 48; 1
1; 1H; >; 1; 1; 5; 12; 12; 2
1; 1H; >; 2; 2; 5; 18; 18; 2
1; 1H; >; 3; 3; 5; 24; 24; 2
1; 1H; >; 4; 8; 5; 30; 30; 2
1; 1H; >; 5; 13; 5; 36; 36; 2
1; 1H; >; 6; 18; 5; 42; 42; 2
1; 1H; >; 7; 23; 5; 48; 48; 2
1; 1H; >; 8; 24; 5; 54; 54; 2
1; 1H; >; 9; 25; 5; 0; 0; 2
1; 1H; >; 1; 1; 5; 24; 24; 3
1; 1H; >; 2; 2; 5; 30; 30; 3
1; 1H; >; 3; 3; 5; 36; 36; 3
1; 1H; >; 4; 8; 5; 42; 42; 3
1; 1H; >; 5; 13; 5; 48; 48; 3
1; 1H; >; 6; 18; 5; 54; 54; 3
1; 1H; >; 7; 23; 5; 0; 0; 3
1; 1H; >; 8; 24; 5; 6; 6; 3
1; 1H; >; 9; 25; 5; 12; 12; 3
1; 1H; >; 1; 1; 5; 36; 36; 4
1; 1H; >; 2; 2; 5; 42; 42; 4
1; 1H; >; 3; 3; 5; 48; 48; 4
1; 1H; >; 4; 8; 5; 54; 54; 4
1; 1H; >; 5; 13; 5; 0; 0; 4
1; 1H; >; 6; 18; 5; 6; 6; 4
1; 1H; >; 7; 23; 5; 12; 12; 4
1; 1H; >; 8; 24; 5; 18; 18; 4
1; 1H; >; 9; 25; 5; 24; 24; 4
1; 1H; >; 1; 1; 5; 48; 48; 5
1; 1H; >; 2; 2; 5; 54; 54; 5
1; 1H; >; 3; 3; 5; 0; 0; 5
1; 1H; >; 4; 8; 5; 6; 6; 5
1; 1H; >; 5; 13; 5; 12; 12; 5
1; 1H; >; 6; 18; 5; 18; 18; 5
1; 1H; >; 7; 23; 5; 24; 24; 5
1; 1H; >; 8; 24; 5; 30; 30; 5
1; 1H; >; 9; 25; 5; 36; 36; 5
1; 1R; <; 1; 25; 5; 0; 0; 1
1; 1R; <; 2; 24; 5; 6; 6; 1
1; 1R; <; 3; 23; 5; 12; 12; 1
1; 1R; <; 4; 18; 5; 18; 18; 1
1; 1R; <; 5; 13; 5; 24; 24; 1
1; 1R; <; 6; 8; 5; 30; 30; 1
1; 1R; <; 7; 3; 5; 36; 36; 1
1; 1R; <; 8; 2; 5; 42; 42; 1
1; 1R; <; 9; 1; 5; 48; 48; 1
1; 1R; <; 1; 25; 5; 12; 12; 2
1; 1R; <; 2; 24; 5; 18; 18; 2
1; 1R; <; 3; 23; 5; 24; 24; 2
1; 1R; <; 4; 18; 5; 30; 30; 2
1; 1R; <; 5; 13; 5; 36; 36; 2
1; 1R; <; 6; 8; 5; 42; 42; 2
1; 1R; <; 7; 3; 5; 48; 48; 2
1; 1R; <; 8; 2; 5; 54; 54; 2
1; 1R; <; 9; 1; 5; 0; 0; 2
1; 1R; <; 1; 25; 5; 24; 24; 3
1; 1R; <; 2; 24; 5; 30; 30; 3
1; 1R; <; 3; 23; 5; 36; 36; 3
1; 1R; <; 4; 18; 5; 42; 42; 3
1; 1R; <; 5; 13; 5; 48; 48; 3
1; 1R; <; 6; 8; 5; 54; 54; 3
1; 1R; <; 7; 3; 5; 0; 0; 3
1; 1R; <; 8; 2; 5; 6; 6; 3
1; 1R; <; 9; 1; 5; 12; 12; 3
1; 1R; <; 1; 25; 5; 36; 36; 4
1; 1R; <; 2; 24; 5; 42; 42; 4
1; 1R; <; 3; 23; 5; 48; 48; 4
1; 1R; <; 4; 18; 5; 54; 54; 4
1; 1R; <; 5; 13; 5; 0; 0; 4
1; 1R; <; 6; 8; 5; 6; 6; 4
1; 1R; <; 7; 3; 5; 12; 12; 4
1; 1R; <; 8; 2; 5; 18; 18; 4
1; 1R; <; 9; 1; 5; 24; 24; 4
1; 1R; <; 1; 25; 5; 48; 48; 5
1; 1R; <; 2; 24; 5; 54; 54; 5
1; 1R; <; 3; 23; 5; 0; 0; 5
1; 1R; <; 4; 18; 5; 6; 6; 5
1; 1R; <; 5; 13; 5; 12; 12; 5
1; 1R; <; 6; 8; 5; 18; 18; 5
1; 1R; <; 7; 3; 5; 24; 24; 5
1; 1R; <; 8; 2; 5; 30; 30; 5
1; 1R; <; 9; 1; 5; 36; 36; 5
2; 2H; >; 1; 6; 3; 0; 0; 1
2; 2H; >; 2; 7; 3; 6; 6; 1
2; 2H; >; 3; 8; 3; 12; 12; 1
2; 2H; >; 4; 13; 3; 18; 18; 1
2; 2H; >; 5; 18; 3; 24; 24; 1
2; 2H; >; 6; 19; 3; 30; 30; 1
2; 2H; >; 7; 20; 3; 36; 36; 1
2; 2H; >; 1; 6; 3; 20; 20; 2
2; 2H; >; 2; 7; 3; 26; 26; 2
2; 2H; >; 3; 8; 3; 32; 32; 2
2; 2H; >; 4; 13; 3; 38; 38; 2
2; 2H; >; 5; 18; 3; 44; 44; 2
2; 2H; >; 6; 19; 3; 50; 50; 2
2; 2H; >; 7; 20; 3; 56; 56; 2
2; 2H; >; 1; 6; 3; 40; 40; 3
2; 2H; >; 2; 7; 3; 46; 46; 3
2; 2H; >; 3; 8; 3; 52; 52; 3
2; 2H; >; 4; 13; 3; 58; 58; 3
2; 2H; >; 5; 18; 3; 4; 4; 3
2; 2H; >; 6; 19; 3; 10; 10; 3
2; 2H; >; 7; 20; 3; 16; 16; 3
2; 2R; <; 1; 20; 3; 0; 0; 1
2; 2R; <; 2; 19; 3; 6; 6; 1
2; 2R; <; 3; 18; 3; 12; 12; 1
2; 2R; <; 4; 13; 3; 18; 18; 1
2; 2R; <; 5; 8; 3; 24; 24; 1
2; 2R; <; 6; 7; 3; 30; 30; 1
2; 2R; <; 7; 6; 3; 36; 36; 1
2; 2R; <; 1; 20; 3; 20; 20; 2
2; 2R; <; 2; 19; 3; 26; 26; 2
2; 2R; <; 3; 18; 3; 32; 32; 2
2; 2R; <; 4; 13; 3; 38; 38; 2
2; 2R; <; 5; 8; 3; 44; 44; 2
2; 2R; <; 6; 7; 3; 50; 50; 2
2; 2R; <; 7; 6; 3; 56; 56; 2
2; 2R; <; 1; 20; 3; 40; 40; 3
2; 2R; <; 2; 19; 3; 46; 46; 3
2; 2R; <; 3; 18; 3; 52; 52; 3
2; 2R; <; 4; 13; 3; 58; 58; 3
2; 2R; <; 5; 8; 3; 4; 4; 3
2; 2R; <; 6; 7; 3; 10; 10; 3
2; 2R; <; 7; 6; 3; 16; 16; 3
3; 3H; >; 1; 11; 3; 13; 13; 1
3; 3H; >; 2; 12; 3; 19; 19; 1
3; 3H; >; 3; 13; 3; 25; 25; 1
3; 3H; >; 4; 14; 3; 31; 31; 1
3; 3H; >; 5; 15; 3; 37; 37; 1
3; 3H; >; 1; 11; 3; 33; 33; 2
3; 3H; >; 2; 12; 3; 39; 39; 2
3; 3H; >; 3; 13; 3; 45; 45; 2
3; 3H; >; 4; 14; 3; 51; 51; 2
3; 3H; >; 5; 15; 3; 57; 57; 2
3; 3H; >; 1; 11; 3; 53; 53; 3
3; 3H; >; 2; 12; 3; 59; 59; 3
3; 3H; >; 3; 13; 3; 5; 5; 3
3; 3H; >; 4; 14; 3; 11; 11; 3
3; 3H; >; 5; 15; 3; 17; 17; 3
3; 3R; <; 1; 15; 3; 43; 43; 1
3; 3R; <; 2; 14; 3; 49; 49; 1
3; 3R; <; 3; 13; 3; 55; 55; 1
3; 3R; <; 4; 12; 3; 1; 1; 1
3; 3R; <; 5; 11; 3; 7; 7; 1
3; 3R; <; 1; 15; 3; 3; 3; 2
3; 3R; <; 2; 14; 3; 9; 9; 2
3; 3R; <; 3; 13; 3; 15; 15; 2
3; 3R; <; 4; 12; 3; 21; 21; 2
3; 3R; <; 5; 11; 3; 27; 27; 2
3; 3R; <; 1; 15; 3; 23; 23; 3
3; 3R; <; 2; 14; 3; 29; 29; 3
3; 3R; <; 3; 13; 3; 35; 35; 3
3; 3R; <; 4; 12; 3; 41; 41; 3
3; 3R; <; 5; 11; 3; 47; 47; 3
4; 4H; >; 1; 16; 3; 31; 31; 1
4; 4H; >; 2; 17; 3; 37; 37; 1
4; 4H; >; 3; 18; 3; 43; 43; 1
4; 4H; >; 4; 13; 3; 49; 49; 1
4; 4H; >; 5; 8; 3; 55; 55; 1
4; 4H; >; 6; 9; 3; 1; 1; 1
4; 4H; >; 7; 10; 3; 7; 7; 1
4; 4H; >; 1; 16; 3; 51; 51; 2
4; 4H; >; 2; 17; 3; 57; 57; 2
4; 4H; >; 3; 18; 3; 3; 3; 2
4; 4H; >; 4; 13; 3; 9; 9; 2
4; 4H; >; 5; 8; 3; 15; 15; 2
4; 4H; >; 6; 9; 3; 21; 21; 2
4; 4H; >; 7; 10; 3; 27; 27; 2
4; 4H; >; 1; 16; 3; 11; 11; 3
4; 4H; >; 2; 17; 3; 17; 17; 3
4; 4H; >; 3; 18; 3; 23; 23; 3
4; 4H; >; 4; 13; 3; 29; 29; 3
4; 4H; >; 5; 8; 3; 35; 35; 3
4; 4H; >; 6; 9; 3; 41; 41; 3
4; 4H; >; 7; 10; 3; 47; 47; 3
4; 4R; <; 1; 10; 3; 31; 31; 1
4; 4R; <; 2; 9; 3; 37; 37; 1
4; 4R; <; 3; 8; 3; 43; 43; 1
4; 4R; <; 4; 13; 3; 49; 49; 1
4; 4R; <; 5; 18; 3; 55; 55; 1
4; 4R; <; 6; 17; 3; 1; 1; 1
4; 4R; <; 7; 16; 3; 7; 7; 1
4; 4R; <; 1; 10; 3; 51; 51; 2
4; 4R; <; 2; 9; 3; 57; 57; 2
4; 4R; <; 3; 8; 3; 3; 3; 2
4; 4R; <; 4; 13; 3; 9; 9; 2
4; 4R; <; 5; 18; 3; 15; 15; 2
4; 4R; <; 6; 17; 3; 21; 21; 2
4; 4R; <; 7; 16; 3; 27; 27; 2
4; 4R; <; 1; 10; 3; 11; 11; 3
4; 4R; <; 2; 9; 3; 17; 17; 3
4; 4R; <; 3; 8; 3; 23; 23; 3
4; 4R; <; 4; 13; 3; 29; 29; 3
4; 4R; <; 5; 18; 3; 35; 35; 3
4; 4R; <; 6; 17; 3; 41; 41; 3
4; 4R; <; 7; 16; 3; 47; 47; 3
5; 5H; >; 1; 21; 2; 28; 28; 1
5; 5H; >; 2; 22; 2; 34; 34; 1
5; 5H; >; 3; 23; 2; 40; 40; 1
5; 5H; >; 4; 18; 2; 46; 46; 1
5; 5H; >; 5; 13; 2; 52; 52; 1
5; 5H; >; 6; 8; 2; 58; 58; 1
5; 5H; >; 7; 3; 2; 4; 4; 1
5; 5H; >; 8; 4; 2; 10; 10; 1
5; 5H; >; 9; 5; 2; 16; 16; 1
5; 5H; >; 1; 21; 2; 58; 58; 2
5; 5H; >; 2; 22; 2; 4; 4; 2
5; 5H; >; 3; 23; 2; 10; 10; 2
5; 5H; >; 4; 18; 2; 16; 16; 2
5; 5H; >; 5; 13; 2; 22; 22; 2
5; 5H; >; 6; 8; 2; 28; 28; 2
5; 5H; >; 7; 3; 2; 34; 34; 2
5; 5H; >; 8; 4; 2; 40; 40; 2
5; 5H; >; 9; 5; 2; 46; 46; 2
5; 5R; <; 1; 5; 2; 28; 28; 1
5; 5R; <; 2; 4; 2; 34; 34; 1
5; 5R; <; 3; 3; 2; 40; 40; 1
5; 5R; <; 4; 8; 2; 46; 46; 1
5; 5R; <; 5; 13; 2; 52; 52; 1
5; 5R; <; 6; 18; 2; 58; 58; 1
5; 5R; <; 7; 23; 2; 4; 4; 1
5; 5R; <; 8; 22; 2; 10; 10; 1
5; 5R; <; 9; 21; 2; 16; 16; 1
5; 5R; <; 1; 5; 2; 58; 58; 2
5; 5R; <; 2; 4; 2; 4; 4; 2
5; 5R; <; 3; 3; 2; 10; 10; 2
5; 5R; <; 4; 8; 2; 16; 16; 2
5; 5R; <; 5; 13; 2; 22; 22; 2
5; 5R; <; 6; 18; 2; 28; 28; 2
5; 5R; <; 7; 23; 2; 34; 34; 2
5; 5R; <; 8; 22; 2; 40; 40; 2
5; 5R; <; 9; 21; 2; 46; 46; 2
