#event-id; time
1; 39
2; 45
3; 45
4; 51
5; 51
6; 57
7; 57
8; 3
9; 3
10; 9
11; 9
12; 15
13; 15
14; 21
15; 21
16; 27
17; 27
18; 33
19; 33
20; 39
21; 0
22; 6
23; 6
24; 12
25; 12
26; 18
27; 18
28; 24
29; 24
30; 30
31; 30
32; 36
33; 36
34; 42
35; 42
36; 48
37; 48
38; 54
39; 54
40; 0
41; 42
42; 48
43; 48
44; 54
45; 54
46; 0
47; 0
48; 6
49; 6
50; 12
51; 12
52; 18
53; 18
54; 24
55; 24
56; 30
57; 30
58; 36
59; 36
60; 42
61; 0
62; 6
63; 6
64; 12
65; 12
66; 18
67; 18
68; 24
69; 24
70; 30
71; 30
72; 36
73; 36
74; 42
75; 42
76; 48
77; 48
78; 54
79; 54
80; 0
81; 0
82; 6
83; 6
84; 12
85; 12
86; 18
87; 18
88; 24
89; 24
90; 30
91; 30
92; 36
93; 36
94; 42
95; 42
96; 48
97; 48
98; 54
99; 54
100; 0
101; 0
102; 6
103; 6
104; 12
105; 12
106; 18
107; 18
108; 24
109; 24
110; 30
111; 30
112; 36
113; 36
114; 42
115; 42
116; 48
117; 48
118; 54
119; 54
120; 0
121; 3
122; 9
123; 9
124; 15
125; 15
126; 21
127; 21
128; 27
129; 27
130; 33
131; 33
132; 39
133; 39
134; 45
135; 45
136; 51
137; 51
138; 57
139; 57
140; 3
141; 39
142; 45
143; 45
144; 51
145; 51
146; 57
147; 57
148; 3
149; 3
150; 9
151; 9
152; 15
153; 15
154; 21
155; 21
156; 27
157; 27
158; 33
159; 33
160; 39
161; 0
162; 6
163; 6
164; 12
165; 12
166; 18
167; 18
168; 24
169; 24
170; 30
171; 30
172; 36
173; 36
174; 42
175; 42
176; 48
177; 48
178; 54
179; 54
180; 0
181; 0
182; 6
183; 6
184; 12
185; 12
186; 18
187; 18
188; 24
189; 24
190; 30
191; 30
192; 36
193; 36
194; 42
195; 42
196; 48
197; 48
198; 54
199; 54
200; 0
201; 27
202; 33
203; 33
204; 39
205; 39
206; 45
207; 45
208; 51
209; 51
210; 57
211; 57
212; 3
213; 3
214; 9
215; 9
216; 15
217; 15
218; 21
219; 21
220; 27
221; 0
222; 6
223; 6
224; 12
225; 12
226; 18
227; 18
228; 24
229; 24
230; 30
231; 30
232; 36
233; 36
234; 42
235; 42
236; 48
237; 48
238; 54
239; 54
240; 0
241; 54
242; 0
243; 0
244; 6
245; 6
246; 12
247; 12
248; 18
249; 18
250; 24
251; 24
252; 30
253; 30
254; 36
255; 36
256; 42
257; 24
258; 30
259; 30
260; 36
261; 36
262; 42
263; 42
264; 48
265; 48
266; 54
267; 54
268; 0
269; 0
270; 6
271; 6
272; 12
273; 6
274; 12
275; 12
276; 18
277; 18
278; 24
279; 24
280; 30
281; 30
282; 36
283; 36
284; 42
285; 42
286; 48
287; 48
288; 54
289; 36
290; 42
291; 42
292; 48
293; 48
294; 54
295; 54
296; 0
297; 0
298; 6
299; 6
300; 12
301; 12
302; 18
303; 18
304; 24
305; 0
306; 6
307; 6
308; 12
309; 12
310; 18
311; 18
312; 24
313; 24
314; 30
315; 30
316; 36
317; 36
318; 42
319; 42
320; 48
321; 30
322; 36
323; 36
324; 42
325; 42
326; 48
327; 48
328; 54
329; 54
330; 0
331; 0
332; 6
333; 6
334; 12
335; 12
336; 18
337; 3
338; 9
339; 9
340; 15
341; 15
342; 21
343; 21
344; 27
345; 27
346; 33
347; 33
348; 39
349; 39
350; 45
351; 45
352; 51
353; 33
354; 39
355; 39
356; 45
357; 45
358; 51
359; 51
360; 57
361; 57
362; 3
363; 3
364; 9
365; 9
366; 15
367; 15
368; 21
369; 30
370; 36
371; 36
372; 42
373; 42
374; 48
375; 48
376; 54
377; 54
378; 0
379; 0
380; 6
381; 6
382; 12
383; 12
384; 18
385; 0
386; 6
387; 6
388; 12
389; 12
390; 18
391; 18
392; 24
393; 24
394; 30
395; 30
396; 36
397; 36
398; 42
399; 42
400; 48
401; 24
402; 30
403; 30
404; 36
405; 36
406; 42
407; 42
408; 48
409; 48
410; 54
411; 54
412; 0
413; 0
414; 6
415; 6
416; 12
417; 54
418; 0
419; 0
420; 6
421; 6
422; 12
423; 12
424; 18
425; 18
426; 24
427; 24
428; 30
429; 30
430; 36
431; 36
432; 42
433; 3
434; 9
435; 9
436; 15
437; 15
438; 21
439; 21
440; 27
441; 27
442; 33
443; 33
444; 39
445; 39
446; 45
447; 33
448; 39
449; 39
450; 45
451; 45
452; 51
453; 51
454; 57
455; 57
456; 3
457; 3
458; 9
459; 9
460; 15
461; 57
462; 3
463; 3
464; 9
465; 9
466; 15
467; 15
468; 21
469; 21
470; 27
471; 27
472; 33
473; 33
474; 39
475; 27
476; 33
477; 33
478; 39
479; 39
480; 45
481; 45
482; 51
483; 51
484; 57
485; 57
486; 3
487; 3
488; 9
489; 24
490; 30
491; 30
492; 36
493; 36
494; 42
495; 42
496; 48
497; 48
498; 54
499; 54
500; 0
501; 0
502; 6
503; 54
504; 0
505; 0
506; 6
507; 6
508; 12
509; 12
510; 18
511; 18
512; 24
513; 24
514; 30
515; 30
516; 36
517; 0
518; 6
519; 6
520; 12
521; 12
522; 18
523; 18
524; 24
525; 24
526; 30
527; 30
528; 36
529; 36
530; 42
531; 30
532; 36
533; 36
534; 42
535; 42
536; 48
537; 48
538; 54
539; 54
540; 0
541; 0
542; 6
543; 6
544; 12
545; 57
546; 3
547; 3
548; 9
549; 9
550; 15
551; 15
552; 21
553; 21
554; 27
555; 27
556; 33
557; 33
558; 39
559; 39
560; 45
561; 45
562; 51
563; 51
564; 57
565; 0
566; 6
567; 6
568; 12
569; 12
570; 18
571; 18
572; 24
573; 24
574; 30
575; 30
576; 36
577; 36
578; 42
579; 42
580; 48
581; 48
582; 54
583; 54
584; 0
585; 0
586; 6
587; 6
588; 12
589; 12
590; 18
591; 18
592; 24
593; 24
594; 30
595; 30
596; 36
597; 36
598; 42
599; 42
600; 48
601; 48
602; 54
603; 54
604; 0
605; 48
606; 54
607; 54
608; 0
609; 0
610; 6
611; 6
612; 12
613; 12
614; 18
615; 18
616; 24
617; 24
618; 30
619; 30
620; 36
621; 36
622; 42
623; 42
624; 48
625; 18
626; 24
627; 24
628; 30
629; 30
630; 36
631; 36
632; 42
633; 42
634; 48
635; 48
636; 54
637; 54
638; 0
639; 0
640; 6
641; 6
642; 12
643; 12
644; 18
645; 9
646; 15
647; 15
648; 21
649; 21
650; 27
651; 27
652; 33
653; 33
654; 39
655; 39
656; 45
657; 45
658; 51
659; 51
660; 57
661; 57
662; 3
663; 3
664; 9
665; 39
666; 45
667; 45
668; 51
669; 51
670; 57
671; 57
672; 3
673; 3
674; 9
675; 9
676; 15
677; 15
678; 21
679; 21
680; 27
681; 27
682; 33
683; 33
684; 39
685; 0
686; 6
687; 6
688; 12
689; 12
690; 18
691; 18
692; 24
693; 24
694; 30
695; 30
696; 36
697; 36
698; 42
699; 42
700; 48
701; 48
702; 54
703; 54
704; 0
705; 3
706; 9
707; 9
708; 15
709; 15
710; 21
711; 21
712; 27
713; 27
714; 33
715; 33
716; 39
717; 39
718; 45
719; 45
720; 51
721; 51
722; 57
723; 57
724; 3
725; 27
726; 33
727; 33
728; 39
729; 39
730; 45
731; 45
732; 51
733; 51
734; 57
735; 57
736; 3
737; 3
738; 9
739; 9
740; 15
741; 15
742; 21
743; 21
744; 27
745; 15
746; 21
747; 21
748; 27
749; 27
750; 33
751; 33
752; 39
753; 39
754; 45
755; 45
756; 51
757; 51
758; 57
759; 57
760; 3
761; 3
762; 9
763; 9
764; 15
765; 18
766; 24
767; 24
768; 30
769; 30
770; 36
771; 36
772; 42
773; 42
774; 48
775; 48
776; 54
777; 54
778; 0
779; 0
780; 6
781; 6
782; 12
783; 12
784; 18
785; 45
786; 51
787; 51
788; 57
789; 57
790; 3
791; 3
792; 9
793; 9
794; 15
795; 15
796; 21
797; 21
798; 27
799; 27
800; 33
801; 33
802; 39
803; 39
804; 45
805; 27
806; 33
807; 33
808; 39
809; 39
810; 45
811; 45
812; 51
813; 51
814; 57
815; 57
816; 3
817; 3
818; 9
819; 9
820; 15
821; 15
822; 21
823; 21
824; 27
825; 9
826; 15
827; 15
828; 21
829; 21
830; 27
831; 27
832; 33
833; 33
834; 39
835; 39
836; 45
837; 45
838; 51
839; 51
840; 57
841; 57
842; 3
843; 3
844; 9
845; 0
846; 6
847; 6
848; 12
849; 12
850; 18
851; 18
852; 24
853; 24
854; 30
855; 30
856; 36
857; 36
858; 42
859; 42
860; 48
861; 48
862; 54
863; 54
864; 0
865; 3
866; 9
867; 9
868; 15
869; 15
870; 21
871; 21
872; 27
873; 27
874; 33
875; 33
876; 39
877; 39
878; 45
879; 45
880; 51
881; 51
882; 57
883; 57
884; 3
885; 18
886; 24
887; 24
888; 30
889; 30
890; 36
891; 36
892; 42
893; 42
894; 48
895; 48
896; 54
897; 54
898; 0
899; 0
900; 6
901; 6
902; 12
903; 12
904; 18
905; 42
906; 48
907; 48
908; 54
909; 54
910; 0
911; 0
912; 6
913; 6
914; 12
915; 12
916; 18
917; 18
918; 24
919; 24
920; 30
921; 30
922; 36
923; 36
924; 42
925; 15
926; 21
927; 21
928; 27
929; 27
930; 33
931; 33
932; 39
933; 39
934; 45
935; 45
936; 51
937; 51
938; 57
939; 57
940; 3
941; 3
942; 9
943; 9
944; 15
945; 0
946; 6
947; 6
948; 12
949; 12
950; 18
951; 18
952; 24
953; 24
954; 30
955; 30
956; 36
957; 36
958; 42
959; 42
960; 48
961; 48
962; 54
963; 54
964; 0
965; 12
966; 18
967; 18
968; 24
969; 24
970; 30
971; 30
972; 36
973; 36
974; 42
975; 42
976; 48
977; 48
978; 54
979; 54
980; 0
981; 0
982; 6
983; 6
984; 12
985; 0
986; 6
987; 6
988; 12
989; 12
990; 18
991; 18
992; 24
993; 24
994; 30
995; 30
996; 36
997; 36
998; 42
999; 42
1000; 48
1001; 48
1002; 54
1003; 54
1004; 0
1005; 42
1006; 48
1007; 48
1008; 54
1009; 54
1010; 0
1011; 0
1012; 6
1013; 6
1014; 12
1015; 12
1016; 18
1017; 18
1018; 24
1019; 24
1020; 30
1021; 30
1022; 36
1023; 36
1024; 42
1025; 0
1026; 6
1027; 6
1028; 12
1029; 12
1030; 18
1031; 18
1032; 24
1033; 24
1034; 30
1035; 30
1036; 36
1037; 36
1038; 42
1039; 42
1040; 48
1041; 48
1042; 54
1043; 54
1044; 0
1045; 0
1046; 6
1047; 6
1048; 12
1049; 12
1050; 18
1051; 18
1052; 24
1053; 24
1054; 30
1055; 30
1056; 36
1057; 36
1058; 42
1059; 42
1060; 48
1061; 48
1062; 54
1063; 54
1064; 0
1065; 30
1066; 36
1067; 36
1068; 42
1069; 42
1070; 48
1071; 48
1072; 54
1073; 54
1074; 0
1075; 0
1076; 6
1077; 6
1078; 12
1079; 12
1080; 18
1081; 18
1082; 24
1083; 24
1084; 30
1085; 0
1086; 6
1087; 6
1088; 12
1089; 12
1090; 18
1091; 18
1092; 24
1093; 24
1094; 30
1095; 30
1096; 36
1097; 36
1098; 42
1099; 42
1100; 48
1101; 48
1102; 54
1103; 54
1104; 0
1105; 0
1106; 6
1107; 6
1108; 12
1109; 12
1110; 18
1111; 18
1112; 24
1113; 30
1114; 36
1115; 36
1116; 42
1117; 42
1118; 48
1119; 48
1120; 54
1121; 0
1122; 6
1123; 6
1124; 12
1125; 12
1126; 18
1127; 18
1128; 24
1129; 30
1130; 36
1131; 36
1132; 42
1133; 42
1134; 48
1135; 48
1136; 54
