#line-id;line-code;direction;stop-order;stop-id;frequency;arrival_time;departure_time
23; 23H; >; 1; 25; 2; 39; 39
23; 23H; >; 2; 24; 2; 45; 45
23; 23H; >; 3; 19; 2; 51; 51
23; 23H; >; 4; 14; 2; 57; 57
23; 23H; >; 5; 9; 2; 3; 3
23; 23H; >; 6; 4; 2; 9; 9
23; 23R; <; 1; 4; 2; 0; 0
23; 23R; <; 2; 9; 2; 6; 6
23; 23R; <; 3; 14; 2; 12; 12
23; 23R; <; 4; 19; 2; 18; 18
23; 23R; <; 5; 24; 2; 24; 24
23; 23R; <; 6; 25; 2; 30; 30
36; 36H; >; 1; 22; 2; 42; 42
36; 36H; >; 2; 21; 2; 48; 48
36; 36H; >; 3; 16; 2; 54; 54
36; 36H; >; 4; 11; 2; 0; 0
36; 36H; >; 5; 6; 2; 6; 6
36; 36H; >; 6; 1; 2; 12; 12
36; 36R; <; 1; 1; 2; 0; 0
36; 36R; <; 2; 6; 2; 6; 6
36; 36R; <; 3; 11; 2; 12; 12
36; 36R; <; 4; 16; 2; 18; 18
36; 36R; <; 5; 21; 2; 24; 24
36; 36R; <; 6; 22; 2; 30; 30
68; 68H; >; 1; 15; 2; 0; 0
68; 68H; >; 2; 14; 2; 6; 6
68; 68H; >; 3; 13; 2; 12; 12
68; 68H; >; 4; 8; 2; 18; 18
68; 68H; >; 5; 3; 2; 24; 24
68; 68H; >; 6; 2; 2; 30; 30
68; 68R; <; 1; 2; 2; 0; 0
68; 68R; <; 2; 3; 2; 6; 6
68; 68R; <; 3; 8; 2; 12; 12
68; 68R; <; 4; 13; 2; 18; 18
68; 68R; <; 5; 14; 2; 24; 24
68; 68R; <; 6; 15; 2; 30; 30
104; 104H; >; 1; 9; 2; 3; 3
104; 104H; >; 2; 8; 2; 9; 9
104; 104H; >; 3; 3; 2; 15; 15
104; 104H; >; 4; 2; 2; 21; 21
104; 104H; >; 5; 1; 2; 27; 27
104; 104H; >; 6; 6; 2; 33; 33
104; 104R; <; 1; 6; 2; 39; 39
104; 104R; <; 2; 1; 2; 45; 45
104; 104R; <; 3; 2; 2; 51; 51
104; 104R; <; 4; 3; 2; 57; 57
104; 104R; <; 5; 8; 2; 3; 3
104; 104R; <; 6; 9; 2; 9; 9
105; 105H; >; 1; 12; 2; 0; 0
105; 105H; >; 2; 7; 2; 6; 6
105; 105H; >; 3; 8; 2; 12; 12
105; 105H; >; 4; 3; 2; 18; 18
105; 105H; >; 5; 4; 2; 24; 24
105; 105H; >; 6; 5; 2; 30; 30
105; 105R; <; 1; 5; 2; 0; 0
105; 105R; <; 2; 4; 2; 6; 6
105; 105R; <; 3; 3; 2; 12; 12
105; 105R; <; 4; 8; 2; 18; 18
105; 105R; <; 5; 7; 2; 24; 24
105; 105R; <; 6; 12; 2; 30; 30
115; 115H; >; 1; 10; 2; 27; 27
115; 115H; >; 2; 5; 2; 33; 33
115; 115H; >; 3; 4; 2; 39; 39
115; 115H; >; 4; 3; 2; 45; 45
115; 115H; >; 5; 2; 2; 51; 51
115; 115H; >; 6; 1; 2; 57; 57
115; 115R; <; 1; 1; 2; 0; 0
115; 115R; <; 2; 2; 2; 6; 6
115; 115R; <; 3; 3; 2; 12; 12
115; 115R; <; 4; 4; 2; 18; 18
115; 115R; <; 5; 5; 2; 24; 24
115; 115R; <; 6; 10; 2; 30; 30
126; 126H; >; 1; 1; 2; 54; 54
126; 126H; >; 2; 2; 2; 0; 0
126; 126H; >; 3; 3; 2; 6; 6
126; 126H; >; 4; 8; 2; 12; 12
126; 126H; >; 5; 13; 2; 18; 18
126; 126H; >; 6; 18; 2; 24; 24
126; 126H; >; 7; 23; 2; 30; 30
126; 126H; >; 8; 24; 2; 36; 36
126; 126H; >; 9; 25; 2; 42; 42
126; 126R; <; 1; 25; 2; 6; 6
126; 126R; <; 2; 24; 2; 12; 12
126; 126R; <; 3; 23; 2; 18; 18
126; 126R; <; 4; 18; 2; 24; 24
126; 126R; <; 5; 13; 2; 30; 30
126; 126R; <; 6; 8; 2; 36; 36
126; 126R; <; 7; 3; 2; 42; 42
126; 126R; <; 8; 2; 2; 48; 48
126; 126R; <; 9; 1; 2; 54; 54
136; 136H; >; 1; 5; 2; 0; 0
136; 136H; >; 2; 4; 2; 6; 6
136; 136H; >; 3; 9; 2; 12; 12
136; 136H; >; 4; 8; 2; 18; 18
136; 136H; >; 5; 13; 2; 24; 24
136; 136H; >; 6; 18; 2; 30; 30
136; 136H; >; 7; 17; 2; 36; 36
136; 136H; >; 8; 22; 2; 42; 42
136; 136H; >; 9; 21; 2; 48; 48
136; 136R; <; 1; 21; 2; 3; 3
136; 136R; <; 2; 22; 2; 9; 9
136; 136R; <; 3; 17; 2; 15; 15
136; 136R; <; 4; 18; 2; 21; 21
136; 136R; <; 5; 13; 2; 27; 27
136; 136R; <; 6; 8; 2; 33; 33
136; 136R; <; 7; 9; 2; 39; 39
136; 136R; <; 8; 4; 2; 45; 45
136; 136R; <; 9; 5; 2; 51; 51
139; 139H; >; 1; 1; 2; 30; 30
139; 139H; >; 2; 6; 2; 36; 36
139; 139H; >; 3; 7; 2; 42; 42
139; 139H; >; 4; 12; 2; 48; 48
139; 139H; >; 5; 13; 2; 54; 54
139; 139H; >; 6; 18; 2; 0; 0
139; 139H; >; 7; 19; 2; 6; 6
139; 139H; >; 8; 24; 2; 12; 12
139; 139H; >; 9; 25; 2; 18; 18
139; 139R; <; 1; 25; 2; 24; 24
139; 139R; <; 2; 24; 2; 30; 30
139; 139R; <; 3; 19; 2; 36; 36
139; 139R; <; 4; 18; 2; 42; 42
139; 139R; <; 5; 13; 2; 48; 48
139; 139R; <; 6; 12; 2; 54; 54
139; 139R; <; 7; 7; 2; 0; 0
139; 139R; <; 8; 6; 2; 6; 6
139; 139R; <; 9; 1; 2; 12; 12
141; 141H; >; 1; 22; 2; 3; 3
141; 141H; >; 2; 23; 2; 9; 9
141; 141H; >; 3; 18; 2; 15; 15
141; 141H; >; 4; 19; 2; 21; 21
141; 141H; >; 5; 14; 2; 27; 27
141; 141H; >; 6; 9; 2; 33; 33
141; 141H; >; 7; 4; 2; 39; 39
141; 141H; >; 8; 5; 2; 45; 45
141; 141R; <; 1; 5; 2; 57; 57
141; 141R; <; 2; 4; 2; 3; 3
141; 141R; <; 3; 9; 2; 9; 9
141; 141R; <; 4; 14; 2; 15; 15
141; 141R; <; 5; 19; 2; 21; 21
141; 141R; <; 6; 18; 2; 27; 27
141; 141R; <; 7; 23; 2; 33; 33
141; 141R; <; 8; 22; 2; 39; 39
142; 142H; >; 1; 21; 2; 24; 24
142; 142H; >; 2; 22; 2; 30; 30
142; 142H; >; 3; 17; 2; 36; 36
142; 142H; >; 4; 18; 2; 42; 42
142; 142H; >; 5; 19; 2; 48; 48
142; 142H; >; 6; 20; 2; 54; 54
142; 142H; >; 7; 15; 2; 0; 0
142; 142H; >; 8; 10; 2; 6; 6
142; 142R; <; 1; 10; 2; 0; 0
142; 142R; <; 2; 15; 2; 6; 6
142; 142R; <; 3; 20; 2; 12; 12
142; 142R; <; 4; 19; 2; 18; 18
142; 142R; <; 5; 18; 2; 24; 24
142; 142R; <; 6; 17; 2; 30; 30
142; 142R; <; 7; 22; 2; 36; 36
142; 142R; <; 8; 21; 2; 42; 42
178; 178H; >; 1; 23; 2; 57; 57
178; 178H; >; 2; 24; 2; 3; 3
178; 178H; >; 3; 19; 2; 9; 9
178; 178H; >; 4; 20; 2; 15; 15
178; 178H; >; 5; 15; 2; 21; 21
178; 178H; >; 6; 10; 2; 27; 27
178; 178R; <; 1; 10; 2; 0; 0
178; 178R; <; 2; 15; 2; 6; 6
178; 178R; <; 3; 20; 2; 12; 12
178; 178R; <; 4; 19; 2; 18; 18
178; 178R; <; 5; 24; 2; 24; 24
178; 178R; <; 6; 23; 2; 30; 30
180; 180H; >; 1; 16; 2; 0; 0
180; 180H; >; 2; 21; 2; 6; 6
180; 180H; >; 3; 22; 2; 12; 12
180; 180H; >; 4; 23; 2; 18; 18
180; 180H; >; 5; 24; 2; 24; 24
180; 180H; >; 6; 25; 2; 30; 30
180; 180R; <; 1; 25; 2; 48; 48
180; 180R; <; 2; 24; 2; 54; 54
180; 180R; <; 3; 23; 2; 0; 0
180; 180R; <; 4; 22; 2; 6; 6
180; 180R; <; 5; 21; 2; 12; 12
180; 180R; <; 6; 16; 2; 18; 18
181; 181H; >; 1; 16; 2; 18; 18
181; 181H; >; 2; 17; 2; 24; 24
181; 181H; >; 3; 18; 2; 30; 30
181; 181H; >; 4; 19; 2; 36; 36
181; 181H; >; 5; 24; 2; 42; 42
181; 181H; >; 6; 25; 2; 48; 48
181; 181R; <; 1; 25; 2; 9; 9
181; 181R; <; 2; 24; 2; 15; 15
181; 181R; <; 3; 19; 2; 21; 21
181; 181R; <; 4; 18; 2; 27; 27
181; 181R; <; 5; 17; 2; 33; 33
181; 181R; <; 6; 16; 2; 39; 39
185; 185H; >; 1; 11; 2; 39; 39
185; 185H; >; 2; 12; 2; 45; 45
185; 185H; >; 3; 17; 2; 51; 51
185; 185H; >; 4; 18; 2; 57; 57
185; 185H; >; 5; 19; 2; 3; 3
185; 185H; >; 6; 20; 2; 9; 9
185; 185R; <; 1; 20; 2; 0; 0
185; 185R; <; 2; 19; 2; 6; 6
185; 185R; <; 3; 18; 2; 12; 12
185; 185R; <; 4; 17; 2; 18; 18
185; 185R; <; 5; 12; 2; 24; 24
185; 185R; <; 6; 11; 2; 30; 30
187; 187H; >; 1; 10; 2; 3; 3
187; 187H; >; 2; 15; 2; 9; 9
187; 187H; >; 3; 14; 2; 15; 15
187; 187H; >; 4; 13; 2; 21; 21
187; 187H; >; 5; 12; 2; 27; 27
187; 187H; >; 6; 11; 2; 33; 33
187; 187R; <; 1; 11; 2; 27; 27
187; 187R; <; 2; 12; 2; 33; 33
187; 187R; <; 3; 13; 2; 39; 39
187; 187R; <; 4; 14; 2; 45; 45
187; 187R; <; 5; 15; 2; 51; 51
187; 187R; <; 6; 10; 2; 57; 57
188; 188H; >; 1; 9; 2; 15; 15
188; 188H; >; 2; 14; 2; 21; 21
188; 188H; >; 3; 13; 2; 27; 27
188; 188H; >; 4; 12; 2; 33; 33
188; 188H; >; 5; 17; 2; 39; 39
188; 188H; >; 6; 16; 2; 45; 45
188; 188R; <; 1; 16; 2; 18; 18
188; 188R; <; 2; 17; 2; 24; 24
188; 188R; <; 3; 12; 2; 30; 30
188; 188R; <; 4; 13; 2; 36; 36
188; 188R; <; 5; 14; 2; 42; 42
188; 188R; <; 6; 9; 2; 48; 48
189; 189H; >; 1; 7; 2; 45; 45
189; 189H; >; 2; 8; 2; 51; 51
189; 189H; >; 3; 13; 2; 57; 57
189; 189H; >; 4; 18; 2; 3; 3
189; 189H; >; 5; 19; 2; 9; 9
189; 189H; >; 6; 20; 2; 15; 15
189; 189R; <; 1; 20; 2; 27; 27
189; 189R; <; 2; 19; 2; 33; 33
189; 189R; <; 3; 18; 2; 39; 39
189; 189R; <; 4; 13; 2; 45; 45
189; 189R; <; 5; 8; 2; 51; 51
189; 189R; <; 6; 7; 2; 57; 57
190; 190H; >; 1; 6; 2; 9; 9
190; 190H; >; 2; 7; 2; 15; 15
190; 190H; >; 3; 12; 2; 21; 21
190; 190H; >; 4; 17; 2; 27; 27
190; 190H; >; 5; 22; 2; 33; 33
190; 190H; >; 6; 23; 2; 39; 39
190; 190R; <; 1; 23; 2; 0; 0
190; 190R; <; 2; 22; 2; 6; 6
190; 190R; <; 3; 17; 2; 12; 12
190; 190R; <; 4; 12; 2; 18; 18
190; 190R; <; 5; 7; 2; 24; 24
190; 190R; <; 6; 6; 2; 30; 30
192; 192H; >; 1; 6; 2; 3; 3
192; 192H; >; 2; 7; 2; 9; 9
192; 192H; >; 3; 8; 2; 15; 15
192; 192H; >; 4; 9; 2; 21; 21
192; 192H; >; 5; 10; 2; 27; 27
192; 192H; >; 6; 15; 2; 33; 33
192; 192R; <; 1; 15; 2; 18; 18
192; 192R; <; 2; 10; 2; 24; 24
192; 192R; <; 3; 9; 2; 30; 30
192; 192R; <; 4; 8; 2; 36; 36
192; 192R; <; 5; 7; 2; 42; 42
192; 192R; <; 6; 6; 2; 48; 48
199; 199H; >; 1; 4; 2; 42; 42
199; 199H; >; 2; 9; 2; 48; 48
199; 199H; >; 3; 8; 2; 54; 54
199; 199H; >; 4; 7; 2; 0; 0
199; 199H; >; 5; 6; 2; 6; 6
199; 199H; >; 6; 11; 2; 12; 12
199; 199R; <; 1; 11; 2; 15; 15
199; 199R; <; 2; 6; 2; 21; 21
199; 199R; <; 3; 7; 2; 27; 27
199; 199R; <; 4; 8; 2; 33; 33
199; 199R; <; 5; 9; 2; 39; 39
199; 199R; <; 6; 4; 2; 45; 45
201; 201H; >; 1; 3; 2; 0; 0
201; 201H; >; 2; 8; 2; 6; 6
201; 201H; >; 3; 13; 2; 12; 12
201; 201H; >; 4; 14; 2; 18; 18
201; 201H; >; 5; 19; 2; 24; 24
201; 201H; >; 6; 20; 2; 30; 30
201; 201R; <; 1; 20; 2; 12; 12
201; 201R; <; 2; 19; 2; 18; 18
201; 201R; <; 3; 14; 2; 24; 24
201; 201R; <; 4; 13; 2; 30; 30
201; 201R; <; 5; 8; 2; 36; 36
201; 201R; <; 6; 3; 2; 42; 42
203; 203H; >; 1; 3; 2; 0; 0
203; 203H; >; 2; 8; 2; 6; 6
203; 203H; >; 3; 13; 2; 12; 12
203; 203H; >; 4; 12; 2; 18; 18
203; 203H; >; 5; 17; 2; 24; 24
203; 203H; >; 6; 16; 2; 30; 30
203; 203R; <; 1; 16; 2; 42; 42
203; 203R; <; 2; 17; 2; 48; 48
203; 203R; <; 3; 12; 2; 54; 54
203; 203R; <; 4; 13; 2; 0; 0
203; 203R; <; 5; 8; 2; 6; 6
203; 203R; <; 6; 3; 2; 12; 12
206; 206H; >; 1; 1; 2; 0; 0
206; 206H; >; 2; 6; 2; 6; 6
206; 206H; >; 3; 7; 2; 12; 12
206; 206H; >; 4; 12; 2; 18; 18
206; 206H; >; 5; 13; 2; 24; 24
206; 206H; >; 6; 14; 2; 30; 30
206; 206R; <; 1; 14; 2; 0; 0
206; 206R; <; 2; 13; 2; 6; 6
206; 206R; <; 3; 12; 2; 12; 12
206; 206R; <; 4; 7; 2; 18; 18
206; 206R; <; 5; 6; 2; 24; 24
206; 206R; <; 6; 1; 2; 30; 30
207; 207H; >; 1; 1; 2; 30; 30
207; 207H; >; 2; 2; 2; 36; 36
207; 207H; >; 3; 7; 2; 42; 42
207; 207H; >; 4; 12; 2; 48; 48
207; 207H; >; 5; 17; 2; 54; 54
207; 207H; >; 6; 16; 2; 0; 0
207; 207R; <; 1; 16; 2; 0; 0
207; 207R; <; 2; 17; 2; 6; 6
207; 207R; <; 3; 12; 2; 12; 12
207; 207R; <; 4; 7; 2; 18; 18
207; 207R; <; 5; 2; 2; 24; 24
207; 207R; <; 6; 1; 2; 30; 30
222; 222H; >; 1; 5; 2; 0; 0
222; 222H; >; 2; 10; 2; 6; 6
222; 222H; >; 3; 15; 2; 12; 12
222; 222H; >; 4; 20; 2; 18; 18
222; 222H; >; 5; 25; 2; 24; 24
222; 222R; <; 1; 25; 2; 0; 0
222; 222R; <; 2; 20; 2; 6; 6
222; 222R; <; 3; 15; 2; 12; 12
222; 222R; <; 4; 10; 2; 18; 18
222; 222R; <; 5; 5; 2; 24; 24
