#timetable found by modulo network simplex algorithm
#Wed Jan 25 16:11:01 2017
1; 0
2; 6
3; 6
4; 12
5; 12
6; 18
7; 18
8; 24
9; 24
10; 30
11; 30
12; 36
13; 36
14; 42
15; 42
16; 48
17; 20
18; 26
19; 26
20; 32
21; 32
22; 38
23; 38
24; 44
25; 44
26; 50
27; 50
28; 56
29; 56
30; 2
31; 2
32; 8
33; 40
34; 46
35; 46
36; 52
37; 52
38; 58
39; 58
40; 4
41; 4
42; 10
43; 10
44; 16
45; 16
46; 22
47; 22
48; 28
49; 41
50; 47
51; 47
52; 53
53; 53
54; 59
55; 59
56; 5
57; 5
58; 11
59; 13
60; 19
61; 19
62; 25
63; 25
64; 31
65; 1
66; 7
67; 7
68; 13
69; 13
70; 19
71; 19
72; 25
73; 25
74; 31
75; 33
76; 39
77; 39
78; 45
79; 45
80; 51
81; 21
82; 27
83; 27
84; 33
85; 33
86; 39
87; 39
88; 45
89; 45
90; 53
91; 53
92; 59
93; 59
94; 5
95; 5
96; 11
97; 44
98; 50
99; 50
100; 56
101; 56
102; 2
103; 2
104; 10
105; 4
106; 10
107; 10
108; 16
109; 16
110; 22
111; 22
112; 28
113; 24
114; 30
115; 30
116; 36
117; 36
118; 42
119; 42
120; 50
121; 7
122; 13
123; 13
124; 19
125; 19
126; 25
127; 25
128; 31
129; 27
130; 33
131; 33
132; 39
133; 39
134; 45
135; 45
136; 51
137; 47
138; 53
139; 53
140; 59
141; 59
142; 5
143; 5
144; 11
145; 18
146; 24
147; 24
148; 30
149; 30
150; 36
151; 36
152; 42
153; 42
154; 48
155; 48
156; 54
157; 38
158; 44
159; 44
160; 50
161; 50
162; 56
163; 56
164; 2
165; 2
166; 8
167; 8
168; 14
169; 58
170; 4
171; 4
172; 10
173; 10
174; 16
175; 16
176; 22
177; 22
178; 28
179; 28
180; 34
181; 1
182; 7
183; 7
184; 13
185; 13
186; 19
187; 19
188; 25
189; 25
190; 31
191; 31
192; 37
193; 21
194; 27
195; 27
196; 33
197; 33
198; 39
199; 39
200; 45
201; 45
202; 51
203; 51
204; 57
205; 41
206; 47
207; 47
208; 53
209; 53
210; 59
211; 59
212; 5
213; 5
214; 11
215; 11
216; 17
217; 19
218; 25
219; 25
220; 31
221; 31
222; 37
223; 37
224; 43
225; 39
226; 45
227; 45
228; 51
229; 51
230; 57
231; 57
232; 3
233; 59
234; 5
235; 5
236; 11
237; 11
238; 17
239; 17
240; 23
241; 41
242; 47
243; 47
244; 53
245; 53
246; 59
247; 59
248; 5
249; 1
250; 7
251; 7
252; 13
253; 13
254; 19
255; 19
256; 25
257; 21
258; 27
259; 27
260; 33
261; 33
262; 39
263; 39
264; 45
265; 18
266; 24
267; 24
268; 30
269; 30
270; 36
271; 36
272; 42
273; 42
274; 48
275; 48
276; 54
277; 38
278; 44
279; 44
280; 50
281; 50
282; 56
283; 56
284; 2
285; 2
286; 8
287; 8
288; 14
289; 58
290; 4
291; 4
292; 10
293; 10
294; 16
295; 16
296; 22
297; 22
298; 28
299; 28
300; 34
301; 1
302; 7
303; 7
304; 13
305; 13
306; 19
307; 19
308; 25
309; 25
310; 31
311; 31
312; 37
313; 21
314; 27
315; 27
316; 33
317; 33
318; 39
319; 39
320; 45
321; 45
322; 51
323; 51
324; 57
325; 41
326; 47
327; 47
328; 53
329; 53
330; 59
331; 59
332; 5
333; 5
334; 11
335; 11
336; 17
337; 4
338; 10
339; 10
340; 16
341; 16
342; 22
343; 22
344; 28
345; 28
346; 34
347; 36
348; 42
349; 42
350; 48
351; 48
352; 54
353; 24
354; 30
355; 30
356; 36
357; 36
358; 42
359; 42
360; 48
361; 48
362; 54
363; 56
364; 2
365; 2
366; 8
367; 8
368; 14
369; 44
370; 50
371; 50
372; 56
373; 56
374; 2
375; 2
376; 8
377; 8
378; 14
379; 16
380; 22
381; 22
382; 28
383; 28
384; 34
385; 1
386; 7
387; 7
388; 13
389; 13
390; 19
391; 19
392; 25
393; 27
394; 33
395; 33
396; 39
397; 39
398; 45
399; 45
400; 51
401; 21
402; 27
403; 27
404; 33
405; 33
406; 39
407; 39
408; 45
409; 47
410; 53
411; 53
412; 59
413; 59
414; 5
415; 5
416; 11
417; 41
418; 47
419; 47
420; 53
421; 53
422; 59
423; 59
424; 5
425; 7
426; 13
427; 13
428; 19
429; 19
430; 25
431; 25
432; 31
