#line-id;line-code;direction;edge-order;edge-id;frequency;departure_time;arrival_time
1;1H;>;1;1;3;0;0
1;1H;>;2;2;3;6;6
1;1H;>;3;3;3;12;12
1;1H;>;4;8;3;18;18
1;1H;>;5;13;3;24;24
1;1H;>;6;18;3;30;30
1;1H;>;7;23;3;36;36
1;1H;>;8;24;3;42;42
1;1H;>;9;25;3;48;48
1;1R;<;1;25;3;1;1
1;1R;<;2;24;3;7;7
1;1R;<;3;23;3;13;13
1;1R;<;4;18;3;19;19
1;1R;<;5;13;3;25;25
1;1R;<;6;8;3;31;33
1;1R;<;7;3;3;39;39
1;1R;<;8;2;3;45;45
1;1R;<;9;1;3;51;51
2;2H;>;1;1;3;4;4
2;2H;>;2;2;3;10;10
2;2H;>;3;3;3;16;16
2;2H;>;4;8;3;22;22
2;2H;>;5;13;3;30;30
2;2R;<;1;13;3;7;7
2;2R;<;2;8;3;13;13
2;2R;<;3;3;3;19;19
2;2R;<;4;2;3;25;25
2;2R;<;5;1;3;31;31
3;3H;>;1;6;3;18;18
3;3H;>;2;7;3;24;24
3;3H;>;3;8;3;30;30
3;3H;>;4;13;3;36;36
3;3H;>;5;18;3;42;42
3;3H;>;6;19;3;48;48
3;3H;>;7;20;3;54;54
3;3R;<;1;20;3;1;1
3;3R;<;2;19;3;7;7
3;3R;<;3;18;3;13;13
3;3R;<;4;13;3;19;19
3;3R;<;5;8;3;25;25
3;3R;<;6;7;3;31;31
3;3R;<;7;6;3;37;37
4;4H;>;1;11;3;19;19
4;4H;>;2;12;3;25;25
4;4H;>;3;13;3;31;31
4;4H;>;4;14;3;37;37
4;4H;>;5;15;3;43;43
4;4R;<;1;15;3;1;1
4;4R;<;2;14;3;7;7
4;4R;<;3;13;3;13;13
4;4R;<;4;12;3;19;19
4;4R;<;5;11;3;25;25
5;5H;>;1;10;3;18;18
5;5H;>;2;9;3;24;24
5;5H;>;3;8;3;30;30
5;5H;>;4;13;3;36;36
5;5H;>;5;18;3;42;42
5;5H;>;6;17;3;48;48
5;5H;>;7;16;3;54;54
5;5R;<;1;16;3;1;1
5;5R;<;2;17;3;7;7
5;5R;<;3;18;3;13;13
5;5R;<;4;13;3;19;19
5;5R;<;5;8;3;25;25
5;5R;<;6;9;3;31;31
5;5R;<;7;10;3;37;37
6;6H;>;1;5;3;4;4
6;6H;>;2;4;3;10;10
6;6H;>;3;3;3;16;16
6;6H;>;4;8;3;22;22
6;6H;>;5;13;3;28;28
6;6H;>;6;18;3;34;36
6;6H;>;7;23;3;42;42
6;6H;>;8;22;3;48;48
6;6H;>;9;21;3;54;54
6;6R;<;1;21;3;1;1
6;6R;<;2;22;3;7;7
6;6R;<;3;23;3;13;13
6;6R;<;4;18;3;19;19
6;6R;<;5;13;3;25;27
6;6R;<;6;8;3;33;33
6;6R;<;7;3;3;39;39
6;6R;<;8;4;3;45;45
6;6R;<;9;5;3;51;51
