#origin-stop-id;destination-stop-id;perceived-travel-time;passengers
1;2;6;21
1;3;12;15
1;4;63;10
1;5;69;8
1;6;6;5
1;7;20;11
1;8;18;19
1;9;32;7
1;10;46;3
1;11;12;3
1;12;26;6
1;13;24;82
1;14;38;8
1;15;52;4
1;16;18;3
1;17;32;7
1;18;30;11
1;19;44;4
1;20;63;2
1;21;24;2
1;22;50;2
1;23;36;5
1;24;42;4
1;25;48;15
2;1;6;5
2;3;6;4
2;4;57;3
2;5;63;2
2;6;12;1
2;7;26;3
2;8;12;5
2;9;26;2
2;10;40;1
2;11;18;1
2;12;24;2
2;13;18;20
2;14;32;2
2;15;46;1
2;16;24;1
2;17;38;2
2;18;24;3
2;19;38;1
2;20;57;0
2;21;30;0
2;22;49;1
2;23;30;1
2;24;36;1
2;25;42;4
3;1;12;3
3;2;6;3
3;4;51;4
3;5;57;3
3;6;18;1
3;7;24;3
3;8;6;7
3;9;20;3
3;10;34;1
3;11;24;1
3;12;18;3
3;13;12;30
3;14;26;2
3;15;40;1
3;16;30;1
3;17;37;2
3;18;18;4
3;19;32;2
3;20;51;1
3;21;36;1
3;22;43;1
3;23;24;2
3;24;30;1
3;25;36;4
4;1;58;2
4;2;52;2
4;3;46;4
4;5;6;4
4;6;64;1
4;7;50;2
4;8;32;5
4;9;6;3
4;10;12;1
4;11;70;1
4;12;44;3
4;13;26;19
4;14;12;1
4;15;18;1
4;16;76;0
4;17;50;1
4;18;41;3
4;19;18;2
4;20;24;1
4;21;74;1
4;22;56;1
4;23;47;1
4;24;51;1
4;25;59;2
5;1;64;2
5;2;58;2
5;3;52;3
5;4;6;4
5;6;70;1
5;7;56;1
5;8;38;4
5;9;12;2
5;10;18;1
5;11;76;1
5;12;50;2
5;13;32;16
5;14;18;1
5;15;24;0
5;16;82;0
5;17;56;1
5;18;47;2
5;19;24;1
5;20;30;1
5;21;80;1
5;22;62;1
5;23;53;1
5;24;57;0
5;25;65;2
6;1;6;1
6;2;12;1
6;3;18;1
6;4;69;1
6;5;75;1
6;7;6;8
6;8;24;5
6;9;38;4
6;10;52;2
6;11;6;1
6;12;12;1
6;13;30;20
6;14;44;2
6;15;58;1
6;16;12;1
6;17;18;1
6;18;33;3
6;19;50;2
6;20;69;1
6;21;18;0
6;22;36;0
6;23;42;1
6;24;48;1
6;25;54;3
7;1;20;2
7;2;26;3
7;3;24;3
7;4;49;2
7;5;55;1
7;6;6;7
7;8;18;11
7;9;24;9
7;10;38;4
7;11;12;1
7;12;6;3
7;13;12;47
7;14;29;4
7;15;44;2
7;16;18;1
7;17;12;3
7;18;18;7
7;19;36;6
7;20;49;2
7;21;24;1
7;22;30;1
7;23;32;2
7;24;38;2
7;25;44;7
8;1;18;4
8;2;12;4
8;3;6;7
8;4;37;4
8;5;43;3
8;6;24;4
8;7;18;10
8;9;6;11
8;10;20;5
8;11;30;3
8;12;12;6
8;13;6;78
8;14;12;7
8;15;26;3
8;16;36;2
8;17;18;6
8;18;12;11
8;19;18;6
8;20;37;3
8;21;42;2
8;22;24;3
8;23;18;4
8;24;24;3
8;25;30;10
9;1;32;1
9;2;26;2
9;3;20;3
9;4;6;3
9;5;12;2
9;6;38;3
9;7;24;8
9;8;6;11
9;10;6;7
9;11;44;2
9;12;18;5
9;13;12;46
9;14;6;6
9;15;12;3
9;16;50;2
9;17;24;5
9;18;18;6
9;19;12;3
9;20;18;1
9;21;48;1
9;22;30;2
9;23;34;2
9;24;18;1
9;25;41;4
10;1;46;1
10;2;40;1
10;3;34;1
10;4;12;1
10;5;18;1
10;6;52;1
10;7;38;4
10;8;20;5
10;9;6;7
10;11;58;1
10;12;32;2
10;13;26;19
10;14;27;3
10;15;6;1
10;16;64;1
10;17;38;2
10;18;32;3
10;19;33;1
10;20;47;1
10;21;62;1
10;22;44;1
10;23;50;1
10;24;39;0
10;25;62;2
11;1;12;1
11;2;18;1
11;3;24;1
11;4;75;1
11;5;81;1
11;6;6;1
11;7;12;2
11;8;30;3
11;9;44;1
11;10;58;1
11;12;18;7
11;13;36;25
11;14;50;4
11;15;64;2
11;16;6;1
11;17;21;1
11;18;35;3
11;19;56;2
11;20;75;1
11;21;12;1
11;22;42;1
11;23;48;1
11;24;54;1
11;25;60;3
12;1;26;1
12;2;24;1
12;3;18;1
12;4;43;1
12;5;49;1
12;6;12;1
12;7;6;2
12;8;12;4
12;9;18;2
12;10;32;1
12;11;18;4
12;13;6;29
12;14;23;5
12;15;38;2
12;16;12;1
12;17;6;2
12;18;12;4
12;19;30;3
12;20;43;1
12;21;18;1
12;22;21;1
12;23;26;2
12;24;32;1
12;25;38;3
13;1;24;14
13;2;18;4
13;3;12;7
13;4;26;5
13;5;32;4
13;6;30;5
13;7;12;11
13;8;6;18
13;9;12;11
13;10;26;5
13;11;36;6
13;12;6;9
13;14;6;14
13;15;32;6
13;16;34;5
13;17;12;11
13;18;6;18
13;19;20;11
13;20;26;5
13;21;32;4
13;22;18;5
13;23;12;7
13;24;18;5
13;25;24;8
14;1;38;1
14;2;32;1
14;3;26;2
14;4;12;2
14;5;18;2
14;6;44;2
14;7;29;6
14;8;12;7
14;9;6;4
14;10;27;2
14;11;50;4
14;12;23;9
14;13;6;55
14;15;33;7
14;16;51;2
14;17;29;4
14;18;21;7
14;19;6;6
14;20;12;3
14;21;49;1
14;22;35;1
14;23;27;3
14;24;12;2
14;25;35;8
15;1;52;0
15;2;46;0
15;3;40;1
15;4;18;1
15;5;24;1
15;6;58;1
15;7;44;3
15;8;26;3
15;9;12;2
15;10;6;1
15;11;64;2
15;12;38;4
15;13;32;23
15;14;33;7
15;16;70;1
15;17;44;2
15;18;38;3
15;19;39;3
15;20;53;1
15;21;68;0
15;22;50;1
15;23;56;1
15;24;45;1
15;25;68;3
16;1;18;1
16;2;24;1
16;3;30;1
16;4;81;0
16;5;87;0
16;6;12;1
16;7;18;1
16;8;36;3
16;9;50;2
16;10;64;1
16;11;6;1
16;12;12;2
16;13;26;19
16;14;46;3
16;15;70;1
16;17;6;8
16;18;20;5
16;19;62;4
16;20;81;2
16;21;6;1
16;22;12;1
16;23;34;2
16;24;40;1
16;25;46;5
17;1;32;1
17;2;38;2
17;3;34;2
17;4;55;1
17;5;61;1
17;6;18;1
17;7;12;3
17;8;18;6
17;9;24;5
17;10;38;2
17;11;24;2
17;12;6;4
17;13;12;45
17;14;30;6
17;15;44;3
17;16;6;7
17;18;6;11
17;19;36;9
17;20;55;4
17;21;12;1
17;22;6;2
17;23;20;4
17;24;26;3
17;25;32;11
18;1;30;2
18;2;24;2
18;3;18;4
18;4;46;2
18;5;52;2
18;6;33;2
18;7;18;5
18;8;12;10
18;9;18;6
18;10;32;2
18;11;39;3
18;12;12;6
18;13;6;75
18;14;21;7
18;15;38;3
18;16;28;4
18;17;6;11
18;19;28;11
18;20;46;5
18;21;26;3
18;22;12;4
18;23;6;7
18;24;12;4
18;25;18;17
19;1;44;1
19;2;38;1
19;3;32;2
19;4;18;2
19;5;24;1
19;6;50;2
19;7;36;5
19;8;18;6
19;9;12;3
19;10;33;1
19;11;56;1
19;12;30;3
19;13;20;45
19;14;6;4
19;15;39;2
19;16;62;4
19;17;36;9
19;18;28;11
19;20;6;7
19;21;60;2
19;22;42;3
19;23;22;3
19;24;6;2
19;25;29;7
20;1;58;0
20;2;52;0
20;3;46;1
20;4;24;1
20;5;30;1
20;6;64;1
20;7;50;2
20;8;32;2
20;9;18;1
20;10;42;1
20;11;70;0
20;12;44;1
20;13;26;18
20;14;12;2
20;15;48;1
20;16;76;2
20;17;50;4
20;18;41;5
20;19;6;7
20;21;74;1
20;22;56;1
20;23;37;1
20;24;21;1
20;25;44;3
21;1;24;0
21;2;30;0
21;3;36;1
21;4;82;1
21;5;88;1
21;6;18;0
21;7;24;1
21;8;42;2
21;9;51;1
21;10;65;1
21;11;12;0
21;12;18;1
21;13;32;15
21;14;52;2
21;15;71;1
21;16;6;1
21;17;12;1
21;18;26;4
21;19;63;2
21;20;82;1
21;22;6;5
21;23;40;3
21;24;46;2
21;25;52;8
22;1;50;0
22;2;46;0
22;3;40;1
22;4;61;1
22;5;67;1
22;6;39;0
22;7;30;1
22;8;24;2
22;9;30;2
22;10;44;1
22;11;38;1
22;12;24;1
22;13;18;18
22;14;36;2
22;15;50;1
22;16;15;1
22;17;6;2
22;18;12;5
22;19;42;3
22;20;61;1
22;21;6;4
22;23;26;4
22;24;32;3
22;25;38;9
23;1;36;1
23;2;30;1
23;3;24;2
23;4;52;1
23;5;58;1
23;6;42;1
23;7;38;2
23;8;18;4
23;9;34;2
23;10;50;1
23;11;48;1
23;12;32;3
23;13;12;28
23;14;27;2
23;15;56;1
23;16;49;1
23;17;23;3
23;18;6;7
23;19;22;3
23;20;42;1
23;21;47;3
23;22;29;4
23;24;6;4
23;25;12;13
24;1;42;1
24;2;36;1
24;3;30;1
24;4;56;0
24;5;62;0
24;6;48;1
24;7;42;2
24;8;24;2
24;9;18;1
24;10;39;0
24;11;54;1
24;12;36;2
24;13;18;17
24;14;12;1
24;15;45;0
24;16;55;1
24;17;29;3
24;18;12;4
24;19;6;2
24;20;26;1
24;21;53;2
24;22;35;2
24;23;6;4
24;25;6;19
25;1;48;1
25;2;42;1
25;3;36;1
25;4;64;0
25;5;70;0
25;6;54;0
25;7;50;1
25;8;30;2
25;9;41;1
25;10;62;0
25;11;60;1
25;12;44;2
25;13;24;13
25;14;35;1
25;15;68;0
25;16;61;1
25;17;35;2
25;18;18;3
25;19;29;1
25;20;49;1
25;21;59;1
25;22;41;2
25;23;12;3
25;24;6;4
