#origin-stop-id;destination-stop-id;perceived-travel-time;passengers
1;2;6;21
1;3;12;15
1;4;23;10
1;5;35;8
1;6;6;5
1;7;17;11
1;8;18;19
1;9;29;7
1;10;59;3
1;11;12;3
1;12;18;6
1;13;24;82
1;14;30;8
1;15;53;4
1;16;47;3
1;17;29;7
1;18;30;11
1;19;41;4
1;20;47;2
1;21;53;2
1;22;47;2
1;23;36;5
1;24;42;4
1;25;48;15
2;1;6;5
2;3;6;4
2;4;17;3
2;5;29;2
2;6;12;1
2;7;23;3
2;8;12;5
2;9;23;2
2;10;41;1
2;11;18;1
2;12;24;2
2;13;18;20
2;14;24;2
2;15;35;1
2;16;41;1
2;17;35;2
2;18;24;3
2;19;35;1
2;20;41;0
2;21;47;0
2;22;41;1
2;23;30;1
2;24;36;1
2;25;42;4
3;1;12;3
3;2;6;3
3;4;6;4
3;5;12;3
3;6;23;1
3;7;24;3
3;8;6;7
3;9;12;3
3;10;35;1
3;11;29;1
3;12;18;3
3;13;12;30
3;14;18;2
3;15;29;1
3;16;35;1
3;17;29;2
3;18;18;4
3;19;24;2
3;20;35;1
3;21;36;1
3;22;30;1
3;23;24;2
3;24;30;1
3;25;36;4
4;1;23;2
4;2;17;2
4;3;6;4
4;5;6;4
4;6;46;1
4;7;35;2
4;8;12;5
4;9;6;3
4;10;41;1
4;11;35;1
4;12;29;3
4;13;18;19
4;14;12;1
4;15;35;1
4;16;46;0
4;17;35;1
4;18;24;3
4;19;18;2
4;20;29;1
4;21;42;1
4;22;36;1
4;23;30;1
4;24;24;1
4;25;30;2
5;1;29;2
5;2;23;2
5;3;12;3
5;4;6;4
5;6;59;1
5;7;53;1
5;8;18;4
5;9;29;2
5;10;59;1
5;11;53;1
5;12;47;2
5;13;24;16
5;14;35;1
5;15;53;0
5;16;64;0
5;17;41;1
5;18;30;2
5;19;41;1
5;20;47;1
5;21;48;1
5;22;42;1
5;23;36;1
5;24;47;0
5;25;53;2
6;1;6;1
6;2;12;1
6;3;23;1
6;4;34;1
6;5;59;1
6;7;6;8
6;8;12;5
6;9;23;4
6;10;53;2
6;11;6;1
6;12;12;1
6;13;18;20
6;14;29;2
6;15;47;1
6;16;41;1
6;17;23;1
6;18;24;3
6;19;30;2
6;20;36;1
6;21;47;0
6;22;41;0
6;23;35;1
6;24;41;1
6;25;47;3
7;1;17;2
7;2;23;3
7;3;24;3
7;4;35;2
7;5;41;1
7;6;6;7
7;8;6;11
7;9;17;9
7;10;35;4
7;11;29;1
7;12;6;3
7;13;12;47
7;14;23;4
7;15;29;2
7;16;35;1
7;17;12;3
7;18;18;7
7;19;24;6
7;20;30;2
7;21;41;1
7;22;35;1
7;23;24;2
7;24;30;2
7;25;41;7
8;1;18;4
8;2;12;4
8;3;6;7
8;4;12;4
8;5;18;3
8;6;12;4
8;7;6;10
8;9;6;11
8;10;12;5
8;11;23;3
8;12;12;6
8;13;6;78
8;14;12;7
8;15;23;3
8;16;24;2
8;17;18;6
8;18;12;11
8;19;18;6
8;20;24;3
8;21;30;2
8;22;24;3
8;23;18;4
8;24;24;3
8;25;30;10
9;1;41;1
9;2;35;2
9;3;12;3
9;4;6;3
9;5;41;2
9;6;35;3
9;7;29;8
9;8;6;11
9;10;6;7
9;11;29;2
9;12;18;5
9;13;12;46
9;14;6;6
9;15;12;3
9;16;30;2
9;17;24;5
9;18;18;6
9;19;12;3
9;20;23;1
9;21;41;1
9;22;35;2
9;23;29;2
9;24;18;1
9;25;24;4
10;1;53;1
10;2;47;1
10;3;23;1
10;4;17;1
10;5;59;1
10;6;53;1
10;7;47;4
10;8;12;5
10;9;6;7
10;11;47;1
10;12;41;2
10;13;18;19
10;14;12;3
10;15;6;1
10;16;36;1
10;17;30;2
10;18;24;3
10;19;18;1
10;20;41;1
10;21;47;1
10;22;41;1
10;23;35;1
10;24;41;0
10;25;47;2
11;1;12;1
11;2;18;1
11;3;29;1
11;4;35;1
11;5;41;1
11;6;6;1
11;7;29;2
11;8;23;3
11;9;29;1
11;10;35;1
11;12;6;7
11;13;12;25
11;14;18;4
11;15;24;2
11;16;6;1
11;17;17;1
11;18;18;3
11;19;29;2
11;20;35;1
11;21;12;1
11;22;18;1
11;23;24;1
11;24;35;1
11;25;41;3
12;1;18;1
12;2;24;1
12;3;18;1
12;4;29;1
12;5;35;1
12;6;12;1
12;7;6;2
12;8;12;4
12;9;18;2
12;10;29;1
12;11;6;4
12;13;6;29
12;14;12;5
12;15;18;2
12;16;12;1
12;17;6;2
12;18;12;4
12;19;23;3
12;20;29;1
12;21;18;1
12;22;24;1
12;23;18;2
12;24;24;1
12;25;35;3
13;1;24;14
13;2;18;4
13;3;12;7
13;4;18;5
13;5;24;4
13;6;18;5
13;7;12;11
13;8;6;18
13;9;12;11
13;10;18;5
13;11;12;6
13;12;6;9
13;14;6;14
13;15;12;6
13;16;18;5
13;17;12;11
13;18;6;18
13;19;12;11
13;20;18;5
13;21;24;4
13;22;18;5
13;23;12;7
13;24;18;5
13;25;24;8
14;1;30;1
14;2;24;1
14;3;18;2
14;4;12;2
14;5;35;2
14;6;29;2
14;7;23;6
14;8;12;7
14;9;6;4
14;10;12;2
14;11;18;4
14;12;12;9
14;13;6;55
14;15;6;7
14;16;29;2
14;17;23;4
14;18;12;7
14;19;6;6
14;20;17;3
14;21;35;1
14;22;29;1
14;23;23;3
14;24;12;2
14;25;18;8
15;1;41;0
15;2;35;0
15;3;29;1
15;4;23;1
15;5;41;1
15;6;35;1
15;7;29;3
15;8;23;3
15;9;12;2
15;10;6;1
15;11;24;2
15;12;18;4
15;13;12;23
15;14;6;7
15;16;35;1
15;17;29;2
15;18;30;3
15;19;17;3
15;20;28;1
15;21;41;0
15;22;47;1
15;23;40;1
15;24;23;1
15;25;29;3
16;1;23;1
16;2;29;1
16;3;35;1
16;4;41;0
16;5;47;0
16;6;17;1
16;7;35;1
16;8;24;3
16;9;30;2
16;10;36;1
16;11;6;1
16;12;12;2
16;13;18;19
16;14;29;3
16;15;35;1
16;17;6;8
16;18;12;5
16;19;23;4
16;20;29;2
16;21;6;1
16;22;12;1
16;23;18;2
16;24;29;1
16;25;35;5
17;1;29;1
17;2;35;2
17;3;29;2
17;4;35;1
17;5;41;1
17;6;23;1
17;7;12;3
17;8;18;6
17;9;24;5
17;10;30;2
17;11;17;2
17;12;6;4
17;13;12;45
17;14;23;6
17;15;29;3
17;16;6;7
17;18;6;11
17;19;17;9
17;20;23;4
17;21;29;1
17;22;23;2
17;23;12;4
17;24;18;3
17;25;29;11
18;1;30;2
18;2;24;2
18;3;18;4
18;4;24;2
18;5;30;2
18;6;24;2
18;7;18;5
18;8;12;10
18;9;18;6
18;10;24;2
18;11;18;3
18;12;12;6
18;13;6;75
18;14;12;7
18;15;23;3
18;16;12;4
18;17;6;11
18;19;6;11
18;20;12;5
18;21;18;3
18;22;12;4
18;23;6;7
18;24;12;4
18;25;18;17
19;1;41;1
19;2;35;1
19;3;24;2
19;4;18;2
19;5;41;1
19;6;30;2
19;7;24;5
19;8;18;6
19;9;12;3
19;10;18;1
19;11;29;1
19;12;23;3
19;13;12;45
19;14;6;4
19;15;17;2
19;16;23;4
19;17;17;9
19;18;6;11
19;20;6;7
19;21;29;2
19;22;23;3
19;23;17;3
19;24;6;2
19;25;12;7
20;1;47;0
20;2;41;0
20;3;35;1
20;4;35;1
20;5;47;1
20;6;36;1
20;7;30;2
20;8;24;2
20;9;29;1
20;10;41;1
20;11;35;0
20;12;29;1
20;13;18;18
20;14;23;2
20;15;35;1
20;16;29;2
20;17;23;4
20;18;12;5
20;19;6;7
20;21;35;1
20;22;29;1
20;23;23;1
20;24;29;1
20;25;35;3
21;1;29;0
21;2;35;0
21;3;36;1
21;4;42;1
21;5;48;1
21;6;23;0
21;7;41;1
21;8;30;2
21;9;41;1
21;10;47;1
21;11;12;0
21;12;18;1
21;13;24;15
21;14;35;2
21;15;41;1
21;16;6;1
21;17;29;1
21;18;18;4
21;19;29;2
21;20;35;1
21;22;6;5
21;23;12;3
21;24;35;2
21;25;41;8
22;1;35;0
22;2;41;0
22;3;30;1
22;4;36;1
22;5;42;1
22;6;29;0
22;7;35;1
22;8;24;2
22;9;35;2
22;10;41;1
22;11;18;1
22;12;24;1
22;13;18;18
22;14;29;2
22;15;35;1
22;16;12;1
22;17;23;2
22;18;12;5
22;19;23;3
22;20;29;1
22;21;6;4
22;23;6;4
22;24;29;3
22;25;35;9
23;1;36;1
23;2;30;1
23;3;24;2
23;4;30;1
23;5;36;1
23;6;35;1
23;7;24;2
23;8;18;4
23;9;29;2
23;10;35;1
23;11;24;1
23;12;18;3
23;13;12;28
23;14;23;2
23;15;29;1
23;16;18;1
23;17;12;3
23;18;6;7
23;19;17;3
23;20;23;1
23;21;12;3
23;22;6;4
23;24;6;4
23;25;12;13
24;1;42;1
24;2;36;1
24;3;30;1
24;4;24;0
24;5;47;0
24;6;41;1
24;7;30;2
24;8;24;2
24;9;18;1
24;10;41;0
24;11;35;1
24;12;24;2
24;13;18;17
24;14;12;1
24;15;35;0
24;16;29;1
24;17;18;3
24;18;12;4
24;19;6;2
24;20;23;1
24;21;23;2
24;22;17;2
24;23;6;4
24;25;6;19
25;1;48;1
25;2;42;1
25;3;36;1
25;4;30;0
25;5;53;0
25;6;47;0
25;7;41;1
25;8;30;2
25;9;24;1
25;10;47;0
25;11;41;1
25;12;35;2
25;13;24;13
25;14;18;1
25;15;41;0
25;16;35;1
25;17;29;2
25;18;18;3
25;19;12;1
25;20;29;1
25;21;29;1
25;22;23;2
25;23;12;3
25;24;6;4
