# line-id; line-code; direction; stop-order; stop-id; frequency; arrival_time; departure_time; line-repetition
225; 225H; >; 1; 51; 1; 0; 0; 1
225; 225H; >; 2; 41; 1; 5; 5; 1
225; 225H; >; 3; 31; 1; 10; 10; 1
225; 225H; >; 4; 21; 1; 15; 15; 1
225; 225H; >; 5; 11; 1; 20; 20; 1
225; 225H; >; 6; 161; 1; 25; 28; 1
225; 225H; >; 7; 151; 1; 33; 36; 1
225; 225H; >; 8; 141; 1; 43; 46; 1
225; 225H; >; 9; 140; 1; 49; 52; 1
225; 225H; >; 10; 139; 1; 55; 58; 1
225; 225H; >; 11; 138; 1; 1; 4; 1
225; 225H; >; 12; 137; 1; 7; 10; 1
225; 225H; >; 13; 136; 1; 13; 13; 1
225; 225R; <; 1; 136; 1; 53; 53; 1
225; 225R; <; 2; 137; 1; 56; 59; 1
225; 225R; <; 3; 138; 1; 2; 5; 1
225; 225R; <; 4; 139; 1; 8; 11; 1
225; 225R; <; 5; 140; 1; 14; 17; 1
225; 225R; <; 6; 141; 1; 19; 19; 1
225; 225R; <; 7; 151; 1; 24; 24; 1
225; 225R; <; 8; 161; 1; 29; 29; 1
225; 225R; <; 9; 11; 1; 34; 34; 1
225; 225R; <; 10; 21; 1; 39; 39; 1
225; 225R; <; 11; 31; 1; 44; 47; 1
225; 225R; <; 12; 41; 1; 54; 55; 1
225; 225R; <; 13; 51; 1; 0; 0; 1
328; 328H; >; 1; 61; 1; 30; 30; 1
328; 328H; >; 2; 60; 1; 32; 32; 1
328; 328H; >; 3; 59; 1; 34; 34; 1
328; 328H; >; 4; 58; 1; 36; 36; 1
328; 328H; >; 5; 57; 1; 38; 38; 1
328; 328H; >; 6; 56; 1; 40; 40; 1
328; 328H; >; 7; 55; 1; 42; 42; 1
328; 328H; >; 8; 54; 1; 44; 44; 1
328; 328H; >; 9; 53; 1; 46; 46; 1
328; 328H; >; 10; 52; 1; 48; 48; 1
328; 328H; >; 11; 1; 1; 50; 50; 1
328; 328H; >; 12; 112; 1; 52; 52; 1
328; 328H; >; 13; 113; 1; 54; 54; 1
328; 328R; <; 1; 113; 1; 54; 54; 1
328; 328R; <; 2; 112; 1; 56; 56; 1
328; 328R; <; 3; 1; 1; 58; 1; 1
328; 328R; <; 4; 52; 1; 3; 3; 1
328; 328R; <; 5; 53; 1; 5; 8; 1
328; 328R; <; 6; 54; 1; 10; 10; 1
328; 328R; <; 7; 55; 1; 12; 12; 1
328; 328R; <; 8; 56; 1; 14; 14; 1
328; 328R; <; 9; 57; 1; 16; 16; 1
328; 328R; <; 10; 58; 1; 18; 18; 1
328; 328R; <; 11; 59; 1; 20; 20; 1
328; 328R; <; 12; 60; 1; 22; 22; 1
328; 328R; <; 13; 61; 1; 24; 24; 1
330; 330H; >; 1; 61; 1; 8; 8; 1
330; 330H; >; 2; 60; 1; 10; 10; 1
330; 330H; >; 3; 59; 1; 12; 12; 1
330; 330H; >; 4; 58; 1; 14; 14; 1
330; 330H; >; 5; 57; 1; 16; 16; 1
330; 330H; >; 6; 56; 1; 18; 18; 1
330; 330H; >; 7; 55; 1; 20; 20; 1
330; 330H; >; 8; 54; 1; 22; 22; 1
330; 330H; >; 9; 53; 1; 24; 24; 1
330; 330H; >; 10; 52; 1; 26; 26; 1
330; 330H; >; 11; 1; 1; 28; 28; 1
330; 330H; >; 12; 12; 1; 30; 30; 1
330; 330H; >; 13; 13; 1; 32; 32; 1
330; 330R; <; 1; 13; 1; 54; 54; 1
330; 330R; <; 2; 12; 1; 56; 56; 1
330; 330R; <; 3; 1; 1; 58; 1; 1
330; 330R; <; 4; 52; 1; 3; 3; 1
330; 330R; <; 5; 53; 1; 5; 8; 1
330; 330R; <; 6; 54; 1; 10; 10; 1
330; 330R; <; 7; 55; 1; 12; 12; 1
330; 330R; <; 8; 56; 1; 14; 14; 1
330; 330R; <; 9; 57; 1; 16; 16; 1
330; 330R; <; 10; 58; 1; 18; 18; 1
330; 330R; <; 11; 59; 1; 20; 20; 1
330; 330R; <; 12; 60; 1; 22; 25; 1
330; 330R; <; 13; 61; 1; 28; 28; 1
555; 555H; >; 1; 131; 1; 38; 38; 1
555; 555H; >; 2; 130; 1; 40; 40; 1
555; 555H; >; 3; 129; 1; 42; 42; 1
555; 555H; >; 4; 128; 1; 44; 44; 1
555; 555H; >; 5; 127; 1; 46; 46; 1
555; 555H; >; 6; 126; 1; 48; 48; 1
555; 555H; >; 7; 125; 1; 50; 50; 1
555; 555H; >; 8; 124; 1; 52; 52; 1
555; 555H; >; 9; 123; 1; 54; 54; 1
555; 555H; >; 10; 122; 1; 56; 56; 1
555; 555H; >; 11; 1; 1; 58; 58; 1
555; 555H; >; 12; 102; 1; 0; 0; 1
555; 555R; <; 1; 102; 1; 0; 0; 1
555; 555R; <; 2; 1; 1; 2; 2; 1
555; 555R; <; 3; 122; 1; 4; 4; 1
555; 555R; <; 4; 123; 1; 6; 6; 1
555; 555R; <; 5; 124; 1; 8; 8; 1
555; 555R; <; 6; 125; 1; 10; 10; 1
555; 555R; <; 7; 126; 1; 12; 12; 1
555; 555R; <; 8; 127; 1; 14; 14; 1
555; 555R; <; 9; 128; 1; 16; 16; 1
555; 555R; <; 10; 129; 1; 18; 18; 1
555; 555R; <; 11; 130; 1; 20; 20; 1
555; 555R; <; 12; 131; 1; 22; 22; 1
650; 650H; >; 1; 70; 1; 40; 40; 1
650; 650H; >; 2; 69; 1; 42; 42; 1
650; 650H; >; 3; 68; 1; 44; 44; 1
650; 650H; >; 4; 67; 1; 46; 46; 1
650; 650H; >; 5; 66; 1; 48; 48; 1
650; 650H; >; 6; 65; 1; 50; 50; 1
650; 650H; >; 7; 64; 1; 52; 52; 1
650; 650H; >; 8; 63; 1; 54; 54; 1
650; 650H; >; 9; 53; 1; 56; 56; 1
650; 650H; >; 10; 43; 1; 58; 58; 1
650; 650H; >; 11; 33; 1; 0; 0; 1
650; 650H; >; 12; 23; 1; 2; 2; 1
650; 650R; <; 1; 23; 1; 42; 42; 1
650; 650R; <; 2; 33; 1; 44; 44; 1
650; 650R; <; 3; 43; 1; 46; 46; 1
650; 650R; <; 4; 53; 1; 48; 48; 1
650; 650R; <; 5; 63; 1; 50; 50; 1
650; 650R; <; 6; 64; 1; 52; 52; 1
650; 650R; <; 7; 65; 1; 54; 54; 1
650; 650R; <; 8; 66; 1; 56; 56; 1
650; 650R; <; 9; 67; 1; 58; 58; 1
650; 650R; <; 10; 68; 1; 0; 3; 1
650; 650R; <; 11; 69; 1; 6; 9; 1
650; 650R; <; 12; 70; 1; 12; 12; 1
761; 761H; >; 1; 156; 1; 44; 44; 1
761; 761H; >; 2; 6; 1; 47; 47; 1
761; 761H; >; 3; 16; 1; 50; 50; 1
761; 761H; >; 4; 26; 1; 53; 53; 1
761; 761H; >; 5; 36; 1; 56; 56; 1
761; 761H; >; 6; 46; 1; 59; 59; 1
761; 761H; >; 7; 56; 1; 2; 2; 1
761; 761H; >; 8; 66; 1; 5; 5; 1
761; 761H; >; 9; 76; 1; 8; 8; 1
761; 761H; >; 10; 77; 1; 10; 10; 1
761; 761H; >; 11; 78; 1; 12; 12; 1
761; 761R; <; 1; 78; 1; 40; 40; 1
761; 761R; <; 2; 77; 1; 42; 42; 1
761; 761R; <; 3; 76; 1; 44; 44; 1
761; 761R; <; 4; 66; 1; 47; 47; 1
761; 761R; <; 5; 56; 1; 50; 50; 1
761; 761R; <; 6; 46; 1; 53; 53; 1
761; 761R; <; 7; 36; 1; 56; 56; 1
761; 761R; <; 8; 26; 1; 59; 59; 1
761; 761R; <; 9; 16; 1; 2; 2; 1
761; 761R; <; 10; 6; 1; 5; 5; 1
761; 761R; <; 11; 156; 1; 8; 8; 1
1072; 1072H; >; 1; 90; 1; 36; 36; 1
1072; 1072H; >; 2; 89; 1; 38; 38; 1
1072; 1072H; >; 3; 88; 1; 40; 40; 1
1072; 1072H; >; 4; 87; 1; 42; 42; 1
1072; 1072H; >; 5; 86; 1; 44; 44; 1
1072; 1072H; >; 6; 85; 1; 46; 46; 1
1072; 1072H; >; 7; 84; 1; 48; 48; 1
1072; 1072H; >; 8; 83; 1; 50; 50; 1
1072; 1072H; >; 9; 73; 1; 52; 52; 1
1072; 1072H; >; 10; 63; 1; 54; 54; 1
1072; 1072H; >; 11; 62; 1; 56; 56; 1
1072; 1072R; <; 1; 62; 1; 56; 56; 1
1072; 1072R; <; 2; 63; 1; 58; 58; 1
1072; 1072R; <; 3; 73; 1; 0; 0; 1
1072; 1072R; <; 4; 83; 1; 2; 2; 1
1072; 1072R; <; 5; 84; 1; 4; 4; 1
1072; 1072R; <; 6; 85; 1; 6; 6; 1
1072; 1072R; <; 7; 86; 1; 8; 8; 1
1072; 1072R; <; 8; 87; 1; 10; 10; 1
1072; 1072R; <; 9; 88; 1; 12; 15; 1
1072; 1072R; <; 10; 89; 1; 18; 21; 1
1072; 1072R; <; 11; 90; 1; 24; 24; 1
1605; 1605H; >; 1; 79; 1; 22; 22; 1
1605; 1605H; >; 2; 78; 1; 25; 28; 1
1605; 1605H; >; 3; 77; 1; 30; 30; 1
1605; 1605H; >; 4; 76; 1; 32; 32; 1
1605; 1605H; >; 5; 75; 1; 34; 34; 1
1605; 1605H; >; 6; 74; 1; 36; 36; 1
1605; 1605H; >; 7; 73; 1; 38; 38; 1
1605; 1605H; >; 8; 72; 1; 40; 40; 1
1605; 1605H; >; 9; 1; 1; 42; 45; 1
1605; 1605H; >; 10; 92; 1; 47; 47; 1
1605; 1605R; <; 1; 92; 1; 24; 24; 1
1605; 1605R; <; 2; 1; 1; 26; 26; 1
1605; 1605R; <; 3; 72; 1; 28; 28; 1
1605; 1605R; <; 4; 73; 1; 30; 30; 1
1605; 1605R; <; 5; 74; 1; 32; 32; 1
1605; 1605R; <; 6; 75; 1; 34; 34; 1
1605; 1605R; <; 7; 76; 1; 36; 36; 1
1605; 1605R; <; 8; 77; 1; 38; 38; 1
1605; 1605R; <; 9; 78; 1; 40; 40; 1
1605; 1605R; <; 10; 79; 1; 42; 42; 1
1625; 1625H; >; 1; 65; 1; 50; 50; 1
1625; 1625H; >; 2; 64; 1; 52; 52; 1
1625; 1625H; >; 3; 63; 1; 54; 54; 1
1625; 1625H; >; 4; 62; 1; 56; 56; 1
1625; 1625H; >; 5; 1; 1; 58; 1; 1
1625; 1625H; >; 6; 142; 1; 3; 3; 1
1625; 1625H; >; 7; 143; 1; 5; 5; 1
1625; 1625H; >; 8; 144; 1; 7; 7; 1
1625; 1625H; >; 9; 145; 1; 9; 9; 1
1625; 1625H; >; 10; 146; 1; 11; 11; 1
1625; 1625R; <; 1; 146; 1; 48; 48; 1
1625; 1625R; <; 2; 145; 1; 50; 50; 1
1625; 1625R; <; 3; 144; 1; 52; 52; 1
1625; 1625R; <; 4; 143; 1; 54; 54; 1
1625; 1625R; <; 5; 142; 1; 56; 56; 1
1625; 1625R; <; 6; 1; 1; 58; 1; 1
1625; 1625R; <; 7; 62; 1; 3; 3; 1
1625; 1625R; <; 8; 63; 1; 5; 5; 1
1625; 1625R; <; 9; 64; 1; 7; 10; 1
1625; 1625R; <; 10; 65; 1; 13; 13; 1
1673; 1673H; >; 1; 29; 1; 8; 8; 1
1673; 1673H; >; 2; 28; 1; 11; 14; 1
1673; 1673H; >; 3; 27; 1; 16; 16; 1
1673; 1673H; >; 4; 26; 1; 18; 18; 1
1673; 1673H; >; 5; 25; 1; 20; 20; 1
1673; 1673H; >; 6; 24; 1; 22; 22; 1
1673; 1673H; >; 7; 23; 1; 24; 24; 1
1673; 1673H; >; 8; 22; 1; 26; 26; 1
1673; 1673H; >; 9; 1; 1; 28; 31; 1
1673; 1673H; >; 10; 42; 1; 33; 33; 1
1673; 1673R; <; 1; 42; 1; 59; 59; 1
1673; 1673R; <; 2; 1; 1; 1; 1; 1
1673; 1673R; <; 3; 22; 1; 3; 3; 1
1673; 1673R; <; 4; 23; 1; 5; 5; 1
1673; 1673R; <; 5; 24; 1; 7; 7; 1
1673; 1673R; <; 6; 25; 1; 9; 12; 1
1673; 1673R; <; 7; 26; 1; 14; 14; 1
1673; 1673R; <; 8; 27; 1; 16; 19; 1
1673; 1673R; <; 9; 28; 1; 22; 25; 1
1673; 1673R; <; 10; 29; 1; 28; 28; 1
1771; 1771H; >; 1; 126; 1; 50; 50; 1
1771; 1771H; >; 2; 116; 1; 53; 53; 1
1771; 1771H; >; 3; 106; 1; 56; 56; 1
1771; 1771H; >; 4; 96; 1; 59; 59; 1
1771; 1771H; >; 5; 86; 1; 2; 2; 1
1771; 1771H; >; 6; 76; 1; 5; 5; 1
1771; 1771H; >; 7; 66; 1; 8; 8; 1
1771; 1771H; >; 8; 56; 1; 11; 12; 1
1771; 1771H; >; 9; 55; 1; 14; 14; 1
1771; 1771R; <; 1; 55; 1; 54; 54; 1
1771; 1771R; <; 2; 56; 1; 56; 56; 1
1771; 1771R; <; 3; 66; 1; 59; 59; 1
1771; 1771R; <; 4; 76; 1; 2; 2; 1
1771; 1771R; <; 5; 86; 1; 5; 5; 1
1771; 1771R; <; 6; 96; 1; 8; 8; 1
1771; 1771R; <; 7; 106; 1; 11; 11; 1
1771; 1771R; <; 8; 116; 1; 14; 17; 1
1771; 1771R; <; 9; 126; 1; 21; 21; 1
1883; 1883H; >; 1; 56; 1; 8; 8; 1
1883; 1883H; >; 2; 46; 1; 11; 11; 1
1883; 1883H; >; 3; 36; 1; 14; 14; 1
1883; 1883H; >; 4; 26; 1; 17; 17; 1
1883; 1883H; >; 5; 16; 1; 20; 20; 1
1883; 1883H; >; 6; 6; 1; 23; 23; 1
1883; 1883H; >; 7; 156; 1; 26; 26; 1
1883; 1883H; >; 8; 146; 1; 29; 29; 1
1883; 1883H; >; 9; 136; 1; 32; 32; 1
1883; 1883R; <; 1; 136; 1; 44; 44; 1
1883; 1883R; <; 2; 146; 1; 47; 47; 1
1883; 1883R; <; 3; 156; 1; 50; 50; 1
1883; 1883R; <; 4; 6; 1; 53; 53; 1
1883; 1883R; <; 5; 16; 1; 56; 56; 1
1883; 1883R; <; 6; 26; 1; 59; 59; 1
1883; 1883R; <; 7; 36; 1; 2; 2; 1
1883; 1883R; <; 8; 46; 1; 5; 5; 1
1883; 1883R; <; 9; 56; 1; 8; 8; 1
2240; 2240H; >; 1; 146; 1; 46; 46; 1
2240; 2240H; >; 2; 136; 1; 50; 50; 1
2240; 2240H; >; 3; 126; 1; 53; 53; 1
2240; 2240H; >; 4; 116; 1; 56; 56; 1
2240; 2240H; >; 5; 106; 1; 59; 59; 1
2240; 2240H; >; 6; 96; 1; 2; 2; 1
2240; 2240H; >; 7; 86; 1; 5; 5; 1
2240; 2240H; >; 8; 76; 1; 8; 8; 1
2240; 2240R; <; 1; 76; 1; 45; 45; 1
2240; 2240R; <; 2; 86; 1; 48; 48; 1
2240; 2240R; <; 3; 96; 1; 51; 51; 1
2240; 2240R; <; 4; 106; 1; 54; 54; 1
2240; 2240R; <; 5; 116; 1; 57; 57; 1
2240; 2240R; <; 6; 126; 1; 0; 0; 1
2240; 2240R; <; 7; 136; 1; 3; 3; 1
2240; 2240R; <; 8; 146; 1; 6; 6; 1
2349; 2349H; >; 1; 157; 1; 50; 50; 1
2349; 2349H; >; 2; 156; 1; 52; 52; 1
2349; 2349H; >; 3; 146; 1; 55; 58; 1
2349; 2349H; >; 4; 136; 1; 2; 5; 1
2349; 2349H; >; 5; 126; 1; 9; 12; 1
2349; 2349H; >; 6; 125; 1; 15; 18; 1
2349; 2349H; >; 7; 115; 1; 24; 27; 1
2349; 2349H; >; 8; 114; 1; 30; 30; 1
2349; 2349R; <; 1; 114; 1; 10; 10; 1
2349; 2349R; <; 2; 115; 1; 12; 12; 1
2349; 2349R; <; 3; 125; 1; 16; 16; 1
2349; 2349R; <; 4; 126; 1; 18; 18; 1
2349; 2349R; <; 5; 136; 1; 21; 21; 1
2349; 2349R; <; 6; 146; 1; 24; 24; 1
2349; 2349R; <; 7; 156; 1; 27; 27; 1
2349; 2349R; <; 8; 157; 1; 29; 29; 1
3029; 3029H; >; 1; 140; 2; 10; 10; 1
3029; 3029H; >; 2; 139; 2; 12; 12; 1
3029; 3029H; >; 3; 138; 2; 14; 14; 1
3029; 3029H; >; 4; 137; 2; 16; 16; 1
3029; 3029H; >; 5; 136; 2; 18; 18; 1
3029; 3029H; >; 6; 135; 2; 20; 20; 1
3029; 3029H; >; 7; 134; 2; 22; 22; 1
3029; 3029H; >; 8; 133; 2; 24; 24; 1
3029; 3029H; >; 9; 132; 2; 26; 26; 1
3029; 3029H; >; 10; 1; 2; 28; 31; 1
3029; 3029H; >; 11; 52; 2; 33; 33; 1
3029; 3029H; >; 12; 53; 2; 35; 35; 1
3029; 3029H; >; 1; 140; 2; 40; 40; 2
3029; 3029H; >; 2; 139; 2; 42; 42; 2
3029; 3029H; >; 3; 138; 2; 44; 44; 2
3029; 3029H; >; 4; 137; 2; 46; 46; 2
3029; 3029H; >; 5; 136; 2; 48; 48; 2
3029; 3029H; >; 6; 135; 2; 50; 50; 2
3029; 3029H; >; 7; 134; 2; 52; 52; 2
3029; 3029H; >; 8; 133; 2; 54; 54; 2
3029; 3029H; >; 9; 132; 2; 56; 56; 2
3029; 3029H; >; 10; 1; 2; 58; 1; 2
3029; 3029H; >; 11; 52; 2; 3; 3; 2
3029; 3029H; >; 12; 53; 2; 5; 5; 2
3029; 3029R; <; 1; 53; 2; 15; 15; 1
3029; 3029R; <; 2; 52; 2; 17; 17; 1
3029; 3029R; <; 3; 1; 2; 19; 22; 1
3029; 3029R; <; 4; 132; 2; 24; 24; 1
3029; 3029R; <; 5; 133; 2; 26; 26; 1
3029; 3029R; <; 6; 134; 2; 28; 28; 1
3029; 3029R; <; 7; 135; 2; 30; 30; 1
3029; 3029R; <; 8; 136; 2; 32; 32; 1
3029; 3029R; <; 9; 137; 2; 34; 34; 1
3029; 3029R; <; 10; 138; 2; 36; 36; 1
3029; 3029R; <; 11; 139; 2; 38; 38; 1
3029; 3029R; <; 12; 140; 2; 40; 40; 1
3029; 3029R; <; 1; 53; 2; 45; 45; 2
3029; 3029R; <; 2; 52; 2; 47; 47; 2
3029; 3029R; <; 3; 1; 2; 49; 52; 2
3029; 3029R; <; 4; 132; 2; 54; 54; 2
3029; 3029R; <; 5; 133; 2; 56; 56; 2
3029; 3029R; <; 6; 134; 2; 58; 58; 2
3029; 3029R; <; 7; 135; 2; 0; 0; 2
3029; 3029R; <; 8; 136; 2; 2; 2; 2
3029; 3029R; <; 9; 137; 2; 4; 4; 2
3029; 3029R; <; 10; 138; 2; 6; 6; 2
3029; 3029R; <; 11; 139; 2; 8; 8; 2
3029; 3029R; <; 12; 140; 2; 10; 10; 2
3051; 3051H; >; 1; 92; 1; 57; 57; 1
3051; 3051H; >; 2; 82; 1; 58; 58; 1
3051; 3051H; >; 3; 72; 1; 59; 59; 1
3051; 3051H; >; 4; 62; 1; 60; 60; 1
3051; 3051H; >; 5; 52; 1; 1; 1; 1
3051; 3051H; >; 6; 42; 1; 2; 2; 1
3051; 3051H; >; 7; 32; 1; 3; 3; 1
3051; 3051H; >; 8; 22; 1; 4; 4; 1
3051; 3051H; >; 9; 12; 1; 5; 8; 1
3051; 3051H; >; 10; 2; 1; 9; 12; 1
3051; 3051H; >; 11; 1; 1; 15; 15; 1
3051; 3051R; <; 1; 1; 1; 19; 19; 1
3051; 3051R; <; 2; 2; 1; 21; 24; 1
3051; 3051R; <; 3; 12; 1; 25; 25; 1
3051; 3051R; <; 4; 22; 1; 26; 26; 1
3051; 3051R; <; 5; 32; 1; 27; 27; 1
3051; 3051R; <; 6; 42; 1; 28; 28; 1
3051; 3051R; <; 7; 52; 1; 29; 29; 1
3051; 3051R; <; 8; 62; 1; 30; 30; 1
3051; 3051R; <; 9; 72; 1; 31; 34; 1
3051; 3051R; <; 10; 82; 1; 35; 38; 1
3051; 3051R; <; 11; 92; 1; 39; 39; 1
3081; 3081H; >; 1; 81; 2; 38; 38; 1
3081; 3081H; >; 2; 80; 2; 40; 40; 1
3081; 3081H; >; 3; 79; 2; 42; 42; 1
3081; 3081H; >; 4; 78; 2; 44; 44; 1
3081; 3081H; >; 5; 77; 2; 46; 46; 1
3081; 3081H; >; 6; 76; 2; 48; 48; 1
3081; 3081H; >; 7; 75; 2; 50; 50; 1
3081; 3081H; >; 8; 74; 2; 52; 52; 1
3081; 3081H; >; 9; 73; 2; 54; 54; 1
3081; 3081H; >; 10; 72; 2; 56; 56; 1
3081; 3081H; >; 11; 1; 2; 58; 1; 1
3081; 3081H; >; 12; 152; 2; 3; 3; 1
3081; 3081H; >; 13; 153; 2; 5; 5; 1
3081; 3081H; >; 14; 154; 2; 7; 7; 1
3081; 3081H; >; 15; 155; 2; 9; 9; 1
3081; 3081H; >; 16; 156; 2; 11; 11; 1
3081; 3081H; >; 17; 157; 2; 13; 13; 1
3081; 3081H; >; 18; 158; 2; 15; 15; 1
3081; 3081H; >; 19; 159; 2; 17; 17; 1
3081; 3081H; >; 20; 160; 2; 19; 19; 1
3081; 3081H; >; 21; 161; 2; 21; 21; 1
3081; 3081H; >; 1; 81; 2; 8; 8; 2
3081; 3081H; >; 2; 80; 2; 10; 10; 2
3081; 3081H; >; 3; 79; 2; 12; 12; 2
3081; 3081H; >; 4; 78; 2; 14; 14; 2
3081; 3081H; >; 5; 77; 2; 16; 16; 2
3081; 3081H; >; 6; 76; 2; 18; 18; 2
3081; 3081H; >; 7; 75; 2; 20; 20; 2
3081; 3081H; >; 8; 74; 2; 22; 22; 2
3081; 3081H; >; 9; 73; 2; 24; 24; 2
3081; 3081H; >; 10; 72; 2; 26; 26; 2
3081; 3081H; >; 11; 1; 2; 28; 31; 2
3081; 3081H; >; 12; 152; 2; 33; 33; 2
3081; 3081H; >; 13; 153; 2; 35; 35; 2
3081; 3081H; >; 14; 154; 2; 37; 37; 2
3081; 3081H; >; 15; 155; 2; 39; 39; 2
3081; 3081H; >; 16; 156; 2; 41; 41; 2
3081; 3081H; >; 17; 157; 2; 43; 43; 2
3081; 3081H; >; 18; 158; 2; 45; 45; 2
3081; 3081H; >; 19; 159; 2; 47; 47; 2
3081; 3081H; >; 20; 160; 2; 49; 49; 2
3081; 3081H; >; 21; 161; 2; 51; 51; 2
3081; 3081R; <; 1; 161; 2; 38; 38; 1
3081; 3081R; <; 2; 160; 2; 40; 40; 1
3081; 3081R; <; 3; 159; 2; 42; 42; 1
3081; 3081R; <; 4; 158; 2; 44; 44; 1
3081; 3081R; <; 5; 157; 2; 46; 46; 1
3081; 3081R; <; 6; 156; 2; 48; 48; 1
3081; 3081R; <; 7; 155; 2; 50; 50; 1
3081; 3081R; <; 8; 154; 2; 52; 52; 1
3081; 3081R; <; 9; 153; 2; 54; 54; 1
3081; 3081R; <; 10; 152; 2; 56; 56; 1
3081; 3081R; <; 11; 1; 2; 58; 1; 1
3081; 3081R; <; 12; 72; 2; 3; 3; 1
3081; 3081R; <; 13; 73; 2; 5; 5; 1
3081; 3081R; <; 14; 74; 2; 7; 7; 1
3081; 3081R; <; 15; 75; 2; 9; 9; 1
3081; 3081R; <; 16; 76; 2; 11; 11; 1
3081; 3081R; <; 17; 77; 2; 13; 13; 1
3081; 3081R; <; 18; 78; 2; 15; 15; 1
3081; 3081R; <; 19; 79; 2; 17; 17; 1
3081; 3081R; <; 20; 80; 2; 19; 19; 1
3081; 3081R; <; 21; 81; 2; 21; 21; 1
3081; 3081R; <; 1; 161; 2; 8; 8; 2
3081; 3081R; <; 2; 160; 2; 10; 10; 2
3081; 3081R; <; 3; 159; 2; 12; 12; 2
3081; 3081R; <; 4; 158; 2; 14; 14; 2
3081; 3081R; <; 5; 157; 2; 16; 16; 2
3081; 3081R; <; 6; 156; 2; 18; 18; 2
3081; 3081R; <; 7; 155; 2; 20; 20; 2
3081; 3081R; <; 8; 154; 2; 22; 22; 2
3081; 3081R; <; 9; 153; 2; 24; 24; 2
3081; 3081R; <; 10; 152; 2; 26; 26; 2
3081; 3081R; <; 11; 1; 2; 28; 31; 2
3081; 3081R; <; 12; 72; 2; 33; 33; 2
3081; 3081R; <; 13; 73; 2; 35; 35; 2
3081; 3081R; <; 14; 74; 2; 37; 37; 2
3081; 3081R; <; 15; 75; 2; 39; 39; 2
3081; 3081R; <; 16; 76; 2; 41; 41; 2
3081; 3081R; <; 17; 77; 2; 43; 43; 2
3081; 3081R; <; 18; 78; 2; 45; 45; 2
3081; 3081R; <; 19; 79; 2; 47; 47; 2
3081; 3081R; <; 20; 80; 2; 49; 49; 2
3081; 3081R; <; 21; 81; 2; 51; 51; 2
3082; 3082H; >; 1; 71; 1; 38; 38; 1
3082; 3082H; >; 2; 70; 1; 40; 40; 1
3082; 3082H; >; 3; 69; 1; 42; 42; 1
3082; 3082H; >; 4; 68; 1; 44; 44; 1
3082; 3082H; >; 5; 67; 1; 46; 46; 1
3082; 3082H; >; 6; 66; 1; 48; 48; 1
3082; 3082H; >; 7; 65; 1; 50; 50; 1
3082; 3082H; >; 8; 64; 1; 52; 52; 1
3082; 3082H; >; 9; 63; 1; 54; 54; 1
3082; 3082H; >; 10; 62; 1; 56; 56; 1
3082; 3082H; >; 11; 1; 1; 58; 1; 1
3082; 3082H; >; 12; 142; 1; 3; 3; 1
3082; 3082H; >; 13; 143; 1; 5; 5; 1
3082; 3082H; >; 14; 144; 1; 7; 7; 1
3082; 3082H; >; 15; 145; 1; 9; 9; 1
3082; 3082H; >; 16; 146; 1; 11; 11; 1
3082; 3082H; >; 17; 147; 1; 13; 13; 1
3082; 3082H; >; 18; 148; 1; 15; 15; 1
3082; 3082H; >; 19; 149; 1; 17; 17; 1
3082; 3082H; >; 20; 150; 1; 19; 19; 1
3082; 3082H; >; 21; 151; 1; 21; 21; 1
3082; 3082R; <; 1; 151; 1; 1; 1; 1
3082; 3082R; <; 2; 150; 1; 4; 7; 1
3082; 3082R; <; 3; 149; 1; 10; 12; 1
3082; 3082R; <; 4; 148; 1; 14; 14; 1
3082; 3082R; <; 5; 147; 1; 16; 16; 1
3082; 3082R; <; 6; 146; 1; 18; 18; 1
3082; 3082R; <; 7; 145; 1; 20; 20; 1
3082; 3082R; <; 8; 144; 1; 22; 22; 1
3082; 3082R; <; 9; 143; 1; 24; 24; 1
3082; 3082R; <; 10; 142; 1; 26; 26; 1
3082; 3082R; <; 11; 1; 1; 28; 28; 1
3082; 3082R; <; 12; 62; 1; 30; 30; 1
3082; 3082R; <; 13; 63; 1; 32; 32; 1
3082; 3082R; <; 14; 64; 1; 34; 34; 1
3082; 3082R; <; 15; 65; 1; 36; 36; 1
3082; 3082R; <; 16; 66; 1; 38; 38; 1
3082; 3082R; <; 17; 67; 1; 40; 40; 1
3082; 3082R; <; 18; 68; 1; 42; 44; 1
3082; 3082R; <; 19; 69; 1; 46; 49; 1
3082; 3082R; <; 20; 70; 1; 52; 55; 1
3082; 3082R; <; 21; 71; 1; 58; 58; 1
3084; 3084H; >; 1; 51; 1; 38; 38; 1
3084; 3084H; >; 2; 50; 1; 40; 40; 1
3084; 3084H; >; 3; 49; 1; 42; 42; 1
3084; 3084H; >; 4; 48; 1; 44; 44; 1
3084; 3084H; >; 5; 47; 1; 46; 46; 1
3084; 3084H; >; 6; 46; 1; 48; 48; 1
3084; 3084H; >; 7; 45; 1; 50; 50; 1
3084; 3084H; >; 8; 44; 1; 52; 52; 1
3084; 3084H; >; 9; 43; 1; 54; 54; 1
3084; 3084H; >; 10; 42; 1; 56; 56; 1
3084; 3084H; >; 11; 1; 1; 58; 1; 1
3084; 3084H; >; 12; 122; 1; 3; 3; 1
3084; 3084H; >; 13; 123; 1; 5; 5; 1
3084; 3084H; >; 14; 124; 1; 7; 7; 1
3084; 3084H; >; 15; 125; 1; 9; 9; 1
3084; 3084H; >; 16; 126; 1; 11; 11; 1
3084; 3084H; >; 17; 127; 1; 13; 13; 1
3084; 3084H; >; 18; 128; 1; 15; 15; 1
3084; 3084H; >; 19; 129; 1; 17; 17; 1
3084; 3084H; >; 20; 130; 1; 19; 19; 1
3084; 3084H; >; 21; 131; 1; 21; 21; 1
3084; 3084R; <; 1; 131; 1; 38; 38; 1
3084; 3084R; <; 2; 130; 1; 40; 40; 1
3084; 3084R; <; 3; 129; 1; 42; 42; 1
3084; 3084R; <; 4; 128; 1; 44; 44; 1
3084; 3084R; <; 5; 127; 1; 46; 46; 1
3084; 3084R; <; 6; 126; 1; 48; 48; 1
3084; 3084R; <; 7; 125; 1; 50; 50; 1
3084; 3084R; <; 8; 124; 1; 52; 52; 1
3084; 3084R; <; 9; 123; 1; 54; 54; 1
3084; 3084R; <; 10; 122; 1; 56; 56; 1
3084; 3084R; <; 11; 1; 1; 58; 1; 1
3084; 3084R; <; 12; 42; 1; 3; 3; 1
3084; 3084R; <; 13; 43; 1; 5; 5; 1
3084; 3084R; <; 14; 44; 1; 7; 7; 1
3084; 3084R; <; 15; 45; 1; 9; 9; 1
3084; 3084R; <; 16; 46; 1; 11; 11; 1
3084; 3084R; <; 17; 47; 1; 13; 13; 1
3084; 3084R; <; 18; 48; 1; 15; 15; 1
3084; 3084R; <; 19; 49; 1; 17; 17; 1
3084; 3084R; <; 20; 50; 1; 19; 19; 1
3084; 3084R; <; 21; 51; 1; 21; 21; 1
3088; 3088H; >; 1; 11; 1; 30; 30; 1
3088; 3088H; >; 2; 10; 1; 33; 36; 1
3088; 3088H; >; 3; 9; 1; 39; 42; 1
3088; 3088H; >; 4; 8; 1; 44; 44; 1
3088; 3088H; >; 5; 7; 1; 46; 46; 1
3088; 3088H; >; 6; 6; 1; 48; 48; 1
3088; 3088H; >; 7; 5; 1; 50; 50; 1
3088; 3088H; >; 8; 4; 1; 52; 52; 1
3088; 3088H; >; 9; 3; 1; 54; 54; 1
3088; 3088H; >; 10; 2; 1; 56; 56; 1
3088; 3088H; >; 11; 1; 1; 58; 1; 1
3088; 3088H; >; 12; 82; 1; 3; 3; 1
3088; 3088H; >; 13; 83; 1; 5; 5; 1
3088; 3088H; >; 14; 84; 1; 7; 7; 1
3088; 3088H; >; 15; 85; 1; 9; 9; 1
3088; 3088H; >; 16; 86; 1; 11; 11; 1
3088; 3088H; >; 17; 87; 1; 13; 13; 1
3088; 3088H; >; 18; 88; 1; 15; 18; 1
3088; 3088H; >; 19; 89; 1; 21; 24; 1
3088; 3088H; >; 20; 90; 1; 27; 30; 1
3088; 3088H; >; 21; 91; 1; 33; 33; 1
3088; 3088R; <; 1; 91; 1; 13; 13; 1
3088; 3088R; <; 2; 90; 1; 16; 19; 1
3088; 3088R; <; 3; 89; 1; 22; 25; 1
3088; 3088R; <; 4; 88; 1; 28; 31; 1
3088; 3088R; <; 5; 87; 1; 34; 37; 1
3088; 3088R; <; 6; 86; 1; 40; 43; 1
3088; 3088R; <; 7; 85; 1; 46; 49; 1
3088; 3088R; <; 8; 84; 1; 52; 52; 1
3088; 3088R; <; 9; 83; 1; 54; 54; 1
3088; 3088R; <; 10; 82; 1; 56; 56; 1
3088; 3088R; <; 11; 1; 1; 58; 1; 1
3088; 3088R; <; 12; 2; 1; 3; 3; 1
3088; 3088R; <; 13; 3; 1; 5; 8; 1
3088; 3088R; <; 14; 4; 1; 10; 13; 1
3088; 3088R; <; 15; 5; 1; 15; 18; 1
3088; 3088R; <; 16; 6; 1; 20; 23; 1
3088; 3088R; <; 17; 7; 1; 26; 29; 1
3088; 3088R; <; 18; 8; 1; 32; 35; 1
3088; 3088R; <; 19; 9; 1; 38; 41; 1
3088; 3088R; <; 20; 10; 1; 44; 47; 1
3088; 3088R; <; 21; 11; 1; 50; 50; 1
3089; 3089H; >; 1; 21; 1; 38; 38; 1
3089; 3089H; >; 2; 20; 1; 40; 40; 1
3089; 3089H; >; 3; 19; 1; 42; 42; 1
3089; 3089H; >; 4; 18; 1; 44; 44; 1
3089; 3089H; >; 5; 17; 1; 46; 46; 1
3089; 3089H; >; 6; 16; 1; 48; 48; 1
3089; 3089H; >; 7; 15; 1; 50; 50; 1
3089; 3089H; >; 8; 14; 1; 52; 52; 1
3089; 3089H; >; 9; 13; 1; 54; 54; 1
3089; 3089H; >; 10; 12; 1; 56; 56; 1
3089; 3089H; >; 11; 1; 1; 58; 1; 1
3089; 3089H; >; 12; 92; 1; 3; 3; 1
3089; 3089H; >; 13; 93; 1; 5; 5; 1
3089; 3089H; >; 14; 94; 1; 7; 7; 1
3089; 3089H; >; 15; 95; 1; 9; 9; 1
3089; 3089H; >; 16; 96; 1; 11; 11; 1
3089; 3089H; >; 17; 97; 1; 13; 13; 1
3089; 3089H; >; 18; 98; 1; 15; 15; 1
3089; 3089H; >; 19; 99; 1; 17; 17; 1
3089; 3089H; >; 20; 100; 1; 19; 19; 1
3089; 3089H; >; 21; 101; 1; 21; 21; 1
3089; 3089R; <; 1; 101; 1; 38; 38; 1
3089; 3089R; <; 2; 100; 1; 40; 40; 1
3089; 3089R; <; 3; 99; 1; 42; 42; 1
3089; 3089R; <; 4; 98; 1; 44; 44; 1
3089; 3089R; <; 5; 97; 1; 46; 46; 1
3089; 3089R; <; 6; 96; 1; 48; 48; 1
3089; 3089R; <; 7; 95; 1; 50; 50; 1
3089; 3089R; <; 8; 94; 1; 52; 52; 1
3089; 3089R; <; 9; 93; 1; 54; 54; 1
3089; 3089R; <; 10; 92; 1; 56; 56; 1
3089; 3089R; <; 11; 1; 1; 58; 1; 1
3089; 3089R; <; 12; 12; 1; 3; 3; 1
3089; 3089R; <; 13; 13; 1; 5; 5; 1
3089; 3089R; <; 14; 14; 1; 7; 7; 1
3089; 3089R; <; 15; 15; 1; 9; 9; 1
3089; 3089R; <; 16; 16; 1; 11; 11; 1
3089; 3089R; <; 17; 17; 1; 13; 13; 1
3089; 3089R; <; 18; 18; 1; 15; 15; 1
3089; 3089R; <; 19; 19; 1; 17; 17; 1
3089; 3089R; <; 20; 20; 1; 19; 19; 1
3089; 3089R; <; 21; 21; 1; 21; 21; 1
3090; 3090H; >; 1; 31; 1; 4; 4; 1
3090; 3090H; >; 2; 30; 1; 6; 6; 1
3090; 3090H; >; 3; 29; 1; 8; 8; 1
3090; 3090H; >; 4; 28; 1; 10; 10; 1
3090; 3090H; >; 5; 27; 1; 12; 12; 1
3090; 3090H; >; 6; 26; 1; 14; 14; 1
3090; 3090H; >; 7; 25; 1; 16; 16; 1
3090; 3090H; >; 8; 24; 1; 18; 18; 1
3090; 3090H; >; 9; 23; 1; 20; 20; 1
3090; 3090H; >; 10; 22; 1; 22; 22; 1
3090; 3090H; >; 11; 1; 1; 24; 24; 1
3090; 3090H; >; 12; 102; 1; 26; 26; 1
3090; 3090H; >; 13; 103; 1; 28; 28; 1
3090; 3090H; >; 14; 104; 1; 30; 30; 1
3090; 3090H; >; 15; 105; 1; 32; 32; 1
3090; 3090H; >; 16; 106; 1; 34; 34; 1
3090; 3090H; >; 17; 107; 1; 36; 36; 1
3090; 3090H; >; 18; 108; 1; 38; 41; 1
3090; 3090H; >; 19; 109; 1; 44; 47; 1
3090; 3090H; >; 20; 110; 1; 50; 53; 1
3090; 3090H; >; 21; 111; 1; 56; 56; 1
3090; 3090R; <; 1; 111; 1; 36; 36; 1
3090; 3090R; <; 2; 110; 1; 39; 40; 1
3090; 3090R; <; 3; 109; 1; 42; 42; 1
3090; 3090R; <; 4; 108; 1; 44; 44; 1
3090; 3090R; <; 5; 107; 1; 46; 46; 1
3090; 3090R; <; 6; 106; 1; 48; 48; 1
3090; 3090R; <; 7; 105; 1; 50; 50; 1
3090; 3090R; <; 8; 104; 1; 52; 52; 1
3090; 3090R; <; 9; 103; 1; 54; 54; 1
3090; 3090R; <; 10; 102; 1; 56; 56; 1
3090; 3090R; <; 11; 1; 1; 58; 1; 1
3090; 3090R; <; 12; 22; 1; 3; 3; 1
3090; 3090R; <; 13; 23; 1; 5; 5; 1
3090; 3090R; <; 14; 24; 1; 7; 7; 1
3090; 3090R; <; 15; 25; 1; 9; 9; 1
3090; 3090R; <; 16; 26; 1; 11; 11; 1
3090; 3090R; <; 17; 27; 1; 13; 13; 1
3090; 3090R; <; 18; 28; 1; 15; 15; 1
3090; 3090R; <; 19; 29; 1; 17; 17; 1
3090; 3090R; <; 20; 30; 1; 19; 22; 1
3090; 3090R; <; 21; 31; 1; 24; 24; 1
3091; 3091H; >; 1; 41; 1; 22; 22; 1
3091; 3091H; >; 2; 40; 1; 25; 28; 1
3091; 3091H; >; 3; 39; 1; 31; 34; 1
3091; 3091H; >; 4; 38; 1; 37; 40; 1
3091; 3091H; >; 5; 37; 1; 43; 46; 1
3091; 3091H; >; 6; 36; 1; 48; 48; 1
3091; 3091H; >; 7; 35; 1; 50; 50; 1
3091; 3091H; >; 8; 34; 1; 52; 52; 1
3091; 3091H; >; 9; 33; 1; 54; 54; 1
3091; 3091H; >; 10; 32; 1; 56; 56; 1
3091; 3091H; >; 11; 1; 1; 58; 1; 1
3091; 3091H; >; 12; 112; 1; 3; 3; 1
3091; 3091H; >; 13; 113; 1; 5; 5; 1
3091; 3091H; >; 14; 114; 1; 7; 7; 1
3091; 3091H; >; 15; 115; 1; 9; 9; 1
3091; 3091H; >; 16; 116; 1; 11; 11; 1
3091; 3091H; >; 17; 117; 1; 13; 13; 1
3091; 3091H; >; 18; 118; 1; 15; 15; 1
3091; 3091H; >; 19; 119; 1; 17; 17; 1
3091; 3091H; >; 20; 120; 1; 19; 22; 1
3091; 3091H; >; 21; 121; 1; 25; 25; 1
3091; 3091R; <; 1; 121; 1; 38; 38; 1
3091; 3091R; <; 2; 120; 1; 40; 40; 1
3091; 3091R; <; 3; 119; 1; 42; 42; 1
3091; 3091R; <; 4; 118; 1; 44; 44; 1
3091; 3091R; <; 5; 117; 1; 46; 46; 1
3091; 3091R; <; 6; 116; 1; 48; 48; 1
3091; 3091R; <; 7; 115; 1; 50; 50; 1
3091; 3091R; <; 8; 114; 1; 52; 52; 1
3091; 3091R; <; 9; 113; 1; 54; 54; 1
3091; 3091R; <; 10; 112; 1; 56; 56; 1
3091; 3091R; <; 11; 1; 1; 58; 1; 1
3091; 3091R; <; 12; 32; 1; 3; 3; 1
3091; 3091R; <; 13; 33; 1; 5; 5; 1
3091; 3091R; <; 14; 34; 1; 7; 7; 1
3091; 3091R; <; 15; 35; 1; 9; 11; 1
3091; 3091R; <; 16; 36; 1; 13; 16; 1
3091; 3091R; <; 17; 37; 1; 18; 21; 1
3091; 3091R; <; 18; 38; 1; 24; 27; 1
3091; 3091R; <; 19; 39; 1; 30; 33; 1
3091; 3091R; <; 20; 40; 1; 36; 39; 1
3091; 3091R; <; 21; 41; 1; 42; 42; 1
