#timetable found by modulo network simplex algorithm
#Wed Dec 19 14:51:30 2018
1; 0
2; 5
3; 5
4; 10
5; 10
6; 15
7; 15
8; 20
9; 20
10; 25
11; 28
12; 33
13; 36
14; 43
15; 46
16; 49
17; 52
18; 55
19; 58
20; 1
21; 4
22; 7
23; 10
24; 13
25; 53
26; 56
27; 59
28; 2
29; 5
30; 8
31; 11
32; 14
33; 17
34; 19
35; 19
36; 24
37; 24
38; 29
39; 29
40; 34
41; 34
42; 39
43; 39
44; 44
45; 47
46; 54
47; 55
48; 0
49; 30
50; 32
51; 32
52; 34
53; 34
54; 36
55; 36
56; 38
57; 38
58; 40
59; 40
60; 42
61; 42
62; 44
63; 44
64; 46
65; 46
66; 48
67; 48
68; 50
69; 50
70; 52
71; 52
72; 54
73; 54
74; 56
75; 56
76; 58
77; 1
78; 3
79; 3
80; 5
81; 8
82; 10
83; 10
84; 12
85; 12
86; 14
87; 14
88; 16
89; 16
90; 18
91; 18
92; 20
93; 20
94; 22
95; 22
96; 24
97; 8
98; 10
99; 10
100; 12
101; 12
102; 14
103; 14
104; 16
105; 16
106; 18
107; 18
108; 20
109; 20
110; 22
111; 22
112; 24
113; 24
114; 26
115; 26
116; 28
117; 28
118; 30
119; 30
120; 32
121; 54
122; 56
123; 56
124; 58
125; 1
126; 3
127; 3
128; 5
129; 8
130; 10
131; 10
132; 12
133; 12
134; 14
135; 14
136; 16
137; 16
138; 18
139; 18
140; 20
141; 20
142; 22
143; 25
144; 28
145; 38
146; 40
147; 40
148; 42
149; 42
150; 44
151; 44
152; 46
153; 46
154; 48
155; 48
156; 50
157; 50
158; 52
159; 52
160; 54
161; 54
162; 56
163; 56
164; 58
165; 58
166; 0
167; 0
168; 2
169; 2
170; 4
171; 4
172; 6
173; 6
174; 8
175; 8
176; 10
177; 10
178; 12
179; 12
180; 14
181; 14
182; 16
183; 16
184; 18
185; 18
186; 20
187; 20
188; 22
189; 40
190; 42
191; 42
192; 44
193; 44
194; 46
195; 46
196; 48
197; 48
198; 50
199; 50
200; 52
201; 52
202; 54
203; 54
204; 56
205; 56
206; 58
207; 58
208; 0
209; 0
210; 2
211; 42
212; 44
213; 44
214; 46
215; 46
216; 48
217; 48
218; 50
219; 50
220; 52
221; 52
222; 54
223; 54
224; 56
225; 56
226; 58
227; 58
228; 0
229; 3
230; 6
231; 9
232; 12
233; 44
234; 47
235; 47
236; 50
237; 50
238; 53
239; 53
240; 56
241; 56
242; 59
243; 59
244; 2
245; 2
246; 5
247; 5
248; 8
249; 8
250; 10
251; 10
252; 12
253; 40
254; 42
255; 42
256; 44
257; 44
258; 47
259; 47
260; 50
261; 50
262; 53
263; 53
264; 56
265; 56
266; 59
267; 59
268; 2
269; 2
270; 5
271; 5
272; 8
273; 36
274; 38
275; 38
276; 40
277; 40
278; 42
279; 42
280; 44
281; 44
282; 46
283; 46
284; 48
285; 48
286; 50
287; 50
288; 52
289; 52
290; 54
291; 54
292; 56
293; 56
294; 58
295; 58
296; 0
297; 0
298; 2
299; 2
300; 4
301; 4
302; 6
303; 6
304; 8
305; 8
306; 10
307; 10
308; 12
309; 15
310; 18
311; 21
312; 24
313; 22
314; 25
315; 28
316; 30
317; 30
318; 32
319; 32
320; 34
321; 34
322; 36
323; 36
324; 38
325; 38
326; 40
327; 40
328; 42
329; 45
330; 47
331; 24
332; 26
333; 26
334; 28
335; 28
336; 30
337; 30
338; 32
339; 32
340; 34
341; 34
342; 36
343; 36
344; 38
345; 38
346; 40
347; 40
348; 42
349; 50
350; 52
351; 52
352; 54
353; 54
354; 56
355; 56
356; 58
357; 1
358; 3
359; 3
360; 5
361; 5
362; 7
363; 7
364; 9
365; 9
366; 11
367; 48
368; 50
369; 50
370; 52
371; 52
372; 54
373; 54
374; 56
375; 56
376; 58
377; 1
378; 3
379; 3
380; 5
381; 5
382; 7
383; 10
384; 13
385; 8
386; 11
387; 14
388; 16
389; 16
390; 18
391; 18
392; 20
393; 20
394; 22
395; 22
396; 24
397; 24
398; 26
399; 26
400; 28
401; 31
402; 33
403; 59
404; 1
405; 1
406; 3
407; 3
408; 5
409; 5
410; 7
411; 7
412; 9
413; 12
414; 14
415; 14
416; 16
417; 19
418; 22
419; 25
420; 28
421; 50
422; 53
423; 53
424; 56
425; 56
426; 59
427; 59
428; 2
429; 2
430; 5
431; 5
432; 8
433; 8
434; 11
435; 12
436; 14
437; 54
438; 56
439; 56
440; 59
441; 59
442; 2
443; 2
444; 5
445; 5
446; 8
447; 8
448; 11
449; 11
450; 14
451; 17
452; 21
453; 8
454; 11
455; 11
456; 14
457; 14
458; 17
459; 17
460; 20
461; 20
462; 23
463; 23
464; 26
465; 26
466; 29
467; 29
468; 32
469; 44
470; 47
471; 47
472; 50
473; 50
474; 53
475; 53
476; 56
477; 56
478; 59
479; 59
480; 2
481; 2
482; 5
483; 5
484; 8
485; 46
486; 50
487; 50
488; 53
489; 53
490; 56
491; 56
492; 59
493; 59
494; 2
495; 2
496; 5
497; 5
498; 8
499; 45
500; 48
501; 48
502; 51
503; 51
504; 54
505; 54
506; 57
507; 57
508; 0
509; 0
510; 3
511; 3
512; 6
513; 50
514; 52
515; 52
516; 55
517; 58
518; 2
519; 5
520; 9
521; 12
522; 15
523; 18
524; 24
525; 27
526; 30
527; 10
528; 12
529; 12
530; 16
531; 16
532; 18
533; 18
534; 21
535; 21
536; 24
537; 24
538; 27
539; 27
540; 29
541; 10
542; 12
543; 12
544; 14
545; 14
546; 16
547; 16
548; 18
549; 18
550; 20
551; 20
552; 22
553; 22
554; 24
555; 24
556; 26
557; 26
558; 28
559; 31
560; 33
561; 33
562; 35
563; 40
564; 42
565; 42
566; 44
567; 44
568; 46
569; 46
570; 48
571; 48
572; 50
573; 50
574; 52
575; 52
576; 54
577; 54
578; 56
579; 56
580; 58
581; 1
582; 3
583; 3
584; 5
585; 15
586; 17
587; 17
588; 19
589; 22
590; 24
591; 24
592; 26
593; 26
594; 28
595; 28
596; 30
597; 30
598; 32
599; 32
600; 34
601; 34
602; 36
603; 36
604; 38
605; 38
606; 40
607; 45
608; 47
609; 47
610; 49
611; 52
612; 54
613; 54
614; 56
615; 56
616; 58
617; 58
618; 0
619; 0
620; 2
621; 2
622; 4
623; 4
624; 6
625; 6
626; 8
627; 8
628; 10
629; 57
630; 58
631; 58
632; 59
633; 59
634; 60
635; 60
636; 1
637; 1
638; 2
639; 2
640; 3
641; 3
642; 4
643; 4
644; 5
645; 8
646; 9
647; 12
648; 15
649; 19
650; 21
651; 24
652; 25
653; 25
654; 26
655; 26
656; 27
657; 27
658; 28
659; 28
660; 29
661; 29
662; 30
663; 30
664; 31
665; 34
666; 35
667; 38
668; 39
669; 38
670; 40
671; 40
672; 42
673; 42
674; 44
675; 44
676; 46
677; 46
678; 48
679; 48
680; 50
681; 50
682; 52
683; 52
684; 54
685; 54
686; 56
687; 56
688; 58
689; 1
690; 3
691; 3
692; 5
693; 5
694; 7
695; 7
696; 9
697; 9
698; 11
699; 11
700; 13
701; 13
702; 15
703; 15
704; 17
705; 17
706; 19
707; 19
708; 21
709; 8
710; 10
711; 10
712; 12
713; 12
714; 14
715; 14
716; 16
717; 16
718; 18
719; 18
720; 20
721; 20
722; 22
723; 22
724; 24
725; 24
726; 26
727; 26
728; 28
729; 31
730; 33
731; 33
732; 35
733; 35
734; 37
735; 37
736; 39
737; 39
738; 41
739; 41
740; 43
741; 43
742; 45
743; 45
744; 47
745; 47
746; 49
747; 49
748; 51
749; 38
750; 40
751; 40
752; 42
753; 42
754; 44
755; 44
756; 46
757; 46
758; 48
759; 48
760; 50
761; 50
762; 52
763; 52
764; 54
765; 54
766; 56
767; 56
768; 58
769; 1
770; 3
771; 3
772; 5
773; 5
774; 7
775; 7
776; 9
777; 9
778; 11
779; 11
780; 13
781; 13
782; 15
783; 15
784; 17
785; 17
786; 19
787; 19
788; 21
789; 8
790; 10
791; 10
792; 12
793; 12
794; 14
795; 14
796; 16
797; 16
798; 18
799; 18
800; 20
801; 20
802; 22
803; 22
804; 24
805; 24
806; 26
807; 26
808; 28
809; 31
810; 33
811; 33
812; 35
813; 35
814; 37
815; 37
816; 39
817; 39
818; 41
819; 41
820; 43
821; 43
822; 45
823; 45
824; 47
825; 47
826; 49
827; 49
828; 51
829; 38
830; 40
831; 40
832; 42
833; 42
834; 44
835; 44
836; 46
837; 46
838; 48
839; 48
840; 50
841; 50
842; 52
843; 52
844; 54
845; 54
846; 56
847; 56
848; 58
849; 1
850; 3
851; 3
852; 5
853; 5
854; 7
855; 7
856; 9
857; 9
858; 11
859; 11
860; 13
861; 13
862; 15
863; 15
864; 17
865; 17
866; 19
867; 19
868; 21
869; 1
870; 4
871; 7
872; 10
873; 12
874; 14
875; 14
876; 16
877; 16
878; 18
879; 18
880; 20
881; 20
882; 22
883; 22
884; 24
885; 24
886; 26
887; 26
888; 28
889; 28
890; 30
891; 30
892; 32
893; 32
894; 34
895; 34
896; 36
897; 36
898; 38
899; 38
900; 40
901; 40
902; 42
903; 44
904; 46
905; 49
906; 52
907; 55
908; 58
909; 38
910; 40
911; 40
912; 42
913; 42
914; 44
915; 44
916; 46
917; 46
918; 48
919; 48
920; 50
921; 50
922; 52
923; 52
924; 54
925; 54
926; 56
927; 56
928; 58
929; 1
930; 3
931; 3
932; 5
933; 5
934; 7
935; 7
936; 9
937; 9
938; 11
939; 11
940; 13
941; 13
942; 15
943; 15
944; 17
945; 17
946; 19
947; 19
948; 21
949; 38
950; 40
951; 40
952; 42
953; 42
954; 44
955; 44
956; 46
957; 46
958; 48
959; 48
960; 50
961; 50
962; 52
963; 52
964; 54
965; 54
966; 56
967; 56
968; 58
969; 1
970; 3
971; 3
972; 5
973; 5
974; 7
975; 7
976; 9
977; 9
978; 11
979; 11
980; 13
981; 13
982; 15
983; 15
984; 17
985; 17
986; 19
987; 19
988; 21
989; 30
990; 33
991; 36
992; 39
993; 42
994; 44
995; 44
996; 46
997; 46
998; 48
999; 48
1000; 50
1001; 50
1002; 52
1003; 52
1004; 54
1005; 54
1006; 56
1007; 56
1008; 58
1009; 1
1010; 3
1011; 3
1012; 5
1013; 5
1014; 7
1015; 7
1016; 9
1017; 9
1018; 11
1019; 11
1020; 13
1021; 13
1022; 15
1023; 18
1024; 21
1025; 24
1026; 27
1027; 30
1028; 33
1029; 13
1030; 16
1031; 19
1032; 22
1033; 25
1034; 28
1035; 31
1036; 34
1037; 37
1038; 40
1039; 43
1040; 46
1041; 49
1042; 52
1043; 52
1044; 54
1045; 54
1046; 56
1047; 56
1048; 58
1049; 1
1050; 3
1051; 3
1052; 5
1053; 8
1054; 10
1055; 13
1056; 15
1057; 18
1058; 20
1059; 23
1060; 26
1061; 29
1062; 32
1063; 35
1064; 38
1065; 41
1066; 44
1067; 47
1068; 50
1069; 38
1070; 40
1071; 40
1072; 42
1073; 42
1074; 44
1075; 44
1076; 46
1077; 46
1078; 48
1079; 48
1080; 50
1081; 50
1082; 52
1083; 52
1084; 54
1085; 54
1086; 56
1087; 56
1088; 58
1089; 1
1090; 3
1091; 3
1092; 5
1093; 5
1094; 7
1095; 7
1096; 9
1097; 9
1098; 11
1099; 11
1100; 13
1101; 13
1102; 15
1103; 15
1104; 17
1105; 17
1106; 19
1107; 19
1108; 21
1109; 38
1110; 40
1111; 40
1112; 42
1113; 42
1114; 44
1115; 44
1116; 46
1117; 46
1118; 48
1119; 48
1120; 50
1121; 50
1122; 52
1123; 52
1124; 54
1125; 54
1126; 56
1127; 56
1128; 58
1129; 1
1130; 3
1131; 3
1132; 5
1133; 5
1134; 7
1135; 7
1136; 9
1137; 9
1138; 11
1139; 11
1140; 13
1141; 13
1142; 15
1143; 15
1144; 17
1145; 17
1146; 19
1147; 19
1148; 21
1149; 4
1150; 6
1151; 6
1152; 8
1153; 8
1154; 10
1155; 10
1156; 12
1157; 12
1158; 14
1159; 14
1160; 16
1161; 16
1162; 18
1163; 18
1164; 20
1165; 20
1166; 22
1167; 22
1168; 24
1169; 24
1170; 26
1171; 26
1172; 28
1173; 28
1174; 30
1175; 30
1176; 32
1177; 32
1178; 34
1179; 34
1180; 36
1181; 36
1182; 38
1183; 41
1184; 44
1185; 47
1186; 50
1187; 53
1188; 56
1189; 36
1190; 39
1191; 40
1192; 42
1193; 42
1194; 44
1195; 44
1196; 46
1197; 46
1198; 48
1199; 48
1200; 50
1201; 50
1202; 52
1203; 52
1204; 54
1205; 54
1206; 56
1207; 56
1208; 58
1209; 1
1210; 3
1211; 3
1212; 5
1213; 5
1214; 7
1215; 7
1216; 9
1217; 9
1218; 11
1219; 11
1220; 13
1221; 13
1222; 15
1223; 15
1224; 17
1225; 17
1226; 19
1227; 22
1228; 24
1229; 22
1230; 25
1231; 28
1232; 31
1233; 34
1234; 37
1235; 40
1236; 43
1237; 46
1238; 48
1239; 48
1240; 50
1241; 50
1242; 52
1243; 52
1244; 54
1245; 54
1246; 56
1247; 56
1248; 58
1249; 1
1250; 3
1251; 3
1252; 5
1253; 5
1254; 7
1255; 7
1256; 9
1257; 9
1258; 11
1259; 11
1260; 13
1261; 13
1262; 15
1263; 15
1264; 17
1265; 17
1266; 19
1267; 22
1268; 25
1269; 38
1270; 40
1271; 40
1272; 42
1273; 42
1274; 44
1275; 44
1276; 46
1277; 46
1278; 48
1279; 48
1280; 50
1281; 50
1282; 52
1283; 52
1284; 54
1285; 54
1286; 56
1287; 56
1288; 58
1289; 1
1290; 3
1291; 3
1292; 5
1293; 5
1294; 7
1295; 7
1296; 9
1297; 11
1298; 13
1299; 16
1300; 18
1301; 21
1302; 24
1303; 27
1304; 30
1305; 33
1306; 36
1307; 39
1308; 42
