# line-id; line-code; direction; stop-order; stop-id; frequency; arrival_time; departure_time; line-repetition
1; 1H; >; 1; 5; 1; 0; 0; 1
1; 1H; >; 2; 6; 1; 2; 2; 1
1; 1H; >; 3; 283; 1; 3; 3; 1
1; 1H; >; 4; 17; 1; 11; 11; 1
1; 1H; >; 5; 3; 1; 15; 15; 1
1; 1H; >; 6; 2; 1; 25; 25; 1
1; 1H; >; 7; 8; 1; 29; 29; 1
1; 1R; <; 1; 8; 1; 31; 31; 1
1; 1R; <; 2; 2; 1; 35; 35; 1
1; 1R; <; 3; 3; 1; 45; 45; 1
1; 1R; <; 4; 17; 1; 49; 49; 1
1; 1R; <; 5; 283; 1; 57; 57; 1
1; 1R; <; 6; 6; 1; 58; 58; 1
1; 1R; <; 7; 5; 1; 0; 0; 1
2; 2H; >; 1; 8; 2; 57; 57; 1
2; 2H; >; 2; 7; 2; 0; 0; 1
2; 2H; >; 3; 29; 2; 7; 7; 1
2; 2H; >; 4; 15; 2; 15; 15; 1
2; 2H; >; 5; 16; 2; 16; 16; 1
2; 2H; >; 6; 18; 2; 18; 18; 1
2; 2H; >; 7; 13; 2; 24; 24; 1
2; 2H; >; 8; 31; 2; 32; 32; 1
2; 2H; >; 9; 339; 2; 35; 35; 1
2; 2H; >; 10; 5; 2; 40; 40; 1
2; 2H; >; 1; 8; 2; 27; 27; 2
2; 2H; >; 2; 7; 2; 30; 30; 2
2; 2H; >; 3; 29; 2; 37; 37; 2
2; 2H; >; 4; 15; 2; 45; 45; 2
2; 2H; >; 5; 16; 2; 46; 46; 2
2; 2H; >; 6; 18; 2; 48; 48; 2
2; 2H; >; 7; 13; 2; 54; 54; 2
2; 2H; >; 8; 31; 2; 2; 2; 2
2; 2H; >; 9; 339; 2; 5; 5; 2
2; 2H; >; 10; 5; 2; 10; 10; 2
2; 2R; <; 1; 5; 2; 7; 7; 1
2; 2R; <; 2; 339; 2; 12; 12; 1
2; 2R; <; 3; 31; 2; 15; 15; 1
2; 2R; <; 4; 13; 2; 23; 23; 1
2; 2R; <; 5; 18; 2; 29; 29; 1
2; 2R; <; 6; 16; 2; 31; 31; 1
2; 2R; <; 7; 15; 2; 32; 32; 1
2; 2R; <; 8; 29; 2; 40; 40; 1
2; 2R; <; 9; 7; 2; 47; 47; 1
2; 2R; <; 10; 8; 2; 50; 50; 1
2; 2R; <; 1; 5; 2; 37; 37; 2
2; 2R; <; 2; 339; 2; 42; 42; 2
2; 2R; <; 3; 31; 2; 45; 45; 2
2; 2R; <; 4; 13; 2; 53; 53; 2
2; 2R; <; 5; 18; 2; 59; 59; 2
2; 2R; <; 6; 16; 2; 1; 1; 2
2; 2R; <; 7; 15; 2; 2; 2; 2
2; 2R; <; 8; 29; 2; 10; 10; 2
2; 2R; <; 9; 7; 2; 17; 17; 2
2; 2R; <; 10; 8; 2; 20; 20; 2
3; 3H; >; 1; 5; 2; 30; 30; 1
3; 3H; >; 2; 6; 2; 33; 36; 1
3; 3H; >; 3; 283; 2; 37; 37; 1
3; 3H; >; 4; 27; 2; 48; 51; 1
3; 3H; >; 5; 33; 2; 57; 57; 1
3; 3H; >; 6; 4; 2; 3; 3; 1
3; 3H; >; 7; 32; 2; 10; 10; 1
3; 3H; >; 8; 8; 2; 19; 19; 1
3; 3H; >; 1; 5; 2; 60; 60; 2
3; 3H; >; 2; 6; 2; 3; 6; 2
3; 3H; >; 3; 283; 2; 7; 7; 2
3; 3H; >; 4; 27; 2; 18; 21; 2
3; 3H; >; 5; 33; 2; 27; 27; 2
3; 3H; >; 6; 4; 2; 33; 33; 2
3; 3H; >; 7; 32; 2; 40; 40; 2
3; 3H; >; 8; 8; 2; 49; 49; 2
3; 3R; <; 1; 8; 2; 59; 59; 1
3; 3R; <; 2; 32; 2; 8; 10; 1
3; 3R; <; 3; 4; 2; 17; 17; 1
3; 3R; <; 4; 33; 2; 23; 23; 1
3; 3R; <; 5; 27; 2; 29; 32; 1
3; 3R; <; 6; 283; 2; 43; 43; 1
3; 3R; <; 7; 6; 2; 44; 47; 1
3; 3R; <; 8; 5; 2; 50; 50; 1
3; 3R; <; 1; 8; 2; 29; 29; 2
3; 3R; <; 2; 32; 2; 38; 40; 2
3; 3R; <; 3; 4; 2; 47; 47; 2
3; 3R; <; 4; 33; 2; 53; 53; 2
3; 3R; <; 5; 27; 2; 59; 2; 2
3; 3R; <; 6; 283; 2; 13; 13; 2
3; 3R; <; 7; 6; 2; 14; 17; 2
3; 3R; <; 8; 5; 2; 20; 20; 2
5; 5H; >; 1; 20; 2; 44; 44; 1
5; 5H; >; 2; 50; 2; 53; 53; 1
5; 5H; >; 3; 53; 2; 56; 56; 1
5; 5H; >; 4; 69; 2; 2; 2; 1
5; 5H; >; 5; 8; 2; 12; 12; 1
5; 5H; >; 1; 20; 2; 14; 14; 2
5; 5H; >; 2; 50; 2; 23; 23; 2
5; 5H; >; 3; 53; 2; 26; 26; 2
5; 5H; >; 4; 69; 2; 32; 32; 2
5; 5H; >; 5; 8; 2; 42; 42; 2
5; 5R; <; 1; 8; 2; 16; 16; 1
5; 5R; <; 2; 69; 2; 26; 26; 1
5; 5R; <; 3; 53; 2; 32; 32; 1
5; 5R; <; 4; 50; 2; 35; 35; 1
5; 5R; <; 5; 20; 2; 44; 44; 1
5; 5R; <; 1; 8; 2; 46; 46; 2
5; 5R; <; 2; 69; 2; 56; 56; 2
5; 5R; <; 3; 53; 2; 2; 2; 2
5; 5R; <; 4; 50; 2; 5; 5; 2
5; 5R; <; 5; 20; 2; 14; 14; 2
7; 7H; >; 1; 8; 5; 40; 40; 1
7; 7H; >; 2; 34; 5; 42; 42; 1
7; 7H; >; 3; 9; 5; 44; 44; 1
7; 7H; >; 4; 68; 5; 50; 50; 1
7; 7H; >; 5; 40; 5; 59; 59; 1
7; 7H; >; 6; 11; 5; 2; 2; 1
7; 7H; >; 7; 375; 5; 13; 13; 1
7; 7H; >; 1; 8; 5; 52; 52; 2
7; 7H; >; 2; 34; 5; 54; 54; 2
7; 7H; >; 3; 9; 5; 56; 56; 2
7; 7H; >; 4; 68; 5; 2; 2; 2
7; 7H; >; 5; 40; 5; 11; 11; 2
7; 7H; >; 6; 11; 5; 14; 14; 2
7; 7H; >; 7; 375; 5; 25; 25; 2
7; 7H; >; 1; 8; 5; 4; 4; 3
7; 7H; >; 2; 34; 5; 6; 6; 3
7; 7H; >; 3; 9; 5; 8; 8; 3
7; 7H; >; 4; 68; 5; 14; 14; 3
7; 7H; >; 5; 40; 5; 23; 23; 3
7; 7H; >; 6; 11; 5; 26; 26; 3
7; 7H; >; 7; 375; 5; 37; 37; 3
7; 7H; >; 1; 8; 5; 16; 16; 4
7; 7H; >; 2; 34; 5; 18; 18; 4
7; 7H; >; 3; 9; 5; 20; 20; 4
7; 7H; >; 4; 68; 5; 26; 26; 4
7; 7H; >; 5; 40; 5; 35; 35; 4
7; 7H; >; 6; 11; 5; 38; 38; 4
7; 7H; >; 7; 375; 5; 49; 49; 4
7; 7H; >; 1; 8; 5; 28; 28; 5
7; 7H; >; 2; 34; 5; 30; 30; 5
7; 7H; >; 3; 9; 5; 32; 32; 5
7; 7H; >; 4; 68; 5; 38; 38; 5
7; 7H; >; 5; 40; 5; 47; 47; 5
7; 7H; >; 6; 11; 5; 50; 50; 5
7; 7H; >; 7; 375; 5; 1; 1; 5
7; 7R; <; 1; 375; 5; 47; 47; 1
7; 7R; <; 2; 11; 5; 58; 58; 1
7; 7R; <; 3; 40; 5; 1; 1; 1
7; 7R; <; 4; 68; 5; 10; 10; 1
7; 7R; <; 5; 9; 5; 16; 16; 1
7; 7R; <; 6; 34; 5; 18; 18; 1
7; 7R; <; 7; 8; 5; 20; 20; 1
7; 7R; <; 1; 375; 5; 59; 59; 2
7; 7R; <; 2; 11; 5; 10; 10; 2
7; 7R; <; 3; 40; 5; 13; 13; 2
7; 7R; <; 4; 68; 5; 22; 22; 2
7; 7R; <; 5; 9; 5; 28; 28; 2
7; 7R; <; 6; 34; 5; 30; 30; 2
7; 7R; <; 7; 8; 5; 32; 32; 2
7; 7R; <; 1; 375; 5; 11; 11; 3
7; 7R; <; 2; 11; 5; 22; 22; 3
7; 7R; <; 3; 40; 5; 25; 25; 3
7; 7R; <; 4; 68; 5; 34; 34; 3
7; 7R; <; 5; 9; 5; 40; 40; 3
7; 7R; <; 6; 34; 5; 42; 42; 3
7; 7R; <; 7; 8; 5; 45; 45; 3
7; 7R; <; 1; 375; 5; 23; 23; 4
7; 7R; <; 2; 11; 5; 34; 34; 4
7; 7R; <; 3; 40; 5; 37; 37; 4
7; 7R; <; 4; 68; 5; 46; 46; 4
7; 7R; <; 5; 9; 5; 52; 52; 4
7; 7R; <; 6; 34; 5; 54; 54; 4
7; 7R; <; 7; 8; 5; 56; 56; 4
7; 7R; <; 1; 375; 5; 35; 35; 5
7; 7R; <; 2; 11; 5; 46; 46; 5
7; 7R; <; 3; 40; 5; 49; 49; 5
7; 7R; <; 4; 68; 5; 58; 58; 5
7; 7R; <; 5; 9; 5; 4; 4; 5
7; 7R; <; 6; 34; 5; 6; 6; 5
7; 7R; <; 7; 8; 5; 9; 9; 5
8; 8H; >; 1; 308; 2; 47; 47; 1
8; 8H; >; 2; 14; 2; 54; 54; 1
8; 8H; >; 3; 28; 2; 58; 58; 1
8; 8H; >; 4; 30; 2; 0; 0; 1
8; 8H; >; 5; 24; 2; 2; 2; 1
8; 8H; >; 6; 10; 2; 4; 4; 1
8; 8H; >; 7; 23; 2; 8; 8; 1
8; 8H; >; 8; 26; 2; 11; 11; 1
8; 8H; >; 9; 19; 2; 15; 15; 1
8; 8H; >; 10; 8; 2; 19; 19; 1
8; 8H; >; 1; 308; 2; 17; 17; 2
8; 8H; >; 2; 14; 2; 24; 24; 2
8; 8H; >; 3; 28; 2; 28; 28; 2
8; 8H; >; 4; 30; 2; 30; 30; 2
8; 8H; >; 5; 24; 2; 32; 32; 2
8; 8H; >; 6; 10; 2; 34; 34; 2
8; 8H; >; 7; 23; 2; 38; 38; 2
8; 8H; >; 8; 26; 2; 41; 41; 2
8; 8H; >; 9; 19; 2; 45; 45; 2
8; 8H; >; 10; 8; 2; 49; 49; 2
8; 8R; <; 1; 8; 2; 59; 59; 1
8; 8R; <; 2; 19; 2; 3; 3; 1
8; 8R; <; 3; 26; 2; 7; 7; 1
8; 8R; <; 4; 23; 2; 10; 10; 1
8; 8R; <; 5; 10; 2; 14; 14; 1
8; 8R; <; 6; 24; 2; 16; 16; 1
8; 8R; <; 7; 30; 2; 18; 18; 1
8; 8R; <; 8; 28; 2; 20; 20; 1
8; 8R; <; 9; 14; 2; 24; 24; 1
8; 8R; <; 10; 308; 2; 31; 31; 1
8; 8R; <; 1; 8; 2; 29; 29; 2
8; 8R; <; 2; 19; 2; 33; 33; 2
8; 8R; <; 3; 26; 2; 37; 37; 2
8; 8R; <; 4; 23; 2; 40; 40; 2
8; 8R; <; 5; 10; 2; 44; 44; 2
8; 8R; <; 6; 24; 2; 46; 46; 2
8; 8R; <; 7; 30; 2; 48; 48; 2
8; 8R; <; 8; 28; 2; 50; 50; 2
8; 8R; <; 9; 14; 2; 54; 54; 2
8; 8R; <; 10; 308; 2; 1; 1; 2
