#timetable found by modulo network simplex algorithm
#Thu Apr 25 17:29:01 2019
1; 0
2; 2
3; 2
4; 3
5; 3
6; 11
7; 11
8; 15
9; 15
10; 25
11; 25
12; 29
13; 31
14; 35
15; 35
16; 45
17; 45
18; 49
19; 49
20; 57
21; 57
22; 58
23; 58
24; 0
25; 57
26; 0
27; 0
28; 7
29; 7
30; 15
31; 15
32; 16
33; 16
34; 18
35; 18
36; 24
37; 24
38; 32
39; 32
40; 35
41; 35
42; 40
43; 27
44; 30
45; 30
46; 37
47; 37
48; 45
49; 45
50; 46
51; 46
52; 48
53; 48
54; 54
55; 54
56; 2
57; 2
58; 5
59; 5
60; 10
61; 7
62; 12
63; 12
64; 15
65; 15
66; 23
67; 23
68; 29
69; 29
70; 31
71; 31
72; 32
73; 32
74; 40
75; 40
76; 47
77; 47
78; 50
79; 37
80; 42
81; 42
82; 45
83; 45
84; 53
85; 53
86; 59
87; 59
88; 1
89; 1
90; 2
91; 2
92; 10
93; 10
94; 17
95; 17
96; 20
97; 30
98; 33
99; 36
100; 37
101; 37
102; 48
103; 51
104; 57
105; 57
106; 3
107; 3
108; 10
109; 10
110; 19
111; 60
112; 3
113; 6
114; 7
115; 7
116; 18
117; 21
118; 27
119; 27
120; 33
121; 33
122; 40
123; 40
124; 49
125; 59
126; 8
127; 10
128; 17
129; 17
130; 23
131; 23
132; 29
133; 32
134; 43
135; 43
136; 44
137; 47
138; 50
139; 29
140; 38
141; 40
142; 47
143; 47
144; 53
145; 53
146; 59
147; 2
148; 13
149; 13
150; 14
151; 17
152; 20
153; 44
154; 53
155; 53
156; 56
157; 56
158; 2
159; 2
160; 12
161; 14
162; 23
163; 23
164; 26
165; 26
166; 32
167; 32
168; 42
169; 16
170; 26
171; 26
172; 32
173; 32
174; 35
175; 35
176; 44
177; 46
178; 56
179; 56
180; 2
181; 2
182; 5
183; 5
184; 14
185; 40
186; 42
187; 42
188; 44
189; 44
190; 50
191; 50
192; 59
193; 59
194; 2
195; 2
196; 13
197; 52
198; 54
199; 54
200; 56
201; 56
202; 2
203; 2
204; 11
205; 11
206; 14
207; 14
208; 25
209; 4
210; 6
211; 6
212; 8
213; 8
214; 14
215; 14
216; 23
217; 23
218; 26
219; 26
220; 37
221; 16
222; 18
223; 18
224; 20
225; 20
226; 26
227; 26
228; 35
229; 35
230; 38
231; 38
232; 49
233; 28
234; 30
235; 30
236; 32
237; 32
238; 38
239; 38
240; 47
241; 47
242; 50
243; 50
244; 1
245; 47
246; 58
247; 58
248; 1
249; 1
250; 10
251; 10
252; 16
253; 16
254; 18
255; 18
256; 20
257; 59
258; 10
259; 10
260; 13
261; 13
262; 22
263; 22
264; 28
265; 28
266; 30
267; 30
268; 32
269; 11
270; 22
271; 22
272; 25
273; 25
274; 34
275; 34
276; 40
277; 40
278; 42
279; 42
280; 45
281; 23
282; 34
283; 34
284; 37
285; 37
286; 46
287; 46
288; 52
289; 52
290; 54
291; 54
292; 56
293; 35
294; 46
295; 46
296; 49
297; 49
298; 58
299; 58
300; 4
301; 4
302; 6
303; 6
304; 9
305; 47
306; 54
307; 54
308; 58
309; 58
310; 0
311; 0
312; 2
313; 2
314; 4
315; 4
316; 8
317; 8
318; 11
319; 11
320; 15
321; 15
322; 19
323; 17
324; 24
325; 24
326; 28
327; 28
328; 30
329; 30
330; 32
331; 32
332; 34
333; 34
334; 38
335; 38
336; 41
337; 41
338; 45
339; 45
340; 49
341; 59
342; 3
343; 3
344; 7
345; 7
346; 10
347; 10
348; 14
349; 14
350; 16
351; 16
352; 18
353; 18
354; 20
355; 20
356; 24
357; 24
358; 31
359; 29
360; 33
361; 33
362; 37
363; 37
364; 40
365; 40
366; 44
367; 44
368; 46
369; 46
370; 48
371; 48
372; 50
373; 50
374; 54
375; 54
376; 1
377; 31
378; 34
379; 34
380; 47
381; 47
382; 52
383; 52
384; 54
385; 54
386; 7
387; 41
388; 44
389; 44
390; 57
391; 57
392; 2
393; 2
394; 4
395; 4
396; 17
397; 51
398; 54
399; 54
400; 7
401; 7
402; 12
403; 12
404; 14
405; 14
406; 24
407; 1
408; 4
409; 4
410; 17
411; 17
412; 22
413; 22
414; 24
415; 24
416; 37
417; 11
418; 14
419; 14
420; 27
421; 27
422; 32
423; 32
424; 34
425; 34
426; 47
427; 21
428; 24
429; 24
430; 37
431; 37
432; 42
433; 42
434; 44
435; 44
436; 54
437; 43
438; 53
439; 53
440; 55
441; 55
442; 0
443; 0
444; 13
445; 13
446; 17
447; 53
448; 3
449; 3
450; 5
451; 5
452; 10
453; 10
454; 23
455; 23
456; 26
457; 3
458; 13
459; 13
460; 15
461; 15
462; 20
463; 20
464; 33
465; 33
466; 36
467; 13
468; 23
469; 23
470; 25
471; 25
472; 30
473; 30
474; 43
475; 43
476; 46
477; 23
478; 33
479; 33
480; 35
481; 35
482; 40
483; 40
484; 53
485; 53
486; 56
487; 33
488; 43
489; 43
490; 45
491; 45
492; 50
493; 50
494; 3
495; 3
496; 6
497; 26
498; 29
499; 29
500; 33
501; 33
502; 36
503; 36
504; 38
505; 38
506; 40
507; 40
508; 42
509; 42
510; 45
511; 45
512; 47
513; 47
514; 49
515; 49
516; 52
517; 52
518; 54
519; 54
520; 55
521; 36
522; 39
523; 39
524; 43
525; 43
526; 46
527; 46
528; 48
529; 48
530; 50
531; 50
532; 52
533; 52
534; 55
535; 55
536; 57
537; 57
538; 59
539; 59
540; 2
541; 2
542; 4
543; 4
544; 6
545; 46
546; 49
547; 49
548; 53
549; 53
550; 56
551; 56
552; 58
553; 58
554; 0
555; 0
556; 2
557; 2
558; 5
559; 5
560; 7
561; 7
562; 9
563; 9
564; 12
565; 12
566; 14
567; 14
568; 15
569; 56
570; 59
571; 59
572; 3
573; 3
574; 6
575; 6
576; 8
577; 8
578; 10
579; 10
580; 12
581; 12
582; 15
583; 15
584; 17
585; 17
586; 19
587; 19
588; 22
589; 22
590; 24
591; 24
592; 25
593; 6
594; 9
595; 9
596; 13
597; 13
598; 16
599; 16
600; 18
601; 18
602; 20
603; 20
604; 22
605; 22
606; 25
607; 25
608; 27
609; 27
610; 29
611; 29
612; 32
613; 32
614; 34
615; 34
616; 36
617; 16
618; 19
619; 19
620; 23
621; 23
622; 26
623; 26
624; 28
625; 28
626; 30
627; 30
628; 32
629; 32
630; 35
631; 35
632; 37
633; 37
634; 39
635; 39
636; 42
637; 42
638; 44
639; 44
640; 46
641; 35
642; 36
643; 36
644; 38
645; 38
646; 41
647; 41
648; 43
649; 43
650; 45
651; 45
652; 48
653; 48
654; 50
655; 50
656; 52
657; 52
658; 54
659; 54
660; 57
661; 57
662; 1
663; 1
664; 4
665; 45
666; 46
667; 46
668; 48
669; 48
670; 51
671; 51
672; 53
673; 53
674; 55
675; 55
676; 58
677; 58
678; 0
679; 0
680; 2
681; 2
682; 4
683; 4
684; 7
685; 7
686; 11
687; 11
688; 14
689; 55
690; 56
691; 56
692; 58
693; 58
694; 1
695; 1
696; 3
697; 3
698; 5
699; 5
700; 8
701; 8
702; 10
703; 10
704; 12
705; 12
706; 14
707; 14
708; 17
709; 17
710; 21
711; 21
712; 24
713; 5
714; 6
715; 6
716; 8
717; 8
718; 11
719; 11
720; 13
721; 13
722; 15
723; 15
724; 18
725; 18
726; 20
727; 20
728; 22
729; 22
730; 24
731; 24
732; 27
733; 27
734; 31
735; 31
736; 35
737; 15
738; 16
739; 16
740; 18
741; 18
742; 21
743; 21
744; 23
745; 23
746; 25
747; 25
748; 28
749; 28
750; 30
751; 30
752; 32
753; 32
754; 34
755; 34
756; 37
757; 37
758; 41
759; 41
760; 45
761; 25
762; 26
763; 26
764; 28
765; 28
766; 31
767; 31
768; 33
769; 33
770; 35
771; 35
772; 38
773; 38
774; 40
775; 40
776; 42
777; 42
778; 44
779; 44
780; 47
781; 47
782; 51
783; 51
784; 54
785; 33
786; 36
787; 36
788; 43
789; 43
790; 53
791; 53
792; 56
793; 43
794; 46
795; 46
796; 53
797; 53
798; 3
799; 3
800; 6
801; 53
802; 56
803; 56
804; 3
805; 3
806; 13
807; 13
808; 16
809; 3
810; 6
811; 6
812; 13
813; 13
814; 23
815; 23
816; 26
817; 13
818; 16
819; 16
820; 23
821; 23
822; 33
823; 33
824; 36
825; 23
826; 26
827; 26
828; 33
829; 33
830; 43
831; 43
832; 46
833; 56
834; 59
835; 59
836; 9
837; 9
838; 16
839; 16
840; 20
841; 6
842; 9
843; 9
844; 19
845; 19
846; 26
847; 26
848; 29
849; 16
850; 19
851; 19
852; 29
853; 29
854; 36
855; 36
856; 40
857; 26
858; 29
859; 29
860; 39
861; 39
862; 46
863; 46
864; 49
865; 36
866; 39
867; 39
868; 49
869; 49
870; 56
871; 56
872; 59
873; 46
874; 49
875; 49
876; 59
877; 59
878; 6
879; 6
880; 10
