# line-id; line-code; direction; stop-order; stop-id; frequency; arrival_time; departure_time; line-repetition
1; 1H; >; 1; 22; 1; 0; 0; 1
1; 1H; >; 2; 23; 1; 5; 5; 1
1; 1H; >; 3; 24; 1; 10; 10; 1
1; 1H; >; 4; 13; 1; 15; 15; 1
1; 1H; >; 5; 12; 1; 31; 31; 1
1; 1H; >; 6; 3; 1; 38; 38; 1
1; 1H; >; 7; 1; 1; 42; 42; 1
1; 1R; <; 1; 1; 1; 0; 0; 1
1; 1R; <; 2; 3; 1; 4; 4; 1
1; 1R; <; 3; 12; 1; 11; 11; 1
1; 1R; <; 4; 13; 1; 27; 27; 1
1; 1R; <; 5; 24; 1; 32; 32; 1
1; 1R; <; 6; 23; 1; 37; 37; 1
1; 1R; <; 7; 22; 1; 42; 42; 1
2; 2H; >; 1; 20; 1; 0; 0; 1
2; 2H; >; 2; 21; 1; 6; 6; 1
2; 2H; >; 3; 24; 1; 11; 11; 1
2; 2H; >; 4; 13; 1; 16; 16; 1
2; 2H; >; 5; 12; 1; 32; 32; 1
2; 2H; >; 6; 3; 1; 39; 39; 1
2; 2H; >; 7; 1; 1; 43; 43; 1
2; 2R; <; 1; 1; 1; 0; 0; 1
2; 2R; <; 2; 3; 1; 4; 4; 1
2; 2R; <; 3; 12; 1; 11; 11; 1
2; 2R; <; 4; 13; 1; 27; 27; 1
2; 2R; <; 5; 24; 1; 32; 32; 1
2; 2R; <; 6; 21; 1; 37; 37; 1
2; 2R; <; 7; 20; 1; 43; 43; 1
3; 3H; >; 1; 6; 1; 0; 0; 1
3; 3H; >; 2; 8; 1; 4; 4; 1
3; 3H; >; 3; 7; 1; 10; 10; 1
3; 3H; >; 4; 18; 1; 14; 14; 1
3; 3H; >; 5; 20; 1; 31; 31; 1
3; 3H; >; 6; 21; 1; 37; 37; 1
3; 3H; >; 7; 24; 1; 42; 42; 1
3; 3R; <; 1; 24; 1; 0; 0; 1
3; 3R; <; 2; 21; 1; 5; 5; 1
3; 3R; <; 3; 20; 1; 11; 11; 1
3; 3R; <; 4; 18; 1; 28; 28; 1
3; 3R; <; 5; 7; 1; 32; 32; 1
3; 3R; <; 6; 8; 1; 38; 38; 1
3; 3R; <; 7; 6; 1; 42; 42; 1
4; 4H; >; 1; 2; 1; 0; 0; 1
4; 4H; >; 2; 6; 1; 4; 4; 1
4; 4H; >; 3; 8; 1; 8; 8; 1
4; 4H; >; 4; 7; 1; 14; 14; 1
4; 4H; >; 5; 18; 1; 18; 18; 1
4; 4H; >; 6; 20; 1; 35; 35; 1
4; 4H; >; 7; 22; 1; 43; 43; 1
4; 4R; <; 1; 22; 1; 0; 0; 1
4; 4R; <; 2; 20; 1; 8; 8; 1
4; 4R; <; 3; 18; 1; 25; 25; 1
4; 4R; <; 4; 7; 1; 29; 29; 1
4; 4R; <; 5; 8; 1; 35; 35; 1
4; 4R; <; 6; 6; 1; 39; 39; 1
4; 4R; <; 7; 2; 1; 43; 43; 1
5; 5H; >; 1; 2; 1; 0; 0; 1
5; 5H; >; 2; 6; 1; 4; 4; 1
5; 5H; >; 3; 8; 1; 8; 8; 1
5; 5H; >; 4; 7; 1; 14; 14; 1
5; 5H; >; 5; 18; 1; 18; 18; 1
5; 5H; >; 6; 20; 1; 35; 35; 1
5; 5H; >; 7; 21; 1; 41; 41; 1
5; 5R; <; 1; 21; 1; 0; 0; 1
5; 5R; <; 2; 20; 1; 6; 6; 1
5; 5R; <; 3; 18; 1; 23; 23; 1
5; 5R; <; 4; 7; 1; 27; 27; 1
5; 5R; <; 5; 8; 1; 33; 33; 1
5; 5R; <; 6; 6; 1; 37; 37; 1
5; 5R; <; 7; 2; 1; 41; 41; 1
6; 6H; >; 1; 1; 2; 0; 0; 1
6; 6H; >; 2; 3; 2; 4; 4; 1
6; 6H; >; 3; 12; 2; 11; 11; 1
6; 6H; >; 4; 11; 2; 16; 16; 1
6; 6H; >; 5; 14; 2; 24; 24; 1
6; 6H; >; 6; 23; 2; 28; 28; 1
6; 6H; >; 7; 22; 2; 33; 33; 1
6; 6H; >; 1; 1; 2; 30; 30; 2
6; 6H; >; 2; 3; 2; 34; 34; 2
6; 6H; >; 3; 12; 2; 41; 41; 2
6; 6H; >; 4; 11; 2; 46; 46; 2
6; 6H; >; 5; 14; 2; 54; 54; 2
6; 6H; >; 6; 23; 2; 58; 58; 2
6; 6H; >; 7; 22; 2; 3; 3; 2
6; 6R; <; 1; 22; 2; 0; 0; 1
6; 6R; <; 2; 23; 2; 5; 5; 1
6; 6R; <; 3; 14; 2; 9; 9; 1
6; 6R; <; 4; 11; 2; 17; 17; 1
6; 6R; <; 5; 12; 2; 22; 22; 1
6; 6R; <; 6; 3; 2; 29; 29; 1
6; 6R; <; 7; 1; 2; 33; 33; 1
6; 6R; <; 1; 22; 2; 30; 30; 2
6; 6R; <; 2; 23; 2; 35; 35; 2
6; 6R; <; 3; 14; 2; 39; 39; 2
6; 6R; <; 4; 11; 2; 47; 47; 2
6; 6R; <; 5; 12; 2; 52; 52; 2
6; 6R; <; 6; 3; 2; 59; 59; 2
6; 6R; <; 7; 1; 2; 3; 3; 2
7; 7H; >; 1; 1; 2; 0; 0; 1
7; 7H; >; 2; 3; 2; 4; 4; 1
7; 7H; >; 3; 12; 2; 11; 11; 1
7; 7H; >; 4; 11; 2; 16; 16; 1
7; 7H; >; 5; 10; 2; 21; 21; 1
7; 7H; >; 6; 17; 2; 28; 28; 1
7; 7H; >; 7; 19; 2; 32; 32; 1
7; 7H; >; 1; 1; 2; 30; 30; 2
7; 7H; >; 2; 3; 2; 34; 34; 2
7; 7H; >; 3; 12; 2; 41; 41; 2
7; 7H; >; 4; 11; 2; 46; 46; 2
7; 7H; >; 5; 10; 2; 51; 51; 2
7; 7H; >; 6; 17; 2; 58; 58; 2
7; 7H; >; 7; 19; 2; 2; 2; 2
7; 7R; <; 1; 19; 2; 0; 0; 1
7; 7R; <; 2; 17; 2; 4; 4; 1
7; 7R; <; 3; 10; 2; 11; 11; 1
7; 7R; <; 4; 11; 2; 16; 16; 1
7; 7R; <; 5; 12; 2; 21; 21; 1
7; 7R; <; 6; 3; 2; 28; 28; 1
7; 7R; <; 7; 1; 2; 32; 32; 1
7; 7R; <; 1; 19; 2; 30; 30; 2
7; 7R; <; 2; 17; 2; 34; 34; 2
7; 7R; <; 3; 10; 2; 41; 41; 2
7; 7R; <; 4; 11; 2; 46; 46; 2
7; 7R; <; 5; 12; 2; 51; 51; 2
7; 7R; <; 6; 3; 2; 58; 58; 2
7; 7R; <; 7; 1; 2; 2; 2; 2
8; 8H; >; 1; 1; 1; 0; 0; 1
8; 8H; >; 2; 2; 1; 16; 16; 1
8; 8H; >; 3; 6; 1; 20; 20; 1
8; 8H; >; 4; 8; 1; 24; 24; 1
8; 8H; >; 5; 7; 1; 30; 30; 1
8; 8H; >; 6; 18; 1; 34; 34; 1
8; 8H; >; 7; 20; 1; 51; 51; 1
8; 8R; <; 1; 20; 1; 0; 0; 1
8; 8R; <; 2; 18; 1; 17; 17; 1
8; 8R; <; 3; 7; 1; 21; 21; 1
8; 8R; <; 4; 8; 1; 27; 27; 1
8; 8R; <; 5; 6; 1; 31; 31; 1
8; 8R; <; 6; 2; 1; 35; 35; 1
8; 8R; <; 7; 1; 1; 51; 51; 1
9; 9H; >; 1; 21; 1; 0; 0; 1
9; 9H; >; 2; 24; 1; 5; 5; 1
9; 9H; >; 3; 13; 1; 10; 10; 1
9; 9H; >; 4; 12; 1; 26; 26; 1
9; 9H; >; 5; 11; 1; 31; 31; 1
9; 9H; >; 6; 4; 1; 38; 38; 1
9; 9R; <; 1; 4; 1; 0; 0; 1
9; 9R; <; 2; 11; 1; 7; 7; 1
9; 9R; <; 3; 12; 1; 12; 12; 1
9; 9R; <; 4; 13; 1; 28; 28; 1
9; 9R; <; 5; 24; 1; 33; 33; 1
9; 9R; <; 6; 21; 1; 38; 38; 1
10; 10H; >; 1; 14; 1; 0; 0; 1
10; 10H; >; 2; 15; 1; 5; 5; 1
10; 10H; >; 3; 10; 1; 13; 13; 1
10; 10H; >; 4; 16; 1; 19; 19; 1
10; 10H; >; 5; 8; 1; 23; 23; 1
10; 10H; >; 6; 7; 1; 29; 29; 1
10; 10R; <; 1; 7; 1; 30; 30; 1
10; 10R; <; 2; 8; 1; 36; 36; 1
10; 10R; <; 3; 16; 1; 40; 40; 1
10; 10R; <; 4; 10; 1; 46; 46; 1
10; 10R; <; 5; 15; 1; 54; 54; 1
10; 10R; <; 6; 14; 1; 59; 59; 1
11; 11H; >; 1; 9; 1; 0; 0; 1
11; 11H; >; 2; 10; 1; 4; 4; 1
11; 11H; >; 3; 15; 1; 12; 12; 1
11; 11H; >; 4; 22; 1; 16; 16; 1
11; 11H; >; 5; 21; 1; 21; 21; 1
11; 11H; >; 6; 24; 1; 26; 26; 1
11; 11R; <; 1; 24; 1; 30; 30; 1
11; 11R; <; 2; 21; 1; 35; 35; 1
11; 11R; <; 3; 22; 1; 40; 40; 1
11; 11R; <; 4; 15; 1; 44; 44; 1
11; 11R; <; 5; 10; 1; 52; 52; 1
11; 11R; <; 6; 9; 1; 56; 56; 1
13; 13H; >; 1; 8; 1; 0; 0; 1
13; 13H; >; 2; 16; 1; 4; 4; 1
13; 13H; >; 3; 10; 1; 10; 10; 1
13; 13H; >; 4; 11; 1; 15; 15; 1
13; 13H; >; 5; 14; 1; 23; 23; 1
13; 13H; >; 6; 23; 1; 27; 27; 1
13; 13R; <; 1; 23; 1; 30; 30; 1
13; 13R; <; 2; 14; 1; 34; 34; 1
13; 13R; <; 3; 11; 1; 42; 42; 1
13; 13R; <; 4; 10; 1; 47; 47; 1
13; 13R; <; 5; 16; 1; 53; 53; 1
13; 13R; <; 6; 8; 1; 57; 57; 1
14; 14H; >; 1; 8; 1; 0; 0; 1
14; 14H; >; 2; 16; 1; 4; 4; 1
14; 14H; >; 3; 10; 1; 10; 10; 1
14; 14H; >; 4; 11; 1; 15; 15; 1
14; 14H; >; 5; 12; 1; 20; 20; 1
14; 14H; >; 6; 13; 1; 36; 36; 1
14; 14R; <; 1; 13; 1; 0; 0; 1
14; 14R; <; 2; 12; 1; 16; 16; 1
14; 14R; <; 3; 11; 1; 21; 21; 1
14; 14R; <; 4; 10; 1; 26; 26; 1
14; 14R; <; 5; 16; 1; 32; 32; 1
14; 14R; <; 6; 8; 1; 36; 36; 1
16; 16H; >; 1; 7; 1; 0; 0; 1
16; 16H; >; 2; 18; 1; 4; 4; 1
16; 16H; >; 3; 20; 1; 21; 21; 1
16; 16H; >; 4; 21; 1; 27; 27; 1
16; 16H; >; 5; 24; 1; 32; 32; 1
16; 16H; >; 6; 13; 1; 37; 37; 1
16; 16R; <; 1; 13; 1; 0; 0; 1
16; 16R; <; 2; 24; 1; 5; 5; 1
16; 16R; <; 3; 21; 1; 10; 10; 1
16; 16R; <; 4; 20; 1; 16; 16; 1
16; 16R; <; 5; 18; 1; 33; 33; 1
16; 16R; <; 6; 7; 1; 37; 37; 1
17; 17H; >; 1; 7; 1; 0; 0; 1
17; 17H; >; 2; 8; 1; 6; 6; 1
17; 17H; >; 3; 9; 1; 12; 12; 1
17; 17H; >; 4; 10; 1; 16; 16; 1
17; 17H; >; 5; 11; 1; 21; 21; 1
17; 17H; >; 6; 12; 1; 26; 26; 1
17; 17R; <; 1; 12; 1; 30; 30; 1
17; 17R; <; 2; 11; 1; 35; 35; 1
17; 17R; <; 3; 10; 1; 40; 40; 1
17; 17R; <; 4; 9; 1; 44; 44; 1
17; 17R; <; 5; 8; 1; 50; 50; 1
17; 17R; <; 6; 7; 1; 56; 56; 1
18; 18H; >; 1; 7; 1; 0; 0; 1
18; 18H; >; 2; 8; 1; 6; 6; 1
18; 18H; >; 3; 6; 1; 10; 10; 1
18; 18H; >; 4; 2; 1; 14; 14; 1
18; 18H; >; 5; 1; 1; 30; 30; 1
18; 18H; >; 6; 3; 1; 34; 34; 1
18; 18R; <; 1; 3; 1; 0; 0; 1
18; 18R; <; 2; 1; 1; 4; 4; 1
18; 18R; <; 3; 2; 1; 20; 20; 1
18; 18R; <; 4; 6; 1; 24; 24; 1
18; 18R; <; 5; 8; 1; 28; 28; 1
18; 18R; <; 6; 7; 1; 34; 34; 1
19; 19H; >; 1; 5; 1; 0; 0; 1
19; 19H; >; 2; 9; 1; 4; 4; 1
19; 19H; >; 3; 10; 1; 8; 8; 1
19; 19H; >; 4; 15; 1; 16; 16; 1
19; 19H; >; 5; 22; 1; 20; 20; 1
19; 19H; >; 6; 21; 1; 25; 25; 1
19; 19R; <; 1; 21; 1; 30; 30; 1
19; 19R; <; 2; 22; 1; 35; 35; 1
19; 19R; <; 3; 15; 1; 39; 39; 1
19; 19R; <; 4; 10; 1; 47; 47; 1
19; 19R; <; 5; 9; 1; 51; 51; 1
19; 19R; <; 6; 5; 1; 55; 55; 1
21; 21H; >; 1; 4; 1; 0; 0; 1
21; 21H; >; 2; 11; 1; 7; 7; 1
21; 21H; >; 3; 10; 1; 12; 12; 1
21; 21H; >; 4; 15; 1; 20; 20; 1
21; 21H; >; 5; 22; 1; 24; 24; 1
21; 21H; >; 6; 21; 1; 29; 29; 1
21; 21R; <; 1; 21; 1; 30; 30; 1
21; 21R; <; 2; 22; 1; 35; 35; 1
21; 21R; <; 3; 15; 1; 39; 39; 1
21; 21R; <; 4; 10; 1; 47; 47; 1
21; 21R; <; 5; 11; 1; 52; 52; 1
21; 21R; <; 6; 4; 1; 59; 59; 1
23; 23H; >; 1; 3; 2; 32; 32; 1
23; 23H; >; 2; 4; 2; 37; 37; 1
23; 23H; >; 3; 11; 2; 44; 44; 1
23; 23H; >; 4; 10; 2; 49; 49; 1
23; 23H; >; 5; 16; 2; 55; 55; 1
23; 23H; >; 6; 18; 2; 1; 1; 1
23; 23H; >; 1; 3; 2; 2; 2; 2
23; 23H; >; 2; 4; 2; 7; 7; 2
23; 23H; >; 3; 11; 2; 14; 14; 2
23; 23H; >; 4; 10; 2; 19; 19; 2
23; 23H; >; 5; 16; 2; 25; 25; 2
23; 23H; >; 6; 18; 2; 31; 31; 2
23; 23R; <; 1; 18; 2; 2; 2; 1
23; 23R; <; 2; 16; 2; 8; 8; 1
23; 23R; <; 3; 10; 2; 14; 14; 1
23; 23R; <; 4; 11; 2; 19; 19; 1
23; 23R; <; 5; 4; 2; 26; 26; 1
23; 23R; <; 6; 3; 2; 31; 31; 1
23; 23R; <; 1; 18; 2; 32; 32; 2
23; 23R; <; 2; 16; 2; 38; 38; 2
23; 23R; <; 3; 10; 2; 44; 44; 2
23; 23R; <; 4; 11; 2; 49; 49; 2
23; 23R; <; 5; 4; 2; 56; 56; 2
23; 23R; <; 6; 3; 2; 1; 1; 2
24; 24H; >; 1; 3; 1; 0; 0; 1
24; 24H; >; 2; 4; 1; 5; 5; 1
24; 24H; >; 3; 11; 1; 12; 12; 1
24; 24H; >; 4; 10; 1; 17; 17; 1
24; 24H; >; 5; 15; 1; 25; 25; 1
24; 24H; >; 6; 22; 1; 29; 29; 1
24; 24R; <; 1; 22; 1; 30; 30; 1
24; 24R; <; 2; 15; 1; 34; 34; 1
24; 24R; <; 3; 10; 1; 42; 42; 1
24; 24R; <; 4; 11; 1; 47; 47; 1
24; 24R; <; 5; 4; 1; 54; 54; 1
24; 24R; <; 6; 3; 1; 59; 59; 1
25; 25H; >; 1; 3; 1; 0; 0; 1
25; 25H; >; 2; 4; 1; 5; 5; 1
25; 25H; >; 3; 11; 1; 12; 12; 1
25; 25H; >; 4; 10; 1; 17; 17; 1
25; 25H; >; 5; 15; 1; 25; 25; 1
25; 25H; >; 6; 19; 1; 31; 31; 1
25; 25R; <; 1; 19; 1; 0; 0; 1
25; 25R; <; 2; 15; 1; 6; 6; 1
25; 25R; <; 3; 10; 1; 14; 14; 1
25; 25R; <; 4; 11; 1; 19; 19; 1
25; 25R; <; 5; 4; 1; 26; 26; 1
25; 25R; <; 6; 3; 1; 31; 31; 1
26; 26H; >; 1; 3; 1; 0; 0; 1
26; 26H; >; 2; 4; 1; 5; 5; 1
26; 26H; >; 3; 5; 1; 10; 10; 1
26; 26H; >; 4; 9; 1; 14; 14; 1
26; 26H; >; 5; 8; 1; 20; 20; 1
26; 26H; >; 6; 7; 1; 26; 26; 1
26; 26R; <; 1; 7; 1; 30; 30; 1
26; 26R; <; 2; 8; 1; 36; 36; 1
26; 26R; <; 3; 9; 1; 42; 42; 1
26; 26R; <; 4; 5; 1; 46; 46; 1
26; 26R; <; 5; 4; 1; 51; 51; 1
26; 26R; <; 6; 3; 1; 56; 56; 1
27; 27H; >; 1; 2; 1; 0; 0; 1
27; 27H; >; 2; 6; 1; 4; 4; 1
27; 27H; >; 3; 8; 1; 8; 8; 1
27; 27H; >; 4; 16; 1; 12; 12; 1
27; 27H; >; 5; 17; 1; 16; 16; 1
27; 27H; >; 6; 19; 1; 20; 20; 1
27; 27R; <; 1; 19; 1; 30; 30; 1
27; 27R; <; 2; 17; 1; 34; 34; 1
27; 27R; <; 3; 16; 1; 38; 38; 1
27; 27R; <; 4; 8; 1; 42; 42; 1
27; 27R; <; 5; 6; 1; 46; 46; 1
27; 27R; <; 6; 2; 1; 50; 50; 1
28; 28H; >; 1; 2; 1; 0; 0; 1
28; 28H; >; 2; 6; 1; 4; 4; 1
28; 28H; >; 3; 8; 1; 8; 8; 1
28; 28H; >; 4; 9; 1; 14; 14; 1
28; 28H; >; 5; 10; 1; 18; 18; 1
28; 28H; >; 6; 15; 1; 26; 26; 1
28; 28R; <; 1; 15; 1; 30; 30; 1
28; 28R; <; 2; 10; 1; 38; 38; 1
28; 28R; <; 3; 9; 1; 42; 42; 1
28; 28R; <; 4; 8; 1; 48; 48; 1
28; 28R; <; 5; 6; 1; 52; 52; 1
28; 28R; <; 6; 2; 1; 56; 56; 1
29; 29H; >; 1; 1; 1; 0; 0; 1
29; 29H; >; 2; 3; 1; 4; 4; 1
29; 29H; >; 3; 12; 1; 11; 11; 1
29; 29H; >; 4; 11; 1; 16; 16; 1
29; 29H; >; 5; 14; 1; 24; 24; 1
29; 29H; >; 6; 15; 1; 29; 29; 1
29; 29R; <; 1; 15; 1; 30; 30; 1
29; 29R; <; 2; 14; 1; 35; 35; 1
29; 29R; <; 3; 11; 1; 43; 43; 1
29; 29R; <; 4; 12; 1; 48; 48; 1
29; 29R; <; 5; 3; 1; 55; 55; 1
29; 29R; <; 6; 1; 1; 59; 59; 1
30; 30H; >; 1; 17; 1; 0; 0; 1
30; 30H; >; 2; 19; 1; 4; 4; 1
30; 30H; >; 3; 20; 1; 12; 12; 1
30; 30H; >; 4; 21; 1; 18; 18; 1
30; 30H; >; 5; 24; 1; 23; 23; 1
30; 30R; <; 1; 24; 1; 30; 30; 1
30; 30R; <; 2; 21; 1; 35; 35; 1
30; 30R; <; 3; 20; 1; 41; 41; 1
30; 30R; <; 4; 19; 1; 49; 49; 1
30; 30R; <; 5; 17; 1; 53; 53; 1
31; 31H; >; 1; 17; 1; 0; 0; 1
31; 31H; >; 2; 19; 1; 4; 4; 1
31; 31H; >; 3; 15; 1; 10; 10; 1
31; 31H; >; 4; 22; 1; 14; 14; 1
31; 31H; >; 5; 23; 1; 19; 19; 1
31; 31R; <; 1; 23; 1; 30; 30; 1
31; 31R; <; 2; 22; 1; 35; 35; 1
31; 31R; <; 3; 15; 1; 39; 39; 1
31; 31R; <; 4; 19; 1; 45; 45; 1
31; 31R; <; 5; 17; 1; 49; 49; 1
32; 32H; >; 1; 15; 1; 55; 55; 1
32; 32H; >; 2; 22; 1; 59; 59; 1
32; 32H; >; 3; 23; 1; 4; 4; 1
32; 32H; >; 4; 24; 1; 9; 9; 1
32; 32H; >; 5; 13; 1; 14; 14; 1
32; 32R; <; 1; 13; 1; 25; 25; 1
32; 32R; <; 2; 24; 1; 30; 30; 1
32; 32R; <; 3; 23; 1; 35; 35; 1
32; 32R; <; 4; 22; 1; 40; 40; 1
32; 32R; <; 5; 15; 1; 44; 44; 1
33; 33H; >; 1; 14; 1; 0; 0; 1
33; 33H; >; 2; 15; 1; 5; 5; 1
33; 33H; >; 3; 10; 1; 13; 13; 1
33; 33H; >; 4; 16; 1; 19; 19; 1
33; 33H; >; 5; 18; 1; 25; 25; 1
33; 33R; <; 1; 18; 1; 30; 30; 1
33; 33R; <; 2; 16; 1; 36; 36; 1
33; 33R; <; 3; 10; 1; 42; 42; 1
33; 33R; <; 4; 15; 1; 50; 50; 1
33; 33R; <; 5; 14; 1; 55; 55; 1
34; 34H; >; 1; 11; 1; 0; 0; 1
34; 34H; >; 2; 14; 1; 8; 8; 1
34; 34H; >; 3; 15; 1; 13; 13; 1
34; 34H; >; 4; 22; 1; 17; 17; 1
34; 34H; >; 5; 21; 1; 22; 22; 1
34; 34R; <; 1; 21; 1; 30; 30; 1
34; 34R; <; 2; 22; 1; 35; 35; 1
34; 34R; <; 3; 15; 1; 39; 39; 1
34; 34R; <; 4; 14; 1; 44; 44; 1
34; 34R; <; 5; 11; 1; 52; 52; 1
36; 36H; >; 1; 13; 1; 33; 33; 1
36; 36H; >; 2; 24; 1; 38; 38; 1
36; 36H; >; 3; 21; 1; 43; 43; 1
36; 36H; >; 4; 20; 1; 49; 49; 1
36; 36H; >; 5; 19; 1; 57; 57; 1
36; 36R; <; 1; 19; 1; 3; 3; 1
36; 36R; <; 2; 20; 1; 11; 11; 1
36; 36R; <; 3; 21; 1; 17; 17; 1
36; 36R; <; 4; 24; 1; 22; 22; 1
36; 36R; <; 5; 13; 1; 27; 27; 1
37; 37H; >; 1; 10; 1; 0; 0; 1
37; 37H; >; 2; 16; 1; 6; 6; 1
37; 37H; >; 3; 8; 1; 10; 10; 1
37; 37H; >; 4; 6; 1; 14; 14; 1
37; 37H; >; 5; 2; 1; 18; 18; 1
37; 37R; <; 1; 2; 1; 30; 30; 1
37; 37R; <; 2; 6; 1; 34; 34; 1
37; 37R; <; 3; 8; 1; 38; 38; 1
37; 37R; <; 4; 16; 1; 42; 42; 1
37; 37R; <; 5; 10; 1; 48; 48; 1
38; 38H; >; 1; 10; 1; 0; 0; 1
38; 38H; >; 2; 11; 1; 5; 5; 1
38; 38H; >; 3; 12; 1; 10; 10; 1
38; 38H; >; 4; 13; 1; 26; 26; 1
38; 38H; >; 5; 24; 1; 31; 31; 1
38; 38R; <; 1; 24; 1; 0; 0; 1
38; 38R; <; 2; 13; 1; 5; 5; 1
38; 38R; <; 3; 12; 1; 21; 21; 1
38; 38R; <; 4; 11; 1; 26; 26; 1
38; 38R; <; 5; 10; 1; 31; 31; 1
39; 39H; >; 1; 9; 1; 0; 0; 1
39; 39H; >; 2; 10; 1; 4; 4; 1
39; 39H; >; 3; 15; 1; 12; 12; 1
39; 39H; >; 4; 22; 1; 16; 16; 1
39; 39H; >; 5; 23; 1; 21; 21; 1
39; 39R; <; 1; 23; 1; 30; 30; 1
39; 39R; <; 2; 22; 1; 35; 35; 1
39; 39R; <; 3; 15; 1; 39; 39; 1
39; 39R; <; 4; 10; 1; 47; 47; 1
39; 39R; <; 5; 9; 1; 51; 51; 1
40; 40H; >; 1; 9; 1; 0; 0; 1
40; 40H; >; 2; 10; 1; 4; 4; 1
40; 40H; >; 3; 15; 1; 12; 12; 1
40; 40H; >; 4; 22; 1; 16; 16; 1
40; 40H; >; 5; 20; 1; 24; 24; 1
40; 40R; <; 1; 20; 1; 30; 30; 1
40; 40R; <; 2; 22; 1; 38; 38; 1
40; 40R; <; 3; 15; 1; 42; 42; 1
40; 40R; <; 4; 10; 1; 50; 50; 1
40; 40R; <; 5; 9; 1; 54; 54; 1
41; 41H; >; 1; 9; 1; 0; 0; 1
41; 41H; >; 2; 10; 1; 4; 4; 1
41; 41H; >; 3; 11; 1; 9; 9; 1
41; 41H; >; 4; 12; 1; 14; 14; 1
41; 41H; >; 5; 13; 1; 30; 30; 1
41; 41R; <; 1; 13; 1; 30; 30; 1
41; 41R; <; 2; 12; 1; 46; 46; 1
41; 41R; <; 3; 11; 1; 51; 51; 1
41; 41R; <; 4; 10; 1; 56; 56; 1
41; 41R; <; 5; 9; 1; 0; 0; 1
42; 42H; >; 1; 8; 1; 0; 0; 1
42; 42H; >; 2; 16; 1; 4; 4; 1
42; 42H; >; 3; 10; 1; 10; 10; 1
42; 42H; >; 4; 15; 1; 18; 18; 1
42; 42H; >; 5; 22; 1; 22; 22; 1
42; 42R; <; 1; 22; 1; 30; 30; 1
42; 42R; <; 2; 15; 1; 34; 34; 1
42; 42R; <; 3; 10; 1; 42; 42; 1
42; 42R; <; 4; 16; 1; 48; 48; 1
42; 42R; <; 5; 8; 1; 52; 52; 1
43; 43H; >; 1; 7; 1; 0; 0; 1
43; 43H; >; 2; 8; 1; 6; 6; 1
43; 43H; >; 3; 9; 1; 12; 12; 1
43; 43H; >; 4; 10; 1; 16; 16; 1
43; 43H; >; 5; 15; 1; 24; 24; 1
43; 43R; <; 1; 15; 1; 30; 30; 1
43; 43R; <; 2; 10; 1; 38; 38; 1
43; 43R; <; 3; 9; 1; 42; 42; 1
43; 43R; <; 4; 8; 1; 48; 48; 1
43; 43R; <; 5; 7; 1; 54; 54; 1
44; 44H; >; 1; 5; 1; 0; 0; 1
44; 44H; >; 2; 6; 1; 6; 6; 1
44; 44H; >; 3; 8; 1; 10; 10; 1
44; 44H; >; 4; 7; 1; 16; 16; 1
44; 44H; >; 5; 18; 1; 20; 20; 1
44; 44R; <; 1; 18; 1; 30; 30; 1
44; 44R; <; 2; 7; 1; 34; 34; 1
44; 44R; <; 3; 8; 1; 40; 40; 1
44; 44R; <; 4; 6; 1; 44; 44; 1
44; 44R; <; 5; 5; 1; 50; 50; 1
45; 45H; >; 1; 3; 1; 0; 0; 1
45; 45H; >; 2; 4; 1; 5; 5; 1
45; 45H; >; 3; 11; 1; 12; 12; 1
45; 45H; >; 4; 14; 1; 20; 20; 1
45; 45H; >; 5; 23; 1; 24; 24; 1
45; 45R; <; 1; 23; 1; 30; 30; 1
45; 45R; <; 2; 14; 1; 34; 34; 1
45; 45R; <; 3; 11; 1; 42; 42; 1
45; 45R; <; 4; 4; 1; 49; 49; 1
45; 45R; <; 5; 3; 1; 54; 54; 1
46; 46H; >; 1; 3; 1; 0; 0; 1
46; 46H; >; 2; 4; 1; 5; 5; 1
46; 46H; >; 3; 11; 1; 12; 12; 1
46; 46H; >; 4; 10; 1; 17; 17; 1
46; 46H; >; 5; 17; 1; 24; 24; 1
46; 46R; <; 1; 17; 1; 30; 30; 1
46; 46R; <; 2; 10; 1; 37; 37; 1
46; 46R; <; 3; 11; 1; 42; 42; 1
46; 46R; <; 4; 4; 1; 49; 49; 1
46; 46R; <; 5; 3; 1; 54; 54; 1
48; 48H; >; 1; 1; 1; 0; 0; 1
48; 48H; >; 2; 2; 1; 16; 16; 1
48; 48H; >; 3; 6; 1; 20; 20; 1
48; 48H; >; 4; 8; 1; 24; 24; 1
48; 48H; >; 5; 9; 1; 30; 30; 1
48; 48R; <; 1; 9; 1; 30; 30; 1
48; 48R; <; 2; 8; 1; 36; 36; 1
48; 48R; <; 3; 6; 1; 40; 40; 1
48; 48R; <; 4; 2; 1; 44; 44; 1
48; 48R; <; 5; 1; 1; 0; 0; 1
49; 49H; >; 1; 14; 1; 0; 0; 1
49; 49H; >; 2; 15; 1; 5; 5; 1
49; 49H; >; 3; 22; 1; 9; 9; 1
49; 49H; >; 4; 20; 1; 17; 17; 1
49; 49R; <; 1; 20; 1; 30; 30; 1
49; 49R; <; 2; 22; 1; 38; 38; 1
49; 49R; <; 3; 15; 1; 42; 42; 1
49; 49R; <; 4; 14; 1; 47; 47; 1
50; 50H; >; 1; 14; 1; 0; 0; 1
50; 50H; >; 2; 15; 1; 5; 5; 1
50; 50H; >; 3; 19; 1; 11; 11; 1
50; 50H; >; 4; 17; 1; 15; 15; 1
50; 50R; <; 1; 17; 1; 30; 30; 1
50; 50R; <; 2; 19; 1; 34; 34; 1
50; 50R; <; 3; 15; 1; 40; 40; 1
50; 50R; <; 4; 14; 1; 45; 45; 1
51; 51H; >; 1; 14; 1; 0; 0; 1
51; 51H; >; 2; 15; 1; 5; 5; 1
51; 51H; >; 3; 10; 1; 13; 13; 1
51; 51H; >; 4; 9; 1; 17; 17; 1
51; 51R; <; 1; 9; 1; 30; 30; 1
51; 51R; <; 2; 10; 1; 34; 34; 1
51; 51R; <; 3; 15; 1; 42; 42; 1
51; 51R; <; 4; 14; 1; 47; 47; 1
52; 52H; >; 1; 11; 1; 0; 0; 1
52; 52H; >; 2; 14; 1; 8; 8; 1
52; 52H; >; 3; 23; 1; 12; 12; 1
52; 52H; >; 4; 24; 1; 17; 17; 1
52; 52R; <; 1; 24; 1; 30; 30; 1
52; 52R; <; 2; 23; 1; 35; 35; 1
52; 52R; <; 3; 14; 1; 39; 39; 1
52; 52R; <; 4; 11; 1; 47; 47; 1
54; 54H; >; 1; 13; 1; 0; 0; 1
54; 54H; >; 2; 24; 1; 5; 5; 1
54; 54H; >; 3; 23; 1; 10; 10; 1
54; 54H; >; 4; 14; 1; 14; 14; 1
54; 54R; <; 1; 14; 1; 30; 30; 1
54; 54R; <; 2; 23; 1; 34; 34; 1
54; 54R; <; 3; 24; 1; 39; 39; 1
54; 54R; <; 4; 13; 1; 44; 44; 1
57; 57H; >; 1; 9; 1; 0; 0; 1
57; 57H; >; 2; 10; 1; 4; 4; 1
57; 57H; >; 3; 17; 1; 11; 11; 1
57; 57H; >; 4; 19; 1; 15; 15; 1
57; 57R; <; 1; 19; 1; 30; 30; 1
57; 57R; <; 2; 17; 1; 34; 34; 1
57; 57R; <; 3; 10; 1; 41; 41; 1
57; 57R; <; 4; 9; 1; 45; 45; 1
63; 63H; >; 1; 4; 1; 0; 0; 1
63; 63H; >; 2; 5; 1; 5; 5; 1
63; 63H; >; 3; 6; 1; 11; 11; 1
63; 63H; >; 4; 2; 1; 15; 15; 1
63; 63R; <; 1; 2; 1; 30; 30; 1
63; 63R; <; 2; 6; 1; 34; 34; 1
63; 63R; <; 3; 5; 1; 40; 40; 1
63; 63R; <; 4; 4; 1; 45; 45; 1
64; 64H; >; 1; 3; 1; 0; 0; 1
64; 64H; >; 2; 4; 1; 5; 5; 1
64; 64H; >; 3; 5; 1; 10; 10; 1
64; 64H; >; 4; 6; 1; 16; 16; 1
64; 64R; <; 1; 6; 1; 30; 30; 1
64; 64R; <; 2; 5; 1; 36; 36; 1
64; 64R; <; 3; 4; 1; 41; 41; 1
64; 64R; <; 4; 3; 1; 46; 46; 1
65; 65H; >; 1; 1; 1; 0; 0; 1
65; 65H; >; 2; 2; 1; 16; 16; 1
65; 65H; >; 3; 6; 1; 20; 20; 1
65; 65H; >; 4; 5; 1; 26; 26; 1
65; 65R; <; 1; 5; 1; 30; 30; 1
65; 65R; <; 2; 6; 1; 36; 36; 1
65; 65R; <; 3; 2; 1; 40; 40; 1
65; 65R; <; 4; 1; 1; 56; 56; 1
67; 67H; >; 1; 19; 1; 0; 0; 1
67; 67H; >; 2; 20; 1; 8; 8; 1
67; 67H; >; 3; 22; 1; 16; 16; 1
67; 67R; <; 1; 22; 1; 30; 30; 1
67; 67R; <; 2; 20; 1; 38; 38; 1
67; 67R; <; 3; 19; 1; 46; 46; 1
69; 69H; >; 1; 15; 1; 0; 0; 1
69; 69H; >; 2; 14; 1; 5; 5; 1
69; 69H; >; 3; 23; 1; 9; 9; 1
69; 69H; >; 4; 22; 1; 14; 14; 1
69; 69H; >; 5; 20; 1; 22; 22; 1
69; 69H; >; 6; 19; 1; 30; 30; 1
69; 69H; >; 7; 17; 1; 34; 34; 1
69; 69H; >; 8; 16; 1; 38; 38; 1
69; 69H; >; 9; 18; 1; 44; 44; 1
69; 69H; >; 10; 7; 1; 48; 48; 1
69; 69R; <; 1; 7; 1; 0; 0; 1
69; 69R; <; 2; 18; 1; 4; 4; 1
69; 69R; <; 3; 16; 1; 10; 10; 1
69; 69R; <; 4; 17; 1; 14; 14; 1
69; 69R; <; 5; 19; 1; 18; 18; 1
69; 69R; <; 6; 20; 1; 26; 26; 1
69; 69R; <; 7; 22; 1; 34; 34; 1
69; 69R; <; 8; 23; 1; 39; 39; 1
69; 69R; <; 9; 14; 1; 43; 43; 1
69; 69R; <; 10; 15; 1; 48; 48; 1
71; 71H; >; 1; 23; 1; 0; 0; 1
71; 71H; >; 2; 14; 1; 4; 4; 1
71; 71H; >; 3; 11; 1; 12; 12; 1
71; 71H; >; 4; 4; 1; 19; 19; 1
71; 71H; >; 5; 5; 1; 24; 24; 1
71; 71H; >; 6; 9; 1; 28; 28; 1
71; 71H; >; 7; 10; 1; 32; 32; 1
71; 71H; >; 8; 15; 1; 40; 40; 1
71; 71H; >; 9; 19; 1; 46; 46; 1
71; 71R; <; 1; 19; 1; 0; 0; 1
71; 71R; <; 2; 15; 1; 6; 6; 1
71; 71R; <; 3; 10; 1; 14; 14; 1
71; 71R; <; 4; 9; 1; 18; 18; 1
71; 71R; <; 5; 5; 1; 22; 22; 1
71; 71R; <; 6; 4; 1; 27; 27; 1
71; 71R; <; 7; 11; 1; 34; 34; 1
71; 71R; <; 8; 14; 1; 42; 42; 1
71; 71R; <; 9; 23; 1; 46; 46; 1
72; 72H; >; 1; 24; 1; 0; 0; 1
72; 72H; >; 2; 13; 1; 5; 5; 1
72; 72H; >; 3; 12; 1; 21; 21; 1
72; 72H; >; 4; 3; 1; 28; 28; 1
72; 72H; >; 5; 1; 1; 32; 32; 1
72; 72H; >; 6; 2; 1; 48; 48; 1
72; 72H; >; 7; 6; 1; 52; 52; 1
72; 72H; >; 8; 8; 1; 56; 56; 1
72; 72H; >; 9; 16; 1; 0; 0; 1
72; 72R; <; 1; 16; 1; 0; 0; 1
72; 72R; <; 2; 8; 1; 4; 4; 1
72; 72R; <; 3; 6; 1; 8; 8; 1
72; 72R; <; 4; 2; 1; 12; 12; 1
72; 72R; <; 5; 1; 1; 28; 28; 1
72; 72R; <; 6; 3; 1; 32; 32; 1
72; 72R; <; 7; 12; 1; 39; 39; 1
72; 72R; <; 8; 13; 1; 55; 55; 1
72; 72R; <; 9; 24; 1; 0; 0; 1
73; 73H; >; 1; 20; 1; 0; 0; 1
73; 73H; >; 2; 21; 1; 6; 6; 1
73; 73H; >; 3; 22; 1; 11; 11; 1
73; 73H; >; 4; 15; 1; 15; 15; 1
73; 73H; >; 5; 14; 1; 20; 20; 1
73; 73H; >; 6; 23; 1; 24; 24; 1
73; 73H; >; 7; 24; 1; 29; 29; 1
73; 73H; >; 8; 13; 1; 34; 34; 1
73; 73R; <; 1; 13; 1; 0; 0; 1
73; 73R; <; 2; 24; 1; 5; 5; 1
73; 73R; <; 3; 23; 1; 10; 10; 1
73; 73R; <; 4; 14; 1; 14; 14; 1
73; 73R; <; 5; 15; 1; 19; 19; 1
73; 73R; <; 6; 22; 1; 23; 23; 1
73; 73R; <; 7; 21; 1; 28; 28; 1
73; 73R; <; 8; 20; 1; 34; 34; 1
74; 74H; >; 1; 23; 1; 22; 22; 1
74; 74H; >; 2; 14; 1; 26; 26; 1
74; 74H; >; 3; 11; 1; 34; 34; 1
74; 74H; >; 4; 4; 1; 41; 41; 1
74; 74H; >; 5; 5; 1; 46; 46; 1
74; 74H; >; 6; 9; 1; 50; 50; 1
74; 74H; >; 7; 10; 1; 54; 54; 1
74; 74H; >; 8; 17; 1; 1; 1; 1
74; 74R; <; 1; 17; 1; 22; 22; 1
74; 74R; <; 2; 10; 1; 29; 29; 1
74; 74R; <; 3; 9; 1; 33; 33; 1
74; 74R; <; 4; 5; 1; 37; 37; 1
74; 74R; <; 5; 4; 1; 42; 42; 1
74; 74R; <; 6; 11; 1; 49; 49; 1
74; 74R; <; 7; 14; 1; 57; 57; 1
74; 74R; <; 8; 23; 1; 1; 1; 1
76; 76H; >; 1; 7; 1; 0; 0; 1
76; 76H; >; 2; 18; 1; 4; 4; 1
76; 76H; >; 3; 16; 1; 10; 10; 1
76; 76H; >; 4; 8; 1; 14; 14; 1
76; 76H; >; 5; 9; 1; 20; 20; 1
76; 76H; >; 6; 5; 1; 24; 24; 1
76; 76H; >; 7; 6; 1; 30; 30; 1
76; 76H; >; 8; 2; 1; 34; 34; 1
76; 76R; <; 1; 2; 1; 0; 0; 1
76; 76R; <; 2; 6; 1; 4; 4; 1
76; 76R; <; 3; 5; 1; 10; 10; 1
76; 76R; <; 4; 9; 1; 14; 14; 1
76; 76R; <; 5; 8; 1; 20; 20; 1
76; 76R; <; 6; 16; 1; 24; 24; 1
76; 76R; <; 7; 18; 1; 30; 30; 1
76; 76R; <; 8; 7; 1; 34; 34; 1
78; 78H; >; 1; 20; 1; 0; 0; 1
78; 78H; >; 2; 21; 1; 6; 6; 1
78; 78H; >; 3; 22; 1; 11; 11; 1
78; 78H; >; 4; 15; 1; 15; 15; 1
78; 78H; >; 5; 10; 1; 23; 23; 1
78; 78H; >; 6; 9; 1; 27; 27; 1
78; 78H; >; 7; 5; 1; 31; 31; 1
78; 78R; <; 1; 5; 1; 0; 0; 1
78; 78R; <; 2; 9; 1; 4; 4; 1
78; 78R; <; 3; 10; 1; 8; 8; 1
78; 78R; <; 4; 15; 1; 16; 16; 1
78; 78R; <; 5; 22; 1; 20; 20; 1
78; 78R; <; 6; 21; 1; 25; 25; 1
78; 78R; <; 7; 20; 1; 31; 31; 1
80; 80H; >; 1; 14; 1; 20; 20; 1
80; 80H; >; 2; 11; 1; 28; 28; 1
80; 80H; >; 3; 10; 1; 33; 33; 1
80; 80H; >; 4; 16; 1; 39; 39; 1
80; 80H; >; 5; 8; 1; 43; 43; 1
80; 80H; >; 6; 6; 1; 47; 47; 1
80; 80H; >; 7; 2; 1; 51; 51; 1
80; 80R; <; 1; 2; 1; 20; 20; 1
80; 80R; <; 2; 6; 1; 24; 24; 1
80; 80R; <; 3; 8; 1; 28; 28; 1
80; 80R; <; 4; 16; 1; 32; 32; 1
80; 80R; <; 5; 10; 1; 38; 38; 1
80; 80R; <; 6; 11; 1; 43; 43; 1
80; 80R; <; 7; 14; 1; 51; 51; 1
81; 81H; >; 1; 20; 1; 0; 0; 1
81; 81H; >; 2; 21; 1; 6; 6; 1
81; 81H; >; 3; 22; 1; 11; 11; 1
81; 81H; >; 4; 23; 1; 16; 16; 1
81; 81H; >; 5; 24; 1; 21; 21; 1
81; 81H; >; 6; 13; 1; 26; 26; 1
81; 81R; <; 1; 13; 1; 30; 30; 1
81; 81R; <; 2; 24; 1; 35; 35; 1
81; 81R; <; 3; 23; 1; 40; 40; 1
81; 81R; <; 4; 22; 1; 45; 45; 1
81; 81R; <; 5; 21; 1; 50; 50; 1
81; 81R; <; 6; 20; 1; 56; 56; 1
82; 82H; >; 1; 21; 1; 0; 0; 1
82; 82H; >; 2; 20; 1; 6; 6; 1
82; 82H; >; 3; 18; 1; 23; 23; 1
82; 82H; >; 4; 7; 1; 27; 27; 1
82; 82H; >; 5; 8; 1; 33; 33; 1
82; 82H; >; 6; 16; 1; 37; 37; 1
82; 82R; <; 1; 16; 1; 0; 0; 1
82; 82R; <; 2; 8; 1; 4; 4; 1
82; 82R; <; 3; 7; 1; 10; 10; 1
82; 82R; <; 4; 18; 1; 14; 14; 1
82; 82R; <; 5; 20; 1; 31; 31; 1
82; 82R; <; 6; 21; 1; 37; 37; 1
84; 84H; >; 1; 19; 1; 0; 0; 1
84; 84H; >; 2; 17; 1; 4; 4; 1
84; 84H; >; 3; 16; 1; 8; 8; 1
84; 84H; >; 4; 10; 1; 14; 14; 1
84; 84H; >; 5; 11; 1; 19; 19; 1
84; 84H; >; 6; 12; 1; 24; 24; 1
84; 84R; <; 1; 12; 1; 30; 30; 1
84; 84R; <; 2; 11; 1; 35; 35; 1
84; 84R; <; 3; 10; 1; 40; 40; 1
84; 84R; <; 4; 16; 1; 46; 46; 1
84; 84R; <; 5; 17; 1; 50; 50; 1
84; 84R; <; 6; 19; 1; 54; 54; 1
85; 85H; >; 1; 19; 1; 0; 0; 1
85; 85H; >; 2; 17; 1; 4; 4; 1
85; 85H; >; 3; 16; 1; 8; 8; 1
85; 85H; >; 4; 10; 1; 14; 14; 1
85; 85H; >; 5; 9; 1; 18; 18; 1
85; 85H; >; 6; 5; 1; 22; 22; 1
85; 85R; <; 1; 5; 1; 30; 30; 1
85; 85R; <; 2; 9; 1; 34; 34; 1
85; 85R; <; 3; 10; 1; 38; 38; 1
85; 85R; <; 4; 16; 1; 44; 44; 1
85; 85R; <; 5; 17; 1; 48; 48; 1
85; 85R; <; 6; 19; 1; 52; 52; 1
88; 88H; >; 1; 12; 1; 0; 0; 1
88; 88H; >; 2; 11; 1; 5; 5; 1
88; 88H; >; 3; 10; 1; 10; 10; 1
88; 88H; >; 4; 16; 1; 16; 16; 1
88; 88H; >; 5; 18; 1; 22; 22; 1
88; 88H; >; 6; 7; 1; 26; 26; 1
88; 88R; <; 1; 7; 1; 30; 30; 1
88; 88R; <; 2; 18; 1; 34; 34; 1
88; 88R; <; 3; 16; 1; 40; 40; 1
88; 88R; <; 4; 10; 1; 46; 46; 1
88; 88R; <; 5; 11; 1; 51; 51; 1
88; 88R; <; 6; 12; 1; 56; 56; 1
89; 89H; >; 1; 2; 1; 0; 0; 1
89; 89H; >; 2; 6; 1; 4; 4; 1
89; 89H; >; 3; 5; 1; 10; 10; 1
89; 89H; >; 4; 4; 1; 15; 15; 1
89; 89H; >; 5; 3; 1; 20; 20; 1
89; 89H; >; 6; 1; 1; 24; 24; 1
89; 89R; <; 1; 1; 1; 30; 30; 1
89; 89R; <; 2; 3; 1; 34; 34; 1
89; 89R; <; 3; 4; 1; 39; 39; 1
89; 89R; <; 4; 5; 1; 44; 44; 1
89; 89R; <; 5; 6; 1; 50; 50; 1
89; 89R; <; 6; 2; 1; 54; 54; 1
91; 91H; >; 1; 14; 1; 0; 0; 1
91; 91H; >; 2; 11; 1; 8; 8; 1
91; 91H; >; 3; 4; 1; 15; 15; 1
91; 91H; >; 4; 3; 1; 20; 20; 1
91; 91H; >; 5; 1; 1; 24; 24; 1
91; 91R; <; 1; 1; 1; 30; 30; 1
91; 91R; <; 2; 3; 1; 34; 34; 1
91; 91R; <; 3; 4; 1; 39; 39; 1
91; 91R; <; 4; 11; 1; 46; 46; 1
91; 91R; <; 5; 14; 1; 54; 54; 1
92; 92H; >; 1; 12; 1; 0; 0; 1
92; 92H; >; 2; 11; 1; 5; 5; 1
92; 92H; >; 3; 10; 1; 10; 10; 1
92; 92H; >; 4; 9; 1; 14; 14; 1
92; 92H; >; 5; 5; 1; 18; 18; 1
92; 92R; <; 1; 5; 1; 30; 30; 1
92; 92R; <; 2; 9; 1; 34; 34; 1
92; 92R; <; 3; 10; 1; 38; 38; 1
92; 92R; <; 4; 11; 1; 43; 43; 1
92; 92R; <; 5; 12; 1; 48; 48; 1
93; 93H; >; 1; 12; 1; 0; 0; 1
93; 93H; >; 2; 11; 1; 5; 5; 1
93; 93H; >; 3; 4; 1; 12; 12; 1
93; 93H; >; 4; 3; 1; 17; 17; 1
93; 93H; >; 5; 1; 1; 21; 21; 1
93; 93R; <; 1; 1; 1; 30; 30; 1
93; 93R; <; 2; 3; 1; 34; 34; 1
93; 93R; <; 3; 4; 1; 39; 39; 1
93; 93R; <; 4; 11; 1; 46; 46; 1
93; 93R; <; 5; 12; 1; 51; 51; 1
94; 94H; >; 1; 18; 1; 0; 0; 1
94; 94H; >; 2; 7; 1; 4; 4; 1
94; 94H; >; 3; 8; 1; 10; 10; 1
94; 94H; >; 4; 6; 1; 14; 14; 1
94; 94H; >; 5; 2; 1; 18; 18; 1
94; 94R; <; 1; 2; 1; 30; 30; 1
94; 94R; <; 2; 6; 1; 34; 34; 1
94; 94R; <; 3; 8; 1; 38; 38; 1
94; 94R; <; 4; 7; 1; 44; 44; 1
94; 94R; <; 5; 18; 1; 48; 48; 1
96; 96H; >; 1; 19; 1; 0; 0; 1
96; 96H; >; 2; 15; 1; 6; 6; 1
96; 96H; >; 3; 10; 1; 14; 14; 1
96; 96H; >; 4; 17; 1; 21; 21; 1
96; 96R; <; 1; 17; 1; 30; 30; 1
96; 96R; <; 2; 10; 1; 37; 37; 1
96; 96R; <; 3; 15; 1; 45; 45; 1
96; 96R; <; 4; 19; 1; 51; 51; 1
97; 97H; >; 1; 6; 1; 0; 0; 1
97; 97H; >; 2; 8; 1; 4; 4; 1
97; 97H; >; 3; 16; 1; 8; 8; 1
97; 97H; >; 4; 17; 1; 12; 12; 1
97; 97R; <; 1; 17; 1; 30; 30; 1
97; 97R; <; 2; 16; 1; 34; 34; 1
97; 97R; <; 3; 8; 1; 38; 38; 1
97; 97R; <; 4; 6; 1; 42; 42; 1
99; 99H; >; 1; 1; 1; 0; 0; 1
99; 99H; >; 2; 3; 1; 4; 4; 1
99; 99H; >; 3; 12; 1; 11; 11; 1
99; 99H; >; 4; 11; 1; 16; 16; 1
99; 99R; <; 1; 11; 1; 30; 30; 1
99; 99R; <; 2; 12; 1; 35; 35; 1
99; 99R; <; 3; 3; 1; 42; 42; 1
99; 99R; <; 4; 1; 1; 46; 46; 1
101; 101H; >; 1; 22; 1; 0; 0; 1
101; 101H; >; 2; 15; 1; 4; 4; 1
101; 101H; >; 3; 19; 1; 10; 10; 1
101; 101R; <; 1; 19; 1; 30; 30; 1
101; 101R; <; 2; 15; 1; 36; 36; 1
101; 101R; <; 3; 22; 1; 40; 40; 1
120; 120H; >; 1; 12; 1; 0; 0; 1
120; 120H; >; 2; 11; 1; 5; 5; 1
120; 120H; >; 3; 10; 1; 10; 10; 1
120; 120H; >; 4; 16; 1; 16; 16; 1
120; 120H; >; 5; 18; 1; 22; 22; 1
120; 120R; <; 1; 18; 1; 30; 30; 1
120; 120R; <; 2; 16; 1; 36; 36; 1
120; 120R; <; 3; 10; 1; 42; 42; 1
120; 120R; <; 4; 11; 1; 47; 47; 1
120; 120R; <; 5; 12; 1; 52; 52; 1
124; 124H; >; 1; 23; 1; 0; 0; 1
124; 124H; >; 2; 22; 1; 5; 5; 1
124; 124H; >; 3; 20; 1; 13; 13; 1
124; 124R; <; 1; 20; 1; 30; 30; 1
124; 124R; <; 2; 22; 1; 38; 38; 1
124; 124R; <; 3; 23; 1; 43; 43; 1
127; 127H; >; 1; 4; 1; 8; 8; 1
127; 127H; >; 2; 11; 1; 15; 15; 1
127; 127H; >; 3; 14; 1; 23; 23; 1
127; 127H; >; 4; 23; 1; 27; 27; 1
127; 127H; >; 5; 24; 1; 32; 32; 1
127; 127R; <; 1; 24; 1; 38; 38; 1
127; 127R; <; 2; 23; 1; 43; 43; 1
127; 127R; <; 3; 14; 1; 47; 47; 1
127; 127R; <; 4; 11; 1; 55; 55; 1
127; 127R; <; 5; 4; 1; 2; 2; 1
128; 128H; >; 1; 5; 1; 0; 0; 1
128; 128H; >; 2; 9; 1; 4; 4; 1
128; 128H; >; 3; 10; 1; 8; 8; 1
128; 128H; >; 4; 15; 1; 16; 16; 1
128; 128H; >; 5; 22; 1; 20; 20; 1
128; 128H; >; 6; 21; 1; 25; 25; 1
128; 128R; <; 1; 21; 1; 30; 30; 1
128; 128R; <; 2; 22; 1; 35; 35; 1
128; 128R; <; 3; 15; 1; 39; 39; 1
128; 128R; <; 4; 10; 1; 47; 47; 1
128; 128R; <; 5; 9; 1; 51; 51; 1
128; 128R; <; 6; 5; 1; 55; 55; 1
129; 129H; >; 1; 2; 2; 49; 49; 1
129; 129H; >; 2; 6; 2; 53; 53; 1
129; 129H; >; 3; 8; 2; 57; 57; 1
129; 129H; >; 4; 16; 2; 1; 1; 1
129; 129H; >; 5; 17; 2; 5; 5; 1
129; 129H; >; 6; 19; 2; 9; 9; 1
129; 129H; >; 7; 20; 2; 17; 17; 1
129; 129H; >; 1; 2; 2; 19; 19; 2
129; 129H; >; 2; 6; 2; 23; 23; 2
129; 129H; >; 3; 8; 2; 27; 27; 2
129; 129H; >; 4; 16; 2; 31; 31; 2
129; 129H; >; 5; 17; 2; 35; 35; 2
129; 129H; >; 6; 19; 2; 39; 39; 2
129; 129H; >; 7; 20; 2; 47; 47; 2
129; 129R; <; 1; 20; 2; 19; 19; 1
129; 129R; <; 2; 19; 2; 27; 27; 1
129; 129R; <; 3; 17; 2; 31; 31; 1
129; 129R; <; 4; 16; 2; 35; 35; 1
129; 129R; <; 5; 8; 2; 39; 39; 1
129; 129R; <; 6; 6; 2; 43; 43; 1
129; 129R; <; 7; 2; 2; 47; 47; 1
129; 129R; <; 1; 20; 2; 49; 49; 2
129; 129R; <; 2; 19; 2; 57; 57; 2
129; 129R; <; 3; 17; 2; 1; 1; 2
129; 129R; <; 4; 16; 2; 5; 5; 2
129; 129R; <; 5; 8; 2; 9; 9; 2
129; 129R; <; 6; 6; 2; 13; 13; 2
129; 129R; <; 7; 2; 2; 17; 17; 2
