#origin-stop-id;destination-stop-id;perceived-travel-time;passengers
1;2;6;21
1;3;12;15
1;4;28;10
1;5;34;8
1;6;41;5
1;7;35;11
1;8;18;19
1;9;32;7
1;10;38;3
1;11;47;3
1;12;41;6
1;13;24;82
1;14;41;8
1;15;47;4
1;16;50;3
1;17;44;7
1;18;30;11
1;19;50;4
1;20;56;2
1;21;56;2
1;22;50;2
1;23;36;5
1;24;42;4
1;25;48;15
2;1;6;5
2;3;6;4
2;4;22;3
2;5;28;2
2;6;35;1
2;7;29;3
2;8;12;5
2;9;26;2
2;10;32;1
2;11;41;1
2;12;35;2
2;13;18;20
2;14;35;2
2;15;41;1
2;16;44;1
2;17;38;2
2;18;24;3
2;19;44;1
2;20;50;0
2;21;50;0
2;22;44;1
2;23;30;1
2;24;36;1
2;25;42;4
3;1;12;3
3;2;6;3
3;4;6;4
3;5;12;3
3;6;26;1
3;7;20;3
3;8;6;7
3;9;20;3
3;10;26;1
3;11;32;1
3;12;26;3
3;13;12;30
3;14;26;2
3;15;32;1
3;16;38;1
3;17;32;2
3;18;18;4
3;19;35;2
3;20;41;1
3;21;36;1
3;22;30;1
3;23;24;2
3;24;30;1
3;25;36;4
4;1;26;2
4;2;20;2
4;3;6;4
4;5;6;4
4;6;32;1
4;7;26;2
4;8;12;5
4;9;41;3
4;10;47;1
4;11;38;1
4;12;32;3
4;13;18;19
4;14;32;1
4;15;38;1
4;16;61;0
4;17;55;1
4;18;24;3
4;19;41;2
4;20;47;1
4;21;42;1
4;22;36;1
4;23;30;1
4;24;58;1
4;25;64;2
5;1;32;2
5;2;26;2
5;3;12;3
5;4;6;4
5;6;38;1
5;7;32;1
5;8;18;4
5;9;47;2
5;10;53;1
5;11;44;1
5;12;38;2
5;13;24;16
5;14;38;1
5;15;44;0
5;16;67;0
5;17;61;1
5;18;30;2
5;19;47;1
5;20;53;1
5;21;48;1
5;22;42;1
5;23;36;1
5;24;64;0
5;25;70;2
6;1;40;1
6;2;34;1
6;3;26;1
6;4;33;1
6;5;39;1
6;7;6;8
6;8;12;5
6;9;35;4
6;10;41;2
6;11;52;1
6;12;46;1
6;13;18;20
6;14;46;2
6;15;52;1
6;16;55;1
6;17;49;1
6;18;24;3
6;19;30;2
6;20;36;1
6;21;61;0
6;22;55;0
6;23;46;1
6;24;52;1
6;25;58;3
7;1;34;2
7;2;28;3
7;3;20;3
7;4;27;2
7;5;33;1
7;6;6;7
7;8;6;11
7;9;29;9
7;10;35;4
7;11;46;1
7;12;40;3
7;13;12;47
7;14;40;4
7;15;46;2
7;16;49;1
7;17;43;3
7;18;18;7
7;19;24;6
7;20;30;2
7;21;55;1
7;22;49;1
7;23;40;2
7;24;46;2
7;25;52;7
8;1;18;4
8;2;12;4
8;3;6;7
8;4;12;4
8;5;18;3
8;6;12;4
8;7;6;10
8;9;6;11
8;10;12;5
8;11;26;3
8;12;20;6
8;13;6;78
8;14;20;7
8;15;26;3
8;16;24;2
8;17;18;6
8;18;12;11
8;19;18;6
8;20;24;3
8;21;30;2
8;22;24;3
8;23;18;4
8;24;24;3
8;25;30;10
9;1;40;1
9;2;34;2
9;3;26;3
9;4;33;3
9;5;39;2
9;6;26;3
9;7;20;8
9;8;6;11
9;10;6;7
9;11;32;2
9;12;26;5
9;13;12;46
9;14;26;6
9;15;32;3
9;16;30;2
9;17;24;5
9;18;18;6
9;19;35;3
9;20;41;1
9;21;61;1
9;22;55;2
9;23;46;2
9;24;52;1
9;25;58;4
10;1;46;1
10;2;40;1
10;3;32;1
10;4;39;1
10;5;45;1
10;6;32;1
10;7;26;4
10;8;12;5
10;9;6;7
10;11;38;1
10;12;32;2
10;13;18;19
10;14;32;3
10;15;38;1
10;16;36;1
10;17;30;2
10;18;24;3
10;19;41;1
10;20;47;1
10;21;67;1
10;22;61;1
10;23;52;1
10;24;58;0
10;25;64;2
11;1;57;1
11;2;51;1
11;3;43;1
11;4;50;1
11;5;56;1
11;6;43;1
11;7;37;2
11;8;26;3
11;9;32;1
11;10;38;1
11;12;6;7
11;13;12;25
11;14;18;4
11;15;24;2
11;16;52;1
11;17;46;1
11;18;26;3
11;19;32;2
11;20;38;1
11;21;58;1
11;22;52;1
11;23;43;1
11;24;49;1
11;25;55;3
12;1;51;1
12;2;45;1
12;3;37;1
12;4;44;1
12;5;50;1
12;6;37;1
12;7;31;2
12;8;20;4
12;9;26;2
12;10;32;1
12;11;6;4
12;13;6;29
12;14;12;5
12;15;18;2
12;16;46;1
12;17;40;2
12;18;20;4
12;19;26;3
12;20;32;1
12;21;52;1
12;22;46;1
12;23;37;2
12;24;43;1
12;25;49;3
13;1;24;14
13;2;18;4
13;3;12;7
13;4;18;5
13;5;24;4
13;6;20;5
13;7;14;11
13;8;6;18
13;9;12;11
13;10;18;5
13;11;12;6
13;12;6;9
13;14;6;14
13;15;12;6
13;16;18;5
13;17;12;11
13;18;6;18
13;19;12;11
13;20;18;5
13;21;24;4
13;22;18;5
13;23;12;7
13;24;18;5
13;25;24;8
14;1;51;1
14;2;45;1
14;3;37;2
14;4;44;2
14;5;50;2
14;6;37;2
14;7;31;6
14;8;20;7
14;9;26;4
14;10;32;2
14;11;18;4
14;12;12;9
14;13;6;55
14;15;6;7
14;16;46;2
14;17;40;4
14;18;20;7
14;19;26;6
14;20;32;3
14;21;52;1
14;22;46;1
14;23;37;3
14;24;43;2
14;25;49;8
15;1;57;0
15;2;51;0
15;3;43;1
15;4;50;1
15;5;56;1
15;6;43;1
15;7;37;3
15;8;26;3
15;9;32;2
15;10;38;1
15;11;24;2
15;12;18;4
15;13;12;23
15;14;6;7
15;16;52;1
15;17;46;2
15;18;26;3
15;19;32;3
15;20;38;1
15;21;58;0
15;22;52;1
15;23;43;1
15;24;49;1
15;25;55;3
16;1;60;1
16;2;54;1
16;3;46;1
16;4;53;0
16;5;59;0
16;6;46;1
16;7;40;1
16;8;24;3
16;9;30;2
16;10;36;1
16;11;52;1
16;12;46;2
16;13;18;19
16;14;46;3
16;15;52;1
16;17;6;8
16;18;12;5
16;19;35;4
16;20;41;2
16;21;41;1
16;22;35;1
16;23;26;2
16;24;32;1
16;25;38;5
17;1;54;1
17;2;48;2
17;3;40;2
17;4;47;1
17;5;53;1
17;6;40;1
17;7;34;3
17;8;18;6
17;9;24;5
17;10;30;2
17;11;46;2
17;12;40;4
17;13;12;45
17;14;40;6
17;15;46;3
17;16;6;7
17;18;6;11
17;19;29;9
17;20;35;4
17;21;35;1
17;22;29;2
17;23;20;4
17;24;26;3
17;25;32;11
18;1;30;2
18;2;24;2
18;3;18;4
18;4;24;2
18;5;30;2
18;6;26;2
18;7;20;5
18;8;12;10
18;9;18;6
18;10;24;2
18;11;28;3
18;12;22;6
18;13;6;75
18;14;22;7
18;15;28;3
18;16;12;4
18;17;6;11
18;19;6;11
18;20;12;5
18;21;18;3
18;22;12;4
18;23;6;7
18;24;12;4
18;25;18;17
19;1;51;1
19;2;45;1
19;3;37;2
19;4;44;2
19;5;50;1
19;6;32;2
19;7;26;5
19;8;18;6
19;9;46;3
19;10;52;1
19;11;43;1
19;12;37;3
19;13;12;45
19;14;37;4
19;15;43;2
19;16;26;4
19;17;20;9
19;18;6;11
19;20;6;7
19;21;32;2
19;22;26;3
19;23;20;3
19;24;43;2
19;25;49;7
20;1;57;0
20;2;51;0
20;3;43;1
20;4;50;1
20;5;56;1
20;6;38;1
20;7;32;2
20;8;24;2
20;9;52;1
20;10;58;1
20;11;49;0
20;12;43;1
20;13;18;18
20;14;43;2
20;15;49;1
20;16;32;2
20;17;26;4
20;18;12;5
20;19;6;7
20;21;38;1
20;22;32;1
20;23;26;1
20;24;49;1
20;25;55;3
21;1;56;0
21;2;50;0
21;3;36;1
21;4;42;1
21;5;48;1
21;6;60;0
21;7;54;1
21;8;30;2
21;9;49;1
21;10;55;1
21;11;46;0
21;12;40;1
21;13;24;15
21;14;40;2
21;15;46;1
21;16;49;1
21;17;43;1
21;18;18;4
21;19;49;2
21;20;55;1
21;22;6;5
21;23;12;3
21;24;26;2
21;25;32;8
22;1;50;0
22;2;44;0
22;3;30;1
22;4;36;1
22;5;42;1
22;6;54;0
22;7;48;1
22;8;24;2
22;9;43;2
22;10;49;1
22;11;40;1
22;12;34;1
22;13;18;18
22;14;34;2
22;15;40;1
22;16;43;1
22;17;37;2
22;18;12;5
22;19;43;3
22;20;49;1
22;21;6;4
22;23;6;4
22;24;20;3
22;25;26;9
23;1;36;1
23;2;30;1
23;3;24;2
23;4;30;1
23;5;36;1
23;6;45;1
23;7;39;2
23;8;18;4
23;9;34;2
23;10;40;1
23;11;34;1
23;12;28;3
23;13;12;28
23;14;28;2
23;15;34;1
23;16;34;1
23;17;28;3
23;18;6;7
23;19;34;3
23;20;40;1
23;21;12;3
23;22;6;4
23;24;6;4
23;25;12;13
24;1;42;1
24;2;36;1
24;3;30;1
24;4;58;0
24;5;64;0
24;6;51;1
24;7;45;2
24;8;24;2
24;9;40;1
24;10;46;0
24;11;57;1
24;12;51;2
24;13;18;17
24;14;51;1
24;15;57;0
24;16;40;1
24;17;34;3
24;18;12;4
24;19;40;2
24;20;46;1
24;21;26;2
24;22;20;2
24;23;6;4
24;25;6;19
25;1;48;1
25;2;42;1
25;3;36;1
25;4;64;0
25;5;70;0
25;6;57;0
25;7;51;1
25;8;30;2
25;9;46;1
25;10;52;0
25;11;63;1
25;12;57;2
25;13;24;13
25;14;57;1
25;15;63;0
25;16;46;1
25;17;40;2
25;18;18;3
25;19;46;1
25;20;52;1
25;21;32;1
25;22;26;2
25;23;12;3
25;24;6;4
