#event-id; time
1; 14
2; 19
3; 19
4; 24
5; 24
6; 29
7; 29
8; 34
9; 34
10; 39
11; 39
12; 44
13; 44
14; 49
15; 49
16; 51
17; 51
18; 53
19; 53
20; 55
21; 55
22; 57
23; 57
24; 2
25; 2
26; 4
27; 0
28; 2
29; 2
30; 7
31; 7
32; 9
33; 9
34; 11
35; 11
36; 13
37; 13
38; 15
39; 15
40; 20
41; 20
42; 25
43; 25
44; 30
45; 30
46; 35
47; 35
48; 40
49; 40
50; 45
51; 45
52; 50
53; 0
54; 5
55; 5
56; 10
57; 10
58; 15
59; 15
60; 20
61; 20
62; 25
63; 25
64; 30
65; 30
66; 35
67; 35
68; 37
69; 37
70; 39
71; 39
72; 41
73; 41
74; 43
75; 43
76; 48
77; 48
78; 50
79; 0
80; 2
81; 2
82; 7
83; 7
84; 9
85; 9
86; 11
87; 11
88; 13
89; 13
90; 15
91; 15
92; 20
93; 20
94; 25
95; 25
96; 30
97; 30
98; 35
99; 35
100; 40
101; 40
102; 45
103; 45
104; 50
105; 3
106; 8
107; 8
108; 13
109; 13
110; 18
111; 18
112; 23
113; 23
114; 28
115; 28
116; 33
117; 33
118; 38
119; 38
120; 40
121; 40
122; 42
123; 42
124; 44
125; 44
126; 46
127; 46
128; 51
129; 51
130; 53
131; 16
132; 18
133; 18
134; 23
135; 23
136; 25
137; 25
138; 27
139; 27
140; 29
141; 29
142; 31
143; 31
144; 36
145; 36
146; 41
147; 41
148; 46
149; 46
150; 51
151; 51
152; 56
153; 56
154; 1
155; 1
156; 6
157; 14
158; 19
159; 19
160; 21
161; 21
162; 29
163; 29
164; 37
165; 37
166; 39
167; 39
168; 41
169; 41
170; 47
171; 47
172; 53
173; 53
174; 55
175; 55
176; 57
177; 57
178; 0
179; 0
180; 2
181; 2
182; 6
183; 6
184; 10
185; 10
186; 12
187; 12
188; 15
189; 15
190; 17
191; 17
192; 19
193; 19
194; 25
195; 25
196; 31
197; 31
198; 33
199; 33
200; 35
201; 35
202; 43
203; 43
204; 51
205; 51
206; 53
207; 53
208; 58
209; 53
210; 56
211; 56
212; 59
213; 59
214; 1
215; 1
216; 3
217; 3
218; 6
219; 6
220; 9
221; 9
222; 12
223; 12
224; 15
225; 15
226; 17
227; 17
228; 19
229; 19
230; 21
231; 21
232; 23
233; 23
234; 25
235; 47
236; 49
237; 49
238; 51
239; 51
240; 53
241; 53
242; 55
243; 55
244; 57
245; 57
246; 0
247; 0
248; 3
249; 3
250; 6
251; 6
252; 9
253; 9
254; 11
255; 11
256; 13
257; 13
258; 16
259; 16
260; 19
261; 53
262; 55
263; 55
264; 57
265; 57
266; 59
267; 59
268; 1
269; 1
270; 3
271; 3
272; 5
273; 5
274; 7
275; 7
276; 9
277; 9
278; 11
279; 11
280; 13
281; 13
282; 15
283; 15
284; 17
285; 17
286; 19
287; 7
288; 9
289; 9
290; 11
291; 11
292; 13
293; 13
294; 15
295; 15
296; 17
297; 17
298; 19
299; 19
300; 21
301; 21
302; 23
303; 23
304; 25
305; 25
306; 27
307; 27
308; 29
309; 29
310; 31
311; 31
312; 33
313; 56
314; 58
315; 58
316; 0
317; 0
318; 2
319; 2
320; 4
321; 4
322; 6
323; 6
324; 8
325; 8
326; 10
327; 10
328; 12
329; 12
330; 14
331; 14
332; 16
333; 16
334; 18
335; 18
336; 20
337; 20
338; 22
339; 0
340; 2
341; 2
342; 4
343; 4
344; 6
345; 6
346; 8
347; 8
348; 10
349; 10
350; 12
351; 12
352; 14
353; 14
354; 16
355; 16
356; 18
357; 18
358; 20
359; 20
360; 22
361; 22
362; 24
363; 24
364; 26
365; 0
366; 2
367; 2
368; 4
369; 4
370; 6
371; 6
372; 8
373; 8
374; 10
375; 10
376; 12
377; 12
378; 14
379; 14
380; 16
381; 16
382; 18
383; 18
384; 20
385; 20
386; 22
387; 22
388; 24
389; 24
390; 26
391; 0
392; 2
393; 2
394; 4
395; 4
396; 6
397; 6
398; 8
399; 8
400; 10
401; 10
402; 12
403; 12
404; 14
405; 14
406; 16
407; 16
408; 18
409; 18
410; 20
411; 20
412; 22
413; 22
414; 24
415; 24
416; 26
417; 43
418; 45
419; 45
420; 47
421; 47
422; 49
423; 49
424; 51
425; 51
426; 53
427; 53
428; 55
429; 55
430; 57
431; 57
432; 59
433; 59
434; 1
435; 1
436; 3
437; 3
438; 5
439; 5
440; 7
441; 7
442; 9
443; 0
444; 2
445; 2
446; 4
447; 4
448; 6
449; 6
450; 8
451; 8
452; 10
453; 10
454; 12
455; 12
456; 14
457; 14
458; 16
459; 16
460; 18
461; 18
462; 20
463; 20
464; 22
465; 22
466; 24
467; 24
468; 26
469; 30
470; 32
471; 32
472; 34
473; 34
474; 36
475; 36
476; 38
477; 38
478; 40
479; 40
480; 42
481; 42
482; 44
483; 44
484; 46
485; 46
486; 48
487; 48
488; 50
489; 50
490; 52
491; 52
492; 54
493; 54
494; 56
495; 0
496; 2
497; 2
498; 4
499; 4
500; 6
501; 6
502; 8
503; 8
504; 10
505; 10
506; 12
507; 12
508; 14
509; 14
510; 16
511; 16
512; 18
513; 18
514; 20
515; 20
516; 22
517; 22
518; 24
519; 24
520; 26
521; 11
522; 13
523; 13
524; 15
525; 15
526; 17
527; 17
528; 19
529; 19
530; 21
531; 21
532; 23
533; 23
534; 25
535; 25
536; 27
537; 27
538; 29
539; 29
540; 31
541; 31
542; 33
543; 33
544; 35
545; 35
546; 37
547; 53
548; 55
549; 55
550; 57
551; 57
552; 59
553; 59
554; 1
555; 1
556; 3
557; 3
558; 5
559; 5
560; 7
561; 7
562; 9
563; 9
564; 11
565; 11
566; 13
567; 13
568; 15
569; 15
570; 17
571; 17
572; 19
573; 50
574; 52
575; 52
576; 54
577; 54
578; 56
579; 56
580; 58
581; 58
582; 0
583; 0
584; 2
585; 2
586; 4
587; 4
588; 6
589; 6
590; 8
591; 8
592; 10
593; 10
594; 12
595; 12
596; 14
597; 14
598; 16
599; 10
600; 12
601; 12
602; 14
603; 14
604; 16
605; 16
606; 18
607; 18
608; 20
609; 20
610; 22
611; 22
612; 24
613; 24
614; 26
615; 26
616; 28
617; 28
618; 30
619; 30
620; 32
621; 32
622; 34
623; 34
624; 36
625; 0
626; 2
627; 2
628; 4
629; 4
630; 6
631; 6
632; 8
633; 8
634; 10
635; 10
636; 12
637; 12
638; 14
639; 14
640; 16
641; 16
642; 18
643; 18
644; 20
645; 20
646; 22
647; 22
648; 24
649; 24
650; 26
651; 0
652; 2
653; 2
654; 4
655; 4
656; 6
657; 6
658; 8
659; 8
660; 10
661; 10
662; 12
663; 12
664; 14
665; 14
666; 16
667; 16
668; 18
669; 18
670; 20
671; 20
672; 22
673; 22
674; 24
675; 24
676; 26
677; 0
678; 2
679; 2
680; 4
681; 4
682; 6
683; 6
684; 8
685; 8
686; 10
687; 10
688; 12
689; 12
690; 14
691; 14
692; 16
693; 16
694; 18
695; 18
696; 20
697; 20
698; 22
699; 22
700; 24
701; 24
702; 26
703; 0
704; 2
705; 2
706; 4
707; 4
708; 6
709; 6
710; 8
711; 8
712; 10
713; 10
714; 12
715; 12
716; 14
717; 14
718; 16
719; 16
720; 18
721; 18
722; 20
723; 20
724; 22
725; 22
726; 24
727; 24
728; 26
729; 50
730; 52
731; 52
732; 54
733; 54
734; 56
735; 56
736; 58
737; 58
738; 0
739; 0
740; 2
741; 2
742; 4
743; 4
744; 6
745; 6
746; 8
747; 8
748; 10
749; 10
750; 12
751; 12
752; 14
753; 14
754; 16
755; 10
756; 12
757; 12
758; 14
759; 14
760; 16
761; 16
762; 18
763; 18
764; 20
765; 20
766; 22
767; 22
768; 24
769; 24
770; 26
771; 26
772; 28
773; 28
774; 30
775; 30
776; 32
777; 32
778; 34
779; 34
780; 36
781; 0
782; 2
783; 2
784; 4
785; 4
786; 6
787; 6
788; 8
789; 8
790; 10
791; 10
792; 12
793; 12
794; 14
795; 14
796; 16
797; 16
798; 18
799; 18
800; 20
801; 20
802; 22
803; 22
804; 24
805; 24
806; 26
807; 10
808; 12
809; 12
810; 14
811; 14
812; 16
813; 16
814; 18
815; 18
816; 20
817; 20
818; 22
819; 22
820; 24
821; 24
822; 26
823; 26
824; 28
825; 28
826; 30
827; 30
828; 32
829; 32
830; 34
831; 34
832; 36
833; 7
834; 9
835; 9
836; 11
837; 11
838; 13
839; 13
840; 15
841; 15
842; 17
843; 17
844; 19
845; 19
846; 21
847; 21
848; 23
849; 23
850; 25
851; 25
852; 27
853; 27
854; 29
855; 29
856; 31
857; 31
858; 33
859; 53
860; 55
861; 55
862; 57
863; 57
864; 59
865; 59
866; 1
867; 1
868; 3
869; 3
870; 5
871; 5
872; 7
873; 7
874; 9
875; 9
876; 11
877; 11
878; 13
879; 13
880; 15
881; 15
882; 17
883; 17
884; 19
885; 0
886; 2
887; 2
888; 4
889; 4
890; 6
891; 6
892; 8
893; 8
894; 10
895; 10
896; 12
897; 12
898; 14
899; 14
900; 16
901; 16
902; 18
903; 18
904; 20
905; 20
906; 22
907; 22
908; 24
909; 24
910; 26
911; 0
912; 2
913; 2
914; 4
915; 4
916; 6
917; 6
918; 8
919; 8
920; 10
921; 10
922; 12
923; 12
924; 14
925; 14
926; 16
927; 16
928; 18
929; 18
930; 20
931; 20
932; 22
933; 22
934; 24
935; 24
936; 26
937; 41
938; 43
939; 43
940; 45
941; 45
942; 47
943; 47
944; 49
945; 49
946; 51
947; 51
948; 53
949; 53
950; 55
951; 55
952; 57
953; 57
954; 59
955; 59
956; 1
957; 1
958; 3
959; 3
960; 5
961; 5
962; 7
963; 7
964; 9
965; 9
966; 11
967; 11
968; 13
969; 13
970; 15
971; 15
972; 17
973; 17
974; 19
975; 19
976; 21
977; 21
978; 23
979; 23
980; 25
981; 25
982; 27
983; 27
984; 29
985; 29
986; 31
987; 31
988; 33
989; 0
990; 2
991; 2
992; 4
993; 4
994; 6
995; 6
996; 8
997; 8
998; 10
999; 10
1000; 12
1001; 12
1002; 14
1003; 14
1004; 16
1005; 16
1006; 18
1007; 18
1008; 20
1009; 20
1010; 22
1011; 22
1012; 24
1013; 24
1014; 26
1015; 0
1016; 2
1017; 2
1018; 4
1019; 4
1020; 6
1021; 6
1022; 8
1023; 8
1024; 10
1025; 10
1026; 12
1027; 12
1028; 14
1029; 14
1030; 16
1031; 16
1032; 18
1033; 18
1034; 20
1035; 20
1036; 22
1037; 22
1038; 24
1039; 24
1040; 26
1041; 0
1042; 2
1043; 2
1044; 4
1045; 4
1046; 6
1047; 6
1048; 8
1049; 8
1050; 10
1051; 10
1052; 12
1053; 12
1054; 14
1055; 14
1056; 16
1057; 16
1058; 18
1059; 18
1060; 20
1061; 20
1062; 22
1063; 22
1064; 24
1065; 24
1066; 26
1067; 56
1068; 58
1069; 58
1070; 0
1071; 0
1072; 2
1073; 2
1074; 4
1075; 4
1076; 6
1077; 6
1078; 8
1079; 8
1080; 10
1081; 10
1082; 12
1083; 12
1084; 14
1085; 14
1086; 16
1087; 16
1088; 18
1089; 18
1090; 20
1091; 20
1092; 22
1093; 0
1094; 2
1095; 2
1096; 4
1097; 4
1098; 6
1099; 6
1100; 8
1101; 8
1102; 10
1103; 10
1104; 12
1105; 12
1106; 14
1107; 14
1108; 16
1109; 16
1110; 18
1111; 18
1112; 20
1113; 20
1114; 22
1115; 22
1116; 24
1117; 24
1118; 26
1119; 10
1120; 12
1121; 12
1122; 14
1123; 14
1124; 16
1125; 16
1126; 18
1127; 18
1128; 20
1129; 20
1130; 22
1131; 22
1132; 24
1133; 24
1134; 26
1135; 26
1136; 28
1137; 28
1138; 30
1139; 30
1140; 32
1141; 32
1142; 34
1143; 34
1144; 36
1145; 0
1146; 2
1147; 2
1148; 4
1149; 4
1150; 6
1151; 6
1152; 8
1153; 8
1154; 10
1155; 10
1156; 12
1157; 12
1158; 14
1159; 14
1160; 16
1161; 16
1162; 18
1163; 18
1164; 20
1165; 20
1166; 22
1167; 22
1168; 24
1169; 24
1170; 26
1171; 13
1172; 15
1173; 15
1174; 17
1175; 17
1176; 19
1177; 19
1178; 21
1179; 21
1180; 23
1181; 23
1182; 25
1183; 25
1184; 27
1185; 27
1186; 29
1187; 29
1188; 31
1189; 31
1190; 33
1191; 33
1192; 35
1193; 35
1194; 37
1195; 37
1196; 39
1197; 0
1198; 2
1199; 2
1200; 4
1201; 4
1202; 6
1203; 6
1204; 8
1205; 8
1206; 10
1207; 10
1208; 12
1209; 12
1210; 14
1211; 14
1212; 16
1213; 16
1214; 18
1215; 18
1216; 20
1217; 20
1218; 22
1219; 22
1220; 24
1221; 24
1222; 26
1223; 0
1224; 2
1225; 2
1226; 4
1227; 4
1228; 6
1229; 6
1230; 8
1231; 8
1232; 10
1233; 10
1234; 12
1235; 12
1236; 14
1237; 14
1238; 16
1239; 16
1240; 18
1241; 18
1242; 20
1243; 20
1244; 22
1245; 22
1246; 24
1247; 24
1248; 26
1249; 53
1250; 55
1251; 55
1252; 57
1253; 57
1254; 59
1255; 59
1256; 1
1257; 1
1258; 3
1259; 3
1260; 5
1261; 5
1262; 7
1263; 7
1264; 9
1265; 9
1266; 11
1267; 11
1268; 13
1269; 13
1270; 15
1271; 15
1272; 17
1273; 17
1274; 19
1275; 0
1276; 2
1277; 2
1278; 4
1279; 4
1280; 6
1281; 6
1282; 8
1283; 8
1284; 10
1285; 10
1286; 12
1287; 12
1288; 14
1289; 14
1290; 16
1291; 16
1292; 18
1293; 18
1294; 20
1295; 20
1296; 22
1297; 22
1298; 24
1299; 24
1300; 26
1301; 0
1302; 2
1303; 2
1304; 4
1305; 4
1306; 6
1307; 6
1308; 8
1309; 8
1310; 10
1311; 10
1312; 12
1313; 12
1314; 14
1315; 14
1316; 16
1317; 16
1318; 18
1319; 18
1320; 20
1321; 20
1322; 22
1323; 22
1324; 24
1325; 24
1326; 26
1327; 0
1328; 2
1329; 2
1330; 4
1331; 4
1332; 6
1333; 6
1334; 8
1335; 8
1336; 10
1337; 10
1338; 12
1339; 12
1340; 14
1341; 14
1342; 16
1343; 16
1344; 18
1345; 18
1346; 20
1347; 20
1348; 22
1349; 22
1350; 24
1351; 24
1352; 26
1353; 42
1354; 45
1355; 45
1356; 48
1357; 48
1358; 50
1359; 50
1360; 52
1361; 52
1362; 54
1363; 54
1364; 56
1365; 56
1366; 4
1367; 4
1368; 12
1369; 12
1370; 20
1371; 20
1372; 28
1373; 28
1374; 36
1375; 36
1376; 38
1377; 0
1378; 2
1379; 2
1380; 10
1381; 10
1382; 18
1383; 18
1384; 26
1385; 26
1386; 34
1387; 34
1388; 42
1389; 42
1390; 44
1391; 44
1392; 46
1393; 46
1394; 48
1395; 48
1396; 50
1397; 50
1398; 53
1399; 53
1400; 56
1401; 0
1402; 2
1403; 2
1404; 4
1405; 4
1406; 6
1407; 6
1408; 8
1409; 8
1410; 10
1411; 10
1412; 12
1413; 12
1414; 14
1415; 14
1416; 16
1417; 16
1418; 18
1419; 18
1420; 20
1421; 20
1422; 22
1423; 22
1424; 24
1425; 7
1426; 9
1427; 9
1428; 11
1429; 11
1430; 13
1431; 13
1432; 15
1433; 15
1434; 17
1435; 17
1436; 19
1437; 19
1438; 21
1439; 21
1440; 23
1441; 23
1442; 25
1443; 25
1444; 27
1445; 27
1446; 29
1447; 29
1448; 31
1449; 0
1450; 2
1451; 2
1452; 4
1453; 4
1454; 6
1455; 6
1456; 8
1457; 8
1458; 10
1459; 10
1460; 12
1461; 12
1462; 14
1463; 14
1464; 16
1465; 16
1466; 18
1467; 18
1468; 20
1469; 20
1470; 22
1471; 22
1472; 24
1473; 0
1474; 2
1475; 2
1476; 4
1477; 4
1478; 6
1479; 6
1480; 8
1481; 8
1482; 10
1483; 10
1484; 12
1485; 12
1486; 14
1487; 14
1488; 16
1489; 16
1490; 18
1491; 18
1492; 20
1493; 20
1494; 22
1495; 22
1496; 24
1497; 12
1498; 14
1499; 14
1500; 16
1501; 16
1502; 18
1503; 18
1504; 20
1505; 20
1506; 22
1507; 22
1508; 24
1509; 24
1510; 26
1511; 26
1512; 28
1513; 28
1514; 30
1515; 30
1516; 32
1517; 32
1518; 34
1519; 34
1520; 36
1521; 0
1522; 2
1523; 2
1524; 4
1525; 4
1526; 6
1527; 6
1528; 8
1529; 8
1530; 10
1531; 10
1532; 12
1533; 12
1534; 14
1535; 14
1536; 16
1537; 16
1538; 18
1539; 18
1540; 20
1541; 20
1542; 22
1543; 22
1544; 24
1545; 0
1546; 2
1547; 2
1548; 4
1549; 4
1550; 6
1551; 6
1552; 8
1553; 8
1554; 10
1555; 10
1556; 12
1557; 12
1558; 14
1559; 14
1560; 16
1561; 16
1562; 18
1563; 18
1564; 20
1565; 20
1566; 22
1567; 22
1568; 24
1569; 9
1570; 11
1571; 11
1572; 13
1573; 13
1574; 15
1575; 15
1576; 17
1577; 17
1578; 19
1579; 19
1580; 21
1581; 21
1582; 23
1583; 23
1584; 25
1585; 25
1586; 27
1587; 27
1588; 29
1589; 29
1590; 31
1591; 31
1592; 33
1593; 3
1594; 5
1595; 5
1596; 7
1597; 7
1598; 9
1599; 9
1600; 11
1601; 11
1602; 13
1603; 13
1604; 15
1605; 15
1606; 17
1607; 17
1608; 19
1609; 19
1610; 21
1611; 21
1612; 23
1613; 23
1614; 25
1615; 25
1616; 27
1617; 56
1618; 58
1619; 58
1620; 0
1621; 0
1622; 2
1623; 2
1624; 4
1625; 4
1626; 6
1627; 6
1628; 8
1629; 8
1630; 10
1631; 10
1632; 12
1633; 12
1634; 14
1635; 14
1636; 16
1637; 16
1638; 18
1639; 18
1640; 20
1641; 0
1642; 2
1643; 2
1644; 4
1645; 4
1646; 6
1647; 6
1648; 8
1649; 8
1650; 10
1651; 10
1652; 12
1653; 12
1654; 14
1655; 14
1656; 16
1657; 16
1658; 18
1659; 18
1660; 20
1661; 20
1662; 22
1663; 22
1664; 24
1665; 0
1666; 2
1667; 2
1668; 4
1669; 4
1670; 6
1671; 6
1672; 8
1673; 8
1674; 10
1675; 10
1676; 12
1677; 12
1678; 14
1679; 14
1680; 16
1681; 16
1682; 18
1683; 18
1684; 20
1685; 20
1686; 22
1687; 22
1688; 24
1689; 9
1690; 11
1691; 11
1692; 13
1693; 13
1694; 15
1695; 15
1696; 17
1697; 17
1698; 19
1699; 19
1700; 21
1701; 21
1702; 23
1703; 23
1704; 25
1705; 25
1706; 27
1707; 27
1708; 29
1709; 29
1710; 31
1711; 31
1712; 33
1713; 0
1714; 2
1715; 2
1716; 4
1717; 4
1718; 6
1719; 6
1720; 8
1721; 8
1722; 10
1723; 10
1724; 12
1725; 12
1726; 14
1727; 14
1728; 16
1729; 16
1730; 18
1731; 18
1732; 20
1733; 20
1734; 22
1735; 22
1736; 24
1737; 0
1738; 2
1739; 2
1740; 4
1741; 4
1742; 6
1743; 6
1744; 8
1745; 8
1746; 10
1747; 10
1748; 12
1749; 12
1750; 14
1751; 14
1752; 16
1753; 16
1754; 18
1755; 18
1756; 20
1757; 20
1758; 22
1759; 22
1760; 24
1761; 12
1762; 14
1763; 14
1764; 16
1765; 16
1766; 18
1767; 18
1768; 20
1769; 20
1770; 22
1771; 22
1772; 24
1773; 24
1774; 26
1775; 26
1776; 28
1777; 28
1778; 30
1779; 30
1780; 32
1781; 32
1782; 34
1783; 34
1784; 36
1785; 0
1786; 2
1787; 2
1788; 4
1789; 4
1790; 6
1791; 6
1792; 8
1793; 8
1794; 10
1795; 10
1796; 12
1797; 12
1798; 14
1799; 14
1800; 16
1801; 16
1802; 18
1803; 18
1804; 20
1805; 20
1806; 22
1807; 22
1808; 24
1809; 53
1810; 55
1811; 55
1812; 57
1813; 57
1814; 59
1815; 59
1816; 1
1817; 1
1818; 3
1819; 3
1820; 5
1821; 5
1822; 7
1823; 7
1824; 9
1825; 9
1826; 11
1827; 11
1828; 13
1829; 13
1830; 15
1831; 15
1832; 17
1833; 0
1834; 2
1835; 2
1836; 4
1837; 4
1838; 6
1839; 6
1840; 8
1841; 8
1842; 10
1843; 10
1844; 12
1845; 12
1846; 14
1847; 14
1848; 16
1849; 16
1850; 18
1851; 18
1852; 20
1853; 20
1854; 22
1855; 22
1856; 24
1857; 53
1858; 55
1859; 55
1860; 57
1861; 57
1862; 59
1863; 59
1864; 1
1865; 1
1866; 3
1867; 3
1868; 5
1869; 5
1870; 7
1871; 7
1872; 9
1873; 9
1874; 11
1875; 11
1876; 13
1877; 13
1878; 15
1879; 15
1880; 17
1881; 0
1882; 2
1883; 2
1884; 4
1885; 4
1886; 6
1887; 6
1888; 8
1889; 8
1890; 10
1891; 10
1892; 12
1893; 12
1894; 14
1895; 14
1896; 16
1897; 16
1898; 18
1899; 18
1900; 20
1901; 20
1902; 22
1903; 22
1904; 24
1905; 0
1906; 2
1907; 2
1908; 4
1909; 4
1910; 6
1911; 6
1912; 8
1913; 8
1914; 10
1915; 10
1916; 12
1917; 12
1918; 14
1919; 14
1920; 16
1921; 16
1922; 18
1923; 18
1924; 20
1925; 20
1926; 22
1927; 22
1928; 24
1929; 15
1930; 17
1931; 17
1932; 19
1933; 19
1934; 21
1935; 21
1936; 23
1937; 23
1938; 25
1939; 25
1940; 27
1941; 27
1942; 29
1943; 29
1944; 31
1945; 31
1946; 33
1947; 33
1948; 35
1949; 35
1950; 37
1951; 37
1952; 39
1953; 0
1954; 2
1955; 2
1956; 4
1957; 4
1958; 6
1959; 6
1960; 8
1961; 8
1962; 10
1963; 10
1964; 12
1965; 12
1966; 14
1967; 14
1968; 16
1969; 16
1970; 18
1971; 18
1972; 20
1973; 20
1974; 22
1975; 22
1976; 24
1977; 9
1978; 11
1979; 11
1980; 13
1981; 13
1982; 15
1983; 15
1984; 17
1985; 17
1986; 19
1987; 19
1988; 21
1989; 21
1990; 23
1991; 23
1992; 25
1993; 25
1994; 27
1995; 27
1996; 29
1997; 29
1998; 31
1999; 31
2000; 33
2001; 0
2002; 2
2003; 2
2004; 4
2005; 4
2006; 6
2007; 6
2008; 8
2009; 8
2010; 10
2011; 10
2012; 12
2013; 12
2014; 14
2015; 14
2016; 16
2017; 16
2018; 18
2019; 18
2020; 20
2021; 20
2022; 22
2023; 22
2024; 24
2025; 0
2026; 2
2027; 2
2028; 4
2029; 4
2030; 6
2031; 6
2032; 8
2033; 8
2034; 10
2035; 10
2036; 12
2037; 12
2038; 14
2039; 14
2040; 16
2041; 16
2042; 18
2043; 18
2044; 20
2045; 20
2046; 22
2047; 22
2048; 24
2049; 0
2050; 2
2051; 2
2052; 4
2053; 4
2054; 6
2055; 6
2056; 8
2057; 8
2058; 10
2059; 10
2060; 12
2061; 12
2062; 14
2063; 14
2064; 16
2065; 16
2066; 18
2067; 18
2068; 20
2069; 20
2070; 22
2071; 22
2072; 24
2073; 43
2074; 45
2075; 45
2076; 47
2077; 47
2078; 49
2079; 49
2080; 51
2081; 51
2082; 53
2083; 53
2084; 55
2085; 55
2086; 57
2087; 57
2088; 59
2089; 59
2090; 1
2091; 1
2092; 3
2093; 3
2094; 5
2095; 5
2096; 7
2097; 12
2098; 14
2099; 14
2100; 16
2101; 16
2102; 18
2103; 18
2104; 20
2105; 20
2106; 22
2107; 22
2108; 24
2109; 24
2110; 26
2111; 26
2112; 28
2113; 28
2114; 30
2115; 30
2116; 32
2117; 32
2118; 34
2119; 34
2120; 36
2121; 0
2122; 2
2123; 2
2124; 4
2125; 4
2126; 6
2127; 6
2128; 8
2129; 8
2130; 10
2131; 10
2132; 12
2133; 12
2134; 14
2135; 14
2136; 16
2137; 16
2138; 18
2139; 18
2140; 20
2141; 20
2142; 22
2143; 22
2144; 24
2145; 0
2146; 2
2147; 2
2148; 4
2149; 4
2150; 6
2151; 6
2152; 8
2153; 8
2154; 10
2155; 10
2156; 12
2157; 12
2158; 14
2159; 14
2160; 16
2161; 16
2162; 18
2163; 18
2164; 20
2165; 20
2166; 22
2167; 22
2168; 24
2169; 53
2170; 55
2171; 55
2172; 57
2173; 57
2174; 59
2175; 59
2176; 1
2177; 1
2178; 3
2179; 3
2180; 5
2181; 5
2182; 7
2183; 7
2184; 9
2185; 9
2186; 11
2187; 11
2188; 13
2189; 13
2190; 15
2191; 15
2192; 17
2193; 0
2194; 2
2195; 2
2196; 4
2197; 4
2198; 6
2199; 6
2200; 8
2201; 8
2202; 10
2203; 10
2204; 12
2205; 12
2206; 14
2207; 14
2208; 16
2209; 16
2210; 18
2211; 18
2212; 20
2213; 20
2214; 22
2215; 22
2216; 24
2217; 53
2218; 55
2219; 55
2220; 57
2221; 57
2222; 59
2223; 59
2224; 1
2225; 1
2226; 3
2227; 3
2228; 5
2229; 5
2230; 7
2231; 7
2232; 9
2233; 9
2234; 11
2235; 11
2236; 13
2237; 13
2238; 15
2239; 15
2240; 17
2241; 0
2242; 2
2243; 2
2244; 4
2245; 4
2246; 6
2247; 6
2248; 8
2249; 8
2250; 10
2251; 10
2252; 12
2253; 12
2254; 14
2255; 14
2256; 16
2257; 16
2258; 18
2259; 18
2260; 20
2261; 20
2262; 22
2263; 22
2264; 24
2265; 9
2266; 11
2267; 11
2268; 13
2269; 13
2270; 15
2271; 15
2272; 17
2273; 17
2274; 19
2275; 19
2276; 21
2277; 21
2278; 23
2279; 23
2280; 25
2281; 25
2282; 27
2283; 27
2284; 29
2285; 29
2286; 31
2287; 31
2288; 33
2289; 2
2290; 4
2291; 4
2292; 6
2293; 6
2294; 8
2295; 8
2296; 10
2297; 10
2298; 12
2299; 12
2300; 14
2301; 14
2302; 16
2303; 16
2304; 18
2305; 18
2306; 20
2307; 20
2308; 22
2309; 22
2310; 24
2311; 24
2312; 26
2313; 53
2314; 55
2315; 55
2316; 57
2317; 57
2318; 59
2319; 59
2320; 1
2321; 1
2322; 3
2323; 3
2324; 5
2325; 5
2326; 7
2327; 7
2328; 9
2329; 9
2330; 11
2331; 11
2332; 13
2333; 13
2334; 15
2335; 15
2336; 17
2337; 0
2338; 2
2339; 2
2340; 4
2341; 4
2342; 6
2343; 6
2344; 8
2345; 8
2346; 10
2347; 10
2348; 12
2349; 12
2350; 14
2351; 14
2352; 16
2353; 16
2354; 18
2355; 18
2356; 20
2357; 20
2358; 22
2359; 22
2360; 24
2361; 0
2362; 5
2363; 5
2364; 10
2365; 10
2366; 12
2367; 12
2368; 18
2369; 18
2370; 24
2371; 24
2372; 30
2373; 30
2374; 36
2375; 36
2376; 38
2377; 38
2378; 40
2379; 40
2380; 48
2381; 48
2382; 56
2383; 0
2384; 8
2385; 8
2386; 16
2387; 16
2388; 18
2389; 18
2390; 20
2391; 20
2392; 26
2393; 26
2394; 32
2395; 32
2396; 38
2397; 38
2398; 44
2399; 44
2400; 46
2401; 46
2402; 51
2403; 51
2404; 56
2405; 0
2406; 2
2407; 2
2408; 4
2409; 4
2410; 6
2411; 6
2412; 8
2413; 8
2414; 10
2415; 10
2416; 12
2417; 12
2418; 14
2419; 14
2420; 16
2421; 16
2422; 18
2423; 18
2424; 20
2425; 20
2426; 22
2427; 0
2428; 2
2429; 2
2430; 4
2431; 4
2432; 6
2433; 6
2434; 8
2435; 8
2436; 10
2437; 10
2438; 12
2439; 12
2440; 14
2441; 14
2442; 16
2443; 16
2444; 18
2445; 18
2446; 20
2447; 20
2448; 22
2449; 0
2450; 2
2451; 2
2452; 4
2453; 4
2454; 6
2455; 6
2456; 8
2457; 8
2458; 10
2459; 10
2460; 12
2461; 12
2462; 14
2463; 14
2464; 16
2465; 16
2466; 18
2467; 18
2468; 20
2469; 20
2470; 22
2471; 13
2472; 15
2473; 15
2474; 17
2475; 17
2476; 19
2477; 19
2478; 21
2479; 21
2480; 23
2481; 23
2482; 25
2483; 25
2484; 27
2485; 27
2486; 29
2487; 29
2488; 31
2489; 31
2490; 33
2491; 33
2492; 35
2493; 0
2494; 2
2495; 2
2496; 4
2497; 4
2498; 6
2499; 6
2500; 8
2501; 8
2502; 10
2503; 10
2504; 12
2505; 12
2506; 14
2507; 14
2508; 16
2509; 16
2510; 18
2511; 18
2512; 20
2513; 20
2514; 22
2515; 0
2516; 2
2517; 2
2518; 4
2519; 4
2520; 6
2521; 6
2522; 8
2523; 8
2524; 10
2525; 10
2526; 12
2527; 12
2528; 14
2529; 14
2530; 16
2531; 16
2532; 18
2533; 18
2534; 20
2535; 20
2536; 22
2537; 54
2538; 56
2539; 56
2540; 58
2541; 58
2542; 0
2543; 0
2544; 2
2545; 2
2546; 4
2547; 4
2548; 6
2549; 6
2550; 8
2551; 8
2552; 10
2553; 10
2554; 12
2555; 12
2556; 14
2557; 14
2558; 16
2559; 0
2560; 2
2561; 2
2562; 4
2563; 4
2564; 6
2565; 6
2566; 8
2567; 8
2568; 10
2569; 10
2570; 12
2571; 12
2572; 14
2573; 14
2574; 16
2575; 16
2576; 18
2577; 18
2578; 20
2579; 20
2580; 22
2581; 35
2582; 37
2583; 37
2584; 39
2585; 39
2586; 41
2587; 41
2588; 43
2589; 43
2590; 45
2591; 45
2592; 47
2593; 47
2594; 49
2595; 49
2596; 51
2597; 51
2598; 53
2599; 53
2600; 55
2601; 55
2602; 57
2603; 0
2604; 2
2605; 2
2606; 4
2607; 4
2608; 6
2609; 6
2610; 8
2611; 8
2612; 10
2613; 10
2614; 12
2615; 12
2616; 14
2617; 14
2618; 16
2619; 16
2620; 18
2621; 18
2622; 20
2623; 20
2624; 22
2625; 0
2626; 2
2627; 2
2628; 4
2629; 4
2630; 6
2631; 6
2632; 8
2633; 8
2634; 10
2635; 10
2636; 12
2637; 12
2638; 14
2639; 14
2640; 16
2641; 16
2642; 18
2643; 18
2644; 20
2645; 20
2646; 22
2647; 0
2648; 2
2649; 2
2650; 4
2651; 4
2652; 6
2653; 6
2654; 8
2655; 8
2656; 10
2657; 10
2658; 12
2659; 12
2660; 14
2661; 14
2662; 16
2663; 16
2664; 18
2665; 18
2666; 20
2667; 20
2668; 22
2669; 0
2670; 2
2671; 2
2672; 4
2673; 4
2674; 6
2675; 6
2676; 8
2677; 8
2678; 10
2679; 10
2680; 12
2681; 12
2682; 14
2683; 14
2684; 16
2685; 16
2686; 18
2687; 18
2688; 20
2689; 20
2690; 22
2691; 0
2692; 2
2693; 2
2694; 4
2695; 4
2696; 6
2697; 6
2698; 8
2699; 8
2700; 10
2701; 10
2702; 12
2703; 12
2704; 14
2705; 14
2706; 16
2707; 16
2708; 18
2709; 18
2710; 20
2711; 20
2712; 22
2713; 0
2714; 2
2715; 2
2716; 4
2717; 4
2718; 6
2719; 6
2720; 8
2721; 8
2722; 10
2723; 10
2724; 12
2725; 12
2726; 14
2727; 14
2728; 16
2729; 16
2730; 18
2731; 18
2732; 20
2733; 20
2734; 22
2735; 15
2736; 17
2737; 17
2738; 19
2739; 19
2740; 21
2741; 21
2742; 23
2743; 23
2744; 25
2745; 25
2746; 27
2747; 27
2748; 29
2749; 29
2750; 31
2751; 31
2752; 33
2753; 33
2754; 35
2755; 35
2756; 37
2757; 14
2758; 16
2759; 16
2760; 18
2761; 18
2762; 20
2763; 20
2764; 22
2765; 22
2766; 24
2767; 24
2768; 26
2769; 26
2770; 28
2771; 28
2772; 30
2773; 30
2774; 32
2775; 32
2776; 34
2777; 34
2778; 36
2779; 0
2780; 2
2781; 2
2782; 4
2783; 4
2784; 6
2785; 6
2786; 8
2787; 8
2788; 10
2789; 10
2790; 12
2791; 12
2792; 14
2793; 14
2794; 16
2795; 16
2796; 18
2797; 18
2798; 20
2799; 20
2800; 22
2801; 0
2802; 2
2803; 2
2804; 4
2805; 4
2806; 6
2807; 6
2808; 8
2809; 8
2810; 10
2811; 10
2812; 12
2813; 12
2814; 14
2815; 14
2816; 16
2817; 16
2818; 18
2819; 18
2820; 20
2821; 20
2822; 22
2823; 0
2824; 2
2825; 2
2826; 4
2827; 4
2828; 6
2829; 6
2830; 8
2831; 8
2832; 10
2833; 10
2834; 12
2835; 12
2836; 14
2837; 14
2838; 16
2839; 16
2840; 18
2841; 18
2842; 20
2843; 20
2844; 22
2845; 0
2846; 2
2847; 2
2848; 4
2849; 4
2850; 6
2851; 6
2852; 8
2853; 8
2854; 10
2855; 10
2856; 12
2857; 12
2858; 15
2859; 15
2860; 18
2861; 18
2862; 21
2863; 21
2864; 24
2865; 24
2866; 27
2867; 0
2868; 3
2869; 3
2870; 6
2871; 6
2872; 9
2873; 9
2874; 12
2875; 12
2876; 15
2877; 15
2878; 17
2879; 17
2880; 19
2881; 19
2882; 21
2883; 21
2884; 23
2885; 23
2886; 25
2887; 25
2888; 27
2889; 50
2890; 52
2891; 52
2892; 54
2893; 54
2894; 56
2895; 56
2896; 58
2897; 58
2898; 0
2899; 0
2900; 2
2901; 2
2902; 4
2903; 4
2904; 6
2905; 6
2906; 8
2907; 8
2908; 10
2909; 10
2910; 12
2911; 0
2912; 2
2913; 2
2914; 4
2915; 4
2916; 6
2917; 6
2918; 8
2919; 8
2920; 10
2921; 10
2922; 12
2923; 12
2924; 14
2925; 14
2926; 16
2927; 16
2928; 18
2929; 18
2930; 20
2931; 20
2932; 22
2933; 0
2934; 8
2935; 8
2936; 16
2937; 16
2938; 24
2939; 24
2940; 32
2941; 32
2942; 40
2943; 40
2944; 42
2945; 42
2946; 49
2947; 49
2948; 56
2949; 56
2950; 3
2951; 3
2952; 5
2953; 0
2954; 2
2955; 2
2956; 9
2957; 9
2958; 16
2959; 16
2960; 23
2961; 23
2962; 25
2963; 25
2964; 33
2965; 33
2966; 41
2967; 41
2968; 49
2969; 49
2970; 57
2971; 57
2972; 5
2973; 22
2974; 25
2975; 25
2976; 28
2977; 28
2978; 30
2979; 30
2980; 32
2981; 32
2982; 34
2983; 34
2984; 36
2985; 36
2986; 38
2987; 38
2988; 43
2989; 43
2990; 48
2991; 48
2992; 53
2993; 5
2994; 10
2995; 10
2996; 15
2997; 15
2998; 20
2999; 20
3000; 22
3001; 22
3002; 24
3003; 24
3004; 26
3005; 26
3006; 28
3007; 28
3008; 30
3009; 30
3010; 33
3011; 33
3012; 36
3013; 4
3014; 7
3015; 7
3016; 10
3017; 10
3018; 12
3019; 12
3020; 14
3021; 14
3022; 17
3023; 17
3024; 20
3025; 20
3026; 22
3027; 22
3028; 24
3029; 24
3030; 30
3031; 30
3032; 36
3033; 0
3034; 6
3035; 6
3036; 12
3037; 12
3038; 14
3039; 14
3040; 16
3041; 16
3042; 19
3043; 19
3044; 22
3045; 22
3046; 24
3047; 24
3048; 26
3049; 26
3050; 29
3051; 29
3052; 32
3053; 0
3054; 2
3055; 2
3056; 4
3057; 4
3058; 6
3059; 6
3060; 8
3061; 8
3062; 10
3063; 10
3064; 12
3065; 12
3066; 14
3067; 14
3068; 16
3069; 16
3070; 17
3071; 17
3072; 18
3073; 0
3074; 1
3075; 1
3076; 2
3077; 2
3078; 4
3079; 4
3080; 6
3081; 6
3082; 8
3083; 8
3084; 10
3085; 10
3086; 12
3087; 12
3088; 14
3089; 14
3090; 16
3091; 16
3092; 18
3093; 0
3094; 2
3095; 2
3096; 4
3097; 4
3098; 6
3099; 6
3100; 8
3101; 8
3102; 10
3103; 10
3104; 12
3105; 12
3106; 14
3107; 14
3108; 16
3109; 16
3110; 18
3111; 18
3112; 20
3113; 0
3114; 2
3115; 2
3116; 4
3117; 4
3118; 6
3119; 6
3120; 8
3121; 8
3122; 10
3123; 10
3124; 12
3125; 12
3126; 14
3127; 14
3128; 16
3129; 16
3130; 18
3131; 18
3132; 20
3133; 0
3134; 2
3135; 2
3136; 4
3137; 4
3138; 6
3139; 6
3140; 8
3141; 8
3142; 10
3143; 10
3144; 13
3145; 13
3146; 15
3147; 15
3148; 17
3149; 17
3150; 20
3151; 20
3152; 23
3153; 24
3154; 27
3155; 27
3156; 30
3157; 30
3158; 32
3159; 32
3160; 34
3161; 34
3162; 37
3163; 37
3164; 39
3165; 39
3166; 41
3167; 41
3168; 43
3169; 43
3170; 45
3171; 45
3172; 47
3173; 0
3174; 2
3175; 2
3176; 4
3177; 4
3178; 6
3179; 6
3180; 8
3181; 8
3182; 10
3183; 10
3184; 12
3185; 12
3186; 14
3187; 14
3188; 16
3189; 16
3190; 17
3191; 17
3192; 18
3193; 0
3194; 1
3195; 1
3196; 2
3197; 2
3198; 4
3199; 4
3200; 6
3201; 6
3202; 8
3203; 8
3204; 10
3205; 10
3206; 12
3207; 12
3208; 14
3209; 14
3210; 16
3211; 16
3212; 18
3213; 0
3214; 2
3215; 2
3216; 4
3217; 4
3218; 6
3219; 6
3220; 8
3221; 8
3222; 10
3223; 10
3224; 12
3225; 12
3226; 14
3227; 14
3228; 16
3229; 16
3230; 18
3231; 18
3232; 20
3233; 9
3234; 11
3235; 11
3236; 13
3237; 13
3238; 15
3239; 15
3240; 17
3241; 17
3242; 19
3243; 19
3244; 21
3245; 21
3246; 23
3247; 23
3248; 25
3249; 25
3250; 27
3251; 27
3252; 29
3253; 29
3254; 31
3255; 31
3256; 33
3257; 33
3258; 35
3259; 35
3260; 37
3261; 37
3262; 42
3263; 42
3264; 47
3265; 47
3266; 49
3267; 49
3268; 51
3269; 51
3270; 55
3271; 55
3272; 59
3273; 0
3274; 4
3275; 4
3276; 8
3277; 8
3278; 10
3279; 10
3280; 12
3281; 12
3282; 17
3283; 17
3284; 22
3285; 22
3286; 24
3287; 24
3288; 26
3289; 26
3290; 28
3291; 28
3292; 30
3293; 43
3294; 45
3295; 45
3296; 51
3297; 51
3298; 53
3299; 53
3300; 58
3301; 58
3302; 0
3303; 0
3304; 3
3305; 3
3306; 6
3307; 6
3308; 9
3309; 9
3310; 11
3311; 11
3312; 13
3313; 59
3314; 1
3315; 1
3316; 3
3317; 3
3318; 6
3319; 6
3320; 9
3321; 9
3322; 12
3323; 12
3324; 14
3325; 14
3326; 19
3327; 19
3328; 21
3329; 21
3330; 27
3331; 27
3332; 29
3333; 0
3334; 2
3335; 2
3336; 4
3337; 4
3338; 6
3339; 6
3340; 8
3341; 8
3342; 10
3343; 10
3344; 12
3345; 12
3346; 14
3347; 14
3348; 16
3349; 16
3350; 18
3351; 18
3352; 20
3353; 0
3354; 2
3355; 2
3356; 4
3357; 4
3358; 6
3359; 6
3360; 8
3361; 8
3362; 10
3363; 10
3364; 12
3365; 12
3366; 14
3367; 14
3368; 16
3369; 16
3370; 18
3371; 18
3372; 20
3373; 0
3374; 2
3375; 2
3376; 4
3377; 4
3378; 6
3379; 6
3380; 8
3381; 8
3382; 10
3383; 10
3384; 13
3385; 13
3386; 15
3387; 15
3388; 17
3389; 17
3390; 20
3391; 20
3392; 23
3393; 13
3394; 16
3395; 16
3396; 19
3397; 19
3398; 21
3399; 21
3400; 23
3401; 23
3402; 26
3403; 26
3404; 28
3405; 28
3406; 30
3407; 30
3408; 32
3409; 32
3410; 34
3411; 34
3412; 36
3413; 0
3414; 2
3415; 2
3416; 4
3417; 4
3418; 6
3419; 6
3420; 8
3421; 8
3422; 10
3423; 10
3424; 12
3425; 12
3426; 14
3427; 14
3428; 16
3429; 16
3430; 17
3431; 17
3432; 18
3433; 28
3434; 29
3435; 29
3436; 30
3437; 30
3438; 32
3439; 32
3440; 34
3441; 34
3442; 36
3443; 36
3444; 38
3445; 38
3446; 40
3447; 40
3448; 42
3449; 42
3450; 44
3451; 44
3452; 46
3453; 55
3454; 57
3455; 57
3456; 59
3457; 59
3458; 1
3459; 1
3460; 3
3461; 3
3462; 5
3463; 5
3464; 7
3465; 7
3466; 9
3467; 9
3468; 11
3469; 11
3470; 13
3471; 13
3472; 14
3473; 0
3474; 1
3475; 1
3476; 3
3477; 3
3478; 5
3479; 5
3480; 7
3481; 7
3482; 9
3483; 9
3484; 11
3485; 11
3486; 13
3487; 13
3488; 15
3489; 15
3490; 17
3491; 17
3492; 19
3493; 31
3494; 33
3495; 33
3496; 40
3497; 40
3498; 42
3499; 42
3500; 44
3501; 44
3502; 49
3503; 49
3504; 51
3505; 51
3506; 54
3507; 54
3508; 57
3509; 57
3510; 0
3511; 0
3512; 2
3513; 10
3514; 12
3515; 12
3516; 15
3517; 15
3518; 18
3519; 18
3520; 21
3521; 21
3522; 23
3523; 23
3524; 28
3525; 28
3526; 30
3527; 30
3528; 32
3529; 32
3530; 39
3531; 39
3532; 41
3533; 0
3534; 2
3535; 2
3536; 4
3537; 4
3538; 6
3539; 6
3540; 8
3541; 8
3542; 10
3543; 10
3544; 12
3545; 12
3546; 14
3547; 14
3548; 16
3549; 16
3550; 17
3551; 17
3552; 18
3553; 21
3554; 22
3555; 22
3556; 23
3557; 23
3558; 25
3559; 25
3560; 27
3561; 27
3562; 29
3563; 29
3564; 31
3565; 31
3566; 33
3567; 33
3568; 35
3569; 35
3570; 37
3571; 37
3572; 39
3573; 0
3574; 2
3575; 2
3576; 4
3577; 4
3578; 6
3579; 6
3580; 8
3581; 8
3582; 10
3583; 10
3584; 12
3585; 12
3586; 14
3587; 14
3588; 16
3589; 16
3590; 18
3591; 18
3592; 19
3593; 0
3594; 1
3595; 1
3596; 3
3597; 3
3598; 5
3599; 5
3600; 7
3601; 7
3602; 9
3603; 9
3604; 11
3605; 11
3606; 13
3607; 13
3608; 15
3609; 15
3610; 17
3611; 17
3612; 19
3613; 59
3614; 1
3615; 1
3616; 3
3617; 3
3618; 5
3619; 5
3620; 7
3621; 7
3622; 9
3623; 9
3624; 11
3625; 11
3626; 13
3627; 13
3628; 15
3629; 15
3630; 17
3631; 17
3632; 18
3633; 0
3634; 1
3635; 1
3636; 3
3637; 3
3638; 5
3639; 5
3640; 7
3641; 7
3642; 9
3643; 9
3644; 11
3645; 11
3646; 13
3647; 13
3648; 15
3649; 15
3650; 17
3651; 17
3652; 19
3653; 0
3654; 2
3655; 2
3656; 4
3657; 4
3658; 6
3659; 6
3660; 8
3661; 8
3662; 10
3663; 10
3664; 12
3665; 12
3666; 14
3667; 14
3668; 16
3669; 16
3670; 17
3671; 17
3672; 18
3673; 16
3674; 17
3675; 17
3676; 18
3677; 18
3678; 20
3679; 20
3680; 22
3681; 22
3682; 24
3683; 24
3684; 26
3685; 26
3686; 28
3687; 28
3688; 30
3689; 30
3690; 32
3691; 32
3692; 34
3693; 2
3694; 4
3695; 4
3696; 6
3697; 6
3698; 8
3699; 8
3700; 10
3701; 10
3702; 12
3703; 12
3704; 14
3705; 14
3706; 16
3707; 16
3708; 18
3709; 18
3710; 20
3711; 20
3712; 21
3713; 0
3714; 1
3715; 1
3716; 3
3717; 3
3718; 5
3719; 5
3720; 7
3721; 7
3722; 9
3723; 9
3724; 11
3725; 11
3726; 13
3727; 13
3728; 15
3729; 15
3730; 17
3731; 17
3732; 19
3733; 0
3734; 2
3735; 2
3736; 4
3737; 4
3738; 6
3739; 6
3740; 8
3741; 8
3742; 10
3743; 10
3744; 12
3745; 12
3746; 14
3747; 14
3748; 16
3749; 16
3750; 18
3751; 18
3752; 20
3753; 0
3754; 2
3755; 2
3756; 4
3757; 4
3758; 6
3759; 6
3760; 8
3761; 8
3762; 10
3763; 10
3764; 12
3765; 12
3766; 14
3767; 14
3768; 16
3769; 16
3770; 18
3771; 18
3772; 20
3773; 0
3774; 2
3775; 2
3776; 4
3777; 4
3778; 6
3779; 6
3780; 8
3781; 8
3782; 10
3783; 10
3784; 12
3785; 12
3786; 14
3787; 14
3788; 16
3789; 16
3790; 17
3791; 17
3792; 18
3793; 0
3794; 1
3795; 1
3796; 2
3797; 2
3798; 4
3799; 4
3800; 6
3801; 6
3802; 8
3803; 8
3804; 10
3805; 10
3806; 12
3807; 12
3808; 14
3809; 14
3810; 16
3811; 16
3812; 18
3813; 57
3814; 59
3815; 59
3816; 1
3817; 1
3818; 3
3819; 3
3820; 5
3821; 5
3822; 7
3823; 7
3824; 9
3825; 9
3826; 11
3827; 11
3828; 13
3829; 13
3830; 15
3831; 15
3832; 17
3833; 12
3834; 14
3835; 14
3836; 16
3837; 16
3838; 18
3839; 18
3840; 20
3841; 20
3842; 22
3843; 22
3844; 24
3845; 24
3846; 26
3847; 26
3848; 28
3849; 28
3850; 30
3851; 30
3852; 32
3853; 0
3854; 3
3855; 3
3856; 6
3857; 6
3858; 8
3859; 8
3860; 10
3861; 10
3862; 12
3863; 12
3864; 14
3865; 14
3866; 22
3867; 22
3868; 30
3869; 30
3870; 32
3871; 25
3872; 27
3873; 27
3874; 35
3875; 35
3876; 43
3877; 43
3878; 45
3879; 45
3880; 47
3881; 47
3882; 49
3883; 49
3884; 51
3885; 51
3886; 54
3887; 54
3888; 57
3889; 5
3890; 9
3891; 9
3892; 13
3893; 13
3894; 17
3895; 17
3896; 21
3897; 21
3898; 25
3899; 25
3900; 29
3901; 29
3902; 33
3903; 33
3904; 37
3905; 37
3906; 39
3907; 47
3908; 49
3909; 49
3910; 53
3911; 53
3912; 57
3913; 57
3914; 1
3915; 1
3916; 5
3917; 5
3918; 9
3919; 9
3920; 13
3921; 13
3922; 17
3923; 17
3924; 21
3925; 0
3926; 5
3927; 5
3928; 10
3929; 10
3930; 15
3931; 15
3932; 20
3933; 20
3934; 25
3935; 25
3936; 30
3937; 30
3938; 35
3939; 35
3940; 40
3941; 40
3942; 42
3943; 0
3944; 2
3945; 2
3946; 7
3947; 7
3948; 12
3949; 12
3950; 17
3951; 17
3952; 22
3953; 22
3954; 27
3955; 27
3956; 32
3957; 32
3958; 37
3959; 37
3960; 42
3961; 0
3962; 5
3963; 5
3964; 10
3965; 10
3966; 15
3967; 15
3968; 20
3969; 20
3970; 25
3971; 25
3972; 30
3973; 30
3974; 35
3975; 35
3976; 40
3977; 40
3978; 42
3979; 43
3980; 45
3981; 45
3982; 50
3983; 50
3984; 55
3985; 55
3986; 0
3987; 0
3988; 5
3989; 5
3990; 10
3991; 10
3992; 15
3993; 15
3994; 20
3995; 20
3996; 25
3997; 0
3998; 3
3999; 3
4000; 6
4001; 6
4002; 9
4003; 9
4004; 12
4005; 12
4006; 15
4007; 15
4008; 17
4009; 17
4010; 19
4011; 19
4012; 21
4013; 21
4014; 26
4015; 0
4016; 5
4017; 5
4018; 7
4019; 7
4020; 9
4021; 9
4022; 11
4023; 11
4024; 14
4025; 14
4026; 17
4027; 17
4028; 20
4029; 20
4030; 23
4031; 23
4032; 26
4033; 0
4034; 2
4035; 2
4036; 4
4037; 4
4038; 6
4039; 6
4040; 8
4041; 8
4042; 10
4043; 10
4044; 12
4045; 12
4046; 14
4047; 14
4048; 16
4049; 16
4050; 18
4051; 12
4052; 14
4053; 14
4054; 16
4055; 16
4056; 18
4057; 18
4058; 20
4059; 20
4060; 22
4061; 22
4062; 24
4063; 24
4064; 26
4065; 26
4066; 28
4067; 28
4068; 30
4069; 0
4070; 2
4071; 2
4072; 4
4073; 4
4074; 6
4075; 6
4076; 8
4077; 8
4078; 10
4079; 10
4080; 12
4081; 12
4082; 14
4083; 14
4084; 16
4085; 16
4086; 18
4087; 0
4088; 2
4089; 2
4090; 4
4091; 4
4092; 6
4093; 6
4094; 8
4095; 8
4096; 10
4097; 10
4098; 12
4099; 12
4100; 14
4101; 14
4102; 16
4103; 16
4104; 18
4105; 3
4106; 5
4107; 5
4108; 7
4109; 7
4110; 9
4111; 9
4112; 11
4113; 11
4114; 13
4115; 13
4116; 15
4117; 15
4118; 17
4119; 17
4120; 19
4121; 19
4122; 21
4123; 12
4124; 14
4125; 14
4126; 16
4127; 16
4128; 18
4129; 18
4130; 20
4131; 20
4132; 22
4133; 22
4134; 24
4135; 24
4136; 26
4137; 26
4138; 28
4139; 28
4140; 30
4141; 0
4142; 3
4143; 3
4144; 6
4145; 6
4146; 8
4147; 8
4148; 10
4149; 10
4150; 12
4151; 12
4152; 14
4153; 14
4154; 16
4155; 16
4156; 21
4157; 33
4158; 38
4159; 38
4160; 40
4161; 40
4162; 42
4163; 42
4164; 44
4165; 44
4166; 46
4167; 46
4168; 48
4169; 48
4170; 51
4171; 51
4172; 54
4173; 37
4174; 39
4175; 39
4176; 42
4177; 42
4178; 45
4179; 45
4180; 48
4181; 48
4182; 51
4183; 51
4184; 54
4185; 54
4186; 56
4187; 56
4188; 58
4189; 0
4190; 2
4191; 2
4192; 4
4193; 4
4194; 7
4195; 7
4196; 10
4197; 10
4198; 13
4199; 13
4200; 16
4201; 16
4202; 19
4203; 19
4204; 21
4205; 38
4206; 42
4207; 42
4208; 46
4209; 46
4210; 50
4211; 50
4212; 54
4213; 54
4214; 58
4215; 58
4216; 2
4217; 2
4218; 4
4219; 52
4220; 54
4221; 54
4222; 58
4223; 58
4224; 2
4225; 2
4226; 6
4227; 6
4228; 10
4229; 10
4230; 14
4231; 14
4232; 18
4233; 0
4234; 2
4235; 2
4236; 4
4237; 4
4238; 6
4239; 6
4240; 8
4241; 8
4242; 10
4243; 10
4244; 11
4245; 11
4246; 12
4247; 0
4248; 1
4249; 1
4250; 2
4251; 2
4252; 4
4253; 4
4254; 6
4255; 6
4256; 8
4257; 8
4258; 10
4259; 10
4260; 12
4261; 0
4262; 2
4263; 2
4264; 4
4265; 4
4266; 6
4267; 6
4268; 8
4269; 8
4270; 10
4271; 10
4272; 11
4273; 11
4274; 12
4275; 0
4276; 1
4277; 1
4278; 2
4279; 2
4280; 4
4281; 4
4282; 6
4283; 6
4284; 8
4285; 8
4286; 10
4287; 10
4288; 12
4289; 0
4290; 2
4291; 2
4292; 4
4293; 4
4294; 6
4295; 6
4296; 8
4297; 8
4298; 10
4299; 10
4300; 11
4301; 11
4302; 12
4303; 14
4304; 15
4305; 15
4306; 16
4307; 16
4308; 18
4309; 18
4310; 20
4311; 20
4312; 22
4313; 22
4314; 24
4315; 24
4316; 26
4317; 9
4318; 11
4319; 11
4320; 13
4321; 13
4322; 15
4323; 15
4324; 17
4325; 17
4326; 19
4327; 19
4328; 20
4329; 20
4330; 21
4331; 0
4332; 1
4333; 1
4334; 2
4335; 2
4336; 4
4337; 4
4338; 6
4339; 6
4340; 8
4341; 8
4342; 10
4343; 10
4344; 12
4345; 0
4346; 2
4347; 2
4348; 4
4349; 4
4350; 6
4351; 6
4352; 8
4353; 8
4354; 10
4355; 10
4356; 11
4357; 11
4358; 12
4359; 0
4360; 1
4361; 1
4362; 2
4363; 2
4364; 4
4365; 4
4366; 6
4367; 6
4368; 8
4369; 8
4370; 10
4371; 10
4372; 12
4373; 1
4374; 4
4375; 4
4376; 7
4377; 7
4378; 10
4379; 10
4380; 13
4381; 13
4382; 16
4383; 16
4384; 18
4385; 0
4386; 2
4387; 2
4388; 5
4389; 5
4390; 8
4391; 8
4392; 11
4393; 11
4394; 14
4395; 14
4396; 17
4397; 13
4398; 16
4399; 16
4400; 19
4401; 19
4402; 22
4403; 22
4404; 25
4405; 25
4406; 28
4407; 28
4408; 30
4409; 0
4410; 2
4411; 2
4412; 5
4413; 5
4414; 8
4415; 8
4416; 11
4417; 11
4418; 14
4419; 14
4420; 17
4421; 0
4422; 2
4423; 2
4424; 6
4425; 6
4426; 8
4427; 8
4428; 10
4429; 10
4430; 12
4431; 12
4432; 14
4433; 0
4434; 2
4435; 2
4436; 4
4437; 4
4438; 6
4439; 6
4440; 8
4441; 8
4442; 12
4443; 12
4444; 14
4445; 0
4446; 5
4447; 5
4448; 10
4449; 10
4450; 15
4451; 15
4452; 20
4453; 20
4454; 25
4455; 25
4456; 30
4457; 30
4458; 35
4459; 35
4460; 37
4461; 37
4462; 45
4463; 45
4464; 53
4465; 53
4466; 1
4467; 1
4468; 9
4469; 9
4470; 17
4471; 17
4472; 25
4473; 25
4474; 33
4475; 33
4476; 41
4477; 41
4478; 49
4479; 49
4480; 57
4481; 57
4482; 5
4483; 5
4484; 13
4485; 13
4486; 21
4487; 21
4488; 29
4489; 29
4490; 37
4491; 0
4492; 8
4493; 8
4494; 16
4495; 16
4496; 24
4497; 24
4498; 32
4499; 32
4500; 40
4501; 40
4502; 48
4503; 48
4504; 56
4505; 56
4506; 4
4507; 4
4508; 12
4509; 12
4510; 20
4511; 20
4512; 28
4513; 28
4514; 36
4515; 36
4516; 44
4517; 44
4518; 52
4519; 52
4520; 0
4521; 0
4522; 2
4523; 2
4524; 7
4525; 7
4526; 12
4527; 12
4528; 17
4529; 17
4530; 22
4531; 22
4532; 27
4533; 27
4534; 32
4535; 32
4536; 37
4537; 0
4538; 7
4539; 7
4540; 14
4541; 14
4542; 21
4543; 21
4544; 28
4545; 28
4546; 35
4547; 35
4548; 42
4549; 42
4550; 49
4551; 49
4552; 56
4553; 56
4554; 3
4555; 3
4556; 10
4557; 10
4558; 17
4559; 17
4560; 24
4561; 24
4562; 31
4563; 31
4564; 38
4565; 38
4566; 45
4567; 0
4568; 7
4569; 7
4570; 14
4571; 14
4572; 21
4573; 21
4574; 28
4575; 28
4576; 35
4577; 35
4578; 42
4579; 42
4580; 49
4581; 49
4582; 56
4583; 56
4584; 3
4585; 3
4586; 10
4587; 10
4588; 17
4589; 17
4590; 24
4591; 24
4592; 31
4593; 31
4594; 38
4595; 38
4596; 45
4597; 27
4598; 33
4599; 33
4600; 39
4601; 39
4602; 45
4603; 45
4604; 51
4605; 51
4606; 57
4607; 57
4608; 3
4609; 3
4610; 9
4611; 9
4612; 15
4613; 15
4614; 21
4615; 21
4616; 27
4617; 27
4618; 33
4619; 33
4620; 39
4621; 39
4622; 45
4623; 45
4624; 51
4625; 51
4626; 57
4627; 0
4628; 6
4629; 6
4630; 12
4631; 12
4632; 18
4633; 18
4634; 24
4635; 24
4636; 30
4637; 30
4638; 36
4639; 36
4640; 42
4641; 42
4642; 48
4643; 48
4644; 54
4645; 54
4646; 0
4647; 0
4648; 6
4649; 6
4650; 12
4651; 12
4652; 18
4653; 18
4654; 24
4655; 24
4656; 30
4657; 0
4658; 5
4659; 5
4660; 10
4661; 10
4662; 15
4663; 15
4664; 20
4665; 20
4666; 25
4667; 25
4668; 30
4669; 30
4670; 35
4671; 35
4672; 40
4673; 40
4674; 45
4675; 45
4676; 50
4677; 50
4678; 55
4679; 55
4680; 0
4681; 0
4682; 5
4683; 5
4684; 10
4685; 10
4686; 15
4687; 46
4688; 51
4689; 51
4690; 56
4691; 56
4692; 1
4693; 1
4694; 6
4695; 6
4696; 11
4697; 11
4698; 16
4699; 16
4700; 21
4701; 21
4702; 26
4703; 26
4704; 31
4705; 31
4706; 36
4707; 36
4708; 41
4709; 41
4710; 46
4711; 46
4712; 51
4713; 51
4714; 56
4715; 56
4716; 1
4717; 0
4718; 2
4719; 2
4720; 4
4721; 4
4722; 6
4723; 6
4724; 8
4725; 8
4726; 10
4727; 10
4728; 12
4729; 12
4730; 14
4731; 14
4732; 16
4733; 16
4734; 18
4735; 18
4736; 20
4737; 20
4738; 22
4739; 10
4740; 12
4741; 12
4742; 14
4743; 14
4744; 16
4745; 16
4746; 18
4747; 18
4748; 20
4749; 20
4750; 22
4751; 22
4752; 24
4753; 24
4754; 26
4755; 26
4756; 28
4757; 28
4758; 30
4759; 30
4760; 32
4761; 0
4762; 2
4763; 2
4764; 4
4765; 4
4766; 6
4767; 6
4768; 8
4769; 8
4770; 10
4771; 10
4772; 12
4773; 12
4774; 14
4775; 14
4776; 16
4777; 16
4778; 18
4779; 18
4780; 20
4781; 20
4782; 22
4783; 0
4784; 2
4785; 2
4786; 4
4787; 4
4788; 6
4789; 6
4790; 8
4791; 8
4792; 10
4793; 10
4794; 12
4795; 12
4796; 14
4797; 14
4798; 16
4799; 16
4800; 18
4801; 18
4802; 20
4803; 20
4804; 22
4805; 18
4806; 19
4807; 19
4808; 20
4809; 20
4810; 21
4811; 21
4812; 22
4813; 22
4814; 23
4815; 23
4816; 24
4817; 24
4818; 25
4819; 25
4820; 26
4821; 26
4822; 28
4823; 0
4824; 2
4825; 2
4826; 3
4827; 3
4828; 4
4829; 4
4830; 5
4831; 5
4832; 6
4833; 6
4834; 7
4835; 7
4836; 8
4837; 8
4838; 9
4839; 9
4840; 10
4841; 0
4842; 1
4843; 1
4844; 2
4845; 2
4846; 3
4847; 3
4848; 4
4849; 4
4850; 5
4851; 5
4852; 6
4853; 6
4854; 7
4855; 7
4856; 9
4857; 0
4858; 2
4859; 2
4860; 3
4861; 3
4862; 4
4863; 4
4864; 5
4865; 5
4866; 6
4867; 6
4868; 7
4869; 7
4870; 8
4871; 8
4872; 9
4873; 59
4874; 1
4875; 1
4876; 3
4877; 3
4878; 5
4879; 5
4880; 7
4881; 7
4882; 9
4883; 9
4884; 11
4885; 11
4886; 13
4887; 13
4888; 15
4889; 15
4890; 17
4891; 17
4892; 19
4893; 19
4894; 21
4895; 21
4896; 23
4897; 23
4898; 25
4899; 25
4900; 27
4901; 27
4902; 29
4903; 29
4904; 31
4905; 31
4906; 33
4907; 33
4908; 35
4909; 35
4910; 37
4911; 37
4912; 39
4913; 56
4914; 58
4915; 58
4916; 0
4917; 0
4918; 2
4919; 2
4920; 4
4921; 4
4922; 6
4923; 6
4924; 8
4925; 8
4926; 10
4927; 10
4928; 12
4929; 12
4930; 14
4931; 14
4932; 16
4933; 16
4934; 18
4935; 18
4936; 20
4937; 20
4938; 22
4939; 22
4940; 24
4941; 24
4942; 26
4943; 26
4944; 28
4945; 28
4946; 30
4947; 30
4948; 32
4949; 32
4950; 34
4951; 34
4952; 36
4953; 22
4954; 24
4955; 24
4956; 26
4957; 26
4958; 28
4959; 28
4960; 30
4961; 30
4962; 32
4963; 32
4964; 34
4965; 34
4966; 36
4967; 36
4968; 38
4969; 38
4970; 40
4971; 40
4972; 42
4973; 42
4974; 44
4975; 44
4976; 46
4977; 46
4978; 48
4979; 48
4980; 50
4981; 50
4982; 52
4983; 52
4984; 54
4985; 54
4986; 56
4987; 56
4988; 58
4989; 58
4990; 0
4991; 0
4992; 2
4993; 53
4994; 55
4995; 55
4996; 57
4997; 57
4998; 59
4999; 59
5000; 1
5001; 1
5002; 3
5003; 3
5004; 5
5005; 5
5006; 7
5007; 7
5008; 9
5009; 9
5010; 11
5011; 11
5012; 13
5013; 13
5014; 15
5015; 15
5016; 17
5017; 17
5018; 19
5019; 19
5020; 21
5021; 21
5022; 23
5023; 23
5024; 25
5025; 25
5026; 27
5027; 27
5028; 29
5029; 29
5030; 31
5031; 31
5032; 33
5033; 53
5034; 55
5035; 55
5036; 57
5037; 57
5038; 59
5039; 59
5040; 1
5041; 1
5042; 3
5043; 3
5044; 5
5045; 5
5046; 7
5047; 7
5048; 9
5049; 9
5050; 11
5051; 11
5052; 13
5053; 13
5054; 15
5055; 15
5056; 17
5057; 17
5058; 19
5059; 19
5060; 21
5061; 21
5062; 23
5063; 23
5064; 25
5065; 25
5066; 27
5067; 27
5068; 29
5069; 29
5070; 31
5071; 31
5072; 33
5073; 56
5074; 58
5075; 58
5076; 0
5077; 0
5078; 2
5079; 2
5080; 4
5081; 4
5082; 6
5083; 6
5084; 8
5085; 8
5086; 10
5087; 10
5088; 12
5089; 12
5090; 14
5091; 14
5092; 16
5093; 16
5094; 18
5095; 18
5096; 20
5097; 20
5098; 22
5099; 22
5100; 24
5101; 24
5102; 26
5103; 26
5104; 28
5105; 28
5106; 30
5107; 30
5108; 32
5109; 32
5110; 34
5111; 34
5112; 36
5113; 50
5114; 52
5115; 52
5116; 54
5117; 54
5118; 56
5119; 56
5120; 58
5121; 58
5122; 0
5123; 0
5124; 2
5125; 2
5126; 4
5127; 4
5128; 6
5129; 6
5130; 8
5131; 8
5132; 10
5133; 10
5134; 12
5135; 12
5136; 14
5137; 14
5138; 16
5139; 16
5140; 18
5141; 18
5142; 20
5143; 20
5144; 22
5145; 22
5146; 24
5147; 24
5148; 26
5149; 26
5150; 28
5151; 28
5152; 30
5153; 56
5154; 58
5155; 58
5156; 0
5157; 0
5158; 2
5159; 2
5160; 4
5161; 4
5162; 6
5163; 6
5164; 8
5165; 8
5166; 10
5167; 10
5168; 12
5169; 12
5170; 14
5171; 14
5172; 16
5173; 16
5174; 18
5175; 18
5176; 20
5177; 20
5178; 22
5179; 22
5180; 24
5181; 24
5182; 26
5183; 26
5184; 28
5185; 28
5186; 30
5187; 30
5188; 32
5189; 32
5190; 34
5191; 34
5192; 36
5193; 50
5194; 52
5195; 52
5196; 54
5197; 54
5198; 56
5199; 56
5200; 58
5201; 58
5202; 0
5203; 0
5204; 2
5205; 2
5206; 4
5207; 4
5208; 6
5209; 6
5210; 8
5211; 8
5212; 10
5213; 10
5214; 12
5215; 12
5216; 14
5217; 14
5218; 16
5219; 16
5220; 18
5221; 18
5222; 20
5223; 20
5224; 22
5225; 22
5226; 24
5227; 24
5228; 26
5229; 26
5230; 28
5231; 28
5232; 30
5233; 0
5234; 2
5235; 2
5236; 4
5237; 4
5238; 6
5239; 6
5240; 8
5241; 8
5242; 10
5243; 10
5244; 12
5245; 12
5246; 14
5247; 14
5248; 16
5249; 16
5250; 18
5251; 18
5252; 20
5253; 20
5254; 22
5255; 22
5256; 24
5257; 24
5258; 26
5259; 26
5260; 28
5261; 28
5262; 30
5263; 30
5264; 32
5265; 32
5266; 34
5267; 34
5268; 36
5269; 36
5270; 38
5271; 38
5272; 40
5273; 53
5274; 55
5275; 55
5276; 57
5277; 57
5278; 59
5279; 59
5280; 1
5281; 1
5282; 3
5283; 3
5284; 5
5285; 5
5286; 7
5287; 7
5288; 9
5289; 9
5290; 11
5291; 11
5292; 13
5293; 13
5294; 15
5295; 15
5296; 17
5297; 17
5298; 19
5299; 19
5300; 21
5301; 21
5302; 23
5303; 23
5304; 25
5305; 25
5306; 27
5307; 27
5308; 29
5309; 29
5310; 31
5311; 31
5312; 33
5313; 0
5314; 2
5315; 2
5316; 4
5317; 4
5318; 6
5319; 6
5320; 8
5321; 8
5322; 10
5323; 10
5324; 12
5325; 12
5326; 14
5327; 14
5328; 16
5329; 16
5330; 18
5331; 18
5332; 20
5333; 20
5334; 22
5335; 22
5336; 24
5337; 24
5338; 26
5339; 26
5340; 28
5341; 28
5342; 30
5343; 30
5344; 32
5345; 32
5346; 34
5347; 34
5348; 36
5349; 36
5350; 38
5351; 38
5352; 40
5353; 53
5354; 55
5355; 55
5356; 57
5357; 57
5358; 59
5359; 59
5360; 1
5361; 1
5362; 3
5363; 3
5364; 5
5365; 5
5366; 7
5367; 7
5368; 9
5369; 9
5370; 11
5371; 11
5372; 13
5373; 13
5374; 15
5375; 15
5376; 17
5377; 17
5378; 19
5379; 19
5380; 21
5381; 21
5382; 23
5383; 23
5384; 25
5385; 25
5386; 27
5387; 27
5388; 29
5389; 29
5390; 31
5391; 31
5392; 33
5393; 56
5394; 58
5395; 58
5396; 0
5397; 0
5398; 2
5399; 2
5400; 4
5401; 4
5402; 6
5403; 6
5404; 8
5405; 8
5406; 10
5407; 10
5408; 12
5409; 12
5410; 14
5411; 14
5412; 16
5413; 16
5414; 18
5415; 18
5416; 20
5417; 20
5418; 22
5419; 22
5420; 24
5421; 24
5422; 26
5423; 26
5424; 28
5425; 28
5426; 30
5427; 30
5428; 32
5429; 32
5430; 34
5431; 34
5432; 36
