#line-id;line-code;direction;stop-order;stop-id;frequency;departure_time;arrival_time;line-repetition
1; 1H; >; 1; 21; 1; 0; 0; 1
1; 1H; >; 2; 22; 1; 6; 6; 1
1; 1H; >; 3; 23; 1; 12; 12; 1
1; 1H; >; 4; 24; 1; 18; 18; 1
1; 1H; >; 5; 19; 1; 24; 24; 1
1; 1H; >; 6; 14; 1; 30; 30; 1
1; 1H; >; 7; 9; 1; 36; 36; 1
1; 1H; >; 8; 10; 1; 42; 42; 1
1; 1H; >; 9; 5; 1; 48; 48; 1
1; 1R; <; 1; 5; 1; 0; 0; 1
1; 1R; <; 2; 10; 1; 6; 6; 1
1; 1R; <; 3; 9; 1; 12; 12; 1
1; 1R; <; 4; 14; 1; 18; 18; 1
1; 1R; <; 5; 19; 1; 24; 24; 1
1; 1R; <; 6; 24; 1; 30; 30; 1
1; 1R; <; 7; 23; 1; 36; 36; 1
1; 1R; <; 8; 22; 1; 42; 42; 1
1; 1R; <; 9; 21; 1; 48; 48; 1
2; 2H; >; 1; 1; 1; 21; 21; 1
2; 2H; >; 2; 2; 1; 27; 27; 1
2; 2H; >; 3; 3; 1; 33; 33; 1
2; 2H; >; 4; 4; 1; 39; 39; 1
2; 2H; >; 5; 9; 1; 45; 45; 1
2; 2H; >; 6; 14; 1; 51; 51; 1
2; 2H; >; 7; 19; 1; 57; 57; 1
2; 2H; >; 8; 20; 1; 3; 3; 1
2; 2H; >; 9; 25; 1; 9; 9; 1
2; 2R; <; 1; 25; 1; 21; 21; 1
2; 2R; <; 2; 20; 1; 27; 27; 1
2; 2R; <; 3; 19; 1; 33; 33; 1
2; 2R; <; 4; 14; 1; 39; 39; 1
2; 2R; <; 5; 9; 1; 45; 45; 1
2; 2R; <; 6; 4; 1; 51; 51; 1
2; 2R; <; 7; 3; 1; 57; 57; 1
2; 2R; <; 8; 2; 1; 3; 3; 1
2; 2R; <; 9; 1; 1; 9; 9; 1
4; 4H; >; 1; 6; 1; 18; 18; 1
4; 4H; >; 2; 11; 1; 24; 24; 1
4; 4H; >; 3; 16; 1; 30; 30; 1
4; 4H; >; 4; 17; 1; 36; 36; 1
4; 4H; >; 5; 18; 1; 42; 42; 1
4; 4H; >; 6; 19; 1; 48; 48; 1
4; 4H; >; 7; 20; 1; 54; 54; 1
4; 4H; >; 8; 25; 1; 0; 0; 1
4; 4R; <; 1; 25; 1; 18; 18; 1
4; 4R; <; 2; 20; 1; 24; 24; 1
4; 4R; <; 3; 19; 1; 30; 30; 1
4; 4R; <; 4; 18; 1; 36; 36; 1
4; 4R; <; 5; 17; 1; 42; 42; 1
4; 4R; <; 6; 16; 1; 48; 48; 1
4; 4R; <; 7; 11; 1; 54; 54; 1
4; 4R; <; 8; 6; 1; 0; 0; 1
12; 12H; >; 1; 1; 1; 36; 36; 1
12; 12H; >; 2; 6; 1; 42; 42; 1
12; 12H; >; 3; 11; 1; 48; 48; 1
12; 12H; >; 4; 16; 1; 54; 54; 1
12; 12H; >; 5; 21; 1; 0; 0; 1
12; 12H; >; 6; 22; 1; 6; 6; 1
12; 12H; >; 7; 23; 1; 12; 12; 1
12; 12R; <; 1; 23; 1; 36; 36; 1
12; 12R; <; 2; 22; 1; 42; 42; 1
12; 12R; <; 3; 21; 1; 48; 48; 1
12; 12R; <; 4; 16; 1; 54; 54; 1
12; 12R; <; 5; 11; 1; 0; 0; 1
12; 12R; <; 6; 6; 1; 6; 6; 1
12; 12R; <; 7; 1; 1; 12; 12; 1
18; 18H; >; 1; 7; 1; 54; 54; 1
18; 18H; >; 2; 8; 1; 0; 0; 1
18; 18H; >; 3; 9; 1; 6; 6; 1
18; 18H; >; 4; 14; 1; 12; 12; 1
18; 18H; >; 5; 15; 1; 18; 18; 1
18; 18H; >; 6; 20; 1; 24; 24; 1
18; 18H; >; 7; 25; 1; 30; 30; 1
18; 18R; <; 1; 25; 1; 54; 54; 1
18; 18R; <; 2; 20; 1; 0; 0; 1
18; 18R; <; 3; 15; 1; 6; 6; 1
18; 18R; <; 4; 14; 1; 12; 12; 1
18; 18R; <; 5; 9; 1; 18; 18; 1
18; 18R; <; 6; 8; 1; 24; 24; 1
18; 18R; <; 7; 7; 1; 30; 30; 1
21; 21H; >; 1; 1; 1; 39; 39; 1
21; 21H; >; 2; 2; 1; 45; 45; 1
21; 21H; >; 3; 3; 1; 51; 51; 1
21; 21H; >; 4; 4; 1; 57; 57; 1
21; 21H; >; 5; 5; 1; 3; 3; 1
21; 21H; >; 6; 10; 1; 9; 9; 1
21; 21H; >; 7; 15; 1; 15; 15; 1
21; 21R; <; 1; 15; 1; 39; 39; 1
21; 21R; <; 2; 10; 1; 45; 45; 1
21; 21R; <; 3; 5; 1; 51; 51; 1
21; 21R; <; 4; 4; 1; 57; 57; 1
21; 21R; <; 5; 3; 1; 3; 3; 1
21; 21R; <; 6; 2; 1; 9; 9; 1
21; 21R; <; 7; 1; 1; 15; 15; 1
26; 26H; >; 1; 12; 1; 36; 36; 1
26; 26H; >; 2; 17; 1; 42; 42; 1
26; 26H; >; 3; 22; 1; 48; 48; 1
26; 26H; >; 4; 23; 1; 54; 54; 1
26; 26H; >; 5; 24; 1; 0; 0; 1
26; 26H; >; 6; 25; 1; 6; 6; 1
26; 26R; <; 1; 25; 1; 6; 6; 1
26; 26R; <; 2; 24; 1; 12; 12; 1
26; 26R; <; 3; 23; 1; 18; 18; 1
26; 26R; <; 4; 22; 1; 24; 24; 1
26; 26R; <; 5; 17; 1; 30; 30; 1
26; 26R; <; 6; 12; 1; 36; 36; 1
29; 29H; >; 1; 6; 1; 57; 57; 1
29; 29H; >; 2; 11; 1; 3; 3; 1
29; 29H; >; 3; 12; 1; 9; 9; 1
29; 29H; >; 4; 13; 1; 15; 15; 1
29; 29H; >; 5; 14; 1; 21; 21; 1
29; 29H; >; 6; 15; 1; 27; 27; 1
29; 29R; <; 1; 15; 1; 27; 27; 1
29; 29R; <; 2; 14; 1; 33; 33; 1
29; 29R; <; 3; 13; 1; 39; 39; 1
29; 29R; <; 4; 12; 1; 45; 45; 1
29; 29R; <; 5; 11; 1; 51; 51; 1
29; 29R; <; 6; 6; 1; 57; 57; 1
34; 34H; >; 1; 2; 1; 0; 0; 1
34; 34H; >; 2; 3; 1; 6; 6; 1
34; 34H; >; 3; 8; 1; 12; 12; 1
34; 34H; >; 4; 13; 1; 18; 18; 1
34; 34H; >; 5; 18; 1; 24; 24; 1
34; 34H; >; 6; 19; 1; 30; 30; 1
34; 34R; <; 1; 19; 1; 30; 30; 1
34; 34R; <; 2; 18; 1; 36; 36; 1
34; 34R; <; 3; 13; 1; 42; 42; 1
34; 34R; <; 4; 8; 1; 48; 48; 1
34; 34R; <; 5; 3; 1; 54; 54; 1
34; 34R; <; 6; 2; 1; 0; 0; 1
49; 49H; >; 1; 1; 1; 15; 15; 1
49; 49H; >; 2; 2; 1; 21; 21; 1
49; 49H; >; 3; 7; 1; 27; 27; 1
49; 49H; >; 4; 12; 1; 33; 33; 1
49; 49H; >; 5; 17; 1; 39; 39; 1
49; 49R; <; 1; 17; 1; 45; 45; 1
49; 49R; <; 2; 12; 1; 51; 51; 1
49; 49R; <; 3; 7; 1; 57; 57; 1
49; 49R; <; 4; 2; 1; 3; 3; 1
49; 49R; <; 5; 1; 1; 9; 9; 1
71; 71H; >; 1; 19; 1; 15; 15; 1
71; 71H; >; 2; 18; 1; 21; 21; 1
71; 71H; >; 3; 17; 1; 27; 27; 1
71; 71H; >; 4; 12; 1; 33; 33; 1
71; 71H; >; 5; 13; 1; 39; 39; 1
71; 71H; >; 6; 14; 1; 45; 45; 1
71; 71R; <; 1; 14; 1; 45; 45; 1
71; 71R; <; 2; 13; 1; 51; 51; 1
71; 71R; <; 3; 12; 1; 57; 57; 1
71; 71R; <; 4; 17; 1; 3; 3; 1
71; 71R; <; 5; 18; 1; 9; 9; 1
71; 71R; <; 6; 19; 1; 15; 15; 1
72; 72H; >; 1; 15; 1; 54; 54; 1
72; 72H; >; 2; 14; 1; 0; 0; 1
72; 72H; >; 3; 13; 1; 6; 6; 1
72; 72H; >; 4; 8; 1; 12; 12; 1
72; 72H; >; 5; 7; 1; 18; 18; 1
72; 72H; >; 6; 2; 1; 24; 24; 1
72; 72R; <; 1; 2; 1; 24; 24; 1
72; 72R; <; 2; 7; 1; 30; 30; 1
72; 72R; <; 3; 8; 1; 36; 36; 1
72; 72R; <; 4; 13; 1; 42; 42; 1
72; 72R; <; 5; 14; 1; 48; 48; 1
72; 72R; <; 6; 15; 1; 54; 54; 1
78; 78H; >; 1; 11; 1; 27; 27; 1
78; 78H; >; 2; 12; 1; 33; 33; 1
78; 78H; >; 3; 13; 1; 39; 39; 1
78; 78H; >; 4; 8; 1; 45; 45; 1
78; 78H; >; 5; 9; 1; 51; 51; 1
78; 78H; >; 6; 10; 1; 57; 57; 1
78; 78R; <; 1; 10; 1; 57; 57; 1
78; 78R; <; 2; 9; 1; 3; 3; 1
78; 78R; <; 3; 8; 1; 9; 9; 1
78; 78R; <; 4; 13; 1; 15; 15; 1
78; 78R; <; 5; 12; 1; 21; 21; 1
78; 78R; <; 6; 11; 1; 27; 27; 1
96; 96H; >; 1; 3; 2; 0; 0; 1
96; 96H; >; 2; 8; 2; 6; 6; 1
96; 96H; >; 3; 13; 2; 12; 12; 1
96; 96H; >; 4; 18; 2; 18; 18; 1
96; 96H; >; 5; 23; 2; 24; 24; 1
96; 96H; >; 1; 3; 2; 30; 30; 2
96; 96H; >; 2; 8; 2; 36; 36; 2
96; 96H; >; 3; 13; 2; 42; 42; 2
96; 96H; >; 4; 18; 2; 48; 48; 2
96; 96H; >; 5; 23; 2; 54; 54; 2
96; 96R; <; 1; 23; 2; 30; 30; 1
96; 96R; <; 2; 18; 2; 36; 36; 1
96; 96R; <; 3; 13; 2; 42; 42; 1
96; 96R; <; 4; 8; 2; 48; 48; 1
96; 96R; <; 5; 3; 2; 54; 54; 1
96; 96R; <; 1; 23; 2; 0; 0; 2
96; 96R; <; 2; 18; 2; 6; 6; 2
96; 96R; <; 3; 13; 2; 12; 12; 2
96; 96R; <; 4; 8; 2; 18; 18; 2
96; 96R; <; 5; 3; 2; 24; 24; 2
99; 99H; >; 1; 1; 1; 39; 39; 1
99; 99H; >; 2; 2; 1; 45; 45; 1
99; 99H; >; 3; 3; 1; 51; 51; 1
99; 99H; >; 4; 8; 1; 57; 57; 1
99; 99H; >; 5; 13; 1; 3; 3; 1
99; 99H; >; 6; 18; 1; 9; 9; 1
99; 99H; >; 7; 23; 1; 15; 15; 1
99; 99H; >; 8; 24; 1; 21; 21; 1
99; 99H; >; 9; 25; 1; 27; 27; 1
99; 99R; <; 1; 25; 1; 39; 39; 1
99; 99R; <; 2; 24; 1; 45; 45; 1
99; 99R; <; 3; 23; 1; 51; 51; 1
99; 99R; <; 4; 18; 1; 57; 57; 1
99; 99R; <; 5; 13; 1; 3; 3; 1
99; 99R; <; 6; 8; 1; 9; 9; 1
99; 99R; <; 7; 3; 1; 15; 15; 1
99; 99R; <; 8; 2; 1; 21; 21; 1
99; 99R; <; 9; 1; 1; 27; 27; 1
100; 100H; >; 1; 6; 1; 3; 3; 1
100; 100H; >; 2; 7; 1; 9; 9; 1
100; 100H; >; 3; 8; 1; 15; 15; 1
100; 100H; >; 4; 13; 1; 21; 21; 1
100; 100H; >; 5; 18; 1; 27; 27; 1
100; 100H; >; 6; 19; 1; 33; 33; 1
100; 100H; >; 7; 20; 1; 39; 39; 1
100; 100R; <; 1; 20; 1; 3; 3; 1
100; 100R; <; 2; 19; 1; 9; 9; 1
100; 100R; <; 3; 18; 1; 15; 15; 1
100; 100R; <; 4; 13; 1; 21; 21; 1
100; 100R; <; 5; 8; 1; 27; 27; 1
100; 100R; <; 6; 7; 1; 33; 33; 1
100; 100R; <; 7; 6; 1; 39; 39; 1
102; 102H; >; 1; 16; 1; 57; 57; 1
102; 102H; >; 2; 17; 1; 3; 3; 1
102; 102H; >; 3; 18; 1; 9; 9; 1
102; 102H; >; 4; 13; 1; 15; 15; 1
102; 102H; >; 5; 8; 1; 21; 21; 1
102; 102H; >; 6; 9; 1; 27; 27; 1
102; 102H; >; 7; 10; 1; 33; 33; 1
102; 102R; <; 1; 10; 1; 57; 57; 1
102; 102R; <; 2; 9; 1; 3; 3; 1
102; 102R; <; 3; 8; 1; 9; 9; 1
102; 102R; <; 4; 13; 1; 15; 15; 1
102; 102R; <; 5; 18; 1; 21; 21; 1
102; 102R; <; 6; 17; 1; 27; 27; 1
102; 102R; <; 7; 16; 1; 33; 33; 1
103; 103H; >; 1; 21; 1; 48; 48; 1
103; 103H; >; 2; 22; 1; 54; 54; 1
103; 103H; >; 3; 23; 1; 0; 0; 1
103; 103H; >; 4; 18; 1; 6; 6; 1
103; 103H; >; 5; 13; 1; 12; 12; 1
103; 103H; >; 6; 8; 1; 18; 18; 1
103; 103H; >; 7; 3; 1; 24; 24; 1
103; 103H; >; 8; 4; 1; 30; 30; 1
103; 103H; >; 9; 5; 1; 36; 36; 1
103; 103R; <; 1; 5; 1; 48; 48; 1
103; 103R; <; 2; 4; 1; 54; 54; 1
103; 103R; <; 3; 3; 1; 0; 0; 1
103; 103R; <; 4; 8; 1; 6; 6; 1
103; 103R; <; 5; 13; 1; 12; 12; 1
103; 103R; <; 6; 18; 1; 18; 18; 1
103; 103R; <; 7; 23; 1; 24; 24; 1
103; 103R; <; 8; 22; 1; 30; 30; 1
103; 103R; <; 9; 21; 1; 36; 36; 1
