# line-id; line-code; direction; stop-order; stop-id; frequency; arrival_time; departure_time; line-repetition
5; 5H; >; 1; 2; 1; 0; 0; 1
5; 5H; >; 2; 6; 1; 4; 4; 1
5; 5H; >; 3; 8; 1; 8; 8; 1
5; 5H; >; 4; 7; 1; 14; 14; 1
5; 5H; >; 5; 18; 1; 18; 18; 1
5; 5H; >; 6; 20; 1; 35; 35; 1
5; 5H; >; 7; 21; 1; 41; 41; 1
5; 5R; <; 1; 21; 1; 0; 0; 1
5; 5R; <; 2; 20; 1; 6; 6; 1
5; 5R; <; 3; 18; 1; 23; 23; 1
5; 5R; <; 4; 7; 1; 27; 27; 1
5; 5R; <; 5; 8; 1; 33; 33; 1
5; 5R; <; 6; 6; 1; 37; 37; 1
5; 5R; <; 7; 2; 1; 41; 41; 1
6; 6H; >; 1; 1; 2; 0; 0; 1
6; 6H; >; 2; 3; 2; 4; 4; 1
6; 6H; >; 3; 12; 2; 11; 11; 1
6; 6H; >; 4; 11; 2; 16; 16; 1
6; 6H; >; 5; 14; 2; 24; 24; 1
6; 6H; >; 6; 23; 2; 28; 28; 1
6; 6H; >; 7; 22; 2; 33; 33; 1
6; 6H; >; 1; 1; 2; 30; 30; 2
6; 6H; >; 2; 3; 2; 34; 34; 2
6; 6H; >; 3; 12; 2; 41; 41; 2
6; 6H; >; 4; 11; 2; 46; 46; 2
6; 6H; >; 5; 14; 2; 54; 54; 2
6; 6H; >; 6; 23; 2; 58; 58; 2
6; 6H; >; 7; 22; 2; 3; 3; 2
6; 6R; <; 1; 22; 2; 0; 0; 1
6; 6R; <; 2; 23; 2; 5; 5; 1
6; 6R; <; 3; 14; 2; 9; 9; 1
6; 6R; <; 4; 11; 2; 17; 17; 1
6; 6R; <; 5; 12; 2; 22; 22; 1
6; 6R; <; 6; 3; 2; 29; 29; 1
6; 6R; <; 7; 1; 2; 33; 33; 1
6; 6R; <; 1; 22; 2; 30; 30; 2
6; 6R; <; 2; 23; 2; 35; 35; 2
6; 6R; <; 3; 14; 2; 39; 39; 2
6; 6R; <; 4; 11; 2; 47; 47; 2
6; 6R; <; 5; 12; 2; 52; 52; 2
6; 6R; <; 6; 3; 2; 59; 59; 2
6; 6R; <; 7; 1; 2; 3; 3; 2
7; 7H; >; 1; 1; 1; 0; 0; 1
7; 7H; >; 2; 3; 1; 4; 4; 1
7; 7H; >; 3; 12; 1; 11; 11; 1
7; 7H; >; 4; 11; 1; 16; 16; 1
7; 7H; >; 5; 10; 1; 21; 21; 1
7; 7H; >; 6; 17; 1; 28; 28; 1
7; 7H; >; 7; 19; 1; 32; 32; 1
7; 7R; <; 1; 19; 1; 0; 0; 1
7; 7R; <; 2; 17; 1; 4; 4; 1
7; 7R; <; 3; 10; 1; 11; 11; 1
7; 7R; <; 4; 11; 1; 16; 16; 1
7; 7R; <; 5; 12; 1; 21; 21; 1
7; 7R; <; 6; 3; 1; 28; 28; 1
7; 7R; <; 7; 1; 1; 32; 32; 1
8; 8H; >; 1; 1; 1; 0; 0; 1
8; 8H; >; 2; 2; 1; 16; 16; 1
8; 8H; >; 3; 6; 1; 20; 20; 1
8; 8H; >; 4; 8; 1; 24; 24; 1
8; 8H; >; 5; 7; 1; 30; 30; 1
8; 8H; >; 6; 18; 1; 34; 34; 1
8; 8H; >; 7; 20; 1; 51; 51; 1
8; 8R; <; 1; 20; 1; 0; 0; 1
8; 8R; <; 2; 18; 1; 17; 17; 1
8; 8R; <; 3; 7; 1; 21; 21; 1
8; 8R; <; 4; 8; 1; 27; 27; 1
8; 8R; <; 5; 6; 1; 31; 31; 1
8; 8R; <; 6; 2; 1; 35; 35; 1
8; 8R; <; 7; 1; 1; 51; 51; 1
9; 9H; >; 1; 21; 1; 0; 0; 1
9; 9H; >; 2; 24; 1; 5; 5; 1
9; 9H; >; 3; 13; 1; 10; 10; 1
9; 9H; >; 4; 12; 1; 26; 26; 1
9; 9H; >; 5; 11; 1; 31; 31; 1
9; 9H; >; 6; 4; 1; 38; 38; 1
9; 9R; <; 1; 4; 1; 0; 0; 1
9; 9R; <; 2; 11; 1; 7; 7; 1
9; 9R; <; 3; 12; 1; 12; 12; 1
9; 9R; <; 4; 13; 1; 28; 28; 1
9; 9R; <; 5; 24; 1; 33; 33; 1
9; 9R; <; 6; 21; 1; 38; 38; 1
10; 10H; >; 1; 14; 1; 0; 0; 1
10; 10H; >; 2; 15; 1; 5; 5; 1
10; 10H; >; 3; 10; 1; 13; 13; 1
10; 10H; >; 4; 16; 1; 19; 19; 1
10; 10H; >; 5; 8; 1; 23; 23; 1
10; 10H; >; 6; 7; 1; 29; 29; 1
10; 10R; <; 1; 7; 1; 30; 30; 1
10; 10R; <; 2; 8; 1; 36; 36; 1
10; 10R; <; 3; 16; 1; 40; 40; 1
10; 10R; <; 4; 10; 1; 46; 46; 1
10; 10R; <; 5; 15; 1; 54; 54; 1
10; 10R; <; 6; 14; 1; 59; 59; 1
11; 11H; >; 1; 9; 2; 0; 0; 1
11; 11H; >; 2; 10; 2; 4; 4; 1
11; 11H; >; 3; 15; 2; 12; 12; 1
11; 11H; >; 4; 22; 2; 16; 16; 1
11; 11H; >; 5; 21; 2; 21; 21; 1
11; 11H; >; 6; 24; 2; 26; 26; 1
11; 11H; >; 1; 9; 2; 30; 30; 2
11; 11H; >; 2; 10; 2; 34; 34; 2
11; 11H; >; 3; 15; 2; 42; 42; 2
11; 11H; >; 4; 22; 2; 46; 46; 2
11; 11H; >; 5; 21; 2; 51; 51; 2
11; 11H; >; 6; 24; 2; 56; 56; 2
11; 11R; <; 1; 24; 2; 30; 30; 1
11; 11R; <; 2; 21; 2; 35; 35; 1
11; 11R; <; 3; 22; 2; 40; 40; 1
11; 11R; <; 4; 15; 2; 44; 44; 1
11; 11R; <; 5; 10; 2; 52; 52; 1
11; 11R; <; 6; 9; 2; 56; 56; 1
11; 11R; <; 1; 24; 2; 0; 0; 2
11; 11R; <; 2; 21; 2; 5; 5; 2
11; 11R; <; 3; 22; 2; 10; 10; 2
11; 11R; <; 4; 15; 2; 14; 14; 2
11; 11R; <; 5; 10; 2; 22; 22; 2
11; 11R; <; 6; 9; 2; 26; 26; 2
12; 12H; >; 1; 8; 1; 0; 0; 1
12; 12H; >; 2; 16; 1; 4; 4; 1
12; 12H; >; 3; 18; 1; 10; 10; 1
12; 12H; >; 4; 20; 1; 27; 27; 1
12; 12H; >; 5; 21; 1; 33; 33; 1
12; 12H; >; 6; 24; 1; 38; 38; 1
12; 12R; <; 1; 24; 1; 0; 0; 1
12; 12R; <; 2; 21; 1; 5; 5; 1
12; 12R; <; 3; 20; 1; 11; 11; 1
12; 12R; <; 4; 18; 1; 28; 28; 1
12; 12R; <; 5; 16; 1; 34; 34; 1
12; 12R; <; 6; 8; 1; 38; 38; 1
13; 13H; >; 1; 8; 2; 0; 0; 1
13; 13H; >; 2; 16; 2; 4; 4; 1
13; 13H; >; 3; 10; 2; 10; 10; 1
13; 13H; >; 4; 11; 2; 15; 15; 1
13; 13H; >; 5; 14; 2; 23; 23; 1
13; 13H; >; 6; 23; 2; 27; 27; 1
13; 13H; >; 1; 8; 2; 30; 30; 2
13; 13H; >; 2; 16; 2; 34; 34; 2
13; 13H; >; 3; 10; 2; 40; 40; 2
13; 13H; >; 4; 11; 2; 45; 45; 2
13; 13H; >; 5; 14; 2; 53; 53; 2
13; 13H; >; 6; 23; 2; 57; 57; 2
13; 13R; <; 1; 23; 2; 30; 30; 1
13; 13R; <; 2; 14; 2; 34; 34; 1
13; 13R; <; 3; 11; 2; 42; 42; 1
13; 13R; <; 4; 10; 2; 47; 47; 1
13; 13R; <; 5; 16; 2; 53; 53; 1
13; 13R; <; 6; 8; 2; 57; 57; 1
13; 13R; <; 1; 23; 2; 0; 0; 2
13; 13R; <; 2; 14; 2; 4; 4; 2
13; 13R; <; 3; 11; 2; 12; 12; 2
13; 13R; <; 4; 10; 2; 17; 17; 2
13; 13R; <; 5; 16; 2; 23; 23; 2
13; 13R; <; 6; 8; 2; 27; 27; 2
14; 14H; >; 1; 8; 3; 0; 0; 1
14; 14H; >; 2; 16; 3; 4; 4; 1
14; 14H; >; 3; 10; 3; 10; 10; 1
14; 14H; >; 4; 11; 3; 15; 15; 1
14; 14H; >; 5; 12; 3; 20; 20; 1
14; 14H; >; 6; 13; 3; 36; 36; 1
14; 14H; >; 1; 8; 3; 20; 20; 2
14; 14H; >; 2; 16; 3; 24; 24; 2
14; 14H; >; 3; 10; 3; 30; 30; 2
14; 14H; >; 4; 11; 3; 35; 35; 2
14; 14H; >; 5; 12; 3; 40; 40; 2
14; 14H; >; 6; 13; 3; 56; 56; 2
14; 14H; >; 1; 8; 3; 40; 40; 3
14; 14H; >; 2; 16; 3; 44; 44; 3
14; 14H; >; 3; 10; 3; 50; 50; 3
14; 14H; >; 4; 11; 3; 55; 55; 3
14; 14H; >; 5; 12; 3; 0; 0; 3
14; 14H; >; 6; 13; 3; 16; 16; 3
14; 14R; <; 1; 13; 3; 0; 0; 1
14; 14R; <; 2; 12; 3; 16; 16; 1
14; 14R; <; 3; 11; 3; 21; 21; 1
14; 14R; <; 4; 10; 3; 26; 26; 1
14; 14R; <; 5; 16; 3; 32; 32; 1
14; 14R; <; 6; 8; 3; 36; 36; 1
14; 14R; <; 1; 13; 3; 20; 20; 2
14; 14R; <; 2; 12; 3; 36; 36; 2
14; 14R; <; 3; 11; 3; 41; 41; 2
14; 14R; <; 4; 10; 3; 46; 46; 2
14; 14R; <; 5; 16; 3; 52; 52; 2
14; 14R; <; 6; 8; 3; 56; 56; 2
14; 14R; <; 1; 13; 3; 40; 40; 3
14; 14R; <; 2; 12; 3; 56; 56; 3
14; 14R; <; 3; 11; 3; 1; 1; 3
14; 14R; <; 4; 10; 3; 6; 6; 3
14; 14R; <; 5; 16; 3; 12; 12; 3
14; 14R; <; 6; 8; 3; 16; 16; 3
15; 15H; >; 1; 7; 1; 0; 0; 1
15; 15H; >; 2; 18; 1; 4; 4; 1
15; 15H; >; 3; 20; 1; 21; 21; 1
15; 15H; >; 4; 22; 1; 29; 29; 1
15; 15H; >; 5; 23; 1; 34; 34; 1
15; 15H; >; 6; 14; 1; 38; 38; 1
15; 15R; <; 1; 14; 1; 0; 0; 1
15; 15R; <; 2; 23; 1; 4; 4; 1
15; 15R; <; 3; 22; 1; 9; 9; 1
15; 15R; <; 4; 20; 1; 17; 17; 1
15; 15R; <; 5; 18; 1; 34; 34; 1
15; 15R; <; 6; 7; 1; 38; 38; 1
16; 16H; >; 1; 7; 1; 0; 0; 1
16; 16H; >; 2; 18; 1; 4; 4; 1
16; 16H; >; 3; 20; 1; 21; 21; 1
16; 16H; >; 4; 21; 1; 27; 27; 1
16; 16H; >; 5; 24; 1; 32; 32; 1
16; 16H; >; 6; 13; 1; 37; 37; 1
16; 16R; <; 1; 13; 1; 0; 0; 1
16; 16R; <; 2; 24; 1; 5; 5; 1
16; 16R; <; 3; 21; 1; 10; 10; 1
16; 16R; <; 4; 20; 1; 16; 16; 1
16; 16R; <; 5; 18; 1; 33; 33; 1
16; 16R; <; 6; 7; 1; 37; 37; 1
21; 21H; >; 1; 4; 1; 0; 0; 1
21; 21H; >; 2; 11; 1; 7; 7; 1
21; 21H; >; 3; 10; 1; 12; 12; 1
21; 21H; >; 4; 15; 1; 20; 20; 1
21; 21H; >; 5; 22; 1; 24; 24; 1
21; 21H; >; 6; 21; 1; 29; 29; 1
21; 21R; <; 1; 21; 1; 30; 30; 1
21; 21R; <; 2; 22; 1; 35; 35; 1
21; 21R; <; 3; 15; 1; 39; 39; 1
21; 21R; <; 4; 10; 1; 47; 47; 1
21; 21R; <; 5; 11; 1; 52; 52; 1
21; 21R; <; 6; 4; 1; 59; 59; 1
23; 23H; >; 1; 3; 1; 0; 0; 1
23; 23H; >; 2; 4; 1; 5; 5; 1
23; 23H; >; 3; 11; 1; 12; 12; 1
23; 23H; >; 4; 10; 1; 17; 17; 1
23; 23H; >; 5; 16; 1; 23; 23; 1
23; 23H; >; 6; 18; 1; 29; 29; 1
23; 23R; <; 1; 18; 1; 30; 30; 1
23; 23R; <; 2; 16; 1; 36; 36; 1
23; 23R; <; 3; 10; 1; 42; 42; 1
23; 23R; <; 4; 11; 1; 47; 47; 1
23; 23R; <; 5; 4; 1; 54; 54; 1
23; 23R; <; 6; 3; 1; 59; 59; 1
24; 24H; >; 1; 3; 1; 0; 0; 1
24; 24H; >; 2; 4; 1; 5; 5; 1
24; 24H; >; 3; 11; 1; 12; 12; 1
24; 24H; >; 4; 10; 1; 17; 17; 1
24; 24H; >; 5; 15; 1; 25; 25; 1
24; 24H; >; 6; 22; 1; 29; 29; 1
24; 24R; <; 1; 22; 1; 30; 30; 1
24; 24R; <; 2; 15; 1; 34; 34; 1
24; 24R; <; 3; 10; 1; 42; 42; 1
24; 24R; <; 4; 11; 1; 47; 47; 1
24; 24R; <; 5; 4; 1; 54; 54; 1
24; 24R; <; 6; 3; 1; 59; 59; 1
25; 25H; >; 1; 3; 1; 0; 0; 1
25; 25H; >; 2; 4; 1; 5; 5; 1
25; 25H; >; 3; 11; 1; 12; 12; 1
25; 25H; >; 4; 10; 1; 17; 17; 1
25; 25H; >; 5; 15; 1; 25; 25; 1
25; 25H; >; 6; 19; 1; 31; 31; 1
25; 25R; <; 1; 19; 1; 0; 0; 1
25; 25R; <; 2; 15; 1; 6; 6; 1
25; 25R; <; 3; 10; 1; 14; 14; 1
25; 25R; <; 4; 11; 1; 19; 19; 1
25; 25R; <; 5; 4; 1; 26; 26; 1
25; 25R; <; 6; 3; 1; 31; 31; 1
26; 26H; >; 1; 3; 1; 0; 0; 1
26; 26H; >; 2; 4; 1; 5; 5; 1
26; 26H; >; 3; 5; 1; 10; 10; 1
26; 26H; >; 4; 9; 1; 14; 14; 1
26; 26H; >; 5; 8; 1; 20; 20; 1
26; 26H; >; 6; 7; 1; 26; 26; 1
26; 26R; <; 1; 7; 1; 30; 30; 1
26; 26R; <; 2; 8; 1; 36; 36; 1
26; 26R; <; 3; 9; 1; 42; 42; 1
26; 26R; <; 4; 5; 1; 46; 46; 1
26; 26R; <; 5; 4; 1; 51; 51; 1
26; 26R; <; 6; 3; 1; 56; 56; 1
27; 27H; >; 1; 2; 2; 0; 0; 1
27; 27H; >; 2; 6; 2; 4; 4; 1
27; 27H; >; 3; 8; 2; 8; 8; 1
27; 27H; >; 4; 16; 2; 12; 12; 1
27; 27H; >; 5; 17; 2; 16; 16; 1
27; 27H; >; 6; 19; 2; 20; 20; 1
27; 27H; >; 1; 2; 2; 30; 30; 2
27; 27H; >; 2; 6; 2; 34; 34; 2
27; 27H; >; 3; 8; 2; 38; 38; 2
27; 27H; >; 4; 16; 2; 42; 42; 2
27; 27H; >; 5; 17; 2; 46; 46; 2
27; 27H; >; 6; 19; 2; 50; 50; 2
27; 27R; <; 1; 19; 2; 30; 30; 1
27; 27R; <; 2; 17; 2; 34; 34; 1
27; 27R; <; 3; 16; 2; 38; 38; 1
27; 27R; <; 4; 8; 2; 42; 42; 1
27; 27R; <; 5; 6; 2; 46; 46; 1
27; 27R; <; 6; 2; 2; 50; 50; 1
27; 27R; <; 1; 19; 2; 0; 0; 2
27; 27R; <; 2; 17; 2; 4; 4; 2
27; 27R; <; 3; 16; 2; 8; 8; 2
27; 27R; <; 4; 8; 2; 12; 12; 2
27; 27R; <; 5; 6; 2; 16; 16; 2
27; 27R; <; 6; 2; 2; 20; 20; 2
28; 28H; >; 1; 2; 3; 0; 0; 1
28; 28H; >; 2; 6; 3; 4; 4; 1
28; 28H; >; 3; 8; 3; 8; 8; 1
28; 28H; >; 4; 9; 3; 14; 14; 1
28; 28H; >; 5; 10; 3; 18; 18; 1
28; 28H; >; 6; 15; 3; 26; 26; 1
28; 28H; >; 1; 2; 3; 20; 20; 2
28; 28H; >; 2; 6; 3; 24; 24; 2
28; 28H; >; 3; 8; 3; 28; 28; 2
28; 28H; >; 4; 9; 3; 34; 34; 2
28; 28H; >; 5; 10; 3; 38; 38; 2
28; 28H; >; 6; 15; 3; 46; 46; 2
28; 28H; >; 1; 2; 3; 40; 40; 3
28; 28H; >; 2; 6; 3; 44; 44; 3
28; 28H; >; 3; 8; 3; 48; 48; 3
28; 28H; >; 4; 9; 3; 54; 54; 3
28; 28H; >; 5; 10; 3; 58; 58; 3
28; 28H; >; 6; 15; 3; 6; 6; 3
28; 28R; <; 1; 15; 3; 30; 30; 1
28; 28R; <; 2; 10; 3; 38; 38; 1
28; 28R; <; 3; 9; 3; 42; 42; 1
28; 28R; <; 4; 8; 3; 48; 48; 1
28; 28R; <; 5; 6; 3; 52; 52; 1
28; 28R; <; 6; 2; 3; 56; 56; 1
28; 28R; <; 1; 15; 3; 50; 50; 2
28; 28R; <; 2; 10; 3; 58; 58; 2
28; 28R; <; 3; 9; 3; 2; 2; 2
28; 28R; <; 4; 8; 3; 8; 8; 2
28; 28R; <; 5; 6; 3; 12; 12; 2
28; 28R; <; 6; 2; 3; 16; 16; 2
28; 28R; <; 1; 15; 3; 10; 10; 3
28; 28R; <; 2; 10; 3; 18; 18; 3
28; 28R; <; 3; 9; 3; 22; 22; 3
28; 28R; <; 4; 8; 3; 28; 28; 3
28; 28R; <; 5; 6; 3; 32; 32; 3
28; 28R; <; 6; 2; 3; 36; 36; 3
29; 29H; >; 1; 1; 2; 0; 0; 1
29; 29H; >; 2; 3; 2; 4; 4; 1
29; 29H; >; 3; 12; 2; 11; 11; 1
29; 29H; >; 4; 11; 2; 16; 16; 1
29; 29H; >; 5; 14; 2; 24; 24; 1
29; 29H; >; 6; 15; 2; 29; 29; 1
29; 29H; >; 1; 1; 2; 30; 30; 2
29; 29H; >; 2; 3; 2; 34; 34; 2
29; 29H; >; 3; 12; 2; 41; 41; 2
29; 29H; >; 4; 11; 2; 46; 46; 2
29; 29H; >; 5; 14; 2; 54; 54; 2
29; 29H; >; 6; 15; 2; 59; 59; 2
29; 29R; <; 1; 15; 2; 30; 30; 1
29; 29R; <; 2; 14; 2; 35; 35; 1
29; 29R; <; 3; 11; 2; 43; 43; 1
29; 29R; <; 4; 12; 2; 48; 48; 1
29; 29R; <; 5; 3; 2; 55; 55; 1
29; 29R; <; 6; 1; 2; 59; 59; 1
29; 29R; <; 1; 15; 2; 0; 0; 2
29; 29R; <; 2; 14; 2; 5; 5; 2
29; 29R; <; 3; 11; 2; 13; 13; 2
29; 29R; <; 4; 12; 2; 18; 18; 2
29; 29R; <; 5; 3; 2; 25; 25; 2
29; 29R; <; 6; 1; 2; 29; 29; 2
30; 30H; >; 1; 17; 2; 0; 0; 1
30; 30H; >; 2; 19; 2; 4; 4; 1
30; 30H; >; 3; 20; 2; 12; 12; 1
30; 30H; >; 4; 21; 2; 18; 18; 1
30; 30H; >; 5; 24; 2; 23; 23; 1
30; 30H; >; 1; 17; 2; 30; 30; 2
30; 30H; >; 2; 19; 2; 34; 34; 2
30; 30H; >; 3; 20; 2; 42; 42; 2
30; 30H; >; 4; 21; 2; 48; 48; 2
30; 30H; >; 5; 24; 2; 53; 53; 2
30; 30R; <; 1; 24; 2; 30; 30; 1
30; 30R; <; 2; 21; 2; 35; 35; 1
30; 30R; <; 3; 20; 2; 41; 41; 1
30; 30R; <; 4; 19; 2; 49; 49; 1
30; 30R; <; 5; 17; 2; 53; 53; 1
30; 30R; <; 1; 24; 2; 0; 0; 2
30; 30R; <; 2; 21; 2; 5; 5; 2
30; 30R; <; 3; 20; 2; 11; 11; 2
30; 30R; <; 4; 19; 2; 19; 19; 2
30; 30R; <; 5; 17; 2; 23; 23; 2
31; 31H; >; 1; 17; 3; 10; 10; 1
31; 31H; >; 2; 19; 3; 14; 14; 1
31; 31H; >; 3; 15; 3; 20; 20; 1
31; 31H; >; 4; 22; 3; 24; 24; 1
31; 31H; >; 5; 23; 3; 29; 29; 1
31; 31H; >; 1; 17; 3; 30; 30; 2
31; 31H; >; 2; 19; 3; 34; 34; 2
31; 31H; >; 3; 15; 3; 40; 40; 2
31; 31H; >; 4; 22; 3; 44; 44; 2
31; 31H; >; 5; 23; 3; 49; 49; 2
31; 31H; >; 1; 17; 3; 50; 50; 3
31; 31H; >; 2; 19; 3; 54; 54; 3
31; 31H; >; 3; 15; 3; 0; 0; 3
31; 31H; >; 4; 22; 3; 4; 4; 3
31; 31H; >; 5; 23; 3; 9; 9; 3
31; 31R; <; 1; 23; 3; 40; 40; 1
31; 31R; <; 2; 22; 3; 45; 45; 1
31; 31R; <; 3; 15; 3; 49; 49; 1
31; 31R; <; 4; 19; 3; 55; 55; 1
31; 31R; <; 5; 17; 3; 59; 59; 1
31; 31R; <; 1; 23; 3; 0; 0; 2
31; 31R; <; 2; 22; 3; 5; 5; 2
31; 31R; <; 3; 15; 3; 9; 9; 2
31; 31R; <; 4; 19; 3; 15; 15; 2
31; 31R; <; 5; 17; 3; 19; 19; 2
31; 31R; <; 1; 23; 3; 20; 20; 3
31; 31R; <; 2; 22; 3; 25; 25; 3
31; 31R; <; 3; 15; 3; 29; 29; 3
31; 31R; <; 4; 19; 3; 35; 35; 3
31; 31R; <; 5; 17; 3; 39; 39; 3
32; 32H; >; 1; 15; 2; 0; 0; 1
32; 32H; >; 2; 22; 2; 4; 4; 1
32; 32H; >; 3; 23; 2; 9; 9; 1
32; 32H; >; 4; 24; 2; 14; 14; 1
32; 32H; >; 5; 13; 2; 19; 19; 1
32; 32H; >; 1; 15; 2; 30; 30; 2
32; 32H; >; 2; 22; 2; 34; 34; 2
32; 32H; >; 3; 23; 2; 39; 39; 2
32; 32H; >; 4; 24; 2; 44; 44; 2
32; 32H; >; 5; 13; 2; 49; 49; 2
32; 32R; <; 1; 13; 2; 30; 30; 1
32; 32R; <; 2; 24; 2; 35; 35; 1
32; 32R; <; 3; 23; 2; 40; 40; 1
32; 32R; <; 4; 22; 2; 45; 45; 1
32; 32R; <; 5; 15; 2; 49; 49; 1
32; 32R; <; 1; 13; 2; 0; 0; 2
32; 32R; <; 2; 24; 2; 5; 5; 2
32; 32R; <; 3; 23; 2; 10; 10; 2
32; 32R; <; 4; 22; 2; 15; 15; 2
32; 32R; <; 5; 15; 2; 19; 19; 2
33; 33H; >; 1; 14; 1; 0; 0; 1
33; 33H; >; 2; 15; 1; 5; 5; 1
33; 33H; >; 3; 10; 1; 13; 13; 1
33; 33H; >; 4; 16; 1; 19; 19; 1
33; 33H; >; 5; 18; 1; 25; 25; 1
33; 33R; <; 1; 18; 1; 30; 30; 1
33; 33R; <; 2; 16; 1; 36; 36; 1
33; 33R; <; 3; 10; 1; 42; 42; 1
33; 33R; <; 4; 15; 1; 50; 50; 1
33; 33R; <; 5; 14; 1; 55; 55; 1
34; 34H; >; 1; 11; 1; 0; 0; 1
34; 34H; >; 2; 14; 1; 8; 8; 1
34; 34H; >; 3; 15; 1; 13; 13; 1
34; 34H; >; 4; 22; 1; 17; 17; 1
34; 34H; >; 5; 21; 1; 22; 22; 1
34; 34R; <; 1; 21; 1; 30; 30; 1
34; 34R; <; 2; 22; 1; 35; 35; 1
34; 34R; <; 3; 15; 1; 39; 39; 1
34; 34R; <; 4; 14; 1; 44; 44; 1
34; 34R; <; 5; 11; 1; 52; 52; 1
35; 35H; >; 1; 13; 1; 0; 0; 1
35; 35H; >; 2; 24; 1; 5; 5; 1
35; 35H; >; 3; 21; 1; 10; 10; 1
35; 35H; >; 4; 22; 1; 15; 15; 1
35; 35H; >; 5; 15; 1; 19; 19; 1
35; 35R; <; 1; 15; 1; 30; 30; 1
35; 35R; <; 2; 22; 1; 34; 34; 1
35; 35R; <; 3; 21; 1; 39; 39; 1
35; 35R; <; 4; 24; 1; 44; 44; 1
35; 35R; <; 5; 13; 1; 49; 49; 1
36; 36H; >; 1; 13; 1; 0; 0; 1
36; 36H; >; 2; 24; 1; 5; 5; 1
36; 36H; >; 3; 21; 1; 10; 10; 1
36; 36H; >; 4; 20; 1; 16; 16; 1
36; 36H; >; 5; 19; 1; 24; 24; 1
36; 36R; <; 1; 19; 1; 30; 30; 1
36; 36R; <; 2; 20; 1; 38; 38; 1
36; 36R; <; 3; 21; 1; 44; 44; 1
36; 36R; <; 4; 24; 1; 49; 49; 1
36; 36R; <; 5; 13; 1; 54; 54; 1
39; 39H; >; 1; 9; 1; 0; 0; 1
39; 39H; >; 2; 10; 1; 4; 4; 1
39; 39H; >; 3; 15; 1; 12; 12; 1
39; 39H; >; 4; 22; 1; 16; 16; 1
39; 39H; >; 5; 23; 1; 21; 21; 1
39; 39R; <; 1; 23; 1; 30; 30; 1
39; 39R; <; 2; 22; 1; 35; 35; 1
39; 39R; <; 3; 15; 1; 39; 39; 1
39; 39R; <; 4; 10; 1; 47; 47; 1
39; 39R; <; 5; 9; 1; 51; 51; 1
40; 40H; >; 1; 9; 1; 0; 0; 1
40; 40H; >; 2; 10; 1; 4; 4; 1
40; 40H; >; 3; 15; 1; 12; 12; 1
40; 40H; >; 4; 22; 1; 16; 16; 1
40; 40H; >; 5; 20; 1; 24; 24; 1
40; 40R; <; 1; 20; 1; 30; 30; 1
40; 40R; <; 2; 22; 1; 38; 38; 1
40; 40R; <; 3; 15; 1; 42; 42; 1
40; 40R; <; 4; 10; 1; 50; 50; 1
40; 40R; <; 5; 9; 1; 54; 54; 1
41; 41H; >; 1; 9; 1; 0; 0; 1
41; 41H; >; 2; 10; 1; 4; 4; 1
41; 41H; >; 3; 11; 1; 9; 9; 1
41; 41H; >; 4; 12; 1; 14; 14; 1
41; 41H; >; 5; 13; 1; 30; 30; 1
41; 41R; <; 1; 13; 1; 30; 30; 1
41; 41R; <; 2; 12; 1; 46; 46; 1
41; 41R; <; 3; 11; 1; 51; 51; 1
41; 41R; <; 4; 10; 1; 56; 56; 1
41; 41R; <; 5; 9; 1; 0; 0; 1
42; 42H; >; 1; 8; 1; 0; 0; 1
42; 42H; >; 2; 16; 1; 4; 4; 1
42; 42H; >; 3; 10; 1; 10; 10; 1
42; 42H; >; 4; 15; 1; 18; 18; 1
42; 42H; >; 5; 22; 1; 22; 22; 1
42; 42R; <; 1; 22; 1; 30; 30; 1
42; 42R; <; 2; 15; 1; 34; 34; 1
42; 42R; <; 3; 10; 1; 42; 42; 1
42; 42R; <; 4; 16; 1; 48; 48; 1
42; 42R; <; 5; 8; 1; 52; 52; 1
43; 43H; >; 1; 7; 1; 0; 0; 1
43; 43H; >; 2; 8; 1; 6; 6; 1
43; 43H; >; 3; 9; 1; 12; 12; 1
43; 43H; >; 4; 10; 1; 16; 16; 1
43; 43H; >; 5; 15; 1; 24; 24; 1
43; 43R; <; 1; 15; 1; 30; 30; 1
43; 43R; <; 2; 10; 1; 38; 38; 1
43; 43R; <; 3; 9; 1; 42; 42; 1
43; 43R; <; 4; 8; 1; 48; 48; 1
43; 43R; <; 5; 7; 1; 54; 54; 1
44; 44H; >; 1; 5; 1; 0; 0; 1
44; 44H; >; 2; 6; 1; 6; 6; 1
44; 44H; >; 3; 8; 1; 10; 10; 1
44; 44H; >; 4; 7; 1; 16; 16; 1
44; 44H; >; 5; 18; 1; 20; 20; 1
44; 44R; <; 1; 18; 1; 30; 30; 1
44; 44R; <; 2; 7; 1; 34; 34; 1
44; 44R; <; 3; 8; 1; 40; 40; 1
44; 44R; <; 4; 6; 1; 44; 44; 1
44; 44R; <; 5; 5; 1; 50; 50; 1
45; 45H; >; 1; 3; 2; 0; 0; 1
45; 45H; >; 2; 4; 2; 5; 5; 1
45; 45H; >; 3; 11; 2; 12; 12; 1
45; 45H; >; 4; 14; 2; 20; 20; 1
45; 45H; >; 5; 23; 2; 24; 24; 1
45; 45H; >; 1; 3; 2; 30; 30; 2
45; 45H; >; 2; 4; 2; 35; 35; 2
45; 45H; >; 3; 11; 2; 42; 42; 2
45; 45H; >; 4; 14; 2; 50; 50; 2
45; 45H; >; 5; 23; 2; 54; 54; 2
45; 45R; <; 1; 23; 2; 30; 30; 1
45; 45R; <; 2; 14; 2; 34; 34; 1
45; 45R; <; 3; 11; 2; 42; 42; 1
45; 45R; <; 4; 4; 2; 49; 49; 1
45; 45R; <; 5; 3; 2; 54; 54; 1
45; 45R; <; 1; 23; 2; 0; 0; 2
45; 45R; <; 2; 14; 2; 4; 4; 2
45; 45R; <; 3; 11; 2; 12; 12; 2
45; 45R; <; 4; 4; 2; 19; 19; 2
45; 45R; <; 5; 3; 2; 24; 24; 2
46; 46H; >; 1; 3; 2; 21; 21; 1
46; 46H; >; 2; 4; 2; 26; 26; 1
46; 46H; >; 3; 11; 2; 33; 33; 1
46; 46H; >; 4; 10; 2; 38; 38; 1
46; 46H; >; 5; 17; 2; 45; 45; 1
46; 46H; >; 1; 3; 2; 51; 51; 2
46; 46H; >; 2; 4; 2; 56; 56; 2
46; 46H; >; 3; 11; 2; 3; 3; 2
46; 46H; >; 4; 10; 2; 8; 8; 2
46; 46H; >; 5; 17; 2; 15; 15; 2
46; 46R; <; 1; 17; 2; 51; 51; 1
46; 46R; <; 2; 10; 2; 58; 58; 1
46; 46R; <; 3; 11; 2; 3; 3; 1
46; 46R; <; 4; 4; 2; 10; 10; 1
46; 46R; <; 5; 3; 2; 15; 15; 1
46; 46R; <; 1; 17; 2; 21; 21; 2
46; 46R; <; 2; 10; 2; 28; 28; 2
46; 46R; <; 3; 11; 2; 33; 33; 2
46; 46R; <; 4; 4; 2; 40; 40; 2
46; 46R; <; 5; 3; 2; 45; 45; 2
47; 47H; >; 1; 1; 2; 0; 0; 1
47; 47H; >; 2; 2; 2; 16; 16; 1
47; 47H; >; 3; 6; 2; 20; 20; 1
47; 47H; >; 4; 8; 2; 24; 24; 1
47; 47H; >; 5; 16; 2; 28; 28; 1
47; 47H; >; 1; 1; 2; 30; 30; 2
47; 47H; >; 2; 2; 2; 46; 46; 2
47; 47H; >; 3; 6; 2; 50; 50; 2
47; 47H; >; 4; 8; 2; 54; 54; 2
47; 47H; >; 5; 16; 2; 58; 58; 2
47; 47R; <; 1; 16; 2; 30; 30; 1
47; 47R; <; 2; 8; 2; 34; 34; 1
47; 47R; <; 3; 6; 2; 38; 38; 1
47; 47R; <; 4; 2; 2; 42; 42; 1
47; 47R; <; 5; 1; 2; 58; 58; 1
47; 47R; <; 1; 16; 2; 0; 0; 2
47; 47R; <; 2; 8; 2; 4; 4; 2
47; 47R; <; 3; 6; 2; 8; 8; 2
47; 47R; <; 4; 2; 2; 12; 12; 2
47; 47R; <; 5; 1; 2; 28; 28; 2
50; 50H; >; 1; 14; 1; 0; 0; 1
50; 50H; >; 2; 15; 1; 5; 5; 1
50; 50H; >; 3; 19; 1; 11; 11; 1
50; 50H; >; 4; 17; 1; 15; 15; 1
50; 50R; <; 1; 17; 1; 30; 30; 1
50; 50R; <; 2; 19; 1; 34; 34; 1
50; 50R; <; 3; 15; 1; 40; 40; 1
50; 50R; <; 4; 14; 1; 45; 45; 1
52; 52H; >; 1; 11; 1; 0; 0; 1
52; 52H; >; 2; 14; 1; 8; 8; 1
52; 52H; >; 3; 23; 1; 12; 12; 1
52; 52H; >; 4; 24; 1; 17; 17; 1
52; 52R; <; 1; 24; 1; 30; 30; 1
52; 52R; <; 2; 23; 1; 35; 35; 1
52; 52R; <; 3; 14; 1; 39; 39; 1
52; 52R; <; 4; 11; 1; 47; 47; 1
54; 54H; >; 1; 13; 1; 0; 0; 1
54; 54H; >; 2; 24; 1; 5; 5; 1
54; 54H; >; 3; 23; 1; 10; 10; 1
54; 54H; >; 4; 14; 1; 14; 14; 1
54; 54R; <; 1; 14; 1; 30; 30; 1
54; 54R; <; 2; 23; 1; 34; 34; 1
54; 54R; <; 3; 24; 1; 39; 39; 1
54; 54R; <; 4; 13; 1; 44; 44; 1
56; 56H; >; 1; 10; 1; 0; 0; 1
56; 56H; >; 2; 16; 1; 6; 6; 1
56; 56H; >; 3; 18; 1; 12; 12; 1
56; 56H; >; 4; 7; 1; 16; 16; 1
56; 56R; <; 1; 7; 1; 30; 30; 1
56; 56R; <; 2; 18; 1; 34; 34; 1
56; 56R; <; 3; 16; 1; 40; 40; 1
56; 56R; <; 4; 10; 1; 46; 46; 1
57; 57H; >; 1; 9; 1; 0; 0; 1
57; 57H; >; 2; 10; 1; 4; 4; 1
57; 57H; >; 3; 17; 1; 11; 11; 1
57; 57H; >; 4; 19; 1; 15; 15; 1
57; 57R; <; 1; 19; 1; 30; 30; 1
57; 57R; <; 2; 17; 1; 34; 34; 1
57; 57R; <; 3; 10; 1; 41; 41; 1
57; 57R; <; 4; 9; 1; 45; 45; 1
60; 60H; >; 1; 7; 2; 0; 0; 1
60; 60H; >; 2; 8; 2; 6; 6; 1
60; 60H; >; 3; 16; 2; 10; 10; 1
60; 60H; >; 4; 17; 2; 14; 14; 1
60; 60H; >; 1; 7; 2; 30; 30; 2
60; 60H; >; 2; 8; 2; 36; 36; 2
60; 60H; >; 3; 16; 2; 40; 40; 2
60; 60H; >; 4; 17; 2; 44; 44; 2
60; 60R; <; 1; 17; 2; 30; 30; 1
60; 60R; <; 2; 16; 2; 34; 34; 1
60; 60R; <; 3; 8; 2; 38; 38; 1
60; 60R; <; 4; 7; 2; 44; 44; 1
60; 60R; <; 1; 17; 2; 0; 0; 2
60; 60R; <; 2; 16; 2; 4; 4; 2
60; 60R; <; 3; 8; 2; 8; 8; 2
60; 60R; <; 4; 7; 2; 14; 14; 2
61; 61H; >; 1; 5; 1; 0; 0; 1
61; 61H; >; 2; 9; 1; 4; 4; 1
61; 61H; >; 3; 10; 1; 8; 8; 1
61; 61H; >; 4; 17; 1; 15; 15; 1
61; 61R; <; 1; 17; 1; 30; 30; 1
61; 61R; <; 2; 10; 1; 37; 37; 1
61; 61R; <; 3; 9; 1; 41; 41; 1
61; 61R; <; 4; 5; 1; 45; 45; 1
62; 62H; >; 1; 5; 3; 37; 37; 1
62; 62H; >; 2; 9; 3; 41; 41; 1
62; 62H; >; 3; 10; 3; 45; 45; 1
62; 62H; >; 4; 16; 3; 51; 51; 1
62; 62H; >; 1; 5; 3; 57; 57; 2
62; 62H; >; 2; 9; 3; 1; 1; 2
62; 62H; >; 3; 10; 3; 5; 5; 2
62; 62H; >; 4; 16; 3; 11; 11; 2
62; 62H; >; 1; 5; 3; 17; 17; 3
62; 62H; >; 2; 9; 3; 21; 21; 3
62; 62H; >; 3; 10; 3; 25; 25; 3
62; 62H; >; 4; 16; 3; 31; 31; 3
62; 62R; <; 1; 16; 3; 7; 7; 1
62; 62R; <; 2; 10; 3; 13; 13; 1
62; 62R; <; 3; 9; 3; 17; 17; 1
62; 62R; <; 4; 5; 3; 21; 21; 1
62; 62R; <; 1; 16; 3; 27; 27; 2
62; 62R; <; 2; 10; 3; 33; 33; 2
62; 62R; <; 3; 9; 3; 37; 37; 2
62; 62R; <; 4; 5; 3; 41; 41; 2
62; 62R; <; 1; 16; 3; 47; 47; 3
62; 62R; <; 2; 10; 3; 53; 53; 3
62; 62R; <; 3; 9; 3; 57; 57; 3
62; 62R; <; 4; 5; 3; 1; 1; 3
63; 63H; >; 1; 4; 1; 0; 0; 1
63; 63H; >; 2; 5; 1; 5; 5; 1
63; 63H; >; 3; 6; 1; 11; 11; 1
63; 63H; >; 4; 2; 1; 15; 15; 1
63; 63R; <; 1; 2; 1; 30; 30; 1
63; 63R; <; 2; 6; 1; 34; 34; 1
63; 63R; <; 3; 5; 1; 40; 40; 1
63; 63R; <; 4; 4; 1; 45; 45; 1
69; 69H; >; 1; 21; 1; 0; 0; 1
69; 69H; >; 2; 24; 1; 5; 5; 1
69; 69H; >; 3; 13; 1; 10; 10; 1
69; 69H; >; 4; 12; 1; 26; 26; 1
69; 69H; >; 5; 3; 1; 33; 33; 1
69; 69H; >; 6; 4; 1; 38; 38; 1
69; 69H; >; 7; 5; 1; 43; 43; 1
69; 69H; >; 8; 6; 1; 49; 49; 1
69; 69H; >; 9; 2; 1; 53; 53; 1
69; 69R; <; 1; 2; 1; 0; 0; 1
69; 69R; <; 2; 6; 1; 4; 4; 1
69; 69R; <; 3; 5; 1; 10; 10; 1
69; 69R; <; 4; 4; 1; 15; 15; 1
69; 69R; <; 5; 3; 1; 20; 20; 1
69; 69R; <; 6; 12; 1; 27; 27; 1
69; 69R; <; 7; 13; 1; 43; 43; 1
69; 69R; <; 8; 24; 1; 48; 48; 1
69; 69R; <; 9; 21; 1; 53; 53; 1
70; 70H; >; 1; 20; 2; 0; 0; 1
70; 70H; >; 2; 22; 2; 8; 8; 1
70; 70H; >; 3; 15; 2; 12; 12; 1
70; 70H; >; 4; 19; 2; 18; 18; 1
70; 70H; >; 5; 17; 2; 22; 22; 1
70; 70H; >; 6; 16; 2; 26; 26; 1
70; 70H; >; 7; 18; 2; 32; 32; 1
70; 70H; >; 8; 7; 2; 36; 36; 1
70; 70H; >; 1; 20; 2; 30; 30; 2
70; 70H; >; 2; 22; 2; 38; 38; 2
70; 70H; >; 3; 15; 2; 42; 42; 2
70; 70H; >; 4; 19; 2; 48; 48; 2
70; 70H; >; 5; 17; 2; 52; 52; 2
70; 70H; >; 6; 16; 2; 56; 56; 2
70; 70H; >; 7; 18; 2; 2; 2; 2
70; 70H; >; 8; 7; 2; 6; 6; 2
70; 70R; <; 1; 7; 2; 0; 0; 1
70; 70R; <; 2; 18; 2; 4; 4; 1
70; 70R; <; 3; 16; 2; 10; 10; 1
70; 70R; <; 4; 17; 2; 14; 14; 1
70; 70R; <; 5; 19; 2; 18; 18; 1
70; 70R; <; 6; 15; 2; 24; 24; 1
70; 70R; <; 7; 22; 2; 28; 28; 1
70; 70R; <; 8; 20; 2; 36; 36; 1
70; 70R; <; 1; 7; 2; 30; 30; 2
70; 70R; <; 2; 18; 2; 34; 34; 2
70; 70R; <; 3; 16; 2; 40; 40; 2
70; 70R; <; 4; 17; 2; 44; 44; 2
70; 70R; <; 5; 19; 2; 48; 48; 2
70; 70R; <; 6; 15; 2; 54; 54; 2
70; 70R; <; 7; 22; 2; 58; 58; 2
70; 70R; <; 8; 20; 2; 6; 6; 2
71; 71H; >; 1; 20; 1; 0; 0; 1
71; 71H; >; 2; 21; 1; 6; 6; 1
71; 71H; >; 3; 22; 1; 11; 11; 1
71; 71H; >; 4; 15; 1; 15; 15; 1
71; 71H; >; 5; 10; 1; 23; 23; 1
71; 71H; >; 6; 11; 1; 28; 28; 1
71; 71H; >; 7; 12; 1; 33; 33; 1
71; 71R; <; 1; 12; 1; 0; 0; 1
71; 71R; <; 2; 11; 1; 5; 5; 1
71; 71R; <; 3; 10; 1; 10; 10; 1
71; 71R; <; 4; 15; 1; 18; 18; 1
71; 71R; <; 5; 22; 1; 22; 22; 1
71; 71R; <; 6; 21; 1; 27; 27; 1
71; 71R; <; 7; 20; 1; 33; 33; 1
72; 72H; >; 1; 20; 1; 0; 0; 1
72; 72H; >; 2; 21; 1; 6; 6; 1
72; 72H; >; 3; 22; 1; 11; 11; 1
72; 72H; >; 4; 15; 1; 15; 15; 1
72; 72H; >; 5; 10; 1; 23; 23; 1
72; 72H; >; 6; 9; 1; 27; 27; 1
72; 72H; >; 7; 5; 1; 31; 31; 1
72; 72R; <; 1; 5; 1; 0; 0; 1
72; 72R; <; 2; 9; 1; 4; 4; 1
72; 72R; <; 3; 10; 1; 8; 8; 1
72; 72R; <; 4; 15; 1; 16; 16; 1
72; 72R; <; 5; 22; 1; 20; 20; 1
72; 72R; <; 6; 21; 1; 25; 25; 1
72; 72R; <; 7; 20; 1; 31; 31; 1
73; 73H; >; 1; 23; 2; 0; 0; 1
73; 73H; >; 2; 14; 2; 4; 4; 1
73; 73H; >; 3; 11; 2; 12; 12; 1
73; 73H; >; 4; 4; 2; 19; 19; 1
73; 73H; >; 5; 5; 2; 24; 24; 1
73; 73H; >; 6; 6; 2; 30; 30; 1
73; 73H; >; 7; 2; 2; 34; 34; 1
73; 73H; >; 1; 23; 2; 30; 30; 2
73; 73H; >; 2; 14; 2; 34; 34; 2
73; 73H; >; 3; 11; 2; 42; 42; 2
73; 73H; >; 4; 4; 2; 49; 49; 2
73; 73H; >; 5; 5; 2; 54; 54; 2
73; 73H; >; 6; 6; 2; 0; 0; 2
73; 73H; >; 7; 2; 2; 4; 4; 2
73; 73R; <; 1; 2; 2; 0; 0; 1
73; 73R; <; 2; 6; 2; 4; 4; 1
73; 73R; <; 3; 5; 2; 10; 10; 1
73; 73R; <; 4; 4; 2; 15; 15; 1
73; 73R; <; 5; 11; 2; 22; 22; 1
73; 73R; <; 6; 14; 2; 30; 30; 1
73; 73R; <; 7; 23; 2; 34; 34; 1
73; 73R; <; 1; 2; 2; 30; 30; 2
73; 73R; <; 2; 6; 2; 34; 34; 2
73; 73R; <; 3; 5; 2; 40; 40; 2
73; 73R; <; 4; 4; 2; 45; 45; 2
73; 73R; <; 5; 11; 2; 52; 52; 2
73; 73R; <; 6; 14; 2; 0; 0; 2
73; 73R; <; 7; 23; 2; 4; 4; 2
74; 74H; >; 1; 17; 1; 0; 0; 1
74; 74H; >; 2; 10; 1; 7; 7; 1
74; 74H; >; 3; 9; 1; 11; 11; 1
74; 74H; >; 4; 5; 1; 15; 15; 1
74; 74H; >; 5; 4; 1; 20; 20; 1
74; 74H; >; 6; 3; 1; 25; 25; 1
74; 74H; >; 7; 1; 1; 29; 29; 1
74; 74R; <; 1; 1; 1; 30; 30; 1
74; 74R; <; 2; 3; 1; 34; 34; 1
74; 74R; <; 3; 4; 1; 39; 39; 1
74; 74R; <; 4; 5; 1; 44; 44; 1
74; 74R; <; 5; 9; 1; 48; 48; 1
74; 74R; <; 6; 10; 1; 52; 52; 1
74; 74R; <; 7; 17; 1; 59; 59; 1
75; 75H; >; 1; 18; 1; 0; 0; 1
75; 75H; >; 2; 7; 1; 4; 4; 1
75; 75H; >; 3; 8; 1; 10; 10; 1
75; 75H; >; 4; 16; 1; 14; 14; 1
75; 75H; >; 5; 10; 1; 20; 20; 1
75; 75H; >; 6; 9; 1; 24; 24; 1
75; 75H; >; 7; 5; 1; 28; 28; 1
75; 75R; <; 1; 5; 1; 30; 30; 1
75; 75R; <; 2; 9; 1; 34; 34; 1
75; 75R; <; 3; 10; 1; 38; 38; 1
75; 75R; <; 4; 16; 1; 44; 44; 1
75; 75R; <; 5; 8; 1; 48; 48; 1
75; 75R; <; 6; 7; 1; 54; 54; 1
75; 75R; <; 7; 18; 1; 58; 58; 1
76; 76H; >; 1; 5; 2; 0; 0; 1
76; 76H; >; 2; 9; 2; 4; 4; 1
76; 76H; >; 3; 10; 2; 8; 8; 1
76; 76H; >; 4; 16; 2; 14; 14; 1
76; 76H; >; 5; 8; 2; 18; 18; 1
76; 76H; >; 6; 6; 2; 22; 22; 1
76; 76H; >; 7; 2; 2; 26; 26; 1
76; 76H; >; 1; 5; 2; 30; 30; 2
76; 76H; >; 2; 9; 2; 34; 34; 2
76; 76H; >; 3; 10; 2; 38; 38; 2
76; 76H; >; 4; 16; 2; 44; 44; 2
76; 76H; >; 5; 8; 2; 48; 48; 2
76; 76H; >; 6; 6; 2; 52; 52; 2
76; 76H; >; 7; 2; 2; 56; 56; 2
76; 76R; <; 1; 2; 2; 30; 30; 1
76; 76R; <; 2; 6; 2; 34; 34; 1
76; 76R; <; 3; 8; 2; 38; 38; 1
76; 76R; <; 4; 16; 2; 42; 42; 1
76; 76R; <; 5; 10; 2; 48; 48; 1
76; 76R; <; 6; 9; 2; 52; 52; 1
76; 76R; <; 7; 5; 2; 56; 56; 1
76; 76R; <; 1; 2; 2; 0; 0; 2
76; 76R; <; 2; 6; 2; 4; 4; 2
76; 76R; <; 3; 8; 2; 8; 8; 2
76; 76R; <; 4; 16; 2; 12; 12; 2
76; 76R; <; 5; 10; 2; 18; 18; 2
76; 76R; <; 6; 9; 2; 22; 22; 2
76; 76R; <; 7; 5; 2; 26; 26; 2
77; 77H; >; 1; 21; 1; 0; 0; 1
77; 77H; >; 2; 24; 1; 5; 5; 1
77; 77H; >; 3; 13; 1; 10; 10; 1
77; 77H; >; 4; 12; 1; 26; 26; 1
77; 77H; >; 5; 3; 1; 33; 33; 1
77; 77H; >; 6; 1; 1; 37; 37; 1
77; 77R; <; 1; 1; 1; 0; 0; 1
77; 77R; <; 2; 3; 1; 4; 4; 1
77; 77R; <; 3; 12; 1; 11; 11; 1
77; 77R; <; 4; 13; 1; 27; 27; 1
77; 77R; <; 5; 24; 1; 32; 32; 1
77; 77R; <; 6; 21; 1; 37; 37; 1
78; 78H; >; 1; 20; 3; 0; 0; 1
78; 78H; >; 2; 21; 3; 6; 6; 1
78; 78H; >; 3; 22; 3; 11; 11; 1
78; 78H; >; 4; 23; 3; 16; 16; 1
78; 78H; >; 5; 24; 3; 21; 21; 1
78; 78H; >; 6; 13; 3; 26; 26; 1
78; 78H; >; 1; 20; 3; 20; 20; 2
78; 78H; >; 2; 21; 3; 26; 26; 2
78; 78H; >; 3; 22; 3; 31; 31; 2
78; 78H; >; 4; 23; 3; 36; 36; 2
78; 78H; >; 5; 24; 3; 41; 41; 2
78; 78H; >; 6; 13; 3; 46; 46; 2
78; 78H; >; 1; 20; 3; 40; 40; 3
78; 78H; >; 2; 21; 3; 46; 46; 3
78; 78H; >; 3; 22; 3; 51; 51; 3
78; 78H; >; 4; 23; 3; 56; 56; 3
78; 78H; >; 5; 24; 3; 1; 1; 3
78; 78H; >; 6; 13; 3; 6; 6; 3
78; 78R; <; 1; 13; 3; 30; 30; 1
78; 78R; <; 2; 24; 3; 35; 35; 1
78; 78R; <; 3; 23; 3; 40; 40; 1
78; 78R; <; 4; 22; 3; 45; 45; 1
78; 78R; <; 5; 21; 3; 50; 50; 1
78; 78R; <; 6; 20; 3; 56; 56; 1
78; 78R; <; 1; 13; 3; 50; 50; 2
78; 78R; <; 2; 24; 3; 55; 55; 2
78; 78R; <; 3; 23; 3; 0; 0; 2
78; 78R; <; 4; 22; 3; 5; 5; 2
78; 78R; <; 5; 21; 3; 10; 10; 2
78; 78R; <; 6; 20; 3; 16; 16; 2
78; 78R; <; 1; 13; 3; 10; 10; 3
78; 78R; <; 2; 24; 3; 15; 15; 3
78; 78R; <; 3; 23; 3; 20; 20; 3
78; 78R; <; 4; 22; 3; 25; 25; 3
78; 78R; <; 5; 21; 3; 30; 30; 3
78; 78R; <; 6; 20; 3; 36; 36; 3
79; 79H; >; 1; 19; 3; 0; 0; 1
79; 79H; >; 2; 17; 3; 4; 4; 1
79; 79H; >; 3; 16; 3; 8; 8; 1
79; 79H; >; 4; 10; 3; 14; 14; 1
79; 79H; >; 5; 11; 3; 19; 19; 1
79; 79H; >; 6; 14; 3; 27; 27; 1
79; 79H; >; 1; 19; 3; 20; 20; 2
79; 79H; >; 2; 17; 3; 24; 24; 2
79; 79H; >; 3; 16; 3; 28; 28; 2
79; 79H; >; 4; 10; 3; 34; 34; 2
79; 79H; >; 5; 11; 3; 39; 39; 2
79; 79H; >; 6; 14; 3; 47; 47; 2
79; 79H; >; 1; 19; 3; 40; 40; 3
79; 79H; >; 2; 17; 3; 44; 44; 3
79; 79H; >; 3; 16; 3; 48; 48; 3
79; 79H; >; 4; 10; 3; 54; 54; 3
79; 79H; >; 5; 11; 3; 59; 59; 3
79; 79H; >; 6; 14; 3; 7; 7; 3
79; 79R; <; 1; 14; 3; 30; 30; 1
79; 79R; <; 2; 11; 3; 38; 38; 1
79; 79R; <; 3; 10; 3; 43; 43; 1
79; 79R; <; 4; 16; 3; 49; 49; 1
79; 79R; <; 5; 17; 3; 53; 53; 1
79; 79R; <; 6; 19; 3; 57; 57; 1
79; 79R; <; 1; 14; 3; 50; 50; 2
79; 79R; <; 2; 11; 3; 58; 58; 2
79; 79R; <; 3; 10; 3; 3; 3; 2
79; 79R; <; 4; 16; 3; 9; 9; 2
79; 79R; <; 5; 17; 3; 13; 13; 2
79; 79R; <; 6; 19; 3; 17; 17; 2
79; 79R; <; 1; 14; 3; 10; 10; 3
79; 79R; <; 2; 11; 3; 18; 18; 3
79; 79R; <; 3; 10; 3; 23; 23; 3
79; 79R; <; 4; 16; 3; 29; 29; 3
79; 79R; <; 5; 17; 3; 33; 33; 3
79; 79R; <; 6; 19; 3; 37; 37; 3
85; 85H; >; 1; 12; 1; 0; 0; 1
85; 85H; >; 2; 11; 1; 5; 5; 1
85; 85H; >; 3; 10; 1; 10; 10; 1
85; 85H; >; 4; 16; 1; 16; 16; 1
85; 85H; >; 5; 18; 1; 22; 22; 1
85; 85H; >; 6; 7; 1; 26; 26; 1
85; 85R; <; 1; 7; 1; 30; 30; 1
85; 85R; <; 2; 18; 1; 34; 34; 1
85; 85R; <; 3; 16; 1; 40; 40; 1
85; 85R; <; 4; 10; 1; 46; 46; 1
85; 85R; <; 5; 11; 1; 51; 51; 1
85; 85R; <; 6; 12; 1; 56; 56; 1
90; 90H; >; 1; 14; 1; 0; 0; 1
90; 90H; >; 2; 11; 1; 8; 8; 1
90; 90H; >; 3; 10; 1; 13; 13; 1
90; 90H; >; 4; 9; 1; 17; 17; 1
90; 90H; >; 5; 5; 1; 21; 21; 1
90; 90R; <; 1; 5; 1; 30; 30; 1
90; 90R; <; 2; 9; 1; 34; 34; 1
90; 90R; <; 3; 10; 1; 38; 38; 1
90; 90R; <; 4; 11; 1; 43; 43; 1
90; 90R; <; 5; 14; 1; 51; 51; 1
92; 92H; >; 1; 12; 1; 0; 0; 1
92; 92H; >; 2; 11; 1; 5; 5; 1
92; 92H; >; 3; 10; 1; 10; 10; 1
92; 92H; >; 4; 9; 1; 14; 14; 1
92; 92H; >; 5; 5; 1; 18; 18; 1
92; 92R; <; 1; 5; 1; 30; 30; 1
92; 92R; <; 2; 9; 1; 34; 34; 1
92; 92R; <; 3; 10; 1; 38; 38; 1
92; 92R; <; 4; 11; 1; 43; 43; 1
92; 92R; <; 5; 12; 1; 48; 48; 1
93; 93H; >; 1; 12; 3; 0; 0; 1
93; 93H; >; 2; 11; 3; 5; 5; 1
93; 93H; >; 3; 4; 3; 12; 12; 1
93; 93H; >; 4; 3; 3; 17; 17; 1
93; 93H; >; 5; 1; 3; 21; 21; 1
93; 93H; >; 1; 12; 3; 20; 20; 2
93; 93H; >; 2; 11; 3; 25; 25; 2
93; 93H; >; 3; 4; 3; 32; 32; 2
93; 93H; >; 4; 3; 3; 37; 37; 2
93; 93H; >; 5; 1; 3; 41; 41; 2
93; 93H; >; 1; 12; 3; 40; 40; 3
93; 93H; >; 2; 11; 3; 45; 45; 3
93; 93H; >; 3; 4; 3; 52; 52; 3
93; 93H; >; 4; 3; 3; 57; 57; 3
93; 93H; >; 5; 1; 3; 1; 1; 3
93; 93R; <; 1; 1; 3; 30; 30; 1
93; 93R; <; 2; 3; 3; 34; 34; 1
93; 93R; <; 3; 4; 3; 39; 39; 1
93; 93R; <; 4; 11; 3; 46; 46; 1
93; 93R; <; 5; 12; 3; 51; 51; 1
93; 93R; <; 1; 1; 3; 50; 50; 2
93; 93R; <; 2; 3; 3; 54; 54; 2
93; 93R; <; 3; 4; 3; 59; 59; 2
93; 93R; <; 4; 11; 3; 6; 6; 2
93; 93R; <; 5; 12; 3; 11; 11; 2
93; 93R; <; 1; 1; 3; 10; 10; 3
93; 93R; <; 2; 3; 3; 14; 14; 3
93; 93R; <; 3; 4; 3; 19; 19; 3
93; 93R; <; 4; 11; 3; 26; 26; 3
93; 93R; <; 5; 12; 3; 31; 31; 3
94; 94H; >; 1; 18; 3; 0; 0; 1
94; 94H; >; 2; 7; 3; 4; 4; 1
94; 94H; >; 3; 8; 3; 10; 10; 1
94; 94H; >; 4; 6; 3; 14; 14; 1
94; 94H; >; 5; 2; 3; 18; 18; 1
94; 94H; >; 1; 18; 3; 20; 20; 2
94; 94H; >; 2; 7; 3; 24; 24; 2
94; 94H; >; 3; 8; 3; 30; 30; 2
94; 94H; >; 4; 6; 3; 34; 34; 2
94; 94H; >; 5; 2; 3; 38; 38; 2
94; 94H; >; 1; 18; 3; 40; 40; 3
94; 94H; >; 2; 7; 3; 44; 44; 3
94; 94H; >; 3; 8; 3; 50; 50; 3
94; 94H; >; 4; 6; 3; 54; 54; 3
94; 94H; >; 5; 2; 3; 58; 58; 3
94; 94R; <; 1; 2; 3; 30; 30; 1
94; 94R; <; 2; 6; 3; 34; 34; 1
94; 94R; <; 3; 8; 3; 38; 38; 1
94; 94R; <; 4; 7; 3; 44; 44; 1
94; 94R; <; 5; 18; 3; 48; 48; 1
94; 94R; <; 1; 2; 3; 50; 50; 2
94; 94R; <; 2; 6; 3; 54; 54; 2
94; 94R; <; 3; 8; 3; 58; 58; 2
94; 94R; <; 4; 7; 3; 4; 4; 2
94; 94R; <; 5; 18; 3; 8; 8; 2
94; 94R; <; 1; 2; 3; 10; 10; 3
94; 94R; <; 2; 6; 3; 14; 14; 3
94; 94R; <; 3; 8; 3; 18; 18; 3
94; 94R; <; 4; 7; 3; 24; 24; 3
94; 94R; <; 5; 18; 3; 28; 28; 3
95; 95H; >; 1; 20; 3; 0; 0; 1
95; 95H; >; 2; 22; 3; 8; 8; 1
95; 95H; >; 3; 23; 3; 13; 13; 1
95; 95H; >; 4; 14; 3; 17; 17; 1
95; 95H; >; 1; 20; 3; 20; 20; 2
95; 95H; >; 2; 22; 3; 28; 28; 2
95; 95H; >; 3; 23; 3; 33; 33; 2
95; 95H; >; 4; 14; 3; 37; 37; 2
95; 95H; >; 1; 20; 3; 40; 40; 3
95; 95H; >; 2; 22; 3; 48; 48; 3
95; 95H; >; 3; 23; 3; 53; 53; 3
95; 95H; >; 4; 14; 3; 57; 57; 3
95; 95R; <; 1; 14; 3; 30; 30; 1
95; 95R; <; 2; 23; 3; 34; 34; 1
95; 95R; <; 3; 22; 3; 39; 39; 1
95; 95R; <; 4; 20; 3; 47; 47; 1
95; 95R; <; 1; 14; 3; 50; 50; 2
95; 95R; <; 2; 23; 3; 54; 54; 2
95; 95R; <; 3; 22; 3; 59; 59; 2
95; 95R; <; 4; 20; 3; 7; 7; 2
95; 95R; <; 1; 14; 3; 10; 10; 3
95; 95R; <; 2; 23; 3; 14; 14; 3
95; 95R; <; 3; 22; 3; 19; 19; 3
95; 95R; <; 4; 20; 3; 27; 27; 3
98; 98H; >; 1; 23; 2; 0; 0; 1
98; 98H; >; 2; 14; 2; 4; 4; 1
98; 98H; >; 3; 15; 2; 9; 9; 1
98; 98H; >; 4; 22; 2; 13; 13; 1
98; 98H; >; 1; 23; 2; 30; 30; 2
98; 98H; >; 2; 14; 2; 34; 34; 2
98; 98H; >; 3; 15; 2; 39; 39; 2
98; 98H; >; 4; 22; 2; 43; 43; 2
98; 98R; <; 1; 22; 2; 30; 30; 1
98; 98R; <; 2; 15; 2; 34; 34; 1
98; 98R; <; 3; 14; 2; 39; 39; 1
98; 98R; <; 4; 23; 2; 43; 43; 1
98; 98R; <; 1; 22; 2; 0; 0; 2
98; 98R; <; 2; 15; 2; 4; 4; 2
98; 98R; <; 3; 14; 2; 9; 9; 2
98; 98R; <; 4; 23; 2; 13; 13; 2
111; 111H; >; 1; 23; 1; 0; 0; 1
111; 111H; >; 2; 24; 1; 5; 5; 1
111; 111R; <; 1; 24; 1; 30; 30; 1
111; 111R; <; 2; 23; 1; 35; 35; 1
122; 122H; >; 1; 1; 1; 0; 0; 1
122; 122H; >; 2; 2; 1; 16; 16; 1
122; 122R; <; 1; 2; 1; 30; 30; 1
122; 122R; <; 2; 1; 1; 46; 46; 1
123; 123H; >; 1; 3; 1; 0; 0; 1
123; 123H; >; 2; 4; 1; 5; 5; 1
123; 123H; >; 3; 5; 1; 10; 10; 1
123; 123H; >; 4; 6; 1; 16; 16; 1
123; 123R; <; 1; 6; 1; 30; 30; 1
123; 123R; <; 2; 5; 1; 36; 36; 1
123; 123R; <; 3; 4; 1; 41; 41; 1
123; 123R; <; 4; 3; 1; 46; 46; 1
124; 124H; >; 1; 12; 2; 0; 0; 1
124; 124H; >; 2; 11; 2; 5; 5; 1
124; 124H; >; 3; 10; 2; 10; 10; 1
124; 124H; >; 4; 16; 2; 16; 16; 1
124; 124H; >; 5; 18; 2; 22; 22; 1
124; 124H; >; 1; 12; 2; 30; 30; 2
124; 124H; >; 2; 11; 2; 35; 35; 2
124; 124H; >; 3; 10; 2; 40; 40; 2
124; 124H; >; 4; 16; 2; 46; 46; 2
124; 124H; >; 5; 18; 2; 52; 52; 2
124; 124R; <; 1; 18; 2; 30; 30; 1
124; 124R; <; 2; 16; 2; 36; 36; 1
124; 124R; <; 3; 10; 2; 42; 42; 1
124; 124R; <; 4; 11; 2; 47; 47; 1
124; 124R; <; 5; 12; 2; 52; 52; 1
124; 124R; <; 1; 18; 2; 0; 0; 2
124; 124R; <; 2; 16; 2; 6; 6; 2
124; 124R; <; 3; 10; 2; 12; 12; 2
124; 124R; <; 4; 11; 2; 17; 17; 2
124; 124R; <; 5; 12; 2; 22; 22; 2
125; 125H; >; 1; 9; 1; 0; 0; 1
125; 125H; >; 2; 8; 1; 6; 6; 1
125; 125H; >; 3; 7; 1; 12; 12; 1
125; 125R; <; 1; 7; 1; 30; 30; 1
125; 125R; <; 2; 8; 1; 36; 36; 1
125; 125R; <; 3; 9; 1; 42; 42; 1
126; 126H; >; 1; 12; 4; 0; 0; 1
126; 126H; >; 2; 11; 4; 5; 5; 1
126; 126H; >; 3; 10; 4; 10; 10; 1
126; 126H; >; 4; 17; 4; 17; 17; 1
126; 126H; >; 1; 12; 4; 15; 15; 2
126; 126H; >; 2; 11; 4; 20; 20; 2
126; 126H; >; 3; 10; 4; 25; 25; 2
126; 126H; >; 4; 17; 4; 32; 32; 2
126; 126H; >; 1; 12; 4; 30; 30; 3
126; 126H; >; 2; 11; 4; 35; 35; 3
126; 126H; >; 3; 10; 4; 40; 40; 3
126; 126H; >; 4; 17; 4; 47; 47; 3
126; 126H; >; 1; 12; 4; 45; 45; 4
126; 126H; >; 2; 11; 4; 50; 50; 4
126; 126H; >; 3; 10; 4; 55; 55; 4
126; 126H; >; 4; 17; 4; 2; 2; 4
126; 126R; <; 1; 17; 4; 30; 30; 1
126; 126R; <; 2; 10; 4; 37; 37; 1
126; 126R; <; 3; 11; 4; 42; 42; 1
126; 126R; <; 4; 12; 4; 47; 47; 1
126; 126R; <; 1; 17; 4; 45; 45; 2
126; 126R; <; 2; 10; 4; 52; 52; 2
126; 126R; <; 3; 11; 4; 57; 57; 2
126; 126R; <; 4; 12; 4; 2; 2; 2
126; 126R; <; 1; 17; 4; 0; 0; 3
126; 126R; <; 2; 10; 4; 7; 7; 3
126; 126R; <; 3; 11; 4; 12; 12; 3
126; 126R; <; 4; 12; 4; 17; 17; 3
126; 126R; <; 1; 17; 4; 15; 15; 4
126; 126R; <; 2; 10; 4; 22; 22; 4
126; 126R; <; 3; 11; 4; 27; 27; 4
126; 126R; <; 4; 12; 4; 32; 32; 4
127; 127H; >; 1; 14; 1; 0; 0; 1
127; 127H; >; 2; 15; 1; 5; 5; 1
127; 127H; >; 3; 19; 1; 11; 11; 1
127; 127R; <; 1; 19; 1; 30; 30; 1
127; 127R; <; 2; 15; 1; 36; 36; 1
127; 127R; <; 3; 14; 1; 41; 41; 1
128; 128H; >; 1; 23; 1; 0; 0; 1
128; 128H; >; 2; 22; 1; 5; 5; 1
128; 128H; >; 3; 20; 1; 13; 13; 1
128; 128R; <; 1; 20; 1; 30; 30; 1
128; 128R; <; 2; 22; 1; 38; 38; 1
128; 128R; <; 3; 23; 1; 43; 43; 1
131; 131H; >; 1; 4; 2; 0; 0; 1
131; 131H; >; 2; 11; 2; 7; 7; 1
131; 131H; >; 3; 14; 2; 15; 15; 1
131; 131H; >; 4; 23; 2; 19; 19; 1
131; 131H; >; 5; 24; 2; 24; 24; 1
131; 131H; >; 1; 4; 2; 30; 30; 2
131; 131H; >; 2; 11; 2; 37; 37; 2
131; 131H; >; 3; 14; 2; 45; 45; 2
131; 131H; >; 4; 23; 2; 49; 49; 2
131; 131H; >; 5; 24; 2; 54; 54; 2
131; 131R; <; 1; 24; 2; 30; 30; 1
131; 131R; <; 2; 23; 2; 35; 35; 1
131; 131R; <; 3; 14; 2; 39; 39; 1
131; 131R; <; 4; 11; 2; 47; 47; 1
131; 131R; <; 5; 4; 2; 54; 54; 1
131; 131R; <; 1; 24; 2; 0; 0; 2
131; 131R; <; 2; 23; 2; 5; 5; 2
131; 131R; <; 3; 14; 2; 9; 9; 2
131; 131R; <; 4; 11; 2; 17; 17; 2
131; 131R; <; 5; 4; 2; 24; 24; 2
133; 133H; >; 1; 2; 8; 21; 21; 1
133; 133H; >; 2; 6; 8; 25; 25; 1
133; 133H; >; 3; 8; 8; 29; 29; 1
133; 133H; >; 4; 16; 8; 33; 33; 1
133; 133H; >; 5; 17; 8; 37; 37; 1
133; 133H; >; 6; 19; 8; 41; 41; 1
133; 133H; >; 7; 20; 8; 49; 49; 1
133; 133H; >; 1; 2; 8; 28; 28; 2
133; 133H; >; 2; 6; 8; 32; 32; 2
133; 133H; >; 3; 8; 8; 36; 36; 2
133; 133H; >; 4; 16; 8; 40; 40; 2
133; 133H; >; 5; 17; 8; 44; 44; 2
133; 133H; >; 6; 19; 8; 48; 48; 2
133; 133H; >; 7; 20; 8; 56; 56; 2
133; 133H; >; 1; 2; 8; 36; 36; 3
133; 133H; >; 2; 6; 8; 40; 40; 3
133; 133H; >; 3; 8; 8; 44; 44; 3
133; 133H; >; 4; 16; 8; 48; 48; 3
133; 133H; >; 5; 17; 8; 52; 52; 3
133; 133H; >; 6; 19; 8; 56; 56; 3
133; 133H; >; 7; 20; 8; 4; 4; 3
133; 133H; >; 1; 2; 8; 43; 43; 4
133; 133H; >; 2; 6; 8; 47; 47; 4
133; 133H; >; 3; 8; 8; 51; 51; 4
133; 133H; >; 4; 16; 8; 55; 55; 4
133; 133H; >; 5; 17; 8; 59; 59; 4
133; 133H; >; 6; 19; 8; 3; 3; 4
133; 133H; >; 7; 20; 8; 11; 11; 4
133; 133H; >; 1; 2; 8; 51; 51; 5
133; 133H; >; 2; 6; 8; 55; 55; 5
133; 133H; >; 3; 8; 8; 59; 59; 5
133; 133H; >; 4; 16; 8; 3; 3; 5
133; 133H; >; 5; 17; 8; 7; 7; 5
133; 133H; >; 6; 19; 8; 11; 11; 5
133; 133H; >; 7; 20; 8; 19; 19; 5
133; 133H; >; 1; 2; 8; 58; 58; 6
133; 133H; >; 2; 6; 8; 2; 2; 6
133; 133H; >; 3; 8; 8; 6; 6; 6
133; 133H; >; 4; 16; 8; 10; 10; 6
133; 133H; >; 5; 17; 8; 14; 14; 6
133; 133H; >; 6; 19; 8; 18; 18; 6
133; 133H; >; 7; 20; 8; 26; 26; 6
133; 133H; >; 1; 2; 8; 6; 6; 7
133; 133H; >; 2; 6; 8; 10; 10; 7
133; 133H; >; 3; 8; 8; 14; 14; 7
133; 133H; >; 4; 16; 8; 18; 18; 7
133; 133H; >; 5; 17; 8; 22; 22; 7
133; 133H; >; 6; 19; 8; 26; 26; 7
133; 133H; >; 7; 20; 8; 34; 34; 7
133; 133H; >; 1; 2; 8; 13; 13; 8
133; 133H; >; 2; 6; 8; 17; 17; 8
133; 133H; >; 3; 8; 8; 21; 21; 8
133; 133H; >; 4; 16; 8; 25; 25; 8
133; 133H; >; 5; 17; 8; 29; 29; 8
133; 133H; >; 6; 19; 8; 33; 33; 8
133; 133H; >; 7; 20; 8; 41; 41; 8
133; 133R; <; 1; 20; 8; 51; 51; 1
133; 133R; <; 2; 19; 8; 59; 59; 1
133; 133R; <; 3; 17; 8; 3; 3; 1
133; 133R; <; 4; 16; 8; 7; 7; 1
133; 133R; <; 5; 8; 8; 11; 11; 1
133; 133R; <; 6; 6; 8; 15; 15; 1
133; 133R; <; 7; 2; 8; 19; 19; 1
133; 133R; <; 1; 20; 8; 58; 58; 2
133; 133R; <; 2; 19; 8; 6; 6; 2
133; 133R; <; 3; 17; 8; 10; 10; 2
133; 133R; <; 4; 16; 8; 14; 14; 2
133; 133R; <; 5; 8; 8; 18; 18; 2
133; 133R; <; 6; 6; 8; 22; 22; 2
133; 133R; <; 7; 2; 8; 26; 26; 2
133; 133R; <; 1; 20; 8; 6; 6; 3
133; 133R; <; 2; 19; 8; 14; 14; 3
133; 133R; <; 3; 17; 8; 18; 18; 3
133; 133R; <; 4; 16; 8; 22; 22; 3
133; 133R; <; 5; 8; 8; 26; 26; 3
133; 133R; <; 6; 6; 8; 30; 30; 3
133; 133R; <; 7; 2; 8; 34; 34; 3
133; 133R; <; 1; 20; 8; 13; 13; 4
133; 133R; <; 2; 19; 8; 21; 21; 4
133; 133R; <; 3; 17; 8; 25; 25; 4
133; 133R; <; 4; 16; 8; 29; 29; 4
133; 133R; <; 5; 8; 8; 33; 33; 4
133; 133R; <; 6; 6; 8; 37; 37; 4
133; 133R; <; 7; 2; 8; 41; 41; 4
133; 133R; <; 1; 20; 8; 21; 21; 5
133; 133R; <; 2; 19; 8; 29; 29; 5
133; 133R; <; 3; 17; 8; 33; 33; 5
133; 133R; <; 4; 16; 8; 37; 37; 5
133; 133R; <; 5; 8; 8; 41; 41; 5
133; 133R; <; 6; 6; 8; 45; 45; 5
133; 133R; <; 7; 2; 8; 49; 49; 5
133; 133R; <; 1; 20; 8; 28; 28; 6
133; 133R; <; 2; 19; 8; 36; 36; 6
133; 133R; <; 3; 17; 8; 40; 40; 6
133; 133R; <; 4; 16; 8; 44; 44; 6
133; 133R; <; 5; 8; 8; 48; 48; 6
133; 133R; <; 6; 6; 8; 52; 52; 6
133; 133R; <; 7; 2; 8; 56; 56; 6
133; 133R; <; 1; 20; 8; 36; 36; 7
133; 133R; <; 2; 19; 8; 44; 44; 7
133; 133R; <; 3; 17; 8; 48; 48; 7
133; 133R; <; 4; 16; 8; 52; 52; 7
133; 133R; <; 5; 8; 8; 56; 56; 7
133; 133R; <; 6; 6; 8; 0; 0; 7
133; 133R; <; 7; 2; 8; 4; 4; 7
133; 133R; <; 1; 20; 8; 43; 43; 8
133; 133R; <; 2; 19; 8; 51; 51; 8
133; 133R; <; 3; 17; 8; 55; 55; 8
133; 133R; <; 4; 16; 8; 59; 59; 8
133; 133R; <; 5; 8; 8; 3; 3; 8
133; 133R; <; 6; 6; 8; 7; 7; 8
133; 133R; <; 7; 2; 8; 11; 11; 8
