#event-id; time
1; 0
2; 6
3; 6
4; 12
5; 12
6; 18
7; 18
8; 24
9; 24
10; 30
11; 30
12; 36
13; 36
14; 42
15; 0
16; 6
17; 6
18; 12
19; 12
20; 18
21; 18
22; 24
23; 24
24; 30
25; 30
26; 36
27; 36
28; 42
29; 39
30; 45
31; 45
32; 51
33; 51
34; 57
35; 57
36; 3
37; 3
38; 9
39; 9
40; 15
41; 15
42; 21
43; 39
44; 45
45; 45
46; 51
47; 51
48; 57
49; 57
50; 3
51; 3
52; 9
53; 9
54; 15
55; 15
56; 21
57; 21
58; 27
59; 27
60; 33
61; 33
62; 39
63; 39
64; 45
65; 45
66; 51
67; 51
68; 57
69; 21
70; 27
71; 27
72; 33
73; 33
74; 39
75; 39
76; 45
77; 45
78; 51
79; 51
80; 57
81; 3
82; 9
83; 9
84; 15
85; 15
86; 21
87; 21
88; 27
89; 27
90; 33
91; 33
92; 39
93; 3
94; 9
95; 9
96; 15
97; 15
98; 21
99; 21
100; 27
101; 27
102; 33
103; 33
104; 39
105; 48
106; 54
107; 54
108; 0
109; 0
110; 6
111; 6
112; 12
113; 12
114; 18
115; 18
116; 24
117; 24
118; 30
119; 30
120; 36
121; 36
122; 42
123; 42
124; 48
125; 0
126; 6
127; 6
128; 12
129; 12
130; 18
131; 18
132; 24
133; 24
134; 30
135; 30
136; 36
137; 36
138; 42
139; 42
140; 48
141; 48
142; 54
143; 54
144; 0
145; 0
146; 6
147; 6
148; 12
149; 12
150; 18
151; 18
152; 24
153; 24
154; 30
155; 30
156; 36
157; 36
158; 42
159; 42
160; 48
161; 48
162; 54
163; 54
164; 0
165; 30
166; 36
167; 36
168; 42
169; 42
170; 48
171; 48
172; 54
173; 54
174; 0
175; 0
176; 6
177; 30
178; 36
179; 36
180; 42
181; 42
182; 48
183; 48
184; 54
185; 54
186; 0
187; 0
188; 6
189; 18
190; 24
191; 24
192; 30
193; 30
194; 36
195; 36
196; 42
197; 42
198; 48
199; 48
200; 54
201; 54
202; 0
203; 0
204; 6
205; 6
206; 12
207; 12
208; 18
209; 42
210; 48
211; 48
212; 54
213; 54
214; 0
215; 0
216; 6
217; 6
218; 12
219; 12
220; 18
221; 18
222; 24
223; 24
224; 30
225; 30
226; 36
227; 36
228; 42
229; 54
230; 0
231; 0
232; 6
233; 6
234; 12
235; 12
236; 18
237; 18
238; 24
239; 24
240; 30
241; 30
242; 36
243; 36
244; 42
245; 42
246; 48
247; 48
248; 54
249; 39
250; 45
251; 45
252; 51
253; 51
254; 57
255; 57
256; 3
257; 3
258; 9
259; 9
260; 15
261; 15
262; 21
263; 21
264; 27
265; 9
266; 15
267; 15
268; 21
269; 21
270; 27
271; 27
272; 33
273; 33
274; 39
275; 39
276; 45
277; 45
278; 51
279; 51
280; 57
281; 39
282; 45
283; 45
284; 51
285; 51
286; 57
287; 57
288; 3
289; 3
290; 9
291; 9
292; 15
293; 15
294; 21
295; 21
296; 27
297; 9
298; 15
299; 15
300; 21
301; 21
302; 27
303; 27
304; 33
305; 33
306; 39
307; 39
308; 45
309; 45
310; 51
311; 51
312; 57
313; 54
314; 0
315; 0
316; 6
317; 6
318; 12
319; 12
320; 18
321; 18
322; 24
323; 24
324; 30
325; 54
326; 0
327; 0
328; 6
329; 6
330; 12
331; 12
332; 18
333; 18
334; 24
335; 24
336; 30
337; 45
338; 51
339; 51
340; 57
341; 57
342; 3
343; 3
344; 9
345; 9
346; 15
347; 15
348; 21
349; 45
350; 51
351; 51
352; 57
353; 57
354; 3
355; 3
356; 9
357; 9
358; 15
359; 15
360; 21
361; 0
362; 6
363; 6
364; 12
365; 12
366; 18
367; 18
368; 24
369; 24
370; 30
371; 30
372; 36
373; 36
374; 42
375; 42
376; 48
377; 0
378; 6
379; 6
380; 12
381; 12
382; 18
383; 18
384; 24
385; 24
386; 30
387; 30
388; 36
389; 36
390; 42
391; 42
392; 48
