#line-id;line-code;direction;stop-order;stop-id;frequency;departure_time;arrival_time;line-repetition
4; 4H; >; 1; 6; 1; 0; 0; 1
4; 4H; >; 2; 11; 1; 6; 6; 1
4; 4H; >; 3; 16; 1; 12; 12; 1
4; 4H; >; 4; 17; 1; 18; 18; 1
4; 4H; >; 5; 18; 1; 24; 24; 1
4; 4H; >; 6; 19; 1; 30; 30; 1
4; 4H; >; 7; 20; 1; 36; 36; 1
4; 4H; >; 8; 25; 1; 42; 42; 1
4; 4R; <; 1; 25; 1; 0; 0; 1
4; 4R; <; 2; 20; 1; 6; 6; 1
4; 4R; <; 3; 19; 1; 12; 12; 1
4; 4R; <; 4; 18; 1; 18; 18; 1
4; 4R; <; 5; 17; 1; 24; 24; 1
4; 4R; <; 6; 16; 1; 30; 30; 1
4; 4R; <; 7; 11; 1; 36; 36; 1
4; 4R; <; 8; 6; 1; 42; 42; 1
8; 8H; >; 1; 1; 1; 39; 39; 1
8; 8H; >; 2; 2; 1; 45; 45; 1
8; 8H; >; 3; 3; 1; 51; 51; 1
8; 8H; >; 4; 4; 1; 57; 57; 1
8; 8H; >; 5; 9; 1; 3; 3; 1
8; 8H; >; 6; 14; 1; 9; 9; 1
8; 8H; >; 7; 19; 1; 15; 15; 1
8; 8H; >; 8; 24; 1; 21; 21; 1
8; 8R; <; 1; 24; 1; 39; 39; 1
8; 8R; <; 2; 19; 1; 45; 45; 1
8; 8R; <; 3; 14; 1; 51; 51; 1
8; 8R; <; 4; 9; 1; 57; 57; 1
8; 8R; <; 5; 4; 1; 3; 3; 1
8; 8R; <; 6; 3; 1; 9; 9; 1
8; 8R; <; 7; 2; 1; 15; 15; 1
8; 8R; <; 8; 1; 1; 21; 21; 1
10; 10H; >; 1; 3; 1; 21; 21; 1
10; 10H; >; 2; 8; 1; 27; 27; 1
10; 10H; >; 3; 7; 1; 33; 33; 1
10; 10H; >; 4; 12; 1; 39; 39; 1
10; 10H; >; 5; 17; 1; 45; 45; 1
10; 10H; >; 6; 16; 1; 51; 51; 1
10; 10H; >; 7; 21; 1; 57; 57; 1
10; 10R; <; 1; 21; 1; 21; 21; 1
10; 10R; <; 2; 16; 1; 27; 27; 1
10; 10R; <; 3; 17; 1; 33; 33; 1
10; 10R; <; 4; 12; 1; 39; 39; 1
10; 10R; <; 5; 7; 1; 45; 45; 1
10; 10R; <; 6; 8; 1; 51; 51; 1
10; 10R; <; 7; 3; 1; 57; 57; 1
17; 17H; >; 1; 11; 1; 3; 3; 1
17; 17H; >; 2; 12; 1; 9; 9; 1
17; 17H; >; 3; 13; 1; 15; 15; 1
17; 17H; >; 4; 14; 1; 21; 21; 1
17; 17H; >; 5; 19; 1; 27; 27; 1
17; 17H; >; 6; 20; 1; 33; 33; 1
17; 17H; >; 7; 25; 1; 39; 39; 1
17; 17R; <; 1; 25; 1; 3; 3; 1
17; 17R; <; 2; 20; 1; 9; 9; 1
17; 17R; <; 3; 19; 1; 15; 15; 1
17; 17R; <; 4; 14; 1; 21; 21; 1
17; 17R; <; 5; 13; 1; 27; 27; 1
17; 17R; <; 6; 12; 1; 33; 33; 1
17; 17R; <; 7; 11; 1; 39; 39; 1
30; 30H; >; 1; 22; 1; 48; 48; 1
30; 30H; >; 2; 23; 1; 54; 54; 1
30; 30H; >; 3; 18; 1; 0; 0; 1
30; 30H; >; 4; 13; 1; 6; 6; 1
30; 30H; >; 5; 8; 1; 12; 12; 1
30; 30H; >; 6; 9; 1; 18; 18; 1
30; 30R; <; 1; 9; 1; 18; 18; 1
30; 30R; <; 2; 8; 1; 24; 24; 1
30; 30R; <; 3; 13; 1; 30; 30; 1
30; 30R; <; 4; 18; 1; 36; 36; 1
30; 30R; <; 5; 23; 1; 42; 42; 1
30; 30R; <; 6; 22; 1; 48; 48; 1
55; 55H; >; 1; 21; 1; 0; 0; 1
55; 55H; >; 2; 22; 1; 6; 6; 1
55; 55H; >; 3; 17; 1; 12; 12; 1
55; 55H; >; 4; 18; 1; 18; 18; 1
55; 55H; >; 5; 19; 1; 24; 24; 1
55; 55H; >; 6; 20; 1; 30; 30; 1
55; 55H; >; 7; 15; 1; 36; 36; 1
55; 55H; >; 8; 10; 1; 42; 42; 1
55; 55H; >; 9; 5; 1; 48; 48; 1
55; 55H; >; 10; 4; 1; 54; 54; 1
55; 55H; >; 11; 3; 1; 0; 0; 1
55; 55R; <; 1; 3; 1; 0; 0; 1
55; 55R; <; 2; 4; 1; 6; 6; 1
55; 55R; <; 3; 5; 1; 12; 12; 1
55; 55R; <; 4; 10; 1; 18; 18; 1
55; 55R; <; 5; 15; 1; 24; 24; 1
55; 55R; <; 6; 20; 1; 30; 30; 1
55; 55R; <; 7; 19; 1; 36; 36; 1
55; 55R; <; 8; 18; 1; 42; 42; 1
55; 55R; <; 9; 17; 1; 48; 48; 1
55; 55R; <; 10; 22; 1; 54; 54; 1
55; 55R; <; 11; 21; 1; 0; 0; 1
59; 59H; >; 1; 18; 1; 30; 30; 1
59; 59H; >; 2; 13; 1; 36; 36; 1
59; 59H; >; 3; 12; 1; 42; 42; 1
59; 59H; >; 4; 11; 1; 48; 48; 1
59; 59H; >; 5; 6; 1; 54; 54; 1
59; 59H; >; 6; 1; 1; 0; 0; 1
59; 59H; >; 7; 2; 1; 6; 6; 1
59; 59R; <; 1; 2; 1; 30; 30; 1
59; 59R; <; 2; 1; 1; 36; 36; 1
59; 59R; <; 3; 6; 1; 42; 42; 1
59; 59R; <; 4; 11; 1; 48; 48; 1
59; 59R; <; 5; 12; 1; 54; 54; 1
59; 59R; <; 6; 13; 1; 0; 0; 1
59; 59R; <; 7; 18; 1; 6; 6; 1
74; 74H; >; 1; 15; 1; 18; 18; 1
74; 74H; >; 2; 14; 1; 24; 24; 1
74; 74H; >; 3; 13; 1; 30; 30; 1
74; 74H; >; 4; 8; 1; 36; 36; 1
74; 74H; >; 5; 7; 1; 42; 42; 1
74; 74H; >; 6; 2; 1; 48; 48; 1
74; 74R; <; 1; 2; 1; 48; 48; 1
74; 74R; <; 2; 7; 1; 54; 54; 1
74; 74R; <; 3; 8; 1; 0; 0; 1
74; 74R; <; 4; 13; 1; 6; 6; 1
74; 74R; <; 5; 14; 1; 12; 12; 1
74; 74R; <; 6; 15; 1; 18; 18; 1
77; 77H; >; 1; 14; 1; 42; 42; 1
77; 77H; >; 2; 13; 1; 48; 48; 1
77; 77H; >; 3; 8; 1; 54; 54; 1
77; 77H; >; 4; 3; 1; 0; 0; 1
77; 77H; >; 5; 2; 1; 6; 6; 1
77; 77H; >; 6; 1; 1; 12; 12; 1
77; 77R; <; 1; 1; 1; 12; 12; 1
77; 77R; <; 2; 2; 1; 18; 18; 1
77; 77R; <; 3; 3; 1; 24; 24; 1
77; 77R; <; 4; 8; 1; 30; 30; 1
77; 77R; <; 5; 13; 1; 36; 36; 1
77; 77R; <; 6; 14; 1; 42; 42; 1
80; 80H; >; 1; 11; 1; 54; 54; 1
80; 80H; >; 2; 12; 1; 0; 0; 1
80; 80H; >; 3; 13; 1; 6; 6; 1
80; 80H; >; 4; 8; 1; 12; 12; 1
80; 80H; >; 5; 9; 1; 18; 18; 1
80; 80H; >; 6; 10; 1; 24; 24; 1
80; 80R; <; 1; 10; 1; 24; 24; 1
80; 80R; <; 2; 9; 1; 30; 30; 1
80; 80R; <; 3; 8; 1; 36; 36; 1
80; 80R; <; 4; 13; 1; 42; 42; 1
80; 80R; <; 5; 12; 1; 48; 48; 1
80; 80R; <; 6; 11; 1; 54; 54; 1
101; 101H; >; 1; 1; 2; 39; 39; 1
101; 101H; >; 2; 2; 2; 45; 45; 1
101; 101H; >; 3; 3; 2; 51; 51; 1
101; 101H; >; 4; 8; 2; 57; 57; 1
101; 101H; >; 5; 13; 2; 3; 3; 1
101; 101H; >; 6; 18; 2; 9; 9; 1
101; 101H; >; 7; 23; 2; 15; 15; 1
101; 101H; >; 8; 24; 2; 21; 21; 1
101; 101H; >; 9; 25; 2; 27; 27; 1
101; 101H; >; 1; 1; 2; 9; 9; 2
101; 101H; >; 2; 2; 2; 15; 15; 2
101; 101H; >; 3; 3; 2; 21; 21; 2
101; 101H; >; 4; 8; 2; 27; 27; 2
101; 101H; >; 5; 13; 2; 33; 33; 2
101; 101H; >; 6; 18; 2; 39; 39; 2
101; 101H; >; 7; 23; 2; 45; 45; 2
101; 101H; >; 8; 24; 2; 51; 51; 2
101; 101H; >; 9; 25; 2; 57; 57; 2
101; 101R; <; 1; 25; 2; 39; 39; 1
101; 101R; <; 2; 24; 2; 45; 45; 1
101; 101R; <; 3; 23; 2; 51; 51; 1
101; 101R; <; 4; 18; 2; 57; 57; 1
101; 101R; <; 5; 13; 2; 3; 3; 1
101; 101R; <; 6; 8; 2; 9; 9; 1
101; 101R; <; 7; 3; 2; 15; 15; 1
101; 101R; <; 8; 2; 2; 21; 21; 1
101; 101R; <; 9; 1; 2; 27; 27; 1
101; 101R; <; 1; 25; 2; 9; 9; 2
101; 101R; <; 2; 24; 2; 15; 15; 2
101; 101R; <; 3; 23; 2; 21; 21; 2
101; 101R; <; 4; 18; 2; 27; 27; 2
101; 101R; <; 5; 13; 2; 33; 33; 2
101; 101R; <; 6; 8; 2; 39; 39; 2
101; 101R; <; 7; 3; 2; 45; 45; 2
101; 101R; <; 8; 2; 2; 51; 51; 2
101; 101R; <; 9; 1; 2; 57; 57; 2
102; 102H; >; 1; 6; 1; 54; 54; 1
102; 102H; >; 2; 7; 1; 0; 0; 1
102; 102H; >; 3; 8; 1; 6; 6; 1
102; 102H; >; 4; 13; 1; 12; 12; 1
102; 102H; >; 5; 18; 1; 18; 18; 1
102; 102H; >; 6; 19; 1; 24; 24; 1
102; 102H; >; 7; 20; 1; 30; 30; 1
102; 102R; <; 1; 20; 1; 54; 54; 1
102; 102R; <; 2; 19; 1; 0; 0; 1
102; 102R; <; 3; 18; 1; 6; 6; 1
102; 102R; <; 4; 13; 1; 12; 12; 1
102; 102R; <; 5; 8; 1; 18; 18; 1
102; 102R; <; 6; 7; 1; 24; 24; 1
102; 102R; <; 7; 6; 1; 30; 30; 1
104; 104H; >; 1; 16; 1; 45; 45; 1
104; 104H; >; 2; 17; 1; 51; 51; 1
104; 104H; >; 3; 18; 1; 57; 57; 1
104; 104H; >; 4; 13; 1; 3; 3; 1
104; 104H; >; 5; 8; 1; 9; 9; 1
104; 104H; >; 6; 9; 1; 15; 15; 1
104; 104H; >; 7; 10; 1; 21; 21; 1
104; 104R; <; 1; 10; 1; 45; 45; 1
104; 104R; <; 2; 9; 1; 51; 51; 1
104; 104R; <; 3; 8; 1; 57; 57; 1
104; 104R; <; 4; 13; 1; 3; 3; 1
104; 104R; <; 5; 18; 1; 9; 9; 1
104; 104R; <; 6; 17; 1; 15; 15; 1
104; 104R; <; 7; 16; 1; 21; 21; 1
105; 105H; >; 1; 21; 1; 0; 0; 1
105; 105H; >; 2; 22; 1; 6; 6; 1
105; 105H; >; 3; 23; 1; 12; 12; 1
105; 105H; >; 4; 18; 1; 18; 18; 1
105; 105H; >; 5; 13; 1; 24; 24; 1
105; 105H; >; 6; 8; 1; 30; 30; 1
105; 105H; >; 7; 3; 1; 36; 36; 1
105; 105H; >; 8; 4; 1; 42; 42; 1
105; 105H; >; 9; 5; 1; 48; 48; 1
105; 105R; <; 1; 5; 1; 0; 0; 1
105; 105R; <; 2; 4; 1; 6; 6; 1
105; 105R; <; 3; 3; 1; 12; 12; 1
105; 105R; <; 4; 8; 1; 18; 18; 1
105; 105R; <; 5; 13; 1; 24; 24; 1
105; 105R; <; 6; 18; 1; 30; 30; 1
105; 105R; <; 7; 23; 1; 36; 36; 1
105; 105R; <; 8; 22; 1; 42; 42; 1
105; 105R; <; 9; 21; 1; 48; 48; 1
