#event-id; time
1; 0
2; 5
3; 5
4; 10
5; 10
6; 26
7; 26
8; 33
9; 33
10; 37
11; 37
12; 53
13; 53
14; 57
15; 57
16; 1
17; 1
18; 5
19; 30
20; 34
21; 34
22; 38
23; 38
24; 42
25; 42
26; 58
27; 58
28; 2
29; 2
30; 9
31; 9
32; 25
33; 25
34; 30
35; 30
36; 35
37; 0
38; 5
39; 5
40; 13
41; 13
42; 21
43; 21
44; 25
45; 25
46; 29
47; 29
48; 35
49; 35
50; 40
51; 40
52; 45
53; 0
54; 5
55; 5
56; 10
57; 10
58; 16
59; 16
60; 20
61; 20
62; 24
63; 24
64; 32
65; 32
66; 40
67; 40
68; 45
69; 39
70; 43
71; 43
72; 51
73; 51
74; 58
75; 58
76; 3
77; 3
78; 7
79; 7
80; 11
81; 11
82; 19
83; 19
84; 25
85; 39
86; 45
87; 45
88; 53
89; 53
90; 57
91; 57
92; 1
93; 1
94; 6
95; 6
96; 13
97; 13
98; 21
99; 21
100; 25
101; 17
102; 21
103; 21
104; 29
105; 29
106; 36
107; 36
108; 41
109; 41
110; 48
111; 48
112; 4
113; 4
114; 9
115; 9
116; 14
117; 17
118; 22
119; 22
120; 27
121; 27
122; 43
123; 43
124; 50
125; 50
126; 55
127; 55
128; 2
129; 2
130; 10
131; 10
132; 14
133; 0
134; 5
135; 5
136; 13
137; 13
138; 21
139; 21
140; 25
141; 25
142; 29
143; 29
144; 35
145; 35
146; 39
147; 0
148; 4
149; 4
150; 10
151; 10
152; 14
153; 14
154; 18
155; 18
156; 26
157; 26
158; 34
159; 34
160; 39
161; 17
162; 21
163; 21
164; 29
165; 29
166; 36
167; 36
168; 41
169; 41
170; 45
171; 45
172; 49
173; 49
174; 56
175; 17
176; 24
177; 24
178; 28
179; 28
180; 32
181; 32
182; 37
183; 37
184; 44
185; 44
186; 52
187; 52
188; 56
189; 0
190; 5
191; 5
192; 10
193; 10
194; 15
195; 15
196; 19
197; 19
198; 27
199; 27
200; 31
201; 31
202; 35
203; 0
204; 4
205; 4
206; 8
207; 8
208; 16
209; 16
210; 20
211; 20
212; 25
213; 25
214; 30
215; 30
216; 35
217; 0
218; 4
219; 4
220; 10
221; 10
222; 14
223; 14
224; 20
225; 20
226; 24
227; 24
228; 30
229; 30
230; 34
231; 0
232; 4
233; 4
234; 10
235; 10
236; 14
237; 14
238; 20
239; 20
240; 24
241; 24
242; 30
243; 30
244; 34
245; 57
246; 3
247; 3
248; 8
249; 8
250; 12
251; 12
252; 20
253; 20
254; 25
255; 25
256; 33
257; 57
258; 5
259; 5
260; 10
261; 10
262; 18
263; 18
264; 22
265; 22
266; 27
267; 27
268; 33
269; 0
270; 6
271; 6
272; 11
273; 11
274; 15
275; 15
276; 23
277; 23
278; 28
279; 28
280; 33
281; 0
282; 5
283; 5
284; 10
285; 10
286; 18
287; 18
288; 22
289; 22
290; 27
291; 27
292; 33
293; 0
294; 6
295; 6
296; 11
297; 11
298; 15
299; 15
300; 23
301; 23
302; 27
303; 27
304; 31
305; 0
306; 4
307; 4
308; 8
309; 8
310; 16
311; 16
312; 20
313; 20
314; 25
315; 25
316; 31
317; 50
318; 58
319; 58
320; 3
321; 3
322; 9
323; 9
324; 13
325; 13
326; 17
327; 17
328; 21
329; 20
330; 28
331; 28
332; 33
333; 33
334; 39
335; 39
336; 43
337; 43
338; 47
339; 47
340; 51
341; 50
342; 54
343; 54
344; 58
345; 58
346; 2
347; 2
348; 8
349; 8
350; 13
351; 13
352; 21
353; 20
354; 24
355; 24
356; 28
357; 28
358; 32
359; 32
360; 38
361; 38
362; 43
363; 43
364; 51
365; 0
366; 6
367; 6
368; 11
369; 11
370; 16
371; 16
372; 21
373; 21
374; 26
375; 30
376; 35
377; 35
378; 40
379; 40
380; 45
381; 45
382; 50
383; 50
384; 56
385; 0
386; 4
387; 4
388; 8
389; 8
390; 14
391; 14
392; 18
393; 18
394; 22
395; 30
396; 34
397; 34
398; 38
399; 38
400; 44
401; 44
402; 48
403; 48
404; 52
405; 30
406; 34
407; 34
408; 38
409; 38
410; 44
411; 44
412; 48
413; 48
414; 52
415; 0
416; 4
417; 4
418; 8
419; 8
420; 14
421; 14
422; 18
423; 18
424; 22
425; 0
426; 4
427; 4
428; 8
429; 8
430; 12
431; 12
432; 18
433; 18
434; 22
435; 30
436; 34
437; 34
438; 40
439; 40
440; 44
441; 44
442; 48
443; 48
444; 52
445; 0
446; 5
447; 5
448; 10
449; 10
450; 16
451; 16
452; 22
453; 22
454; 26
455; 30
456; 34
457; 34
458; 40
459; 40
460; 46
461; 46
462; 51
463; 51
464; 56
465; 0
466; 4
467; 4
468; 10
469; 10
470; 15
471; 15
472; 20
473; 20
474; 24
475; 30
476; 34
477; 34
478; 39
479; 39
480; 44
481; 44
482; 50
483; 50
484; 54
485; 0
486; 5
487; 5
488; 10
489; 10
490; 15
491; 15
492; 20
493; 30
494; 35
495; 35
496; 40
497; 40
498; 45
499; 45
500; 50
501; 0
502; 17
503; 17
504; 21
505; 21
506; 27
507; 27
508; 31
509; 0
510; 4
511; 4
512; 10
513; 10
514; 14
515; 14
516; 31
517; 0
518; 8
519; 8
520; 13
521; 13
522; 17
523; 17
524; 21
525; 30
526; 34
527; 34
528; 38
529; 38
530; 43
531; 43
532; 51
533; 0
534; 8
535; 8
536; 15
537; 15
538; 20
539; 20
540; 24
541; 30
542; 34
543; 34
544; 39
545; 39
546; 46
547; 46
548; 54
549; 0
550; 5
551; 5
552; 10
553; 10
554; 14
555; 14
556; 18
557; 30
558; 34
559; 34
560; 38
561; 38
562; 43
563; 43
564; 48
565; 0
566; 5
567; 5
568; 12
569; 12
570; 17
571; 17
572; 21
573; 30
574; 34
575; 34
576; 39
577; 39
578; 46
579; 46
580; 51
581; 0
582; 4
583; 4
584; 10
585; 10
586; 14
587; 14
588; 18
589; 30
590; 34
591; 34
592; 38
593; 38
594; 44
595; 44
596; 48
597; 0
598; 4
599; 4
600; 12
601; 12
602; 19
603; 30
604; 37
605; 37
606; 45
607; 45
608; 49
609; 0
610; 4
611; 4
612; 8
613; 8
614; 12
615; 30
616; 34
617; 34
618; 38
619; 38
620; 42
621; 0
622; 4
623; 4
624; 8
625; 8
626; 12
627; 30
628; 34
629; 34
630; 38
631; 38
632; 42
633; 0
634; 4
635; 4
636; 11
637; 11
638; 16
639; 30
640; 35
641; 35
642; 42
643; 42
644; 46
645; 0
646; 5
647; 5
648; 10
649; 30
650; 35
651; 35
652; 40
653; 0
654; 5
655; 5
656; 9
657; 30
658; 34
659; 34
660; 39
661; 0
662; 8
663; 8
664; 13
665; 30
666; 35
667; 35
668; 43
669; 53
670; 58
671; 23
672; 28
673; 23
674; 28
675; 53
676; 58
677; 48
678; 54
679; 8
680; 14
681; 28
682; 34
683; 18
684; 24
685; 38
686; 44
687; 58
688; 4
689; 0
690; 4
691; 30
692; 34
693; 30
694; 34
695; 0
696; 4
697; 0
698; 5
699; 5
700; 10
701; 10
702; 16
703; 30
704; 36
705; 36
706; 41
707; 41
708; 46
709; 26
710; 31
711; 31
712; 36
713; 36
714; 42
715; 42
716; 48
717; 56
718; 2
719; 2
720; 8
721; 8
722; 13
723; 13
724; 18
725; 0
726; 6
727; 6
728; 12
729; 30
730; 36
731; 36
732; 42
733; 0
734; 5
735; 5
736; 10
737; 10
738; 17
739; 30
740; 35
741; 35
742; 40
743; 40
744; 47
745; 30
746; 37
747; 37
748; 42
749; 42
750; 47
751; 0
752; 7
753; 7
754; 12
755; 12
756; 17
757; 0
758; 5
759; 5
760; 11
761; 30
762; 36
763; 36
764; 41
765; 0
766; 5
767; 5
768; 13
769; 30
770; 38
771; 38
772; 43
773; 0
774; 5
775; 5
776; 10
777; 10
778; 16
779; 30
780; 36
781; 36
782; 41
783; 41
784; 46
785; 0
786; 7
787; 7
788; 15
789; 15
790; 19
791; 19
792; 24
793; 30
794; 35
795; 35
796; 39
797; 39
798; 47
799; 47
800; 54
801; 0
802; 4
803; 4
804; 8
805; 8
806; 16
807; 16
808; 20
809; 20
810; 25
811; 30
812; 35
813; 35
814; 39
815; 39
816; 47
817; 47
818; 51
819; 51
820; 55
821; 0
822; 4
823; 4
824; 8
825; 8
826; 12
827; 12
828; 16
829; 16
830; 20
831; 20
832; 28
833; 30
834; 38
835; 38
836; 42
837; 42
838; 46
839; 46
840; 50
841; 50
842; 54
843; 54
844; 58
845; 32
846; 36
847; 36
848; 40
849; 40
850; 44
851; 44
852; 48
853; 48
854; 52
855; 52
856; 0
857; 2
858; 6
859; 6
860; 10
861; 10
862; 14
863; 14
864; 18
865; 18
866; 22
867; 22
868; 30
869; 2
870; 10
871; 10
872; 14
873; 14
874; 18
875; 18
876; 22
877; 22
878; 26
879; 26
880; 30
881; 32
882; 40
883; 40
884; 44
885; 44
886; 48
887; 48
888; 52
889; 52
890; 56
891; 56
892; 0
893; 17
894; 22
895; 22
896; 26
897; 26
898; 32
899; 32
900; 36
901; 36
902; 40
903; 40
904; 44
905; 44
906; 50
907; 37
908; 42
909; 42
910; 46
911; 46
912; 52
913; 52
914; 56
915; 56
916; 0
917; 0
918; 4
919; 4
920; 10
921; 57
922; 2
923; 2
924; 6
925; 6
926; 12
927; 12
928; 16
929; 16
930; 20
931; 20
932; 24
933; 24
934; 30
935; 17
936; 23
937; 23
938; 27
939; 27
940; 31
941; 31
942; 35
943; 35
944; 41
945; 41
946; 45
947; 45
948; 50
949; 37
950; 43
951; 43
952; 47
953; 47
954; 51
955; 51
956; 55
957; 55
958; 1
959; 1
960; 5
961; 5
962; 10
963; 57
964; 3
965; 3
966; 7
967; 7
968; 11
969; 11
970; 15
971; 15
972; 21
973; 21
974; 25
975; 25
976; 30
977; 38
978; 44
979; 44
980; 48
981; 48
982; 52
983; 52
984; 0
985; 0
986; 4
987; 4
988; 9
989; 8
990; 14
991; 14
992; 18
993; 18
994; 22
995; 22
996; 30
997; 30
998; 34
999; 34
1000; 39
1001; 38
1002; 43
1003; 43
1004; 47
1005; 47
1006; 55
1007; 55
1008; 59
1009; 59
1010; 3
1011; 3
1012; 9
1013; 8
1014; 13
1015; 13
1016; 17
1017; 17
1018; 25
1019; 25
1020; 29
1021; 29
1022; 33
1023; 33
1024; 39
1025; 0
1026; 5
1027; 5
1028; 10
1029; 10
1030; 16
1031; 16
1032; 22
1033; 30
1034; 36
1035; 36
1036; 42
1037; 42
1038; 47
1039; 47
1040; 52
1041; 46
1042; 50
1043; 50
1044; 55
1045; 55
1046; 2
1047; 16
1048; 20
1049; 20
1050; 25
1051; 25
1052; 32
1053; 16
1054; 23
1055; 23
1056; 28
1057; 28
1058; 32
1059; 46
1060; 53
1061; 53
1062; 58
1063; 58
1064; 2
1065; 54
1066; 0
1067; 0
1068; 5
1069; 5
1070; 13
1071; 13
1072; 17
1073; 17
1074; 22
1075; 22
1076; 27
1077; 24
1078; 30
1079; 30
1080; 35
1081; 35
1082; 43
1083; 43
1084; 47
1085; 47
1086; 52
1087; 52
1088; 57
1089; 54
1090; 59
1091; 59
1092; 4
1093; 4
1094; 8
1095; 8
1096; 16
1097; 16
1098; 21
1099; 21
1100; 27
1101; 24
1102; 29
1103; 29
1104; 34
1105; 34
1106; 38
1107; 38
1108; 46
1109; 46
1110; 51
1111; 51
1112; 57
1113; 0
1114; 8
1115; 8
1116; 12
1117; 12
1118; 17
1119; 17
1120; 22
1121; 22
1122; 28
1123; 30
1124; 36
1125; 36
1126; 41
1127; 41
1128; 46
1129; 46
1130; 50
1131; 50
1132; 58
