#timetable found by modulo network simplex algorithm
#Wed Dec 19 06:27:26 2018
1; 0
2; 5
3; 5
4; 10
5; 10
6; 12
7; 12
8; 14
9; 14
10; 16
11; 16
12; 18
13; 18
14; 20
15; 20
16; 23
17; 23
18; 25
19; 25
20; 27
21; 27
22; 29
23; 29
24; 32
25; 30
26; 35
27; 35
28; 40
29; 40
30; 42
31; 42
32; 44
33; 44
34; 46
35; 46
36; 48
37; 48
38; 50
39; 50
40; 53
41; 53
42; 55
43; 55
44; 57
45; 57
46; 59
47; 59
48; 1
49; 0
50; 2
51; 2
52; 4
53; 4
54; 6
55; 6
56; 8
57; 8
58; 11
59; 11
60; 13
61; 13
62; 15
63; 15
64; 17
65; 17
66; 19
67; 19
68; 21
69; 21
70; 26
71; 26
72; 33
73; 30
74; 32
75; 32
76; 34
77; 34
78; 36
79; 36
80; 38
81; 38
82; 41
83; 41
84; 43
85; 43
86; 45
87; 45
88; 47
89; 47
90; 49
91; 49
92; 51
93; 51
94; 56
95; 56
96; 1
97; 5
98; 7
99; 7
100; 9
101; 9
102; 11
103; 11
104; 13
105; 13
106; 15
107; 15
108; 18
109; 18
110; 21
111; 21
112; 23
113; 23
114; 25
115; 25
116; 27
117; 27
118; 29
119; 29
120; 32
121; 35
122; 37
123; 37
124; 39
125; 39
126; 41
127; 41
128; 43
129; 43
130; 45
131; 45
132; 48
133; 48
134; 51
135; 51
136; 53
137; 53
138; 55
139; 55
140; 57
141; 57
142; 59
143; 59
144; 1
145; 32
146; 34
147; 34
148; 36
149; 36
150; 38
151; 38
152; 40
153; 40
154; 42
155; 42
156; 45
157; 45
158; 48
159; 48
160; 50
161; 50
162; 52
163; 52
164; 54
165; 54
166; 56
167; 56
168; 58
169; 2
170; 4
171; 4
172; 6
173; 6
174; 8
175; 8
176; 10
177; 10
178; 12
179; 12
180; 15
181; 15
182; 18
183; 18
184; 20
185; 20
186; 22
187; 22
188; 24
189; 24
190; 26
191; 26
192; 28
193; 8
194; 10
195; 10
196; 12
197; 12
198; 14
199; 14
200; 16
201; 16
202; 18
203; 18
204; 21
205; 21
206; 23
207; 23
208; 25
209; 25
210; 27
211; 27
212; 29
213; 29
214; 32
215; 38
216; 40
217; 40
218; 42
219; 42
220; 44
221; 44
222; 46
223; 46
224; 48
225; 48
226; 51
227; 51
228; 53
229; 53
230; 55
231; 55
232; 57
233; 57
234; 59
235; 59
236; 1
237; 44
238; 46
239; 46
240; 48
241; 48
242; 50
243; 50
244; 52
245; 52
246; 54
247; 54
248; 57
249; 57
250; 59
251; 59
252; 1
253; 1
254; 3
255; 3
256; 5
257; 5
258; 8
259; 14
260; 16
261; 16
262; 18
263; 18
264; 20
265; 20
266; 22
267; 22
268; 24
269; 24
270; 27
271; 27
272; 29
273; 29
274; 31
275; 31
276; 33
277; 33
278; 35
279; 35
280; 37
281; 37
282; 39
283; 39
284; 41
285; 41
286; 43
287; 43
288; 45
289; 45
290; 47
291; 47
292; 50
293; 50
294; 52
295; 52
296; 54
297; 54
298; 56
299; 56
300; 58
301; 58
302; 0
303; 7
304; 9
305; 9
306; 11
307; 11
308; 13
309; 13
310; 15
311; 15
312; 17
313; 17
314; 20
315; 20
316; 22
317; 22
318; 24
319; 24
320; 26
321; 26
322; 28
323; 28
324; 30
325; 11
326; 13
327; 13
328; 15
329; 15
330; 17
331; 17
332; 19
333; 19
334; 21
335; 21
336; 24
337; 24
338; 26
339; 26
340; 28
341; 28
342; 30
343; 30
344; 32
345; 32
346; 34
347; 41
348; 43
349; 43
350; 45
351; 45
352; 47
353; 47
354; 49
355; 49
356; 51
357; 51
358; 54
359; 54
360; 56
361; 56
362; 58
363; 58
364; 0
365; 0
366; 2
367; 2
368; 4
369; 41
370; 43
371; 43
372; 45
373; 45
374; 47
375; 47
376; 49
377; 49
378; 51
379; 51
380; 53
381; 53
382; 55
383; 55
384; 57
385; 57
386; 59
387; 59
388; 1
389; 4
390; 6
391; 11
392; 13
393; 13
394; 15
395; 15
396; 17
397; 17
398; 19
399; 19
400; 21
401; 21
402; 23
403; 23
404; 25
405; 25
406; 27
407; 27
408; 29
409; 29
410; 31
411; 34
412; 36
413; 29
414; 31
415; 34
416; 36
417; 36
418; 38
419; 38
420; 40
421; 40
422; 42
423; 42
424; 44
425; 44
426; 46
427; 46
428; 48
429; 48
430; 50
431; 50
432; 52
433; 52
434; 54
435; 59
436; 1
437; 4
438; 6
439; 6
440; 8
441; 8
442; 10
443; 10
444; 12
445; 12
446; 14
447; 14
448; 16
449; 16
450; 18
451; 18
452; 20
453; 20
454; 22
455; 22
456; 24
457; 8
458; 10
459; 10
460; 12
461; 12
462; 14
463; 14
464; 16
465; 16
466; 18
467; 18
468; 21
469; 21
470; 23
471; 23
472; 25
473; 25
474; 27
475; 27
476; 29
477; 29
478; 31
479; 38
480; 40
481; 40
482; 42
483; 42
484; 44
485; 44
486; 46
487; 46
488; 48
489; 48
490; 51
491; 51
492; 53
493; 53
494; 55
495; 55
496; 57
497; 57
498; 59
499; 59
500; 1
501; 35
502; 37
503; 37
504; 39
505; 39
506; 41
507; 41
508; 43
509; 43
510; 45
511; 45
512; 48
513; 48
514; 50
515; 50
516; 52
517; 52
518; 54
519; 54
520; 56
521; 56
522; 58
523; 5
524; 7
525; 7
526; 9
527; 9
528; 11
529; 11
530; 13
531; 13
532; 15
533; 15
534; 18
535; 18
536; 20
537; 20
538; 22
539; 22
540; 24
541; 24
542; 26
543; 26
544; 28
545; 41
546; 43
547; 43
548; 45
549; 45
550; 47
551; 47
552; 49
553; 49
554; 51
555; 51
556; 53
557; 53
558; 55
559; 55
560; 57
561; 57
562; 59
563; 59
564; 1
565; 4
566; 6
567; 11
568; 13
569; 13
570; 15
571; 15
572; 17
573; 17
574; 19
575; 19
576; 21
577; 21
578; 23
579; 23
580; 25
581; 25
582; 27
583; 27
584; 29
585; 29
586; 31
587; 34
588; 36
589; 29
590; 31
591; 34
592; 36
593; 36
594; 38
595; 38
596; 40
597; 40
598; 42
599; 42
600; 44
601; 44
602; 46
603; 46
604; 48
605; 48
606; 50
607; 50
608; 52
609; 52
610; 54
611; 59
612; 2
613; 4
614; 6
615; 6
616; 8
617; 8
618; 10
619; 10
620; 12
621; 12
622; 14
623; 14
624; 16
625; 16
626; 18
627; 18
628; 20
629; 20
630; 22
631; 22
632; 24
633; 43
634; 45
635; 45
636; 47
637; 47
638; 49
639; 49
640; 51
641; 51
642; 53
643; 53
644; 55
645; 55
646; 57
647; 57
648; 59
649; 59
650; 1
651; 4
652; 6
653; 6
654; 8
655; 13
656; 15
657; 15
658; 17
659; 17
660; 19
661; 19
662; 21
663; 21
664; 23
665; 23
666; 25
667; 25
668; 27
669; 27
670; 29
671; 29
672; 31
673; 34
674; 36
675; 36
676; 38
677; 28
678; 31
679; 33
680; 35
681; 38
682; 40
683; 40
684; 42
685; 42
686; 44
687; 44
688; 46
689; 46
690; 48
691; 48
692; 50
693; 50
694; 52
695; 52
696; 54
697; 54
698; 56
699; 58
700; 0
701; 3
702; 6
703; 8
704; 10
705; 10
706; 12
707; 12
708; 14
709; 14
710; 16
711; 16
712; 18
713; 18
714; 20
715; 20
716; 22
717; 22
718; 24
719; 24
720; 26
721; 22
722; 24
723; 24
724; 26
725; 26
726; 28
727; 28
728; 30
729; 30
730; 32
731; 32
732; 35
733; 38
734; 41
735; 44
736; 47
737; 50
738; 53
739; 56
740; 59
741; 2
742; 5
743; 52
744; 54
745; 54
746; 56
747; 56
748; 58
749; 58
750; 0
751; 0
752; 2
753; 2
754; 6
755; 8
756; 11
757; 14
758; 17
759; 20
760; 23
761; 26
762; 29
763; 32
764; 35
765; 26
766; 28
767; 28
768; 30
769; 30
770; 32
771; 32
772; 34
773; 34
774; 36
775; 36
776; 39
777; 39
778; 41
779; 41
780; 43
781; 43
782; 45
783; 48
784; 51
785; 54
786; 57
787; 56
788; 58
789; 58
790; 0
791; 0
792; 2
793; 2
794; 4
795; 4
796; 6
797; 6
798; 9
799; 9
800; 11
801; 11
802; 13
803; 13
804; 16
805; 18
806; 21
807; 24
808; 27
809; 28
810; 30
811; 30
812; 32
813; 32
814; 34
815; 34
816; 36
817; 36
818; 38
819; 38
820; 41
821; 41
822; 43
823; 43
824; 45
825; 48
826; 51
827; 54
828; 57
829; 0
830; 3
831; 58
832; 0
833; 0
834; 2
835; 2
836; 4
837; 4
838; 6
839; 6
840; 8
841; 8
842; 11
843; 11
844; 13
845; 13
846; 16
847; 18
848; 21
849; 24
850; 27
851; 30
852; 33
853; 8
854; 10
855; 10
856; 12
857; 12
858; 14
859; 14
860; 16
861; 16
862; 18
863; 18
864; 21
865; 21
866; 23
867; 23
868; 25
869; 25
870; 27
871; 27
872; 29
873; 29
874; 32
875; 38
876; 40
877; 40
878; 42
879; 42
880; 44
881; 44
882; 46
883; 46
884; 48
885; 48
886; 51
887; 51
888; 53
889; 53
890; 55
891; 55
892; 57
893; 57
894; 59
895; 59
896; 1
897; 34
898; 36
899; 36
900; 38
901; 38
902; 40
903; 40
904; 42
905; 42
906; 44
907; 44
908; 47
909; 47
910; 49
911; 49
912; 51
913; 51
914; 53
915; 53
916; 55
917; 55
918; 58
919; 4
920; 6
921; 6
922; 8
923; 8
924; 10
925; 10
926; 12
927; 12
928; 14
929; 14
930; 17
931; 17
932; 19
933; 19
934; 21
935; 21
936; 23
937; 23
938; 25
939; 25
940; 27
941; 40
942; 42
943; 42
944; 44
945; 44
946; 46
947; 46
948; 48
949; 48
950; 50
951; 50
952; 53
953; 53
954; 55
955; 55
956; 57
957; 0
958; 3
959; 6
960; 9
961; 12
962; 15
963; 10
964; 12
965; 12
966; 14
967; 14
968; 16
969; 16
970; 18
971; 18
972; 20
973; 20
974; 23
975; 23
976; 25
977; 25
978; 28
979; 30
980; 33
981; 36
982; 39
983; 42
984; 45
985; 40
986; 42
987; 42
988; 44
989; 44
990; 46
991; 46
992; 48
993; 48
994; 50
995; 50
996; 53
997; 53
998; 55
999; 55
1000; 57
1001; 0
1002; 3
1003; 6
1004; 9
1005; 12
1006; 15
1007; 10
1008; 12
1009; 12
1010; 14
1011; 14
1012; 16
1013; 16
1014; 18
1015; 18
1016; 20
1017; 20
1018; 23
1019; 23
1020; 25
1021; 25
1022; 28
1023; 30
1024; 33
1025; 36
1026; 39
1027; 42
1028; 45
1029; 26
1030; 28
1031; 28
1032; 30
1033; 30
1034; 32
1035; 32
1036; 34
1037; 34
1038; 36
1039; 36
1040; 39
1041; 39
1042; 41
1043; 41
1044; 43
1045; 43
1046; 45
1047; 45
1048; 47
1049; 50
1050; 53
1051; 56
1052; 58
1053; 58
1054; 60
1055; 60
1056; 2
1057; 2
1058; 4
1059; 4
1060; 6
1061; 6
1062; 9
1063; 9
1064; 11
1065; 11
1066; 13
1067; 13
1068; 15
1069; 15
1070; 18
1071; 20
1072; 22
1073; 46
1074; 48
1075; 48
1076; 50
1077; 50
1078; 52
1079; 52
1080; 54
1081; 54
1082; 56
1083; 56
1084; 59
1085; 59
1086; 1
1087; 1
1088; 3
1089; 3
1090; 5
1091; 5
1092; 7
1093; 7
1094; 9
1095; 16
1096; 18
1097; 18
1098; 20
1099; 20
1100; 22
1101; 22
1102; 24
1103; 24
1104; 26
1105; 26
1106; 29
1107; 29
1108; 31
1109; 31
1110; 33
1111; 33
1112; 35
1113; 35
1114; 37
1115; 37
1116; 39
1117; 50
1118; 52
1119; 52
1120; 54
1121; 54
1122; 56
1123; 56
1124; 58
1125; 58
1126; 60
1127; 60
1128; 3
1129; 3
1130; 5
1131; 5
1132; 7
1133; 10
1134; 13
1135; 16
1136; 19
1137; 22
1138; 25
1139; 20
1140; 22
1141; 22
1142; 24
1143; 24
1144; 26
1145; 26
1146; 28
1147; 28
1148; 30
1149; 30
1150; 33
1151; 33
1152; 35
1153; 35
1154; 37
1155; 40
1156; 43
1157; 46
1158; 49
1159; 52
1160; 55
1161; 59
1162; 1
1163; 1
1164; 3
1165; 3
1166; 5
1167; 5
1168; 7
1169; 7
1170; 9
1171; 9
1172; 12
1173; 15
1174; 18
1175; 21
1176; 24
1177; 27
1178; 30
1179; 33
1180; 36
1181; 39
1182; 42
1183; 29
1184; 31
1185; 31
1186; 33
1187; 33
1188; 35
1189; 35
1190; 37
1191; 37
1192; 39
1193; 39
1194; 42
1195; 45
1196; 48
1197; 51
1198; 54
1199; 57
1200; 0
1201; 3
1202; 6
1203; 9
1204; 12
1205; 44
1206; 46
1207; 46
1208; 48
1209; 48
1210; 50
1211; 50
1212; 52
1213; 52
1214; 54
1215; 54
1216; 57
1217; 57
1218; 59
1219; 59
1220; 1
1221; 1
1222; 3
1223; 3
1224; 5
1225; 5
1226; 7
1227; 14
1228; 16
1229; 16
1230; 18
1231; 18
1232; 20
1233; 20
1234; 22
1235; 22
1236; 24
1237; 24
1238; 27
1239; 27
1240; 29
1241; 29
1242; 31
1243; 31
1244; 33
1245; 33
1246; 35
1247; 35
1248; 37
1249; 5
1250; 7
1251; 7
1252; 9
1253; 9
1254; 11
1255; 11
1256; 13
1257; 13
1258; 15
1259; 15
1260; 18
1261; 18
1262; 20
1263; 20
1264; 22
1265; 22
1266; 24
1267; 27
1268; 30
1269; 33
1270; 36
1271; 35
1272; 37
1273; 37
1274; 39
1275; 39
1276; 41
1277; 41
1278; 43
1279; 43
1280; 45
1281; 45
1282; 48
1283; 48
1284; 50
1285; 50
1286; 52
1287; 52
1288; 54
1289; 57
1290; 0
1291; 3
1292; 6
1293; 8
1294; 10
1295; 10
1296; 12
1297; 12
1298; 14
1299; 14
1300; 16
1301; 16
1302; 18
1303; 18
1304; 21
1305; 21
1306; 23
1307; 23
1308; 25
1309; 25
1310; 27
1311; 27
1312; 29
1313; 29
1314; 32
1315; 38
1316; 40
1317; 40
1318; 42
1319; 42
1320; 44
1321; 44
1322; 46
1323; 46
1324; 48
1325; 48
1326; 51
1327; 51
1328; 53
1329; 53
1330; 55
1331; 55
1332; 57
1333; 57
1334; 59
1335; 59
1336; 1
1337; 8
1338; 10
1339; 10
1340; 12
1341; 12
1342; 14
1343; 14
1344; 16
1345; 16
1346; 18
1347; 18
1348; 21
1349; 21
1350; 23
1351; 23
1352; 25
1353; 25
1354; 27
1355; 27
1356; 29
1357; 29
1358; 32
1359; 38
1360; 40
1361; 40
1362; 42
1363; 42
1364; 44
1365; 44
1366; 46
1367; 46
1368; 48
1369; 48
1370; 51
1371; 51
1372; 53
1373; 53
1374; 55
1375; 55
1376; 57
1377; 57
1378; 59
1379; 59
1380; 1
1381; 8
1382; 10
1383; 10
1384; 12
1385; 12
1386; 14
1387; 14
1388; 16
1389; 16
1390; 18
1391; 18
1392; 21
1393; 21
1394; 23
1395; 23
1396; 25
1397; 25
1398; 27
1399; 27
1400; 29
1401; 29
1402; 32
1403; 38
1404; 40
1405; 40
1406; 42
1407; 42
1408; 44
1409; 44
1410; 46
1411; 46
1412; 48
1413; 48
1414; 51
1415; 51
1416; 53
1417; 53
1418; 55
1419; 55
1420; 57
1421; 57
1422; 59
1423; 59
1424; 1
1425; 7
1426; 9
1427; 9
1428; 11
1429; 11
1430; 13
1431; 13
1432; 15
1433; 15
1434; 18
1435; 18
1436; 21
1437; 24
1438; 27
1439; 30
1440; 33
1441; 36
1442; 39
1443; 42
1444; 45
1445; 48
1446; 51
1447; 37
1448; 39
1449; 39
1450; 41
1451; 41
1452; 43
1453; 43
1454; 45
1455; 45
1456; 48
1457; 48
1458; 51
1459; 54
1460; 57
1461; 0
1462; 3
1463; 6
1464; 9
1465; 12
1466; 15
1467; 18
1468; 21
1469; 5
1470; 7
1471; 7
1472; 9
1473; 9
1474; 11
1475; 11
1476; 13
1477; 13
1478; 15
1479; 15
1480; 18
1481; 18
1482; 21
1483; 21
1484; 23
1485; 26
1486; 29
1487; 32
1488; 35
1489; 38
1490; 41
1491; 35
1492; 37
1493; 37
1494; 39
1495; 39
1496; 41
1497; 41
1498; 43
1499; 43
1500; 45
1501; 45
1502; 48
1503; 48
1504; 51
1505; 51
1506; 54
1507; 56
1508; 59
1509; 2
1510; 5
1511; 8
1512; 11
1513; 3
1514; 5
1515; 5
1516; 7
1517; 7
1518; 9
1519; 9
1520; 11
1521; 11
1522; 13
1523; 13
1524; 16
1525; 16
1526; 19
1527; 19
1528; 22
1529; 25
1530; 27
1531; 27
1532; 29
1533; 29
1534; 32
1535; 33
1536; 35
1537; 35
1538; 37
1539; 37
1540; 39
1541; 39
1542; 41
1543; 41
1544; 43
1545; 43
1546; 46
1547; 46
1548; 49
1549; 49
1550; 52
1551; 55
1552; 57
1553; 57
1554; 59
1555; 59
1556; 1
1557; 8
1558; 10
1559; 10
1560; 12
1561; 12
1562; 14
1563; 14
1564; 16
1565; 16
1566; 18
1567; 18
1568; 21
1569; 21
1570; 23
1571; 23
1572; 25
1573; 25
1574; 27
1575; 27
1576; 29
1577; 29
1578; 32
1579; 38
1580; 40
1581; 40
1582; 42
1583; 42
1584; 44
1585; 44
1586; 46
1587; 46
1588; 48
1589; 48
1590; 51
1591; 51
1592; 53
1593; 53
1594; 55
1595; 55
1596; 57
1597; 57
1598; 59
1599; 59
1600; 1
1601; 29
1602; 30
1603; 30
1604; 31
1605; 31
1606; 32
1607; 32
1608; 33
1609; 33
1610; 34
1611; 34
1612; 35
1613; 35
1614; 36
1615; 36
1616; 37
1617; 40
1618; 42
1619; 44
1620; 47
1621; 59
1622; 0
1623; 0
1624; 1
1625; 1
1626; 2
1627; 2
1628; 3
1629; 3
1630; 4
1631; 4
1632; 5
1633; 5
1634; 6
1635; 6
1636; 7
1637; 10
1638; 11
1639; 14
1640; 17
1641; 58
1642; 60
1643; 60
1644; 1
1645; 1
1646; 2
1647; 2
1648; 3
1649; 3
1650; 4
1651; 4
1652; 5
1653; 5
1654; 6
1655; 6
1656; 7
1657; 7
1658; 8
1659; 8
1660; 9
1661; 28
1662; 30
1663; 30
1664; 31
1665; 31
1666; 32
1667; 32
1668; 33
1669; 33
1670; 34
1671; 34
1672; 35
1673; 35
1674; 36
1675; 36
1676; 37
1677; 37
1678; 38
1679; 38
1680; 39
1681; 11
1682; 13
1683; 13
1684; 15
1685; 15
1686; 17
1687; 17
1688; 19
1689; 19
1690; 21
1691; 21
1692; 23
1693; 23
1694; 25
1695; 25
1696; 27
1697; 27
1698; 29
1699; 29
1700; 31
1701; 41
1702; 43
1703; 43
1704; 45
1705; 45
1706; 47
1707; 47
1708; 49
1709; 49
1710; 51
1711; 51
1712; 53
1713; 53
1714; 55
1715; 55
1716; 57
1717; 57
1718; 59
1719; 59
1720; 1
1721; 4
1722; 6
1723; 6
1724; 8
1725; 8
1726; 10
1727; 10
1728; 12
1729; 12
1730; 14
1731; 14
1732; 16
1733; 16
1734; 18
1735; 18
1736; 20
1737; 20
1738; 22
1739; 22
1740; 24
1741; 34
1742; 36
1743; 36
1744; 38
1745; 38
1746; 40
1747; 40
1748; 42
1749; 42
1750; 44
1751; 44
1752; 46
1753; 46
1754; 48
1755; 48
1756; 50
1757; 50
1758; 52
1759; 52
1760; 54
1761; 11
1762; 13
1763; 13
1764; 15
1765; 15
1766; 17
1767; 17
1768; 19
1769; 19
1770; 21
1771; 21
1772; 23
1773; 23
1774; 25
1775; 25
1776; 27
1777; 27
1778; 29
1779; 29
1780; 31
1781; 41
1782; 43
1783; 43
1784; 45
1785; 45
1786; 47
1787; 47
1788; 49
1789; 49
1790; 51
1791; 51
1792; 53
1793; 53
1794; 55
1795; 55
1796; 57
1797; 57
1798; 59
1799; 59
1800; 1
1801; 55
1802; 57
1803; 57
1804; 59
1805; 59
1806; 1
1807; 1
1808; 3
1809; 3
1810; 5
1811; 5
1812; 7
1813; 7
1814; 9
1815; 9
1816; 11
1817; 11
1818; 13
1819; 16
1820; 19
1821; 25
1822; 27
1823; 27
1824; 29
1825; 29
1826; 31
1827; 31
1828; 33
1829; 33
1830; 35
1831; 35
1832; 37
1833; 37
1834; 39
1835; 39
1836; 41
1837; 41
1838; 43
1839; 46
1840; 49
1841; 11
1842; 13
1843; 13
1844; 15
1845; 15
1846; 17
1847; 17
1848; 19
1849; 19
1850; 21
1851; 21
1852; 23
1853; 23
1854; 25
1855; 25
1856; 27
1857; 27
1858; 29
1859; 29
1860; 31
1861; 41
1862; 43
1863; 43
1864; 45
1865; 45
1866; 47
1867; 47
1868; 49
1869; 49
1870; 51
1871; 51
1872; 53
1873; 53
1874; 55
1875; 55
1876; 57
1877; 57
1878; 59
1879; 59
1880; 1
1881; 4
1882; 6
1883; 6
1884; 8
1885; 8
1886; 10
1887; 10
1888; 12
1889; 12
1890; 14
1891; 14
1892; 16
1893; 16
1894; 18
1895; 18
1896; 20
1897; 20
1898; 22
1899; 22
1900; 25
1901; 34
1902; 36
1903; 36
1904; 38
1905; 38
1906; 40
1907; 40
1908; 42
1909; 42
1910; 44
1911; 44
1912; 46
1913; 46
1914; 48
1915; 48
1916; 50
1917; 50
1918; 52
1919; 52
1920; 54
1921; 9
1922; 11
1923; 11
1924; 13
1925; 13
1926; 15
1927; 15
1928; 17
1929; 17
1930; 19
1931; 19
1932; 21
1933; 21
1934; 23
1935; 23
1936; 25
1937; 25
1938; 27
1939; 27
1940; 29
1941; 39
1942; 41
1943; 41
1944; 43
1945; 43
1946; 45
1947; 45
1948; 47
1949; 47
1950; 49
1951; 49
1952; 51
1953; 51
1954; 53
1955; 53
1956; 55
1957; 55
1958; 57
1959; 57
1960; 59
1961; 34
1962; 36
1963; 36
1964; 38
1965; 38
1966; 40
1967; 40
1968; 42
1969; 42
1970; 44
1971; 44
1972; 46
1973; 46
1974; 48
1975; 48
1976; 50
1977; 50
1978; 52
1979; 55
1980; 58
1981; 4
1982; 6
1983; 6
1984; 8
1985; 8
1986; 10
1987; 10
1988; 12
1989; 12
1990; 14
1991; 14
1992; 16
1993; 16
1994; 18
1995; 18
1996; 20
1997; 20
1998; 22
1999; 25
2000; 28
2001; 40
2002; 42
2003; 42
2004; 44
2005; 44
2006; 46
2007; 46
2008; 48
2009; 48
2010; 50
2011; 50
2012; 52
2013; 52
2014; 54
2015; 54
2016; 56
2017; 56
2018; 58
2019; 58
2020; 0
2021; 10
2022; 12
2023; 12
2024; 14
2025; 14
2026; 16
2027; 16
2028; 18
2029; 18
2030; 20
2031; 20
2032; 22
2033; 22
2034; 24
2035; 24
2036; 26
2037; 26
2038; 28
2039; 28
2040; 30
2041; 34
2042; 36
2043; 36
2044; 38
2045; 38
2046; 40
2047; 40
2048; 42
2049; 42
2050; 44
2051; 44
2052; 46
2053; 46
2054; 48
2055; 48
2056; 50
2057; 50
2058; 52
2059; 52
2060; 54
2061; 4
2062; 6
2063; 6
2064; 8
2065; 8
2066; 10
2067; 10
2068; 12
2069; 12
2070; 14
2071; 14
2072; 16
2073; 16
2074; 18
2075; 18
2076; 20
2077; 20
2078; 22
2079; 22
2080; 24
2081; 11
2082; 13
2083; 13
2084; 15
2085; 15
2086; 17
2087; 17
2088; 19
2089; 19
2090; 21
2091; 21
2092; 23
2093; 23
2094; 25
2095; 25
2096; 27
2097; 27
2098; 29
2099; 29
2100; 31
2101; 41
2102; 43
2103; 43
2104; 45
2105; 45
2106; 47
2107; 47
2108; 49
2109; 49
2110; 51
2111; 51
2112; 53
2113; 53
2114; 55
2115; 55
2116; 57
2117; 57
2118; 59
2119; 59
2120; 1
2121; 34
2122; 36
2123; 36
2124; 38
2125; 38
2126; 40
2127; 40
2128; 42
2129; 42
2130; 44
2131; 44
2132; 46
2133; 46
2134; 48
2135; 48
2136; 50
2137; 50
2138; 52
2139; 52
2140; 54
2141; 4
2142; 6
2143; 6
2144; 8
2145; 8
2146; 10
2147; 10
2148; 12
2149; 12
2150; 14
2151; 14
2152; 16
2153; 16
2154; 18
2155; 18
2156; 20
2157; 20
2158; 22
2159; 22
2160; 24
2161; 11
2162; 13
2163; 13
2164; 15
2165; 15
2166; 17
2167; 17
2168; 19
2169; 19
2170; 21
2171; 21
2172; 23
2173; 23
2174; 25
2175; 25
2176; 27
2177; 27
2178; 29
2179; 29
2180; 31
2181; 41
2182; 43
2183; 43
2184; 45
2185; 45
2186; 47
2187; 47
2188; 49
2189; 49
2190; 51
2191; 51
2192; 53
2193; 53
2194; 55
2195; 55
2196; 57
2197; 57
2198; 59
2199; 59
2200; 1
2201; 34
2202; 36
2203; 36
2204; 38
2205; 38
2206; 40
2207; 40
2208; 42
2209; 42
2210; 44
2211; 44
2212; 46
2213; 46
2214; 48
2215; 48
2216; 50
2217; 50
2218; 52
2219; 52
2220; 55
2221; 4
2222; 6
2223; 6
2224; 8
2225; 8
2226; 10
2227; 10
2228; 12
2229; 12
2230; 14
2231; 14
2232; 16
2233; 16
2234; 18
2235; 18
2236; 20
2237; 20
2238; 22
2239; 22
2240; 24
2241; 41
2242; 43
2243; 43
2244; 45
2245; 45
2246; 47
2247; 47
2248; 49
2249; 49
2250; 51
2251; 51
2252; 53
2253; 53
2254; 55
2255; 55
2256; 57
2257; 57
2258; 59
2259; 59
2260; 1
2261; 11
2262; 13
2263; 13
2264; 15
2265; 15
2266; 17
2267; 17
2268; 19
2269; 19
2270; 21
2271; 21
2272; 23
2273; 23
2274; 25
2275; 25
2276; 27
2277; 27
2278; 29
2279; 29
2280; 31
2281; 4
2282; 6
2283; 6
2284; 8
2285; 8
2286; 10
2287; 10
2288; 12
2289; 12
2290; 14
2291; 14
2292; 16
2293; 16
2294; 18
2295; 18
2296; 20
2297; 20
2298; 22
2299; 25
2300; 27
2301; 34
2302; 36
2303; 36
2304; 38
2305; 38
2306; 40
2307; 40
2308; 42
2309; 42
2310; 44
2311; 44
2312; 46
2313; 46
2314; 48
2315; 48
2316; 50
2317; 50
2318; 52
2319; 55
2320; 58
2321; 41
2322; 43
2323; 43
2324; 45
2325; 45
2326; 47
2327; 47
2328; 49
2329; 49
2330; 51
2331; 51
2332; 53
2333; 53
2334; 55
2335; 55
2336; 57
2337; 57
2338; 59
2339; 59
2340; 1
2341; 11
2342; 13
2343; 13
2344; 15
2345; 15
2346; 17
2347; 17
2348; 19
2349; 19
2350; 21
2351; 21
2352; 23
2353; 23
2354; 25
2355; 25
2356; 27
2357; 27
2358; 29
2359; 29
2360; 31
2361; 4
2362; 6
2363; 6
2364; 8
2365; 8
2366; 10
2367; 10
2368; 12
2369; 12
2370; 14
2371; 14
2372; 16
2373; 16
2374; 18
2375; 18
2376; 20
2377; 23
2378; 26
2379; 29
2380; 32
2381; 34
2382; 36
2383; 36
2384; 38
2385; 38
2386; 40
2387; 40
2388; 42
2389; 42
2390; 44
2391; 44
2392; 46
2393; 46
2394; 48
2395; 48
2396; 50
2397; 53
2398; 56
2399; 59
2400; 2
2401; 11
2402; 13
2403; 13
2404; 15
2405; 15
2406; 17
2407; 17
2408; 19
2409; 19
2410; 21
2411; 21
2412; 23
2413; 23
2414; 25
2415; 25
2416; 27
2417; 27
2418; 29
2419; 29
2420; 31
2421; 41
2422; 43
2423; 43
2424; 45
2425; 45
2426; 47
2427; 47
2428; 49
2429; 49
2430; 51
2431; 51
2432; 53
2433; 53
2434; 55
2435; 55
2436; 57
2437; 57
2438; 59
2439; 59
2440; 1
2441; 34
2442; 36
2443; 36
2444; 38
2445; 38
2446; 40
2447; 40
2448; 42
2449; 42
2450; 44
2451; 44
2452; 46
2453; 46
2454; 48
2455; 48
2456; 50
2457; 50
2458; 52
2459; 52
2460; 54
2461; 4
2462; 6
2463; 6
2464; 8
2465; 8
2466; 10
2467; 10
2468; 12
2469; 12
2470; 14
2471; 14
2472; 16
2473; 16
2474; 18
2475; 18
2476; 20
2477; 20
2478; 22
2479; 22
2480; 25
2481; 11
2482; 13
2483; 13
2484; 15
2485; 15
2486; 17
2487; 17
2488; 19
2489; 19
2490; 21
2491; 21
2492; 23
2493; 23
2494; 25
2495; 25
2496; 27
2497; 27
2498; 29
2499; 29
2500; 31
2501; 41
2502; 43
2503; 43
2504; 45
2505; 45
2506; 47
2507; 47
2508; 49
2509; 49
2510; 51
2511; 51
2512; 53
2513; 53
2514; 55
2515; 55
2516; 57
2517; 57
2518; 59
2519; 59
2520; 1
2521; 34
2522; 36
2523; 36
2524; 38
2525; 38
2526; 40
2527; 40
2528; 42
2529; 42
2530; 44
2531; 44
2532; 46
2533; 46
2534; 48
2535; 48
2536; 50
2537; 50
2538; 52
2539; 52
2540; 54
2541; 4
2542; 6
2543; 6
2544; 8
2545; 8
2546; 10
2547; 10
2548; 12
2549; 12
2550; 14
2551; 14
2552; 16
2553; 16
2554; 18
2555; 18
2556; 20
2557; 20
2558; 22
2559; 22
2560; 24
2561; 11
2562; 13
2563; 13
2564; 15
2565; 15
2566; 17
2567; 17
2568; 19
2569; 19
2570; 21
2571; 21
2572; 23
2573; 23
2574; 25
2575; 25
2576; 27
2577; 27
2578; 29
2579; 29
2580; 31
2581; 41
2582; 43
2583; 43
2584; 45
2585; 45
2586; 47
2587; 47
2588; 49
2589; 49
2590; 51
2591; 51
2592; 53
2593; 53
2594; 55
2595; 55
2596; 57
2597; 57
2598; 59
2599; 59
2600; 1
2601; 33
2602; 35
2603; 35
2604; 37
2605; 37
2606; 39
2607; 39
2608; 41
2609; 41
2610; 43
2611; 43
2612; 45
2613; 45
2614; 47
2615; 47
2616; 49
2617; 49
2618; 51
2619; 51
2620; 53
2621; 3
2622; 5
2623; 5
2624; 7
2625; 7
2626; 9
2627; 9
2628; 11
2629; 11
2630; 13
2631; 13
2632; 15
2633; 15
2634; 17
2635; 17
2636; 19
2637; 19
2638; 21
2639; 21
2640; 23
2641; 38
2642; 40
2643; 40
2644; 42
2645; 42
2646; 44
2647; 44
2648; 46
2649; 46
2650; 48
2651; 48
2652; 50
2653; 50
2654; 52
2655; 52
2656; 54
2657; 54
2658; 56
2659; 8
2660; 10
2661; 10
2662; 12
2663; 12
2664; 14
2665; 14
2666; 16
2667; 16
2668; 18
2669; 18
2670; 20
2671; 20
2672; 22
2673; 22
2674; 24
2675; 24
2676; 26
2677; 39
2678; 41
2679; 41
2680; 43
2681; 43
2682; 45
2683; 45
2684; 47
2685; 47
2686; 49
2687; 49
2688; 51
2689; 51
2690; 53
2691; 53
2692; 55
2693; 55
2694; 57
2695; 9
2696; 11
2697; 11
2698; 13
2699; 13
2700; 15
2701; 15
2702; 17
2703; 17
2704; 19
2705; 19
2706; 21
2707; 21
2708; 23
2709; 23
2710; 25
2711; 25
2712; 27
2713; 12
2714; 14
2715; 14
2716; 16
2717; 16
2718; 18
2719; 18
2720; 20
2721; 20
2722; 23
2723; 23
2724; 25
2725; 25
2726; 27
2727; 27
2728; 29
2729; 29
2730; 32
2731; 42
2732; 44
2733; 44
2734; 46
2735; 46
2736; 48
2737; 48
2738; 50
2739; 50
2740; 53
2741; 53
2742; 55
2743; 55
2744; 57
2745; 57
2746; 59
2747; 59
2748; 1
2749; 12
2750; 14
2751; 14
2752; 16
2753; 16
2754; 18
2755; 18
2756; 20
2757; 20
2758; 23
2759; 23
2760; 25
2761; 25
2762; 27
2763; 27
2764; 29
2765; 29
2766; 32
2767; 42
2768; 44
2769; 44
2770; 46
2771; 46
2772; 48
2773; 48
2774; 50
2775; 50
2776; 53
2777; 53
2778; 55
2779; 55
2780; 57
2781; 57
2782; 59
2783; 59
2784; 1
2785; 21
2786; 23
2787; 23
2788; 25
2789; 25
2790; 27
2791; 27
2792; 29
2793; 29
2794; 32
2795; 51
2796; 53
2797; 53
2798; 55
2799; 55
2800; 57
2801; 57
2802; 59
2803; 59
2804; 1
2805; 21
2806; 23
2807; 23
2808; 25
2809; 25
2810; 27
2811; 27
2812; 29
2813; 29
2814; 31
2815; 51
2816; 53
2817; 53
2818; 55
2819; 55
2820; 57
2821; 57
2822; 59
2823; 59
2824; 1
2825; 51
2826; 53
2827; 53
2828; 55
2829; 55
2830; 58
2831; 0
2832; 3
2833; 6
2834; 9
2835; 21
2836; 23
2837; 23
2838; 25
2839; 25
2840; 27
2841; 30
2842; 33
2843; 36
2844; 39
2845; 21
2846; 23
2847; 23
2848; 25
2849; 25
2850; 27
2851; 27
2852; 29
2853; 29
2854; 32
2855; 51
2856; 53
2857; 53
2858; 55
2859; 55
2860; 57
2861; 57
2862; 59
2863; 59
2864; 1
2865; 56
2866; 58
2867; 58
2868; 0
2869; 0
2870; 2
2871; 5
2872; 8
2873; 10
2874; 13
2875; 26
2876; 28
2877; 28
2878; 30
2879; 30
2880; 32
2881; 35
2882; 37
2883; 40
2884; 43
2885; 21
2886; 23
2887; 23
2888; 25
2889; 25
2890; 27
2891; 27
2892; 29
2893; 29
2894; 32
2895; 51
2896; 53
2897; 53
2898; 55
2899; 55
2900; 57
2901; 57
2902; 59
2903; 59
2904; 1
2905; 21
2906; 23
2907; 23
2908; 25
2909; 25
2910; 27
2911; 27
2912; 29
2913; 29
2914; 32
2915; 51
2916; 53
2917; 53
2918; 55
2919; 55
2920; 57
2921; 57
2922; 59
2923; 59
2924; 1
2925; 26
2926; 28
2927; 28
2928; 30
2929; 30
2930; 32
2931; 32
2932; 34
2933; 37
2934; 40
2935; 56
2936; 58
2937; 58
2938; 60
2939; 60
2940; 2
2941; 2
2942; 4
2943; 7
2944; 10
2945; 16
2946; 18
2947; 18
2948; 20
2949; 20
2950; 22
2951; 25
2952; 28
2953; 31
2954; 34
2955; 46
2956; 48
2957; 48
2958; 50
2959; 50
2960; 52
2961; 55
2962; 58
2963; 1
2964; 4
2965; 21
2966; 23
2967; 23
2968; 25
2969; 25
2970; 27
2971; 27
2972; 29
2973; 29
2974; 32
2975; 51
2976; 53
2977; 53
2978; 55
2979; 55
2980; 57
2981; 57
2982; 59
2983; 59
2984; 1
2985; 21
2986; 23
2987; 23
2988; 25
2989; 25
2990; 27
2991; 27
2992; 29
2993; 29
2994; 32
2995; 51
2996; 53
2997; 53
2998; 55
2999; 55
3000; 57
3001; 57
3002; 59
3003; 59
3004; 1
3005; 5
3006; 7
3007; 10
3008; 13
3009; 16
3010; 19
3011; 22
3012; 25
3013; 28
3014; 31
3015; 35
3016; 38
3017; 40
3018; 43
3019; 46
3020; 49
3021; 52
3022; 55
3023; 58
3024; 1
