# line-id; line-code; direction; stop-order; stop-id; frequency; arrival_time; departure_time; line-repetition
1; 1H; >; 1; 51; 2; 0; 0; 1
1; 1H; >; 2; 41; 2; 5; 5; 1
1; 1H; >; 3; 31; 2; 10; 10; 1
1; 1H; >; 4; 30; 2; 12; 12; 1
1; 1H; >; 5; 29; 2; 14; 14; 1
1; 1H; >; 6; 28; 2; 16; 16; 1
1; 1H; >; 7; 27; 2; 18; 18; 1
1; 1H; >; 8; 26; 2; 20; 20; 1
1; 1H; >; 9; 36; 2; 23; 23; 1
1; 1H; >; 10; 37; 2; 25; 25; 1
1; 1H; >; 11; 38; 2; 27; 27; 1
1; 1H; >; 12; 39; 2; 29; 29; 1
1; 1H; >; 13; 40; 2; 32; 32; 1
1; 1H; >; 1; 51; 2; 30; 30; 2
1; 1H; >; 2; 41; 2; 35; 35; 2
1; 1H; >; 3; 31; 2; 40; 40; 2
1; 1H; >; 4; 30; 2; 42; 42; 2
1; 1H; >; 5; 29; 2; 44; 44; 2
1; 1H; >; 6; 28; 2; 46; 46; 2
1; 1H; >; 7; 27; 2; 48; 48; 2
1; 1H; >; 8; 26; 2; 50; 50; 2
1; 1H; >; 9; 36; 2; 53; 53; 2
1; 1H; >; 10; 37; 2; 55; 55; 2
1; 1H; >; 11; 38; 2; 57; 57; 2
1; 1H; >; 12; 39; 2; 59; 59; 2
1; 1H; >; 13; 40; 2; 1; 1; 2
1; 1R; <; 1; 40; 2; 0; 0; 1
1; 1R; <; 2; 39; 2; 2; 2; 1
1; 1R; <; 3; 38; 2; 4; 4; 1
1; 1R; <; 4; 37; 2; 6; 6; 1
1; 1R; <; 5; 36; 2; 8; 8; 1
1; 1R; <; 6; 26; 2; 11; 11; 1
1; 1R; <; 7; 27; 2; 13; 13; 1
1; 1R; <; 8; 28; 2; 15; 15; 1
1; 1R; <; 9; 29; 2; 17; 17; 1
1; 1R; <; 10; 30; 2; 19; 19; 1
1; 1R; <; 11; 31; 2; 21; 21; 1
1; 1R; <; 12; 41; 2; 26; 26; 1
1; 1R; <; 13; 51; 2; 33; 33; 1
1; 1R; <; 1; 40; 2; 30; 30; 2
1; 1R; <; 2; 39; 2; 32; 32; 2
1; 1R; <; 3; 38; 2; 34; 34; 2
1; 1R; <; 4; 37; 2; 36; 36; 2
1; 1R; <; 5; 36; 2; 38; 38; 2
1; 1R; <; 6; 26; 2; 41; 41; 2
1; 1R; <; 7; 27; 2; 43; 43; 2
1; 1R; <; 8; 28; 2; 45; 45; 2
1; 1R; <; 9; 29; 2; 47; 47; 2
1; 1R; <; 10; 30; 2; 49; 49; 2
1; 1R; <; 11; 31; 2; 51; 51; 2
1; 1R; <; 12; 41; 2; 56; 56; 2
1; 1R; <; 13; 51; 2; 1; 1; 2
2; 2H; >; 1; 151; 2; 5; 5; 1
2; 2H; >; 2; 150; 2; 7; 7; 1
2; 2H; >; 3; 149; 2; 9; 9; 1
2; 2H; >; 4; 148; 2; 11; 11; 1
2; 2H; >; 5; 147; 2; 13; 13; 1
2; 2H; >; 6; 146; 2; 15; 15; 1
2; 2H; >; 7; 136; 2; 18; 18; 1
2; 2H; >; 8; 126; 2; 21; 21; 1
2; 2H; >; 9; 127; 2; 23; 23; 1
2; 2H; >; 10; 128; 2; 25; 25; 1
2; 2H; >; 11; 129; 2; 27; 27; 1
2; 2H; >; 12; 130; 2; 29; 29; 1
2; 2H; >; 13; 131; 2; 32; 32; 1
2; 2H; >; 1; 151; 2; 35; 35; 2
2; 2H; >; 2; 150; 2; 37; 37; 2
2; 2H; >; 3; 149; 2; 39; 39; 2
2; 2H; >; 4; 148; 2; 41; 41; 2
2; 2H; >; 5; 147; 2; 43; 43; 2
2; 2H; >; 6; 146; 2; 45; 45; 2
2; 2H; >; 7; 136; 2; 48; 48; 2
2; 2H; >; 8; 126; 2; 51; 51; 2
2; 2H; >; 9; 127; 2; 53; 53; 2
2; 2H; >; 10; 128; 2; 55; 55; 2
2; 2H; >; 11; 129; 2; 57; 57; 2
2; 2H; >; 12; 130; 2; 59; 59; 2
2; 2H; >; 13; 131; 2; 1; 1; 2
2; 2R; <; 1; 131; 2; 32; 32; 1
2; 2R; <; 2; 130; 2; 34; 34; 1
2; 2R; <; 3; 129; 2; 36; 36; 1
2; 2R; <; 4; 128; 2; 38; 38; 1
2; 2R; <; 5; 127; 2; 40; 40; 1
2; 2R; <; 6; 126; 2; 42; 42; 1
2; 2R; <; 7; 136; 2; 45; 45; 1
2; 2R; <; 8; 146; 2; 48; 48; 1
2; 2R; <; 9; 147; 2; 50; 50; 1
2; 2R; <; 10; 148; 2; 52; 52; 1
2; 2R; <; 11; 149; 2; 54; 54; 1
2; 2R; <; 12; 150; 2; 56; 56; 1
2; 2R; <; 13; 151; 2; 58; 58; 1
2; 2R; <; 1; 131; 2; 2; 2; 2
2; 2R; <; 2; 130; 2; 4; 4; 2
2; 2R; <; 3; 129; 2; 6; 6; 2
2; 2R; <; 4; 128; 2; 8; 8; 2
2; 2R; <; 5; 127; 2; 10; 10; 2
2; 2R; <; 6; 126; 2; 12; 12; 2
2; 2R; <; 7; 136; 2; 15; 15; 2
2; 2R; <; 8; 146; 2; 18; 18; 2
2; 2R; <; 9; 147; 2; 20; 20; 2
2; 2R; <; 10; 148; 2; 22; 22; 2
2; 2R; <; 11; 149; 2; 24; 24; 2
2; 2R; <; 12; 150; 2; 26; 26; 2
2; 2R; <; 13; 151; 2; 28; 28; 2
3; 3H; >; 1; 161; 2; 8; 8; 1
3; 3H; >; 2; 160; 2; 10; 10; 1
3; 3H; >; 3; 159; 2; 12; 12; 1
3; 3H; >; 4; 158; 2; 14; 14; 1
3; 3H; >; 5; 157; 2; 16; 16; 1
3; 3H; >; 6; 156; 2; 18; 18; 1
3; 3H; >; 7; 6; 2; 21; 21; 1
3; 3H; >; 8; 5; 2; 23; 23; 1
3; 3H; >; 9; 4; 2; 25; 25; 1
3; 3H; >; 10; 3; 2; 27; 27; 1
3; 3H; >; 11; 2; 2; 29; 29; 1
3; 3H; >; 12; 1; 2; 32; 32; 1
3; 3H; >; 1; 161; 2; 38; 38; 2
3; 3H; >; 2; 160; 2; 40; 40; 2
3; 3H; >; 3; 159; 2; 42; 42; 2
3; 3H; >; 4; 158; 2; 44; 44; 2
3; 3H; >; 5; 157; 2; 46; 46; 2
3; 3H; >; 6; 156; 2; 48; 48; 2
3; 3H; >; 7; 6; 2; 51; 51; 2
3; 3H; >; 8; 5; 2; 53; 53; 2
3; 3H; >; 9; 4; 2; 55; 55; 2
3; 3H; >; 10; 3; 2; 57; 57; 2
3; 3H; >; 11; 2; 2; 59; 59; 2
3; 3H; >; 12; 1; 2; 1; 1; 2
3; 3R; <; 1; 1; 2; 44; 44; 1
3; 3R; <; 2; 2; 2; 46; 46; 1
3; 3R; <; 3; 3; 2; 48; 48; 1
3; 3R; <; 4; 4; 2; 50; 50; 1
3; 3R; <; 5; 5; 2; 52; 52; 1
3; 3R; <; 6; 6; 2; 54; 54; 1
3; 3R; <; 7; 156; 2; 57; 57; 1
3; 3R; <; 8; 157; 2; 59; 59; 1
3; 3R; <; 9; 158; 2; 1; 1; 1
3; 3R; <; 10; 159; 2; 3; 3; 1
3; 3R; <; 11; 160; 2; 5; 5; 1
3; 3R; <; 12; 161; 2; 8; 8; 1
3; 3R; <; 1; 1; 2; 14; 14; 2
3; 3R; <; 2; 2; 2; 16; 16; 2
3; 3R; <; 3; 3; 2; 18; 18; 2
3; 3R; <; 4; 4; 2; 20; 20; 2
3; 3R; <; 5; 5; 2; 22; 22; 2
3; 3R; <; 6; 6; 2; 24; 24; 2
3; 3R; <; 7; 156; 2; 27; 27; 2
3; 3R; <; 8; 157; 2; 29; 29; 2
3; 3R; <; 9; 158; 2; 31; 31; 2
3; 3R; <; 10; 159; 2; 33; 33; 2
3; 3R; <; 11; 160; 2; 35; 35; 2
3; 3R; <; 12; 161; 2; 37; 37; 2
4; 4H; >; 1; 161; 2; 37; 37; 1
4; 4H; >; 2; 160; 2; 39; 39; 1
4; 4H; >; 3; 159; 2; 41; 41; 1
4; 4H; >; 4; 158; 2; 43; 43; 1
4; 4H; >; 5; 157; 2; 45; 45; 1
4; 4H; >; 6; 156; 2; 47; 47; 1
4; 4H; >; 7; 146; 2; 50; 50; 1
4; 4H; >; 8; 147; 2; 52; 52; 1
4; 4H; >; 9; 148; 2; 54; 54; 1
4; 4H; >; 10; 149; 2; 56; 56; 1
4; 4H; >; 11; 150; 2; 58; 58; 1
4; 4H; >; 12; 151; 2; 0; 0; 1
4; 4H; >; 1; 161; 2; 7; 7; 2
4; 4H; >; 2; 160; 2; 9; 9; 2
4; 4H; >; 3; 159; 2; 11; 11; 2
4; 4H; >; 4; 158; 2; 13; 13; 2
4; 4H; >; 5; 157; 2; 15; 15; 2
4; 4H; >; 6; 156; 2; 17; 17; 2
4; 4H; >; 7; 146; 2; 20; 20; 2
4; 4H; >; 8; 147; 2; 22; 22; 2
4; 4H; >; 9; 148; 2; 24; 24; 2
4; 4H; >; 10; 149; 2; 26; 26; 2
4; 4H; >; 11; 150; 2; 28; 28; 2
4; 4H; >; 12; 151; 2; 30; 30; 2
4; 4R; <; 1; 151; 2; 11; 11; 1
4; 4R; <; 2; 150; 2; 13; 13; 1
4; 4R; <; 3; 149; 2; 15; 15; 1
4; 4R; <; 4; 148; 2; 17; 17; 1
4; 4R; <; 5; 147; 2; 19; 19; 1
4; 4R; <; 6; 146; 2; 21; 21; 1
4; 4R; <; 7; 156; 2; 24; 24; 1
4; 4R; <; 8; 157; 2; 26; 26; 1
4; 4R; <; 9; 158; 2; 28; 28; 1
4; 4R; <; 10; 159; 2; 30; 30; 1
4; 4R; <; 11; 160; 2; 32; 32; 1
4; 4R; <; 12; 161; 2; 34; 34; 1
4; 4R; <; 1; 151; 2; 41; 41; 2
4; 4R; <; 2; 150; 2; 43; 43; 2
4; 4R; <; 3; 149; 2; 45; 45; 2
4; 4R; <; 4; 148; 2; 47; 47; 2
4; 4R; <; 5; 147; 2; 49; 49; 2
4; 4R; <; 6; 146; 2; 51; 51; 2
4; 4R; <; 7; 156; 2; 54; 54; 2
4; 4R; <; 8; 157; 2; 56; 56; 2
4; 4R; <; 9; 158; 2; 58; 58; 2
4; 4R; <; 10; 159; 2; 0; 0; 2
4; 4R; <; 11; 160; 2; 2; 2; 2
4; 4R; <; 12; 161; 2; 4; 4; 2
5; 5H; >; 1; 161; 2; 41; 41; 1
5; 5H; >; 2; 160; 2; 43; 43; 1
5; 5H; >; 3; 159; 2; 45; 45; 1
5; 5H; >; 4; 158; 2; 47; 47; 1
5; 5H; >; 5; 157; 2; 49; 49; 1
5; 5H; >; 6; 156; 2; 51; 51; 1
5; 5H; >; 7; 155; 2; 53; 53; 1
5; 5H; >; 8; 154; 2; 55; 55; 1
5; 5H; >; 9; 153; 2; 57; 57; 1
5; 5H; >; 10; 152; 2; 59; 59; 1
5; 5H; >; 11; 1; 2; 1; 4; 1
5; 5H; >; 12; 92; 2; 6; 6; 1
5; 5H; >; 1; 161; 2; 11; 11; 2
5; 5H; >; 2; 160; 2; 13; 13; 2
5; 5H; >; 3; 159; 2; 15; 15; 2
5; 5H; >; 4; 158; 2; 17; 17; 2
5; 5H; >; 5; 157; 2; 19; 19; 2
5; 5H; >; 6; 156; 2; 21; 21; 2
5; 5H; >; 7; 155; 2; 23; 23; 2
5; 5H; >; 8; 154; 2; 25; 25; 2
5; 5H; >; 9; 153; 2; 27; 27; 2
5; 5H; >; 10; 152; 2; 29; 29; 2
5; 5H; >; 11; 1; 2; 31; 34; 2
5; 5H; >; 12; 92; 2; 36; 36; 2
5; 5R; <; 1; 92; 2; 29; 29; 1
5; 5R; <; 2; 1; 2; 31; 34; 1
5; 5R; <; 3; 152; 2; 36; 36; 1
5; 5R; <; 4; 153; 2; 38; 38; 1
5; 5R; <; 5; 154; 2; 40; 40; 1
5; 5R; <; 6; 155; 2; 42; 42; 1
5; 5R; <; 7; 156; 2; 44; 44; 1
5; 5R; <; 8; 157; 2; 46; 46; 1
5; 5R; <; 9; 158; 2; 48; 48; 1
5; 5R; <; 10; 159; 2; 50; 50; 1
5; 5R; <; 11; 160; 2; 52; 52; 1
5; 5R; <; 12; 161; 2; 54; 54; 1
5; 5R; <; 1; 92; 2; 59; 59; 2
5; 5R; <; 2; 1; 2; 1; 4; 2
5; 5R; <; 3; 152; 2; 6; 6; 2
5; 5R; <; 4; 153; 2; 8; 8; 2
5; 5R; <; 5; 154; 2; 10; 10; 2
5; 5R; <; 6; 155; 2; 12; 12; 2
5; 5R; <; 7; 156; 2; 14; 14; 2
5; 5R; <; 8; 157; 2; 16; 16; 2
5; 5R; <; 9; 158; 2; 18; 18; 2
5; 5R; <; 10; 159; 2; 20; 20; 2
5; 5R; <; 11; 160; 2; 22; 22; 2
5; 5R; <; 12; 161; 2; 24; 24; 2
6; 6H; >; 1; 151; 2; 8; 8; 1
6; 6H; >; 2; 150; 2; 10; 10; 1
6; 6H; >; 3; 149; 2; 12; 12; 1
6; 6H; >; 4; 148; 2; 14; 14; 1
6; 6H; >; 5; 147; 2; 16; 16; 1
6; 6H; >; 6; 146; 2; 18; 18; 1
6; 6H; >; 7; 136; 2; 21; 21; 1
6; 6H; >; 8; 137; 2; 23; 23; 1
6; 6H; >; 9; 138; 2; 25; 25; 1
6; 6H; >; 10; 139; 2; 27; 27; 1
6; 6H; >; 11; 140; 2; 29; 29; 1
6; 6H; >; 12; 141; 2; 31; 31; 1
6; 6H; >; 1; 151; 2; 38; 38; 2
6; 6H; >; 2; 150; 2; 40; 40; 2
6; 6H; >; 3; 149; 2; 42; 42; 2
6; 6H; >; 4; 148; 2; 44; 44; 2
6; 6H; >; 5; 147; 2; 46; 46; 2
6; 6H; >; 6; 146; 2; 48; 48; 2
6; 6H; >; 7; 136; 2; 51; 51; 2
6; 6H; >; 8; 137; 2; 53; 53; 2
6; 6H; >; 9; 138; 2; 55; 55; 2
6; 6H; >; 10; 139; 2; 57; 57; 2
6; 6H; >; 11; 140; 2; 59; 59; 2
6; 6H; >; 12; 141; 2; 1; 1; 2
6; 6R; <; 1; 141; 2; 35; 35; 1
6; 6R; <; 2; 140; 2; 37; 37; 1
6; 6R; <; 3; 139; 2; 39; 39; 1
6; 6R; <; 4; 138; 2; 41; 41; 1
6; 6R; <; 5; 137; 2; 43; 43; 1
6; 6R; <; 6; 136; 2; 45; 45; 1
6; 6R; <; 7; 146; 2; 48; 48; 1
6; 6R; <; 8; 147; 2; 50; 50; 1
6; 6R; <; 9; 148; 2; 52; 52; 1
6; 6R; <; 10; 149; 2; 54; 54; 1
6; 6R; <; 11; 150; 2; 56; 56; 1
6; 6R; <; 12; 151; 2; 58; 58; 1
6; 6R; <; 1; 141; 2; 5; 5; 2
6; 6R; <; 2; 140; 2; 7; 7; 2
6; 6R; <; 3; 139; 2; 9; 9; 2
6; 6R; <; 4; 138; 2; 11; 11; 2
6; 6R; <; 5; 137; 2; 13; 13; 2
6; 6R; <; 6; 136; 2; 15; 15; 2
6; 6R; <; 7; 146; 2; 18; 18; 2
6; 6R; <; 8; 147; 2; 20; 20; 2
6; 6R; <; 9; 148; 2; 22; 22; 2
6; 6R; <; 10; 149; 2; 24; 24; 2
6; 6R; <; 11; 150; 2; 26; 26; 2
6; 6R; <; 12; 151; 2; 28; 28; 2
7; 7H; >; 1; 151; 2; 41; 41; 1
7; 7H; >; 2; 150; 2; 43; 43; 1
7; 7H; >; 3; 149; 2; 45; 45; 1
7; 7H; >; 4; 148; 2; 47; 47; 1
7; 7H; >; 5; 147; 2; 49; 49; 1
7; 7H; >; 6; 146; 2; 51; 51; 1
7; 7H; >; 7; 145; 2; 53; 53; 1
7; 7H; >; 8; 144; 2; 55; 55; 1
7; 7H; >; 9; 143; 2; 57; 57; 1
7; 7H; >; 10; 142; 2; 59; 59; 1
7; 7H; >; 11; 1; 2; 1; 4; 1
7; 7H; >; 12; 92; 2; 6; 6; 1
7; 7H; >; 1; 151; 2; 11; 11; 2
7; 7H; >; 2; 150; 2; 13; 13; 2
7; 7H; >; 3; 149; 2; 15; 15; 2
7; 7H; >; 4; 148; 2; 17; 17; 2
7; 7H; >; 5; 147; 2; 19; 19; 2
7; 7H; >; 6; 146; 2; 21; 21; 2
7; 7H; >; 7; 145; 2; 23; 23; 2
7; 7H; >; 8; 144; 2; 25; 25; 2
7; 7H; >; 9; 143; 2; 27; 27; 2
7; 7H; >; 10; 142; 2; 29; 29; 2
7; 7H; >; 11; 1; 2; 31; 34; 2
7; 7H; >; 12; 92; 2; 36; 36; 2
7; 7R; <; 1; 92; 2; 29; 29; 1
7; 7R; <; 2; 1; 2; 31; 34; 1
7; 7R; <; 3; 142; 2; 36; 36; 1
7; 7R; <; 4; 143; 2; 38; 38; 1
7; 7R; <; 5; 144; 2; 40; 40; 1
7; 7R; <; 6; 145; 2; 42; 42; 1
7; 7R; <; 7; 146; 2; 44; 44; 1
7; 7R; <; 8; 147; 2; 46; 46; 1
7; 7R; <; 9; 148; 2; 48; 48; 1
7; 7R; <; 10; 149; 2; 50; 50; 1
7; 7R; <; 11; 150; 2; 52; 52; 1
7; 7R; <; 12; 151; 2; 54; 54; 1
7; 7R; <; 1; 92; 2; 59; 59; 2
7; 7R; <; 2; 1; 2; 2; 4; 2
7; 7R; <; 3; 142; 2; 6; 6; 2
7; 7R; <; 4; 143; 2; 8; 8; 2
7; 7R; <; 5; 144; 2; 10; 10; 2
7; 7R; <; 6; 145; 2; 12; 12; 2
7; 7R; <; 7; 146; 2; 14; 14; 2
7; 7R; <; 8; 147; 2; 16; 16; 2
7; 7R; <; 9; 148; 2; 18; 18; 2
7; 7R; <; 10; 149; 2; 20; 20; 2
7; 7R; <; 11; 150; 2; 22; 22; 2
7; 7R; <; 12; 151; 2; 24; 24; 2
10; 10H; >; 1; 140; 2; 43; 43; 1
10; 10H; >; 2; 139; 2; 45; 45; 1
10; 10H; >; 3; 138; 2; 47; 47; 1
10; 10H; >; 4; 137; 2; 49; 49; 1
10; 10H; >; 5; 136; 2; 51; 51; 1
10; 10H; >; 6; 135; 2; 53; 53; 1
10; 10H; >; 7; 134; 2; 55; 55; 1
10; 10H; >; 8; 133; 2; 57; 57; 1
10; 10H; >; 9; 132; 2; 59; 59; 1
10; 10H; >; 10; 1; 2; 1; 4; 1
10; 10H; >; 11; 52; 2; 6; 6; 1
10; 10H; >; 12; 53; 2; 8; 8; 1
10; 10H; >; 1; 140; 2; 13; 13; 2
10; 10H; >; 2; 139; 2; 15; 15; 2
10; 10H; >; 3; 138; 2; 17; 17; 2
10; 10H; >; 4; 137; 2; 19; 19; 2
10; 10H; >; 5; 136; 2; 21; 21; 2
10; 10H; >; 6; 135; 2; 23; 23; 2
10; 10H; >; 7; 134; 2; 25; 25; 2
10; 10H; >; 8; 133; 2; 27; 27; 2
10; 10H; >; 9; 132; 2; 29; 29; 2
10; 10H; >; 10; 1; 2; 31; 34; 2
10; 10H; >; 11; 52; 2; 36; 36; 2
10; 10H; >; 12; 53; 2; 38; 38; 2
10; 10R; <; 1; 53; 2; 28; 28; 1
10; 10R; <; 2; 52; 2; 31; 33; 1
10; 10R; <; 3; 1; 2; 35; 38; 1
10; 10R; <; 4; 132; 2; 40; 40; 1
10; 10R; <; 5; 133; 2; 42; 42; 1
10; 10R; <; 6; 134; 2; 44; 44; 1
10; 10R; <; 7; 135; 2; 46; 46; 1
10; 10R; <; 8; 136; 2; 48; 48; 1
10; 10R; <; 9; 137; 2; 50; 50; 1
10; 10R; <; 10; 138; 2; 52; 52; 1
10; 10R; <; 11; 139; 2; 54; 54; 1
10; 10R; <; 12; 140; 2; 56; 56; 1
10; 10R; <; 1; 53; 2; 58; 58; 2
10; 10R; <; 2; 52; 2; 0; 3; 2
10; 10R; <; 3; 1; 2; 6; 8; 2
10; 10R; <; 4; 132; 2; 10; 10; 2
10; 10R; <; 5; 133; 2; 12; 12; 2
10; 10R; <; 6; 134; 2; 14; 14; 2
10; 10R; <; 7; 135; 2; 16; 16; 2
10; 10R; <; 8; 136; 2; 18; 18; 2
10; 10R; <; 9; 137; 2; 20; 20; 2
10; 10R; <; 10; 138; 2; 22; 22; 2
10; 10R; <; 11; 139; 2; 24; 24; 2
10; 10R; <; 12; 140; 2; 26; 26; 2
11; 11H; >; 1; 131; 2; 22; 22; 1
11; 11H; >; 2; 130; 2; 24; 24; 1
11; 11H; >; 3; 129; 2; 26; 26; 1
11; 11H; >; 4; 128; 2; 28; 28; 1
11; 11H; >; 5; 127; 2; 30; 30; 1
11; 11H; >; 6; 126; 2; 32; 32; 1
11; 11H; >; 7; 116; 2; 35; 38; 1
11; 11H; >; 8; 117; 2; 41; 44; 1
11; 11H; >; 9; 118; 2; 47; 50; 1
11; 11H; >; 10; 119; 2; 53; 56; 1
11; 11H; >; 11; 120; 2; 59; 2; 1
11; 11H; >; 12; 121; 2; 5; 5; 1
11; 11H; >; 1; 131; 2; 52; 52; 2
11; 11H; >; 2; 130; 2; 54; 54; 2
11; 11H; >; 3; 129; 2; 56; 56; 2
11; 11H; >; 4; 128; 2; 58; 58; 2
11; 11H; >; 5; 127; 2; 0; 0; 2
11; 11H; >; 6; 126; 2; 2; 2; 2
11; 11H; >; 7; 116; 2; 6; 8; 2
11; 11H; >; 8; 117; 2; 11; 14; 2
11; 11H; >; 9; 118; 2; 17; 20; 2
11; 11H; >; 10; 119; 2; 23; 26; 2
11; 11H; >; 11; 120; 2; 29; 32; 2
11; 11H; >; 12; 121; 2; 35; 35; 2
11; 11R; <; 1; 121; 2; 26; 26; 1
11; 11R; <; 2; 120; 2; 28; 28; 1
11; 11R; <; 3; 119; 2; 30; 30; 1
11; 11R; <; 4; 118; 2; 32; 32; 1
11; 11R; <; 5; 117; 2; 34; 34; 1
11; 11R; <; 6; 116; 2; 36; 36; 1
11; 11R; <; 7; 126; 2; 39; 39; 1
11; 11R; <; 8; 127; 2; 41; 41; 1
11; 11R; <; 9; 128; 2; 43; 43; 1
11; 11R; <; 10; 129; 2; 45; 48; 1
11; 11R; <; 11; 130; 2; 51; 54; 1
11; 11R; <; 12; 131; 2; 57; 57; 1
11; 11R; <; 1; 121; 2; 56; 56; 2
11; 11R; <; 2; 120; 2; 58; 58; 2
11; 11R; <; 3; 119; 2; 0; 0; 2
11; 11R; <; 4; 118; 2; 2; 2; 2
11; 11R; <; 5; 117; 2; 4; 4; 2
11; 11R; <; 6; 116; 2; 6; 6; 2
11; 11R; <; 7; 126; 2; 9; 9; 2
11; 11R; <; 8; 127; 2; 11; 11; 2
11; 11R; <; 9; 128; 2; 13; 13; 2
11; 11R; <; 10; 129; 2; 16; 18; 2
11; 11R; <; 11; 130; 2; 21; 24; 2
11; 11R; <; 12; 131; 2; 27; 27; 2
13; 13H; >; 1; 121; 2; 28; 28; 1
13; 13H; >; 2; 120; 2; 30; 30; 1
13; 13H; >; 3; 119; 2; 32; 32; 1
13; 13H; >; 4; 118; 2; 34; 34; 1
13; 13H; >; 5; 117; 2; 36; 36; 1
13; 13H; >; 6; 116; 2; 38; 38; 1
13; 13H; >; 7; 106; 2; 41; 41; 1
13; 13H; >; 8; 107; 2; 43; 43; 1
13; 13H; >; 9; 108; 2; 45; 48; 1
13; 13H; >; 10; 109; 2; 51; 54; 1
13; 13H; >; 11; 110; 2; 57; 0; 1
13; 13H; >; 12; 111; 2; 3; 3; 1
13; 13H; >; 1; 121; 2; 58; 58; 2
13; 13H; >; 2; 120; 2; 0; 0; 2
13; 13H; >; 3; 119; 2; 2; 2; 2
13; 13H; >; 4; 118; 2; 4; 4; 2
13; 13H; >; 5; 117; 2; 6; 6; 2
13; 13H; >; 6; 116; 2; 8; 8; 2
13; 13H; >; 7; 106; 2; 11; 11; 2
13; 13H; >; 8; 107; 2; 13; 13; 2
13; 13H; >; 9; 108; 2; 16; 18; 2
13; 13H; >; 10; 109; 2; 21; 24; 2
13; 13H; >; 11; 110; 2; 27; 30; 2
13; 13H; >; 12; 111; 2; 33; 33; 2
13; 13R; <; 1; 111; 2; 8; 8; 1
13; 13R; <; 2; 110; 2; 10; 10; 1
13; 13R; <; 3; 109; 2; 12; 12; 1
13; 13R; <; 4; 108; 2; 14; 14; 1
13; 13R; <; 5; 107; 2; 16; 16; 1
13; 13R; <; 6; 106; 2; 18; 18; 1
13; 13R; <; 7; 116; 2; 21; 21; 1
13; 13R; <; 8; 117; 2; 23; 23; 1
13; 13R; <; 9; 118; 2; 25; 25; 1
13; 13R; <; 10; 119; 2; 27; 27; 1
13; 13R; <; 11; 120; 2; 29; 29; 1
13; 13R; <; 12; 121; 2; 32; 32; 1
13; 13R; <; 1; 111; 2; 38; 38; 2
13; 13R; <; 2; 110; 2; 40; 40; 2
13; 13R; <; 3; 109; 2; 42; 42; 2
13; 13R; <; 4; 108; 2; 44; 44; 2
13; 13R; <; 5; 107; 2; 46; 46; 2
13; 13R; <; 6; 106; 2; 48; 48; 2
13; 13R; <; 7; 116; 2; 51; 51; 2
13; 13R; <; 8; 117; 2; 53; 53; 2
13; 13R; <; 9; 118; 2; 55; 55; 2
13; 13R; <; 10; 119; 2; 57; 57; 2
13; 13R; <; 11; 120; 2; 59; 59; 2
13; 13R; <; 12; 121; 2; 1; 1; 2
15; 15H; >; 1; 111; 2; 34; 34; 1
15; 15H; >; 2; 110; 2; 36; 36; 1
15; 15H; >; 3; 109; 2; 38; 38; 1
15; 15H; >; 4; 108; 2; 40; 40; 1
15; 15H; >; 5; 107; 2; 42; 42; 1
15; 15H; >; 6; 106; 2; 44; 44; 1
15; 15H; >; 7; 96; 2; 47; 47; 1
15; 15H; >; 8; 97; 2; 49; 49; 1
15; 15H; >; 9; 98; 2; 51; 51; 1
15; 15H; >; 10; 99; 2; 53; 53; 1
15; 15H; >; 11; 100; 2; 55; 55; 1
15; 15H; >; 12; 101; 2; 58; 58; 1
15; 15H; >; 1; 111; 2; 4; 4; 2
15; 15H; >; 2; 110; 2; 6; 6; 2
15; 15H; >; 3; 109; 2; 8; 8; 2
15; 15H; >; 4; 108; 2; 10; 10; 2
15; 15H; >; 5; 107; 2; 12; 12; 2
15; 15H; >; 6; 106; 2; 14; 14; 2
15; 15H; >; 7; 96; 2; 17; 17; 2
15; 15H; >; 8; 97; 2; 19; 19; 2
15; 15H; >; 9; 98; 2; 21; 21; 2
15; 15H; >; 10; 99; 2; 23; 23; 2
15; 15H; >; 11; 100; 2; 25; 25; 2
15; 15H; >; 12; 101; 2; 27; 27; 2
15; 15R; <; 1; 101; 2; 40; 40; 1
15; 15R; <; 2; 100; 2; 42; 42; 1
15; 15R; <; 3; 99; 2; 44; 44; 1
15; 15R; <; 4; 98; 2; 46; 46; 1
15; 15R; <; 5; 97; 2; 48; 48; 1
15; 15R; <; 6; 96; 2; 50; 50; 1
15; 15R; <; 7; 106; 2; 53; 53; 1
15; 15R; <; 8; 107; 2; 55; 55; 1
15; 15R; <; 9; 108; 2; 57; 0; 1
15; 15R; <; 10; 109; 2; 3; 6; 1
15; 15R; <; 11; 110; 2; 9; 12; 1
15; 15R; <; 12; 111; 2; 15; 15; 1
15; 15R; <; 1; 101; 2; 10; 10; 2
15; 15R; <; 2; 100; 2; 12; 12; 2
15; 15R; <; 3; 99; 2; 14; 14; 2
15; 15R; <; 4; 98; 2; 16; 16; 2
15; 15R; <; 5; 97; 2; 18; 18; 2
15; 15R; <; 6; 96; 2; 20; 20; 2
15; 15R; <; 7; 106; 2; 23; 23; 2
15; 15R; <; 8; 107; 2; 25; 25; 2
15; 15R; <; 9; 108; 2; 28; 30; 2
15; 15R; <; 10; 109; 2; 33; 36; 2
15; 15R; <; 11; 110; 2; 39; 42; 2
15; 15R; <; 12; 111; 2; 45; 45; 2
17; 17H; >; 1; 101; 2; 40; 40; 1
17; 17H; >; 2; 100; 2; 42; 42; 1
17; 17H; >; 3; 99; 2; 44; 44; 1
17; 17H; >; 4; 98; 2; 46; 46; 1
17; 17H; >; 5; 97; 2; 48; 48; 1
17; 17H; >; 6; 96; 2; 50; 50; 1
17; 17H; >; 7; 86; 2; 53; 53; 1
17; 17H; >; 8; 87; 2; 55; 55; 1
17; 17H; >; 9; 88; 2; 57; 0; 1
17; 17H; >; 10; 89; 2; 3; 6; 1
17; 17H; >; 11; 90; 2; 9; 12; 1
17; 17H; >; 12; 91; 2; 15; 15; 1
17; 17H; >; 1; 101; 2; 10; 10; 2
17; 17H; >; 2; 100; 2; 12; 12; 2
17; 17H; >; 3; 99; 2; 14; 14; 2
17; 17H; >; 4; 98; 2; 16; 16; 2
17; 17H; >; 5; 97; 2; 18; 18; 2
17; 17H; >; 6; 96; 2; 20; 20; 2
17; 17H; >; 7; 86; 2; 23; 23; 2
17; 17H; >; 8; 87; 2; 25; 25; 2
17; 17H; >; 9; 88; 2; 28; 30; 2
17; 17H; >; 10; 89; 2; 33; 36; 2
17; 17H; >; 11; 90; 2; 39; 42; 2
17; 17H; >; 12; 91; 2; 45; 45; 2
17; 17R; <; 1; 91; 2; 26; 26; 1
17; 17R; <; 2; 90; 2; 28; 28; 1
17; 17R; <; 3; 89; 2; 30; 30; 1
17; 17R; <; 4; 88; 2; 32; 32; 1
17; 17R; <; 5; 87; 2; 34; 34; 1
17; 17R; <; 6; 86; 2; 36; 36; 1
17; 17R; <; 7; 96; 2; 39; 39; 1
17; 17R; <; 8; 97; 2; 41; 41; 1
17; 17R; <; 9; 98; 2; 43; 43; 1
17; 17R; <; 10; 99; 2; 45; 45; 1
17; 17R; <; 11; 100; 2; 47; 50; 1
17; 17R; <; 12; 101; 2; 53; 53; 1
17; 17R; <; 1; 91; 2; 56; 56; 2
17; 17R; <; 2; 90; 2; 58; 58; 2
17; 17R; <; 3; 89; 2; 60; 60; 2
17; 17R; <; 4; 88; 2; 2; 2; 2
17; 17R; <; 5; 87; 2; 4; 4; 2
17; 17R; <; 6; 86; 2; 6; 6; 2
17; 17R; <; 7; 96; 2; 9; 9; 2
17; 17R; <; 8; 97; 2; 11; 11; 2
17; 17R; <; 9; 98; 2; 13; 13; 2
17; 17R; <; 10; 99; 2; 15; 15; 2
17; 17R; <; 11; 100; 2; 18; 20; 2
17; 17R; <; 12; 101; 2; 22; 22; 2
25; 25H; >; 1; 91; 2; 46; 46; 1
25; 25H; >; 2; 90; 2; 48; 48; 1
25; 25H; >; 3; 89; 2; 50; 50; 1
25; 25H; >; 4; 88; 2; 52; 52; 1
25; 25H; >; 5; 87; 2; 54; 54; 1
25; 25H; >; 6; 86; 2; 56; 56; 1
25; 25H; >; 7; 76; 2; 59; 59; 1
25; 25H; >; 8; 77; 2; 1; 1; 1
25; 25H; >; 9; 78; 2; 3; 3; 1
25; 25H; >; 10; 79; 2; 5; 5; 1
25; 25H; >; 11; 80; 2; 7; 7; 1
25; 25H; >; 12; 81; 2; 9; 9; 1
25; 25H; >; 1; 91; 2; 16; 16; 2
25; 25H; >; 2; 90; 2; 18; 18; 2
25; 25H; >; 3; 89; 2; 20; 20; 2
25; 25H; >; 4; 88; 2; 22; 22; 2
25; 25H; >; 5; 87; 2; 24; 24; 2
25; 25H; >; 6; 86; 2; 26; 26; 2
25; 25H; >; 7; 76; 2; 29; 29; 2
25; 25H; >; 8; 77; 2; 31; 31; 2
25; 25H; >; 9; 78; 2; 33; 33; 2
25; 25H; >; 10; 79; 2; 35; 35; 2
25; 25H; >; 11; 80; 2; 37; 37; 2
25; 25H; >; 12; 81; 2; 39; 39; 2
25; 25R; <; 1; 81; 2; 50; 50; 1
25; 25R; <; 2; 80; 2; 52; 52; 1
25; 25R; <; 3; 79; 2; 54; 54; 1
25; 25R; <; 4; 78; 2; 56; 56; 1
25; 25R; <; 5; 77; 2; 58; 58; 1
25; 25R; <; 6; 76; 2; 60; 60; 1
25; 25R; <; 7; 86; 2; 3; 3; 1
25; 25R; <; 8; 87; 2; 5; 5; 1
25; 25R; <; 9; 88; 2; 7; 10; 1
25; 25R; <; 10; 89; 2; 13; 16; 1
25; 25R; <; 11; 90; 2; 19; 22; 1
25; 25R; <; 12; 91; 2; 25; 25; 1
25; 25R; <; 1; 81; 2; 20; 20; 2
25; 25R; <; 2; 80; 2; 22; 22; 2
25; 25R; <; 3; 79; 2; 24; 24; 2
25; 25R; <; 4; 78; 2; 26; 26; 2
25; 25R; <; 5; 77; 2; 28; 28; 2
25; 25R; <; 6; 76; 2; 30; 30; 2
25; 25R; <; 7; 86; 2; 33; 33; 2
25; 25R; <; 8; 87; 2; 35; 35; 2
25; 25R; <; 9; 88; 2; 37; 40; 2
25; 25R; <; 10; 89; 2; 43; 46; 2
25; 25R; <; 11; 90; 2; 49; 52; 2
25; 25R; <; 12; 91; 2; 55; 55; 2
26; 26H; >; 1; 81; 2; 59; 59; 1
26; 26H; >; 2; 80; 2; 1; 1; 1
26; 26H; >; 3; 79; 2; 3; 3; 1
26; 26H; >; 4; 78; 2; 5; 5; 1
26; 26H; >; 5; 77; 2; 7; 7; 1
26; 26H; >; 6; 76; 2; 9; 9; 1
26; 26H; >; 7; 66; 2; 12; 15; 1
26; 26H; >; 8; 67; 2; 18; 21; 1
26; 26H; >; 9; 68; 2; 24; 27; 1
26; 26H; >; 10; 69; 2; 30; 33; 1
26; 26H; >; 11; 70; 2; 36; 39; 1
26; 26H; >; 12; 71; 2; 42; 42; 1
26; 26H; >; 1; 81; 2; 29; 29; 2
26; 26H; >; 2; 80; 2; 31; 31; 2
26; 26H; >; 3; 79; 2; 33; 33; 2
26; 26H; >; 4; 78; 2; 35; 35; 2
26; 26H; >; 5; 77; 2; 37; 37; 2
26; 26H; >; 6; 76; 2; 39; 39; 2
26; 26H; >; 7; 66; 2; 42; 45; 2
26; 26H; >; 8; 67; 2; 48; 51; 2
26; 26H; >; 9; 68; 2; 54; 57; 2
26; 26H; >; 10; 69; 2; 0; 3; 2
26; 26H; >; 11; 70; 2; 6; 9; 2
26; 26H; >; 12; 71; 2; 12; 12; 2
26; 26R; <; 1; 71; 2; 44; 44; 1
26; 26R; <; 2; 70; 2; 46; 46; 1
26; 26R; <; 3; 69; 2; 48; 48; 1
26; 26R; <; 4; 68; 2; 50; 50; 1
26; 26R; <; 5; 67; 2; 52; 52; 1
26; 26R; <; 6; 66; 2; 54; 54; 1
26; 26R; <; 7; 76; 2; 57; 57; 1
26; 26R; <; 8; 77; 2; 59; 59; 1
26; 26R; <; 9; 78; 2; 1; 1; 1
26; 26R; <; 10; 79; 2; 3; 3; 1
26; 26R; <; 11; 80; 2; 5; 5; 1
26; 26R; <; 12; 81; 2; 7; 7; 1
26; 26R; <; 1; 71; 2; 14; 14; 2
26; 26R; <; 2; 70; 2; 16; 16; 2
26; 26R; <; 3; 69; 2; 18; 18; 2
26; 26R; <; 4; 68; 2; 20; 20; 2
26; 26R; <; 5; 67; 2; 22; 22; 2
26; 26R; <; 6; 66; 2; 24; 24; 2
26; 26R; <; 7; 76; 2; 27; 27; 2
26; 26R; <; 8; 77; 2; 29; 29; 2
26; 26R; <; 9; 78; 2; 31; 31; 2
26; 26R; <; 10; 79; 2; 33; 33; 2
26; 26R; <; 11; 80; 2; 35; 35; 2
26; 26R; <; 12; 81; 2; 37; 37; 2
27; 27H; >; 1; 71; 2; 5; 5; 1
27; 27H; >; 2; 70; 2; 7; 7; 1
27; 27H; >; 3; 69; 2; 9; 9; 1
27; 27H; >; 4; 68; 2; 11; 11; 1
27; 27H; >; 5; 67; 2; 13; 13; 1
27; 27H; >; 6; 66; 2; 15; 15; 1
27; 27H; >; 7; 56; 2; 18; 18; 1
27; 27H; >; 8; 57; 2; 20; 20; 1
27; 27H; >; 9; 58; 2; 22; 22; 1
27; 27H; >; 10; 59; 2; 24; 27; 1
27; 27H; >; 11; 60; 2; 30; 33; 1
27; 27H; >; 12; 61; 2; 36; 36; 1
27; 27H; >; 1; 71; 2; 35; 35; 2
27; 27H; >; 2; 70; 2; 37; 37; 2
27; 27H; >; 3; 69; 2; 39; 39; 2
27; 27H; >; 4; 68; 2; 41; 41; 2
27; 27H; >; 5; 67; 2; 43; 43; 2
27; 27H; >; 6; 66; 2; 45; 45; 2
27; 27H; >; 7; 56; 2; 48; 48; 2
27; 27H; >; 8; 57; 2; 50; 50; 2
27; 27H; >; 9; 58; 2; 52; 52; 2
27; 27H; >; 10; 59; 2; 54; 57; 2
27; 27H; >; 11; 60; 2; 0; 3; 2
27; 27H; >; 12; 61; 2; 6; 6; 2
27; 27R; <; 1; 61; 2; 8; 8; 1
27; 27R; <; 2; 60; 2; 10; 10; 1
27; 27R; <; 3; 59; 2; 12; 12; 1
27; 27R; <; 4; 58; 2; 14; 14; 1
27; 27R; <; 5; 57; 2; 16; 16; 1
27; 27R; <; 6; 56; 2; 18; 18; 1
27; 27R; <; 7; 66; 2; 21; 21; 1
27; 27R; <; 8; 67; 2; 23; 23; 1
27; 27R; <; 9; 68; 2; 25; 25; 1
27; 27R; <; 10; 69; 2; 27; 27; 1
27; 27R; <; 11; 70; 2; 29; 29; 1
27; 27R; <; 12; 71; 2; 32; 32; 1
27; 27R; <; 1; 61; 2; 38; 38; 2
27; 27R; <; 2; 60; 2; 40; 40; 2
27; 27R; <; 3; 59; 2; 42; 42; 2
27; 27R; <; 4; 58; 2; 44; 44; 2
27; 27R; <; 5; 57; 2; 46; 46; 2
27; 27R; <; 6; 56; 2; 48; 48; 2
27; 27R; <; 7; 66; 2; 51; 51; 2
27; 27R; <; 8; 67; 2; 53; 53; 2
27; 27R; <; 9; 68; 2; 55; 55; 2
27; 27R; <; 10; 69; 2; 57; 57; 2
27; 27R; <; 11; 70; 2; 59; 59; 2
27; 27R; <; 12; 71; 2; 1; 1; 2
28; 28H; >; 1; 61; 2; 8; 8; 1
28; 28H; >; 2; 60; 2; 10; 10; 1
28; 28H; >; 3; 59; 2; 12; 12; 1
28; 28H; >; 4; 58; 2; 14; 14; 1
28; 28H; >; 5; 57; 2; 16; 16; 1
28; 28H; >; 6; 56; 2; 18; 18; 1
28; 28H; >; 7; 46; 2; 21; 21; 1
28; 28H; >; 8; 47; 2; 23; 23; 1
28; 28H; >; 9; 48; 2; 25; 25; 1
28; 28H; >; 10; 49; 2; 27; 27; 1
28; 28H; >; 11; 50; 2; 29; 29; 1
28; 28H; >; 12; 51; 2; 32; 32; 1
28; 28H; >; 1; 61; 2; 38; 38; 2
28; 28H; >; 2; 60; 2; 40; 40; 2
28; 28H; >; 3; 59; 2; 42; 42; 2
28; 28H; >; 4; 58; 2; 44; 44; 2
28; 28H; >; 5; 57; 2; 46; 46; 2
28; 28H; >; 6; 56; 2; 48; 48; 2
28; 28H; >; 7; 46; 2; 51; 51; 2
28; 28H; >; 8; 47; 2; 53; 53; 2
28; 28H; >; 9; 48; 2; 55; 55; 2
28; 28H; >; 10; 49; 2; 57; 57; 2
28; 28H; >; 11; 50; 2; 59; 59; 2
28; 28H; >; 12; 51; 2; 1; 1; 2
28; 28R; <; 1; 51; 2; 8; 8; 1
28; 28R; <; 2; 50; 2; 10; 10; 1
28; 28R; <; 3; 49; 2; 12; 12; 1
28; 28R; <; 4; 48; 2; 14; 14; 1
28; 28R; <; 5; 47; 2; 16; 16; 1
28; 28R; <; 6; 46; 2; 18; 18; 1
28; 28R; <; 7; 56; 2; 21; 21; 1
28; 28R; <; 8; 57; 2; 23; 23; 1
28; 28R; <; 9; 58; 2; 25; 25; 1
28; 28R; <; 10; 59; 2; 27; 27; 1
28; 28R; <; 11; 60; 2; 29; 29; 1
28; 28R; <; 12; 61; 2; 32; 32; 1
28; 28R; <; 1; 51; 2; 38; 38; 2
28; 28R; <; 2; 50; 2; 40; 40; 2
28; 28R; <; 3; 49; 2; 42; 42; 2
28; 28R; <; 4; 48; 2; 44; 44; 2
28; 28R; <; 5; 47; 2; 46; 46; 2
28; 28R; <; 6; 46; 2; 48; 48; 2
28; 28R; <; 7; 56; 2; 51; 51; 2
28; 28R; <; 8; 57; 2; 53; 53; 2
28; 28R; <; 9; 58; 2; 55; 55; 2
28; 28R; <; 10; 59; 2; 57; 57; 2
28; 28R; <; 11; 60; 2; 59; 59; 2
28; 28R; <; 12; 61; 2; 1; 1; 2
30; 30H; >; 1; 40; 2; 7; 7; 1
30; 30H; >; 2; 39; 2; 9; 9; 1
30; 30H; >; 3; 38; 2; 11; 11; 1
30; 30H; >; 4; 37; 2; 13; 13; 1
30; 30H; >; 5; 36; 2; 15; 15; 1
30; 30H; >; 6; 26; 2; 18; 18; 1
30; 30H; >; 7; 16; 2; 21; 24; 1
30; 30H; >; 8; 17; 2; 27; 30; 1
30; 30H; >; 9; 18; 2; 33; 36; 1
30; 30H; >; 10; 19; 2; 39; 42; 1
30; 30H; >; 11; 20; 2; 45; 48; 1
30; 30H; >; 12; 21; 2; 51; 51; 1
30; 30H; >; 1; 40; 2; 37; 37; 2
30; 30H; >; 2; 39; 2; 39; 39; 2
30; 30H; >; 3; 38; 2; 41; 41; 2
30; 30H; >; 4; 37; 2; 43; 43; 2
30; 30H; >; 5; 36; 2; 45; 45; 2
30; 30H; >; 6; 26; 2; 48; 48; 2
30; 30H; >; 7; 16; 2; 51; 54; 2
30; 30H; >; 8; 17; 2; 57; 0; 2
30; 30H; >; 9; 18; 2; 3; 6; 2
30; 30H; >; 10; 19; 2; 9; 12; 2
30; 30H; >; 11; 20; 2; 15; 18; 2
30; 30H; >; 12; 21; 2; 21; 21; 2
30; 30R; <; 1; 21; 2; 5; 5; 1
30; 30R; <; 2; 20; 2; 7; 7; 1
30; 30R; <; 3; 19; 2; 9; 9; 1
30; 30R; <; 4; 18; 2; 11; 11; 1
30; 30R; <; 5; 17; 2; 13; 13; 1
30; 30R; <; 6; 16; 2; 15; 15; 1
30; 30R; <; 7; 26; 2; 18; 18; 1
30; 30R; <; 8; 36; 2; 21; 21; 1
30; 30R; <; 9; 37; 2; 23; 26; 1
30; 30R; <; 10; 38; 2; 29; 32; 1
30; 30R; <; 11; 39; 2; 35; 38; 1
30; 30R; <; 12; 40; 2; 41; 41; 1
30; 30R; <; 1; 21; 2; 35; 35; 2
30; 30R; <; 2; 20; 2; 37; 37; 2
30; 30R; <; 3; 19; 2; 39; 39; 2
30; 30R; <; 4; 18; 2; 41; 41; 2
30; 30R; <; 5; 17; 2; 43; 43; 2
30; 30R; <; 6; 16; 2; 45; 45; 2
30; 30R; <; 7; 26; 2; 48; 48; 2
30; 30R; <; 8; 36; 2; 51; 51; 2
30; 30R; <; 9; 37; 2; 54; 56; 2
30; 30R; <; 10; 38; 2; 59; 2; 2
30; 30R; <; 11; 39; 2; 5; 8; 2
30; 30R; <; 12; 40; 2; 11; 11; 2
31; 31H; >; 1; 21; 2; 3; 3; 1
31; 31H; >; 2; 20; 2; 5; 5; 1
31; 31H; >; 3; 19; 2; 7; 7; 1
31; 31H; >; 4; 18; 2; 9; 9; 1
31; 31H; >; 5; 17; 2; 11; 11; 1
31; 31H; >; 6; 16; 2; 13; 13; 1
31; 31H; >; 7; 6; 2; 16; 16; 1
31; 31H; >; 8; 5; 2; 19; 19; 1
31; 31H; >; 9; 4; 2; 22; 25; 1
31; 31H; >; 10; 3; 2; 27; 27; 1
31; 31H; >; 11; 2; 2; 29; 29; 1
31; 31H; >; 12; 1; 2; 32; 32; 1
31; 31H; >; 1; 21; 2; 33; 33; 2
31; 31H; >; 2; 20; 2; 35; 35; 2
31; 31H; >; 3; 19; 2; 37; 37; 2
31; 31H; >; 4; 18; 2; 39; 39; 2
31; 31H; >; 5; 17; 2; 41; 41; 2
31; 31H; >; 6; 16; 2; 43; 43; 2
31; 31H; >; 7; 6; 2; 46; 46; 2
31; 31H; >; 8; 5; 2; 49; 49; 2
31; 31H; >; 9; 4; 2; 52; 55; 2
31; 31H; >; 10; 3; 2; 57; 57; 2
31; 31H; >; 11; 2; 2; 59; 59; 2
31; 31H; >; 12; 1; 2; 1; 1; 2
31; 31R; <; 1; 1; 2; 8; 8; 1
31; 31R; <; 2; 2; 2; 10; 10; 1
31; 31R; <; 3; 3; 2; 12; 12; 1
31; 31R; <; 4; 4; 2; 14; 14; 1
31; 31R; <; 5; 5; 2; 16; 16; 1
31; 31R; <; 6; 6; 2; 18; 18; 1
31; 31R; <; 7; 16; 2; 21; 21; 1
31; 31R; <; 8; 17; 2; 23; 23; 1
31; 31R; <; 9; 18; 2; 25; 25; 1
31; 31R; <; 10; 19; 2; 27; 27; 1
31; 31R; <; 11; 20; 2; 29; 29; 1
31; 31R; <; 12; 21; 2; 32; 32; 1
31; 31R; <; 1; 1; 2; 38; 38; 2
31; 31R; <; 2; 2; 2; 40; 40; 2
31; 31R; <; 3; 3; 2; 42; 42; 2
31; 31R; <; 4; 4; 2; 44; 44; 2
31; 31R; <; 5; 5; 2; 46; 46; 2
31; 31R; <; 6; 6; 2; 48; 48; 2
31; 31R; <; 7; 16; 2; 51; 51; 2
31; 31R; <; 8; 17; 2; 53; 53; 2
31; 31R; <; 9; 18; 2; 55; 55; 2
31; 31R; <; 10; 19; 2; 57; 57; 2
31; 31R; <; 11; 20; 2; 59; 59; 2
31; 31R; <; 12; 21; 2; 1; 1; 2
32; 32H; >; 1; 92; 2; 29; 29; 1
32; 32H; >; 2; 82; 2; 30; 30; 1
32; 32H; >; 3; 72; 2; 31; 31; 1
32; 32H; >; 4; 62; 2; 32; 32; 1
32; 32H; >; 5; 52; 2; 33; 33; 1
32; 32H; >; 6; 42; 2; 34; 34; 1
32; 32H; >; 7; 32; 2; 35; 35; 1
32; 32H; >; 8; 22; 2; 36; 36; 1
32; 32H; >; 9; 12; 2; 37; 40; 1
32; 32H; >; 10; 2; 2; 42; 44; 1
32; 32H; >; 11; 1; 2; 47; 47; 1
32; 32H; >; 1; 92; 2; 59; 59; 2
32; 32H; >; 2; 82; 2; 0; 0; 2
32; 32H; >; 3; 72; 2; 1; 1; 2
32; 32H; >; 4; 62; 2; 2; 2; 2
32; 32H; >; 5; 52; 2; 3; 3; 2
32; 32H; >; 6; 42; 2; 4; 4; 2
32; 32H; >; 7; 32; 2; 5; 5; 2
32; 32H; >; 8; 22; 2; 6; 6; 2
32; 32H; >; 9; 12; 2; 7; 10; 2
32; 32H; >; 10; 2; 2; 11; 14; 2
32; 32H; >; 11; 1; 2; 17; 17; 2
32; 32R; <; 1; 1; 2; 58; 58; 1
32; 32R; <; 2; 2; 2; 60; 60; 1
32; 32R; <; 3; 12; 2; 1; 1; 1
32; 32R; <; 4; 22; 2; 2; 2; 1
32; 32R; <; 5; 32; 2; 3; 3; 1
32; 32R; <; 6; 42; 2; 4; 4; 1
32; 32R; <; 7; 52; 2; 5; 5; 1
32; 32R; <; 8; 62; 2; 6; 6; 1
32; 32R; <; 9; 72; 2; 7; 7; 1
32; 32R; <; 10; 82; 2; 8; 8; 1
32; 32R; <; 11; 92; 2; 9; 9; 1
32; 32R; <; 1; 1; 2; 28; 28; 2
32; 32R; <; 2; 2; 2; 30; 30; 2
32; 32R; <; 3; 12; 2; 31; 31; 2
32; 32R; <; 4; 22; 2; 32; 32; 2
32; 32R; <; 5; 32; 2; 33; 33; 2
32; 32R; <; 6; 42; 2; 34; 34; 2
32; 32R; <; 7; 52; 2; 35; 35; 2
32; 32R; <; 8; 62; 2; 36; 36; 2
32; 32R; <; 9; 72; 2; 37; 37; 2
32; 32R; <; 10; 82; 2; 38; 38; 2
32; 32R; <; 11; 92; 2; 39; 39; 2
37; 37H; >; 1; 131; 2; 11; 11; 1
37; 37H; >; 2; 130; 2; 13; 13; 1
37; 37H; >; 3; 129; 2; 15; 15; 1
37; 37H; >; 4; 128; 2; 17; 17; 1
37; 37H; >; 5; 127; 2; 19; 19; 1
37; 37H; >; 6; 126; 2; 21; 21; 1
37; 37H; >; 7; 125; 2; 23; 23; 1
37; 37H; >; 8; 124; 2; 25; 25; 1
37; 37H; >; 9; 123; 2; 27; 27; 1
37; 37H; >; 10; 122; 2; 29; 29; 1
37; 37H; >; 11; 1; 2; 31; 31; 1
37; 37H; >; 1; 131; 2; 41; 41; 2
37; 37H; >; 2; 130; 2; 43; 43; 2
37; 37H; >; 3; 129; 2; 45; 45; 2
37; 37H; >; 4; 128; 2; 47; 47; 2
37; 37H; >; 5; 127; 2; 49; 49; 2
37; 37H; >; 6; 126; 2; 51; 51; 2
37; 37H; >; 7; 125; 2; 53; 53; 2
37; 37H; >; 8; 124; 2; 55; 55; 2
37; 37H; >; 9; 123; 2; 57; 57; 2
37; 37H; >; 10; 122; 2; 59; 59; 2
37; 37H; >; 11; 1; 2; 1; 1; 2
37; 37R; <; 1; 1; 2; 4; 4; 1
37; 37R; <; 2; 122; 2; 6; 6; 1
37; 37R; <; 3; 123; 2; 8; 8; 1
37; 37R; <; 4; 124; 2; 10; 10; 1
37; 37R; <; 5; 125; 2; 12; 12; 1
37; 37R; <; 6; 126; 2; 14; 14; 1
37; 37R; <; 7; 127; 2; 16; 16; 1
37; 37R; <; 8; 128; 2; 18; 18; 1
37; 37R; <; 9; 129; 2; 20; 20; 1
37; 37R; <; 10; 130; 2; 22; 22; 1
37; 37R; <; 11; 131; 2; 24; 24; 1
37; 37R; <; 1; 1; 2; 34; 34; 2
37; 37R; <; 2; 122; 2; 36; 36; 2
37; 37R; <; 3; 123; 2; 38; 38; 2
37; 37R; <; 4; 124; 2; 40; 40; 2
37; 37R; <; 5; 125; 2; 42; 42; 2
37; 37R; <; 6; 126; 2; 44; 44; 2
37; 37R; <; 7; 127; 2; 46; 46; 2
37; 37R; <; 8; 128; 2; 48; 48; 2
37; 37R; <; 9; 129; 2; 50; 50; 2
37; 37R; <; 10; 130; 2; 52; 52; 2
37; 37R; <; 11; 131; 2; 54; 54; 2
38; 38H; >; 1; 121; 2; 11; 11; 1
38; 38H; >; 2; 120; 2; 13; 13; 1
38; 38H; >; 3; 119; 2; 15; 15; 1
38; 38H; >; 4; 118; 2; 17; 17; 1
38; 38H; >; 5; 117; 2; 19; 19; 1
38; 38H; >; 6; 116; 2; 21; 21; 1
38; 38H; >; 7; 115; 2; 23; 23; 1
38; 38H; >; 8; 114; 2; 25; 25; 1
38; 38H; >; 9; 113; 2; 27; 27; 1
38; 38H; >; 10; 112; 2; 29; 29; 1
38; 38H; >; 11; 1; 2; 31; 31; 1
38; 38H; >; 1; 121; 2; 41; 41; 2
38; 38H; >; 2; 120; 2; 43; 43; 2
38; 38H; >; 3; 119; 2; 45; 45; 2
38; 38H; >; 4; 118; 2; 47; 47; 2
38; 38H; >; 5; 117; 2; 49; 49; 2
38; 38H; >; 6; 116; 2; 51; 51; 2
38; 38H; >; 7; 115; 2; 53; 53; 2
38; 38H; >; 8; 114; 2; 55; 55; 2
38; 38H; >; 9; 113; 2; 57; 57; 2
38; 38H; >; 10; 112; 2; 59; 59; 2
38; 38H; >; 11; 1; 2; 1; 1; 2
38; 38R; <; 1; 1; 2; 55; 55; 1
38; 38R; <; 2; 112; 2; 57; 57; 1
38; 38R; <; 3; 113; 2; 59; 59; 1
38; 38R; <; 4; 114; 2; 1; 1; 1
38; 38R; <; 5; 115; 2; 3; 3; 1
38; 38R; <; 6; 116; 2; 5; 5; 1
38; 38R; <; 7; 117; 2; 7; 7; 1
38; 38R; <; 8; 118; 2; 9; 9; 1
38; 38R; <; 9; 119; 2; 11; 11; 1
38; 38R; <; 10; 120; 2; 13; 16; 1
38; 38R; <; 11; 121; 2; 19; 19; 1
38; 38R; <; 1; 1; 2; 25; 25; 2
38; 38R; <; 2; 112; 2; 27; 27; 2
38; 38R; <; 3; 113; 2; 29; 29; 2
38; 38R; <; 4; 114; 2; 31; 31; 2
38; 38R; <; 5; 115; 2; 33; 33; 2
38; 38R; <; 6; 116; 2; 35; 35; 2
38; 38R; <; 7; 117; 2; 37; 37; 2
38; 38R; <; 8; 118; 2; 39; 39; 2
38; 38R; <; 9; 119; 2; 41; 41; 2
38; 38R; <; 10; 120; 2; 43; 46; 2
38; 38R; <; 11; 121; 2; 49; 49; 2
39; 39H; >; 1; 111; 2; 11; 11; 1
39; 39H; >; 2; 110; 2; 13; 13; 1
39; 39H; >; 3; 109; 2; 15; 15; 1
39; 39H; >; 4; 108; 2; 17; 17; 1
39; 39H; >; 5; 107; 2; 19; 19; 1
39; 39H; >; 6; 106; 2; 21; 21; 1
39; 39H; >; 7; 105; 2; 23; 23; 1
39; 39H; >; 8; 104; 2; 25; 25; 1
39; 39H; >; 9; 103; 2; 27; 27; 1
39; 39H; >; 10; 102; 2; 29; 29; 1
39; 39H; >; 11; 1; 2; 31; 31; 1
39; 39H; >; 1; 111; 2; 41; 41; 2
39; 39H; >; 2; 110; 2; 43; 43; 2
39; 39H; >; 3; 109; 2; 45; 45; 2
39; 39H; >; 4; 108; 2; 47; 47; 2
39; 39H; >; 5; 107; 2; 49; 49; 2
39; 39H; >; 6; 106; 2; 51; 51; 2
39; 39H; >; 7; 105; 2; 53; 53; 2
39; 39H; >; 8; 104; 2; 55; 55; 2
39; 39H; >; 9; 103; 2; 57; 57; 2
39; 39H; >; 10; 102; 2; 59; 59; 2
39; 39H; >; 11; 1; 2; 1; 1; 2
39; 39R; <; 1; 1; 2; 4; 4; 1
39; 39R; <; 2; 102; 2; 6; 6; 1
39; 39R; <; 3; 103; 2; 8; 8; 1
39; 39R; <; 4; 104; 2; 10; 10; 1
39; 39R; <; 5; 105; 2; 12; 12; 1
39; 39R; <; 6; 106; 2; 14; 14; 1
39; 39R; <; 7; 107; 2; 16; 16; 1
39; 39R; <; 8; 108; 2; 18; 18; 1
39; 39R; <; 9; 109; 2; 20; 20; 1
39; 39R; <; 10; 110; 2; 22; 22; 1
39; 39R; <; 11; 111; 2; 25; 25; 1
39; 39R; <; 1; 1; 2; 34; 34; 2
39; 39R; <; 2; 102; 2; 36; 36; 2
39; 39R; <; 3; 103; 2; 38; 38; 2
39; 39R; <; 4; 104; 2; 40; 40; 2
39; 39R; <; 5; 105; 2; 42; 42; 2
39; 39R; <; 6; 106; 2; 44; 44; 2
39; 39R; <; 7; 107; 2; 46; 46; 2
39; 39R; <; 8; 108; 2; 48; 48; 2
39; 39R; <; 9; 109; 2; 50; 50; 2
39; 39R; <; 10; 110; 2; 52; 52; 2
39; 39R; <; 11; 111; 2; 54; 54; 2
40; 40H; >; 1; 91; 2; 9; 9; 1
40; 40H; >; 2; 90; 2; 11; 11; 1
40; 40H; >; 3; 89; 2; 13; 13; 1
40; 40H; >; 4; 88; 2; 15; 15; 1
40; 40H; >; 5; 87; 2; 17; 17; 1
40; 40H; >; 6; 86; 2; 19; 19; 1
40; 40H; >; 7; 85; 2; 21; 21; 1
40; 40H; >; 8; 84; 2; 23; 23; 1
40; 40H; >; 9; 83; 2; 25; 25; 1
40; 40H; >; 10; 82; 2; 27; 27; 1
40; 40H; >; 11; 1; 2; 29; 29; 1
40; 40H; >; 1; 91; 2; 39; 39; 2
40; 40H; >; 2; 90; 2; 41; 41; 2
40; 40H; >; 3; 89; 2; 43; 43; 2
40; 40H; >; 4; 88; 2; 45; 45; 2
40; 40H; >; 5; 87; 2; 47; 47; 2
40; 40H; >; 6; 86; 2; 49; 49; 2
40; 40H; >; 7; 85; 2; 51; 51; 2
40; 40H; >; 8; 84; 2; 53; 53; 2
40; 40H; >; 9; 83; 2; 55; 55; 2
40; 40H; >; 10; 82; 2; 57; 57; 2
40; 40H; >; 11; 1; 2; 59; 59; 2
40; 40R; <; 1; 1; 2; 34; 34; 1
40; 40R; <; 2; 82; 2; 36; 36; 1
40; 40R; <; 3; 83; 2; 38; 38; 1
40; 40R; <; 4; 84; 2; 40; 40; 1
40; 40R; <; 5; 85; 2; 42; 42; 1
40; 40R; <; 6; 86; 2; 44; 44; 1
40; 40R; <; 7; 87; 2; 46; 46; 1
40; 40R; <; 8; 88; 2; 48; 48; 1
40; 40R; <; 9; 89; 2; 50; 50; 1
40; 40R; <; 10; 90; 2; 52; 55; 1
40; 40R; <; 11; 91; 2; 58; 58; 1
40; 40R; <; 1; 1; 2; 4; 4; 2
40; 40R; <; 2; 82; 2; 6; 6; 2
40; 40R; <; 3; 83; 2; 8; 8; 2
40; 40R; <; 4; 84; 2; 10; 10; 2
40; 40R; <; 5; 85; 2; 12; 12; 2
40; 40R; <; 6; 86; 2; 14; 14; 2
40; 40R; <; 7; 87; 2; 16; 16; 2
40; 40R; <; 8; 88; 2; 18; 18; 2
40; 40R; <; 9; 89; 2; 20; 20; 2
40; 40R; <; 10; 90; 2; 22; 25; 2
40; 40R; <; 11; 91; 2; 28; 28; 2
41; 41H; >; 1; 81; 2; 40; 40; 1
41; 41H; >; 2; 80; 2; 42; 42; 1
41; 41H; >; 3; 79; 2; 44; 44; 1
41; 41H; >; 4; 78; 2; 46; 46; 1
41; 41H; >; 5; 77; 2; 48; 48; 1
41; 41H; >; 6; 76; 2; 50; 50; 1
41; 41H; >; 7; 75; 2; 52; 52; 1
41; 41H; >; 8; 74; 2; 54; 54; 1
41; 41H; >; 9; 73; 2; 56; 56; 1
41; 41H; >; 10; 72; 2; 58; 58; 1
41; 41H; >; 11; 1; 2; 0; 0; 1
41; 41H; >; 1; 81; 2; 10; 10; 2
41; 41H; >; 2; 80; 2; 12; 12; 2
41; 41H; >; 3; 79; 2; 14; 14; 2
41; 41H; >; 4; 78; 2; 16; 16; 2
41; 41H; >; 5; 77; 2; 18; 18; 2
41; 41H; >; 6; 76; 2; 20; 20; 2
41; 41H; >; 7; 75; 2; 22; 22; 2
41; 41H; >; 8; 74; 2; 24; 24; 2
41; 41H; >; 9; 73; 2; 26; 26; 2
41; 41H; >; 10; 72; 2; 28; 28; 2
41; 41H; >; 11; 1; 2; 30; 30; 2
41; 41R; <; 1; 1; 2; 34; 34; 1
41; 41R; <; 2; 72; 2; 36; 36; 1
41; 41R; <; 3; 73; 2; 38; 38; 1
41; 41R; <; 4; 74; 2; 40; 40; 1
41; 41R; <; 5; 75; 2; 42; 42; 1
41; 41R; <; 6; 76; 2; 44; 44; 1
41; 41R; <; 7; 77; 2; 46; 46; 1
41; 41R; <; 8; 78; 2; 48; 48; 1
41; 41R; <; 9; 79; 2; 50; 50; 1
41; 41R; <; 10; 80; 2; 52; 52; 1
41; 41R; <; 11; 81; 2; 54; 54; 1
41; 41R; <; 1; 1; 2; 4; 4; 2
41; 41R; <; 2; 72; 2; 6; 6; 2
41; 41R; <; 3; 73; 2; 8; 8; 2
41; 41R; <; 4; 74; 2; 10; 10; 2
41; 41R; <; 5; 75; 2; 12; 12; 2
41; 41R; <; 6; 76; 2; 14; 14; 2
41; 41R; <; 7; 77; 2; 16; 16; 2
41; 41R; <; 8; 78; 2; 18; 18; 2
41; 41R; <; 9; 79; 2; 20; 20; 2
41; 41R; <; 10; 80; 2; 22; 22; 2
41; 41R; <; 11; 81; 2; 24; 24; 2
42; 42H; >; 1; 71; 2; 11; 11; 1
42; 42H; >; 2; 70; 2; 13; 13; 1
42; 42H; >; 3; 69; 2; 15; 15; 1
42; 42H; >; 4; 68; 2; 17; 17; 1
42; 42H; >; 5; 67; 2; 19; 19; 1
42; 42H; >; 6; 66; 2; 21; 21; 1
42; 42H; >; 7; 65; 2; 23; 23; 1
42; 42H; >; 8; 64; 2; 25; 25; 1
42; 42H; >; 9; 63; 2; 27; 27; 1
42; 42H; >; 10; 62; 2; 29; 29; 1
42; 42H; >; 11; 1; 2; 31; 31; 1
42; 42H; >; 1; 71; 2; 41; 41; 2
42; 42H; >; 2; 70; 2; 43; 43; 2
42; 42H; >; 3; 69; 2; 45; 45; 2
42; 42H; >; 4; 68; 2; 47; 47; 2
42; 42H; >; 5; 67; 2; 49; 49; 2
42; 42H; >; 6; 66; 2; 51; 51; 2
42; 42H; >; 7; 65; 2; 53; 53; 2
42; 42H; >; 8; 64; 2; 55; 55; 2
42; 42H; >; 9; 63; 2; 57; 57; 2
42; 42H; >; 10; 62; 2; 59; 59; 2
42; 42H; >; 11; 1; 2; 1; 1; 2
42; 42R; <; 1; 1; 2; 34; 34; 1
42; 42R; <; 2; 62; 2; 36; 36; 1
42; 42R; <; 3; 63; 2; 38; 38; 1
42; 42R; <; 4; 64; 2; 40; 40; 1
42; 42R; <; 5; 65; 2; 42; 42; 1
42; 42R; <; 6; 66; 2; 44; 44; 1
42; 42R; <; 7; 67; 2; 46; 46; 1
42; 42R; <; 8; 68; 2; 48; 48; 1
42; 42R; <; 9; 69; 2; 50; 50; 1
42; 42R; <; 10; 70; 2; 52; 52; 1
42; 42R; <; 11; 71; 2; 54; 54; 1
42; 42R; <; 1; 1; 2; 4; 4; 2
42; 42R; <; 2; 62; 2; 6; 6; 2
42; 42R; <; 3; 63; 2; 8; 8; 2
42; 42R; <; 4; 64; 2; 10; 10; 2
42; 42R; <; 5; 65; 2; 12; 12; 2
42; 42R; <; 6; 66; 2; 14; 14; 2
42; 42R; <; 7; 67; 2; 16; 16; 2
42; 42R; <; 8; 68; 2; 18; 18; 2
42; 42R; <; 9; 69; 2; 20; 20; 2
42; 42R; <; 10; 70; 2; 22; 22; 2
42; 42R; <; 11; 71; 2; 24; 24; 2
43; 43H; >; 1; 61; 2; 11; 11; 1
43; 43H; >; 2; 60; 2; 13; 13; 1
43; 43H; >; 3; 59; 2; 15; 15; 1
43; 43H; >; 4; 58; 2; 17; 17; 1
43; 43H; >; 5; 57; 2; 19; 19; 1
43; 43H; >; 6; 56; 2; 21; 21; 1
43; 43H; >; 7; 55; 2; 23; 23; 1
43; 43H; >; 8; 54; 2; 25; 25; 1
43; 43H; >; 9; 53; 2; 27; 27; 1
43; 43H; >; 10; 52; 2; 29; 29; 1
43; 43H; >; 11; 1; 2; 31; 31; 1
43; 43H; >; 1; 61; 2; 41; 41; 2
43; 43H; >; 2; 60; 2; 43; 43; 2
43; 43H; >; 3; 59; 2; 45; 45; 2
43; 43H; >; 4; 58; 2; 47; 47; 2
43; 43H; >; 5; 57; 2; 49; 49; 2
43; 43H; >; 6; 56; 2; 51; 51; 2
43; 43H; >; 7; 55; 2; 53; 53; 2
43; 43H; >; 8; 54; 2; 55; 55; 2
43; 43H; >; 9; 53; 2; 57; 57; 2
43; 43H; >; 10; 52; 2; 59; 59; 2
43; 43H; >; 11; 1; 2; 1; 1; 2
43; 43R; <; 1; 1; 2; 34; 34; 1
43; 43R; <; 2; 52; 2; 36; 36; 1
43; 43R; <; 3; 53; 2; 38; 38; 1
43; 43R; <; 4; 54; 2; 40; 40; 1
43; 43R; <; 5; 55; 2; 42; 42; 1
43; 43R; <; 6; 56; 2; 44; 44; 1
43; 43R; <; 7; 57; 2; 46; 46; 1
43; 43R; <; 8; 58; 2; 48; 48; 1
43; 43R; <; 9; 59; 2; 50; 50; 1
43; 43R; <; 10; 60; 2; 52; 52; 1
43; 43R; <; 11; 61; 2; 55; 55; 1
43; 43R; <; 1; 1; 2; 4; 4; 2
43; 43R; <; 2; 52; 2; 6; 6; 2
43; 43R; <; 3; 53; 2; 8; 8; 2
43; 43R; <; 4; 54; 2; 10; 10; 2
43; 43R; <; 5; 55; 2; 12; 12; 2
43; 43R; <; 6; 56; 2; 14; 14; 2
43; 43R; <; 7; 57; 2; 16; 16; 2
43; 43R; <; 8; 58; 2; 18; 18; 2
43; 43R; <; 9; 59; 2; 20; 20; 2
43; 43R; <; 10; 60; 2; 22; 22; 2
43; 43R; <; 11; 61; 2; 24; 24; 2
44; 44H; >; 1; 51; 2; 41; 41; 1
44; 44H; >; 2; 50; 2; 43; 43; 1
44; 44H; >; 3; 49; 2; 45; 45; 1
44; 44H; >; 4; 48; 2; 47; 47; 1
44; 44H; >; 5; 47; 2; 49; 49; 1
44; 44H; >; 6; 46; 2; 51; 51; 1
44; 44H; >; 7; 45; 2; 53; 53; 1
44; 44H; >; 8; 44; 2; 55; 55; 1
44; 44H; >; 9; 43; 2; 57; 57; 1
44; 44H; >; 10; 42; 2; 59; 59; 1
44; 44H; >; 11; 1; 2; 1; 1; 1
44; 44H; >; 1; 51; 2; 11; 11; 2
44; 44H; >; 2; 50; 2; 13; 13; 2
44; 44H; >; 3; 49; 2; 15; 15; 2
44; 44H; >; 4; 48; 2; 17; 17; 2
44; 44H; >; 5; 47; 2; 19; 19; 2
44; 44H; >; 6; 46; 2; 21; 21; 2
44; 44H; >; 7; 45; 2; 23; 23; 2
44; 44H; >; 8; 44; 2; 25; 25; 2
44; 44H; >; 9; 43; 2; 27; 27; 2
44; 44H; >; 10; 42; 2; 29; 29; 2
44; 44H; >; 11; 1; 2; 31; 31; 2
44; 44R; <; 1; 1; 2; 4; 4; 1
44; 44R; <; 2; 42; 2; 6; 6; 1
44; 44R; <; 3; 43; 2; 8; 8; 1
44; 44R; <; 4; 44; 2; 10; 10; 1
44; 44R; <; 5; 45; 2; 12; 12; 1
44; 44R; <; 6; 46; 2; 14; 14; 1
44; 44R; <; 7; 47; 2; 16; 16; 1
44; 44R; <; 8; 48; 2; 18; 18; 1
44; 44R; <; 9; 49; 2; 20; 20; 1
44; 44R; <; 10; 50; 2; 22; 25; 1
44; 44R; <; 11; 51; 2; 27; 27; 1
44; 44R; <; 1; 1; 2; 34; 34; 2
44; 44R; <; 2; 42; 2; 36; 36; 2
44; 44R; <; 3; 43; 2; 38; 38; 2
44; 44R; <; 4; 44; 2; 40; 40; 2
44; 44R; <; 5; 45; 2; 42; 42; 2
44; 44R; <; 6; 46; 2; 44; 44; 2
44; 44R; <; 7; 47; 2; 46; 46; 2
44; 44R; <; 8; 48; 2; 48; 48; 2
44; 44R; <; 9; 49; 2; 50; 50; 2
44; 44R; <; 10; 50; 2; 52; 55; 2
44; 44R; <; 11; 51; 2; 58; 58; 2
45; 45H; >; 1; 41; 2; 41; 41; 1
45; 45H; >; 2; 40; 2; 43; 43; 1
45; 45H; >; 3; 39; 2; 45; 45; 1
45; 45H; >; 4; 38; 2; 47; 47; 1
45; 45H; >; 5; 37; 2; 49; 49; 1
45; 45H; >; 6; 36; 2; 51; 51; 1
45; 45H; >; 7; 35; 2; 53; 53; 1
45; 45H; >; 8; 34; 2; 55; 55; 1
45; 45H; >; 9; 33; 2; 57; 57; 1
45; 45H; >; 10; 32; 2; 59; 59; 1
45; 45H; >; 11; 1; 2; 1; 1; 1
45; 45H; >; 1; 41; 2; 11; 11; 2
45; 45H; >; 2; 40; 2; 13; 13; 2
45; 45H; >; 3; 39; 2; 15; 15; 2
45; 45H; >; 4; 38; 2; 17; 17; 2
45; 45H; >; 5; 37; 2; 19; 19; 2
45; 45H; >; 6; 36; 2; 21; 21; 2
45; 45H; >; 7; 35; 2; 23; 23; 2
45; 45H; >; 8; 34; 2; 25; 25; 2
45; 45H; >; 9; 33; 2; 27; 27; 2
45; 45H; >; 10; 32; 2; 29; 29; 2
45; 45H; >; 11; 1; 2; 31; 31; 2
45; 45R; <; 1; 1; 2; 4; 4; 1
45; 45R; <; 2; 32; 2; 6; 6; 1
45; 45R; <; 3; 33; 2; 8; 8; 1
45; 45R; <; 4; 34; 2; 10; 10; 1
45; 45R; <; 5; 35; 2; 12; 12; 1
45; 45R; <; 6; 36; 2; 14; 14; 1
45; 45R; <; 7; 37; 2; 16; 16; 1
45; 45R; <; 8; 38; 2; 18; 18; 1
45; 45R; <; 9; 39; 2; 20; 23; 1
45; 45R; <; 10; 40; 2; 26; 29; 1
45; 45R; <; 11; 41; 2; 32; 32; 1
45; 45R; <; 1; 1; 2; 34; 34; 2
45; 45R; <; 2; 32; 2; 36; 36; 2
45; 45R; <; 3; 33; 2; 38; 38; 2
45; 45R; <; 4; 34; 2; 40; 40; 2
45; 45R; <; 5; 35; 2; 42; 42; 2
45; 45R; <; 6; 36; 2; 44; 44; 2
45; 45R; <; 7; 37; 2; 46; 46; 2
45; 45R; <; 8; 38; 2; 48; 48; 2
45; 45R; <; 9; 39; 2; 50; 53; 2
45; 45R; <; 10; 40; 2; 56; 59; 2
45; 45R; <; 11; 41; 2; 2; 2; 2
46; 46H; >; 1; 31; 2; 11; 11; 1
46; 46H; >; 2; 30; 2; 13; 13; 1
46; 46H; >; 3; 29; 2; 15; 15; 1
46; 46H; >; 4; 28; 2; 17; 17; 1
46; 46H; >; 5; 27; 2; 19; 19; 1
46; 46H; >; 6; 26; 2; 21; 21; 1
46; 46H; >; 7; 25; 2; 23; 23; 1
46; 46H; >; 8; 24; 2; 25; 25; 1
46; 46H; >; 9; 23; 2; 27; 27; 1
46; 46H; >; 10; 22; 2; 29; 29; 1
46; 46H; >; 11; 1; 2; 31; 31; 1
46; 46H; >; 1; 31; 2; 41; 41; 2
46; 46H; >; 2; 30; 2; 43; 43; 2
46; 46H; >; 3; 29; 2; 45; 45; 2
46; 46H; >; 4; 28; 2; 47; 47; 2
46; 46H; >; 5; 27; 2; 49; 49; 2
46; 46H; >; 6; 26; 2; 51; 51; 2
46; 46H; >; 7; 25; 2; 53; 53; 2
46; 46H; >; 8; 24; 2; 55; 55; 2
46; 46H; >; 9; 23; 2; 57; 57; 2
46; 46H; >; 10; 22; 2; 59; 59; 2
46; 46H; >; 11; 1; 2; 1; 1; 2
46; 46R; <; 1; 1; 2; 34; 34; 1
46; 46R; <; 2; 22; 2; 36; 36; 1
46; 46R; <; 3; 23; 2; 38; 38; 1
46; 46R; <; 4; 24; 2; 40; 40; 1
46; 46R; <; 5; 25; 2; 42; 42; 1
46; 46R; <; 6; 26; 2; 44; 44; 1
46; 46R; <; 7; 27; 2; 46; 46; 1
46; 46R; <; 8; 28; 2; 48; 48; 1
46; 46R; <; 9; 29; 2; 50; 50; 1
46; 46R; <; 10; 30; 2; 52; 52; 1
46; 46R; <; 11; 31; 2; 54; 54; 1
46; 46R; <; 1; 1; 2; 4; 4; 2
46; 46R; <; 2; 22; 2; 6; 6; 2
46; 46R; <; 3; 23; 2; 8; 8; 2
46; 46R; <; 4; 24; 2; 10; 10; 2
46; 46R; <; 5; 25; 2; 12; 12; 2
46; 46R; <; 6; 26; 2; 14; 14; 2
46; 46R; <; 7; 27; 2; 16; 16; 2
46; 46R; <; 8; 28; 2; 18; 18; 2
46; 46R; <; 9; 29; 2; 20; 20; 2
46; 46R; <; 10; 30; 2; 22; 22; 2
46; 46R; <; 11; 31; 2; 25; 25; 2
47; 47H; >; 1; 21; 2; 11; 11; 1
47; 47H; >; 2; 20; 2; 13; 13; 1
47; 47H; >; 3; 19; 2; 15; 15; 1
47; 47H; >; 4; 18; 2; 17; 17; 1
47; 47H; >; 5; 17; 2; 19; 19; 1
47; 47H; >; 6; 16; 2; 21; 21; 1
47; 47H; >; 7; 15; 2; 23; 23; 1
47; 47H; >; 8; 14; 2; 25; 25; 1
47; 47H; >; 9; 13; 2; 27; 27; 1
47; 47H; >; 10; 12; 2; 29; 29; 1
47; 47H; >; 11; 1; 2; 31; 31; 1
47; 47H; >; 1; 21; 2; 41; 41; 2
47; 47H; >; 2; 20; 2; 43; 43; 2
47; 47H; >; 3; 19; 2; 45; 45; 2
47; 47H; >; 4; 18; 2; 47; 47; 2
47; 47H; >; 5; 17; 2; 49; 49; 2
47; 47H; >; 6; 16; 2; 51; 51; 2
47; 47H; >; 7; 15; 2; 53; 53; 2
47; 47H; >; 8; 14; 2; 55; 55; 2
47; 47H; >; 9; 13; 2; 57; 57; 2
47; 47H; >; 10; 12; 2; 59; 59; 2
47; 47H; >; 11; 1; 2; 1; 1; 2
47; 47R; <; 1; 1; 2; 34; 34; 1
47; 47R; <; 2; 12; 2; 36; 36; 1
47; 47R; <; 3; 13; 2; 38; 38; 1
47; 47R; <; 4; 14; 2; 40; 40; 1
47; 47R; <; 5; 15; 2; 42; 42; 1
47; 47R; <; 6; 16; 2; 44; 44; 1
47; 47R; <; 7; 17; 2; 46; 46; 1
47; 47R; <; 8; 18; 2; 48; 48; 1
47; 47R; <; 9; 19; 2; 50; 50; 1
47; 47R; <; 10; 20; 2; 52; 52; 1
47; 47R; <; 11; 21; 2; 54; 54; 1
47; 47R; <; 1; 1; 2; 4; 4; 2
47; 47R; <; 2; 12; 2; 6; 6; 2
47; 47R; <; 3; 13; 2; 8; 8; 2
47; 47R; <; 4; 14; 2; 10; 10; 2
47; 47R; <; 5; 15; 2; 12; 12; 2
47; 47R; <; 6; 16; 2; 14; 14; 2
47; 47R; <; 7; 17; 2; 16; 16; 2
47; 47R; <; 8; 18; 2; 18; 18; 2
47; 47R; <; 9; 19; 2; 20; 20; 2
47; 47R; <; 10; 20; 2; 22; 22; 2
47; 47R; <; 11; 21; 2; 24; 24; 2
48; 48H; >; 1; 11; 2; 11; 11; 1
48; 48H; >; 2; 10; 2; 13; 13; 1
48; 48H; >; 3; 9; 2; 15; 15; 1
48; 48H; >; 4; 8; 2; 17; 17; 1
48; 48H; >; 5; 7; 2; 19; 19; 1
48; 48H; >; 6; 6; 2; 21; 21; 1
48; 48H; >; 7; 5; 2; 23; 23; 1
48; 48H; >; 8; 4; 2; 25; 25; 1
48; 48H; >; 9; 3; 2; 27; 27; 1
48; 48H; >; 10; 2; 2; 29; 29; 1
48; 48H; >; 11; 1; 2; 31; 31; 1
48; 48H; >; 1; 11; 2; 41; 41; 2
48; 48H; >; 2; 10; 2; 43; 43; 2
48; 48H; >; 3; 9; 2; 45; 45; 2
48; 48H; >; 4; 8; 2; 47; 47; 2
48; 48H; >; 5; 7; 2; 49; 49; 2
48; 48H; >; 6; 6; 2; 51; 51; 2
48; 48H; >; 7; 5; 2; 53; 53; 2
48; 48H; >; 8; 4; 2; 55; 55; 2
48; 48H; >; 9; 3; 2; 57; 57; 2
48; 48H; >; 10; 2; 2; 59; 59; 2
48; 48H; >; 11; 1; 2; 1; 1; 2
48; 48R; <; 1; 1; 2; 33; 33; 1
48; 48R; <; 2; 2; 2; 35; 35; 1
48; 48R; <; 3; 3; 2; 37; 37; 1
48; 48R; <; 4; 4; 2; 39; 39; 1
48; 48R; <; 5; 5; 2; 41; 41; 1
48; 48R; <; 6; 6; 2; 43; 43; 1
48; 48R; <; 7; 7; 2; 45; 45; 1
48; 48R; <; 8; 8; 2; 47; 47; 1
48; 48R; <; 9; 9; 2; 49; 49; 1
48; 48R; <; 10; 10; 2; 51; 51; 1
48; 48R; <; 11; 11; 2; 53; 53; 1
48; 48R; <; 1; 1; 2; 3; 3; 2
48; 48R; <; 2; 2; 2; 5; 5; 2
48; 48R; <; 3; 3; 2; 7; 7; 2
48; 48R; <; 4; 4; 2; 9; 9; 2
48; 48R; <; 5; 5; 2; 11; 11; 2
48; 48R; <; 6; 6; 2; 13; 13; 2
48; 48R; <; 7; 7; 2; 15; 15; 2
48; 48R; <; 8; 8; 2; 17; 17; 2
48; 48R; <; 9; 9; 2; 19; 19; 2
48; 48R; <; 10; 10; 2; 21; 21; 2
48; 48R; <; 11; 11; 2; 23; 23; 2
50; 50H; >; 1; 101; 2; 38; 38; 1
50; 50H; >; 2; 100; 2; 40; 40; 1
50; 50H; >; 3; 99; 2; 42; 42; 1
50; 50H; >; 4; 98; 2; 44; 44; 1
50; 50H; >; 5; 97; 2; 46; 46; 1
50; 50H; >; 6; 96; 2; 48; 48; 1
50; 50H; >; 7; 95; 2; 50; 50; 1
50; 50H; >; 8; 94; 2; 52; 52; 1
50; 50H; >; 9; 93; 2; 54; 54; 1
50; 50H; >; 10; 92; 2; 56; 56; 1
50; 50H; >; 1; 101; 2; 8; 8; 2
50; 50H; >; 2; 100; 2; 10; 10; 2
50; 50H; >; 3; 99; 2; 12; 12; 2
50; 50H; >; 4; 98; 2; 14; 14; 2
50; 50H; >; 5; 97; 2; 16; 16; 2
50; 50H; >; 6; 96; 2; 18; 18; 2
50; 50H; >; 7; 95; 2; 20; 20; 2
50; 50H; >; 8; 94; 2; 22; 22; 2
50; 50H; >; 9; 93; 2; 24; 24; 2
50; 50H; >; 10; 92; 2; 26; 26; 2
50; 50R; <; 1; 92; 2; 39; 39; 1
50; 50R; <; 2; 93; 2; 41; 41; 1
50; 50R; <; 3; 94; 2; 43; 43; 1
50; 50R; <; 4; 95; 2; 45; 45; 1
50; 50R; <; 5; 96; 2; 47; 47; 1
50; 50R; <; 6; 97; 2; 49; 49; 1
50; 50R; <; 7; 98; 2; 51; 51; 1
50; 50R; <; 8; 99; 2; 53; 53; 1
50; 50R; <; 9; 100; 2; 55; 55; 1
50; 50R; <; 10; 101; 2; 57; 57; 1
50; 50R; <; 1; 92; 2; 9; 9; 2
50; 50R; <; 2; 93; 2; 11; 11; 2
50; 50R; <; 3; 94; 2; 13; 13; 2
50; 50R; <; 4; 95; 2; 15; 15; 2
50; 50R; <; 5; 96; 2; 17; 17; 2
50; 50R; <; 6; 97; 2; 19; 19; 2
50; 50R; <; 7; 98; 2; 21; 21; 2
50; 50R; <; 8; 99; 2; 23; 23; 2
50; 50R; <; 9; 100; 2; 25; 25; 2
50; 50R; <; 10; 101; 2; 27; 27; 2
51; 51H; >; 1; 50; 2; 12; 12; 1
51; 51H; >; 2; 49; 2; 14; 14; 1
51; 51H; >; 3; 48; 2; 16; 16; 1
51; 51H; >; 4; 47; 2; 18; 18; 1
51; 51H; >; 5; 46; 2; 20; 20; 1
51; 51H; >; 6; 36; 2; 23; 23; 1
51; 51H; >; 7; 37; 2; 25; 25; 1
51; 51H; >; 8; 38; 2; 27; 27; 1
51; 51H; >; 9; 39; 2; 29; 29; 1
51; 51H; >; 10; 40; 2; 32; 32; 1
51; 51H; >; 1; 50; 2; 42; 42; 2
51; 51H; >; 2; 49; 2; 44; 44; 2
51; 51H; >; 3; 48; 2; 46; 46; 2
51; 51H; >; 4; 47; 2; 48; 48; 2
51; 51H; >; 5; 46; 2; 50; 50; 2
51; 51H; >; 6; 36; 2; 53; 53; 2
51; 51H; >; 7; 37; 2; 55; 55; 2
51; 51H; >; 8; 38; 2; 57; 57; 2
51; 51H; >; 9; 39; 2; 59; 59; 2
51; 51H; >; 10; 40; 2; 1; 1; 2
51; 51R; <; 1; 40; 2; 12; 12; 1
51; 51R; <; 2; 39; 2; 14; 14; 1
51; 51R; <; 3; 38; 2; 16; 16; 1
51; 51R; <; 4; 37; 2; 18; 18; 1
51; 51R; <; 5; 36; 2; 20; 20; 1
51; 51R; <; 6; 46; 2; 23; 23; 1
51; 51R; <; 7; 47; 2; 25; 25; 1
51; 51R; <; 8; 48; 2; 27; 27; 1
51; 51R; <; 9; 49; 2; 29; 29; 1
51; 51R; <; 10; 50; 2; 32; 32; 1
51; 51R; <; 1; 40; 2; 42; 42; 2
51; 51R; <; 2; 39; 2; 44; 44; 2
51; 51R; <; 3; 38; 2; 46; 46; 2
51; 51R; <; 4; 37; 2; 48; 48; 2
51; 51R; <; 5; 36; 2; 50; 50; 2
51; 51R; <; 6; 46; 2; 53; 53; 2
51; 51R; <; 7; 47; 2; 55; 55; 2
51; 51R; <; 8; 48; 2; 57; 57; 2
51; 51R; <; 9; 49; 2; 59; 59; 2
51; 51R; <; 10; 50; 2; 1; 1; 2
53; 53H; >; 1; 85; 2; 21; 21; 1
53; 53H; >; 2; 84; 2; 23; 23; 1
53; 53H; >; 3; 83; 2; 25; 25; 1
53; 53H; >; 4; 73; 2; 27; 27; 1
53; 53H; >; 5; 74; 2; 29; 29; 1
53; 53H; >; 6; 75; 2; 32; 32; 1
53; 53H; >; 1; 85; 2; 51; 51; 2
53; 53H; >; 2; 84; 2; 53; 53; 2
53; 53H; >; 3; 83; 2; 55; 55; 2
53; 53H; >; 4; 73; 2; 57; 57; 2
53; 53H; >; 5; 74; 2; 59; 59; 2
53; 53H; >; 6; 75; 2; 1; 1; 2
53; 53R; <; 1; 75; 2; 21; 21; 1
53; 53R; <; 2; 74; 2; 23; 23; 1
53; 53R; <; 3; 73; 2; 25; 25; 1
53; 53R; <; 4; 83; 2; 27; 27; 1
53; 53R; <; 5; 84; 2; 29; 29; 1
53; 53R; <; 6; 85; 2; 31; 31; 1
53; 53R; <; 1; 75; 2; 51; 51; 2
53; 53R; <; 2; 74; 2; 53; 53; 2
53; 53R; <; 3; 73; 2; 55; 55; 2
53; 53R; <; 4; 83; 2; 57; 57; 2
53; 53R; <; 5; 84; 2; 59; 59; 2
53; 53R; <; 6; 85; 2; 1; 1; 2
54; 54H; >; 1; 75; 2; 51; 51; 1
54; 54H; >; 2; 74; 2; 53; 53; 1
54; 54H; >; 3; 73; 2; 55; 55; 1
54; 54H; >; 4; 63; 2; 58; 0; 1
54; 54H; >; 5; 64; 2; 3; 6; 1
54; 54H; >; 6; 65; 2; 9; 9; 1
54; 54H; >; 1; 75; 2; 21; 21; 2
54; 54H; >; 2; 74; 2; 23; 23; 2
54; 54H; >; 3; 73; 2; 25; 25; 2
54; 54H; >; 4; 63; 2; 27; 30; 2
54; 54H; >; 5; 64; 2; 33; 36; 2
54; 54H; >; 6; 65; 2; 39; 39; 2
54; 54R; <; 1; 65; 2; 21; 21; 1
54; 54R; <; 2; 64; 2; 23; 23; 1
54; 54R; <; 3; 63; 2; 25; 25; 1
54; 54R; <; 4; 73; 2; 27; 27; 1
54; 54R; <; 5; 74; 2; 29; 29; 1
54; 54R; <; 6; 75; 2; 32; 32; 1
54; 54R; <; 1; 65; 2; 51; 51; 2
54; 54R; <; 2; 64; 2; 53; 53; 2
54; 54R; <; 3; 63; 2; 55; 55; 2
54; 54R; <; 4; 73; 2; 57; 57; 2
54; 54R; <; 5; 74; 2; 59; 59; 2
54; 54R; <; 6; 75; 2; 1; 1; 2
55; 55H; >; 1; 65; 2; 56; 56; 1
55; 55H; >; 2; 64; 2; 58; 58; 1
55; 55H; >; 3; 63; 2; 0; 0; 1
55; 55H; >; 4; 53; 2; 2; 5; 1
55; 55H; >; 5; 54; 2; 8; 10; 1
55; 55H; >; 6; 55; 2; 13; 13; 1
55; 55H; >; 1; 65; 2; 26; 26; 2
55; 55H; >; 2; 64; 2; 28; 28; 2
55; 55H; >; 3; 63; 2; 30; 30; 2
55; 55H; >; 4; 53; 2; 32; 35; 2
55; 55H; >; 5; 54; 2; 37; 40; 2
55; 55H; >; 6; 55; 2; 43; 43; 2
55; 55R; <; 1; 55; 2; 21; 21; 1
55; 55R; <; 2; 54; 2; 23; 23; 1
55; 55R; <; 3; 53; 2; 25; 25; 1
55; 55R; <; 4; 63; 2; 27; 27; 1
55; 55R; <; 5; 64; 2; 29; 29; 1
55; 55R; <; 6; 65; 2; 32; 32; 1
55; 55R; <; 1; 55; 2; 51; 51; 2
55; 55R; <; 2; 54; 2; 53; 53; 2
55; 55R; <; 3; 53; 2; 55; 55; 2
55; 55R; <; 4; 63; 2; 57; 57; 2
55; 55R; <; 5; 64; 2; 59; 59; 2
55; 55R; <; 6; 65; 2; 1; 1; 2
56; 56H; >; 1; 55; 2; 21; 21; 1
56; 56H; >; 2; 54; 2; 23; 23; 1
56; 56H; >; 3; 53; 2; 25; 25; 1
56; 56H; >; 4; 43; 2; 27; 27; 1
56; 56H; >; 5; 44; 2; 29; 29; 1
56; 56H; >; 6; 45; 2; 32; 32; 1
56; 56H; >; 1; 55; 2; 51; 51; 2
56; 56H; >; 2; 54; 2; 53; 53; 2
56; 56H; >; 3; 53; 2; 55; 55; 2
56; 56H; >; 4; 43; 2; 57; 57; 2
56; 56H; >; 5; 44; 2; 59; 59; 2
56; 56H; >; 6; 45; 2; 1; 1; 2
56; 56R; <; 1; 45; 2; 26; 26; 1
56; 56R; <; 2; 44; 2; 28; 28; 1
56; 56R; <; 3; 43; 2; 30; 30; 1
56; 56R; <; 4; 53; 2; 32; 32; 1
56; 56R; <; 5; 54; 2; 34; 37; 1
56; 56R; <; 6; 55; 2; 40; 40; 1
56; 56R; <; 1; 45; 2; 56; 56; 2
56; 56R; <; 2; 44; 2; 58; 58; 2
56; 56R; <; 3; 43; 2; 60; 60; 2
56; 56R; <; 4; 53; 2; 2; 2; 2
56; 56R; <; 5; 54; 2; 4; 7; 2
56; 56R; <; 6; 55; 2; 10; 10; 2
57; 57H; >; 1; 45; 2; 16; 16; 1
57; 57H; >; 2; 44; 2; 18; 18; 1
57; 57H; >; 3; 43; 2; 20; 20; 1
57; 57H; >; 4; 33; 2; 22; 25; 1
57; 57H; >; 5; 34; 2; 28; 31; 1
57; 57H; >; 6; 35; 2; 34; 34; 1
57; 57H; >; 1; 45; 2; 46; 46; 2
57; 57H; >; 2; 44; 2; 48; 48; 2
57; 57H; >; 3; 43; 2; 50; 50; 2
57; 57H; >; 4; 33; 2; 52; 55; 2
57; 57H; >; 5; 34; 2; 58; 1; 2
57; 57H; >; 6; 35; 2; 4; 4; 2
57; 57R; <; 1; 35; 2; 21; 21; 1
57; 57R; <; 2; 34; 2; 23; 23; 1
57; 57R; <; 3; 33; 2; 25; 25; 1
57; 57R; <; 4; 43; 2; 27; 27; 1
57; 57R; <; 5; 44; 2; 29; 29; 1
57; 57R; <; 6; 45; 2; 32; 32; 1
57; 57R; <; 1; 35; 2; 51; 51; 2
57; 57R; <; 2; 34; 2; 53; 53; 2
57; 57R; <; 3; 33; 2; 55; 55; 2
57; 57R; <; 4; 43; 2; 57; 57; 2
57; 57R; <; 5; 44; 2; 59; 59; 2
57; 57R; <; 6; 45; 2; 1; 1; 2
58; 58H; >; 1; 35; 2; 21; 21; 1
58; 58H; >; 2; 34; 2; 23; 23; 1
58; 58H; >; 3; 33; 2; 25; 25; 1
58; 58H; >; 4; 23; 2; 27; 27; 1
58; 58H; >; 5; 24; 2; 29; 29; 1
58; 58H; >; 6; 25; 2; 32; 32; 1
58; 58H; >; 1; 35; 2; 51; 51; 2
58; 58H; >; 2; 34; 2; 53; 53; 2
58; 58H; >; 3; 33; 2; 55; 55; 2
58; 58H; >; 4; 23; 2; 57; 57; 2
58; 58H; >; 5; 24; 2; 59; 59; 2
58; 58H; >; 6; 25; 2; 1; 1; 2
58; 58R; <; 1; 25; 2; 5; 5; 1
58; 58R; <; 2; 24; 2; 7; 10; 1
58; 58R; <; 3; 23; 2; 13; 16; 1
58; 58R; <; 4; 33; 2; 19; 22; 1
58; 58R; <; 5; 34; 2; 25; 28; 1
58; 58R; <; 6; 35; 2; 31; 31; 1
58; 58R; <; 1; 25; 2; 35; 35; 2
58; 58R; <; 2; 24; 2; 38; 40; 2
58; 58R; <; 3; 23; 2; 43; 46; 2
58; 58R; <; 4; 33; 2; 49; 52; 2
58; 58R; <; 5; 34; 2; 55; 58; 2
58; 58R; <; 6; 35; 2; 1; 1; 2
