#event-id; time
1; 36
2; 41
3; 41
4; 46
5; 46
6; 2
7; 2
8; 9
9; 9
10; 14
11; 14
12; 19
13; 19
14; 25
15; 25
16; 29
17; 6
18; 11
19; 11
20; 16
21; 16
22; 32
23; 32
24; 39
25; 39
26; 44
27; 44
28; 49
29; 49
30; 55
31; 55
32; 59
33; 0
34; 4
35; 4
36; 10
37; 10
38; 15
39; 15
40; 20
41; 20
42; 27
43; 27
44; 43
45; 43
46; 48
47; 48
48; 53
49; 30
50; 34
51; 34
52; 40
53; 40
54; 45
55; 45
56; 50
57; 50
58; 57
59; 57
60; 13
61; 13
62; 18
63; 18
64; 23
65; 45
66; 53
67; 53
68; 57
69; 57
70; 3
71; 3
72; 7
73; 7
74; 11
75; 11
76; 17
77; 17
78; 21
79; 15
80; 23
81; 23
82; 27
83; 27
84; 33
85; 33
86; 37
87; 37
88; 41
89; 41
90; 47
91; 47
92; 51
93; 24
94; 28
95; 28
96; 34
97; 34
98; 38
99; 38
100; 42
101; 42
102; 48
103; 48
104; 52
105; 52
106; 0
107; 54
108; 58
109; 58
110; 4
111; 4
112; 8
113; 8
114; 12
115; 12
116; 18
117; 18
118; 22
119; 22
120; 30
121; 6
122; 12
123; 12
124; 17
125; 17
126; 21
127; 21
128; 29
129; 29
130; 34
131; 34
132; 39
133; 36
134; 42
135; 42
136; 47
137; 47
138; 51
139; 51
140; 59
141; 59
142; 4
143; 4
144; 9
145; 8
146; 13
147; 13
148; 18
149; 18
150; 26
151; 26
152; 30
153; 30
154; 35
155; 35
156; 41
157; 38
158; 43
159; 43
160; 48
161; 48
162; 56
163; 56
164; 0
165; 0
166; 5
167; 5
168; 11
169; 45
170; 51
171; 51
172; 56
173; 56
174; 0
175; 0
176; 8
177; 8
178; 12
179; 12
180; 16
181; 15
182; 21
183; 21
184; 26
185; 26
186; 30
187; 30
188; 38
189; 38
190; 42
191; 42
192; 46
193; 21
194; 25
195; 25
196; 29
197; 29
198; 37
199; 37
200; 41
201; 41
202; 46
203; 46
204; 52
205; 51
206; 55
207; 55
208; 59
209; 59
210; 7
211; 7
212; 11
213; 11
214; 16
215; 16
216; 22
217; 5
218; 9
219; 9
220; 17
221; 17
222; 24
223; 24
224; 29
225; 29
226; 35
227; 35
228; 39
229; 15
230; 19
231; 19
232; 27
233; 27
234; 34
235; 34
236; 39
237; 39
238; 45
239; 45
240; 49
241; 25
242; 29
243; 29
244; 37
245; 37
246; 44
247; 44
248; 49
249; 49
250; 55
251; 55
252; 59
253; 35
254; 39
255; 39
256; 47
257; 47
258; 54
259; 54
260; 59
261; 59
262; 5
263; 5
264; 9
265; 45
266; 49
267; 49
268; 57
269; 57
270; 4
271; 4
272; 9
273; 9
274; 15
275; 15
276; 19
277; 55
278; 59
279; 59
280; 7
281; 7
282; 14
283; 14
284; 19
285; 19
286; 25
287; 25
288; 29
289; 58
290; 2
291; 2
292; 8
293; 8
294; 13
295; 13
296; 20
297; 20
298; 28
299; 28
300; 32
301; 8
302; 12
303; 12
304; 18
305; 18
306; 23
307; 23
308; 30
309; 30
310; 38
311; 38
312; 42
313; 18
314; 22
315; 22
316; 28
317; 28
318; 33
319; 33
320; 40
321; 40
322; 48
323; 48
324; 52
325; 28
326; 32
327; 32
328; 38
329; 38
330; 43
331; 43
332; 50
333; 50
334; 58
335; 58
336; 2
337; 38
338; 42
339; 42
340; 48
341; 48
342; 53
343; 53
344; 0
345; 0
346; 8
347; 8
348; 12
349; 48
350; 52
351; 52
352; 58
353; 58
354; 3
355; 3
356; 10
357; 10
358; 18
359; 18
360; 22
361; 25
362; 32
363; 32
364; 36
365; 36
366; 40
367; 40
368; 45
369; 45
370; 50
371; 50
372; 54
373; 40
374; 47
375; 47
376; 51
377; 51
378; 55
379; 55
380; 0
381; 0
382; 5
383; 5
384; 9
385; 55
386; 2
387; 2
388; 6
389; 6
390; 10
391; 10
392; 15
393; 15
394; 20
395; 20
396; 24
397; 10
398; 17
399; 17
400; 21
401; 21
402; 25
403; 25
404; 30
405; 30
406; 35
407; 35
408; 39
409; 32
410; 36
411; 36
412; 41
413; 41
414; 46
415; 46
416; 50
417; 50
418; 54
419; 54
420; 1
421; 47
422; 51
423; 51
424; 56
425; 56
426; 1
427; 1
428; 5
429; 5
430; 9
431; 9
432; 16
433; 2
434; 6
435; 6
436; 11
437; 11
438; 16
439; 16
440; 20
441; 20
442; 24
443; 24
444; 31
445; 17
446; 21
447; 21
448; 26
449; 26
450; 31
451; 31
452; 35
453; 35
454; 39
455; 39
456; 46
457; 0
458; 4
459; 4
460; 10
461; 10
462; 14
463; 14
464; 20
465; 20
466; 24
467; 24
468; 28
469; 30
470; 34
471; 34
472; 40
473; 40
474; 44
475; 44
476; 50
477; 50
478; 54
479; 54
480; 58
481; 24
482; 28
483; 28
484; 32
485; 32
486; 38
487; 38
488; 42
489; 42
490; 48
491; 48
492; 52
493; 54
494; 58
495; 58
496; 2
497; 2
498; 8
499; 8
500; 12
501; 12
502; 18
503; 18
504; 22
505; 0
506; 4
507; 4
508; 8
509; 8
510; 14
511; 14
512; 18
513; 18
514; 22
515; 22
516; 26
517; 30
518; 34
519; 34
520; 38
521; 38
522; 44
523; 44
524; 48
525; 48
526; 52
527; 52
528; 56
529; 8
530; 12
531; 12
532; 16
533; 16
534; 20
535; 20
536; 26
537; 26
538; 30
539; 30
540; 34
541; 38
542; 42
543; 42
544; 46
545; 46
546; 50
547; 50
548; 56
549; 56
550; 0
551; 0
552; 4
553; 36
554; 41
555; 41
556; 46
557; 46
558; 2
559; 2
560; 9
561; 9
562; 13
563; 6
564; 11
565; 11
566; 16
567; 16
568; 32
569; 32
570; 39
571; 39
572; 43
573; 46
574; 50
575; 50
576; 57
577; 57
578; 13
579; 13
580; 18
581; 18
582; 23
583; 16
584; 20
585; 20
586; 27
587; 27
588; 43
589; 43
590; 48
591; 48
592; 53
593; 16
594; 22
595; 22
596; 27
597; 27
598; 32
599; 32
600; 37
601; 37
602; 42
603; 46
604; 52
605; 52
606; 57
607; 57
608; 2
609; 2
610; 7
611; 7
612; 12
613; 5
614; 10
615; 10
616; 15
617; 15
618; 20
619; 20
620; 25
621; 25
622; 31
623; 35
624; 40
625; 40
626; 45
627; 45
628; 50
629; 50
630; 55
631; 55
632; 1
633; 0
634; 4
635; 4
636; 8
637; 8
638; 14
639; 14
640; 19
641; 19
642; 27
643; 30
644; 34
645; 34
646; 38
647; 38
648; 44
649; 44
650; 49
651; 49
652; 57
653; 0
654; 8
655; 8
656; 13
657; 13
658; 19
659; 19
660; 23
661; 23
662; 27
663; 30
664; 38
665; 38
666; 43
667; 43
668; 49
669; 49
670; 53
671; 53
672; 57
673; 30
674; 34
675; 34
676; 38
677; 38
678; 44
679; 44
680; 49
681; 49
682; 54
683; 45
684; 49
685; 49
686; 53
687; 53
688; 59
689; 59
690; 4
691; 4
692; 9
693; 0
694; 4
695; 4
696; 8
697; 8
698; 14
699; 14
700; 19
701; 19
702; 24
703; 15
704; 19
705; 19
706; 23
707; 23
708; 29
709; 29
710; 34
711; 34
712; 39
713; 5
714; 10
715; 10
716; 15
717; 15
718; 21
719; 21
720; 25
721; 25
722; 29
723; 20
724; 25
725; 25
726; 30
727; 30
728; 36
729; 36
730; 40
731; 40
732; 44
733; 35
734; 40
735; 40
736; 45
737; 45
738; 51
739; 51
740; 55
741; 55
742; 59
743; 50
744; 55
745; 55
746; 0
747; 0
748; 6
749; 6
750; 10
751; 10
752; 14
753; 0
754; 4
755; 4
756; 8
757; 8
758; 14
759; 14
760; 18
761; 18
762; 22
763; 15
764; 19
765; 19
766; 23
767; 23
768; 29
769; 29
770; 33
771; 33
772; 37
773; 30
774; 34
775; 34
776; 38
777; 38
778; 44
779; 44
780; 48
781; 48
782; 52
783; 45
784; 49
785; 49
786; 53
787; 53
788; 59
789; 59
790; 3
791; 3
792; 7
793; 52
794; 56
795; 56
796; 0
797; 0
798; 6
799; 6
800; 10
801; 10
802; 14
803; 7
804; 11
805; 11
806; 15
807; 15
808; 21
809; 21
810; 25
811; 25
812; 29
813; 22
814; 26
815; 26
816; 30
817; 30
818; 36
819; 36
820; 40
821; 40
822; 44
823; 37
824; 41
825; 41
826; 45
827; 45
828; 51
829; 51
830; 55
831; 55
832; 59
833; 0
834; 4
835; 4
836; 8
837; 8
838; 12
839; 12
840; 18
841; 18
842; 22
843; 30
844; 34
845; 34
846; 38
847; 38
848; 42
849; 42
850; 48
851; 48
852; 52
853; 0
854; 4
855; 4
856; 10
857; 10
858; 14
859; 14
860; 18
861; 18
862; 22
863; 30
864; 34
865; 34
866; 40
867; 40
868; 44
869; 44
870; 48
871; 48
872; 52
873; 51
874; 55
875; 55
876; 59
877; 59
878; 3
879; 3
880; 7
881; 7
882; 11
883; 6
884; 10
885; 10
886; 14
887; 14
888; 18
889; 18
890; 22
891; 22
892; 26
893; 21
894; 25
895; 25
896; 29
897; 29
898; 33
899; 33
900; 37
901; 37
902; 41
903; 36
904; 40
905; 40
906; 44
907; 44
908; 48
909; 48
910; 52
911; 52
912; 56
913; 34
914; 38
915; 38
916; 42
917; 42
918; 46
919; 46
920; 50
921; 50
922; 54
923; 49
924; 53
925; 53
926; 57
927; 57
928; 1
929; 1
930; 5
931; 5
932; 9
933; 4
934; 8
935; 8
936; 12
937; 12
938; 16
939; 16
940; 20
941; 20
942; 24
943; 19
944; 23
945; 23
946; 27
947; 27
948; 31
949; 31
950; 35
951; 35
952; 39
953; 0
954; 4
955; 4
956; 12
957; 12
958; 19
959; 19
960; 24
961; 24
962; 28
963; 30
964; 34
965; 34
966; 42
967; 42
968; 49
969; 49
970; 54
971; 54
972; 58
973; 0
974; 4
975; 4
976; 9
977; 9
978; 16
979; 16
980; 24
981; 24
982; 28
983; 30
984; 34
985; 34
986; 39
987; 39
988; 46
989; 46
990; 54
991; 54
992; 58
993; 8
994; 13
995; 13
996; 18
997; 18
998; 24
999; 24
1000; 30
1001; 30
1002; 34
1003; 38
1004; 43
1005; 43
1006; 48
1007; 48
1008; 54
1009; 54
1010; 0
1011; 0
1012; 4
1013; 56
1014; 0
1015; 0
1016; 6
1017; 6
1018; 12
1019; 12
1020; 17
1021; 17
1022; 22
1023; 26
1024; 30
1025; 30
1026; 36
1027; 36
1028; 42
1029; 42
1030; 47
1031; 47
1032; 52
1033; 0
1034; 7
1035; 7
1036; 11
1037; 11
1038; 15
1039; 15
1040; 21
1041; 21
1042; 25
1043; 30
1044; 37
1045; 37
1046; 41
1047; 41
1048; 45
1049; 45
1050; 51
1051; 51
1052; 55
1053; 0
1054; 4
1055; 4
1056; 10
1057; 10
1058; 14
1059; 14
1060; 18
1061; 18
1062; 25
1063; 30
1064; 34
1065; 34
1066; 40
1067; 40
1068; 44
1069; 44
1070; 48
1071; 48
1072; 55
1073; 18
1074; 22
1075; 22
1076; 28
1077; 28
1078; 33
1079; 33
1080; 38
1081; 38
1082; 42
1083; 48
1084; 52
1085; 52
1086; 58
1087; 58
1088; 3
1089; 3
1090; 8
1091; 8
1092; 12
1093; 50
1094; 54
1095; 54
1096; 59
1097; 59
1098; 4
1099; 4
1100; 10
1101; 10
1102; 14
1103; 20
1104; 24
1105; 24
1106; 29
1107; 29
1108; 34
1109; 34
1110; 40
1111; 40
1112; 44
1113; 35
1114; 39
1115; 39
1116; 44
1117; 44
1118; 50
1119; 50
1120; 58
1121; 5
1122; 9
1123; 9
1124; 14
1125; 14
1126; 20
1127; 20
1128; 28
1129; 40
1130; 48
1131; 48
1132; 54
1133; 54
1134; 59
1135; 59
1136; 3
1137; 10
1138; 18
1139; 18
1140; 24
1141; 24
1142; 29
1143; 29
1144; 33
1145; 39
1146; 47
1147; 47
1148; 52
1149; 52
1150; 56
1151; 56
1152; 0
1153; 9
1154; 17
1155; 17
1156; 22
1157; 22
1158; 26
1159; 26
1160; 30
1161; 0
1162; 4
1163; 4
1164; 8
1165; 8
1166; 13
1167; 13
1168; 21
1169; 30
1170; 34
1171; 34
1172; 38
1173; 38
1174; 43
1175; 43
1176; 51
1177; 0
1178; 8
1179; 8
1180; 15
1181; 15
1182; 20
1183; 20
1184; 24
1185; 30
1186; 38
1187; 38
1188; 45
1189; 45
1190; 50
1191; 50
1192; 54
1193; 0
1194; 4
1195; 4
1196; 9
1197; 9
1198; 16
1199; 16
1200; 24
1201; 30
1202; 34
1203; 34
1204; 39
1205; 39
1206; 46
1207; 46
1208; 54
1209; 0
1210; 5
1211; 5
1212; 10
1213; 10
1214; 14
1215; 14
1216; 18
1217; 30
1218; 35
1219; 35
1220; 40
1221; 40
1222; 44
1223; 44
1224; 48
1225; 0
1226; 4
1227; 4
1228; 8
1229; 8
1230; 13
1231; 13
1232; 18
1233; 30
1234; 34
1235; 34
1236; 38
1237; 38
1238; 43
1239; 43
1240; 48
1241; 30
1242; 35
1243; 35
1244; 42
1245; 42
1246; 47
1247; 47
1248; 51
1249; 45
1250; 50
1251; 50
1252; 57
1253; 57
1254; 2
1255; 2
1256; 6
1257; 0
1258; 5
1259; 5
1260; 12
1261; 12
1262; 17
1263; 17
1264; 21
1265; 15
1266; 20
1267; 20
1268; 27
1269; 27
1270; 32
1271; 32
1272; 36
1273; 9
1274; 13
1275; 13
1276; 18
1277; 18
1278; 25
1279; 25
1280; 30
1281; 24
1282; 28
1283; 28
1284; 33
1285; 33
1286; 40
1287; 40
1288; 45
1289; 39
1290; 43
1291; 43
1292; 48
1293; 48
1294; 55
1295; 55
1296; 0
1297; 54
1298; 58
1299; 58
1300; 3
1301; 3
1302; 10
1303; 10
1304; 15
1305; 15
1306; 19
1307; 19
1308; 25
1309; 25
1310; 29
1311; 29
1312; 33
1313; 45
1314; 49
1315; 49
1316; 55
1317; 55
1318; 59
1319; 59
1320; 3
1321; 0
1322; 4
1323; 4
1324; 8
1325; 8
1326; 14
1327; 14
1328; 18
1329; 30
1330; 34
1331; 34
1332; 38
1333; 38
1334; 44
1335; 44
1336; 48
1337; 9
1338; 17
1339; 17
1340; 22
1341; 22
1342; 26
1343; 39
1344; 47
1345; 47
1346; 52
1347; 52
1348; 56
1349; 41
1350; 45
1351; 45
1352; 50
1353; 50
1354; 58
1355; 11
1356; 15
1357; 15
1358; 20
1359; 20
1360; 28
1361; 23
1362; 27
1363; 27
1364; 33
1365; 33
1366; 41
1367; 53
1368; 57
1369; 57
1370; 3
1371; 3
1372; 11
1373; 4
1374; 12
1375; 12
1376; 18
1377; 18
1378; 22
1379; 34
1380; 42
1381; 42
1382; 48
1383; 48
1384; 52
1385; 51
1386; 55
1387; 55
1388; 0
1389; 0
1390; 5
1391; 21
1392; 25
1393; 25
1394; 30
1395; 30
1396; 35
1397; 52
1398; 57
1399; 57
1400; 2
1401; 2
1402; 6
1403; 22
1404; 27
1405; 27
1406; 32
1407; 32
1408; 36
1409; 5
1410; 9
1411; 9
1412; 14
1413; 14
1414; 18
1415; 35
1416; 39
1417; 39
1418; 44
1419; 44
1420; 48
1421; 46
1422; 50
1423; 50
1424; 55
1425; 55
1426; 59
1427; 16
1428; 20
1429; 20
1430; 25
1431; 25
1432; 29
1433; 39
1434; 43
1435; 43
1436; 47
1437; 47
1438; 51
1439; 54
1440; 58
1441; 58
1442; 2
1443; 2
1444; 6
1445; 9
1446; 13
1447; 13
1448; 17
1449; 17
1450; 21
1451; 24
1452; 28
1453; 28
1454; 32
1455; 32
1456; 36
1457; 53
1458; 57
1459; 57
1460; 1
1461; 1
1462; 5
1463; 8
1464; 12
1465; 12
1466; 16
1467; 16
1468; 20
1469; 23
1470; 27
1471; 27
1472; 31
1473; 31
1474; 35
1475; 38
1476; 42
1477; 42
1478; 46
1479; 46
1480; 50
1481; 0
1482; 8
1483; 8
1484; 13
1485; 30
1486; 38
1487; 38
1488; 43
1489; 0
1490; 5
1491; 5
1492; 13
1493; 30
1494; 35
1495; 35
1496; 43
1497; 0
1498; 8
1499; 30
1500; 38
1501; 34
1502; 42
1503; 4
1504; 12
1505; 0
1506; 6
1507; 30
1508; 36
1509; 0
1510; 6
1511; 30
1512; 36
1513; 0
1514; 4
1515; 30
1516; 34
1517; 0
1518; 4
1519; 30
1520; 34
1521; 0
1522; 4
1523; 30
1524; 34
1525; 0
1526; 4
1527; 30
1528; 34
1529; 0
1530; 8
1531; 15
1532; 23
1533; 30
1534; 38
1535; 45
1536; 53
1537; 0
1538; 8
1539; 15
1540; 23
1541; 30
1542; 38
1543; 45
1544; 53
1545; 12
1546; 17
1547; 19
1548; 24
1549; 27
1550; 32
1551; 34
1552; 39
1553; 42
1554; 47
1555; 49
1556; 54
1557; 57
1558; 2
1559; 4
1560; 9
1561; 5
1562; 10
1563; 12
1564; 17
1565; 20
1566; 25
1567; 27
1568; 32
1569; 35
1570; 40
1571; 42
1572; 47
1573; 50
1574; 55
1575; 57
1576; 2
1577; 0
1578; 7
1579; 30
1580; 37
1581; 0
1582; 7
1583; 30
1584; 37
1585; 2
1586; 8
1587; 12
1588; 18
1589; 22
1590; 28
1591; 32
1592; 38
1593; 42
1594; 48
1595; 52
1596; 58
1597; 38
1598; 44
1599; 48
1600; 54
1601; 58
1602; 4
1603; 8
1604; 14
1605; 18
1606; 24
1607; 28
1608; 34
1609; 20
1610; 25
1611; 27
1612; 32
1613; 35
1614; 40
1615; 42
1616; 47
1617; 50
1618; 55
1619; 57
1620; 2
1621; 5
1622; 10
1623; 12
1624; 17
1625; 48
1626; 53
1627; 55
1628; 0
1629; 3
1630; 8
1631; 10
1632; 15
1633; 18
1634; 23
1635; 25
1636; 30
1637; 33
1638; 38
1639; 40
1640; 45
1641; 43
1642; 47
1643; 58
1644; 2
1645; 13
1646; 17
1647; 28
1648; 32
1649; 15
1650; 19
1651; 30
1652; 34
1653; 45
1654; 49
1655; 0
1656; 4
