#event-id; time
1; 19
2; 21
3; 21
4; 22
5; 22
6; 30
7; 30
8; 34
9; 34
10; 44
11; 44
12; 48
13; 0
14; 4
15; 4
16; 14
17; 14
18; 18
19; 18
20; 26
21; 26
22; 27
23; 27
24; 29
25; 19
26; 22
27; 22
28; 29
29; 29
30; 37
31; 37
32; 38
33; 38
34; 40
35; 40
36; 46
37; 46
38; 54
39; 54
40; 57
41; 57
42; 2
43; 49
44; 52
45; 52
46; 59
47; 59
48; 7
49; 7
50; 8
51; 8
52; 10
53; 10
54; 16
55; 16
56; 24
57; 24
58; 27
59; 27
60; 32
61; 36
62; 41
63; 41
64; 44
65; 44
66; 52
67; 52
68; 58
69; 58
70; 0
71; 0
72; 1
73; 1
74; 9
75; 9
76; 16
77; 16
78; 19
79; 6
80; 11
81; 11
82; 14
83; 14
84; 22
85; 22
86; 28
87; 28
88; 30
89; 30
90; 31
91; 31
92; 39
93; 39
94; 46
95; 46
96; 49
97; 54
98; 56
99; 56
100; 57
101; 57
102; 8
103; 8
104; 14
105; 14
106; 20
107; 20
108; 27
109; 27
110; 36
111; 24
112; 26
113; 26
114; 27
115; 27
116; 38
117; 38
118; 44
119; 44
120; 50
121; 50
122; 57
123; 57
124; 6
125; 33
126; 42
127; 42
128; 49
129; 49
130; 55
131; 55
132; 1
133; 1
134; 12
135; 12
136; 13
137; 13
138; 15
139; 3
140; 12
141; 12
142; 19
143; 19
144; 25
145; 25
146; 31
147; 31
148; 42
149; 42
150; 43
151; 43
152; 45
153; 2
154; 11
155; 11
156; 14
157; 14
158; 20
159; 20
160; 30
161; 32
162; 41
163; 41
164; 44
165; 44
166; 50
167; 50
168; 0
169; 48
170; 58
171; 58
172; 4
173; 4
174; 7
175; 7
176; 16
177; 18
178; 28
179; 28
180; 34
181; 34
182; 37
183; 37
184; 46
185; 9
186; 11
187; 11
188; 13
189; 13
190; 19
191; 19
192; 28
193; 28
194; 31
195; 31
196; 42
197; 21
198; 23
199; 23
200; 25
201; 25
202; 31
203; 31
204; 40
205; 40
206; 43
207; 43
208; 54
209; 33
210; 35
211; 35
212; 37
213; 37
214; 43
215; 43
216; 52
217; 52
218; 55
219; 55
220; 6
221; 45
222; 47
223; 47
224; 49
225; 49
226; 55
227; 55
228; 4
229; 4
230; 7
231; 7
232; 18
233; 57
234; 59
235; 59
236; 1
237; 1
238; 7
239; 7
240; 16
241; 16
242; 19
243; 19
244; 30
245; 56
246; 7
247; 7
248; 10
249; 10
250; 19
251; 19
252; 25
253; 25
254; 27
255; 27
256; 29
257; 8
258; 19
259; 19
260; 22
261; 22
262; 31
263; 31
264; 37
265; 37
266; 39
267; 39
268; 41
269; 20
270; 31
271; 31
272; 34
273; 34
274; 43
275; 43
276; 49
277; 49
278; 51
279; 51
280; 53
281; 32
282; 43
283; 43
284; 46
285; 46
286; 55
287; 55
288; 1
289; 1
290; 3
291; 3
292; 5
293; 44
294; 55
295; 55
296; 58
297; 58
298; 7
299; 7
300; 13
301; 13
302; 15
303; 15
304; 17
305; 16
306; 23
307; 23
308; 27
309; 27
310; 29
311; 29
312; 31
313; 31
314; 33
315; 33
316; 37
317; 37
318; 40
319; 40
320; 44
321; 44
322; 48
323; 46
324; 53
325; 53
326; 57
327; 57
328; 59
329; 59
330; 1
331; 1
332; 3
333; 3
334; 7
335; 7
336; 10
337; 10
338; 14
339; 14
340; 18
341; 25
342; 29
343; 29
344; 33
345; 33
346; 36
347; 36
348; 40
349; 40
350; 42
351; 42
352; 44
353; 44
354; 46
355; 46
356; 50
357; 50
358; 57
359; 55
360; 59
361; 59
362; 3
363; 3
364; 6
365; 6
366; 10
367; 10
368; 12
369; 12
370; 14
371; 14
372; 16
373; 16
374; 20
375; 20
376; 27
377; 53
378; 56
379; 56
380; 9
381; 9
382; 14
383; 14
384; 16
385; 16
386; 26
387; 3
388; 6
389; 6
390; 19
391; 19
392; 24
393; 24
394; 26
395; 26
396; 36
397; 13
398; 16
399; 16
400; 29
401; 29
402; 34
403; 34
404; 36
405; 36
406; 46
407; 23
408; 26
409; 26
410; 39
411; 39
412; 44
413; 44
414; 46
415; 46
416; 56
417; 33
418; 36
419; 36
420; 49
421; 49
422; 54
423; 54
424; 56
425; 56
426; 6
427; 43
428; 46
429; 46
430; 59
431; 59
432; 4
433; 4
434; 6
435; 6
436; 16
437; 12
438; 22
439; 22
440; 24
441; 24
442; 29
443; 29
444; 42
445; 42
446; 45
447; 22
448; 32
449; 32
450; 34
451; 34
452; 39
453; 39
454; 52
455; 52
456; 55
457; 32
458; 42
459; 42
460; 44
461; 44
462; 49
463; 49
464; 2
465; 2
466; 5
467; 42
468; 52
469; 52
470; 54
471; 54
472; 59
473; 59
474; 12
475; 12
476; 15
477; 52
478; 2
479; 2
480; 4
481; 4
482; 9
483; 9
484; 22
485; 22
486; 25
487; 2
488; 12
489; 12
490; 14
491; 14
492; 19
493; 19
494; 32
495; 32
496; 35
497; 53
498; 56
499; 56
500; 0
501; 0
502; 3
503; 3
504; 5
505; 5
506; 7
507; 7
508; 9
509; 9
510; 12
511; 12
512; 14
513; 14
514; 16
515; 16
516; 19
517; 19
518; 21
519; 21
520; 22
521; 3
522; 6
523; 6
524; 10
525; 10
526; 13
527; 13
528; 15
529; 15
530; 17
531; 17
532; 19
533; 19
534; 22
535; 22
536; 24
537; 24
538; 26
539; 26
540; 29
541; 29
542; 31
543; 31
544; 32
545; 13
546; 16
547; 16
548; 20
549; 20
550; 23
551; 23
552; 25
553; 25
554; 27
555; 27
556; 29
557; 29
558; 32
559; 32
560; 34
561; 34
562; 36
563; 36
564; 39
565; 39
566; 41
567; 41
568; 42
569; 23
570; 26
571; 26
572; 30
573; 30
574; 33
575; 33
576; 35
577; 35
578; 37
579; 37
580; 39
581; 39
582; 42
583; 42
584; 44
585; 44
586; 46
587; 46
588; 49
589; 49
590; 51
591; 51
592; 52
593; 33
594; 36
595; 36
596; 40
597; 40
598; 43
599; 43
600; 45
601; 45
602; 47
603; 47
604; 49
605; 49
606; 52
607; 52
608; 54
609; 54
610; 56
611; 56
612; 59
613; 59
614; 1
615; 1
616; 2
617; 43
618; 46
619; 46
620; 50
621; 50
622; 53
623; 53
624; 55
625; 55
626; 57
627; 57
628; 59
629; 59
630; 2
631; 2
632; 4
633; 4
634; 6
635; 6
636; 9
637; 9
638; 11
639; 11
640; 12
641; 6
642; 7
643; 7
644; 9
645; 9
646; 12
647; 12
648; 14
649; 14
650; 16
651; 16
652; 19
653; 19
654; 21
655; 21
656; 23
657; 23
658; 25
659; 25
660; 28
661; 28
662; 32
663; 32
664; 35
665; 16
666; 17
667; 17
668; 19
669; 19
670; 22
671; 22
672; 24
673; 24
674; 26
675; 26
676; 29
677; 29
678; 31
679; 31
680; 33
681; 33
682; 35
683; 35
684; 38
685; 38
686; 42
687; 42
688; 45
689; 26
690; 27
691; 27
692; 29
693; 29
694; 32
695; 32
696; 34
697; 34
698; 36
699; 36
700; 39
701; 39
702; 41
703; 41
704; 43
705; 43
706; 45
707; 45
708; 48
709; 48
710; 52
711; 52
712; 55
713; 36
714; 37
715; 37
716; 39
717; 39
718; 42
719; 42
720; 44
721; 44
722; 46
723; 46
724; 49
725; 49
726; 51
727; 51
728; 53
729; 53
730; 55
731; 55
732; 58
733; 58
734; 2
735; 2
736; 5
737; 46
738; 47
739; 47
740; 49
741; 49
742; 52
743; 52
744; 54
745; 54
746; 56
747; 56
748; 59
749; 59
750; 1
751; 1
752; 3
753; 3
754; 5
755; 5
756; 8
757; 8
758; 12
759; 12
760; 15
761; 56
762; 57
763; 57
764; 59
765; 59
766; 2
767; 2
768; 4
769; 4
770; 6
771; 6
772; 9
773; 9
774; 11
775; 11
776; 13
777; 13
778; 15
779; 15
780; 18
781; 18
782; 22
783; 22
784; 25
785; 2
786; 5
787; 5
788; 12
789; 12
790; 22
791; 22
792; 25
793; 12
794; 15
795; 15
796; 22
797; 22
798; 32
799; 32
800; 35
801; 22
802; 25
803; 25
804; 32
805; 32
806; 42
807; 42
808; 45
809; 32
810; 35
811; 35
812; 42
813; 42
814; 52
815; 52
816; 55
817; 42
818; 45
819; 45
820; 52
821; 52
822; 2
823; 2
824; 5
825; 52
826; 55
827; 55
828; 2
829; 2
830; 12
831; 12
832; 15
833; 3
834; 6
835; 6
836; 16
837; 16
838; 23
839; 23
840; 26
841; 13
842; 16
843; 16
844; 26
845; 26
846; 33
847; 33
848; 36
849; 23
850; 26
851; 26
852; 36
853; 36
854; 43
855; 43
856; 46
857; 33
858; 36
859; 36
860; 46
861; 46
862; 53
863; 53
864; 56
865; 43
866; 46
867; 46
868; 56
869; 56
870; 3
871; 3
872; 6
873; 53
874; 56
875; 56
876; 6
877; 6
878; 13
879; 13
880; 16
