# line-id; line-code; direction; stop-order; stop-id; frequency; arrival_time; departure_time; line-repetition
1; 1H; >; 1; 5; 1; 19; 19; 1
1; 1H; >; 2; 6; 1; 21; 21; 1
1; 1H; >; 3; 283; 1; 22; 22; 1
1; 1H; >; 4; 17; 1; 30; 30; 1
1; 1H; >; 5; 3; 1; 34; 34; 1
1; 1H; >; 6; 2; 1; 44; 44; 1
1; 1H; >; 7; 8; 1; 48; 48; 1
1; 1R; <; 1; 8; 1; 0; 0; 1
1; 1R; <; 2; 2; 1; 4; 4; 1
1; 1R; <; 3; 3; 1; 14; 14; 1
1; 1R; <; 4; 17; 1; 18; 18; 1
1; 1R; <; 5; 283; 1; 26; 26; 1
1; 1R; <; 6; 6; 1; 27; 27; 1
1; 1R; <; 7; 5; 1; 29; 29; 1
2; 2H; >; 1; 8; 2; 19; 19; 1
2; 2H; >; 2; 7; 2; 22; 22; 1
2; 2H; >; 3; 29; 2; 29; 29; 1
2; 2H; >; 4; 15; 2; 37; 37; 1
2; 2H; >; 5; 16; 2; 38; 38; 1
2; 2H; >; 6; 18; 2; 40; 40; 1
2; 2H; >; 7; 13; 2; 46; 46; 1
2; 2H; >; 8; 31; 2; 54; 54; 1
2; 2H; >; 9; 339; 2; 57; 57; 1
2; 2H; >; 10; 5; 2; 2; 2; 1
2; 2H; >; 1; 8; 2; 49; 49; 2
2; 2H; >; 2; 7; 2; 52; 52; 2
2; 2H; >; 3; 29; 2; 59; 59; 2
2; 2H; >; 4; 15; 2; 7; 7; 2
2; 2H; >; 5; 16; 2; 8; 8; 2
2; 2H; >; 6; 18; 2; 10; 10; 2
2; 2H; >; 7; 13; 2; 16; 16; 2
2; 2H; >; 8; 31; 2; 24; 24; 2
2; 2H; >; 9; 339; 2; 27; 27; 2
2; 2H; >; 10; 5; 2; 32; 32; 2
2; 2R; <; 1; 5; 2; 36; 36; 1
2; 2R; <; 2; 339; 2; 41; 41; 1
2; 2R; <; 3; 31; 2; 44; 44; 1
2; 2R; <; 4; 13; 2; 52; 52; 1
2; 2R; <; 5; 18; 2; 58; 58; 1
2; 2R; <; 6; 16; 2; 0; 0; 1
2; 2R; <; 7; 15; 2; 1; 1; 1
2; 2R; <; 8; 29; 2; 9; 9; 1
2; 2R; <; 9; 7; 2; 16; 16; 1
2; 2R; <; 10; 8; 2; 19; 19; 1
2; 2R; <; 1; 5; 2; 6; 6; 2
2; 2R; <; 2; 339; 2; 11; 11; 2
2; 2R; <; 3; 31; 2; 14; 14; 2
2; 2R; <; 4; 13; 2; 22; 22; 2
2; 2R; <; 5; 18; 2; 28; 28; 2
2; 2R; <; 6; 16; 2; 30; 30; 2
2; 2R; <; 7; 15; 2; 31; 31; 2
2; 2R; <; 8; 29; 2; 39; 39; 2
2; 2R; <; 9; 7; 2; 46; 46; 2
2; 2R; <; 10; 8; 2; 49; 49; 2
3; 3H; >; 1; 5; 2; 54; 54; 1
3; 3H; >; 2; 6; 2; 56; 56; 1
3; 3H; >; 3; 283; 2; 57; 57; 1
3; 3H; >; 4; 27; 2; 8; 8; 1
3; 3H; >; 5; 33; 2; 14; 14; 1
3; 3H; >; 6; 4; 2; 20; 20; 1
3; 3H; >; 7; 32; 2; 27; 27; 1
3; 3H; >; 8; 8; 2; 36; 36; 1
3; 3H; >; 1; 5; 2; 24; 24; 2
3; 3H; >; 2; 6; 2; 26; 26; 2
3; 3H; >; 3; 283; 2; 27; 27; 2
3; 3H; >; 4; 27; 2; 38; 38; 2
3; 3H; >; 5; 33; 2; 44; 44; 2
3; 3H; >; 6; 4; 2; 50; 50; 2
3; 3H; >; 7; 32; 2; 57; 57; 2
3; 3H; >; 8; 8; 2; 6; 6; 2
3; 3R; <; 1; 8; 2; 33; 33; 1
3; 3R; <; 2; 32; 2; 42; 42; 1
3; 3R; <; 3; 4; 2; 49; 49; 1
3; 3R; <; 4; 33; 2; 55; 55; 1
3; 3R; <; 5; 27; 2; 1; 1; 1
3; 3R; <; 6; 283; 2; 12; 12; 1
3; 3R; <; 7; 6; 2; 13; 13; 1
3; 3R; <; 8; 5; 2; 15; 15; 1
3; 3R; <; 1; 8; 2; 3; 3; 2
3; 3R; <; 2; 32; 2; 12; 12; 2
3; 3R; <; 3; 4; 2; 19; 19; 2
3; 3R; <; 4; 33; 2; 25; 25; 2
3; 3R; <; 5; 27; 2; 31; 31; 2
3; 3R; <; 6; 283; 2; 42; 42; 2
3; 3R; <; 7; 6; 2; 43; 43; 2
3; 3R; <; 8; 5; 2; 45; 45; 2
5; 5H; >; 1; 20; 2; 2; 2; 1
5; 5H; >; 2; 50; 2; 11; 11; 1
5; 5H; >; 3; 53; 2; 14; 14; 1
5; 5H; >; 4; 69; 2; 20; 20; 1
5; 5H; >; 5; 8; 2; 30; 30; 1
5; 5H; >; 1; 20; 2; 32; 32; 2
5; 5H; >; 2; 50; 2; 41; 41; 2
5; 5H; >; 3; 53; 2; 44; 44; 2
5; 5H; >; 4; 69; 2; 50; 50; 2
5; 5H; >; 5; 8; 2; 0; 0; 2
5; 5R; <; 1; 8; 2; 48; 48; 1
5; 5R; <; 2; 69; 2; 58; 58; 1
5; 5R; <; 3; 53; 2; 4; 4; 1
5; 5R; <; 4; 50; 2; 7; 7; 1
5; 5R; <; 5; 20; 2; 16; 16; 1
5; 5R; <; 1; 8; 2; 18; 18; 2
5; 5R; <; 2; 69; 2; 28; 28; 2
5; 5R; <; 3; 53; 2; 34; 34; 2
5; 5R; <; 4; 50; 2; 37; 37; 2
5; 5R; <; 5; 20; 2; 46; 46; 2
7; 7H; >; 1; 8; 5; 9; 9; 1
7; 7H; >; 2; 34; 5; 11; 11; 1
7; 7H; >; 3; 9; 5; 13; 13; 1
7; 7H; >; 4; 68; 5; 19; 19; 1
7; 7H; >; 5; 40; 5; 28; 28; 1
7; 7H; >; 6; 11; 5; 31; 31; 1
7; 7H; >; 7; 375; 5; 42; 42; 1
7; 7H; >; 1; 8; 5; 21; 21; 2
7; 7H; >; 2; 34; 5; 23; 23; 2
7; 7H; >; 3; 9; 5; 25; 25; 2
7; 7H; >; 4; 68; 5; 31; 31; 2
7; 7H; >; 5; 40; 5; 40; 40; 2
7; 7H; >; 6; 11; 5; 43; 43; 2
7; 7H; >; 7; 375; 5; 54; 54; 2
7; 7H; >; 1; 8; 5; 33; 33; 3
7; 7H; >; 2; 34; 5; 35; 35; 3
7; 7H; >; 3; 9; 5; 37; 37; 3
7; 7H; >; 4; 68; 5; 43; 43; 3
7; 7H; >; 5; 40; 5; 52; 52; 3
7; 7H; >; 6; 11; 5; 55; 55; 3
7; 7H; >; 7; 375; 5; 6; 6; 3
7; 7H; >; 1; 8; 5; 45; 45; 4
7; 7H; >; 2; 34; 5; 47; 47; 4
7; 7H; >; 3; 9; 5; 49; 49; 4
7; 7H; >; 4; 68; 5; 55; 55; 4
7; 7H; >; 5; 40; 5; 4; 4; 4
7; 7H; >; 6; 11; 5; 7; 7; 4
7; 7H; >; 7; 375; 5; 18; 18; 4
7; 7H; >; 1; 8; 5; 57; 57; 5
7; 7H; >; 2; 34; 5; 59; 59; 5
7; 7H; >; 3; 9; 5; 1; 1; 5
7; 7H; >; 4; 68; 5; 7; 7; 5
7; 7H; >; 5; 40; 5; 16; 16; 5
7; 7H; >; 6; 11; 5; 19; 19; 5
7; 7H; >; 7; 375; 5; 30; 30; 5
7; 7R; <; 1; 375; 5; 56; 56; 1
7; 7R; <; 2; 11; 5; 7; 7; 1
7; 7R; <; 3; 40; 5; 10; 10; 1
7; 7R; <; 4; 68; 5; 19; 19; 1
7; 7R; <; 5; 9; 5; 25; 25; 1
7; 7R; <; 6; 34; 5; 27; 27; 1
7; 7R; <; 7; 8; 5; 29; 29; 1
7; 7R; <; 1; 375; 5; 8; 8; 2
7; 7R; <; 2; 11; 5; 19; 19; 2
7; 7R; <; 3; 40; 5; 22; 22; 2
7; 7R; <; 4; 68; 5; 31; 31; 2
7; 7R; <; 5; 9; 5; 37; 37; 2
7; 7R; <; 6; 34; 5; 39; 39; 2
7; 7R; <; 7; 8; 5; 41; 41; 2
7; 7R; <; 1; 375; 5; 20; 20; 3
7; 7R; <; 2; 11; 5; 31; 31; 3
7; 7R; <; 3; 40; 5; 34; 34; 3
7; 7R; <; 4; 68; 5; 43; 43; 3
7; 7R; <; 5; 9; 5; 49; 49; 3
7; 7R; <; 6; 34; 5; 51; 51; 3
7; 7R; <; 7; 8; 5; 53; 53; 3
7; 7R; <; 1; 375; 5; 32; 32; 4
7; 7R; <; 2; 11; 5; 43; 43; 4
7; 7R; <; 3; 40; 5; 46; 46; 4
7; 7R; <; 4; 68; 5; 55; 55; 4
7; 7R; <; 5; 9; 5; 1; 1; 4
7; 7R; <; 6; 34; 5; 3; 3; 4
7; 7R; <; 7; 8; 5; 5; 5; 4
7; 7R; <; 1; 375; 5; 44; 44; 5
7; 7R; <; 2; 11; 5; 55; 55; 5
7; 7R; <; 3; 40; 5; 58; 58; 5
7; 7R; <; 4; 68; 5; 7; 7; 5
7; 7R; <; 5; 9; 5; 13; 13; 5
7; 7R; <; 6; 34; 5; 15; 15; 5
7; 7R; <; 7; 8; 5; 17; 17; 5
8; 8H; >; 1; 308; 2; 16; 16; 1
8; 8H; >; 2; 14; 2; 23; 23; 1
8; 8H; >; 3; 28; 2; 27; 27; 1
8; 8H; >; 4; 30; 2; 29; 29; 1
8; 8H; >; 5; 24; 2; 31; 31; 1
8; 8H; >; 6; 10; 2; 33; 33; 1
8; 8H; >; 7; 23; 2; 37; 37; 1
8; 8H; >; 8; 26; 2; 40; 40; 1
8; 8H; >; 9; 19; 2; 44; 44; 1
8; 8H; >; 10; 8; 2; 48; 48; 1
8; 8H; >; 1; 308; 2; 46; 46; 2
8; 8H; >; 2; 14; 2; 53; 53; 2
8; 8H; >; 3; 28; 2; 57; 57; 2
8; 8H; >; 4; 30; 2; 59; 59; 2
8; 8H; >; 5; 24; 2; 1; 1; 2
8; 8H; >; 6; 10; 2; 3; 3; 2
8; 8H; >; 7; 23; 2; 7; 7; 2
8; 8H; >; 8; 26; 2; 10; 10; 2
8; 8H; >; 9; 19; 2; 14; 14; 2
8; 8H; >; 10; 8; 2; 18; 18; 2
8; 8R; <; 1; 8; 2; 25; 25; 1
8; 8R; <; 2; 19; 2; 29; 29; 1
8; 8R; <; 3; 26; 2; 33; 33; 1
8; 8R; <; 4; 23; 2; 36; 36; 1
8; 8R; <; 5; 10; 2; 40; 40; 1
8; 8R; <; 6; 24; 2; 42; 42; 1
8; 8R; <; 7; 30; 2; 44; 44; 1
8; 8R; <; 8; 28; 2; 46; 46; 1
8; 8R; <; 9; 14; 2; 50; 50; 1
8; 8R; <; 10; 308; 2; 57; 57; 1
8; 8R; <; 1; 8; 2; 55; 55; 2
8; 8R; <; 2; 19; 2; 59; 59; 2
8; 8R; <; 3; 26; 2; 3; 3; 2
8; 8R; <; 4; 23; 2; 6; 6; 2
8; 8R; <; 5; 10; 2; 10; 10; 2
8; 8R; <; 6; 24; 2; 12; 12; 2
8; 8R; <; 7; 30; 2; 14; 14; 2
8; 8R; <; 8; 28; 2; 16; 16; 2
8; 8R; <; 9; 14; 2; 20; 20; 2
8; 8R; <; 10; 308; 2; 27; 27; 2
