# line-id; line-code; direction; stop-order; stop-id; frequency; arrival_time; departure_time; line-repetition
1; 1H; >; 1; 51; 2; 0; 0; 1
1; 1H; >; 2; 41; 2; 5; 5; 1
1; 1H; >; 3; 31; 2; 10; 10; 1
1; 1H; >; 4; 30; 2; 12; 12; 1
1; 1H; >; 5; 29; 2; 14; 14; 1
1; 1H; >; 6; 28; 2; 16; 16; 1
1; 1H; >; 7; 27; 2; 18; 18; 1
1; 1H; >; 8; 26; 2; 20; 20; 1
1; 1H; >; 9; 36; 2; 23; 23; 1
1; 1H; >; 10; 37; 2; 25; 25; 1
1; 1H; >; 11; 38; 2; 27; 27; 1
1; 1H; >; 12; 39; 2; 29; 29; 1
1; 1H; >; 13; 40; 2; 32; 32; 1
1; 1H; >; 1; 51; 2; 30; 30; 2
1; 1H; >; 2; 41; 2; 35; 35; 2
1; 1H; >; 3; 31; 2; 40; 40; 2
1; 1H; >; 4; 30; 2; 42; 42; 2
1; 1H; >; 5; 29; 2; 44; 44; 2
1; 1H; >; 6; 28; 2; 46; 46; 2
1; 1H; >; 7; 27; 2; 48; 48; 2
1; 1H; >; 8; 26; 2; 50; 50; 2
1; 1H; >; 9; 36; 2; 53; 53; 2
1; 1H; >; 10; 37; 2; 55; 55; 2
1; 1H; >; 11; 38; 2; 57; 57; 2
1; 1H; >; 12; 39; 2; 59; 59; 2
1; 1H; >; 13; 40; 2; 1; 1; 2
1; 1R; <; 1; 40; 2; 13; 13; 1
1; 1R; <; 2; 39; 2; 15; 15; 1
1; 1R; <; 3; 38; 2; 17; 17; 1
1; 1R; <; 4; 37; 2; 19; 19; 1
1; 1R; <; 5; 36; 2; 21; 21; 1
1; 1R; <; 6; 26; 2; 24; 27; 1
1; 1R; <; 7; 27; 2; 30; 33; 1
1; 1R; <; 8; 28; 2; 36; 39; 1
1; 1R; <; 9; 29; 2; 42; 45; 1
1; 1R; <; 10; 30; 2; 48; 51; 1
1; 1R; <; 11; 31; 2; 54; 57; 1
1; 1R; <; 12; 41; 2; 4; 7; 1
1; 1R; <; 13; 51; 2; 14; 14; 1
1; 1R; <; 1; 40; 2; 43; 43; 2
1; 1R; <; 2; 39; 2; 45; 45; 2
1; 1R; <; 3; 38; 2; 47; 47; 2
1; 1R; <; 4; 37; 2; 49; 49; 2
1; 1R; <; 5; 36; 2; 51; 51; 2
1; 1R; <; 6; 26; 2; 55; 57; 2
1; 1R; <; 7; 27; 2; 60; 3; 2
1; 1R; <; 8; 28; 2; 6; 9; 2
1; 1R; <; 9; 29; 2; 12; 15; 2
1; 1R; <; 10; 30; 2; 18; 21; 2
1; 1R; <; 11; 31; 2; 24; 27; 2
1; 1R; <; 12; 41; 2; 34; 37; 2
1; 1R; <; 13; 51; 2; 44; 44; 2
2; 2H; >; 1; 151; 4; 54; 54; 1
2; 2H; >; 2; 150; 4; 56; 56; 1
2; 2H; >; 3; 149; 4; 58; 58; 1
2; 2H; >; 4; 148; 4; 0; 0; 1
2; 2H; >; 5; 147; 4; 2; 2; 1
2; 2H; >; 6; 146; 4; 4; 4; 1
2; 2H; >; 7; 136; 4; 7; 7; 1
2; 2H; >; 8; 126; 4; 10; 10; 1
2; 2H; >; 9; 127; 4; 12; 12; 1
2; 2H; >; 10; 128; 4; 14; 14; 1
2; 2H; >; 11; 129; 4; 17; 19; 1
2; 2H; >; 12; 130; 4; 22; 25; 1
2; 2H; >; 13; 131; 4; 28; 28; 1
2; 2H; >; 1; 151; 4; 9; 9; 2
2; 2H; >; 2; 150; 4; 11; 11; 2
2; 2H; >; 3; 149; 4; 13; 13; 2
2; 2H; >; 4; 148; 4; 15; 15; 2
2; 2H; >; 5; 147; 4; 17; 17; 2
2; 2H; >; 6; 146; 4; 19; 19; 2
2; 2H; >; 7; 136; 4; 22; 22; 2
2; 2H; >; 8; 126; 4; 25; 25; 2
2; 2H; >; 9; 127; 4; 27; 27; 2
2; 2H; >; 10; 128; 4; 29; 29; 2
2; 2H; >; 11; 129; 4; 31; 34; 2
2; 2H; >; 12; 130; 4; 37; 40; 2
2; 2H; >; 13; 131; 4; 43; 43; 2
2; 2H; >; 1; 151; 4; 24; 24; 3
2; 2H; >; 2; 150; 4; 26; 26; 3
2; 2H; >; 3; 149; 4; 28; 28; 3
2; 2H; >; 4; 148; 4; 30; 30; 3
2; 2H; >; 5; 147; 4; 32; 32; 3
2; 2H; >; 6; 146; 4; 34; 34; 3
2; 2H; >; 7; 136; 4; 37; 37; 3
2; 2H; >; 8; 126; 4; 40; 40; 3
2; 2H; >; 9; 127; 4; 42; 42; 3
2; 2H; >; 10; 128; 4; 44; 44; 3
2; 2H; >; 11; 129; 4; 47; 49; 3
2; 2H; >; 12; 130; 4; 52; 55; 3
2; 2H; >; 13; 131; 4; 58; 58; 3
2; 2H; >; 1; 151; 4; 39; 39; 4
2; 2H; >; 2; 150; 4; 41; 41; 4
2; 2H; >; 3; 149; 4; 43; 43; 4
2; 2H; >; 4; 148; 4; 45; 45; 4
2; 2H; >; 5; 147; 4; 47; 47; 4
2; 2H; >; 6; 146; 4; 49; 49; 4
2; 2H; >; 7; 136; 4; 52; 52; 4
2; 2H; >; 8; 126; 4; 55; 55; 4
2; 2H; >; 9; 127; 4; 57; 57; 4
2; 2H; >; 10; 128; 4; 59; 59; 4
2; 2H; >; 11; 129; 4; 1; 4; 4
2; 2H; >; 12; 130; 4; 7; 10; 4
2; 2H; >; 13; 131; 4; 13; 13; 4
2; 2R; <; 1; 131; 4; 56; 56; 1
2; 2R; <; 2; 130; 4; 58; 58; 1
2; 2R; <; 3; 129; 4; 0; 0; 1
2; 2R; <; 4; 128; 4; 2; 2; 1
2; 2R; <; 5; 127; 4; 4; 4; 1
2; 2R; <; 6; 126; 4; 6; 6; 1
2; 2R; <; 7; 136; 4; 9; 9; 1
2; 2R; <; 8; 146; 4; 12; 12; 1
2; 2R; <; 9; 147; 4; 14; 14; 1
2; 2R; <; 10; 148; 4; 16; 16; 1
2; 2R; <; 11; 149; 4; 18; 18; 1
2; 2R; <; 12; 150; 4; 20; 20; 1
2; 2R; <; 13; 151; 4; 22; 22; 1
2; 2R; <; 1; 131; 4; 11; 11; 2
2; 2R; <; 2; 130; 4; 13; 13; 2
2; 2R; <; 3; 129; 4; 15; 15; 2
2; 2R; <; 4; 128; 4; 17; 17; 2
2; 2R; <; 5; 127; 4; 19; 19; 2
2; 2R; <; 6; 126; 4; 21; 21; 2
2; 2R; <; 7; 136; 4; 24; 24; 2
2; 2R; <; 8; 146; 4; 27; 27; 2
2; 2R; <; 9; 147; 4; 29; 29; 2
2; 2R; <; 10; 148; 4; 31; 31; 2
2; 2R; <; 11; 149; 4; 33; 33; 2
2; 2R; <; 12; 150; 4; 35; 35; 2
2; 2R; <; 13; 151; 4; 37; 37; 2
2; 2R; <; 1; 131; 4; 26; 26; 3
2; 2R; <; 2; 130; 4; 28; 28; 3
2; 2R; <; 3; 129; 4; 30; 30; 3
2; 2R; <; 4; 128; 4; 32; 32; 3
2; 2R; <; 5; 127; 4; 34; 34; 3
2; 2R; <; 6; 126; 4; 36; 36; 3
2; 2R; <; 7; 136; 4; 39; 39; 3
2; 2R; <; 8; 146; 4; 42; 42; 3
2; 2R; <; 9; 147; 4; 44; 44; 3
2; 2R; <; 10; 148; 4; 46; 46; 3
2; 2R; <; 11; 149; 4; 48; 48; 3
2; 2R; <; 12; 150; 4; 50; 50; 3
2; 2R; <; 13; 151; 4; 52; 52; 3
2; 2R; <; 1; 131; 4; 41; 41; 4
2; 2R; <; 2; 130; 4; 43; 43; 4
2; 2R; <; 3; 129; 4; 45; 45; 4
2; 2R; <; 4; 128; 4; 47; 47; 4
2; 2R; <; 5; 127; 4; 49; 49; 4
2; 2R; <; 6; 126; 4; 51; 51; 4
2; 2R; <; 7; 136; 4; 54; 54; 4
2; 2R; <; 8; 146; 4; 57; 57; 4
2; 2R; <; 9; 147; 4; 59; 59; 4
2; 2R; <; 10; 148; 4; 1; 1; 4
2; 2R; <; 11; 149; 4; 3; 3; 4
2; 2R; <; 12; 150; 4; 5; 5; 4
2; 2R; <; 13; 151; 4; 7; 7; 4
3; 3H; >; 1; 161; 2; 15; 15; 1
3; 3H; >; 2; 160; 2; 17; 17; 1
3; 3H; >; 3; 159; 2; 19; 19; 1
3; 3H; >; 4; 158; 2; 21; 21; 1
3; 3H; >; 5; 157; 2; 23; 23; 1
3; 3H; >; 6; 156; 2; 25; 25; 1
3; 3H; >; 7; 6; 2; 28; 28; 1
3; 3H; >; 8; 5; 2; 30; 30; 1
3; 3H; >; 9; 4; 2; 32; 32; 1
3; 3H; >; 10; 3; 2; 34; 34; 1
3; 3H; >; 11; 2; 2; 36; 36; 1
3; 3H; >; 12; 1; 2; 39; 39; 1
3; 3H; >; 1; 161; 2; 45; 45; 2
3; 3H; >; 2; 160; 2; 47; 47; 2
3; 3H; >; 3; 159; 2; 49; 49; 2
3; 3H; >; 4; 158; 2; 51; 51; 2
3; 3H; >; 5; 157; 2; 53; 53; 2
3; 3H; >; 6; 156; 2; 55; 55; 2
3; 3H; >; 7; 6; 2; 58; 58; 2
3; 3H; >; 8; 5; 2; 60; 60; 2
3; 3H; >; 9; 4; 2; 2; 2; 2
3; 3H; >; 10; 3; 2; 4; 4; 2
3; 3H; >; 11; 2; 2; 6; 6; 2
3; 3H; >; 12; 1; 2; 8; 8; 2
3; 3R; <; 1; 1; 2; 8; 8; 1
3; 3R; <; 2; 2; 2; 10; 10; 1
3; 3R; <; 3; 3; 2; 12; 12; 1
3; 3R; <; 4; 4; 2; 14; 14; 1
3; 3R; <; 5; 5; 2; 16; 16; 1
3; 3R; <; 6; 6; 2; 18; 18; 1
3; 3R; <; 7; 156; 2; 21; 21; 1
3; 3R; <; 8; 157; 2; 23; 23; 1
3; 3R; <; 9; 158; 2; 25; 25; 1
3; 3R; <; 10; 159; 2; 27; 27; 1
3; 3R; <; 11; 160; 2; 29; 29; 1
3; 3R; <; 12; 161; 2; 31; 31; 1
3; 3R; <; 1; 1; 2; 38; 38; 2
3; 3R; <; 2; 2; 2; 40; 40; 2
3; 3R; <; 3; 3; 2; 42; 42; 2
3; 3R; <; 4; 4; 2; 44; 44; 2
3; 3R; <; 5; 5; 2; 46; 46; 2
3; 3R; <; 6; 6; 2; 48; 48; 2
3; 3R; <; 7; 156; 2; 51; 51; 2
3; 3R; <; 8; 157; 2; 53; 53; 2
3; 3R; <; 9; 158; 2; 55; 55; 2
3; 3R; <; 10; 159; 2; 57; 57; 2
3; 3R; <; 11; 160; 2; 59; 59; 2
3; 3R; <; 12; 161; 2; 1; 1; 2
4; 4H; >; 1; 161; 2; 14; 14; 1
4; 4H; >; 2; 160; 2; 16; 16; 1
4; 4H; >; 3; 159; 2; 18; 18; 1
4; 4H; >; 4; 158; 2; 20; 20; 1
4; 4H; >; 5; 157; 2; 22; 22; 1
4; 4H; >; 6; 156; 2; 24; 24; 1
4; 4H; >; 7; 146; 2; 27; 27; 1
4; 4H; >; 8; 147; 2; 29; 29; 1
4; 4H; >; 9; 148; 2; 31; 31; 1
4; 4H; >; 10; 149; 2; 33; 33; 1
4; 4H; >; 11; 150; 2; 35; 35; 1
4; 4H; >; 12; 151; 2; 37; 37; 1
4; 4H; >; 1; 161; 2; 44; 44; 2
4; 4H; >; 2; 160; 2; 46; 46; 2
4; 4H; >; 3; 159; 2; 48; 48; 2
4; 4H; >; 4; 158; 2; 50; 50; 2
4; 4H; >; 5; 157; 2; 52; 52; 2
4; 4H; >; 6; 156; 2; 54; 54; 2
4; 4H; >; 7; 146; 2; 57; 57; 2
4; 4H; >; 8; 147; 2; 59; 59; 2
4; 4H; >; 9; 148; 2; 1; 1; 2
4; 4H; >; 10; 149; 2; 3; 3; 2
4; 4H; >; 11; 150; 2; 5; 5; 2
4; 4H; >; 12; 151; 2; 7; 7; 2
4; 4R; <; 1; 151; 2; 20; 20; 1
4; 4R; <; 2; 150; 2; 22; 22; 1
4; 4R; <; 3; 149; 2; 24; 24; 1
4; 4R; <; 4; 148; 2; 26; 26; 1
4; 4R; <; 5; 147; 2; 28; 28; 1
4; 4R; <; 6; 146; 2; 30; 30; 1
4; 4R; <; 7; 156; 2; 33; 33; 1
4; 4R; <; 8; 157; 2; 35; 35; 1
4; 4R; <; 9; 158; 2; 37; 37; 1
4; 4R; <; 10; 159; 2; 39; 39; 1
4; 4R; <; 11; 160; 2; 41; 41; 1
4; 4R; <; 12; 161; 2; 43; 43; 1
4; 4R; <; 1; 151; 2; 50; 50; 2
4; 4R; <; 2; 150; 2; 52; 52; 2
4; 4R; <; 3; 149; 2; 54; 54; 2
4; 4R; <; 4; 148; 2; 56; 56; 2
4; 4R; <; 5; 147; 2; 58; 58; 2
4; 4R; <; 6; 146; 2; 60; 60; 2
4; 4R; <; 7; 156; 2; 3; 3; 2
4; 4R; <; 8; 157; 2; 5; 5; 2
4; 4R; <; 9; 158; 2; 7; 7; 2
4; 4R; <; 10; 159; 2; 9; 9; 2
4; 4R; <; 11; 160; 2; 11; 11; 2
4; 4R; <; 12; 161; 2; 13; 13; 2
5; 5H; >; 1; 161; 2; 48; 48; 1
5; 5H; >; 2; 160; 2; 50; 50; 1
5; 5H; >; 3; 159; 2; 52; 52; 1
5; 5H; >; 4; 158; 2; 54; 54; 1
5; 5H; >; 5; 157; 2; 56; 56; 1
5; 5H; >; 6; 156; 2; 58; 58; 1
5; 5H; >; 7; 155; 2; 0; 0; 1
5; 5H; >; 8; 154; 2; 2; 2; 1
5; 5H; >; 9; 153; 2; 4; 4; 1
5; 5H; >; 10; 152; 2; 6; 6; 1
5; 5H; >; 11; 1; 2; 8; 8; 1
5; 5H; >; 12; 92; 2; 10; 10; 1
5; 5H; >; 1; 161; 2; 18; 18; 2
5; 5H; >; 2; 160; 2; 20; 20; 2
5; 5H; >; 3; 159; 2; 22; 22; 2
5; 5H; >; 4; 158; 2; 24; 24; 2
5; 5H; >; 5; 157; 2; 26; 26; 2
5; 5H; >; 6; 156; 2; 28; 28; 2
5; 5H; >; 7; 155; 2; 30; 30; 2
5; 5H; >; 8; 154; 2; 32; 32; 2
5; 5H; >; 9; 153; 2; 34; 34; 2
5; 5H; >; 10; 152; 2; 36; 36; 2
5; 5H; >; 11; 1; 2; 38; 38; 2
5; 5H; >; 12; 92; 2; 41; 41; 2
5; 5R; <; 1; 92; 2; 39; 39; 1
5; 5R; <; 2; 1; 2; 41; 41; 1
5; 5R; <; 3; 152; 2; 43; 43; 1
5; 5R; <; 4; 153; 2; 45; 45; 1
5; 5R; <; 5; 154; 2; 47; 47; 1
5; 5R; <; 6; 155; 2; 49; 49; 1
5; 5R; <; 7; 156; 2; 51; 51; 1
5; 5R; <; 8; 157; 2; 53; 53; 1
5; 5R; <; 9; 158; 2; 55; 55; 1
5; 5R; <; 10; 159; 2; 57; 57; 1
5; 5R; <; 11; 160; 2; 59; 59; 1
5; 5R; <; 12; 161; 2; 1; 1; 1
5; 5R; <; 1; 92; 2; 9; 9; 2
5; 5R; <; 2; 1; 2; 11; 11; 2
5; 5R; <; 3; 152; 2; 13; 13; 2
5; 5R; <; 4; 153; 2; 15; 15; 2
5; 5R; <; 5; 154; 2; 17; 17; 2
5; 5R; <; 6; 155; 2; 19; 19; 2
5; 5R; <; 7; 156; 2; 21; 21; 2
5; 5R; <; 8; 157; 2; 23; 23; 2
5; 5R; <; 9; 158; 2; 25; 25; 2
5; 5R; <; 10; 159; 2; 27; 27; 2
5; 5R; <; 11; 160; 2; 29; 29; 2
5; 5R; <; 12; 161; 2; 31; 31; 2
6; 6H; >; 1; 151; 4; 57; 57; 1
6; 6H; >; 2; 150; 4; 59; 59; 1
6; 6H; >; 3; 149; 4; 1; 1; 1
6; 6H; >; 4; 148; 4; 3; 3; 1
6; 6H; >; 5; 147; 4; 5; 5; 1
6; 6H; >; 6; 146; 4; 7; 7; 1
6; 6H; >; 7; 136; 4; 11; 13; 1
6; 6H; >; 8; 137; 4; 16; 19; 1
6; 6H; >; 9; 138; 4; 22; 25; 1
6; 6H; >; 10; 139; 4; 28; 31; 1
6; 6H; >; 11; 140; 4; 34; 37; 1
6; 6H; >; 12; 141; 4; 40; 40; 1
6; 6H; >; 1; 151; 4; 12; 12; 2
6; 6H; >; 2; 150; 4; 14; 14; 2
6; 6H; >; 3; 149; 4; 16; 16; 2
6; 6H; >; 4; 148; 4; 18; 18; 2
6; 6H; >; 5; 147; 4; 20; 20; 2
6; 6H; >; 6; 146; 4; 22; 22; 2
6; 6H; >; 7; 136; 4; 26; 28; 2
6; 6H; >; 8; 137; 4; 31; 34; 2
6; 6H; >; 9; 138; 4; 37; 40; 2
6; 6H; >; 10; 139; 4; 43; 46; 2
6; 6H; >; 11; 140; 4; 49; 52; 2
6; 6H; >; 12; 141; 4; 55; 55; 2
6; 6H; >; 1; 151; 4; 27; 27; 3
6; 6H; >; 2; 150; 4; 29; 29; 3
6; 6H; >; 3; 149; 4; 31; 31; 3
6; 6H; >; 4; 148; 4; 33; 33; 3
6; 6H; >; 5; 147; 4; 35; 35; 3
6; 6H; >; 6; 146; 4; 37; 37; 3
6; 6H; >; 7; 136; 4; 40; 43; 3
6; 6H; >; 8; 137; 4; 46; 49; 3
6; 6H; >; 9; 138; 4; 52; 55; 3
6; 6H; >; 10; 139; 4; 58; 1; 3
6; 6H; >; 11; 140; 4; 4; 7; 3
6; 6H; >; 12; 141; 4; 10; 10; 3
6; 6H; >; 1; 151; 4; 42; 42; 4
6; 6H; >; 2; 150; 4; 44; 44; 4
6; 6H; >; 3; 149; 4; 46; 46; 4
6; 6H; >; 4; 148; 4; 48; 48; 4
6; 6H; >; 5; 147; 4; 50; 50; 4
6; 6H; >; 6; 146; 4; 52; 52; 4
6; 6H; >; 7; 136; 4; 55; 58; 4
6; 6H; >; 8; 137; 4; 1; 4; 4
6; 6H; >; 9; 138; 4; 7; 10; 4
6; 6H; >; 10; 139; 4; 13; 16; 4
6; 6H; >; 11; 140; 4; 19; 22; 4
6; 6H; >; 12; 141; 4; 25; 25; 4
6; 6R; <; 1; 141; 4; 44; 44; 1
6; 6R; <; 2; 140; 4; 46; 46; 1
6; 6R; <; 3; 139; 4; 48; 48; 1
6; 6R; <; 4; 138; 4; 50; 50; 1
6; 6R; <; 5; 137; 4; 52; 52; 1
6; 6R; <; 6; 136; 4; 54; 54; 1
6; 6R; <; 7; 146; 4; 57; 57; 1
6; 6R; <; 8; 147; 4; 59; 59; 1
6; 6R; <; 9; 148; 4; 1; 1; 1
6; 6R; <; 10; 149; 4; 3; 3; 1
6; 6R; <; 11; 150; 4; 5; 5; 1
6; 6R; <; 12; 151; 4; 8; 8; 1
6; 6R; <; 1; 141; 4; 59; 59; 2
6; 6R; <; 2; 140; 4; 1; 1; 2
6; 6R; <; 3; 139; 4; 3; 3; 2
6; 6R; <; 4; 138; 4; 5; 5; 2
6; 6R; <; 5; 137; 4; 7; 7; 2
6; 6R; <; 6; 136; 4; 9; 9; 2
6; 6R; <; 7; 146; 4; 12; 12; 2
6; 6R; <; 8; 147; 4; 14; 14; 2
6; 6R; <; 9; 148; 4; 16; 16; 2
6; 6R; <; 10; 149; 4; 18; 18; 2
6; 6R; <; 11; 150; 4; 20; 20; 2
6; 6R; <; 12; 151; 4; 22; 22; 2
6; 6R; <; 1; 141; 4; 14; 14; 3
6; 6R; <; 2; 140; 4; 16; 16; 3
6; 6R; <; 3; 139; 4; 18; 18; 3
6; 6R; <; 4; 138; 4; 20; 20; 3
6; 6R; <; 5; 137; 4; 22; 22; 3
6; 6R; <; 6; 136; 4; 24; 24; 3
6; 6R; <; 7; 146; 4; 27; 27; 3
6; 6R; <; 8; 147; 4; 29; 29; 3
6; 6R; <; 9; 148; 4; 31; 31; 3
6; 6R; <; 10; 149; 4; 33; 33; 3
6; 6R; <; 11; 150; 4; 35; 35; 3
6; 6R; <; 12; 151; 4; 38; 38; 3
6; 6R; <; 1; 141; 4; 29; 29; 4
6; 6R; <; 2; 140; 4; 31; 31; 4
6; 6R; <; 3; 139; 4; 33; 33; 4
6; 6R; <; 4; 138; 4; 35; 35; 4
6; 6R; <; 5; 137; 4; 37; 37; 4
6; 6R; <; 6; 136; 4; 39; 39; 4
6; 6R; <; 7; 146; 4; 42; 42; 4
6; 6R; <; 8; 147; 4; 44; 44; 4
6; 6R; <; 9; 148; 4; 46; 46; 4
6; 6R; <; 10; 149; 4; 48; 48; 4
6; 6R; <; 11; 150; 4; 50; 50; 4
6; 6R; <; 12; 151; 4; 53; 53; 4
7; 7H; >; 1; 151; 2; 48; 48; 1
7; 7H; >; 2; 150; 2; 50; 50; 1
7; 7H; >; 3; 149; 2; 52; 52; 1
7; 7H; >; 4; 148; 2; 54; 54; 1
7; 7H; >; 5; 147; 2; 56; 56; 1
7; 7H; >; 6; 146; 2; 58; 58; 1
7; 7H; >; 7; 145; 2; 0; 0; 1
7; 7H; >; 8; 144; 2; 2; 2; 1
7; 7H; >; 9; 143; 2; 4; 4; 1
7; 7H; >; 10; 142; 2; 6; 6; 1
7; 7H; >; 11; 1; 2; 8; 8; 1
7; 7H; >; 12; 92; 2; 11; 11; 1
7; 7H; >; 1; 151; 2; 18; 18; 2
7; 7H; >; 2; 150; 2; 20; 20; 2
7; 7H; >; 3; 149; 2; 22; 22; 2
7; 7H; >; 4; 148; 2; 24; 24; 2
7; 7H; >; 5; 147; 2; 26; 26; 2
7; 7H; >; 6; 146; 2; 28; 28; 2
7; 7H; >; 7; 145; 2; 30; 30; 2
7; 7H; >; 8; 144; 2; 32; 32; 2
7; 7H; >; 9; 143; 2; 34; 34; 2
7; 7H; >; 10; 142; 2; 36; 36; 2
7; 7H; >; 11; 1; 2; 38; 38; 2
7; 7H; >; 12; 92; 2; 40; 40; 2
7; 7R; <; 1; 92; 2; 9; 9; 1
7; 7R; <; 2; 1; 2; 11; 11; 1
7; 7R; <; 3; 142; 2; 13; 13; 1
7; 7R; <; 4; 143; 2; 15; 15; 1
7; 7R; <; 5; 144; 2; 17; 17; 1
7; 7R; <; 6; 145; 2; 19; 19; 1
7; 7R; <; 7; 146; 2; 21; 21; 1
7; 7R; <; 8; 147; 2; 23; 23; 1
7; 7R; <; 9; 148; 2; 25; 25; 1
7; 7R; <; 10; 149; 2; 27; 27; 1
7; 7R; <; 11; 150; 2; 29; 29; 1
7; 7R; <; 12; 151; 2; 31; 31; 1
7; 7R; <; 1; 92; 2; 39; 39; 2
7; 7R; <; 2; 1; 2; 41; 41; 2
7; 7R; <; 3; 142; 2; 43; 43; 2
7; 7R; <; 4; 143; 2; 45; 45; 2
7; 7R; <; 5; 144; 2; 47; 47; 2
7; 7R; <; 6; 145; 2; 49; 49; 2
7; 7R; <; 7; 146; 2; 51; 51; 2
7; 7R; <; 8; 147; 2; 53; 53; 2
7; 7R; <; 9; 148; 2; 55; 55; 2
7; 7R; <; 10; 149; 2; 57; 57; 2
7; 7R; <; 11; 150; 2; 59; 59; 2
7; 7R; <; 12; 151; 2; 1; 1; 2
8; 8H; >; 1; 141; 4; 53; 53; 1
8; 8H; >; 2; 140; 4; 55; 55; 1
8; 8H; >; 3; 139; 4; 57; 57; 1
8; 8H; >; 4; 138; 4; 59; 59; 1
8; 8H; >; 5; 137; 4; 1; 1; 1
8; 8H; >; 6; 136; 4; 3; 3; 1
8; 8H; >; 7; 126; 4; 6; 6; 1
8; 8H; >; 8; 127; 4; 8; 8; 1
8; 8H; >; 9; 128; 4; 10; 10; 1
8; 8H; >; 10; 129; 4; 12; 12; 1
8; 8H; >; 11; 130; 4; 14; 14; 1
8; 8H; >; 12; 131; 4; 17; 17; 1
8; 8H; >; 1; 141; 4; 8; 8; 2
8; 8H; >; 2; 140; 4; 10; 10; 2
8; 8H; >; 3; 139; 4; 12; 12; 2
8; 8H; >; 4; 138; 4; 14; 14; 2
8; 8H; >; 5; 137; 4; 16; 16; 2
8; 8H; >; 6; 136; 4; 18; 18; 2
8; 8H; >; 7; 126; 4; 21; 21; 2
8; 8H; >; 8; 127; 4; 23; 23; 2
8; 8H; >; 9; 128; 4; 25; 25; 2
8; 8H; >; 10; 129; 4; 27; 27; 2
8; 8H; >; 11; 130; 4; 29; 29; 2
8; 8H; >; 12; 131; 4; 32; 32; 2
8; 8H; >; 1; 141; 4; 23; 23; 3
8; 8H; >; 2; 140; 4; 25; 25; 3
8; 8H; >; 3; 139; 4; 27; 27; 3
8; 8H; >; 4; 138; 4; 29; 29; 3
8; 8H; >; 5; 137; 4; 31; 31; 3
8; 8H; >; 6; 136; 4; 33; 33; 3
8; 8H; >; 7; 126; 4; 36; 36; 3
8; 8H; >; 8; 127; 4; 38; 38; 3
8; 8H; >; 9; 128; 4; 40; 40; 3
8; 8H; >; 10; 129; 4; 42; 42; 3
8; 8H; >; 11; 130; 4; 44; 44; 3
8; 8H; >; 12; 131; 4; 47; 47; 3
8; 8H; >; 1; 141; 4; 38; 38; 4
8; 8H; >; 2; 140; 4; 40; 40; 4
8; 8H; >; 3; 139; 4; 42; 42; 4
8; 8H; >; 4; 138; 4; 44; 44; 4
8; 8H; >; 5; 137; 4; 46; 46; 4
8; 8H; >; 6; 136; 4; 48; 48; 4
8; 8H; >; 7; 126; 4; 51; 51; 4
8; 8H; >; 8; 127; 4; 53; 53; 4
8; 8H; >; 9; 128; 4; 55; 55; 4
8; 8H; >; 10; 129; 4; 57; 57; 4
8; 8H; >; 11; 130; 4; 59; 59; 4
8; 8H; >; 12; 131; 4; 1; 1; 4
8; 8R; <; 1; 131; 4; 53; 53; 1
8; 8R; <; 2; 130; 4; 55; 55; 1
8; 8R; <; 3; 129; 4; 57; 57; 1
8; 8R; <; 4; 128; 4; 59; 59; 1
8; 8R; <; 5; 127; 4; 1; 1; 1
8; 8R; <; 6; 126; 4; 3; 3; 1
8; 8R; <; 7; 136; 4; 6; 6; 1
8; 8R; <; 8; 137; 4; 8; 8; 1
8; 8R; <; 9; 138; 4; 10; 10; 1
8; 8R; <; 10; 139; 4; 12; 12; 1
8; 8R; <; 11; 140; 4; 14; 14; 1
8; 8R; <; 12; 141; 4; 17; 17; 1
8; 8R; <; 1; 131; 4; 8; 8; 2
8; 8R; <; 2; 130; 4; 10; 10; 2
8; 8R; <; 3; 129; 4; 12; 12; 2
8; 8R; <; 4; 128; 4; 14; 14; 2
8; 8R; <; 5; 127; 4; 16; 16; 2
8; 8R; <; 6; 126; 4; 18; 18; 2
8; 8R; <; 7; 136; 4; 21; 21; 2
8; 8R; <; 8; 137; 4; 23; 23; 2
8; 8R; <; 9; 138; 4; 25; 25; 2
8; 8R; <; 10; 139; 4; 27; 27; 2
8; 8R; <; 11; 140; 4; 29; 29; 2
8; 8R; <; 12; 141; 4; 32; 32; 2
8; 8R; <; 1; 131; 4; 23; 23; 3
8; 8R; <; 2; 130; 4; 25; 25; 3
8; 8R; <; 3; 129; 4; 27; 27; 3
8; 8R; <; 4; 128; 4; 29; 29; 3
8; 8R; <; 5; 127; 4; 31; 31; 3
8; 8R; <; 6; 126; 4; 33; 33; 3
8; 8R; <; 7; 136; 4; 36; 36; 3
8; 8R; <; 8; 137; 4; 38; 38; 3
8; 8R; <; 9; 138; 4; 40; 40; 3
8; 8R; <; 10; 139; 4; 42; 42; 3
8; 8R; <; 11; 140; 4; 44; 44; 3
8; 8R; <; 12; 141; 4; 47; 47; 3
8; 8R; <; 1; 131; 4; 38; 38; 4
8; 8R; <; 2; 130; 4; 40; 40; 4
8; 8R; <; 3; 129; 4; 42; 42; 4
8; 8R; <; 4; 128; 4; 44; 44; 4
8; 8R; <; 5; 127; 4; 46; 46; 4
8; 8R; <; 6; 126; 4; 48; 48; 4
8; 8R; <; 7; 136; 4; 51; 51; 4
8; 8R; <; 8; 137; 4; 53; 53; 4
8; 8R; <; 9; 138; 4; 55; 55; 4
8; 8R; <; 10; 139; 4; 57; 57; 4
8; 8R; <; 11; 140; 4; 59; 59; 4
8; 8R; <; 12; 141; 4; 1; 1; 4
9; 9H; >; 1; 141; 4; 18; 18; 1
9; 9H; >; 2; 140; 4; 20; 20; 1
9; 9H; >; 3; 139; 4; 22; 22; 1
9; 9H; >; 4; 138; 4; 24; 24; 1
9; 9H; >; 5; 137; 4; 26; 26; 1
9; 9H; >; 6; 136; 4; 28; 28; 1
9; 9H; >; 7; 135; 4; 30; 30; 1
9; 9H; >; 8; 134; 4; 32; 32; 1
9; 9H; >; 9; 133; 4; 34; 34; 1
9; 9H; >; 10; 132; 4; 36; 36; 1
9; 9H; >; 11; 1; 4; 38; 38; 1
9; 9H; >; 12; 92; 4; 41; 41; 1
9; 9H; >; 1; 141; 4; 33; 33; 2
9; 9H; >; 2; 140; 4; 35; 35; 2
9; 9H; >; 3; 139; 4; 37; 37; 2
9; 9H; >; 4; 138; 4; 39; 39; 2
9; 9H; >; 5; 137; 4; 41; 41; 2
9; 9H; >; 6; 136; 4; 43; 43; 2
9; 9H; >; 7; 135; 4; 45; 45; 2
9; 9H; >; 8; 134; 4; 47; 47; 2
9; 9H; >; 9; 133; 4; 49; 49; 2
9; 9H; >; 10; 132; 4; 51; 51; 2
9; 9H; >; 11; 1; 4; 53; 53; 2
9; 9H; >; 12; 92; 4; 56; 56; 2
9; 9H; >; 1; 141; 4; 48; 48; 3
9; 9H; >; 2; 140; 4; 50; 50; 3
9; 9H; >; 3; 139; 4; 52; 52; 3
9; 9H; >; 4; 138; 4; 54; 54; 3
9; 9H; >; 5; 137; 4; 56; 56; 3
9; 9H; >; 6; 136; 4; 58; 58; 3
9; 9H; >; 7; 135; 4; 0; 0; 3
9; 9H; >; 8; 134; 4; 2; 2; 3
9; 9H; >; 9; 133; 4; 4; 4; 3
9; 9H; >; 10; 132; 4; 6; 6; 3
9; 9H; >; 11; 1; 4; 8; 8; 3
9; 9H; >; 12; 92; 4; 10; 10; 3
9; 9H; >; 1; 141; 4; 3; 3; 4
9; 9H; >; 2; 140; 4; 5; 5; 4
9; 9H; >; 3; 139; 4; 7; 7; 4
9; 9H; >; 4; 138; 4; 9; 9; 4
9; 9H; >; 5; 137; 4; 11; 11; 4
9; 9H; >; 6; 136; 4; 13; 13; 4
9; 9H; >; 7; 135; 4; 15; 15; 4
9; 9H; >; 8; 134; 4; 17; 17; 4
9; 9H; >; 9; 133; 4; 19; 19; 4
9; 9H; >; 10; 132; 4; 21; 21; 4
9; 9H; >; 11; 1; 4; 23; 23; 4
9; 9H; >; 12; 92; 4; 26; 26; 4
9; 9R; <; 1; 92; 4; 54; 54; 1
9; 9R; <; 2; 1; 4; 56; 56; 1
9; 9R; <; 3; 132; 4; 58; 58; 1
9; 9R; <; 4; 133; 4; 0; 0; 1
9; 9R; <; 5; 134; 4; 2; 2; 1
9; 9R; <; 6; 135; 4; 4; 4; 1
9; 9R; <; 7; 136; 4; 6; 6; 1
9; 9R; <; 8; 137; 4; 8; 8; 1
9; 9R; <; 9; 138; 4; 10; 10; 1
9; 9R; <; 10; 139; 4; 12; 12; 1
9; 9R; <; 11; 140; 4; 14; 14; 1
9; 9R; <; 12; 141; 4; 17; 17; 1
9; 9R; <; 1; 92; 4; 9; 9; 2
9; 9R; <; 2; 1; 4; 11; 11; 2
9; 9R; <; 3; 132; 4; 13; 13; 2
9; 9R; <; 4; 133; 4; 15; 15; 2
9; 9R; <; 5; 134; 4; 17; 17; 2
9; 9R; <; 6; 135; 4; 19; 19; 2
9; 9R; <; 7; 136; 4; 21; 21; 2
9; 9R; <; 8; 137; 4; 23; 23; 2
9; 9R; <; 9; 138; 4; 25; 25; 2
9; 9R; <; 10; 139; 4; 27; 27; 2
9; 9R; <; 11; 140; 4; 29; 29; 2
9; 9R; <; 12; 141; 4; 32; 32; 2
9; 9R; <; 1; 92; 4; 24; 24; 3
9; 9R; <; 2; 1; 4; 26; 26; 3
9; 9R; <; 3; 132; 4; 28; 28; 3
9; 9R; <; 4; 133; 4; 30; 30; 3
9; 9R; <; 5; 134; 4; 32; 32; 3
9; 9R; <; 6; 135; 4; 34; 34; 3
9; 9R; <; 7; 136; 4; 36; 36; 3
9; 9R; <; 8; 137; 4; 38; 38; 3
9; 9R; <; 9; 138; 4; 40; 40; 3
9; 9R; <; 10; 139; 4; 42; 42; 3
9; 9R; <; 11; 140; 4; 44; 44; 3
9; 9R; <; 12; 141; 4; 47; 47; 3
9; 9R; <; 1; 92; 4; 39; 39; 4
9; 9R; <; 2; 1; 4; 41; 41; 4
9; 9R; <; 3; 132; 4; 43; 43; 4
9; 9R; <; 4; 133; 4; 45; 45; 4
9; 9R; <; 5; 134; 4; 47; 47; 4
9; 9R; <; 6; 135; 4; 49; 49; 4
9; 9R; <; 7; 136; 4; 51; 51; 4
9; 9R; <; 8; 137; 4; 53; 53; 4
9; 9R; <; 9; 138; 4; 55; 55; 4
9; 9R; <; 10; 139; 4; 57; 57; 4
9; 9R; <; 11; 140; 4; 59; 59; 4
9; 9R; <; 12; 141; 4; 1; 1; 4
10; 10H; >; 1; 140; 4; 38; 38; 1
10; 10H; >; 2; 139; 4; 40; 40; 1
10; 10H; >; 3; 138; 4; 42; 42; 1
10; 10H; >; 4; 137; 4; 44; 44; 1
10; 10H; >; 5; 136; 4; 46; 46; 1
10; 10H; >; 6; 135; 4; 48; 48; 1
10; 10H; >; 7; 134; 4; 50; 50; 1
10; 10H; >; 8; 133; 4; 52; 52; 1
10; 10H; >; 9; 132; 4; 54; 54; 1
10; 10H; >; 10; 1; 4; 56; 56; 1
10; 10H; >; 11; 52; 4; 58; 58; 1
10; 10H; >; 12; 53; 4; 0; 0; 1
10; 10H; >; 1; 140; 4; 53; 53; 2
10; 10H; >; 2; 139; 4; 55; 55; 2
10; 10H; >; 3; 138; 4; 57; 57; 2
10; 10H; >; 4; 137; 4; 59; 59; 2
10; 10H; >; 5; 136; 4; 1; 1; 2
10; 10H; >; 6; 135; 4; 3; 3; 2
10; 10H; >; 7; 134; 4; 5; 5; 2
10; 10H; >; 8; 133; 4; 7; 7; 2
10; 10H; >; 9; 132; 4; 9; 9; 2
10; 10H; >; 10; 1; 4; 11; 11; 2
10; 10H; >; 11; 52; 4; 13; 13; 2
10; 10H; >; 12; 53; 4; 15; 15; 2
10; 10H; >; 1; 140; 4; 8; 8; 3
10; 10H; >; 2; 139; 4; 10; 10; 3
10; 10H; >; 3; 138; 4; 12; 12; 3
10; 10H; >; 4; 137; 4; 14; 14; 3
10; 10H; >; 5; 136; 4; 16; 16; 3
10; 10H; >; 6; 135; 4; 18; 18; 3
10; 10H; >; 7; 134; 4; 20; 20; 3
10; 10H; >; 8; 133; 4; 22; 22; 3
10; 10H; >; 9; 132; 4; 24; 24; 3
10; 10H; >; 10; 1; 4; 26; 26; 3
10; 10H; >; 11; 52; 4; 28; 28; 3
10; 10H; >; 12; 53; 4; 30; 30; 3
10; 10H; >; 1; 140; 4; 23; 23; 4
10; 10H; >; 2; 139; 4; 25; 25; 4
10; 10H; >; 3; 138; 4; 27; 27; 4
10; 10H; >; 4; 137; 4; 29; 29; 4
10; 10H; >; 5; 136; 4; 31; 31; 4
10; 10H; >; 6; 135; 4; 33; 33; 4
10; 10H; >; 7; 134; 4; 35; 35; 4
10; 10H; >; 8; 133; 4; 37; 37; 4
10; 10H; >; 9; 132; 4; 39; 39; 4
10; 10H; >; 10; 1; 4; 41; 41; 4
10; 10H; >; 11; 52; 4; 43; 43; 4
10; 10H; >; 12; 53; 4; 45; 45; 4
10; 10R; <; 1; 53; 4; 54; 54; 1
10; 10R; <; 2; 52; 4; 56; 56; 1
10; 10R; <; 3; 1; 4; 58; 58; 1
10; 10R; <; 4; 132; 4; 0; 0; 1
10; 10R; <; 5; 133; 4; 2; 2; 1
10; 10R; <; 6; 134; 4; 4; 4; 1
10; 10R; <; 7; 135; 4; 6; 6; 1
10; 10R; <; 8; 136; 4; 8; 8; 1
10; 10R; <; 9; 137; 4; 10; 10; 1
10; 10R; <; 10; 138; 4; 12; 12; 1
10; 10R; <; 11; 139; 4; 14; 14; 1
10; 10R; <; 12; 140; 4; 17; 17; 1
10; 10R; <; 1; 53; 4; 9; 9; 2
10; 10R; <; 2; 52; 4; 11; 11; 2
10; 10R; <; 3; 1; 4; 13; 13; 2
10; 10R; <; 4; 132; 4; 15; 15; 2
10; 10R; <; 5; 133; 4; 17; 17; 2
10; 10R; <; 6; 134; 4; 19; 19; 2
10; 10R; <; 7; 135; 4; 21; 21; 2
10; 10R; <; 8; 136; 4; 23; 23; 2
10; 10R; <; 9; 137; 4; 25; 25; 2
10; 10R; <; 10; 138; 4; 27; 27; 2
10; 10R; <; 11; 139; 4; 29; 29; 2
10; 10R; <; 12; 140; 4; 32; 32; 2
10; 10R; <; 1; 53; 4; 24; 24; 3
10; 10R; <; 2; 52; 4; 26; 26; 3
10; 10R; <; 3; 1; 4; 28; 28; 3
10; 10R; <; 4; 132; 4; 30; 30; 3
10; 10R; <; 5; 133; 4; 32; 32; 3
10; 10R; <; 6; 134; 4; 34; 34; 3
10; 10R; <; 7; 135; 4; 36; 36; 3
10; 10R; <; 8; 136; 4; 38; 38; 3
10; 10R; <; 9; 137; 4; 40; 40; 3
10; 10R; <; 10; 138; 4; 42; 42; 3
10; 10R; <; 11; 139; 4; 44; 44; 3
10; 10R; <; 12; 140; 4; 47; 47; 3
10; 10R; <; 1; 53; 4; 39; 39; 4
10; 10R; <; 2; 52; 4; 41; 41; 4
10; 10R; <; 3; 1; 4; 43; 43; 4
10; 10R; <; 4; 132; 4; 45; 45; 4
10; 10R; <; 5; 133; 4; 47; 47; 4
10; 10R; <; 6; 134; 4; 49; 49; 4
10; 10R; <; 7; 135; 4; 51; 51; 4
10; 10R; <; 8; 136; 4; 53; 53; 4
10; 10R; <; 9; 137; 4; 55; 55; 4
10; 10R; <; 10; 138; 4; 57; 57; 4
10; 10R; <; 11; 139; 4; 59; 59; 4
10; 10R; <; 12; 140; 4; 1; 1; 4
11; 11H; >; 1; 131; 2; 8; 8; 1
11; 11H; >; 2; 130; 2; 10; 10; 1
11; 11H; >; 3; 129; 2; 12; 12; 1
11; 11H; >; 4; 128; 2; 14; 14; 1
11; 11H; >; 5; 127; 2; 16; 16; 1
11; 11H; >; 6; 126; 2; 18; 18; 1
11; 11H; >; 7; 116; 2; 21; 21; 1
11; 11H; >; 8; 117; 2; 23; 23; 1
11; 11H; >; 9; 118; 2; 25; 25; 1
11; 11H; >; 10; 119; 2; 27; 27; 1
11; 11H; >; 11; 120; 2; 29; 29; 1
11; 11H; >; 12; 121; 2; 32; 32; 1
11; 11H; >; 1; 131; 2; 38; 38; 2
11; 11H; >; 2; 130; 2; 40; 40; 2
11; 11H; >; 3; 129; 2; 42; 42; 2
11; 11H; >; 4; 128; 2; 44; 44; 2
11; 11H; >; 5; 127; 2; 46; 46; 2
11; 11H; >; 6; 126; 2; 48; 48; 2
11; 11H; >; 7; 116; 2; 51; 51; 2
11; 11H; >; 8; 117; 2; 53; 53; 2
11; 11H; >; 9; 118; 2; 55; 55; 2
11; 11H; >; 10; 119; 2; 57; 57; 2
11; 11H; >; 11; 120; 2; 59; 59; 2
11; 11H; >; 12; 121; 2; 1; 1; 2
11; 11R; <; 1; 121; 2; 8; 8; 1
11; 11R; <; 2; 120; 2; 10; 10; 1
11; 11R; <; 3; 119; 2; 12; 12; 1
11; 11R; <; 4; 118; 2; 14; 14; 1
11; 11R; <; 5; 117; 2; 16; 16; 1
11; 11R; <; 6; 116; 2; 18; 18; 1
11; 11R; <; 7; 126; 2; 21; 21; 1
11; 11R; <; 8; 127; 2; 23; 23; 1
11; 11R; <; 9; 128; 2; 25; 25; 1
11; 11R; <; 10; 129; 2; 27; 27; 1
11; 11R; <; 11; 130; 2; 29; 29; 1
11; 11R; <; 12; 131; 2; 32; 32; 1
11; 11R; <; 1; 121; 2; 38; 38; 2
11; 11R; <; 2; 120; 2; 40; 40; 2
11; 11R; <; 3; 119; 2; 42; 42; 2
11; 11R; <; 4; 118; 2; 44; 44; 2
11; 11R; <; 5; 117; 2; 46; 46; 2
11; 11R; <; 6; 116; 2; 48; 48; 2
11; 11R; <; 7; 126; 2; 51; 51; 2
11; 11R; <; 8; 127; 2; 53; 53; 2
11; 11R; <; 9; 128; 2; 55; 55; 2
11; 11R; <; 10; 129; 2; 57; 57; 2
11; 11R; <; 11; 130; 2; 59; 59; 2
11; 11R; <; 12; 131; 2; 1; 1; 2
12; 12H; >; 1; 131; 2; 48; 48; 1
12; 12H; >; 2; 130; 2; 50; 50; 1
12; 12H; >; 3; 129; 2; 52; 52; 1
12; 12H; >; 4; 128; 2; 54; 54; 1
12; 12H; >; 5; 127; 2; 56; 56; 1
12; 12H; >; 6; 126; 2; 58; 58; 1
12; 12H; >; 7; 125; 2; 0; 0; 1
12; 12H; >; 8; 124; 2; 2; 2; 1
12; 12H; >; 9; 123; 2; 4; 4; 1
12; 12H; >; 10; 122; 2; 6; 6; 1
12; 12H; >; 11; 1; 2; 8; 8; 1
12; 12H; >; 12; 92; 2; 10; 10; 1
12; 12H; >; 1; 131; 2; 18; 18; 2
12; 12H; >; 2; 130; 2; 20; 20; 2
12; 12H; >; 3; 129; 2; 22; 22; 2
12; 12H; >; 4; 128; 2; 24; 24; 2
12; 12H; >; 5; 127; 2; 26; 26; 2
12; 12H; >; 6; 126; 2; 28; 28; 2
12; 12H; >; 7; 125; 2; 30; 30; 2
12; 12H; >; 8; 124; 2; 32; 32; 2
12; 12H; >; 9; 123; 2; 34; 34; 2
12; 12H; >; 10; 122; 2; 36; 36; 2
12; 12H; >; 11; 1; 2; 38; 38; 2
12; 12H; >; 12; 92; 2; 40; 40; 2
12; 12R; <; 1; 92; 2; 6; 6; 1
12; 12R; <; 2; 1; 2; 8; 8; 1
12; 12R; <; 3; 122; 2; 10; 10; 1
12; 12R; <; 4; 123; 2; 12; 12; 1
12; 12R; <; 5; 124; 2; 14; 14; 1
12; 12R; <; 6; 125; 2; 16; 16; 1
12; 12R; <; 7; 126; 2; 18; 18; 1
12; 12R; <; 8; 127; 2; 20; 20; 1
12; 12R; <; 9; 128; 2; 22; 22; 1
12; 12R; <; 10; 129; 2; 24; 24; 1
12; 12R; <; 11; 130; 2; 26; 26; 1
12; 12R; <; 12; 131; 2; 29; 29; 1
12; 12R; <; 1; 92; 2; 36; 36; 2
12; 12R; <; 2; 1; 2; 38; 38; 2
12; 12R; <; 3; 122; 2; 40; 40; 2
12; 12R; <; 4; 123; 2; 42; 42; 2
12; 12R; <; 5; 124; 2; 44; 44; 2
12; 12R; <; 6; 125; 2; 46; 46; 2
12; 12R; <; 7; 126; 2; 48; 48; 2
12; 12R; <; 8; 127; 2; 50; 50; 2
12; 12R; <; 9; 128; 2; 52; 52; 2
12; 12R; <; 10; 129; 2; 54; 54; 2
12; 12R; <; 11; 130; 2; 56; 56; 2
12; 12R; <; 12; 131; 2; 58; 58; 2
13; 13H; >; 1; 121; 2; 8; 8; 1
13; 13H; >; 2; 120; 2; 10; 10; 1
13; 13H; >; 3; 119; 2; 12; 12; 1
13; 13H; >; 4; 118; 2; 14; 14; 1
13; 13H; >; 5; 117; 2; 16; 16; 1
13; 13H; >; 6; 116; 2; 18; 18; 1
13; 13H; >; 7; 106; 2; 21; 21; 1
13; 13H; >; 8; 107; 2; 23; 23; 1
13; 13H; >; 9; 108; 2; 25; 25; 1
13; 13H; >; 10; 109; 2; 27; 27; 1
13; 13H; >; 11; 110; 2; 29; 29; 1
13; 13H; >; 12; 111; 2; 32; 32; 1
13; 13H; >; 1; 121; 2; 38; 38; 2
13; 13H; >; 2; 120; 2; 40; 40; 2
13; 13H; >; 3; 119; 2; 42; 42; 2
13; 13H; >; 4; 118; 2; 44; 44; 2
13; 13H; >; 5; 117; 2; 46; 46; 2
13; 13H; >; 6; 116; 2; 48; 48; 2
13; 13H; >; 7; 106; 2; 51; 51; 2
13; 13H; >; 8; 107; 2; 53; 53; 2
13; 13H; >; 9; 108; 2; 55; 55; 2
13; 13H; >; 10; 109; 2; 57; 57; 2
13; 13H; >; 11; 110; 2; 59; 59; 2
13; 13H; >; 12; 111; 2; 1; 1; 2
13; 13R; <; 1; 111; 2; 8; 8; 1
13; 13R; <; 2; 110; 2; 10; 10; 1
13; 13R; <; 3; 109; 2; 12; 12; 1
13; 13R; <; 4; 108; 2; 14; 14; 1
13; 13R; <; 5; 107; 2; 16; 16; 1
13; 13R; <; 6; 106; 2; 18; 18; 1
13; 13R; <; 7; 116; 2; 21; 21; 1
13; 13R; <; 8; 117; 2; 23; 23; 1
13; 13R; <; 9; 118; 2; 25; 25; 1
13; 13R; <; 10; 119; 2; 27; 27; 1
13; 13R; <; 11; 120; 2; 29; 29; 1
13; 13R; <; 12; 121; 2; 32; 32; 1
13; 13R; <; 1; 111; 2; 38; 38; 2
13; 13R; <; 2; 110; 2; 40; 40; 2
13; 13R; <; 3; 109; 2; 42; 42; 2
13; 13R; <; 4; 108; 2; 44; 44; 2
13; 13R; <; 5; 107; 2; 46; 46; 2
13; 13R; <; 6; 106; 2; 48; 48; 2
13; 13R; <; 7; 116; 2; 51; 51; 2
13; 13R; <; 8; 117; 2; 53; 53; 2
13; 13R; <; 9; 118; 2; 55; 55; 2
13; 13R; <; 10; 119; 2; 57; 57; 2
13; 13R; <; 11; 120; 2; 59; 59; 2
13; 13R; <; 12; 121; 2; 1; 1; 2
14; 14H; >; 1; 121; 2; 48; 48; 1
14; 14H; >; 2; 120; 2; 50; 50; 1
14; 14H; >; 3; 119; 2; 52; 52; 1
14; 14H; >; 4; 118; 2; 54; 54; 1
14; 14H; >; 5; 117; 2; 56; 56; 1
14; 14H; >; 6; 116; 2; 58; 58; 1
14; 14H; >; 7; 115; 2; 60; 60; 1
14; 14H; >; 8; 114; 2; 2; 2; 1
14; 14H; >; 9; 113; 2; 4; 4; 1
14; 14H; >; 10; 112; 2; 6; 6; 1
14; 14H; >; 11; 1; 2; 8; 8; 1
14; 14H; >; 12; 92; 2; 10; 10; 1
14; 14H; >; 1; 121; 2; 18; 18; 2
14; 14H; >; 2; 120; 2; 20; 20; 2
14; 14H; >; 3; 119; 2; 22; 22; 2
14; 14H; >; 4; 118; 2; 24; 24; 2
14; 14H; >; 5; 117; 2; 26; 26; 2
14; 14H; >; 6; 116; 2; 28; 28; 2
14; 14H; >; 7; 115; 2; 30; 30; 2
14; 14H; >; 8; 114; 2; 32; 32; 2
14; 14H; >; 9; 113; 2; 34; 34; 2
14; 14H; >; 10; 112; 2; 36; 36; 2
14; 14H; >; 11; 1; 2; 38; 38; 2
14; 14H; >; 12; 92; 2; 41; 41; 2
14; 14R; <; 1; 92; 2; 9; 9; 1
14; 14R; <; 2; 1; 2; 11; 11; 1
14; 14R; <; 3; 112; 2; 13; 13; 1
14; 14R; <; 4; 113; 2; 15; 15; 1
14; 14R; <; 5; 114; 2; 17; 17; 1
14; 14R; <; 6; 115; 2; 19; 19; 1
14; 14R; <; 7; 116; 2; 21; 21; 1
14; 14R; <; 8; 117; 2; 23; 23; 1
14; 14R; <; 9; 118; 2; 25; 25; 1
14; 14R; <; 10; 119; 2; 27; 27; 1
14; 14R; <; 11; 120; 2; 29; 29; 1
14; 14R; <; 12; 121; 2; 32; 32; 1
14; 14R; <; 1; 92; 2; 39; 39; 2
14; 14R; <; 2; 1; 2; 41; 41; 2
14; 14R; <; 3; 112; 2; 43; 43; 2
14; 14R; <; 4; 113; 2; 45; 45; 2
14; 14R; <; 5; 114; 2; 47; 47; 2
14; 14R; <; 6; 115; 2; 49; 49; 2
14; 14R; <; 7; 116; 2; 51; 51; 2
14; 14R; <; 8; 117; 2; 53; 53; 2
14; 14R; <; 9; 118; 2; 55; 55; 2
14; 14R; <; 10; 119; 2; 57; 57; 2
14; 14R; <; 11; 120; 2; 59; 59; 2
14; 14R; <; 12; 121; 2; 1; 1; 2
15; 15H; >; 1; 111; 2; 8; 8; 1
15; 15H; >; 2; 110; 2; 10; 10; 1
15; 15H; >; 3; 109; 2; 12; 12; 1
15; 15H; >; 4; 108; 2; 14; 14; 1
15; 15H; >; 5; 107; 2; 16; 16; 1
15; 15H; >; 6; 106; 2; 18; 18; 1
15; 15H; >; 7; 96; 2; 21; 21; 1
15; 15H; >; 8; 97; 2; 23; 23; 1
15; 15H; >; 9; 98; 2; 25; 25; 1
15; 15H; >; 10; 99; 2; 27; 27; 1
15; 15H; >; 11; 100; 2; 29; 29; 1
15; 15H; >; 12; 101; 2; 32; 32; 1
15; 15H; >; 1; 111; 2; 38; 38; 2
15; 15H; >; 2; 110; 2; 40; 40; 2
15; 15H; >; 3; 109; 2; 42; 42; 2
15; 15H; >; 4; 108; 2; 44; 44; 2
15; 15H; >; 5; 107; 2; 46; 46; 2
15; 15H; >; 6; 106; 2; 48; 48; 2
15; 15H; >; 7; 96; 2; 51; 51; 2
15; 15H; >; 8; 97; 2; 53; 53; 2
15; 15H; >; 9; 98; 2; 55; 55; 2
15; 15H; >; 10; 99; 2; 57; 57; 2
15; 15H; >; 11; 100; 2; 59; 59; 2
15; 15H; >; 12; 101; 2; 1; 1; 2
15; 15R; <; 1; 101; 2; 32; 32; 1
15; 15R; <; 2; 100; 2; 34; 34; 1
15; 15R; <; 3; 99; 2; 36; 36; 1
15; 15R; <; 4; 98; 2; 38; 38; 1
15; 15R; <; 5; 97; 2; 40; 40; 1
15; 15R; <; 6; 96; 2; 42; 42; 1
15; 15R; <; 7; 106; 2; 45; 45; 1
15; 15R; <; 8; 107; 2; 47; 47; 1
15; 15R; <; 9; 108; 2; 49; 52; 1
15; 15R; <; 10; 109; 2; 55; 58; 1
15; 15R; <; 11; 110; 2; 1; 4; 1
15; 15R; <; 12; 111; 2; 7; 7; 1
15; 15R; <; 1; 101; 2; 2; 2; 2
15; 15R; <; 2; 100; 2; 4; 4; 2
15; 15R; <; 3; 99; 2; 6; 6; 2
15; 15R; <; 4; 98; 2; 8; 8; 2
15; 15R; <; 5; 97; 2; 10; 10; 2
15; 15R; <; 6; 96; 2; 12; 12; 2
15; 15R; <; 7; 106; 2; 15; 15; 2
15; 15R; <; 8; 107; 2; 17; 17; 2
15; 15R; <; 9; 108; 2; 20; 22; 2
15; 15R; <; 10; 109; 2; 25; 28; 2
15; 15R; <; 11; 110; 2; 31; 34; 2
15; 15R; <; 12; 111; 2; 37; 37; 2
16; 16H; >; 1; 111; 2; 18; 18; 1
16; 16H; >; 2; 110; 2; 20; 20; 1
16; 16H; >; 3; 109; 2; 22; 22; 1
16; 16H; >; 4; 108; 2; 24; 24; 1
16; 16H; >; 5; 107; 2; 26; 26; 1
16; 16H; >; 6; 106; 2; 28; 28; 1
16; 16H; >; 7; 105; 2; 30; 30; 1
16; 16H; >; 8; 104; 2; 32; 32; 1
16; 16H; >; 9; 103; 2; 34; 34; 1
16; 16H; >; 10; 102; 2; 36; 36; 1
16; 16H; >; 11; 1; 2; 38; 41; 1
16; 16H; >; 12; 92; 2; 44; 44; 1
16; 16H; >; 1; 111; 2; 48; 48; 2
16; 16H; >; 2; 110; 2; 50; 50; 2
16; 16H; >; 3; 109; 2; 52; 52; 2
16; 16H; >; 4; 108; 2; 54; 54; 2
16; 16H; >; 5; 107; 2; 56; 56; 2
16; 16H; >; 6; 106; 2; 58; 58; 2
16; 16H; >; 7; 105; 2; 0; 0; 2
16; 16H; >; 8; 104; 2; 2; 2; 2
16; 16H; >; 9; 103; 2; 4; 4; 2
16; 16H; >; 10; 102; 2; 6; 6; 2
16; 16H; >; 11; 1; 2; 8; 11; 2
16; 16H; >; 12; 92; 2; 14; 14; 2
16; 16R; <; 1; 92; 2; 9; 9; 1
16; 16R; <; 2; 1; 2; 11; 11; 1
16; 16R; <; 3; 102; 2; 13; 13; 1
16; 16R; <; 4; 103; 2; 15; 15; 1
16; 16R; <; 5; 104; 2; 17; 17; 1
16; 16R; <; 6; 105; 2; 19; 19; 1
16; 16R; <; 7; 106; 2; 21; 21; 1
16; 16R; <; 8; 107; 2; 23; 23; 1
16; 16R; <; 9; 108; 2; 25; 28; 1
16; 16R; <; 10; 109; 2; 31; 34; 1
16; 16R; <; 11; 110; 2; 37; 40; 1
16; 16R; <; 12; 111; 2; 43; 43; 1
16; 16R; <; 1; 92; 2; 39; 39; 2
16; 16R; <; 2; 1; 2; 41; 41; 2
16; 16R; <; 3; 102; 2; 43; 43; 2
16; 16R; <; 4; 103; 2; 45; 45; 2
16; 16R; <; 5; 104; 2; 47; 47; 2
16; 16R; <; 6; 105; 2; 49; 49; 2
16; 16R; <; 7; 106; 2; 51; 51; 2
16; 16R; <; 8; 107; 2; 53; 53; 2
16; 16R; <; 9; 108; 2; 55; 58; 2
16; 16R; <; 10; 109; 2; 1; 4; 2
16; 16R; <; 11; 110; 2; 7; 10; 2
16; 16R; <; 12; 111; 2; 13; 13; 2
17; 17H; >; 1; 101; 2; 41; 41; 1
17; 17H; >; 2; 100; 2; 43; 43; 1
17; 17H; >; 3; 99; 2; 45; 45; 1
17; 17H; >; 4; 98; 2; 47; 47; 1
17; 17H; >; 5; 97; 2; 49; 49; 1
17; 17H; >; 6; 96; 2; 51; 51; 1
17; 17H; >; 7; 86; 2; 54; 54; 1
17; 17H; >; 8; 87; 2; 56; 56; 1
17; 17H; >; 9; 88; 2; 58; 1; 1
17; 17H; >; 10; 89; 2; 4; 7; 1
17; 17H; >; 11; 90; 2; 10; 13; 1
17; 17H; >; 12; 91; 2; 16; 16; 1
17; 17H; >; 1; 101; 2; 11; 11; 2
17; 17H; >; 2; 100; 2; 13; 13; 2
17; 17H; >; 3; 99; 2; 15; 15; 2
17; 17H; >; 4; 98; 2; 17; 17; 2
17; 17H; >; 5; 97; 2; 19; 19; 2
17; 17H; >; 6; 96; 2; 21; 21; 2
17; 17H; >; 7; 86; 2; 24; 24; 2
17; 17H; >; 8; 87; 2; 26; 26; 2
17; 17H; >; 9; 88; 2; 28; 31; 2
17; 17H; >; 10; 89; 2; 34; 37; 2
17; 17H; >; 11; 90; 2; 40; 43; 2
17; 17H; >; 12; 91; 2; 46; 46; 2
17; 17R; <; 1; 91; 2; 26; 26; 1
17; 17R; <; 2; 90; 2; 28; 28; 1
17; 17R; <; 3; 89; 2; 30; 30; 1
17; 17R; <; 4; 88; 2; 32; 32; 1
17; 17R; <; 5; 87; 2; 34; 34; 1
17; 17R; <; 6; 86; 2; 36; 36; 1
17; 17R; <; 7; 96; 2; 39; 39; 1
17; 17R; <; 8; 97; 2; 42; 44; 1
17; 17R; <; 9; 98; 2; 47; 50; 1
17; 17R; <; 10; 99; 2; 53; 56; 1
17; 17R; <; 11; 100; 2; 59; 2; 1
17; 17R; <; 12; 101; 2; 5; 5; 1
17; 17R; <; 1; 91; 2; 56; 56; 2
17; 17R; <; 2; 90; 2; 58; 58; 2
17; 17R; <; 3; 89; 2; 0; 0; 2
17; 17R; <; 4; 88; 2; 2; 2; 2
17; 17R; <; 5; 87; 2; 4; 4; 2
17; 17R; <; 6; 86; 2; 6; 6; 2
17; 17R; <; 7; 96; 2; 9; 9; 2
17; 17R; <; 8; 97; 2; 11; 14; 2
17; 17R; <; 9; 98; 2; 17; 20; 2
17; 17R; <; 10; 99; 2; 23; 26; 2
17; 17R; <; 11; 100; 2; 29; 32; 2
17; 17R; <; 12; 101; 2; 35; 35; 2
18; 18H; >; 1; 92; 2; 12; 12; 1
18; 18H; >; 2; 1; 2; 14; 14; 1
18; 18H; >; 3; 82; 2; 16; 16; 1
18; 18H; >; 4; 83; 2; 18; 18; 1
18; 18H; >; 5; 84; 2; 20; 20; 1
18; 18H; >; 6; 85; 2; 22; 22; 1
18; 18H; >; 7; 86; 2; 24; 24; 1
18; 18H; >; 8; 87; 2; 26; 26; 1
18; 18H; >; 9; 88; 2; 28; 28; 1
18; 18H; >; 10; 89; 2; 30; 30; 1
18; 18H; >; 11; 90; 2; 32; 35; 1
18; 18H; >; 12; 91; 2; 38; 38; 1
18; 18H; >; 1; 92; 2; 42; 42; 2
18; 18H; >; 2; 1; 2; 44; 44; 2
18; 18H; >; 3; 82; 2; 46; 46; 2
18; 18H; >; 4; 83; 2; 48; 48; 2
18; 18H; >; 5; 84; 2; 50; 50; 2
18; 18H; >; 6; 85; 2; 52; 52; 2
18; 18H; >; 7; 86; 2; 54; 54; 2
18; 18H; >; 8; 87; 2; 56; 56; 2
18; 18H; >; 9; 88; 2; 58; 58; 2
18; 18H; >; 10; 89; 2; 0; 0; 2
18; 18H; >; 11; 90; 2; 3; 5; 2
18; 18H; >; 12; 91; 2; 8; 8; 2
18; 18R; <; 1; 91; 2; 18; 18; 1
18; 18R; <; 2; 90; 2; 20; 20; 1
18; 18R; <; 3; 89; 2; 22; 22; 1
18; 18R; <; 4; 88; 2; 24; 24; 1
18; 18R; <; 5; 87; 2; 26; 26; 1
18; 18R; <; 6; 86; 2; 28; 28; 1
18; 18R; <; 7; 85; 2; 30; 30; 1
18; 18R; <; 8; 84; 2; 32; 32; 1
18; 18R; <; 9; 83; 2; 34; 34; 1
18; 18R; <; 10; 82; 2; 36; 36; 1
18; 18R; <; 11; 1; 2; 38; 41; 1
18; 18R; <; 12; 92; 2; 44; 44; 1
18; 18R; <; 1; 91; 2; 48; 48; 2
18; 18R; <; 2; 90; 2; 50; 50; 2
18; 18R; <; 3; 89; 2; 52; 52; 2
18; 18R; <; 4; 88; 2; 54; 54; 2
18; 18R; <; 5; 87; 2; 56; 56; 2
18; 18R; <; 6; 86; 2; 58; 58; 2
18; 18R; <; 7; 85; 2; 60; 60; 2
18; 18R; <; 8; 84; 2; 2; 2; 2
18; 18R; <; 9; 83; 2; 4; 4; 2
18; 18R; <; 10; 82; 2; 6; 6; 2
18; 18R; <; 11; 1; 2; 8; 11; 2
18; 18R; <; 12; 92; 2; 14; 14; 2
19; 19H; >; 1; 92; 2; 39; 39; 1
19; 19H; >; 2; 1; 2; 41; 41; 1
19; 19H; >; 3; 72; 2; 43; 43; 1
19; 19H; >; 4; 73; 2; 45; 45; 1
19; 19H; >; 5; 74; 2; 47; 47; 1
19; 19H; >; 6; 75; 2; 49; 49; 1
19; 19H; >; 7; 76; 2; 51; 51; 1
19; 19H; >; 8; 77; 2; 53; 53; 1
19; 19H; >; 9; 78; 2; 55; 55; 1
19; 19H; >; 10; 79; 2; 57; 57; 1
19; 19H; >; 11; 80; 2; 59; 59; 1
19; 19H; >; 12; 81; 2; 1; 1; 1
19; 19H; >; 1; 92; 2; 9; 9; 2
19; 19H; >; 2; 1; 2; 11; 11; 2
19; 19H; >; 3; 72; 2; 13; 13; 2
19; 19H; >; 4; 73; 2; 15; 15; 2
19; 19H; >; 5; 74; 2; 17; 17; 2
19; 19H; >; 6; 75; 2; 19; 19; 2
19; 19H; >; 7; 76; 2; 21; 21; 2
19; 19H; >; 8; 77; 2; 23; 23; 2
19; 19H; >; 9; 78; 2; 25; 25; 2
19; 19H; >; 10; 79; 2; 27; 27; 2
19; 19H; >; 11; 80; 2; 29; 29; 2
19; 19H; >; 12; 81; 2; 31; 31; 2
19; 19R; <; 1; 81; 2; 47; 47; 1
19; 19R; <; 2; 80; 2; 49; 49; 1
19; 19R; <; 3; 79; 2; 51; 51; 1
19; 19R; <; 4; 78; 2; 53; 53; 1
19; 19R; <; 5; 77; 2; 55; 55; 1
19; 19R; <; 6; 76; 2; 57; 57; 1
19; 19R; <; 7; 75; 2; 59; 59; 1
19; 19R; <; 8; 74; 2; 1; 1; 1
19; 19R; <; 9; 73; 2; 3; 3; 1
19; 19R; <; 10; 72; 2; 5; 5; 1
19; 19R; <; 11; 1; 2; 7; 10; 1
19; 19R; <; 12; 92; 2; 13; 13; 1
19; 19R; <; 1; 81; 2; 17; 17; 2
19; 19R; <; 2; 80; 2; 19; 19; 2
19; 19R; <; 3; 79; 2; 21; 21; 2
19; 19R; <; 4; 78; 2; 23; 23; 2
19; 19R; <; 5; 77; 2; 25; 25; 2
19; 19R; <; 6; 76; 2; 27; 27; 2
19; 19R; <; 7; 75; 2; 29; 29; 2
19; 19R; <; 8; 74; 2; 31; 31; 2
19; 19R; <; 9; 73; 2; 33; 33; 2
19; 19R; <; 10; 72; 2; 35; 35; 2
19; 19R; <; 11; 1; 2; 37; 40; 2
19; 19R; <; 12; 92; 2; 43; 43; 2
20; 20H; >; 1; 92; 2; 9; 9; 1
20; 20H; >; 2; 1; 2; 11; 11; 1
20; 20H; >; 3; 62; 2; 13; 13; 1
20; 20H; >; 4; 63; 2; 15; 15; 1
20; 20H; >; 5; 64; 2; 17; 17; 1
20; 20H; >; 6; 65; 2; 19; 19; 1
20; 20H; >; 7; 66; 2; 21; 21; 1
20; 20H; >; 8; 67; 2; 23; 23; 1
20; 20H; >; 9; 68; 2; 25; 25; 1
20; 20H; >; 10; 69; 2; 27; 27; 1
20; 20H; >; 11; 70; 2; 29; 29; 1
20; 20H; >; 12; 71; 2; 31; 31; 1
20; 20H; >; 1; 92; 2; 39; 39; 2
20; 20H; >; 2; 1; 2; 41; 41; 2
20; 20H; >; 3; 62; 2; 43; 43; 2
20; 20H; >; 4; 63; 2; 45; 45; 2
20; 20H; >; 5; 64; 2; 47; 47; 2
20; 20H; >; 6; 65; 2; 49; 49; 2
20; 20H; >; 7; 66; 2; 51; 51; 2
20; 20H; >; 8; 67; 2; 53; 53; 2
20; 20H; >; 9; 68; 2; 55; 55; 2
20; 20H; >; 10; 69; 2; 57; 57; 2
20; 20H; >; 11; 70; 2; 59; 59; 2
20; 20H; >; 12; 71; 2; 2; 2; 2
20; 20R; <; 1; 71; 2; 18; 18; 1
20; 20R; <; 2; 70; 2; 20; 20; 1
20; 20R; <; 3; 69; 2; 22; 22; 1
20; 20R; <; 4; 68; 2; 24; 24; 1
20; 20R; <; 5; 67; 2; 26; 26; 1
20; 20R; <; 6; 66; 2; 28; 28; 1
20; 20R; <; 7; 65; 2; 30; 30; 1
20; 20R; <; 8; 64; 2; 32; 32; 1
20; 20R; <; 9; 63; 2; 34; 34; 1
20; 20R; <; 10; 62; 2; 36; 36; 1
20; 20R; <; 11; 1; 2; 38; 38; 1
20; 20R; <; 12; 92; 2; 41; 41; 1
20; 20R; <; 1; 71; 2; 48; 48; 2
20; 20R; <; 2; 70; 2; 50; 50; 2
20; 20R; <; 3; 69; 2; 52; 52; 2
20; 20R; <; 4; 68; 2; 54; 54; 2
20; 20R; <; 5; 67; 2; 56; 56; 2
20; 20R; <; 6; 66; 2; 58; 58; 2
20; 20R; <; 7; 65; 2; 0; 0; 2
20; 20R; <; 8; 64; 2; 2; 2; 2
20; 20R; <; 9; 63; 2; 4; 4; 2
20; 20R; <; 10; 62; 2; 6; 6; 2
20; 20R; <; 11; 1; 2; 8; 8; 2
20; 20R; <; 12; 92; 2; 10; 10; 2
21; 21H; >; 1; 92; 4; 39; 39; 1
21; 21H; >; 2; 1; 4; 41; 41; 1
21; 21H; >; 3; 52; 4; 43; 43; 1
21; 21H; >; 4; 53; 4; 45; 45; 1
21; 21H; >; 5; 54; 4; 47; 47; 1
21; 21H; >; 6; 55; 4; 49; 49; 1
21; 21H; >; 7; 56; 4; 51; 51; 1
21; 21H; >; 8; 57; 4; 53; 53; 1
21; 21H; >; 9; 58; 4; 55; 55; 1
21; 21H; >; 10; 59; 4; 57; 60; 1
21; 21H; >; 11; 60; 4; 3; 6; 1
21; 21H; >; 12; 61; 4; 9; 9; 1
21; 21H; >; 1; 92; 4; 54; 54; 2
21; 21H; >; 2; 1; 4; 56; 56; 2
21; 21H; >; 3; 52; 4; 58; 58; 2
21; 21H; >; 4; 53; 4; 60; 60; 2
21; 21H; >; 5; 54; 4; 2; 2; 2
21; 21H; >; 6; 55; 4; 4; 4; 2
21; 21H; >; 7; 56; 4; 6; 6; 2
21; 21H; >; 8; 57; 4; 8; 8; 2
21; 21H; >; 9; 58; 4; 10; 10; 2
21; 21H; >; 10; 59; 4; 12; 15; 2
21; 21H; >; 11; 60; 4; 18; 21; 2
21; 21H; >; 12; 61; 4; 24; 24; 2
21; 21H; >; 1; 92; 4; 9; 9; 3
21; 21H; >; 2; 1; 4; 11; 11; 3
21; 21H; >; 3; 52; 4; 13; 13; 3
21; 21H; >; 4; 53; 4; 15; 15; 3
21; 21H; >; 5; 54; 4; 17; 17; 3
21; 21H; >; 6; 55; 4; 19; 19; 3
21; 21H; >; 7; 56; 4; 21; 21; 3
21; 21H; >; 8; 57; 4; 23; 23; 3
21; 21H; >; 9; 58; 4; 25; 25; 3
21; 21H; >; 10; 59; 4; 27; 30; 3
21; 21H; >; 11; 60; 4; 33; 36; 3
21; 21H; >; 12; 61; 4; 39; 39; 3
21; 21H; >; 1; 92; 4; 24; 24; 4
21; 21H; >; 2; 1; 4; 26; 26; 4
21; 21H; >; 3; 52; 4; 28; 28; 4
21; 21H; >; 4; 53; 4; 30; 30; 4
21; 21H; >; 5; 54; 4; 32; 32; 4
21; 21H; >; 6; 55; 4; 34; 34; 4
21; 21H; >; 7; 56; 4; 36; 36; 4
21; 21H; >; 8; 57; 4; 38; 38; 4
21; 21H; >; 9; 58; 4; 40; 40; 4
21; 21H; >; 10; 59; 4; 42; 45; 4
21; 21H; >; 11; 60; 4; 48; 51; 4
21; 21H; >; 12; 61; 4; 54; 54; 4
21; 21R; <; 1; 61; 4; 33; 33; 1
21; 21R; <; 2; 60; 4; 35; 35; 1
21; 21R; <; 3; 59; 4; 37; 37; 1
21; 21R; <; 4; 58; 4; 39; 39; 1
21; 21R; <; 5; 57; 4; 41; 41; 1
21; 21R; <; 6; 56; 4; 43; 43; 1
21; 21R; <; 7; 55; 4; 45; 45; 1
21; 21R; <; 8; 54; 4; 47; 47; 1
21; 21R; <; 9; 53; 4; 49; 49; 1
21; 21R; <; 10; 52; 4; 51; 51; 1
21; 21R; <; 11; 1; 4; 53; 53; 1
21; 21R; <; 12; 92; 4; 56; 56; 1
21; 21R; <; 1; 61; 4; 48; 48; 2
21; 21R; <; 2; 60; 4; 50; 50; 2
21; 21R; <; 3; 59; 4; 52; 52; 2
21; 21R; <; 4; 58; 4; 54; 54; 2
21; 21R; <; 5; 57; 4; 56; 56; 2
21; 21R; <; 6; 56; 4; 58; 58; 2
21; 21R; <; 7; 55; 4; 0; 0; 2
21; 21R; <; 8; 54; 4; 2; 2; 2
21; 21R; <; 9; 53; 4; 4; 4; 2
21; 21R; <; 10; 52; 4; 6; 6; 2
21; 21R; <; 11; 1; 4; 8; 8; 2
21; 21R; <; 12; 92; 4; 10; 10; 2
21; 21R; <; 1; 61; 4; 3; 3; 3
21; 21R; <; 2; 60; 4; 5; 5; 3
21; 21R; <; 3; 59; 4; 7; 7; 3
21; 21R; <; 4; 58; 4; 9; 9; 3
21; 21R; <; 5; 57; 4; 11; 11; 3
21; 21R; <; 6; 56; 4; 13; 13; 3
21; 21R; <; 7; 55; 4; 15; 15; 3
21; 21R; <; 8; 54; 4; 17; 17; 3
21; 21R; <; 9; 53; 4; 19; 19; 3
21; 21R; <; 10; 52; 4; 21; 21; 3
21; 21R; <; 11; 1; 4; 23; 23; 3
21; 21R; <; 12; 92; 4; 26; 26; 3
21; 21R; <; 1; 61; 4; 18; 18; 4
21; 21R; <; 2; 60; 4; 20; 20; 4
21; 21R; <; 3; 59; 4; 22; 22; 4
21; 21R; <; 4; 58; 4; 24; 24; 4
21; 21R; <; 5; 57; 4; 26; 26; 4
21; 21R; <; 6; 56; 4; 28; 28; 4
21; 21R; <; 7; 55; 4; 30; 30; 4
21; 21R; <; 8; 54; 4; 32; 32; 4
21; 21R; <; 9; 53; 4; 34; 34; 4
21; 21R; <; 10; 52; 4; 36; 36; 4
21; 21R; <; 11; 1; 4; 38; 38; 4
21; 21R; <; 12; 92; 4; 40; 40; 4
22; 22H; >; 1; 92; 2; 39; 39; 1
22; 22H; >; 2; 1; 2; 41; 41; 1
22; 22H; >; 3; 42; 2; 43; 43; 1
22; 22H; >; 4; 43; 2; 45; 45; 1
22; 22H; >; 5; 44; 2; 47; 47; 1
22; 22H; >; 6; 45; 2; 49; 49; 1
22; 22H; >; 7; 46; 2; 51; 51; 1
22; 22H; >; 8; 47; 2; 53; 53; 1
22; 22H; >; 9; 48; 2; 55; 55; 1
22; 22H; >; 10; 49; 2; 57; 57; 1
22; 22H; >; 11; 50; 2; 0; 2; 1
22; 22H; >; 12; 51; 2; 5; 5; 1
22; 22H; >; 1; 92; 2; 9; 9; 2
22; 22H; >; 2; 1; 2; 11; 11; 2
22; 22H; >; 3; 42; 2; 13; 13; 2
22; 22H; >; 4; 43; 2; 15; 15; 2
22; 22H; >; 5; 44; 2; 17; 17; 2
22; 22H; >; 6; 45; 2; 19; 19; 2
22; 22H; >; 7; 46; 2; 21; 21; 2
22; 22H; >; 8; 47; 2; 23; 23; 2
22; 22H; >; 9; 48; 2; 25; 25; 2
22; 22H; >; 10; 49; 2; 27; 27; 2
22; 22H; >; 11; 50; 2; 29; 32; 2
22; 22H; >; 12; 51; 2; 35; 35; 2
22; 22R; <; 1; 51; 2; 18; 18; 1
22; 22R; <; 2; 50; 2; 20; 20; 1
22; 22R; <; 3; 49; 2; 22; 22; 1
22; 22R; <; 4; 48; 2; 24; 24; 1
22; 22R; <; 5; 47; 2; 26; 26; 1
22; 22R; <; 6; 46; 2; 28; 28; 1
22; 22R; <; 7; 45; 2; 30; 30; 1
22; 22R; <; 8; 44; 2; 32; 32; 1
22; 22R; <; 9; 43; 2; 34; 34; 1
22; 22R; <; 10; 42; 2; 36; 36; 1
22; 22R; <; 11; 1; 2; 38; 38; 1
22; 22R; <; 12; 92; 2; 41; 41; 1
22; 22R; <; 1; 51; 2; 48; 48; 2
22; 22R; <; 2; 50; 2; 50; 50; 2
22; 22R; <; 3; 49; 2; 52; 52; 2
22; 22R; <; 4; 48; 2; 54; 54; 2
22; 22R; <; 5; 47; 2; 56; 56; 2
22; 22R; <; 6; 46; 2; 58; 58; 2
22; 22R; <; 7; 45; 2; 60; 60; 2
22; 22R; <; 8; 44; 2; 2; 2; 2
22; 22R; <; 9; 43; 2; 4; 4; 2
22; 22R; <; 10; 42; 2; 6; 6; 2
22; 22R; <; 11; 1; 2; 8; 8; 2
22; 22R; <; 12; 92; 2; 10; 10; 2
23; 23H; >; 1; 92; 2; 39; 39; 1
23; 23H; >; 2; 1; 2; 41; 41; 1
23; 23H; >; 3; 12; 2; 43; 43; 1
23; 23H; >; 4; 13; 2; 45; 45; 1
23; 23H; >; 5; 14; 2; 47; 47; 1
23; 23H; >; 6; 15; 2; 49; 49; 1
23; 23H; >; 7; 16; 2; 51; 51; 1
23; 23H; >; 8; 17; 2; 53; 53; 1
23; 23H; >; 9; 18; 2; 55; 55; 1
23; 23H; >; 10; 19; 2; 57; 57; 1
23; 23H; >; 11; 20; 2; 59; 59; 1
23; 23H; >; 12; 21; 2; 1; 1; 1
23; 23H; >; 1; 92; 2; 9; 9; 2
23; 23H; >; 2; 1; 2; 11; 11; 2
23; 23H; >; 3; 12; 2; 13; 13; 2
23; 23H; >; 4; 13; 2; 15; 15; 2
23; 23H; >; 5; 14; 2; 17; 17; 2
23; 23H; >; 6; 15; 2; 19; 19; 2
23; 23H; >; 7; 16; 2; 21; 21; 2
23; 23H; >; 8; 17; 2; 23; 23; 2
23; 23H; >; 9; 18; 2; 25; 25; 2
23; 23H; >; 10; 19; 2; 27; 27; 2
23; 23H; >; 11; 20; 2; 29; 29; 2
23; 23H; >; 12; 21; 2; 31; 31; 2
23; 23R; <; 1; 21; 2; 48; 48; 1
23; 23R; <; 2; 20; 2; 50; 50; 1
23; 23R; <; 3; 19; 2; 52; 52; 1
23; 23R; <; 4; 18; 2; 54; 54; 1
23; 23R; <; 5; 17; 2; 56; 56; 1
23; 23R; <; 6; 16; 2; 58; 58; 1
23; 23R; <; 7; 15; 2; 60; 60; 1
23; 23R; <; 8; 14; 2; 2; 2; 1
23; 23R; <; 9; 13; 2; 4; 4; 1
23; 23R; <; 10; 12; 2; 6; 6; 1
23; 23R; <; 11; 1; 2; 8; 11; 1
23; 23R; <; 12; 92; 2; 14; 14; 1
23; 23R; <; 1; 21; 2; 18; 18; 2
23; 23R; <; 2; 20; 2; 20; 20; 2
23; 23R; <; 3; 19; 2; 22; 22; 2
23; 23R; <; 4; 18; 2; 24; 24; 2
23; 23R; <; 5; 17; 2; 26; 26; 2
23; 23R; <; 6; 16; 2; 28; 28; 2
23; 23R; <; 7; 15; 2; 30; 30; 2
23; 23R; <; 8; 14; 2; 32; 32; 2
23; 23R; <; 9; 13; 2; 34; 34; 2
23; 23R; <; 10; 12; 2; 36; 36; 2
23; 23R; <; 11; 1; 2; 39; 41; 2
23; 23R; <; 12; 92; 2; 44; 44; 2
24; 24H; >; 1; 92; 2; 9; 9; 1
24; 24H; >; 2; 1; 2; 11; 11; 1
24; 24H; >; 3; 2; 2; 13; 13; 1
24; 24H; >; 4; 3; 2; 15; 15; 1
24; 24H; >; 5; 4; 2; 17; 17; 1
24; 24H; >; 6; 5; 2; 19; 19; 1
24; 24H; >; 7; 6; 2; 21; 21; 1
24; 24H; >; 8; 7; 2; 23; 23; 1
24; 24H; >; 9; 8; 2; 25; 25; 1
24; 24H; >; 10; 9; 2; 27; 27; 1
24; 24H; >; 11; 10; 2; 29; 29; 1
24; 24H; >; 12; 11; 2; 31; 31; 1
24; 24H; >; 1; 92; 2; 39; 39; 2
24; 24H; >; 2; 1; 2; 41; 41; 2
24; 24H; >; 3; 2; 2; 43; 43; 2
24; 24H; >; 4; 3; 2; 45; 45; 2
24; 24H; >; 5; 4; 2; 47; 47; 2
24; 24H; >; 6; 5; 2; 49; 49; 2
24; 24H; >; 7; 6; 2; 51; 51; 2
24; 24H; >; 8; 7; 2; 53; 53; 2
24; 24H; >; 9; 8; 2; 55; 55; 2
24; 24H; >; 10; 9; 2; 57; 57; 2
24; 24H; >; 11; 10; 2; 59; 59; 2
24; 24H; >; 12; 11; 2; 1; 1; 2
24; 24R; <; 1; 11; 2; 5; 5; 1
24; 24R; <; 2; 10; 2; 7; 7; 1
24; 24R; <; 3; 9; 2; 9; 9; 1
24; 24R; <; 4; 8; 2; 11; 11; 1
24; 24R; <; 5; 7; 2; 13; 13; 1
24; 24R; <; 6; 6; 2; 15; 15; 1
24; 24R; <; 7; 5; 2; 17; 17; 1
24; 24R; <; 8; 4; 2; 19; 19; 1
24; 24R; <; 9; 3; 2; 21; 21; 1
24; 24R; <; 10; 2; 2; 23; 23; 1
24; 24R; <; 11; 1; 2; 25; 25; 1
24; 24R; <; 12; 92; 2; 28; 28; 1
24; 24R; <; 1; 11; 2; 35; 35; 2
24; 24R; <; 2; 10; 2; 37; 37; 2
24; 24R; <; 3; 9; 2; 39; 39; 2
24; 24R; <; 4; 8; 2; 41; 41; 2
24; 24R; <; 5; 7; 2; 43; 43; 2
24; 24R; <; 6; 6; 2; 45; 45; 2
24; 24R; <; 7; 5; 2; 47; 47; 2
24; 24R; <; 8; 4; 2; 49; 49; 2
24; 24R; <; 9; 3; 2; 51; 51; 2
24; 24R; <; 10; 2; 2; 53; 53; 2
24; 24R; <; 11; 1; 2; 55; 55; 2
24; 24R; <; 12; 92; 2; 57; 57; 2
25; 25H; >; 1; 91; 2; 17; 17; 1
25; 25H; >; 2; 90; 2; 19; 19; 1
25; 25H; >; 3; 89; 2; 21; 21; 1
25; 25H; >; 4; 88; 2; 23; 23; 1
25; 25H; >; 5; 87; 2; 25; 25; 1
25; 25H; >; 6; 86; 2; 27; 27; 1
25; 25H; >; 7; 76; 2; 30; 30; 1
25; 25H; >; 8; 77; 2; 32; 32; 1
25; 25H; >; 9; 78; 2; 34; 34; 1
25; 25H; >; 10; 79; 2; 36; 36; 1
25; 25H; >; 11; 80; 2; 38; 38; 1
25; 25H; >; 12; 81; 2; 40; 40; 1
25; 25H; >; 1; 91; 2; 47; 47; 2
25; 25H; >; 2; 90; 2; 49; 49; 2
25; 25H; >; 3; 89; 2; 51; 51; 2
25; 25H; >; 4; 88; 2; 53; 53; 2
25; 25H; >; 5; 87; 2; 55; 55; 2
25; 25H; >; 6; 86; 2; 57; 57; 2
25; 25H; >; 7; 76; 2; 60; 60; 2
25; 25H; >; 8; 77; 2; 2; 2; 2
25; 25H; >; 9; 78; 2; 4; 4; 2
25; 25H; >; 10; 79; 2; 6; 6; 2
25; 25H; >; 11; 80; 2; 8; 8; 2
25; 25H; >; 12; 81; 2; 11; 11; 2
25; 25R; <; 1; 81; 2; 50; 50; 1
25; 25R; <; 2; 80; 2; 52; 52; 1
25; 25R; <; 3; 79; 2; 54; 54; 1
25; 25R; <; 4; 78; 2; 56; 56; 1
25; 25R; <; 5; 77; 2; 58; 58; 1
25; 25R; <; 6; 76; 2; 0; 0; 1
25; 25R; <; 7; 86; 2; 3; 3; 1
25; 25R; <; 8; 87; 2; 5; 5; 1
25; 25R; <; 9; 88; 2; 7; 10; 1
25; 25R; <; 10; 89; 2; 13; 16; 1
25; 25R; <; 11; 90; 2; 19; 22; 1
25; 25R; <; 12; 91; 2; 25; 25; 1
25; 25R; <; 1; 81; 2; 20; 20; 2
25; 25R; <; 2; 80; 2; 22; 22; 2
25; 25R; <; 3; 79; 2; 24; 24; 2
25; 25R; <; 4; 78; 2; 26; 26; 2
25; 25R; <; 5; 77; 2; 28; 28; 2
25; 25R; <; 6; 76; 2; 30; 30; 2
25; 25R; <; 7; 86; 2; 33; 33; 2
25; 25R; <; 8; 87; 2; 35; 35; 2
25; 25R; <; 9; 88; 2; 37; 40; 2
25; 25R; <; 10; 89; 2; 43; 46; 2
25; 25R; <; 11; 90; 2; 49; 52; 2
25; 25R; <; 12; 91; 2; 55; 55; 2
26; 26H; >; 1; 81; 2; 36; 36; 1
26; 26H; >; 2; 80; 2; 38; 38; 1
26; 26H; >; 3; 79; 2; 40; 40; 1
26; 26H; >; 4; 78; 2; 42; 42; 1
26; 26H; >; 5; 77; 2; 44; 44; 1
26; 26H; >; 6; 76; 2; 46; 46; 1
26; 26H; >; 7; 66; 2; 49; 52; 1
26; 26H; >; 8; 67; 2; 55; 58; 1
26; 26H; >; 9; 68; 2; 1; 4; 1
26; 26H; >; 10; 69; 2; 7; 10; 1
26; 26H; >; 11; 70; 2; 13; 16; 1
26; 26H; >; 12; 71; 2; 19; 19; 1
26; 26H; >; 1; 81; 2; 6; 6; 2
26; 26H; >; 2; 80; 2; 8; 8; 2
26; 26H; >; 3; 79; 2; 10; 10; 2
26; 26H; >; 4; 78; 2; 12; 12; 2
26; 26H; >; 5; 77; 2; 14; 14; 2
26; 26H; >; 6; 76; 2; 16; 16; 2
26; 26H; >; 7; 66; 2; 20; 22; 2
26; 26H; >; 8; 67; 2; 25; 28; 2
26; 26H; >; 9; 68; 2; 31; 34; 2
26; 26H; >; 10; 69; 2; 37; 40; 2
26; 26H; >; 11; 70; 2; 43; 46; 2
26; 26H; >; 12; 71; 2; 49; 49; 2
26; 26R; <; 1; 71; 2; 44; 44; 1
26; 26R; <; 2; 70; 2; 46; 46; 1
26; 26R; <; 3; 69; 2; 48; 48; 1
26; 26R; <; 4; 68; 2; 50; 50; 1
26; 26R; <; 5; 67; 2; 52; 52; 1
26; 26R; <; 6; 66; 2; 54; 54; 1
26; 26R; <; 7; 76; 2; 57; 57; 1
26; 26R; <; 8; 77; 2; 59; 59; 1
26; 26R; <; 9; 78; 2; 1; 1; 1
26; 26R; <; 10; 79; 2; 3; 3; 1
26; 26R; <; 11; 80; 2; 5; 5; 1
26; 26R; <; 12; 81; 2; 7; 7; 1
26; 26R; <; 1; 71; 2; 14; 14; 2
26; 26R; <; 2; 70; 2; 16; 16; 2
26; 26R; <; 3; 69; 2; 18; 18; 2
26; 26R; <; 4; 68; 2; 20; 20; 2
26; 26R; <; 5; 67; 2; 22; 22; 2
26; 26R; <; 6; 66; 2; 24; 24; 2
26; 26R; <; 7; 76; 2; 27; 27; 2
26; 26R; <; 8; 77; 2; 29; 29; 2
26; 26R; <; 9; 78; 2; 31; 31; 2
26; 26R; <; 10; 79; 2; 33; 33; 2
26; 26R; <; 11; 80; 2; 35; 35; 2
26; 26R; <; 12; 81; 2; 37; 37; 2
27; 27H; >; 1; 71; 2; 42; 42; 1
27; 27H; >; 2; 70; 2; 44; 44; 1
27; 27H; >; 3; 69; 2; 46; 46; 1
27; 27H; >; 4; 68; 2; 48; 48; 1
27; 27H; >; 5; 67; 2; 50; 50; 1
27; 27H; >; 6; 66; 2; 52; 52; 1
27; 27H; >; 7; 56; 2; 55; 55; 1
27; 27H; >; 8; 57; 2; 57; 57; 1
27; 27H; >; 9; 58; 2; 59; 59; 1
27; 27H; >; 10; 59; 2; 1; 4; 1
27; 27H; >; 11; 60; 2; 7; 10; 1
27; 27H; >; 12; 61; 2; 13; 13; 1
27; 27H; >; 1; 71; 2; 12; 12; 2
27; 27H; >; 2; 70; 2; 14; 14; 2
27; 27H; >; 3; 69; 2; 16; 16; 2
27; 27H; >; 4; 68; 2; 18; 18; 2
27; 27H; >; 5; 67; 2; 20; 20; 2
27; 27H; >; 6; 66; 2; 22; 22; 2
27; 27H; >; 7; 56; 2; 25; 25; 2
27; 27H; >; 8; 57; 2; 27; 27; 2
27; 27H; >; 9; 58; 2; 29; 29; 2
27; 27H; >; 10; 59; 2; 31; 34; 2
27; 27H; >; 11; 60; 2; 37; 40; 2
27; 27H; >; 12; 61; 2; 43; 43; 2
27; 27R; <; 1; 61; 2; 8; 8; 1
27; 27R; <; 2; 60; 2; 10; 10; 1
27; 27R; <; 3; 59; 2; 12; 12; 1
27; 27R; <; 4; 58; 2; 14; 14; 1
27; 27R; <; 5; 57; 2; 16; 16; 1
27; 27R; <; 6; 56; 2; 18; 18; 1
27; 27R; <; 7; 66; 2; 21; 21; 1
27; 27R; <; 8; 67; 2; 23; 23; 1
27; 27R; <; 9; 68; 2; 25; 25; 1
27; 27R; <; 10; 69; 2; 27; 27; 1
27; 27R; <; 11; 70; 2; 29; 29; 1
27; 27R; <; 12; 71; 2; 32; 32; 1
27; 27R; <; 1; 61; 2; 38; 38; 2
27; 27R; <; 2; 60; 2; 40; 40; 2
27; 27R; <; 3; 59; 2; 42; 42; 2
27; 27R; <; 4; 58; 2; 44; 44; 2
27; 27R; <; 5; 57; 2; 46; 46; 2
27; 27R; <; 6; 56; 2; 48; 48; 2
27; 27R; <; 7; 66; 2; 51; 51; 2
27; 27R; <; 8; 67; 2; 53; 53; 2
27; 27R; <; 9; 68; 2; 55; 55; 2
27; 27R; <; 10; 69; 2; 57; 57; 2
27; 27R; <; 11; 70; 2; 59; 59; 2
27; 27R; <; 12; 71; 2; 1; 1; 2
28; 28H; >; 1; 61; 2; 8; 8; 1
28; 28H; >; 2; 60; 2; 10; 10; 1
28; 28H; >; 3; 59; 2; 12; 12; 1
28; 28H; >; 4; 58; 2; 14; 14; 1
28; 28H; >; 5; 57; 2; 16; 16; 1
28; 28H; >; 6; 56; 2; 18; 18; 1
28; 28H; >; 7; 46; 2; 21; 21; 1
28; 28H; >; 8; 47; 2; 23; 23; 1
28; 28H; >; 9; 48; 2; 25; 25; 1
28; 28H; >; 10; 49; 2; 27; 27; 1
28; 28H; >; 11; 50; 2; 29; 29; 1
28; 28H; >; 12; 51; 2; 32; 32; 1
28; 28H; >; 1; 61; 2; 38; 38; 2
28; 28H; >; 2; 60; 2; 40; 40; 2
28; 28H; >; 3; 59; 2; 42; 42; 2
28; 28H; >; 4; 58; 2; 44; 44; 2
28; 28H; >; 5; 57; 2; 46; 46; 2
28; 28H; >; 6; 56; 2; 48; 48; 2
28; 28H; >; 7; 46; 2; 51; 51; 2
28; 28H; >; 8; 47; 2; 53; 53; 2
28; 28H; >; 9; 48; 2; 55; 55; 2
28; 28H; >; 10; 49; 2; 57; 57; 2
28; 28H; >; 11; 50; 2; 59; 59; 2
28; 28H; >; 12; 51; 2; 1; 1; 2
28; 28R; <; 1; 51; 2; 27; 27; 1
28; 28R; <; 2; 50; 2; 29; 29; 1
28; 28R; <; 3; 49; 2; 31; 31; 1
28; 28R; <; 4; 48; 2; 33; 33; 1
28; 28R; <; 5; 47; 2; 35; 35; 1
28; 28R; <; 6; 46; 2; 37; 37; 1
28; 28R; <; 7; 56; 2; 40; 40; 1
28; 28R; <; 8; 57; 2; 42; 42; 1
28; 28R; <; 9; 58; 2; 44; 44; 1
28; 28R; <; 10; 59; 2; 47; 49; 1
28; 28R; <; 11; 60; 2; 52; 55; 1
28; 28R; <; 12; 61; 2; 58; 58; 1
28; 28R; <; 1; 51; 2; 57; 57; 2
28; 28R; <; 2; 50; 2; 59; 59; 2
28; 28R; <; 3; 49; 2; 1; 1; 2
28; 28R; <; 4; 48; 2; 3; 3; 2
28; 28R; <; 5; 47; 2; 5; 5; 2
28; 28R; <; 6; 46; 2; 7; 7; 2
28; 28R; <; 7; 56; 2; 10; 10; 2
28; 28R; <; 8; 57; 2; 12; 12; 2
28; 28R; <; 9; 58; 2; 14; 14; 2
28; 28R; <; 10; 59; 2; 16; 19; 2
28; 28R; <; 11; 60; 2; 22; 25; 2
28; 28R; <; 12; 61; 2; 28; 28; 2
30; 30H; >; 1; 40; 2; 13; 13; 1
30; 30H; >; 2; 39; 2; 15; 15; 1
30; 30H; >; 3; 38; 2; 17; 17; 1
30; 30H; >; 4; 37; 2; 19; 19; 1
30; 30H; >; 5; 36; 2; 21; 21; 1
30; 30H; >; 6; 26; 2; 24; 24; 1
30; 30H; >; 7; 16; 2; 27; 30; 1
30; 30H; >; 8; 17; 2; 33; 36; 1
30; 30H; >; 9; 18; 2; 39; 42; 1
30; 30H; >; 10; 19; 2; 45; 48; 1
30; 30H; >; 11; 20; 2; 51; 54; 1
30; 30H; >; 12; 21; 2; 57; 57; 1
30; 30H; >; 1; 40; 2; 43; 43; 2
30; 30H; >; 2; 39; 2; 45; 45; 2
30; 30H; >; 3; 38; 2; 47; 47; 2
30; 30H; >; 4; 37; 2; 49; 49; 2
30; 30H; >; 5; 36; 2; 51; 51; 2
30; 30H; >; 6; 26; 2; 54; 54; 2
30; 30H; >; 7; 16; 2; 57; 0; 2
30; 30H; >; 8; 17; 2; 3; 6; 2
30; 30H; >; 9; 18; 2; 9; 12; 2
30; 30H; >; 10; 19; 2; 15; 18; 2
30; 30H; >; 11; 20; 2; 21; 24; 2
30; 30H; >; 12; 21; 2; 27; 27; 2
30; 30R; <; 1; 21; 2; 42; 42; 1
30; 30R; <; 2; 20; 2; 44; 44; 1
30; 30R; <; 3; 19; 2; 46; 46; 1
30; 30R; <; 4; 18; 2; 48; 48; 1
30; 30R; <; 5; 17; 2; 50; 50; 1
30; 30R; <; 6; 16; 2; 52; 52; 1
30; 30R; <; 7; 26; 2; 55; 55; 1
30; 30R; <; 8; 36; 2; 58; 58; 1
30; 30R; <; 9; 37; 2; 1; 3; 1
30; 30R; <; 10; 38; 2; 6; 9; 1
30; 30R; <; 11; 39; 2; 12; 15; 1
30; 30R; <; 12; 40; 2; 18; 18; 1
30; 30R; <; 1; 21; 2; 12; 12; 2
30; 30R; <; 2; 20; 2; 14; 14; 2
30; 30R; <; 3; 19; 2; 16; 16; 2
30; 30R; <; 4; 18; 2; 18; 18; 2
30; 30R; <; 5; 17; 2; 20; 20; 2
30; 30R; <; 6; 16; 2; 22; 22; 2
30; 30R; <; 7; 26; 2; 25; 25; 2
30; 30R; <; 8; 36; 2; 28; 28; 2
30; 30R; <; 9; 37; 2; 30; 33; 2
30; 30R; <; 10; 38; 2; 36; 39; 2
30; 30R; <; 11; 39; 2; 42; 45; 2
30; 30R; <; 12; 40; 2; 48; 48; 2
31; 31H; >; 1; 21; 2; 32; 32; 1
31; 31H; >; 2; 20; 2; 34; 34; 1
31; 31H; >; 3; 19; 2; 36; 36; 1
31; 31H; >; 4; 18; 2; 38; 38; 1
31; 31H; >; 5; 17; 2; 40; 40; 1
31; 31H; >; 6; 16; 2; 42; 42; 1
31; 31H; >; 7; 6; 2; 45; 48; 1
31; 31H; >; 8; 5; 2; 51; 54; 1
31; 31H; >; 9; 4; 2; 57; 0; 1
31; 31H; >; 10; 3; 2; 3; 6; 1
31; 31H; >; 11; 2; 2; 9; 12; 1
31; 31H; >; 12; 1; 2; 15; 15; 1
31; 31H; >; 1; 21; 2; 2; 2; 2
31; 31H; >; 2; 20; 2; 4; 4; 2
31; 31H; >; 3; 19; 2; 6; 6; 2
31; 31H; >; 4; 18; 2; 8; 8; 2
31; 31H; >; 5; 17; 2; 10; 10; 2
31; 31H; >; 6; 16; 2; 12; 12; 2
31; 31H; >; 7; 6; 2; 16; 18; 2
31; 31H; >; 8; 5; 2; 21; 24; 2
31; 31H; >; 9; 4; 2; 27; 30; 2
31; 31H; >; 10; 3; 2; 33; 36; 2
31; 31H; >; 11; 2; 2; 39; 42; 2
31; 31H; >; 12; 1; 2; 45; 45; 2
31; 31R; <; 1; 1; 2; 8; 8; 1
31; 31R; <; 2; 2; 2; 10; 10; 1
31; 31R; <; 3; 3; 2; 12; 12; 1
31; 31R; <; 4; 4; 2; 14; 14; 1
31; 31R; <; 5; 5; 2; 16; 16; 1
31; 31R; <; 6; 6; 2; 18; 18; 1
31; 31R; <; 7; 16; 2; 21; 21; 1
31; 31R; <; 8; 17; 2; 23; 23; 1
31; 31R; <; 9; 18; 2; 25; 25; 1
31; 31R; <; 10; 19; 2; 27; 27; 1
31; 31R; <; 11; 20; 2; 29; 29; 1
31; 31R; <; 12; 21; 2; 32; 32; 1
31; 31R; <; 1; 1; 2; 38; 38; 2
31; 31R; <; 2; 2; 2; 40; 40; 2
31; 31R; <; 3; 3; 2; 42; 42; 2
31; 31R; <; 4; 4; 2; 44; 44; 2
31; 31R; <; 5; 5; 2; 46; 46; 2
31; 31R; <; 6; 6; 2; 48; 48; 2
31; 31R; <; 7; 16; 2; 51; 51; 2
31; 31R; <; 8; 17; 2; 53; 53; 2
31; 31R; <; 9; 18; 2; 55; 55; 2
31; 31R; <; 10; 19; 2; 57; 57; 2
31; 31R; <; 11; 20; 2; 59; 59; 2
31; 31R; <; 12; 21; 2; 1; 1; 2
32; 32H; >; 1; 92; 2; 3; 3; 1
32; 32H; >; 2; 82; 2; 4; 4; 1
32; 32H; >; 3; 72; 2; 5; 8; 1
32; 32H; >; 4; 62; 2; 9; 9; 1
32; 32H; >; 5; 52; 2; 10; 10; 1
32; 32H; >; 6; 42; 2; 11; 14; 1
32; 32H; >; 7; 32; 2; 15; 15; 1
32; 32H; >; 8; 22; 2; 16; 19; 1
32; 32H; >; 9; 12; 2; 20; 23; 1
32; 32H; >; 10; 2; 2; 25; 28; 1
32; 32H; >; 11; 1; 2; 31; 31; 1
32; 32H; >; 1; 92; 2; 33; 33; 2
32; 32H; >; 2; 82; 2; 34; 34; 2
32; 32H; >; 3; 72; 2; 35; 38; 2
32; 32H; >; 4; 62; 2; 39; 39; 2
32; 32H; >; 5; 52; 2; 40; 40; 2
32; 32H; >; 6; 42; 2; 41; 44; 2
32; 32H; >; 7; 32; 2; 45; 45; 2
32; 32H; >; 8; 22; 2; 46; 49; 2
32; 32H; >; 9; 12; 2; 50; 53; 2
32; 32H; >; 10; 2; 2; 55; 58; 2
32; 32H; >; 11; 1; 2; 0; 0; 2
32; 32R; <; 1; 1; 2; 34; 34; 1
32; 32R; <; 2; 2; 2; 36; 36; 1
32; 32R; <; 3; 12; 2; 37; 37; 1
32; 32R; <; 4; 22; 2; 38; 38; 1
32; 32R; <; 5; 32; 2; 39; 39; 1
32; 32R; <; 6; 42; 2; 40; 40; 1
32; 32R; <; 7; 52; 2; 41; 41; 1
32; 32R; <; 8; 62; 2; 42; 42; 1
32; 32R; <; 9; 72; 2; 43; 43; 1
32; 32R; <; 10; 82; 2; 45; 47; 1
32; 32R; <; 11; 92; 2; 49; 49; 1
32; 32R; <; 1; 1; 2; 4; 4; 2
32; 32R; <; 2; 2; 2; 6; 6; 2
32; 32R; <; 3; 12; 2; 7; 7; 2
32; 32R; <; 4; 22; 2; 8; 8; 2
32; 32R; <; 5; 32; 2; 9; 9; 2
32; 32R; <; 6; 42; 2; 10; 10; 2
32; 32R; <; 7; 52; 2; 11; 11; 2
32; 32R; <; 8; 62; 2; 12; 12; 2
32; 32R; <; 9; 72; 2; 13; 13; 2
32; 32R; <; 10; 82; 2; 14; 17; 2
32; 32R; <; 11; 92; 2; 19; 19; 2
33; 33H; >; 1; 32; 2; 48; 48; 1
33; 33H; >; 2; 22; 2; 49; 49; 1
33; 33H; >; 3; 23; 2; 51; 51; 1
33; 33H; >; 4; 24; 2; 53; 53; 1
33; 33H; >; 5; 25; 2; 55; 55; 1
33; 33H; >; 6; 26; 2; 57; 57; 1
33; 33H; >; 7; 27; 2; 59; 59; 1
33; 33H; >; 8; 28; 2; 1; 1; 1
33; 33H; >; 9; 29; 2; 3; 6; 1
33; 33H; >; 10; 30; 2; 9; 12; 1
33; 33H; >; 11; 31; 2; 15; 15; 1
33; 33H; >; 1; 32; 2; 18; 18; 2
33; 33H; >; 2; 22; 2; 19; 19; 2
33; 33H; >; 3; 23; 2; 21; 21; 2
33; 33H; >; 4; 24; 2; 23; 23; 2
33; 33H; >; 5; 25; 2; 25; 25; 2
33; 33H; >; 6; 26; 2; 27; 27; 2
33; 33H; >; 7; 27; 2; 29; 29; 2
33; 33H; >; 8; 28; 2; 31; 31; 2
33; 33H; >; 9; 29; 2; 34; 36; 2
33; 33H; >; 10; 30; 2; 39; 42; 2
33; 33H; >; 11; 31; 2; 45; 45; 2
33; 33R; <; 1; 31; 2; 47; 47; 1
33; 33R; <; 2; 30; 2; 49; 49; 1
33; 33R; <; 3; 29; 2; 51; 51; 1
33; 33R; <; 4; 28; 2; 53; 53; 1
33; 33R; <; 5; 27; 2; 55; 55; 1
33; 33R; <; 6; 26; 2; 57; 57; 1
33; 33R; <; 7; 25; 2; 59; 59; 1
33; 33R; <; 8; 24; 2; 1; 1; 1
33; 33R; <; 9; 23; 2; 3; 3; 1
33; 33R; <; 10; 22; 2; 5; 5; 1
33; 33R; <; 11; 32; 2; 6; 6; 1
33; 33R; <; 1; 31; 2; 17; 17; 2
33; 33R; <; 2; 30; 2; 19; 19; 2
33; 33R; <; 3; 29; 2; 21; 21; 2
33; 33R; <; 4; 28; 2; 23; 23; 2
33; 33R; <; 5; 27; 2; 25; 25; 2
33; 33R; <; 6; 26; 2; 27; 27; 2
33; 33R; <; 7; 25; 2; 29; 29; 2
33; 33R; <; 8; 24; 2; 31; 31; 2
33; 33R; <; 9; 23; 2; 33; 33; 2
33; 33R; <; 10; 22; 2; 35; 35; 2
33; 33R; <; 11; 32; 2; 36; 36; 2
34; 34H; >; 1; 161; 2; 48; 48; 1
34; 34H; >; 2; 160; 2; 50; 50; 1
34; 34H; >; 3; 159; 2; 52; 52; 1
34; 34H; >; 4; 158; 2; 54; 54; 1
34; 34H; >; 5; 157; 2; 56; 56; 1
34; 34H; >; 6; 156; 2; 58; 58; 1
34; 34H; >; 7; 155; 2; 0; 0; 1
34; 34H; >; 8; 154; 2; 2; 2; 1
34; 34H; >; 9; 153; 2; 4; 4; 1
34; 34H; >; 10; 152; 2; 6; 6; 1
34; 34H; >; 11; 1; 2; 8; 8; 1
34; 34H; >; 1; 161; 2; 18; 18; 2
34; 34H; >; 2; 160; 2; 20; 20; 2
34; 34H; >; 3; 159; 2; 22; 22; 2
34; 34H; >; 4; 158; 2; 24; 24; 2
34; 34H; >; 5; 157; 2; 26; 26; 2
34; 34H; >; 6; 156; 2; 28; 28; 2
34; 34H; >; 7; 155; 2; 30; 30; 2
34; 34H; >; 8; 154; 2; 32; 32; 2
34; 34H; >; 9; 153; 2; 34; 34; 2
34; 34H; >; 10; 152; 2; 36; 36; 2
34; 34H; >; 11; 1; 2; 38; 38; 2
34; 34R; <; 1; 1; 2; 41; 41; 1
34; 34R; <; 2; 152; 2; 43; 43; 1
34; 34R; <; 3; 153; 2; 45; 45; 1
34; 34R; <; 4; 154; 2; 47; 47; 1
34; 34R; <; 5; 155; 2; 49; 49; 1
34; 34R; <; 6; 156; 2; 51; 51; 1
34; 34R; <; 7; 157; 2; 53; 53; 1
34; 34R; <; 8; 158; 2; 55; 55; 1
34; 34R; <; 9; 159; 2; 57; 57; 1
34; 34R; <; 10; 160; 2; 59; 59; 1
34; 34R; <; 11; 161; 2; 1; 1; 1
34; 34R; <; 1; 1; 2; 11; 11; 2
34; 34R; <; 2; 152; 2; 13; 13; 2
34; 34R; <; 3; 153; 2; 15; 15; 2
34; 34R; <; 4; 154; 2; 17; 17; 2
34; 34R; <; 5; 155; 2; 19; 19; 2
34; 34R; <; 6; 156; 2; 21; 21; 2
34; 34R; <; 7; 157; 2; 23; 23; 2
34; 34R; <; 8; 158; 2; 25; 25; 2
34; 34R; <; 9; 159; 2; 27; 27; 2
34; 34R; <; 10; 160; 2; 29; 29; 2
34; 34R; <; 11; 161; 2; 31; 31; 2
35; 35H; >; 1; 151; 2; 18; 18; 1
35; 35H; >; 2; 150; 2; 20; 20; 1
35; 35H; >; 3; 149; 2; 22; 22; 1
35; 35H; >; 4; 148; 2; 24; 24; 1
35; 35H; >; 5; 147; 2; 26; 26; 1
35; 35H; >; 6; 146; 2; 28; 28; 1
35; 35H; >; 7; 145; 2; 30; 30; 1
35; 35H; >; 8; 144; 2; 32; 32; 1
35; 35H; >; 9; 143; 2; 34; 34; 1
35; 35H; >; 10; 142; 2; 36; 36; 1
35; 35H; >; 11; 1; 2; 38; 38; 1
35; 35H; >; 1; 151; 2; 48; 48; 2
35; 35H; >; 2; 150; 2; 50; 50; 2
35; 35H; >; 3; 149; 2; 52; 52; 2
35; 35H; >; 4; 148; 2; 54; 54; 2
35; 35H; >; 5; 147; 2; 56; 56; 2
35; 35H; >; 6; 146; 2; 58; 58; 2
35; 35H; >; 7; 145; 2; 0; 0; 2
35; 35H; >; 8; 144; 2; 2; 2; 2
35; 35H; >; 9; 143; 2; 4; 4; 2
35; 35H; >; 10; 142; 2; 6; 6; 2
35; 35H; >; 11; 1; 2; 8; 8; 2
35; 35R; <; 1; 1; 2; 41; 41; 1
35; 35R; <; 2; 142; 2; 43; 43; 1
35; 35R; <; 3; 143; 2; 45; 45; 1
35; 35R; <; 4; 144; 2; 47; 47; 1
35; 35R; <; 5; 145; 2; 49; 49; 1
35; 35R; <; 6; 146; 2; 51; 51; 1
35; 35R; <; 7; 147; 2; 53; 53; 1
35; 35R; <; 8; 148; 2; 55; 55; 1
35; 35R; <; 9; 149; 2; 57; 57; 1
35; 35R; <; 10; 150; 2; 59; 59; 1
35; 35R; <; 11; 151; 2; 1; 1; 1
35; 35R; <; 1; 1; 2; 11; 11; 2
35; 35R; <; 2; 142; 2; 13; 13; 2
35; 35R; <; 3; 143; 2; 15; 15; 2
35; 35R; <; 4; 144; 2; 17; 17; 2
35; 35R; <; 5; 145; 2; 19; 19; 2
35; 35R; <; 6; 146; 2; 21; 21; 2
35; 35R; <; 7; 147; 2; 23; 23; 2
35; 35R; <; 8; 148; 2; 25; 25; 2
35; 35R; <; 9; 149; 2; 27; 27; 2
35; 35R; <; 10; 150; 2; 29; 29; 2
35; 35R; <; 11; 151; 2; 31; 31; 2
36; 36H; >; 1; 141; 4; 3; 3; 1
36; 36H; >; 2; 140; 4; 5; 5; 1
36; 36H; >; 3; 139; 4; 7; 7; 1
36; 36H; >; 4; 138; 4; 9; 9; 1
36; 36H; >; 5; 137; 4; 11; 11; 1
36; 36H; >; 6; 136; 4; 13; 13; 1
36; 36H; >; 7; 135; 4; 15; 15; 1
36; 36H; >; 8; 134; 4; 17; 17; 1
36; 36H; >; 9; 133; 4; 19; 19; 1
36; 36H; >; 10; 132; 4; 21; 21; 1
36; 36H; >; 11; 1; 4; 23; 23; 1
36; 36H; >; 1; 141; 4; 18; 18; 2
36; 36H; >; 2; 140; 4; 20; 20; 2
36; 36H; >; 3; 139; 4; 22; 22; 2
36; 36H; >; 4; 138; 4; 24; 24; 2
36; 36H; >; 5; 137; 4; 26; 26; 2
36; 36H; >; 6; 136; 4; 28; 28; 2
36; 36H; >; 7; 135; 4; 30; 30; 2
36; 36H; >; 8; 134; 4; 32; 32; 2
36; 36H; >; 9; 133; 4; 34; 34; 2
36; 36H; >; 10; 132; 4; 36; 36; 2
36; 36H; >; 11; 1; 4; 39; 39; 2
36; 36H; >; 1; 141; 4; 33; 33; 3
36; 36H; >; 2; 140; 4; 35; 35; 3
36; 36H; >; 3; 139; 4; 37; 37; 3
36; 36H; >; 4; 138; 4; 39; 39; 3
36; 36H; >; 5; 137; 4; 41; 41; 3
36; 36H; >; 6; 136; 4; 43; 43; 3
36; 36H; >; 7; 135; 4; 45; 45; 3
36; 36H; >; 8; 134; 4; 47; 47; 3
36; 36H; >; 9; 133; 4; 49; 49; 3
36; 36H; >; 10; 132; 4; 51; 51; 3
36; 36H; >; 11; 1; 4; 54; 54; 3
36; 36H; >; 1; 141; 4; 48; 48; 4
36; 36H; >; 2; 140; 4; 50; 50; 4
36; 36H; >; 3; 139; 4; 52; 52; 4
36; 36H; >; 4; 138; 4; 54; 54; 4
36; 36H; >; 5; 137; 4; 56; 56; 4
36; 36H; >; 6; 136; 4; 58; 58; 4
36; 36H; >; 7; 135; 4; 0; 0; 4
36; 36H; >; 8; 134; 4; 2; 2; 4
36; 36H; >; 9; 133; 4; 4; 4; 4
36; 36H; >; 10; 132; 4; 6; 6; 4
36; 36H; >; 11; 1; 4; 8; 8; 4
36; 36R; <; 1; 1; 4; 56; 56; 1
36; 36R; <; 2; 132; 4; 58; 58; 1
36; 36R; <; 3; 133; 4; 0; 0; 1
36; 36R; <; 4; 134; 4; 2; 2; 1
36; 36R; <; 5; 135; 4; 4; 4; 1
36; 36R; <; 6; 136; 4; 6; 6; 1
36; 36R; <; 7; 137; 4; 8; 8; 1
36; 36R; <; 8; 138; 4; 10; 10; 1
36; 36R; <; 9; 139; 4; 12; 12; 1
36; 36R; <; 10; 140; 4; 14; 14; 1
36; 36R; <; 11; 141; 4; 17; 17; 1
36; 36R; <; 1; 1; 4; 11; 11; 2
36; 36R; <; 2; 132; 4; 13; 13; 2
36; 36R; <; 3; 133; 4; 15; 15; 2
36; 36R; <; 4; 134; 4; 17; 17; 2
36; 36R; <; 5; 135; 4; 19; 19; 2
36; 36R; <; 6; 136; 4; 21; 21; 2
36; 36R; <; 7; 137; 4; 23; 23; 2
36; 36R; <; 8; 138; 4; 25; 25; 2
36; 36R; <; 9; 139; 4; 27; 27; 2
36; 36R; <; 10; 140; 4; 29; 29; 2
36; 36R; <; 11; 141; 4; 32; 32; 2
36; 36R; <; 1; 1; 4; 26; 26; 3
36; 36R; <; 2; 132; 4; 28; 28; 3
36; 36R; <; 3; 133; 4; 30; 30; 3
36; 36R; <; 4; 134; 4; 32; 32; 3
36; 36R; <; 5; 135; 4; 34; 34; 3
36; 36R; <; 6; 136; 4; 36; 36; 3
36; 36R; <; 7; 137; 4; 38; 38; 3
36; 36R; <; 8; 138; 4; 40; 40; 3
36; 36R; <; 9; 139; 4; 42; 42; 3
36; 36R; <; 10; 140; 4; 44; 44; 3
36; 36R; <; 11; 141; 4; 47; 47; 3
36; 36R; <; 1; 1; 4; 41; 41; 4
36; 36R; <; 2; 132; 4; 43; 43; 4
36; 36R; <; 3; 133; 4; 45; 45; 4
36; 36R; <; 4; 134; 4; 47; 47; 4
36; 36R; <; 5; 135; 4; 49; 49; 4
36; 36R; <; 6; 136; 4; 51; 51; 4
36; 36R; <; 7; 137; 4; 53; 53; 4
36; 36R; <; 8; 138; 4; 55; 55; 4
36; 36R; <; 9; 139; 4; 57; 57; 4
36; 36R; <; 10; 140; 4; 59; 59; 4
36; 36R; <; 11; 141; 4; 1; 1; 4
51; 51H; >; 1; 50; 2; 12; 12; 1
51; 51H; >; 2; 49; 2; 14; 14; 1
51; 51H; >; 3; 48; 2; 16; 16; 1
51; 51H; >; 4; 47; 2; 18; 18; 1
51; 51H; >; 5; 46; 2; 20; 20; 1
51; 51H; >; 6; 36; 2; 23; 23; 1
51; 51H; >; 7; 37; 2; 25; 25; 1
51; 51H; >; 8; 38; 2; 27; 27; 1
51; 51H; >; 9; 39; 2; 29; 29; 1
51; 51H; >; 10; 40; 2; 32; 32; 1
51; 51H; >; 1; 50; 2; 42; 42; 2
51; 51H; >; 2; 49; 2; 44; 44; 2
51; 51H; >; 3; 48; 2; 46; 46; 2
51; 51H; >; 4; 47; 2; 48; 48; 2
51; 51H; >; 5; 46; 2; 50; 50; 2
51; 51H; >; 6; 36; 2; 53; 53; 2
51; 51H; >; 7; 37; 2; 55; 55; 2
51; 51H; >; 8; 38; 2; 57; 57; 2
51; 51H; >; 9; 39; 2; 59; 59; 2
51; 51H; >; 10; 40; 2; 1; 1; 2
51; 51R; <; 1; 40; 2; 23; 23; 1
51; 51R; <; 2; 39; 2; 25; 25; 1
51; 51R; <; 3; 38; 2; 27; 27; 1
51; 51R; <; 4; 37; 2; 29; 29; 1
51; 51R; <; 5; 36; 2; 31; 31; 1
51; 51R; <; 6; 46; 2; 34; 37; 1
51; 51R; <; 7; 47; 2; 40; 43; 1
51; 51R; <; 8; 48; 2; 46; 49; 1
51; 51R; <; 9; 49; 2; 52; 55; 1
51; 51R; <; 10; 50; 2; 58; 58; 1
51; 51R; <; 1; 40; 2; 53; 53; 2
51; 51R; <; 2; 39; 2; 55; 55; 2
51; 51R; <; 3; 38; 2; 57; 57; 2
51; 51R; <; 4; 37; 2; 59; 59; 2
51; 51R; <; 5; 36; 2; 1; 1; 2
51; 51R; <; 6; 46; 2; 4; 7; 2
51; 51R; <; 7; 47; 2; 10; 13; 2
51; 51R; <; 8; 48; 2; 16; 19; 2
51; 51R; <; 9; 49; 2; 22; 25; 2
51; 51R; <; 10; 50; 2; 28; 28; 2
53; 53H; >; 1; 85; 2; 21; 21; 1
53; 53H; >; 2; 84; 2; 23; 23; 1
53; 53H; >; 3; 83; 2; 25; 25; 1
53; 53H; >; 4; 73; 2; 27; 27; 1
53; 53H; >; 5; 74; 2; 29; 29; 1
53; 53H; >; 6; 75; 2; 31; 31; 1
53; 53H; >; 1; 85; 2; 51; 51; 2
53; 53H; >; 2; 84; 2; 53; 53; 2
53; 53H; >; 3; 83; 2; 55; 55; 2
53; 53H; >; 4; 73; 2; 57; 57; 2
53; 53H; >; 5; 74; 2; 59; 59; 2
53; 53H; >; 6; 75; 2; 1; 1; 2
53; 53R; <; 1; 75; 2; 21; 21; 1
53; 53R; <; 2; 74; 2; 23; 23; 1
53; 53R; <; 3; 73; 2; 25; 25; 1
53; 53R; <; 4; 83; 2; 27; 27; 1
53; 53R; <; 5; 84; 2; 29; 29; 1
53; 53R; <; 6; 85; 2; 32; 32; 1
53; 53R; <; 1; 75; 2; 51; 51; 2
53; 53R; <; 2; 74; 2; 53; 53; 2
53; 53R; <; 3; 73; 2; 55; 55; 2
53; 53R; <; 4; 83; 2; 57; 57; 2
53; 53R; <; 5; 84; 2; 59; 59; 2
53; 53R; <; 6; 85; 2; 1; 1; 2
54; 54H; >; 1; 75; 2; 21; 21; 1
54; 54H; >; 2; 74; 2; 23; 23; 1
54; 54H; >; 3; 73; 2; 25; 25; 1
54; 54H; >; 4; 63; 2; 27; 27; 1
54; 54H; >; 5; 64; 2; 29; 29; 1
54; 54H; >; 6; 65; 2; 32; 32; 1
54; 54H; >; 1; 75; 2; 51; 51; 2
54; 54H; >; 2; 74; 2; 53; 53; 2
54; 54H; >; 3; 73; 2; 55; 55; 2
54; 54H; >; 4; 63; 2; 57; 57; 2
54; 54H; >; 5; 64; 2; 59; 59; 2
54; 54H; >; 6; 65; 2; 1; 1; 2
54; 54R; <; 1; 65; 2; 21; 21; 1
54; 54R; <; 2; 64; 2; 23; 23; 1
54; 54R; <; 3; 63; 2; 25; 25; 1
54; 54R; <; 4; 73; 2; 27; 27; 1
54; 54R; <; 5; 74; 2; 29; 29; 1
54; 54R; <; 6; 75; 2; 32; 32; 1
54; 54R; <; 1; 65; 2; 51; 51; 2
54; 54R; <; 2; 64; 2; 53; 53; 2
54; 54R; <; 3; 63; 2; 55; 55; 2
54; 54R; <; 4; 73; 2; 57; 57; 2
54; 54R; <; 5; 74; 2; 59; 59; 2
54; 54R; <; 6; 75; 2; 1; 1; 2
55; 55H; >; 1; 65; 2; 21; 21; 1
55; 55H; >; 2; 64; 2; 23; 23; 1
55; 55H; >; 3; 63; 2; 25; 25; 1
55; 55H; >; 4; 53; 2; 27; 27; 1
55; 55H; >; 5; 54; 2; 29; 29; 1
55; 55H; >; 6; 55; 2; 31; 31; 1
55; 55H; >; 1; 65; 2; 51; 51; 2
55; 55H; >; 2; 64; 2; 53; 53; 2
55; 55H; >; 3; 63; 2; 55; 55; 2
55; 55H; >; 4; 53; 2; 57; 57; 2
55; 55H; >; 5; 54; 2; 59; 59; 2
55; 55H; >; 6; 55; 2; 1; 1; 2
55; 55R; <; 1; 55; 2; 21; 21; 1
55; 55R; <; 2; 54; 2; 23; 23; 1
55; 55R; <; 3; 53; 2; 25; 25; 1
55; 55R; <; 4; 63; 2; 27; 27; 1
55; 55R; <; 5; 64; 2; 29; 29; 1
55; 55R; <; 6; 65; 2; 32; 32; 1
55; 55R; <; 1; 55; 2; 51; 51; 2
55; 55R; <; 2; 54; 2; 53; 53; 2
55; 55R; <; 3; 53; 2; 55; 55; 2
55; 55R; <; 4; 63; 2; 57; 57; 2
55; 55R; <; 5; 64; 2; 59; 59; 2
55; 55R; <; 6; 65; 2; 1; 1; 2
56; 56H; >; 1; 55; 2; 21; 21; 1
56; 56H; >; 2; 54; 2; 23; 23; 1
56; 56H; >; 3; 53; 2; 25; 25; 1
56; 56H; >; 4; 43; 2; 27; 27; 1
56; 56H; >; 5; 44; 2; 29; 29; 1
56; 56H; >; 6; 45; 2; 32; 32; 1
56; 56H; >; 1; 55; 2; 51; 51; 2
56; 56H; >; 2; 54; 2; 53; 53; 2
56; 56H; >; 3; 53; 2; 55; 55; 2
56; 56H; >; 4; 43; 2; 57; 57; 2
56; 56H; >; 5; 44; 2; 59; 59; 2
56; 56H; >; 6; 45; 2; 1; 1; 2
56; 56R; <; 1; 45; 2; 21; 21; 1
56; 56R; <; 2; 44; 2; 23; 23; 1
56; 56R; <; 3; 43; 2; 25; 25; 1
56; 56R; <; 4; 53; 2; 27; 27; 1
56; 56R; <; 5; 54; 2; 29; 29; 1
56; 56R; <; 6; 55; 2; 32; 32; 1
56; 56R; <; 1; 45; 2; 51; 51; 2
56; 56R; <; 2; 44; 2; 53; 53; 2
56; 56R; <; 3; 43; 2; 55; 55; 2
56; 56R; <; 4; 53; 2; 57; 57; 2
56; 56R; <; 5; 54; 2; 59; 59; 2
56; 56R; <; 6; 55; 2; 1; 1; 2
57; 57H; >; 1; 45; 2; 46; 46; 1
57; 57H; >; 2; 44; 2; 48; 48; 1
57; 57H; >; 3; 43; 2; 50; 50; 1
57; 57H; >; 4; 33; 2; 52; 55; 1
57; 57H; >; 5; 34; 2; 58; 1; 1
57; 57H; >; 6; 35; 2; 4; 4; 1
57; 57H; >; 1; 45; 2; 16; 16; 2
57; 57H; >; 2; 44; 2; 18; 18; 2
57; 57H; >; 3; 43; 2; 20; 20; 2
57; 57H; >; 4; 33; 2; 22; 25; 2
57; 57H; >; 5; 34; 2; 28; 31; 2
57; 57H; >; 6; 35; 2; 34; 34; 2
57; 57R; <; 1; 35; 2; 21; 21; 1
57; 57R; <; 2; 34; 2; 23; 23; 1
57; 57R; <; 3; 33; 2; 25; 25; 1
57; 57R; <; 4; 43; 2; 27; 27; 1
57; 57R; <; 5; 44; 2; 29; 29; 1
57; 57R; <; 6; 45; 2; 32; 32; 1
57; 57R; <; 1; 35; 2; 51; 51; 2
57; 57R; <; 2; 34; 2; 53; 53; 2
57; 57R; <; 3; 33; 2; 55; 55; 2
57; 57R; <; 4; 43; 2; 57; 57; 2
57; 57R; <; 5; 44; 2; 59; 59; 2
57; 57R; <; 6; 45; 2; 1; 1; 2
58; 58H; >; 1; 35; 2; 21; 21; 1
58; 58H; >; 2; 34; 2; 23; 23; 1
58; 58H; >; 3; 33; 2; 25; 25; 1
58; 58H; >; 4; 23; 2; 27; 27; 1
58; 58H; >; 5; 24; 2; 29; 29; 1
58; 58H; >; 6; 25; 2; 32; 32; 1
58; 58H; >; 1; 35; 2; 51; 51; 2
58; 58H; >; 2; 34; 2; 53; 53; 2
58; 58H; >; 3; 33; 2; 55; 55; 2
58; 58H; >; 4; 23; 2; 57; 57; 2
58; 58H; >; 5; 24; 2; 59; 59; 2
58; 58H; >; 6; 25; 2; 1; 1; 2
58; 58R; <; 1; 25; 2; 21; 21; 1
58; 58R; <; 2; 24; 2; 23; 23; 1
58; 58R; <; 3; 23; 2; 25; 25; 1
58; 58R; <; 4; 33; 2; 27; 27; 1
58; 58R; <; 5; 34; 2; 29; 29; 1
58; 58R; <; 6; 35; 2; 32; 32; 1
58; 58R; <; 1; 25; 2; 51; 51; 2
58; 58R; <; 2; 24; 2; 53; 53; 2
58; 58R; <; 3; 23; 2; 55; 55; 2
58; 58R; <; 4; 33; 2; 57; 57; 2
58; 58R; <; 5; 34; 2; 59; 59; 2
58; 58R; <; 6; 35; 2; 1; 1; 2
61; 61H; >; 1; 11; 2; 48; 48; 1
61; 61H; >; 2; 10; 2; 50; 50; 1
61; 61H; >; 3; 9; 2; 52; 52; 1
61; 61H; >; 4; 8; 2; 54; 54; 1
61; 61H; >; 5; 7; 2; 56; 56; 1
61; 61H; >; 6; 6; 2; 58; 58; 1
61; 61H; >; 7; 5; 2; 60; 60; 1
61; 61H; >; 8; 4; 2; 2; 2; 1
61; 61H; >; 9; 3; 2; 4; 4; 1
61; 61H; >; 10; 2; 2; 6; 6; 1
61; 61H; >; 11; 1; 2; 8; 11; 1
61; 61H; >; 12; 82; 2; 13; 13; 1
61; 61H; >; 13; 83; 2; 15; 15; 1
61; 61H; >; 14; 84; 2; 17; 17; 1
61; 61H; >; 15; 85; 2; 19; 19; 1
61; 61H; >; 16; 86; 2; 21; 21; 1
61; 61H; >; 17; 87; 2; 23; 23; 1
61; 61H; >; 18; 88; 2; 25; 25; 1
61; 61H; >; 19; 89; 2; 28; 30; 1
61; 61H; >; 20; 90; 2; 33; 36; 1
61; 61H; >; 21; 91; 2; 39; 39; 1
61; 61H; >; 1; 11; 2; 18; 18; 2
61; 61H; >; 2; 10; 2; 20; 20; 2
61; 61H; >; 3; 9; 2; 22; 22; 2
61; 61H; >; 4; 8; 2; 24; 24; 2
61; 61H; >; 5; 7; 2; 26; 26; 2
61; 61H; >; 6; 6; 2; 28; 28; 2
61; 61H; >; 7; 5; 2; 30; 30; 2
61; 61H; >; 8; 4; 2; 32; 32; 2
61; 61H; >; 9; 3; 2; 34; 34; 2
61; 61H; >; 10; 2; 2; 36; 36; 2
61; 61H; >; 11; 1; 2; 38; 41; 2
61; 61H; >; 12; 82; 2; 43; 43; 2
61; 61H; >; 13; 83; 2; 45; 45; 2
61; 61H; >; 14; 84; 2; 47; 47; 2
61; 61H; >; 15; 85; 2; 49; 49; 2
61; 61H; >; 16; 86; 2; 51; 51; 2
61; 61H; >; 17; 87; 2; 53; 53; 2
61; 61H; >; 18; 88; 2; 55; 55; 2
61; 61H; >; 19; 89; 2; 57; 60; 2
61; 61H; >; 20; 90; 2; 3; 6; 2
61; 61H; >; 21; 91; 2; 9; 9; 2
61; 61R; <; 1; 91; 2; 18; 18; 1
61; 61R; <; 2; 90; 2; 20; 20; 1
61; 61R; <; 3; 89; 2; 22; 22; 1
61; 61R; <; 4; 88; 2; 24; 24; 1
61; 61R; <; 5; 87; 2; 26; 26; 1
61; 61R; <; 6; 86; 2; 28; 28; 1
61; 61R; <; 7; 85; 2; 30; 30; 1
61; 61R; <; 8; 84; 2; 32; 32; 1
61; 61R; <; 9; 83; 2; 34; 34; 1
61; 61R; <; 10; 82; 2; 36; 36; 1
61; 61R; <; 11; 1; 2; 38; 38; 1
61; 61R; <; 12; 2; 2; 40; 40; 1
61; 61R; <; 13; 3; 2; 42; 42; 1
61; 61R; <; 14; 4; 2; 44; 44; 1
61; 61R; <; 15; 5; 2; 46; 46; 1
61; 61R; <; 16; 6; 2; 48; 48; 1
61; 61R; <; 17; 7; 2; 50; 50; 1
61; 61R; <; 18; 8; 2; 52; 52; 1
61; 61R; <; 19; 9; 2; 54; 54; 1
61; 61R; <; 20; 10; 2; 56; 56; 1
61; 61R; <; 21; 11; 2; 58; 58; 1
61; 61R; <; 1; 91; 2; 48; 48; 2
61; 61R; <; 2; 90; 2; 50; 50; 2
61; 61R; <; 3; 89; 2; 52; 52; 2
61; 61R; <; 4; 88; 2; 54; 54; 2
61; 61R; <; 5; 87; 2; 56; 56; 2
61; 61R; <; 6; 86; 2; 58; 58; 2
61; 61R; <; 7; 85; 2; 0; 0; 2
61; 61R; <; 8; 84; 2; 2; 2; 2
61; 61R; <; 9; 83; 2; 4; 4; 2
61; 61R; <; 10; 82; 2; 6; 6; 2
61; 61R; <; 11; 1; 2; 8; 8; 2
61; 61R; <; 12; 2; 2; 10; 10; 2
61; 61R; <; 13; 3; 2; 12; 12; 2
61; 61R; <; 14; 4; 2; 14; 14; 2
61; 61R; <; 15; 5; 2; 16; 16; 2
61; 61R; <; 16; 6; 2; 18; 18; 2
61; 61R; <; 17; 7; 2; 20; 20; 2
61; 61R; <; 18; 8; 2; 22; 22; 2
61; 61R; <; 19; 9; 2; 24; 24; 2
61; 61R; <; 20; 10; 2; 26; 26; 2
61; 61R; <; 21; 11; 2; 28; 28; 2
62; 62H; >; 1; 21; 2; 48; 48; 1
62; 62H; >; 2; 20; 2; 50; 50; 1
62; 62H; >; 3; 19; 2; 52; 52; 1
62; 62H; >; 4; 18; 2; 54; 54; 1
62; 62H; >; 5; 17; 2; 56; 56; 1
62; 62H; >; 6; 16; 2; 58; 58; 1
62; 62H; >; 7; 15; 2; 0; 0; 1
62; 62H; >; 8; 14; 2; 2; 2; 1
62; 62H; >; 9; 13; 2; 4; 4; 1
62; 62H; >; 10; 12; 2; 6; 6; 1
62; 62H; >; 11; 1; 2; 8; 11; 1
62; 62H; >; 12; 92; 2; 13; 13; 1
62; 62H; >; 13; 93; 2; 15; 15; 1
62; 62H; >; 14; 94; 2; 17; 17; 1
62; 62H; >; 15; 95; 2; 19; 19; 1
62; 62H; >; 16; 96; 2; 21; 21; 1
62; 62H; >; 17; 97; 2; 23; 23; 1
62; 62H; >; 18; 98; 2; 25; 25; 1
62; 62H; >; 19; 99; 2; 27; 27; 1
62; 62H; >; 20; 100; 2; 29; 29; 1
62; 62H; >; 21; 101; 2; 31; 31; 1
62; 62H; >; 1; 21; 2; 18; 18; 2
62; 62H; >; 2; 20; 2; 20; 20; 2
62; 62H; >; 3; 19; 2; 22; 22; 2
62; 62H; >; 4; 18; 2; 24; 24; 2
62; 62H; >; 5; 17; 2; 26; 26; 2
62; 62H; >; 6; 16; 2; 28; 28; 2
62; 62H; >; 7; 15; 2; 30; 30; 2
62; 62H; >; 8; 14; 2; 32; 32; 2
62; 62H; >; 9; 13; 2; 34; 34; 2
62; 62H; >; 10; 12; 2; 36; 36; 2
62; 62H; >; 11; 1; 2; 38; 41; 2
62; 62H; >; 12; 92; 2; 43; 43; 2
62; 62H; >; 13; 93; 2; 45; 45; 2
62; 62H; >; 14; 94; 2; 47; 47; 2
62; 62H; >; 15; 95; 2; 49; 49; 2
62; 62H; >; 16; 96; 2; 51; 51; 2
62; 62H; >; 17; 97; 2; 53; 53; 2
62; 62H; >; 18; 98; 2; 55; 55; 2
62; 62H; >; 19; 99; 2; 57; 57; 2
62; 62H; >; 20; 100; 2; 59; 59; 2
62; 62H; >; 21; 101; 2; 1; 1; 2
62; 62R; <; 1; 101; 2; 48; 48; 1
62; 62R; <; 2; 100; 2; 50; 50; 1
62; 62R; <; 3; 99; 2; 52; 52; 1
62; 62R; <; 4; 98; 2; 54; 54; 1
62; 62R; <; 5; 97; 2; 56; 56; 1
62; 62R; <; 6; 96; 2; 58; 58; 1
62; 62R; <; 7; 95; 2; 60; 60; 1
62; 62R; <; 8; 94; 2; 2; 2; 1
62; 62R; <; 9; 93; 2; 4; 4; 1
62; 62R; <; 10; 92; 2; 6; 6; 1
62; 62R; <; 11; 1; 2; 8; 11; 1
62; 62R; <; 12; 12; 2; 13; 13; 1
62; 62R; <; 13; 13; 2; 15; 15; 1
62; 62R; <; 14; 14; 2; 17; 17; 1
62; 62R; <; 15; 15; 2; 19; 19; 1
62; 62R; <; 16; 16; 2; 21; 21; 1
62; 62R; <; 17; 17; 2; 23; 23; 1
62; 62R; <; 18; 18; 2; 25; 25; 1
62; 62R; <; 19; 19; 2; 27; 27; 1
62; 62R; <; 20; 20; 2; 29; 29; 1
62; 62R; <; 21; 21; 2; 31; 31; 1
62; 62R; <; 1; 101; 2; 18; 18; 2
62; 62R; <; 2; 100; 2; 20; 20; 2
62; 62R; <; 3; 99; 2; 22; 22; 2
62; 62R; <; 4; 98; 2; 24; 24; 2
62; 62R; <; 5; 97; 2; 26; 26; 2
62; 62R; <; 6; 96; 2; 28; 28; 2
62; 62R; <; 7; 95; 2; 30; 30; 2
62; 62R; <; 8; 94; 2; 32; 32; 2
62; 62R; <; 9; 93; 2; 34; 34; 2
62; 62R; <; 10; 92; 2; 36; 36; 2
62; 62R; <; 11; 1; 2; 38; 41; 2
62; 62R; <; 12; 12; 2; 43; 43; 2
62; 62R; <; 13; 13; 2; 45; 45; 2
62; 62R; <; 14; 14; 2; 47; 47; 2
62; 62R; <; 15; 15; 2; 49; 49; 2
62; 62R; <; 16; 16; 2; 51; 51; 2
62; 62R; <; 17; 17; 2; 53; 53; 2
62; 62R; <; 18; 18; 2; 55; 55; 2
62; 62R; <; 19; 19; 2; 57; 57; 2
62; 62R; <; 20; 20; 2; 59; 59; 2
62; 62R; <; 21; 21; 2; 1; 1; 2
63; 63H; >; 1; 31; 2; 48; 48; 1
63; 63H; >; 2; 30; 2; 50; 50; 1
63; 63H; >; 3; 29; 2; 52; 52; 1
63; 63H; >; 4; 28; 2; 54; 54; 1
63; 63H; >; 5; 27; 2; 56; 56; 1
63; 63H; >; 6; 26; 2; 58; 58; 1
63; 63H; >; 7; 25; 2; 0; 0; 1
63; 63H; >; 8; 24; 2; 2; 2; 1
63; 63H; >; 9; 23; 2; 4; 4; 1
63; 63H; >; 10; 22; 2; 6; 6; 1
63; 63H; >; 11; 1; 2; 8; 8; 1
63; 63H; >; 12; 102; 2; 10; 10; 1
63; 63H; >; 13; 103; 2; 12; 12; 1
63; 63H; >; 14; 104; 2; 14; 14; 1
63; 63H; >; 15; 105; 2; 16; 16; 1
63; 63H; >; 16; 106; 2; 18; 18; 1
63; 63H; >; 17; 107; 2; 20; 20; 1
63; 63H; >; 18; 108; 2; 22; 22; 1
63; 63H; >; 19; 109; 2; 24; 24; 1
63; 63H; >; 20; 110; 2; 26; 29; 1
63; 63H; >; 21; 111; 2; 32; 32; 1
63; 63H; >; 1; 31; 2; 18; 18; 2
63; 63H; >; 2; 30; 2; 20; 20; 2
63; 63H; >; 3; 29; 2; 22; 22; 2
63; 63H; >; 4; 28; 2; 24; 24; 2
63; 63H; >; 5; 27; 2; 26; 26; 2
63; 63H; >; 6; 26; 2; 28; 28; 2
63; 63H; >; 7; 25; 2; 30; 30; 2
63; 63H; >; 8; 24; 2; 32; 32; 2
63; 63H; >; 9; 23; 2; 34; 34; 2
63; 63H; >; 10; 22; 2; 36; 36; 2
63; 63H; >; 11; 1; 2; 38; 38; 2
63; 63H; >; 12; 102; 2; 40; 40; 2
63; 63H; >; 13; 103; 2; 42; 42; 2
63; 63H; >; 14; 104; 2; 44; 44; 2
63; 63H; >; 15; 105; 2; 46; 46; 2
63; 63H; >; 16; 106; 2; 48; 48; 2
63; 63H; >; 17; 107; 2; 50; 50; 2
63; 63H; >; 18; 108; 2; 52; 52; 2
63; 63H; >; 19; 109; 2; 54; 54; 2
63; 63H; >; 20; 110; 2; 56; 59; 2
63; 63H; >; 21; 111; 2; 2; 2; 2
63; 63R; <; 1; 111; 2; 18; 18; 1
63; 63R; <; 2; 110; 2; 20; 20; 1
63; 63R; <; 3; 109; 2; 22; 22; 1
63; 63R; <; 4; 108; 2; 24; 24; 1
63; 63R; <; 5; 107; 2; 26; 26; 1
63; 63R; <; 6; 106; 2; 28; 28; 1
63; 63R; <; 7; 105; 2; 30; 30; 1
63; 63R; <; 8; 104; 2; 32; 32; 1
63; 63R; <; 9; 103; 2; 34; 34; 1
63; 63R; <; 10; 102; 2; 36; 36; 1
63; 63R; <; 11; 1; 2; 38; 41; 1
63; 63R; <; 12; 22; 2; 43; 43; 1
63; 63R; <; 13; 23; 2; 45; 45; 1
63; 63R; <; 14; 24; 2; 47; 47; 1
63; 63R; <; 15; 25; 2; 49; 49; 1
63; 63R; <; 16; 26; 2; 51; 51; 1
63; 63R; <; 17; 27; 2; 53; 53; 1
63; 63R; <; 18; 28; 2; 55; 55; 1
63; 63R; <; 19; 29; 2; 57; 57; 1
63; 63R; <; 20; 30; 2; 59; 59; 1
63; 63R; <; 21; 31; 2; 1; 1; 1
63; 63R; <; 1; 111; 2; 48; 48; 2
63; 63R; <; 2; 110; 2; 50; 50; 2
63; 63R; <; 3; 109; 2; 52; 52; 2
63; 63R; <; 4; 108; 2; 54; 54; 2
63; 63R; <; 5; 107; 2; 56; 56; 2
63; 63R; <; 6; 106; 2; 58; 58; 2
63; 63R; <; 7; 105; 2; 60; 60; 2
63; 63R; <; 8; 104; 2; 2; 2; 2
63; 63R; <; 9; 103; 2; 4; 4; 2
63; 63R; <; 10; 102; 2; 6; 6; 2
63; 63R; <; 11; 1; 2; 8; 11; 2
63; 63R; <; 12; 22; 2; 13; 13; 2
63; 63R; <; 13; 23; 2; 15; 15; 2
63; 63R; <; 14; 24; 2; 17; 17; 2
63; 63R; <; 15; 25; 2; 19; 19; 2
63; 63R; <; 16; 26; 2; 21; 21; 2
63; 63R; <; 17; 27; 2; 23; 23; 2
63; 63R; <; 18; 28; 2; 25; 25; 2
63; 63R; <; 19; 29; 2; 27; 27; 2
63; 63R; <; 20; 30; 2; 29; 29; 2
63; 63R; <; 21; 31; 2; 32; 32; 2
64; 64H; >; 1; 41; 2; 48; 48; 1
64; 64H; >; 2; 40; 2; 50; 50; 1
64; 64H; >; 3; 39; 2; 52; 52; 1
64; 64H; >; 4; 38; 2; 54; 54; 1
64; 64H; >; 5; 37; 2; 56; 56; 1
64; 64H; >; 6; 36; 2; 58; 58; 1
64; 64H; >; 7; 35; 2; 60; 60; 1
64; 64H; >; 8; 34; 2; 2; 2; 1
64; 64H; >; 9; 33; 2; 4; 4; 1
64; 64H; >; 10; 32; 2; 6; 6; 1
64; 64H; >; 11; 1; 2; 8; 8; 1
64; 64H; >; 12; 112; 2; 10; 10; 1
64; 64H; >; 13; 113; 2; 12; 12; 1
64; 64H; >; 14; 114; 2; 14; 14; 1
64; 64H; >; 15; 115; 2; 16; 16; 1
64; 64H; >; 16; 116; 2; 18; 18; 1
64; 64H; >; 17; 117; 2; 20; 20; 1
64; 64H; >; 18; 118; 2; 22; 22; 1
64; 64H; >; 19; 119; 2; 24; 24; 1
64; 64H; >; 20; 120; 2; 26; 29; 1
64; 64H; >; 21; 121; 2; 32; 32; 1
64; 64H; >; 1; 41; 2; 18; 18; 2
64; 64H; >; 2; 40; 2; 20; 20; 2
64; 64H; >; 3; 39; 2; 22; 22; 2
64; 64H; >; 4; 38; 2; 24; 24; 2
64; 64H; >; 5; 37; 2; 26; 26; 2
64; 64H; >; 6; 36; 2; 28; 28; 2
64; 64H; >; 7; 35; 2; 30; 30; 2
64; 64H; >; 8; 34; 2; 32; 32; 2
64; 64H; >; 9; 33; 2; 34; 34; 2
64; 64H; >; 10; 32; 2; 36; 36; 2
64; 64H; >; 11; 1; 2; 38; 38; 2
64; 64H; >; 12; 112; 2; 40; 40; 2
64; 64H; >; 13; 113; 2; 42; 42; 2
64; 64H; >; 14; 114; 2; 44; 44; 2
64; 64H; >; 15; 115; 2; 46; 46; 2
64; 64H; >; 16; 116; 2; 48; 48; 2
64; 64H; >; 17; 117; 2; 50; 50; 2
64; 64H; >; 18; 118; 2; 52; 52; 2
64; 64H; >; 19; 119; 2; 54; 54; 2
64; 64H; >; 20; 120; 2; 57; 59; 2
64; 64H; >; 21; 121; 2; 2; 2; 2
64; 64R; <; 1; 121; 2; 18; 18; 1
64; 64R; <; 2; 120; 2; 20; 20; 1
64; 64R; <; 3; 119; 2; 22; 22; 1
64; 64R; <; 4; 118; 2; 24; 24; 1
64; 64R; <; 5; 117; 2; 26; 26; 1
64; 64R; <; 6; 116; 2; 28; 28; 1
64; 64R; <; 7; 115; 2; 30; 30; 1
64; 64R; <; 8; 114; 2; 32; 32; 1
64; 64R; <; 9; 113; 2; 34; 34; 1
64; 64R; <; 10; 112; 2; 36; 36; 1
64; 64R; <; 11; 1; 2; 38; 38; 1
64; 64R; <; 12; 32; 2; 40; 40; 1
64; 64R; <; 13; 33; 2; 42; 42; 1
64; 64R; <; 14; 34; 2; 44; 44; 1
64; 64R; <; 15; 35; 2; 46; 46; 1
64; 64R; <; 16; 36; 2; 48; 48; 1
64; 64R; <; 17; 37; 2; 50; 50; 1
64; 64R; <; 18; 38; 2; 52; 52; 1
64; 64R; <; 19; 39; 2; 54; 57; 1
64; 64R; <; 20; 40; 2; 60; 3; 1
64; 64R; <; 21; 41; 2; 6; 6; 1
64; 64R; <; 1; 121; 2; 48; 48; 2
64; 64R; <; 2; 120; 2; 50; 50; 2
64; 64R; <; 3; 119; 2; 52; 52; 2
64; 64R; <; 4; 118; 2; 54; 54; 2
64; 64R; <; 5; 117; 2; 56; 56; 2
64; 64R; <; 6; 116; 2; 58; 58; 2
64; 64R; <; 7; 115; 2; 60; 60; 2
64; 64R; <; 8; 114; 2; 2; 2; 2
64; 64R; <; 9; 113; 2; 4; 4; 2
64; 64R; <; 10; 112; 2; 6; 6; 2
64; 64R; <; 11; 1; 2; 8; 8; 2
64; 64R; <; 12; 32; 2; 10; 10; 2
64; 64R; <; 13; 33; 2; 12; 12; 2
64; 64R; <; 14; 34; 2; 14; 14; 2
64; 64R; <; 15; 35; 2; 16; 16; 2
64; 64R; <; 16; 36; 2; 18; 18; 2
64; 64R; <; 17; 37; 2; 20; 20; 2
64; 64R; <; 18; 38; 2; 22; 22; 2
64; 64R; <; 19; 39; 2; 24; 27; 2
64; 64R; <; 20; 40; 2; 30; 33; 2
64; 64R; <; 21; 41; 2; 36; 36; 2
65; 65H; >; 1; 51; 2; 48; 48; 1
65; 65H; >; 2; 50; 2; 50; 50; 1
65; 65H; >; 3; 49; 2; 52; 52; 1
65; 65H; >; 4; 48; 2; 54; 54; 1
65; 65H; >; 5; 47; 2; 56; 56; 1
65; 65H; >; 6; 46; 2; 58; 58; 1
65; 65H; >; 7; 45; 2; 0; 0; 1
65; 65H; >; 8; 44; 2; 2; 2; 1
65; 65H; >; 9; 43; 2; 4; 4; 1
65; 65H; >; 10; 42; 2; 6; 6; 1
65; 65H; >; 11; 1; 2; 8; 8; 1
65; 65H; >; 12; 122; 2; 10; 10; 1
65; 65H; >; 13; 123; 2; 12; 12; 1
65; 65H; >; 14; 124; 2; 14; 14; 1
65; 65H; >; 15; 125; 2; 16; 16; 1
65; 65H; >; 16; 126; 2; 18; 18; 1
65; 65H; >; 17; 127; 2; 20; 20; 1
65; 65H; >; 18; 128; 2; 22; 22; 1
65; 65H; >; 19; 129; 2; 24; 27; 1
65; 65H; >; 20; 130; 2; 30; 33; 1
65; 65H; >; 21; 131; 2; 36; 36; 1
65; 65H; >; 1; 51; 2; 18; 18; 2
65; 65H; >; 2; 50; 2; 20; 20; 2
65; 65H; >; 3; 49; 2; 22; 22; 2
65; 65H; >; 4; 48; 2; 24; 24; 2
65; 65H; >; 5; 47; 2; 26; 26; 2
65; 65H; >; 6; 46; 2; 28; 28; 2
65; 65H; >; 7; 45; 2; 30; 30; 2
65; 65H; >; 8; 44; 2; 32; 32; 2
65; 65H; >; 9; 43; 2; 34; 34; 2
65; 65H; >; 10; 42; 2; 36; 36; 2
65; 65H; >; 11; 1; 2; 38; 38; 2
65; 65H; >; 12; 122; 2; 40; 40; 2
65; 65H; >; 13; 123; 2; 42; 42; 2
65; 65H; >; 14; 124; 2; 44; 44; 2
65; 65H; >; 15; 125; 2; 46; 46; 2
65; 65H; >; 16; 126; 2; 48; 48; 2
65; 65H; >; 17; 127; 2; 50; 50; 2
65; 65H; >; 18; 128; 2; 52; 52; 2
65; 65H; >; 19; 129; 2; 54; 57; 2
65; 65H; >; 20; 130; 2; 60; 3; 2
65; 65H; >; 21; 131; 2; 6; 6; 2
65; 65R; <; 1; 131; 2; 18; 18; 1
65; 65R; <; 2; 130; 2; 20; 20; 1
65; 65R; <; 3; 129; 2; 22; 22; 1
65; 65R; <; 4; 128; 2; 24; 24; 1
65; 65R; <; 5; 127; 2; 26; 26; 1
65; 65R; <; 6; 126; 2; 28; 28; 1
65; 65R; <; 7; 125; 2; 30; 30; 1
65; 65R; <; 8; 124; 2; 32; 32; 1
65; 65R; <; 9; 123; 2; 34; 34; 1
65; 65R; <; 10; 122; 2; 36; 36; 1
65; 65R; <; 11; 1; 2; 38; 41; 1
65; 65R; <; 12; 42; 2; 43; 43; 1
65; 65R; <; 13; 43; 2; 45; 45; 1
65; 65R; <; 14; 44; 2; 47; 47; 1
65; 65R; <; 15; 45; 2; 49; 49; 1
65; 65R; <; 16; 46; 2; 51; 51; 1
65; 65R; <; 17; 47; 2; 53; 53; 1
65; 65R; <; 18; 48; 2; 55; 55; 1
65; 65R; <; 19; 49; 2; 57; 57; 1
65; 65R; <; 20; 50; 2; 60; 2; 1
65; 65R; <; 21; 51; 2; 5; 5; 1
65; 65R; <; 1; 131; 2; 48; 48; 2
65; 65R; <; 2; 130; 2; 50; 50; 2
65; 65R; <; 3; 129; 2; 52; 52; 2
65; 65R; <; 4; 128; 2; 54; 54; 2
65; 65R; <; 5; 127; 2; 56; 56; 2
65; 65R; <; 6; 126; 2; 58; 58; 2
65; 65R; <; 7; 125; 2; 60; 60; 2
65; 65R; <; 8; 124; 2; 2; 2; 2
65; 65R; <; 9; 123; 2; 4; 4; 2
65; 65R; <; 10; 122; 2; 6; 6; 2
65; 65R; <; 11; 1; 2; 8; 11; 2
65; 65R; <; 12; 42; 2; 13; 13; 2
65; 65R; <; 13; 43; 2; 15; 15; 2
65; 65R; <; 14; 44; 2; 17; 17; 2
65; 65R; <; 15; 45; 2; 19; 19; 2
65; 65R; <; 16; 46; 2; 21; 21; 2
65; 65R; <; 17; 47; 2; 23; 23; 2
65; 65R; <; 18; 48; 2; 25; 25; 2
65; 65R; <; 19; 49; 2; 27; 27; 2
65; 65R; <; 20; 50; 2; 29; 32; 2
65; 65R; <; 21; 51; 2; 35; 35; 2
66; 66H; >; 1; 61; 4; 33; 33; 1
66; 66H; >; 2; 60; 4; 35; 35; 1
66; 66H; >; 3; 59; 4; 37; 37; 1
66; 66H; >; 4; 58; 4; 39; 39; 1
66; 66H; >; 5; 57; 4; 41; 41; 1
66; 66H; >; 6; 56; 4; 43; 43; 1
66; 66H; >; 7; 55; 4; 45; 45; 1
66; 66H; >; 8; 54; 4; 47; 47; 1
66; 66H; >; 9; 53; 4; 49; 49; 1
66; 66H; >; 10; 52; 4; 51; 51; 1
66; 66H; >; 11; 1; 4; 53; 53; 1
66; 66H; >; 12; 132; 4; 55; 55; 1
66; 66H; >; 13; 133; 4; 57; 57; 1
66; 66H; >; 14; 134; 4; 59; 59; 1
66; 66H; >; 15; 135; 4; 1; 1; 1
66; 66H; >; 16; 136; 4; 3; 3; 1
66; 66H; >; 17; 137; 4; 5; 5; 1
66; 66H; >; 18; 138; 4; 7; 7; 1
66; 66H; >; 19; 139; 4; 9; 9; 1
66; 66H; >; 20; 140; 4; 12; 14; 1
66; 66H; >; 21; 141; 4; 17; 17; 1
66; 66H; >; 1; 61; 4; 48; 48; 2
66; 66H; >; 2; 60; 4; 50; 50; 2
66; 66H; >; 3; 59; 4; 52; 52; 2
66; 66H; >; 4; 58; 4; 54; 54; 2
66; 66H; >; 5; 57; 4; 56; 56; 2
66; 66H; >; 6; 56; 4; 58; 58; 2
66; 66H; >; 7; 55; 4; 0; 0; 2
66; 66H; >; 8; 54; 4; 2; 2; 2
66; 66H; >; 9; 53; 4; 4; 4; 2
66; 66H; >; 10; 52; 4; 6; 6; 2
66; 66H; >; 11; 1; 4; 8; 8; 2
66; 66H; >; 12; 132; 4; 10; 10; 2
66; 66H; >; 13; 133; 4; 12; 12; 2
66; 66H; >; 14; 134; 4; 14; 14; 2
66; 66H; >; 15; 135; 4; 16; 16; 2
66; 66H; >; 16; 136; 4; 18; 18; 2
66; 66H; >; 17; 137; 4; 20; 20; 2
66; 66H; >; 18; 138; 4; 22; 22; 2
66; 66H; >; 19; 139; 4; 24; 24; 2
66; 66H; >; 20; 140; 4; 27; 29; 2
66; 66H; >; 21; 141; 4; 32; 32; 2
66; 66H; >; 1; 61; 4; 3; 3; 3
66; 66H; >; 2; 60; 4; 5; 5; 3
66; 66H; >; 3; 59; 4; 7; 7; 3
66; 66H; >; 4; 58; 4; 9; 9; 3
66; 66H; >; 5; 57; 4; 11; 11; 3
66; 66H; >; 6; 56; 4; 13; 13; 3
66; 66H; >; 7; 55; 4; 15; 15; 3
66; 66H; >; 8; 54; 4; 17; 17; 3
66; 66H; >; 9; 53; 4; 19; 19; 3
66; 66H; >; 10; 52; 4; 21; 21; 3
66; 66H; >; 11; 1; 4; 23; 23; 3
66; 66H; >; 12; 132; 4; 25; 25; 3
66; 66H; >; 13; 133; 4; 27; 27; 3
66; 66H; >; 14; 134; 4; 29; 29; 3
66; 66H; >; 15; 135; 4; 31; 31; 3
66; 66H; >; 16; 136; 4; 33; 33; 3
66; 66H; >; 17; 137; 4; 35; 35; 3
66; 66H; >; 18; 138; 4; 37; 37; 3
66; 66H; >; 19; 139; 4; 39; 39; 3
66; 66H; >; 20; 140; 4; 42; 44; 3
66; 66H; >; 21; 141; 4; 47; 47; 3
66; 66H; >; 1; 61; 4; 18; 18; 4
66; 66H; >; 2; 60; 4; 20; 20; 4
66; 66H; >; 3; 59; 4; 22; 22; 4
66; 66H; >; 4; 58; 4; 24; 24; 4
66; 66H; >; 5; 57; 4; 26; 26; 4
66; 66H; >; 6; 56; 4; 28; 28; 4
66; 66H; >; 7; 55; 4; 30; 30; 4
66; 66H; >; 8; 54; 4; 32; 32; 4
66; 66H; >; 9; 53; 4; 34; 34; 4
66; 66H; >; 10; 52; 4; 36; 36; 4
66; 66H; >; 11; 1; 4; 38; 38; 4
66; 66H; >; 12; 132; 4; 40; 40; 4
66; 66H; >; 13; 133; 4; 42; 42; 4
66; 66H; >; 14; 134; 4; 44; 44; 4
66; 66H; >; 15; 135; 4; 46; 46; 4
66; 66H; >; 16; 136; 4; 48; 48; 4
66; 66H; >; 17; 137; 4; 50; 50; 4
66; 66H; >; 18; 138; 4; 52; 52; 4
66; 66H; >; 19; 139; 4; 54; 54; 4
66; 66H; >; 20; 140; 4; 56; 59; 4
66; 66H; >; 21; 141; 4; 1; 1; 4
66; 66R; <; 1; 141; 4; 18; 18; 1
66; 66R; <; 2; 140; 4; 20; 20; 1
66; 66R; <; 3; 139; 4; 22; 22; 1
66; 66R; <; 4; 138; 4; 24; 24; 1
66; 66R; <; 5; 137; 4; 26; 26; 1
66; 66R; <; 6; 136; 4; 28; 28; 1
66; 66R; <; 7; 135; 4; 30; 30; 1
66; 66R; <; 8; 134; 4; 32; 32; 1
66; 66R; <; 9; 133; 4; 34; 34; 1
66; 66R; <; 10; 132; 4; 36; 36; 1
66; 66R; <; 11; 1; 4; 38; 41; 1
66; 66R; <; 12; 52; 4; 43; 43; 1
66; 66R; <; 13; 53; 4; 45; 45; 1
66; 66R; <; 14; 54; 4; 47; 47; 1
66; 66R; <; 15; 55; 4; 49; 49; 1
66; 66R; <; 16; 56; 4; 51; 51; 1
66; 66R; <; 17; 57; 4; 53; 53; 1
66; 66R; <; 18; 58; 4; 55; 55; 1
66; 66R; <; 19; 59; 4; 57; 60; 1
66; 66R; <; 20; 60; 4; 3; 6; 1
66; 66R; <; 21; 61; 4; 9; 9; 1
66; 66R; <; 1; 141; 4; 33; 33; 2
66; 66R; <; 2; 140; 4; 35; 35; 2
66; 66R; <; 3; 139; 4; 37; 37; 2
66; 66R; <; 4; 138; 4; 39; 39; 2
66; 66R; <; 5; 137; 4; 41; 41; 2
66; 66R; <; 6; 136; 4; 43; 43; 2
66; 66R; <; 7; 135; 4; 45; 45; 2
66; 66R; <; 8; 134; 4; 47; 47; 2
66; 66R; <; 9; 133; 4; 49; 49; 2
66; 66R; <; 10; 132; 4; 51; 51; 2
66; 66R; <; 11; 1; 4; 53; 56; 2
66; 66R; <; 12; 52; 4; 58; 58; 2
66; 66R; <; 13; 53; 4; 60; 60; 2
66; 66R; <; 14; 54; 4; 2; 2; 2
66; 66R; <; 15; 55; 4; 4; 4; 2
66; 66R; <; 16; 56; 4; 6; 6; 2
66; 66R; <; 17; 57; 4; 8; 8; 2
66; 66R; <; 18; 58; 4; 10; 10; 2
66; 66R; <; 19; 59; 4; 12; 15; 2
66; 66R; <; 20; 60; 4; 18; 21; 2
66; 66R; <; 21; 61; 4; 24; 24; 2
66; 66R; <; 1; 141; 4; 48; 48; 3
66; 66R; <; 2; 140; 4; 50; 50; 3
66; 66R; <; 3; 139; 4; 52; 52; 3
66; 66R; <; 4; 138; 4; 54; 54; 3
66; 66R; <; 5; 137; 4; 56; 56; 3
66; 66R; <; 6; 136; 4; 58; 58; 3
66; 66R; <; 7; 135; 4; 60; 60; 3
66; 66R; <; 8; 134; 4; 2; 2; 3
66; 66R; <; 9; 133; 4; 4; 4; 3
66; 66R; <; 10; 132; 4; 6; 6; 3
66; 66R; <; 11; 1; 4; 8; 11; 3
66; 66R; <; 12; 52; 4; 13; 13; 3
66; 66R; <; 13; 53; 4; 15; 15; 3
66; 66R; <; 14; 54; 4; 17; 17; 3
66; 66R; <; 15; 55; 4; 19; 19; 3
66; 66R; <; 16; 56; 4; 21; 21; 3
66; 66R; <; 17; 57; 4; 23; 23; 3
66; 66R; <; 18; 58; 4; 25; 25; 3
66; 66R; <; 19; 59; 4; 27; 30; 3
66; 66R; <; 20; 60; 4; 33; 36; 3
66; 66R; <; 21; 61; 4; 39; 39; 3
66; 66R; <; 1; 141; 4; 3; 3; 4
66; 66R; <; 2; 140; 4; 5; 5; 4
66; 66R; <; 3; 139; 4; 7; 7; 4
66; 66R; <; 4; 138; 4; 9; 9; 4
66; 66R; <; 5; 137; 4; 11; 11; 4
66; 66R; <; 6; 136; 4; 13; 13; 4
66; 66R; <; 7; 135; 4; 15; 15; 4
66; 66R; <; 8; 134; 4; 17; 17; 4
66; 66R; <; 9; 133; 4; 19; 19; 4
66; 66R; <; 10; 132; 4; 21; 21; 4
66; 66R; <; 11; 1; 4; 23; 26; 4
66; 66R; <; 12; 52; 4; 28; 28; 4
66; 66R; <; 13; 53; 4; 30; 30; 4
66; 66R; <; 14; 54; 4; 32; 32; 4
66; 66R; <; 15; 55; 4; 34; 34; 4
66; 66R; <; 16; 56; 4; 36; 36; 4
66; 66R; <; 17; 57; 4; 38; 38; 4
66; 66R; <; 18; 58; 4; 40; 40; 4
66; 66R; <; 19; 59; 4; 42; 45; 4
66; 66R; <; 20; 60; 4; 48; 51; 4
66; 66R; <; 21; 61; 4; 54; 54; 4
67; 67H; >; 1; 71; 2; 18; 18; 1
67; 67H; >; 2; 70; 2; 20; 20; 1
67; 67H; >; 3; 69; 2; 22; 22; 1
67; 67H; >; 4; 68; 2; 24; 24; 1
67; 67H; >; 5; 67; 2; 26; 26; 1
67; 67H; >; 6; 66; 2; 28; 28; 1
67; 67H; >; 7; 65; 2; 30; 30; 1
67; 67H; >; 8; 64; 2; 32; 32; 1
67; 67H; >; 9; 63; 2; 34; 34; 1
67; 67H; >; 10; 62; 2; 36; 36; 1
67; 67H; >; 11; 1; 2; 38; 41; 1
67; 67H; >; 12; 142; 2; 43; 43; 1
67; 67H; >; 13; 143; 2; 45; 45; 1
67; 67H; >; 14; 144; 2; 47; 47; 1
67; 67H; >; 15; 145; 2; 49; 49; 1
67; 67H; >; 16; 146; 2; 51; 51; 1
67; 67H; >; 17; 147; 2; 53; 53; 1
67; 67H; >; 18; 148; 2; 55; 55; 1
67; 67H; >; 19; 149; 2; 57; 57; 1
67; 67H; >; 20; 150; 2; 59; 59; 1
67; 67H; >; 21; 151; 2; 1; 1; 1
67; 67H; >; 1; 71; 2; 48; 48; 2
67; 67H; >; 2; 70; 2; 50; 50; 2
67; 67H; >; 3; 69; 2; 52; 52; 2
67; 67H; >; 4; 68; 2; 54; 54; 2
67; 67H; >; 5; 67; 2; 56; 56; 2
67; 67H; >; 6; 66; 2; 58; 58; 2
67; 67H; >; 7; 65; 2; 0; 0; 2
67; 67H; >; 8; 64; 2; 2; 2; 2
67; 67H; >; 9; 63; 2; 4; 4; 2
67; 67H; >; 10; 62; 2; 6; 6; 2
67; 67H; >; 11; 1; 2; 8; 11; 2
67; 67H; >; 12; 142; 2; 13; 13; 2
67; 67H; >; 13; 143; 2; 15; 15; 2
67; 67H; >; 14; 144; 2; 17; 17; 2
67; 67H; >; 15; 145; 2; 19; 19; 2
67; 67H; >; 16; 146; 2; 21; 21; 2
67; 67H; >; 17; 147; 2; 23; 23; 2
67; 67H; >; 18; 148; 2; 25; 25; 2
67; 67H; >; 19; 149; 2; 27; 27; 2
67; 67H; >; 20; 150; 2; 29; 29; 2
67; 67H; >; 21; 151; 2; 31; 31; 2
67; 67R; <; 1; 151; 2; 21; 21; 1
67; 67R; <; 2; 150; 2; 23; 23; 1
67; 67R; <; 3; 149; 2; 25; 25; 1
67; 67R; <; 4; 148; 2; 27; 27; 1
67; 67R; <; 5; 147; 2; 29; 29; 1
67; 67R; <; 6; 146; 2; 31; 31; 1
67; 67R; <; 7; 145; 2; 33; 33; 1
67; 67R; <; 8; 144; 2; 35; 35; 1
67; 67R; <; 9; 143; 2; 37; 37; 1
67; 67R; <; 10; 142; 2; 39; 39; 1
67; 67R; <; 11; 1; 2; 41; 41; 1
67; 67R; <; 12; 62; 2; 43; 43; 1
67; 67R; <; 13; 63; 2; 45; 45; 1
67; 67R; <; 14; 64; 2; 47; 47; 1
67; 67R; <; 15; 65; 2; 49; 49; 1
67; 67R; <; 16; 66; 2; 51; 51; 1
67; 67R; <; 17; 67; 2; 53; 53; 1
67; 67R; <; 18; 68; 2; 55; 55; 1
67; 67R; <; 19; 69; 2; 57; 57; 1
67; 67R; <; 20; 70; 2; 0; 2; 1
67; 67R; <; 21; 71; 2; 5; 5; 1
67; 67R; <; 1; 151; 2; 51; 51; 2
67; 67R; <; 2; 150; 2; 53; 53; 2
67; 67R; <; 3; 149; 2; 55; 55; 2
67; 67R; <; 4; 148; 2; 57; 57; 2
67; 67R; <; 5; 147; 2; 59; 59; 2
67; 67R; <; 6; 146; 2; 1; 1; 2
67; 67R; <; 7; 145; 2; 3; 3; 2
67; 67R; <; 8; 144; 2; 5; 5; 2
67; 67R; <; 9; 143; 2; 7; 7; 2
67; 67R; <; 10; 142; 2; 9; 9; 2
67; 67R; <; 11; 1; 2; 11; 11; 2
67; 67R; <; 12; 62; 2; 13; 13; 2
67; 67R; <; 13; 63; 2; 15; 15; 2
67; 67R; <; 14; 64; 2; 17; 17; 2
67; 67R; <; 15; 65; 2; 19; 19; 2
67; 67R; <; 16; 66; 2; 21; 21; 2
67; 67R; <; 17; 67; 2; 23; 23; 2
67; 67R; <; 18; 68; 2; 25; 25; 2
67; 67R; <; 19; 69; 2; 27; 27; 2
67; 67R; <; 20; 70; 2; 29; 32; 2
67; 67R; <; 21; 71; 2; 35; 35; 2
68; 68H; >; 1; 81; 2; 48; 48; 1
68; 68H; >; 2; 80; 2; 50; 50; 1
68; 68H; >; 3; 79; 2; 52; 52; 1
68; 68H; >; 4; 78; 2; 54; 54; 1
68; 68H; >; 5; 77; 2; 56; 56; 1
68; 68H; >; 6; 76; 2; 58; 58; 1
68; 68H; >; 7; 75; 2; 60; 60; 1
68; 68H; >; 8; 74; 2; 2; 2; 1
68; 68H; >; 9; 73; 2; 4; 4; 1
68; 68H; >; 10; 72; 2; 6; 6; 1
68; 68H; >; 11; 1; 2; 8; 11; 1
68; 68H; >; 12; 152; 2; 13; 13; 1
68; 68H; >; 13; 153; 2; 15; 15; 1
68; 68H; >; 14; 154; 2; 17; 17; 1
68; 68H; >; 15; 155; 2; 19; 19; 1
68; 68H; >; 16; 156; 2; 21; 21; 1
68; 68H; >; 17; 157; 2; 23; 23; 1
68; 68H; >; 18; 158; 2; 25; 25; 1
68; 68H; >; 19; 159; 2; 27; 27; 1
68; 68H; >; 20; 160; 2; 29; 29; 1
68; 68H; >; 21; 161; 2; 31; 31; 1
68; 68H; >; 1; 81; 2; 18; 18; 2
68; 68H; >; 2; 80; 2; 20; 20; 2
68; 68H; >; 3; 79; 2; 22; 22; 2
68; 68H; >; 4; 78; 2; 24; 24; 2
68; 68H; >; 5; 77; 2; 26; 26; 2
68; 68H; >; 6; 76; 2; 28; 28; 2
68; 68H; >; 7; 75; 2; 30; 30; 2
68; 68H; >; 8; 74; 2; 32; 32; 2
68; 68H; >; 9; 73; 2; 34; 34; 2
68; 68H; >; 10; 72; 2; 36; 36; 2
68; 68H; >; 11; 1; 2; 38; 41; 2
68; 68H; >; 12; 152; 2; 43; 43; 2
68; 68H; >; 13; 153; 2; 45; 45; 2
68; 68H; >; 14; 154; 2; 47; 47; 2
68; 68H; >; 15; 155; 2; 49; 49; 2
68; 68H; >; 16; 156; 2; 51; 51; 2
68; 68H; >; 17; 157; 2; 53; 53; 2
68; 68H; >; 18; 158; 2; 55; 55; 2
68; 68H; >; 19; 159; 2; 57; 57; 2
68; 68H; >; 20; 160; 2; 59; 59; 2
68; 68H; >; 21; 161; 2; 1; 1; 2
68; 68R; <; 1; 161; 2; 48; 48; 1
68; 68R; <; 2; 160; 2; 50; 50; 1
68; 68R; <; 3; 159; 2; 52; 52; 1
68; 68R; <; 4; 158; 2; 54; 54; 1
68; 68R; <; 5; 157; 2; 56; 56; 1
68; 68R; <; 6; 156; 2; 58; 58; 1
68; 68R; <; 7; 155; 2; 0; 0; 1
68; 68R; <; 8; 154; 2; 2; 2; 1
68; 68R; <; 9; 153; 2; 4; 4; 1
68; 68R; <; 10; 152; 2; 6; 6; 1
68; 68R; <; 11; 1; 2; 9; 11; 1
68; 68R; <; 12; 72; 2; 13; 13; 1
68; 68R; <; 13; 73; 2; 15; 15; 1
68; 68R; <; 14; 74; 2; 17; 17; 1
68; 68R; <; 15; 75; 2; 19; 19; 1
68; 68R; <; 16; 76; 2; 21; 21; 1
68; 68R; <; 17; 77; 2; 23; 23; 1
68; 68R; <; 18; 78; 2; 25; 25; 1
68; 68R; <; 19; 79; 2; 27; 27; 1
68; 68R; <; 20; 80; 2; 29; 29; 1
68; 68R; <; 21; 81; 2; 31; 31; 1
68; 68R; <; 1; 161; 2; 18; 18; 2
68; 68R; <; 2; 160; 2; 20; 20; 2
68; 68R; <; 3; 159; 2; 22; 22; 2
68; 68R; <; 4; 158; 2; 24; 24; 2
68; 68R; <; 5; 157; 2; 26; 26; 2
68; 68R; <; 6; 156; 2; 28; 28; 2
68; 68R; <; 7; 155; 2; 30; 30; 2
68; 68R; <; 8; 154; 2; 32; 32; 2
68; 68R; <; 9; 153; 2; 34; 34; 2
68; 68R; <; 10; 152; 2; 36; 36; 2
68; 68R; <; 11; 1; 2; 38; 41; 2
68; 68R; <; 12; 72; 2; 43; 43; 2
68; 68R; <; 13; 73; 2; 45; 45; 2
68; 68R; <; 14; 74; 2; 47; 47; 2
68; 68R; <; 15; 75; 2; 49; 49; 2
68; 68R; <; 16; 76; 2; 51; 51; 2
68; 68R; <; 17; 77; 2; 53; 53; 2
68; 68R; <; 18; 78; 2; 55; 55; 2
68; 68R; <; 19; 79; 2; 57; 57; 2
68; 68R; <; 20; 80; 2; 59; 59; 2
68; 68R; <; 21; 81; 2; 1; 1; 2
