#from_station;to_station;perceived_travel_time;passengers
1;2;6;21
1;3;12;15
1;4;27;10
1;5;33;8
1;6;42;5
1;7;36;11
1;8;18;19
1;9;36;7
1;10;42;3
1;11;45;3
1;12;39;6
1;13;24;82
1;14;43;8
1;15;49;4
1;16;52;3
1;17;46;7
1;18;30;11
1;19;46;4
1;20;52;2
1;21;63;2
1;22;57;2
1;23;36;5
1;24;42;4
1;25;48;15
2;1;6;5
2;3;6;4
2;4;21;3
2;5;27;2
2;6;36;1
2;7;30;3
2;8;12;5
2;9;30;2
2;10;36;1
2;11;39;1
2;12;33;2
2;13;18;20
2;14;37;2
2;15;43;1
2;16;46;1
2;17;40;2
2;18;24;3
2;19;40;1
2;20;0;0
2;21;0;0
2;22;51;1
2;23;30;1
2;24;36;1
2;25;42;4
3;1;12;3
3;2;6;3
3;4;6;4
3;5;12;3
3;6;30;1
3;7;24;3
3;8;6;7
3;9;24;3
3;10;30;1
3;11;33;1
3;12;27;3
3;13;12;30
3;14;31;2
3;15;37;1
3;16;40;1
3;17;34;2
3;18;18;4
3;19;34;2
3;20;40;1
3;21;36;1
3;22;30;1
3;23;24;2
3;24;30;1
3;25;36;4
4;1;27;2
4;2;21;2
4;3;6;4
4;5;6;4
4;6;46;1
4;7;40;2
4;8;12;5
4;9;30;3
4;10;36;1
4;11;39;1
4;12;33;3
4;13;18;19
4;14;47;1
4;15;53;1
4;16;0;0
4;17;50;1
4;18;24;3
4;19;40;2
4;20;46;1
4;21;42;1
4;22;36;1
4;23;30;1
4;24;51;1
4;25;57;2
5;1;33;2
5;2;27;2
5;3;12;3
5;4;6;4
5;6;52;1
5;7;46;1
5;8;18;4
5;9;36;2
5;10;42;1
5;11;45;1
5;12;39;2
5;13;24;16
5;14;53;1
5;15;0;0
5;16;0;0
5;17;56;1
5;18;30;2
5;19;46;1
5;20;52;1
5;21;48;1
5;22;42;1
5;23;36;1
5;24;0;0
5;25;63;2
6;1;42;1
6;2;36;1
6;3;30;1
6;4;46;1
6;5;52;1
6;7;6;8
6;8;12;5
6;9;45;4
6;10;51;2
6;11;54;1
6;12;48;1
6;13;18;20
6;14;42;2
6;15;48;1
6;16;51;1
6;17;45;1
6;18;24;3
6;19;30;2
6;20;36;1
6;21;0;0
6;22;0;0
6;23;40;1
6;24;46;1
6;25;52;3
7;1;36;2
7;2;30;3
7;3;24;3
7;4;40;2
7;5;46;1
7;6;6;7
7;8;6;11
7;9;39;9
7;10;45;4
7;11;48;1
7;12;42;3
7;13;12;47
7;14;36;4
7;15;42;2
7;16;45;1
7;17;39;3
7;18;18;7
7;19;24;6
7;20;30;2
7;21;56;1
7;22;50;1
7;23;34;2
7;24;40;2
7;25;46;7
8;1;18;4
8;2;12;4
8;3;6;7
8;4;12;4
8;5;18;3
8;6;12;4
8;7;6;10
8;9;6;11
8;10;12;5
8;11;27;3
8;12;21;6
8;13;6;78
8;14;20;7
8;15;26;3
8;16;24;2
8;17;18;6
8;18;12;11
8;19;18;6
8;20;24;3
8;21;30;2
8;22;24;3
8;23;18;4
8;24;24;3
8;25;30;10
9;1;36;1
9;2;30;2
9;3;24;3
9;4;30;3
9;5;36;2
9;6;45;3
9;7;39;8
9;8;6;11
9;10;6;7
9;11;38;2
9;12;32;5
9;13;12;46
9;14;26;6
9;15;32;3
9;16;30;2
9;17;24;5
9;18;18;6
9;19;39;3
9;20;45;1
9;21;46;1
9;22;40;2
9;23;34;2
9;24;50;1
9;25;56;4
10;1;42;1
10;2;36;1
10;3;30;1
10;4;36;1
10;5;42;1
10;6;51;1
10;7;45;4
10;8;12;5
10;9;6;7
10;11;44;1
10;12;38;2
10;13;18;19
10;14;32;3
10;15;38;1
10;16;36;1
10;17;30;2
10;18;24;3
10;19;45;1
10;20;51;1
10;21;52;1
10;22;46;1
10;23;40;1
10;24;0;0
10;25;62;2
11;1;53;1
11;2;47;1
11;3;41;1
11;4;47;1
11;5;53;1
11;6;42;1
11;7;36;2
11;8;30;3
11;9;46;1
11;10;52;1
11;12;6;7
11;13;12;25
11;14;18;4
11;15;24;2
11;16;52;1
11;17;46;1
11;18;30;3
11;19;36;2
11;20;42;1
11;21;63;1
11;22;57;1
11;23;41;1
11;24;47;1
11;25;53;3
12;1;47;1
12;2;41;1
12;3;35;1
12;4;41;1
12;5;47;1
12;6;36;1
12;7;30;2
12;8;24;4
12;9;40;2
12;10;46;1
12;11;6;4
12;13;6;29
12;14;12;5
12;15;18;2
12;16;46;1
12;17;40;2
12;18;24;4
12;19;30;3
12;20;36;1
12;21;57;1
12;22;51;1
12;23;35;2
12;24;41;1
12;25;47;3
13;1;24;14
13;2;18;4
13;3;12;7
13;4;18;5
13;5;24;4
13;6;18;5
13;7;12;11
13;8;6;18
13;9;12;11
13;10;18;5
13;11;12;6
13;12;6;9
13;14;6;14
13;15;12;6
13;16;18;5
13;17;12;11
13;18;6;18
13;19;12;11
13;20;18;5
13;21;24;4
13;22;18;5
13;23;12;7
13;24;18;5
13;25;24;8
14;1;41;1
14;2;35;1
14;3;29;2
14;4;35;2
14;5;41;2
14;6;50;2
14;7;44;6
14;8;23;7
14;9;34;4
14;10;40;2
14;11;18;4
14;12;12;9
14;13;6;55
14;15;6;7
14;16;40;2
14;17;34;4
14;18;23;7
14;19;44;6
14;20;50;3
14;21;51;1
14;22;45;1
14;23;29;3
14;24;35;2
14;25;41;8
15;1;0;0
15;2;0;0
15;3;35;1
15;4;41;1
15;5;47;1
15;6;56;1
15;7;50;3
15;8;29;3
15;9;40;2
15;10;46;1
15;11;24;2
15;12;18;4
15;13;12;23
15;14;6;7
15;16;46;1
15;17;40;2
15;18;29;3
15;19;50;3
15;20;56;1
15;21;0;0
15;22;51;1
15;23;35;1
15;24;41;1
15;25;47;3
16;1;52;1
16;2;46;1
16;3;40;1
16;4;0;0
16;5;0;0
16;6;51;1
16;7;45;1
16;8;24;3
16;9;30;2
16;10;36;1
16;11;44;1
16;12;38;2
16;13;18;19
16;14;32;3
16;15;38;1
16;17;6;8
16;18;12;5
16;19;45;4
16;20;51;2
16;21;52;1
16;22;46;1
16;23;30;2
16;24;36;1
16;25;42;5
17;1;46;1
17;2;40;2
17;3;34;2
17;4;50;1
17;5;56;1
17;6;45;1
17;7;39;3
17;8;18;6
17;9;24;5
17;10;30;2
17;11;38;2
17;12;32;4
17;13;12;45
17;14;26;6
17;15;32;3
17;16;6;7
17;18;6;11
17;19;39;9
17;20;45;4
17;21;46;1
17;22;40;2
17;23;24;4
17;24;30;3
17;25;36;11
18;1;30;2
18;2;24;2
18;3;18;4
18;4;24;2
18;5;30;2
18;6;24;2
18;7;18;5
18;8;12;10
18;9;18;6
18;10;24;2
18;11;27;3
18;12;21;6
18;13;6;75
18;14;20;7
18;15;26;3
18;16;12;4
18;17;6;11
18;19;6;11
18;20;12;5
18;21;18;3
18;22;12;4
18;23;6;7
18;24;12;4
18;25;18;17
19;1;46;1
19;2;40;1
19;3;34;2
19;4;40;2
19;5;46;1
19;6;30;2
19;7;24;5
19;8;18;6
19;9;39;3
19;10;45;1
19;11;48;1
19;12;42;3
19;13;12;45
19;14;36;4
19;15;42;2
19;16;45;4
19;17;39;9
19;18;6;11
19;20;6;7
19;21;36;2
19;22;30;3
19;23;24;3
19;24;40;2
19;25;46;7
20;1;0;0
20;2;0;0
20;3;40;1
20;4;46;1
20;5;52;1
20;6;36;1
20;7;30;2
20;8;24;2
20;9;45;1
20;10;51;1
20;11;0;0
20;12;48;1
20;13;18;18
20;14;42;2
20;15;48;1
20;16;51;2
20;17;45;4
20;18;12;5
20;19;6;7
20;21;42;1
20;22;36;1
20;23;30;1
20;24;46;1
20;25;52;3
21;1;0;0
21;2;0;0
21;3;36;1
21;4;42;1
21;5;48;1
21;6;0;0
21;7;56;1
21;8;30;2
21;9;46;1
21;10;52;1
21;11;0;0
21;12;49;1
21;13;24;15
21;14;43;2
21;15;49;1
21;16;52;1
21;17;46;1
21;18;18;4
21;19;36;2
21;20;42;1
21;22;6;5
21;23;12;3
21;24;27;2
21;25;33;8
22;1;0;0
22;2;0;0
22;3;30;1
22;4;36;1
22;5;42;1
22;6;0;0
22;7;50;1
22;8;24;2
22;9;40;2
22;10;46;1
22;11;49;1
22;12;43;1
22;13;18;18
22;14;37;2
22;15;43;1
22;16;46;1
22;17;40;2
22;18;12;5
22;19;30;3
22;20;36;1
22;21;6;4
22;23;6;4
22;24;21;3
22;25;27;9
23;1;36;1
23;2;30;1
23;3;24;2
23;4;30;1
23;5;36;1
23;6;40;1
23;7;34;2
23;8;18;4
23;9;34;2
23;10;40;1
23;11;33;1
23;12;27;3
23;13;12;28
23;14;31;2
23;15;37;1
23;16;30;1
23;17;24;3
23;18;6;7
23;19;24;3
23;20;30;1
23;21;12;3
23;22;6;4
23;24;6;4
23;25;12;13
24;1;42;1
24;2;36;1
24;3;30;1
24;4;0;0
24;5;0;0
24;6;46;1
24;7;40;2
24;8;24;2
24;9;50;1
24;10;0;0
24;11;39;1
24;12;33;2
24;13;18;17
24;14;47;1
24;15;0;0
24;16;36;1
24;17;30;3
24;18;12;4
24;19;40;2
24;20;46;1
24;21;27;2
24;22;21;2
24;23;6;4
24;25;6;19
25;1;48;1
25;2;42;1
25;3;36;1
25;4;0;0
25;5;0;0
25;6;0;0
25;7;46;1
25;8;30;2
25;9;56;1
25;10;0;0
25;11;45;1
25;12;39;2
25;13;24;13
25;14;53;1
25;15;0;0
25;16;42;1
25;17;36;2
25;18;18;3
25;19;46;1
25;20;52;1
25;21;33;1
25;22;27;2
25;23;12;3
25;24;6;4
