#origin-stop-id;destination-stop-id;perceived-travel-time;passengers
1;2;6;21
1;3;12;15
1;4;29;10
1;5;43;8
1;6;6;5
1;7;12;11
1;8;18;19
1;9;24;7
1;10;41;3
1;11;12;3
1;12;18;6
1;13;24;82
1;14;30;8
1;15;36;4
1;16;47;3
1;17;32;7
1;18;38;11
1;19;44;4
1;20;50;2
1;21;53;2
1;22;59;2
1;23;50;5
1;24;56;4
1;25;59;15
2;1;6;5
2;3;6;4
2;4;23;3
2;5;37;2
2;6;12;1
2;7;6;3
2;8;32;5
2;9;38;2
2;10;43;1
2;11;18;1
2;12;12;2
2;13;30;20
2;14;36;2
2;15;42;1
2;16;24;1
2;17;38;2
2;18;44;3
2;19;50;1
2;20;55;0
2;21;30;0
2;22;36;1
2;23;50;1
2;24;56;1
2;25;68;4
3;1;12;3
3;2;6;3
3;4;6;4
3;5;20;3
3;6;18;1
3;7;23;3
3;8;6;7
3;9;32;3
3;10;26;1
3;11;24;1
3;12;18;3
3;13;12;30
3;14;26;2
3;15;32;1
3;16;56;1
3;17;24;2
3;18;18;4
3;19;53;2
3;20;38;1
3;21;68;1
3;22;38;1
3;23;44;2
3;24;50;1
3;25;55;4
4;1;41;2
4;2;38;2
4;3;6;4
4;5;6;4
4;6;35;1
4;7;29;2
4;8;12;5
4;9;6;3
4;10;12;1
4;11;41;1
4;12;24;3
4;13;18;19
4;14;12;1
4;15;18;1
4;16;62;0
4;17;30;1
4;18;24;3
4;19;32;2
4;20;24;1
4;21;76;1
4;22;44;1
4;23;30;1
4;24;41;1
4;25;41;2
5;1;58;2
5;2;55;2
5;3;20;3
5;4;6;4
5;6;52;1
5;7;44;1
5;8;26;4
5;9;47;2
5;10;6;1
5;11;50;1
5;12;38;2
5;13;32;16
5;14;32;1
5;15;12;0
5;16;56;0
5;17;47;1
5;18;41;2
5;19;38;1
5;20;18;1
5;21;93;1
5;22;61;1
5;23;58;1
5;24;41;0
5;25;35;2
6;1;6;1
6;2;12;1
6;3;18;1
6;4;35;1
6;5;49;1
6;7;6;8
6;8;12;5
6;9;18;4
6;10;35;2
6;11;6;1
6;12;12;1
6;13;18;20
6;14;24;2
6;15;30;1
6;16;41;1
6;17;26;1
6;18;32;3
6;19;30;2
6;20;44;1
6;21;47;0
6;22;53;0
6;23;44;1
6;24;36;1
6;25;42;3
7;1;12;2
7;2;6;3
7;3;20;3
7;4;30;2
7;5;44;1
7;6;6;7
7;8;6;11
7;9;12;9
7;10;29;4
7;11;12;1
7;12;6;3
7;13;12;47
7;14;26;4
7;15;35;2
7;16;18;1
7;17;32;3
7;18;26;7
7;19;32;6
7;20;41;2
7;21;24;1
7;22;30;1
7;23;32;2
7;24;38;2
7;25;44;7
8;1;18;4
8;2;20;4
8;3;6;7
8;4;12;4
8;5;26;3
8;6;12;4
8;7;6;10
8;9;6;11
8;10;12;5
8;11;35;3
8;12;12;6
8;13;6;78
8;14;20;7
8;15;18;3
8;16;41;2
8;17;18;6
8;18;12;11
8;19;30;6
8;20;24;3
8;21;47;2
8;22;32;3
8;23;38;4
8;24;44;3
8;25;30;10
9;1;24;1
9;2;29;2
9;3;43;3
9;4;6;3
9;5;41;2
9;6;18;3
9;7;12;8
9;8;6;11
9;10;6;7
9;11;35;2
9;12;18;5
9;13;12;46
9;14;6;6
9;15;12;3
9;16;30;2
9;17;24;5
9;18;18;6
9;19;26;3
9;20;18;1
9;21;65;1
9;22;49;2
9;23;24;2
9;24;35;1
9;25;24;4
10;1;47;1
10;2;52;1
10;3;26;1
10;4;12;1
10;5;6;1
10;6;41;1
10;7;35;4
10;8;12;5
10;9;6;7
10;11;38;1
10;12;32;2
10;13;26;19
10;14;20;3
10;15;6;1
10;16;44;1
10;17;38;2
10;18;32;3
10;19;26;1
10;20;12;1
10;21;82;1
10;22;55;1
10;23;46;1
10;24;35;0
10;25;18;2
11;1;12;1
11;2;18;1
11;3;24;1
11;4;38;1
11;5;55;1
11;6;6;1
11;7;12;2
11;8;29;3
11;9;32;1
11;10;38;1
11;12;6;7
11;13;12;25
11;14;18;4
11;15;24;2
11;16;6;1
11;17;20;1
11;18;26;3
11;19;24;2
11;20;38;1
11;21;12;1
11;22;18;1
11;23;32;1
11;24;30;1
11;25;36;3
12;1;18;1
12;2;12;1
12;3;18;1
12;4;24;1
12;5;38;1
12;6;12;1
12;7;6;2
12;8;12;4
12;9;18;2
12;10;32;1
12;11;6;4
12;13;6;29
12;14;12;5
12;15;18;2
12;16;12;1
12;17;6;2
12;18;12;4
12;19;18;3
12;20;32;1
12;21;18;1
12;22;24;1
12;23;26;2
12;24;24;1
12;25;30;3
13;1;24;14
13;2;26;4
13;3;12;7
13;4;18;5
13;5;32;4
13;6;18;5
13;7;12;11
13;8;6;18
13;9;12;11
13;10;26;5
13;11;12;6
13;12;6;9
13;14;6;14
13;15;12;6
13;16;18;5
13;17;12;11
13;18;6;18
13;19;12;11
13;20;26;5
13;21;41;4
13;22;26;5
13;23;12;7
13;24;18;5
13;25;24;8
14;1;30;1
14;2;36;1
14;3;26;2
14;4;12;2
14;5;26;2
14;6;24;2
14;7;29;6
14;8;20;7
14;9;6;4
14;10;20;2
14;11;18;4
14;12;12;9
14;13;6;55
14;15;6;7
14;16;24;2
14;17;18;4
14;18;12;7
14;19;6;6
14;20;20;3
14;21;53;1
14;22;38;1
14;23;18;3
14;24;12;2
14;25;18;8
15;1;36;0
15;2;42;0
15;3;32;1
15;4;18;1
15;5;12;1
15;6;30;1
15;7;35;3
15;8;18;3
15;9;12;2
15;10;6;1
15;11;24;2
15;12;18;4
15;13;12;23
15;14;6;7
15;16;38;1
15;17;32;2
15;18;18;3
15;19;12;3
15;20;6;1
15;21;68;0
15;22;47;1
15;23;32;1
15;24;26;1
15;25;12;3
16;1;26;1
16;2;24;1
16;3;38;1
16;4;50;0
16;5;50;0
16;6;20;1
16;7;18;1
16;8;38;3
16;9;30;2
16;10;44;1
16;11;6;1
16;12;12;2
16;13;18;19
16;14;24;3
16;15;38;1
16;17;6;8
16;18;12;5
16;19;18;4
16;20;24;2
16;21;6;1
16;22;12;1
16;23;26;2
16;24;32;1
16;25;38;5
17;1;32;1
17;2;35;2
17;3;24;2
17;4;30;1
17;5;44;1
17;6;26;1
17;7;26;3
17;8;18;6
17;9;24;5
17;10;38;2
17;11;20;2
17;12;6;4
17;13;12;45
17;14;18;6
17;15;32;3
17;16;6;7
17;18;6;11
17;19;12;9
17;20;18;4
17;21;38;1
17;22;6;2
17;23;12;4
17;24;18;3
17;25;32;11
18;1;38;2
18;2;32;2
18;3;18;4
18;4;24;2
18;5;38;2
18;6;32;2
18;7;32;5
18;8;12;10
18;9;18;6
18;10;32;2
18;11;26;3
18;12;12;6
18;13;6;75
18;14;12;7
18;15;18;3
18;16;12;4
18;17;6;11
18;19;6;11
18;20;12;5
18;21;50;3
18;22;20;4
18;23;6;7
18;24;32;4
18;25;26;17
19;1;47;1
19;2;53;1
19;3;41;2
19;4;38;2
19;5;32;1
19;6;30;2
19;7;41;5
19;8;30;6
19;9;32;3
19;10;26;1
19;11;24;1
19;12;18;3
19;13;12;45
19;14;6;4
19;15;12;2
19;16;18;4
19;17;12;9
19;18;6;11
19;20;6;7
19;21;56;2
19;22;18;3
19;23;12;3
19;24;6;2
19;25;12;7
20;1;56;0
20;2;62;0
20;3;38;1
20;4;24;1
20;5;18;1
20;6;50;1
20;7;47;2
20;8;24;2
20;9;18;1
20;10;12;1
20;11;44;0
20;12;35;1
20;13;32;18
20;14;20;2
20;15;6;1
20;16;24;2
20;17;18;4
20;18;12;5
20;19;6;7
20;21;62;1
20;22;43;1
20;23;26;1
20;24;12;1
20;25;6;3
21;1;32;0
21;2;30;0
21;3;44;1
21;4;56;1
21;5;70;1
21;6;26;0
21;7;24;1
21;8;44;2
21;9;58;1
21;10;58;1
21;11;12;0
21;12;18;1
21;13;32;15
21;14;38;2
21;15;44;1
21;16;6;1
21;17;53;1
21;18;40;4
21;19;32;2
21;20;46;1
21;22;6;5
21;23;20;3
21;24;26;2
21;25;40;8
22;1;38;0
22;2;36;0
22;3;38;1
22;4;44;1
22;5;76;1
22;6;32;0
22;7;30;1
22;8;32;2
22;9;44;2
22;10;64;1
22;11;18;1
22;12;20;1
22;13;26;18
22;14;38;2
22;15;50;1
22;16;12;1
22;17;6;2
22;18;20;5
22;19;18;3
22;20;32;1
22;21;6;4
22;23;6;4
22;24;12;3
22;25;26;9
23;1;44;1
23;2;50;1
23;3;44;2
23;4;30;1
23;5;64;1
23;6;38;1
23;7;38;2
23;8;38;4
23;9;24;2
23;10;58;1
23;11;32;1
23;12;26;3
23;13;12;28
23;14;18;2
23;15;44;1
23;16;47;1
23;17;12;3
23;18;6;7
23;19;12;3
23;20;26;1
23;21;56;3
23;22;6;4
23;24;6;4
23;25;20;13
24;1;64;1
24;2;64;1
24;3;50;1
24;4;56;0
24;5;59;0
24;6;36;1
24;7;62;2
24;8;44;2
24;9;53;1
24;10;53;0
24;11;30;1
24;12;24;2
24;13;18;17
24;14;12;1
24;15;44;0
24;16;32;1
24;17;18;3
24;18;20;4
24;19;6;2
24;20;12;1
24;21;62;2
24;22;12;2
24;23;6;4
24;25;6;19
25;1;62;1
25;2;68;1
25;3;64;1
25;4;53;0
25;5;53;0
25;6;42;0
25;7;53;1
25;8;30;2
25;9;24;1
25;10;18;0
25;11;36;1
25;12;30;2
25;13;24;13
25;14;18;1
25;15;12;0
25;16;38;1
25;17;32;2
25;18;26;3
25;19;12;1
25;20;6;1
25;21;71;1
25;22;49;2
25;23;40;3
25;24;6;4
