#origin-stop-id;destination-stop-id;perceived-travel-time;passengers
1;2;6;21
1;3;12;15
1;4;27;10
1;5;33;8
1;6;44;5
1;7;38;11
1;8;18;19
1;9;24;7
1;10;47;3
1;11;44;3
1;12;38;6
1;13;24;82
1;14;30;8
1;15;44;4
1;16;53;3
1;17;47;7
1;18;30;11
1;19;52;4
1;20;58;2
1;21;67;2
1;22;61;2
1;23;36;5
1;24;42;4
1;25;48;15
2;1;6;5
2;3;6;4
2;4;21;3
2;5;27;2
2;6;38;1
2;7;32;3
2;8;12;5
2;9;18;2
2;10;41;1
2;11;38;1
2;12;32;2
2;13;18;20
2;14;24;2
2;15;38;1
2;16;47;1
2;17;41;2
2;18;24;3
2;19;46;1
2;20;52;0
2;21;61;0
2;22;55;1
2;23;30;1
2;24;36;1
2;25;42;4
3;1;12;3
3;2;6;3
3;4;6;4
3;5;12;3
3;6;32;1
3;7;26;3
3;8;6;7
3;9;12;3
3;10;35;1
3;11;32;1
3;12;26;3
3;13;12;30
3;14;18;2
3;15;32;1
3;16;41;1
3;17;35;2
3;18;18;4
3;19;40;2
3;20;46;1
3;21;36;1
3;22;30;1
3;23;24;2
3;24;30;1
3;25;36;4
4;1;27;2
4;2;21;2
4;3;6;4
4;5;6;4
4;6;44;1
4;7;38;2
4;8;12;5
4;9;29;3
4;10;47;1
4;11;44;1
4;12;38;3
4;13;18;19
4;14;35;1
4;15;44;1
4;16;53;0
4;17;47;1
4;18;24;3
4;19;52;2
4;20;58;1
4;21;42;1
4;22;36;1
4;23;30;1
4;24;47;1
4;25;53;2
5;1;33;2
5;2;27;2
5;3;12;3
5;4;6;4
5;6;50;1
5;7;44;1
5;8;18;4
5;9;35;2
5;10;53;1
5;11;50;1
5;12;44;2
5;13;24;16
5;14;41;1
5;15;50;0
5;16;59;0
5;17;53;1
5;18;30;2
5;19;58;1
5;20;64;1
5;21;48;1
5;22;42;1
5;23;36;1
5;24;53;0
5;25;59;2
6;1;39;1
6;2;33;1
6;3;27;1
6;4;50;1
6;5;56;1
6;7;6;8
6;8;12;5
6;9;32;4
6;10;50;2
6;11;47;1
6;12;41;1
6;13;18;20
6;14;38;2
6;15;47;1
6;16;56;1
6;17;50;1
6;18;24;3
6;19;30;2
6;20;36;1
6;21;50;0
6;22;44;0
6;23;38;1
6;24;50;1
6;25;56;3
7;1;33;2
7;2;27;3
7;3;21;3
7;4;44;2
7;5;50;1
7;6;6;7
7;8;6;11
7;9;26;9
7;10;44;4
7;11;41;1
7;12;35;3
7;13;12;47
7;14;32;4
7;15;41;2
7;16;50;1
7;17;44;3
7;18;18;7
7;19;24;6
7;20;30;2
7;21;44;1
7;22;38;1
7;23;32;2
7;24;44;2
7;25;50;7
8;1;18;4
8;2;12;4
8;3;6;7
8;4;12;4
8;5;18;3
8;6;12;4
8;7;6;10
8;9;6;11
8;10;12;5
8;11;26;3
8;12;20;6
8;13;6;78
8;14;12;7
8;15;26;3
8;16;24;2
8;17;18;6
8;18;12;11
8;19;18;6
8;20;24;3
8;21;30;2
8;22;24;3
8;23;18;4
8;24;24;3
8;25;30;10
9;1;24;1
9;2;18;2
9;3;12;3
9;4;29;3
9;5;35;2
9;6;26;3
9;7;20;8
9;8;6;11
9;10;6;7
9;11;40;2
9;12;34;5
9;13;12;46
9;14;6;6
9;15;20;3
9;16;30;2
9;17;24;5
9;18;18;6
9;19;34;3
9;20;40;1
9;21;49;1
9;22;43;2
9;23;34;2
9;24;40;1
9;25;46;4
10;1;44;1
10;2;38;1
10;3;29;1
10;4;35;1
10;5;41;1
10;6;32;1
10;7;26;4
10;8;12;5
10;9;6;7
10;11;52;1
10;12;46;2
10;13;18;19
10;14;23;3
10;15;37;1
10;16;36;1
10;17;30;2
10;18;24;3
10;19;40;1
10;20;46;1
10;21;55;1
10;22;49;1
10;23;43;1
10;24;55;0
10;25;61;2
11;1;52;1
11;2;46;1
11;3;40;1
11;4;52;1
11;5;58;1
11;6;49;1
11;7;43;2
11;8;34;3
11;9;37;1
11;10;52;1
11;12;6;7
11;13;12;25
11;14;18;4
11;15;24;2
11;16;38;1
11;17;32;1
11;18;26;3
11;19;37;2
11;20;43;1
11;21;52;1
11;22;46;1
11;23;40;1
11;24;52;1
11;25;58;3
12;1;46;1
12;2;40;1
12;3;34;1
12;4;46;1
12;5;52;1
12;6;43;1
12;7;37;2
12;8;28;4
12;9;31;2
12;10;46;1
12;11;6;4
12;13;6;29
12;14;12;5
12;15;18;2
12;16;32;1
12;17;26;2
12;18;20;4
12;19;31;3
12;20;37;1
12;21;46;1
12;22;40;1
12;23;34;2
12;24;46;1
12;25;52;3
13;1;24;14
13;2;18;4
13;3;12;7
13;4;18;5
13;5;24;4
13;6;18;5
13;7;12;11
13;8;6;18
13;9;12;11
13;10;18;5
13;11;12;6
13;12;6;9
13;14;6;14
13;15;12;6
13;16;18;5
13;17;12;11
13;18;6;18
13;19;12;11
13;20;18;5
13;21;24;4
13;22;18;5
13;23;12;7
13;24;18;5
13;25;24;8
14;1;30;1
14;2;24;1
14;3;18;2
14;4;46;2
14;5;52;2
14;6;43;2
14;7;37;6
14;8;12;7
14;9;6;4
14;10;26;2
14;11;18;4
14;12;12;9
14;13;6;55
14;15;6;7
14;16;32;2
14;17;26;4
14;18;20;7
14;19;31;6
14;20;37;3
14;21;46;1
14;22;40;1
14;23;34;3
14;24;46;2
14;25;52;8
15;1;52;0
15;2;46;0
15;3;40;1
15;4;52;1
15;5;58;1
15;6;49;1
15;7;43;3
15;8;34;3
15;9;37;2
15;10;52;1
15;11;24;2
15;12;18;4
15;13;12;23
15;14;6;7
15;16;38;1
15;17;32;2
15;18;26;3
15;19;37;3
15;20;43;1
15;21;52;0
15;22;46;1
15;23;40;1
15;24;52;1
15;25;58;3
16;1;50;1
16;2;44;1
16;3;38;1
16;4;61;0
16;5;67;0
16;6;58;1
16;7;52;1
16;8;24;3
16;9;30;2
16;10;36;1
16;11;38;1
16;12;32;2
16;13;18;19
16;14;32;3
16;15;38;1
16;17;6;8
16;18;12;5
16;19;26;4
16;20;32;2
16;21;41;1
16;22;35;1
16;23;29;2
16;24;41;1
16;25;47;5
17;1;44;1
17;2;38;2
17;3;32;2
17;4;55;1
17;5;61;1
17;6;52;1
17;7;46;3
17;8;18;6
17;9;24;5
17;10;30;2
17;11;32;2
17;12;26;4
17;13;12;45
17;14;26;6
17;15;32;3
17;16;6;7
17;18;6;11
17;19;20;9
17;20;26;4
17;21;35;1
17;22;29;2
17;23;23;4
17;24;35;3
17;25;41;11
18;1;30;2
18;2;24;2
18;3;18;4
18;4;24;2
18;5;30;2
18;6;24;2
18;7;18;5
18;8;12;10
18;9;18;6
18;10;24;2
18;11;26;3
18;12;20;6
18;13;6;75
18;14;20;7
18;15;26;3
18;16;12;4
18;17;6;11
18;19;6;11
18;20;12;5
18;21;18;3
18;22;12;4
18;23;6;7
18;24;12;4
18;25;18;17
19;1;47;1
19;2;41;1
19;3;32;2
19;4;38;2
19;5;44;1
19;6;30;2
19;7;24;5
19;8;18;6
19;9;32;3
19;10;38;1
19;11;35;1
19;12;29;3
19;13;12;45
19;14;29;4
19;15;35;2
19;16;44;4
19;17;38;9
19;18;6;11
19;20;6;7
19;21;38;2
19;22;32;3
19;23;26;3
19;24;38;2
19;25;44;7
20;1;53;0
20;2;47;0
20;3;38;1
20;4;44;1
20;5;50;1
20;6;36;1
20;7;30;2
20;8;24;2
20;9;38;1
20;10;44;1
20;11;41;0
20;12;35;1
20;13;18;18
20;14;35;2
20;15;41;1
20;16;50;2
20;17;44;4
20;18;12;5
20;19;6;7
20;21;44;1
20;22;38;1
20;23;32;1
20;24;44;1
20;25;50;3
21;1;56;0
21;2;50;0
21;3;36;1
21;4;42;1
21;5;48;1
21;6;64;0
21;7;58;1
21;8;30;2
21;9;49;1
21;10;67;1
21;11;44;0
21;12;38;1
21;13;24;15
21;14;38;2
21;15;44;1
21;16;53;1
21;17;47;1
21;18;18;4
21;19;32;2
21;20;38;1
21;22;6;5
21;23;12;3
21;24;27;2
21;25;33;8
22;1;50;0
22;2;44;0
22;3;30;1
22;4;36;1
22;5;42;1
22;6;58;0
22;7;52;1
22;8;24;2
22;9;43;2
22;10;61;1
22;11;38;1
22;12;32;1
22;13;18;18
22;14;32;2
22;15;38;1
22;16;47;1
22;17;41;2
22;18;12;5
22;19;26;3
22;20;32;1
22;21;6;4
22;23;6;4
22;24;21;3
22;25;27;9
23;1;36;1
23;2;30;1
23;3;24;2
23;4;30;1
23;5;36;1
23;6;38;1
23;7;32;2
23;8;18;4
23;9;35;2
23;10;41;1
23;11;32;1
23;12;26;3
23;13;12;28
23;14;26;2
23;15;32;1
23;16;27;1
23;17;21;3
23;18;6;7
23;19;20;3
23;20;26;1
23;21;12;3
23;22;6;4
23;24;6;4
23;25;12;13
24;1;42;1
24;2;36;1
24;3;30;1
24;4;47;0
24;5;53;0
24;6;44;1
24;7;38;2
24;8;24;2
24;9;41;1
24;10;47;0
24;11;44;1
24;12;38;2
24;13;18;17
24;14;38;1
24;15;44;0
24;16;33;1
24;17;27;3
24;18;12;4
24;19;32;2
24;20;38;1
24;21;27;2
24;22;21;2
24;23;6;4
24;25;6;19
25;1;48;1
25;2;42;1
25;3;36;1
25;4;53;0
25;5;59;0
25;6;50;0
25;7;44;1
25;8;30;2
25;9;47;1
25;10;53;0
25;11;50;1
25;12;44;2
25;13;24;13
25;14;44;1
25;15;50;0
25;16;39;1
25;17;33;2
25;18;18;3
25;19;38;1
25;20;44;1
25;21;33;1
25;22;27;2
25;23;12;3
25;24;6;4
