# line-id; line-code; direction; stop-order; stop-id; frequency; arrival_time; departure_time; line-repetition
6; 6H; >; 1; 14; 1; 42; 42; 1
6; 6H; >; 2; 28; 1; 46; 46; 1
6; 6H; >; 3; 27; 1; 3; 3; 1
6; 6H; >; 4; 283; 1; 14; 14; 1
6; 6H; >; 5; 6; 1; 15; 15; 1
6; 6H; >; 6; 339; 1; 21; 21; 1
6; 6H; >; 7; 31; 1; 24; 24; 1
6; 6R; <; 1; 31; 1; 0; 0; 1
6; 6R; <; 2; 339; 1; 3; 3; 1
6; 6R; <; 3; 6; 1; 9; 9; 1
6; 6R; <; 4; 283; 1; 10; 10; 1
6; 6R; <; 5; 27; 1; 21; 21; 1
6; 6R; <; 6; 28; 1; 38; 38; 1
6; 6R; <; 7; 14; 1; 42; 42; 1
7; 7H; >; 1; 6; 1; 0; 0; 1
7; 7H; >; 2; 283; 1; 1; 1; 1
7; 7H; >; 3; 27; 1; 12; 12; 1
7; 7H; >; 4; 28; 1; 29; 29; 1
7; 7H; >; 5; 14; 1; 33; 33; 1
7; 7H; >; 6; 308; 1; 40; 40; 1
7; 7H; >; 7; 375; 1; 2; 2; 1
7; 7R; <; 1; 375; 1; 0; 0; 1
7; 7R; <; 2; 308; 1; 22; 22; 1
7; 7R; <; 3; 14; 1; 29; 29; 1
7; 7R; <; 4; 28; 1; 33; 33; 1
7; 7R; <; 5; 27; 1; 50; 50; 1
7; 7R; <; 6; 283; 1; 1; 1; 1
7; 7R; <; 7; 6; 1; 2; 2; 1
12; 12H; >; 1; 308; 1; 0; 0; 1
12; 12H; >; 2; 375; 1; 22; 22; 1
12; 12H; >; 3; 26; 1; 46; 46; 1
12; 12H; >; 4; 19; 1; 50; 50; 1
12; 12H; >; 5; 7; 1; 57; 57; 1
12; 12H; >; 6; 29; 1; 4; 4; 1
12; 12R; <; 1; 29; 1; 0; 0; 1
12; 12R; <; 2; 7; 1; 7; 7; 1
12; 12R; <; 3; 19; 1; 14; 14; 1
12; 12R; <; 4; 26; 1; 18; 18; 1
12; 12R; <; 5; 375; 1; 42; 42; 1
12; 12R; <; 6; 308; 1; 4; 4; 1
37; 37H; >; 1; 308; 1; 33; 33; 1
37; 37H; >; 2; 375; 1; 55; 55; 1
37; 37H; >; 3; 11; 1; 6; 6; 1
37; 37H; >; 4; 68; 1; 16; 16; 1
37; 37H; >; 5; 69; 1; 25; 25; 1
37; 37R; <; 1; 69; 1; 39; 39; 1
37; 37R; <; 2; 68; 1; 48; 48; 1
37; 37R; <; 3; 11; 1; 58; 58; 1
37; 37R; <; 4; 375; 1; 9; 9; 1
37; 37R; <; 5; 308; 1; 31; 31; 1
47; 47H; >; 1; 6; 1; 0; 0; 1
47; 47H; >; 2; 16; 1; 11; 11; 1
47; 47H; >; 3; 3; 1; 17; 17; 1
47; 47H; >; 4; 32; 1; 28; 28; 1
47; 47H; >; 5; 8; 1; 37; 37; 1
47; 47R; <; 1; 8; 1; 46; 46; 1
47; 47R; <; 2; 32; 1; 55; 55; 1
47; 47R; <; 3; 3; 1; 6; 6; 1
47; 47R; <; 4; 16; 1; 12; 12; 1
47; 47R; <; 5; 6; 1; 23; 23; 1
56; 56H; >; 1; 40; 1; 0; 0; 1
56; 56H; >; 2; 68; 1; 9; 9; 1
56; 56H; >; 3; 69; 1; 18; 18; 1
56; 56H; >; 4; 7; 1; 25; 25; 1
56; 56H; >; 5; 12; 1; 32; 32; 1
56; 56R; <; 1; 12; 1; 0; 0; 1
56; 56R; <; 2; 7; 1; 7; 7; 1
56; 56R; <; 3; 69; 1; 14; 14; 1
56; 56R; <; 4; 68; 1; 23; 23; 1
56; 56R; <; 5; 40; 1; 32; 32; 1
57; 57H; >; 1; 40; 1; 19; 19; 1
57; 57H; >; 2; 68; 1; 28; 28; 1
57; 57H; >; 3; 9; 1; 34; 34; 1
57; 57H; >; 4; 32; 1; 45; 45; 1
57; 57H; >; 5; 29; 1; 55; 55; 1
57; 57R; <; 1; 29; 1; 29; 29; 1
57; 57R; <; 2; 32; 1; 39; 39; 1
57; 57R; <; 3; 9; 1; 50; 50; 1
57; 57R; <; 4; 68; 1; 56; 56; 1
57; 57R; <; 5; 40; 1; 5; 5; 1
79; 79H; >; 1; 13; 1; 31; 31; 1
79; 79H; >; 2; 20; 1; 52; 52; 1
79; 79H; >; 3; 70; 1; 14; 14; 1
79; 79H; >; 4; 68; 1; 41; 41; 1
79; 79R; <; 1; 68; 1; 35; 35; 1
79; 79R; <; 2; 70; 1; 2; 2; 1
79; 79R; <; 3; 20; 1; 24; 24; 1
79; 79R; <; 4; 13; 1; 45; 45; 1
94; 94H; >; 1; 8; 1; 0; 0; 1
94; 94H; >; 2; 69; 1; 10; 10; 1
94; 94H; >; 3; 22; 1; 20; 20; 1
94; 94H; >; 4; 346; 1; 35; 35; 1
94; 94R; <; 1; 346; 1; 0; 0; 1
94; 94R; <; 2; 22; 1; 15; 15; 1
94; 94R; <; 3; 69; 1; 25; 25; 1
94; 94R; <; 4; 8; 1; 35; 35; 1
96; 96H; >; 1; 6; 1; 0; 0; 1
96; 96H; >; 2; 283; 1; 1; 1; 1
96; 96H; >; 3; 27; 1; 12; 12; 1
96; 96H; >; 4; 33; 1; 18; 18; 1
96; 96R; <; 1; 33; 1; 0; 0; 1
96; 96R; <; 2; 27; 1; 6; 6; 1
96; 96R; <; 3; 283; 1; 17; 17; 1
96; 96R; <; 4; 6; 1; 18; 18; 1
108; 108H; >; 1; 12; 1; 0; 0; 1
108; 108H; >; 2; 300; 1; 8; 8; 1
108; 108H; >; 3; 53; 1; 16; 16; 1
108; 108R; <; 1; 53; 1; 0; 0; 1
108; 108R; <; 2; 300; 1; 8; 8; 1
108; 108R; <; 3; 12; 1; 16; 16; 1
112; 112H; >; 1; 20; 1; 22; 22; 1
112; 112H; >; 2; 50; 1; 31; 31; 1
112; 112H; >; 3; 53; 1; 34; 34; 1
112; 112R; <; 1; 53; 1; 10; 10; 1
112; 112R; <; 2; 50; 1; 13; 13; 1
112; 112R; <; 3; 20; 1; 22; 22; 1
118; 118H; >; 1; 305; 1; 3; 3; 1
118; 118H; >; 2; 283; 1; 16; 16; 1
118; 118H; >; 3; 6; 1; 17; 17; 1
118; 118H; >; 4; 5; 1; 19; 19; 1
118; 118H; >; 5; 339; 1; 24; 24; 1
118; 118H; >; 6; 31; 1; 27; 27; 1
118; 118H; >; 7; 13; 1; 35; 35; 1
118; 118H; >; 8; 18; 1; 41; 41; 1
118; 118H; >; 9; 16; 1; 43; 43; 1
118; 118H; >; 10; 15; 1; 44; 44; 1
118; 118H; >; 11; 29; 1; 52; 52; 1
118; 118H; >; 12; 7; 1; 59; 59; 1
118; 118H; >; 13; 8; 1; 2; 2; 1
118; 118H; >; 14; 34; 1; 4; 4; 1
118; 118R; <; 1; 34; 1; 20; 20; 1
118; 118R; <; 2; 8; 1; 22; 22; 1
118; 118R; <; 3; 7; 1; 25; 25; 1
118; 118R; <; 4; 29; 1; 32; 32; 1
118; 118R; <; 5; 15; 1; 40; 40; 1
118; 118R; <; 6; 16; 1; 41; 41; 1
118; 118R; <; 7; 18; 1; 43; 43; 1
118; 118R; <; 8; 13; 1; 49; 49; 1
118; 118R; <; 9; 31; 1; 57; 57; 1
118; 118R; <; 10; 339; 1; 0; 0; 1
118; 118R; <; 11; 5; 1; 5; 5; 1
118; 118R; <; 12; 6; 1; 7; 7; 1
118; 118R; <; 13; 283; 1; 8; 8; 1
118; 118R; <; 14; 305; 1; 21; 21; 1
122; 122H; >; 1; 308; 1; 0; 0; 1
122; 122H; >; 2; 14; 1; 7; 7; 1
122; 122H; >; 3; 28; 1; 11; 11; 1
122; 122H; >; 4; 30; 1; 13; 13; 1
122; 122H; >; 5; 24; 1; 15; 15; 1
122; 122H; >; 6; 10; 1; 17; 17; 1
122; 122H; >; 7; 23; 1; 21; 21; 1
122; 122H; >; 8; 26; 1; 24; 24; 1
122; 122H; >; 9; 19; 1; 28; 28; 1
122; 122H; >; 10; 8; 1; 32; 32; 1
122; 122H; >; 11; 32; 1; 41; 41; 1
122; 122R; <; 1; 32; 1; 9; 9; 1
122; 122R; <; 2; 8; 1; 18; 18; 1
122; 122R; <; 3; 19; 1; 22; 22; 1
122; 122R; <; 4; 26; 1; 26; 26; 1
122; 122R; <; 5; 23; 1; 29; 29; 1
122; 122R; <; 6; 10; 1; 33; 33; 1
122; 122R; <; 7; 24; 1; 35; 35; 1
122; 122R; <; 8; 30; 1; 37; 37; 1
122; 122R; <; 9; 28; 1; 39; 39; 1
122; 122R; <; 10; 14; 1; 43; 43; 1
122; 122R; <; 11; 308; 1; 50; 50; 1
123; 123H; >; 1; 11; 1; 15; 15; 1
123; 123H; >; 2; 40; 1; 18; 18; 1
123; 123H; >; 3; 28; 1; 42; 42; 1
123; 123H; >; 4; 30; 1; 44; 44; 1
123; 123H; >; 5; 24; 1; 46; 46; 1
123; 123H; >; 6; 10; 1; 48; 48; 1
123; 123H; >; 7; 23; 1; 52; 52; 1
123; 123H; >; 8; 26; 1; 55; 55; 1
123; 123H; >; 9; 19; 1; 59; 59; 1
123; 123H; >; 10; 8; 1; 3; 3; 1
123; 123H; >; 11; 2; 1; 7; 7; 1
123; 123R; <; 1; 2; 1; 0; 0; 1
123; 123R; <; 2; 8; 1; 4; 4; 1
123; 123R; <; 3; 19; 1; 8; 8; 1
123; 123R; <; 4; 26; 1; 12; 12; 1
123; 123R; <; 5; 23; 1; 15; 15; 1
123; 123R; <; 6; 10; 1; 19; 19; 1
123; 123R; <; 7; 24; 1; 21; 21; 1
123; 123R; <; 8; 30; 1; 23; 23; 1
123; 123R; <; 9; 28; 1; 25; 25; 1
123; 123R; <; 10; 40; 1; 49; 49; 1
123; 123R; <; 11; 11; 1; 52; 52; 1
126; 126H; >; 1; 32; 1; 0; 0; 1
126; 126H; >; 2; 23; 1; 6; 6; 1
126; 126H; >; 3; 10; 1; 10; 10; 1
126; 126H; >; 4; 24; 1; 12; 12; 1
126; 126H; >; 5; 30; 1; 14; 14; 1
126; 126H; >; 6; 28; 1; 16; 16; 1
126; 126H; >; 7; 40; 1; 40; 40; 1
126; 126H; >; 8; 11; 1; 43; 43; 1
126; 126R; <; 1; 11; 1; 58; 58; 1
126; 126R; <; 2; 40; 1; 1; 1; 1
126; 126R; <; 3; 28; 1; 25; 25; 1
126; 126R; <; 4; 30; 1; 27; 27; 1
126; 126R; <; 5; 24; 1; 29; 29; 1
126; 126R; <; 6; 10; 1; 31; 31; 1
126; 126R; <; 7; 23; 1; 35; 35; 1
126; 126R; <; 8; 32; 1; 41; 41; 1
129; 129H; >; 1; 40; 4; 55; 55; 1
129; 129H; >; 2; 11; 4; 58; 58; 1
129; 129H; >; 3; 68; 4; 8; 8; 1
129; 129H; >; 4; 9; 4; 14; 14; 1
129; 129H; >; 5; 34; 4; 16; 16; 1
129; 129H; >; 6; 8; 4; 18; 18; 1
129; 129H; >; 7; 2; 4; 22; 22; 1
129; 129H; >; 1; 40; 4; 10; 10; 2
129; 129H; >; 2; 11; 4; 13; 13; 2
129; 129H; >; 3; 68; 4; 23; 23; 2
129; 129H; >; 4; 9; 4; 29; 29; 2
129; 129H; >; 5; 34; 4; 31; 31; 2
129; 129H; >; 6; 8; 4; 33; 33; 2
129; 129H; >; 7; 2; 4; 37; 37; 2
129; 129H; >; 1; 40; 4; 25; 25; 3
129; 129H; >; 2; 11; 4; 28; 28; 3
129; 129H; >; 3; 68; 4; 38; 38; 3
129; 129H; >; 4; 9; 4; 44; 44; 3
129; 129H; >; 5; 34; 4; 46; 46; 3
129; 129H; >; 6; 8; 4; 48; 48; 3
129; 129H; >; 7; 2; 4; 52; 52; 3
129; 129H; >; 1; 40; 4; 40; 40; 4
129; 129H; >; 2; 11; 4; 43; 43; 4
129; 129H; >; 3; 68; 4; 53; 53; 4
129; 129H; >; 4; 9; 4; 59; 59; 4
129; 129H; >; 5; 34; 4; 1; 1; 4
129; 129H; >; 6; 8; 4; 3; 3; 4
129; 129H; >; 7; 2; 4; 7; 7; 4
129; 129R; <; 1; 2; 4; 12; 12; 1
129; 129R; <; 2; 8; 4; 16; 16; 1
129; 129R; <; 3; 34; 4; 18; 18; 1
129; 129R; <; 4; 9; 4; 20; 20; 1
129; 129R; <; 5; 68; 4; 26; 26; 1
129; 129R; <; 6; 11; 4; 36; 36; 1
129; 129R; <; 7; 40; 4; 39; 39; 1
129; 129R; <; 1; 2; 4; 27; 27; 2
129; 129R; <; 2; 8; 4; 31; 31; 2
129; 129R; <; 3; 34; 4; 33; 33; 2
129; 129R; <; 4; 9; 4; 35; 35; 2
129; 129R; <; 5; 68; 4; 41; 41; 2
129; 129R; <; 6; 11; 4; 51; 51; 2
129; 129R; <; 7; 40; 4; 54; 54; 2
129; 129R; <; 1; 2; 4; 42; 42; 3
129; 129R; <; 2; 8; 4; 46; 46; 3
129; 129R; <; 3; 34; 4; 48; 48; 3
129; 129R; <; 4; 9; 4; 50; 50; 3
129; 129R; <; 5; 68; 4; 56; 56; 3
129; 129R; <; 6; 11; 4; 6; 6; 3
129; 129R; <; 7; 40; 4; 9; 9; 3
129; 129R; <; 1; 2; 4; 57; 57; 4
129; 129R; <; 2; 8; 4; 1; 1; 4
129; 129R; <; 3; 34; 4; 3; 3; 4
129; 129R; <; 4; 9; 4; 5; 5; 4
129; 129R; <; 5; 68; 4; 11; 11; 4
129; 129R; <; 6; 11; 4; 21; 21; 4
129; 129R; <; 7; 40; 4; 24; 24; 4
135; 135H; >; 1; 40; 1; 0; 0; 1
135; 135H; >; 2; 68; 1; 9; 9; 1
135; 135H; >; 3; 69; 1; 18; 18; 1
135; 135H; >; 4; 53; 1; 24; 24; 1
135; 135H; >; 5; 50; 1; 27; 27; 1
135; 135H; >; 6; 20; 1; 36; 36; 1
135; 135R; <; 1; 20; 1; 0; 0; 1
135; 135R; <; 2; 50; 1; 9; 9; 1
135; 135R; <; 3; 53; 1; 12; 12; 1
135; 135R; <; 4; 69; 1; 18; 18; 1
135; 135R; <; 5; 68; 1; 27; 27; 1
135; 135R; <; 6; 40; 1; 36; 36; 1
140; 140H; >; 1; 375; 3; 45; 45; 1
140; 140H; >; 2; 11; 3; 56; 56; 1
140; 140H; >; 3; 40; 3; 59; 59; 1
140; 140H; >; 4; 68; 3; 8; 8; 1
140; 140H; >; 5; 9; 3; 14; 14; 1
140; 140H; >; 6; 34; 3; 16; 16; 1
140; 140H; >; 1; 375; 3; 5; 5; 2
140; 140H; >; 2; 11; 3; 16; 16; 2
140; 140H; >; 3; 40; 3; 19; 19; 2
140; 140H; >; 4; 68; 3; 28; 28; 2
140; 140H; >; 5; 9; 3; 34; 34; 2
140; 140H; >; 6; 34; 3; 36; 36; 2
140; 140H; >; 1; 375; 3; 25; 25; 3
140; 140H; >; 2; 11; 3; 36; 36; 3
140; 140H; >; 3; 40; 3; 39; 39; 3
140; 140H; >; 4; 68; 3; 48; 48; 3
140; 140H; >; 5; 9; 3; 54; 54; 3
140; 140H; >; 6; 34; 3; 56; 56; 3
140; 140R; <; 1; 34; 3; 58; 58; 1
140; 140R; <; 2; 9; 3; 0; 0; 1
140; 140R; <; 3; 68; 3; 6; 6; 1
140; 140R; <; 4; 40; 3; 15; 15; 1
140; 140R; <; 5; 11; 3; 18; 18; 1
140; 140R; <; 6; 375; 3; 29; 29; 1
140; 140R; <; 1; 34; 3; 18; 18; 2
140; 140R; <; 2; 9; 3; 20; 20; 2
140; 140R; <; 3; 68; 3; 26; 26; 2
140; 140R; <; 4; 40; 3; 35; 35; 2
140; 140R; <; 5; 11; 3; 38; 38; 2
140; 140R; <; 6; 375; 3; 49; 49; 2
140; 140R; <; 1; 34; 3; 38; 38; 3
140; 140R; <; 2; 9; 3; 40; 40; 3
140; 140R; <; 3; 68; 3; 46; 46; 3
140; 140R; <; 4; 40; 3; 55; 55; 3
140; 140R; <; 5; 11; 3; 58; 58; 3
140; 140R; <; 6; 375; 3; 9; 9; 3
142; 142H; >; 1; 10; 2; 8; 8; 1
142; 142H; >; 2; 23; 2; 12; 12; 1
142; 142H; >; 3; 26; 2; 15; 15; 1
142; 142H; >; 4; 19; 2; 19; 19; 1
142; 142H; >; 5; 8; 2; 23; 23; 1
142; 142H; >; 6; 7; 2; 26; 26; 1
142; 142H; >; 1; 10; 2; 38; 38; 2
142; 142H; >; 2; 23; 2; 42; 42; 2
142; 142H; >; 3; 26; 2; 45; 45; 2
142; 142H; >; 4; 19; 2; 49; 49; 2
142; 142H; >; 5; 8; 2; 53; 53; 2
142; 142H; >; 6; 7; 2; 56; 56; 2
142; 142R; <; 1; 7; 2; 48; 48; 1
142; 142R; <; 2; 8; 2; 51; 51; 1
142; 142R; <; 3; 19; 2; 55; 55; 1
142; 142R; <; 4; 26; 2; 59; 59; 1
142; 142R; <; 5; 23; 2; 2; 2; 1
142; 142R; <; 6; 10; 2; 6; 6; 1
142; 142R; <; 1; 7; 2; 18; 18; 2
142; 142R; <; 2; 8; 2; 21; 21; 2
142; 142R; <; 3; 19; 2; 25; 25; 2
142; 142R; <; 4; 26; 2; 29; 29; 2
142; 142R; <; 5; 23; 2; 32; 32; 2
142; 142R; <; 6; 10; 2; 36; 36; 2
148; 148H; >; 1; 50; 2; 49; 49; 1
148; 148H; >; 2; 53; 2; 52; 52; 1
148; 148H; >; 3; 69; 2; 58; 58; 1
148; 148H; >; 4; 1; 2; 4; 4; 1
148; 148H; >; 5; 7; 2; 6; 6; 1
148; 148H; >; 1; 50; 2; 19; 19; 2
148; 148H; >; 2; 53; 2; 22; 22; 2
148; 148H; >; 3; 69; 2; 28; 28; 2
148; 148H; >; 4; 1; 2; 34; 34; 2
148; 148H; >; 5; 7; 2; 36; 36; 2
148; 148R; <; 1; 7; 2; 58; 58; 1
148; 148R; <; 2; 1; 2; 0; 0; 1
148; 148R; <; 3; 69; 2; 6; 6; 1
148; 148R; <; 4; 53; 2; 12; 12; 1
148; 148R; <; 5; 50; 2; 15; 15; 1
148; 148R; <; 1; 7; 2; 28; 28; 2
148; 148R; <; 2; 1; 2; 30; 30; 2
148; 148R; <; 3; 69; 2; 36; 36; 2
148; 148R; <; 4; 53; 2; 42; 42; 2
148; 148R; <; 5; 50; 2; 45; 45; 2
152; 152H; >; 1; 33; 1; 14; 14; 1
152; 152H; >; 2; 27; 1; 20; 20; 1
152; 152H; >; 3; 4; 1; 29; 29; 1
152; 152H; >; 4; 8; 1; 43; 43; 1
152; 152H; >; 5; 2; 1; 47; 47; 1
152; 152R; <; 1; 2; 1; 17; 17; 1
152; 152R; <; 2; 8; 1; 21; 21; 1
152; 152R; <; 3; 4; 1; 35; 35; 1
152; 152R; <; 4; 27; 1; 44; 44; 1
152; 152R; <; 5; 33; 1; 50; 50; 1
154; 154H; >; 1; 308; 1; 21; 21; 1
154; 154H; >; 2; 14; 1; 28; 28; 1
154; 154H; >; 3; 28; 1; 32; 32; 1
154; 154H; >; 4; 40; 1; 56; 56; 1
154; 154H; >; 5; 11; 1; 59; 59; 1
154; 154R; <; 1; 11; 1; 58; 58; 1
154; 154R; <; 2; 40; 1; 1; 1; 1
154; 154R; <; 3; 28; 1; 25; 25; 1
154; 154R; <; 4; 14; 1; 29; 29; 1
154; 154R; <; 5; 308; 1; 36; 36; 1
165; 165H; >; 1; 33; 1; 0; 0; 1
165; 165H; >; 2; 4; 1; 6; 6; 1
165; 165H; >; 3; 8; 1; 20; 20; 1
165; 165H; >; 4; 7; 1; 23; 23; 1
165; 165R; <; 1; 7; 1; 0; 0; 1
165; 165R; <; 2; 8; 1; 3; 3; 1
165; 165R; <; 3; 4; 1; 17; 17; 1
165; 165R; <; 4; 33; 1; 23; 23; 1
170; 170H; >; 1; 5; 1; 10; 10; 1
170; 170H; >; 2; 6; 1; 12; 12; 1
170; 170H; >; 3; 283; 1; 13; 13; 1
170; 170H; >; 4; 17; 1; 21; 21; 1
170; 170H; >; 5; 3; 1; 25; 25; 1
170; 170H; >; 6; 2; 1; 35; 35; 1
170; 170H; >; 7; 8; 1; 39; 39; 1
170; 170R; <; 1; 8; 1; 36; 36; 1
170; 170R; <; 2; 2; 1; 40; 40; 1
170; 170R; <; 3; 3; 1; 50; 50; 1
170; 170R; <; 4; 17; 1; 54; 54; 1
170; 170R; <; 5; 283; 1; 2; 2; 1
170; 170R; <; 6; 6; 1; 3; 3; 1
170; 170R; <; 7; 5; 1; 5; 5; 1
