#event-id; time
1; 42
2; 46
3; 46
4; 3
5; 3
6; 14
7; 14
8; 15
9; 15
10; 21
11; 21
12; 24
13; 0
14; 3
15; 3
16; 9
17; 9
18; 10
19; 10
20; 21
21; 21
22; 38
23; 38
24; 42
25; 0
26; 1
27; 1
28; 12
29; 12
30; 29
31; 29
32; 33
33; 33
34; 40
35; 40
36; 2
37; 0
38; 22
39; 22
40; 29
41; 29
42; 33
43; 33
44; 50
45; 50
46; 1
47; 1
48; 2
49; 0
50; 22
51; 22
52; 46
53; 46
54; 50
55; 50
56; 57
57; 57
58; 4
59; 0
60; 7
61; 7
62; 14
63; 14
64; 18
65; 18
66; 42
67; 42
68; 4
69; 33
70; 55
71; 55
72; 6
73; 6
74; 16
75; 16
76; 25
77; 39
78; 48
79; 48
80; 58
81; 58
82; 9
83; 9
84; 31
85; 0
86; 11
87; 11
88; 17
89; 17
90; 28
91; 28
92; 37
93; 46
94; 55
95; 55
96; 6
97; 6
98; 12
99; 12
100; 23
101; 0
102; 9
103; 9
104; 18
105; 18
106; 25
107; 25
108; 32
109; 0
110; 7
111; 7
112; 14
113; 14
114; 23
115; 23
116; 32
117; 19
118; 28
119; 28
120; 34
121; 34
122; 45
123; 45
124; 55
125; 29
126; 39
127; 39
128; 50
129; 50
130; 56
131; 56
132; 5
133; 31
134; 52
135; 52
136; 14
137; 14
138; 41
139; 35
140; 2
141; 2
142; 24
143; 24
144; 45
145; 0
146; 10
147; 10
148; 20
149; 20
150; 35
151; 0
152; 15
153; 15
154; 25
155; 25
156; 35
157; 0
158; 1
159; 1
160; 12
161; 12
162; 18
163; 0
164; 6
165; 6
166; 17
167; 17
168; 18
169; 0
170; 8
171; 8
172; 16
173; 0
174; 8
175; 8
176; 16
177; 22
178; 31
179; 31
180; 34
181; 10
182; 13
183; 13
184; 22
185; 3
186; 16
187; 16
188; 17
189; 17
190; 19
191; 19
192; 24
193; 24
194; 27
195; 27
196; 35
197; 35
198; 41
199; 41
200; 43
201; 43
202; 44
203; 44
204; 52
205; 52
206; 59
207; 59
208; 2
209; 2
210; 4
211; 20
212; 22
213; 22
214; 25
215; 25
216; 32
217; 32
218; 40
219; 40
220; 41
221; 41
222; 43
223; 43
224; 49
225; 49
226; 57
227; 57
228; 0
229; 0
230; 5
231; 5
232; 7
233; 7
234; 8
235; 8
236; 21
237; 0
238; 7
239; 7
240; 11
241; 11
242; 13
243; 13
244; 15
245; 15
246; 17
247; 17
248; 21
249; 21
250; 24
251; 24
252; 28
253; 28
254; 32
255; 32
256; 41
257; 9
258; 18
259; 18
260; 22
261; 22
262; 26
263; 26
264; 29
265; 29
266; 33
267; 33
268; 35
269; 35
270; 37
271; 37
272; 39
273; 39
274; 43
275; 43
276; 50
277; 15
278; 18
279; 18
280; 42
281; 42
282; 44
283; 44
284; 46
285; 46
286; 48
287; 48
288; 52
289; 52
290; 55
291; 55
292; 59
293; 59
294; 3
295; 3
296; 7
297; 0
298; 4
299; 4
300; 8
301; 8
302; 12
303; 12
304; 15
305; 15
306; 19
307; 19
308; 21
309; 21
310; 23
311; 23
312; 25
313; 25
314; 49
315; 49
316; 52
317; 0
318; 6
319; 6
320; 10
321; 10
322; 12
323; 12
324; 14
325; 14
326; 16
327; 16
328; 40
329; 40
330; 43
331; 58
332; 1
333; 1
334; 25
335; 25
336; 27
337; 27
338; 29
339; 29
340; 31
341; 31
342; 35
343; 35
344; 41
345; 55
346; 58
347; 58
348; 8
349; 8
350; 14
351; 14
352; 16
353; 16
354; 18
355; 18
356; 22
357; 10
358; 13
359; 13
360; 23
361; 23
362; 29
363; 29
364; 31
365; 31
366; 33
367; 33
368; 37
369; 25
370; 28
371; 28
372; 38
373; 38
374; 44
375; 44
376; 46
377; 46
378; 48
379; 48
380; 52
381; 40
382; 43
383; 43
384; 53
385; 53
386; 59
387; 59
388; 1
389; 1
390; 3
391; 3
392; 7
393; 12
394; 16
395; 16
396; 18
397; 18
398; 20
399; 20
400; 26
401; 26
402; 36
403; 36
404; 39
405; 27
406; 31
407; 31
408; 33
409; 33
410; 35
411; 35
412; 41
413; 41
414; 51
415; 51
416; 54
417; 42
418; 46
419; 46
420; 48
421; 48
422; 50
423; 50
424; 56
425; 56
426; 6
427; 6
428; 9
429; 57
430; 1
431; 1
432; 3
433; 3
434; 5
435; 5
436; 11
437; 11
438; 21
439; 21
440; 24
441; 0
442; 9
443; 9
444; 18
445; 18
446; 24
447; 24
448; 27
449; 27
450; 36
451; 0
452; 9
453; 9
454; 12
455; 12
456; 18
457; 18
458; 27
459; 27
460; 36
461; 45
462; 56
463; 56
464; 59
465; 59
466; 8
467; 8
468; 14
469; 14
470; 16
471; 5
472; 16
473; 16
474; 19
475; 19
476; 28
477; 28
478; 34
479; 34
480; 36
481; 25
482; 36
483; 36
484; 39
485; 39
486; 48
487; 48
488; 54
489; 54
490; 56
491; 58
492; 0
493; 0
494; 6
495; 6
496; 15
497; 15
498; 18
499; 18
500; 29
501; 18
502; 20
503; 20
504; 26
505; 26
506; 35
507; 35
508; 38
509; 38
510; 49
511; 38
512; 40
513; 40
514; 46
515; 46
516; 55
517; 55
518; 58
519; 58
520; 9
521; 8
522; 12
523; 12
524; 15
525; 15
526; 19
527; 19
528; 23
529; 23
530; 26
531; 38
532; 42
533; 42
534; 45
535; 45
536; 49
537; 49
538; 53
539; 53
540; 56
541; 48
542; 51
543; 51
544; 55
545; 55
546; 59
547; 59
548; 2
549; 2
550; 6
551; 18
552; 21
553; 21
554; 25
555; 25
556; 29
557; 29
558; 32
559; 32
560; 36
561; 49
562; 52
563; 52
564; 58
565; 58
566; 4
567; 4
568; 6
569; 19
570; 22
571; 22
572; 28
573; 28
574; 34
575; 34
576; 36
577; 58
578; 0
579; 0
580; 6
581; 6
582; 12
583; 12
584; 15
585; 28
586; 30
587; 30
588; 36
589; 36
590; 42
591; 42
592; 45
593; 14
594; 20
595; 20
596; 29
597; 29
598; 43
599; 43
600; 47
601; 17
602; 21
603; 21
604; 35
605; 35
606; 44
607; 44
608; 50
609; 21
610; 28
611; 28
612; 32
613; 32
614; 56
615; 56
616; 59
617; 58
618; 1
619; 1
620; 25
621; 25
622; 29
623; 29
624; 36
625; 0
626; 6
627; 6
628; 20
629; 20
630; 23
631; 0
632; 3
633; 3
634; 17
635; 17
636; 23
637; 10
638; 12
639; 12
640; 13
641; 13
642; 21
643; 21
644; 25
645; 25
646; 35
647; 35
648; 39
649; 36
650; 40
651; 40
652; 50
653; 50
654; 54
655; 54
656; 2
657; 2
658; 3
659; 3
660; 5
661; 13
662; 16
663; 16
664; 29
665; 29
666; 34
667; 34
668; 36
669; 36
670; 46
671; 23
672; 26
673; 26
674; 39
675; 39
676; 44
677; 44
678; 46
679; 46
680; 56
681; 33
682; 36
683; 36
684; 49
685; 49
686; 54
687; 54
688; 56
689; 56
690; 6
691; 43
692; 46
693; 46
694; 59
695; 59
696; 4
697; 4
698; 6
699; 6
700; 16
701; 53
702; 56
703; 56
704; 9
705; 9
706; 14
707; 14
708; 16
709; 16
710; 26
711; 3
712; 6
713; 6
714; 19
715; 19
716; 24
717; 24
718; 26
719; 26
720; 36
721; 8
722; 18
723; 18
724; 20
725; 20
726; 25
727; 25
728; 38
729; 38
730; 41
731; 18
732; 28
733; 28
734; 30
735; 30
736; 35
737; 35
738; 48
739; 48
740; 51
741; 28
742; 38
743; 38
744; 40
745; 40
746; 45
747; 45
748; 58
749; 58
750; 1
751; 38
752; 48
753; 48
754; 50
755; 50
756; 55
757; 55
758; 8
759; 8
760; 11
761; 48
762; 58
763; 58
764; 0
765; 0
766; 5
767; 5
768; 18
769; 18
770; 21
771; 58
772; 8
773; 8
774; 10
775; 10
776; 15
777; 15
778; 28
779; 28
780; 31
781; 29
782; 32
783; 32
784; 36
785; 36
786; 39
787; 39
788; 41
789; 41
790; 43
791; 43
792; 45
793; 45
794; 48
795; 48
796; 50
797; 50
798; 52
799; 52
800; 55
801; 55
802; 57
803; 57
804; 58
805; 39
806; 42
807; 42
808; 46
809; 46
810; 49
811; 49
812; 51
813; 51
814; 53
815; 53
816; 55
817; 55
818; 58
819; 58
820; 0
821; 0
822; 2
823; 2
824; 5
825; 5
826; 7
827; 7
828; 8
829; 49
830; 52
831; 52
832; 56
833; 56
834; 59
835; 59
836; 1
837; 1
838; 3
839; 3
840; 5
841; 5
842; 8
843; 8
844; 10
845; 10
846; 12
847; 12
848; 15
849; 15
850; 17
851; 17
852; 18
853; 59
854; 2
855; 2
856; 6
857; 6
858; 9
859; 9
860; 11
861; 11
862; 13
863; 13
864; 15
865; 15
866; 18
867; 18
868; 20
869; 20
870; 22
871; 22
872; 25
873; 25
874; 27
875; 27
876; 28
877; 9
878; 12
879; 12
880; 16
881; 16
882; 19
883; 19
884; 21
885; 21
886; 23
887; 23
888; 25
889; 25
890; 28
891; 28
892; 30
893; 30
894; 32
895; 32
896; 35
897; 35
898; 37
899; 37
900; 38
901; 19
902; 22
903; 22
904; 26
905; 26
906; 29
907; 29
908; 31
909; 31
910; 33
911; 33
912; 35
913; 35
914; 38
915; 38
916; 40
917; 40
918; 42
919; 42
920; 45
921; 45
922; 47
923; 47
924; 48
925; 16
926; 17
927; 17
928; 19
929; 19
930; 22
931; 22
932; 24
933; 24
934; 26
935; 26
936; 29
937; 29
938; 31
939; 31
940; 33
941; 33
942; 35
943; 35
944; 38
945; 38
946; 42
947; 42
948; 45
949; 26
950; 27
951; 27
952; 29
953; 29
954; 32
955; 32
956; 34
957; 34
958; 36
959; 36
960; 39
961; 39
962; 41
963; 41
964; 43
965; 43
966; 45
967; 45
968; 48
969; 48
970; 52
971; 52
972; 55
973; 36
974; 37
975; 37
976; 39
977; 39
978; 42
979; 42
980; 44
981; 44
982; 46
983; 46
984; 49
985; 49
986; 51
987; 51
988; 53
989; 53
990; 55
991; 55
992; 58
993; 58
994; 2
995; 2
996; 5
997; 46
998; 47
999; 47
1000; 49
1001; 49
1002; 52
1003; 52
1004; 54
1005; 54
1006; 56
1007; 56
1008; 59
1009; 59
1010; 1
1011; 1
1012; 3
1013; 3
1014; 5
1015; 5
1016; 8
1017; 8
1018; 12
1019; 12
1020; 15
1021; 56
1022; 57
1023; 57
1024; 59
1025; 59
1026; 2
1027; 2
1028; 4
1029; 4
1030; 6
1031; 6
1032; 9
1033; 9
1034; 11
1035; 11
1036; 13
1037; 13
1038; 15
1039; 15
1040; 18
1041; 18
1042; 22
1043; 22
1044; 25
1045; 6
1046; 7
1047; 7
1048; 9
1049; 9
1050; 12
1051; 12
1052; 14
1053; 14
1054; 16
1055; 16
1056; 19
1057; 19
1058; 21
1059; 21
1060; 23
1061; 23
1062; 25
1063; 25
1064; 28
1065; 28
1066; 32
1067; 32
1068; 35
1069; 35
1070; 38
1071; 38
1072; 45
1073; 45
1074; 55
1075; 55
1076; 58
1077; 45
1078; 48
1079; 48
1080; 55
1081; 55
1082; 5
1083; 5
1084; 8
1085; 55
1086; 58
1087; 58
1088; 5
1089; 5
1090; 15
1091; 15
1092; 18
1093; 5
1094; 8
1095; 8
1096; 15
1097; 15
1098; 25
1099; 25
1100; 28
1101; 15
1102; 18
1103; 18
1104; 25
1105; 25
1106; 35
1107; 35
1108; 38
1109; 25
1110; 28
1111; 28
1112; 35
1113; 35
1114; 45
1115; 45
1116; 48
1117; 46
1118; 49
1119; 49
1120; 59
1121; 59
1122; 6
1123; 6
1124; 9
1125; 56
1126; 59
1127; 59
1128; 9
1129; 9
1130; 16
1131; 16
1132; 19
1133; 6
1134; 9
1135; 9
1136; 19
1137; 19
1138; 26
1139; 26
1140; 29
1141; 16
1142; 19
1143; 19
1144; 29
1145; 29
1146; 36
1147; 36
1148; 39
1149; 26
1150; 29
1151; 29
1152; 39
1153; 39
1154; 46
1155; 46
1156; 49
1157; 36
1158; 39
1159; 39
1160; 49
1161; 49
1162; 56
1163; 56
1164; 59
