#event-id; time
1; 27
2; 31
3; 31
4; 38
5; 38
6; 43
7; 43
8; 48
9; 48
10; 55
11; 55
12; 59
13; 0
14; 4
15; 4
16; 11
17; 11
18; 16
19; 16
20; 21
21; 21
22; 28
23; 28
24; 32
25; 48
26; 52
27; 52
28; 58
29; 58
30; 15
31; 15
32; 21
33; 21
34; 26
35; 4
36; 9
37; 9
38; 15
39; 15
40; 32
41; 32
42; 38
43; 38
44; 42
45; 51
46; 56
47; 56
48; 3
49; 3
50; 8
51; 8
52; 14
53; 14
54; 20
55; 53
56; 59
57; 59
58; 5
59; 5
60; 10
61; 10
62; 17
63; 17
64; 22
65; 38
66; 42
67; 42
68; 46
69; 46
70; 52
71; 52
72; 56
73; 56
74; 4
75; 4
76; 12
77; 12
78; 16
79; 16
80; 22
81; 22
82; 26
83; 26
84; 30
85; 53
86; 57
87; 57
88; 3
89; 3
90; 7
91; 7
92; 12
93; 51
94; 56
95; 56
96; 0
97; 0
98; 6
99; 6
100; 10
101; 15
102; 21
103; 21
104; 25
105; 25
106; 31
107; 31
108; 35
109; 23
110; 27
111; 27
112; 33
113; 33
114; 37
115; 37
116; 43
117; 21
118; 26
119; 26
120; 31
121; 31
122; 47
123; 47
124; 54
125; 54
126; 58
127; 58
128; 14
129; 14
130; 18
131; 18
132; 22
133; 22
134; 26
135; 32
136; 36
137; 36
138; 40
139; 40
140; 44
141; 44
142; 0
143; 0
144; 4
145; 4
146; 11
147; 11
148; 27
149; 27
150; 32
151; 32
152; 37
153; 48
154; 53
155; 53
156; 1
157; 1
158; 9
159; 9
160; 13
161; 13
162; 17
163; 17
164; 23
165; 23
166; 28
167; 28
168; 33
169; 46
170; 51
171; 51
172; 56
173; 56
174; 2
175; 2
176; 6
177; 6
178; 10
179; 10
180; 18
181; 18
182; 26
183; 26
184; 31
185; 54
186; 58
187; 58
188; 6
189; 6
190; 13
191; 13
192; 18
193; 18
194; 22
195; 22
196; 26
197; 26
198; 33
199; 31
200; 38
201; 38
202; 42
203; 42
204; 46
205; 46
206; 51
207; 51
208; 58
209; 58
210; 6
211; 6
212; 10
213; 17
214; 22
215; 22
216; 27
217; 27
218; 32
219; 32
220; 36
221; 36
222; 44
223; 44
224; 48
225; 48
226; 52
227; 48
228; 52
229; 52
230; 56
231; 56
232; 4
233; 4
234; 8
235; 8
236; 13
237; 13
238; 18
239; 18
240; 23
241; 38
242; 43
243; 43
244; 48
245; 48
246; 52
247; 52
248; 56
249; 0
250; 4
251; 4
252; 8
253; 8
254; 13
255; 13
256; 18
257; 46
258; 51
259; 51
260; 58
261; 58
262; 3
263; 3
264; 7
265; 1
266; 5
267; 5
268; 10
269; 10
270; 17
271; 17
272; 22
273; 55
274; 0
275; 0
276; 4
277; 30
278; 34
279; 34
280; 39
281; 35
282; 40
283; 40
284; 45
285; 45
286; 51
287; 57
288; 3
289; 3
290; 8
291; 8
292; 13
293; 58
294; 3
295; 3
296; 8
297; 8
298; 14
299; 14
300; 20
301; 23
302; 29
303; 29
304; 35
305; 35
306; 40
307; 40
308; 45
309; 37
310; 44
311; 44
312; 52
313; 52
314; 56
315; 56
316; 1
317; 33
318; 38
319; 38
320; 42
321; 42
322; 50
323; 50
324; 57
325; 50
326; 54
327; 54
328; 58
329; 58
330; 2
331; 2
332; 6
333; 6
334; 10
335; 10
336; 18
337; 20
338; 24
339; 24
340; 28
341; 28
342; 32
343; 32
344; 36
345; 36
346; 40
347; 40
348; 48
349; 16
350; 24
351; 24
352; 28
353; 28
354; 32
355; 32
356; 36
357; 36
358; 40
359; 40
360; 44
361; 46
362; 54
363; 54
364; 58
365; 58
366; 2
367; 2
368; 6
369; 6
370; 10
371; 10
372; 14
373; 9
374; 14
375; 14
376; 18
377; 18
378; 24
379; 24
380; 28
381; 28
382; 32
383; 32
384; 36
385; 36
386; 42
387; 22
388; 28
389; 28
390; 32
391; 32
392; 36
393; 36
394; 40
395; 40
396; 46
397; 46
398; 50
399; 50
400; 55
401; 57
402; 3
403; 3
404; 7
405; 7
406; 11
407; 11
408; 19
409; 19
410; 23
411; 23
412; 28
413; 51
414; 56
415; 56
416; 0
417; 0
418; 8
419; 8
420; 12
421; 12
422; 16
423; 16
424; 22
425; 5
426; 11
427; 11
428; 16
429; 16
430; 24
431; 24
432; 28
433; 28
434; 33
435; 33
436; 38
437; 35
438; 41
439; 41
440; 46
441; 46
442; 54
443; 54
444; 58
445; 58
446; 3
447; 3
448; 8
449; 26
450; 31
451; 31
452; 36
453; 36
454; 40
455; 40
456; 48
457; 48
458; 53
459; 53
460; 59
461; 56
462; 1
463; 1
464; 6
465; 6
466; 10
467; 10
468; 18
469; 18
470; 23
471; 23
472; 29
473; 47
474; 55
475; 55
476; 59
477; 59
478; 4
479; 4
480; 9
481; 9
482; 15
483; 19
484; 25
485; 25
486; 30
487; 30
488; 35
489; 35
490; 39
491; 39
492; 47
