# event_index; time
1; 0
2; 6
3; 6
4; 12
5; 12
6; 18
7; 18
8; 24
9; 27
10; 35
11; 9
12; 15
13; 18
14; 24
15; 24
16; 30
17; 30
18; 36
19; 36
20; 42
21; 0
22; 6
23; 9
24; 15
25; 15
26; 21
27; 21
28; 27
29; 27
30; 33
31; 39
32; 45
33; 45
34; 51
35; 51
36; 57
37; 57
38; 3
39; 3
40; 9
41; 51
42; 57
43; 57
44; 3
45; 3
46; 9
47; 9
48; 15
49; 18
50; 26
51; 6
52; 12
53; 12
54; 18
55; 18
56; 24
57; 24
58; 30
59; 30
60; 36
61; 42
62; 48
63; 48
64; 54
65; 54
66; 0
67; 0
68; 6
69; 6
70; 12
71; 15
72; 21
73; 21
74; 27
75; 27
76; 33
77; 33
78; 39
79; 39
80; 45
81; 18
82; 24
83; 24
84; 30
85; 30
86; 36
87; 36
88; 42
89; 45
90; 51
91; 24
92; 30
93; 30
94; 36
95; 36
96; 42
97; 42
98; 48
99; 48
100; 54
101; 48
102; 54
103; 54
104; 0
105; 0
106; 6
107; 6
108; 12
109; 12
110; 18
111; 9
112; 15
113; 15
114; 21
115; 21
116; 27
117; 27
118; 33
119; 33
120; 39
121; 3
122; 9
123; 9
124; 15
125; 15
126; 21
127; 21
128; 27
129; 27
130; 33
131; 51
132; 57
133; 57
134; 3
135; 3
136; 9
137; 9
138; 15
139; 15
140; 21
141; 42
142; 48
143; 48
144; 54
145; 54
146; 0
147; 0
148; 6
149; 6
150; 12
151; 18
152; 24
153; 24
154; 30
155; 30
156; 36
157; 36
158; 42
159; 42
160; 48
161; 51
162; 57
163; 0
164; 6
165; 6
166; 12
167; 12
168; 18
169; 18
170; 24
171; 45
172; 51
173; 54
174; 0
175; 0
176; 6
177; 6
178; 12
179; 15
180; 21
181; 54
182; 0
183; 0
184; 6
185; 6
186; 12
187; 12
188; 18
189; 18
190; 24
191; 6
192; 12
193; 12
194; 18
195; 18
196; 24
197; 24
198; 30
199; 30
200; 36
201; 0
202; 6
203; 6
204; 12
205; 12
206; 18
207; 18
208; 24
209; 27
210; 33
211; 54
212; 0
213; 3
214; 9
215; 9
216; 15
217; 15
218; 21
219; 21
220; 27
221; 54
222; 0
223; 0
224; 6
225; 6
226; 12
227; 12
228; 18
229; 21
230; 27
231; 3
232; 9
233; 9
234; 15
235; 15
236; 21
237; 21
238; 27
239; 27
240; 33
241; 3
242; 9
243; 9
244; 15
245; 15
246; 21
247; 21
248; 27
249; 27
250; 33
251; 39
252; 45
253; 45
254; 51
255; 51
256; 57
257; 57
258; 3
259; 3
260; 9
