# line-id; line-code; direction; stop-order; stop-id; frequency; departure_time; arrival_time; line-repetition
1; 1H; >; 1; 15; 1; 0; 0; 1
1; 1H; >; 2; 14; 1; 6; 6; 1
1; 1H; >; 3; 13; 1; 12; 12; 1
1; 1H; >; 4; 12; 1; 18; 18; 1
1; 1H; >; 5; 17; 1; 24; 27; 1
1; 1H; >; 6; 18; 1; 35; 35; 1
1; 1R; <; 1; 18; 1; 9; 9; 1
1; 1R; <; 2; 17; 1; 15; 18; 1
1; 1R; <; 3; 12; 1; 24; 24; 1
1; 1R; <; 4; 13; 1; 30; 30; 1
1; 1R; <; 5; 14; 1; 36; 36; 1
1; 1R; <; 6; 15; 1; 42; 42; 1
2; 2H; >; 1; 3; 1; 0; 0; 1
2; 2H; >; 2; 8; 1; 6; 9; 1
2; 2H; >; 3; 9; 1; 15; 15; 1
2; 2H; >; 4; 10; 1; 21; 21; 1
2; 2H; >; 5; 15; 1; 27; 27; 1
2; 2H; >; 6; 20; 1; 33; 33; 1
2; 2R; <; 1; 20; 1; 39; 39; 1
2; 2R; <; 2; 15; 1; 45; 45; 1
2; 2R; <; 3; 10; 1; 51; 51; 1
2; 2R; <; 4; 9; 1; 57; 57; 1
2; 2R; <; 5; 8; 1; 3; 3; 1
2; 2R; <; 6; 3; 1; 9; 9; 1
3; 3H; >; 1; 4; 1; 51; 51; 1
3; 3H; >; 2; 3; 1; 57; 57; 1
3; 3H; >; 3; 2; 1; 3; 3; 1
3; 3H; >; 4; 7; 1; 9; 9; 1
3; 3H; >; 5; 12; 1; 15; 18; 1
3; 3H; >; 6; 13; 1; 26; 26; 1
3; 3R; <; 1; 13; 1; 6; 6; 1
3; 3R; <; 2; 12; 1; 12; 12; 1
3; 3R; <; 3; 7; 1; 18; 18; 1
3; 3R; <; 4; 2; 1; 24; 24; 1
3; 3R; <; 5; 3; 1; 30; 30; 1
3; 3R; <; 6; 4; 1; 36; 36; 1
4; 4H; >; 1; 5; 1; 42; 42; 1
4; 4H; >; 2; 4; 1; 48; 48; 1
4; 4H; >; 3; 9; 1; 54; 54; 1
4; 4H; >; 4; 14; 1; 0; 0; 1
4; 4H; >; 5; 19; 1; 6; 6; 1
4; 4H; >; 6; 18; 1; 12; 12; 1
4; 4R; <; 1; 18; 1; 15; 15; 1
4; 4R; <; 2; 19; 1; 21; 21; 1
4; 4R; <; 3; 14; 1; 27; 27; 1
4; 4R; <; 4; 9; 1; 33; 33; 1
4; 4R; <; 5; 4; 1; 39; 39; 1
4; 4R; <; 6; 5; 1; 45; 45; 1
5; 5H; >; 1; 25; 1; 18; 18; 1
5; 5H; >; 2; 24; 1; 24; 24; 1
5; 5H; >; 3; 23; 1; 30; 30; 1
5; 5H; >; 4; 22; 1; 36; 36; 1
5; 5H; >; 5; 21; 1; 42; 45; 1
5; 5H; >; 6; 16; 1; 51; 51; 1
5; 5R; <; 1; 16; 1; 24; 24; 1
5; 5R; <; 2; 21; 1; 30; 30; 1
5; 5R; <; 3; 22; 1; 36; 36; 1
5; 5R; <; 4; 23; 1; 42; 42; 1
5; 5R; <; 5; 24; 1; 48; 48; 1
5; 5R; <; 6; 25; 1; 54; 54; 1
6; 6H; >; 1; 1; 1; 48; 48; 1
6; 6H; >; 2; 2; 1; 54; 54; 1
6; 6H; >; 3; 7; 1; 0; 0; 1
6; 6H; >; 4; 12; 1; 6; 6; 1
6; 6H; >; 5; 13; 1; 12; 12; 1
6; 6H; >; 6; 8; 1; 18; 18; 1
6; 6R; <; 1; 8; 1; 9; 9; 1
6; 6R; <; 2; 13; 1; 15; 15; 1
6; 6R; <; 3; 12; 1; 21; 21; 1
6; 6R; <; 4; 7; 1; 27; 27; 1
6; 6R; <; 5; 2; 1; 33; 33; 1
6; 6R; <; 6; 1; 1; 39; 39; 1
7; 7H; >; 1; 7; 1; 3; 3; 1
7; 7H; >; 2; 8; 1; 9; 9; 1
7; 7H; >; 3; 13; 1; 15; 15; 1
7; 7H; >; 4; 14; 1; 21; 21; 1
7; 7H; >; 5; 19; 1; 27; 27; 1
7; 7H; >; 6; 24; 1; 33; 33; 1
7; 7R; <; 1; 24; 1; 51; 51; 1
7; 7R; <; 2; 19; 1; 57; 57; 1
7; 7R; <; 3; 14; 1; 3; 3; 1
7; 7R; <; 4; 13; 1; 9; 9; 1
7; 7R; <; 5; 8; 1; 15; 15; 1
7; 7R; <; 6; 7; 1; 21; 21; 1
8; 8H; >; 1; 24; 1; 42; 42; 1
8; 8H; >; 2; 25; 1; 48; 48; 1
8; 8H; >; 3; 20; 1; 54; 54; 1
8; 8H; >; 4; 19; 1; 0; 0; 1
8; 8H; >; 5; 18; 1; 6; 6; 1
8; 8H; >; 6; 13; 1; 12; 12; 1
8; 8R; <; 1; 13; 1; 18; 18; 1
8; 8R; <; 2; 18; 1; 24; 24; 1
8; 8R; <; 3; 19; 1; 30; 30; 1
8; 8R; <; 4; 20; 1; 36; 36; 1
8; 8R; <; 5; 25; 1; 42; 42; 1
8; 8R; <; 6; 24; 1; 48; 48; 1
9; 9H; >; 1; 8; 1; 51; 51; 1
9; 9H; >; 2; 9; 1; 57; 0; 1
9; 9H; >; 3; 14; 1; 6; 6; 1
9; 9H; >; 4; 13; 1; 12; 12; 1
9; 9H; >; 5; 12; 1; 18; 18; 1
9; 9H; >; 6; 7; 1; 24; 24; 1
9; 9R; <; 1; 7; 1; 45; 45; 1
9; 9R; <; 2; 12; 1; 51; 54; 1
9; 9R; <; 3; 13; 1; 0; 0; 1
9; 9R; <; 4; 14; 1; 6; 6; 1
9; 9R; <; 5; 9; 1; 12; 15; 1
9; 9R; <; 6; 8; 1; 21; 21; 1
10; 10H; >; 1; 6; 1; 54; 54; 1
10; 10H; >; 2; 7; 1; 0; 0; 1
10; 10H; >; 3; 8; 1; 6; 6; 1
10; 10H; >; 4; 13; 1; 12; 12; 1
10; 10H; >; 5; 18; 1; 18; 18; 1
10; 10H; >; 6; 17; 1; 24; 24; 1
10; 10R; <; 1; 17; 1; 6; 6; 1
10; 10R; <; 2; 18; 1; 12; 12; 1
10; 10R; <; 3; 13; 1; 18; 18; 1
10; 10R; <; 4; 8; 1; 24; 24; 1
10; 10R; <; 5; 7; 1; 30; 30; 1
10; 10R; <; 6; 6; 1; 36; 36; 1
11; 11H; >; 1; 3; 1; 0; 0; 1
11; 11H; >; 2; 2; 1; 6; 6; 1
11; 11H; >; 3; 1; 1; 12; 12; 1
11; 11H; >; 4; 6; 1; 18; 18; 1
11; 11H; >; 5; 11; 1; 24; 27; 1
11; 11H; >; 6; 12; 1; 33; 33; 1
11; 11R; <; 1; 12; 1; 54; 54; 1
11; 11R; <; 2; 11; 1; 0; 3; 1
11; 11R; <; 3; 6; 1; 9; 9; 1
11; 11R; <; 4; 1; 1; 15; 15; 1
11; 11R; <; 5; 2; 1; 21; 21; 1
11; 11R; <; 6; 3; 1; 27; 27; 1
12; 12H; >; 1; 16; 1; 54; 54; 1
12; 12H; >; 2; 11; 1; 0; 0; 1
12; 12H; >; 3; 12; 1; 6; 6; 1
12; 12H; >; 4; 13; 1; 12; 12; 1
12; 12H; >; 5; 18; 1; 18; 21; 1
12; 12H; >; 6; 23; 1; 27; 27; 1
12; 12R; <; 1; 23; 1; 3; 3; 1
12; 12R; <; 2; 18; 1; 9; 9; 1
12; 12R; <; 3; 13; 1; 15; 15; 1
12; 12R; <; 4; 12; 1; 21; 21; 1
12; 12R; <; 5; 11; 1; 27; 27; 1
12; 12R; <; 6; 16; 1; 33; 33; 1
13; 13H; >; 1; 1; 1; 3; 3; 1
13; 13H; >; 2; 2; 1; 9; 9; 1
13; 13H; >; 3; 7; 1; 15; 15; 1
13; 13H; >; 4; 12; 1; 21; 21; 1
13; 13H; >; 5; 17; 1; 27; 27; 1
13; 13H; >; 6; 22; 1; 33; 33; 1
13; 13R; <; 1; 22; 1; 39; 39; 1
13; 13R; <; 2; 17; 1; 45; 45; 1
13; 13R; <; 3; 12; 1; 51; 51; 1
13; 13R; <; 4; 7; 1; 57; 57; 1
13; 13R; <; 5; 2; 1; 3; 3; 1
13; 13R; <; 6; 1; 1; 9; 9; 1
