#event-id; time
1; 0
2; 16
3; 0
4; 16
5; 56
6; 1
7; 1
8; 6
9; 6
10; 12
11; 26
12; 31
13; 31
14; 36
15; 36
16; 42
17; 0
18; 6
19; 6
20; 11
21; 11
22; 16
23; 30
24; 36
25; 36
26; 41
27; 41
28; 46
29; 56
30; 1
31; 1
32; 6
33; 6
34; 12
35; 12
36; 18
37; 8
38; 13
39; 13
40; 18
41; 18
42; 24
43; 24
44; 30
45; 20
46; 25
47; 25
48; 30
49; 30
50; 36
51; 36
52; 42
53; 32
54; 37
55; 37
56; 42
57; 42
58; 48
59; 48
60; 54
61; 44
62; 49
63; 49
64; 54
65; 54
66; 0
67; 0
68; 6
69; 52
70; 58
71; 58
72; 4
73; 4
74; 9
75; 9
76; 14
77; 4
78; 10
79; 10
80; 16
81; 16
82; 21
83; 21
84; 26
85; 16
86; 22
87; 22
88; 28
89; 28
90; 33
91; 33
92; 38
93; 28
94; 34
95; 34
96; 40
97; 40
98; 45
99; 45
100; 50
101; 40
102; 46
103; 46
104; 52
105; 52
106; 57
107; 57
108; 2
109; 17
110; 23
111; 23
112; 29
113; 6
114; 12
115; 12
116; 18
117; 11
118; 16
119; 16
120; 21
121; 21
122; 28
123; 11
124; 16
125; 16
126; 21
127; 21
128; 28
129; 12
130; 17
131; 17
132; 22
133; 22
134; 29
135; 13
136; 18
137; 18
138; 23
139; 23
140; 30
141; 14
142; 19
143; 19
144; 24
145; 24
146; 31
147; 14
148; 19
149; 19
150; 24
151; 24
152; 31
153; 15
154; 20
155; 20
156; 25
157; 25
158; 32
159; 16
160; 21
161; 21
162; 26
163; 26
164; 33
165; 17
166; 22
167; 22
168; 27
169; 27
170; 34
171; 17
172; 22
173; 22
174; 27
175; 27
176; 34
177; 18
178; 23
179; 23
180; 28
181; 28
182; 35
183; 19
184; 24
185; 24
186; 29
187; 29
188; 36
189; 20
190; 25
191; 25
192; 30
193; 30
194; 37
195; 20
196; 25
197; 25
198; 30
199; 30
200; 37
201; 21
202; 26
203; 26
204; 31
205; 31
206; 38
207; 22
208; 27
209; 27
210; 32
211; 32
212; 39
213; 23
214; 28
215; 28
216; 33
217; 33
218; 40
219; 23
220; 28
221; 28
222; 33
223; 33
224; 40
225; 24
226; 29
227; 29
228; 34
229; 34
230; 41
231; 25
232; 30
233; 30
234; 35
235; 35
236; 42
237; 26
238; 31
239; 31
240; 36
241; 36
242; 43
243; 26
244; 31
245; 31
246; 36
247; 36
248; 43
249; 27
250; 32
251; 32
252; 37
253; 37
254; 44
255; 28
256; 33
257; 33
258; 38
259; 38
260; 45
261; 29
262; 34
263; 34
264; 39
265; 39
266; 46
267; 29
268; 34
269; 34
270; 39
271; 39
272; 46
273; 30
274; 35
275; 35
276; 40
277; 40
278; 47
279; 31
280; 36
281; 36
282; 41
283; 41
284; 48
285; 32
286; 37
287; 37
288; 42
289; 42
290; 49
291; 33
292; 38
293; 38
294; 43
295; 43
296; 50
297; 33
298; 38
299; 38
300; 43
301; 43
302; 50
303; 34
304; 39
305; 39
306; 44
307; 44
308; 51
309; 35
310; 40
311; 40
312; 45
313; 45
314; 52
315; 36
316; 41
317; 41
318; 46
319; 46
320; 53
321; 36
322; 41
323; 41
324; 46
325; 46
326; 53
327; 37
328; 42
329; 42
330; 47
331; 47
332; 54
333; 38
334; 43
335; 43
336; 48
337; 48
338; 55
339; 39
340; 44
341; 44
342; 49
343; 49
344; 56
345; 39
346; 44
347; 44
348; 49
349; 49
350; 56
351; 40
352; 45
353; 45
354; 50
355; 50
356; 57
357; 41
358; 46
359; 46
360; 51
361; 51
362; 58
363; 42
364; 47
365; 47
366; 52
367; 52
368; 59
369; 42
370; 47
371; 47
372; 52
373; 52
374; 59
375; 43
376; 48
377; 48
378; 53
379; 53
380; 0
381; 44
382; 49
383; 49
384; 54
385; 54
386; 1
387; 45
388; 50
389; 50
390; 55
391; 55
392; 2
393; 45
394; 50
395; 50
396; 55
397; 55
398; 2
399; 46
400; 51
401; 51
402; 56
403; 56
404; 3
405; 47
406; 52
407; 52
408; 57
409; 57
410; 4
411; 48
412; 53
413; 53
414; 58
415; 58
416; 5
417; 48
418; 53
419; 53
420; 58
421; 58
422; 5
423; 49
424; 54
425; 54
426; 59
427; 59
428; 6
429; 50
430; 55
431; 55
432; 0
433; 0
434; 7
435; 51
436; 56
437; 56
438; 1
439; 1
440; 8
441; 52
442; 57
443; 57
444; 2
445; 2
446; 9
447; 52
448; 57
449; 57
450; 2
451; 2
452; 9
453; 53
454; 58
455; 58
456; 3
457; 3
458; 10
459; 54
460; 59
461; 59
462; 4
463; 4
464; 11
465; 55
466; 0
467; 0
468; 5
469; 5
470; 12
471; 55
472; 0
473; 0
474; 5
475; 5
476; 12
477; 56
478; 1
479; 1
480; 6
481; 6
482; 13
483; 57
484; 2
485; 2
486; 7
487; 7
488; 14
489; 58
490; 3
491; 3
492; 8
493; 8
494; 15
495; 58
496; 3
497; 3
498; 8
499; 8
500; 15
501; 59
502; 4
503; 4
504; 9
505; 9
506; 16
507; 0
508; 5
509; 5
510; 10
511; 10
512; 17
513; 1
514; 6
515; 6
516; 11
517; 11
518; 18
519; 1
520; 6
521; 6
522; 11
523; 11
524; 18
525; 2
526; 7
527; 7
528; 12
529; 12
530; 19
531; 3
532; 8
533; 8
534; 13
535; 13
536; 20
537; 4
538; 9
539; 9
540; 14
541; 14
542; 21
543; 4
544; 9
545; 9
546; 14
547; 14
548; 21
549; 5
550; 10
551; 10
552; 15
553; 15
554; 22
555; 6
556; 11
557; 11
558; 16
559; 16
560; 23
561; 7
562; 12
563; 12
564; 17
565; 17
566; 24
567; 7
568; 12
569; 12
570; 17
571; 17
572; 24
573; 8
574; 13
575; 13
576; 18
577; 18
578; 25
579; 9
580; 14
581; 14
582; 19
583; 19
584; 26
585; 10
586; 15
587; 15
588; 20
589; 20
590; 27
591; 14
592; 21
593; 21
594; 26
595; 26
596; 31
597; 14
598; 21
599; 21
600; 26
601; 26
602; 31
603; 15
604; 22
605; 22
606; 27
607; 27
608; 32
609; 16
610; 23
611; 23
612; 28
613; 28
614; 33
615; 17
616; 24
617; 24
618; 29
619; 29
620; 34
621; 17
622; 24
623; 24
624; 29
625; 29
626; 34
627; 18
628; 25
629; 25
630; 30
631; 30
632; 35
633; 19
634; 26
635; 26
636; 31
637; 31
638; 36
639; 20
640; 27
641; 27
642; 32
643; 32
644; 37
645; 20
646; 27
647; 27
648; 32
649; 32
650; 37
651; 21
652; 28
653; 28
654; 33
655; 33
656; 38
657; 22
658; 29
659; 29
660; 34
661; 34
662; 39
663; 23
664; 30
665; 30
666; 35
667; 35
668; 40
669; 23
670; 30
671; 30
672; 35
673; 35
674; 40
675; 24
676; 31
677; 31
678; 36
679; 36
680; 41
681; 25
682; 32
683; 32
684; 37
685; 37
686; 42
687; 26
688; 33
689; 33
690; 38
691; 38
692; 43
693; 26
694; 33
695; 33
696; 38
697; 38
698; 43
699; 27
700; 34
701; 34
702; 39
703; 39
704; 44
705; 28
706; 35
707; 35
708; 40
709; 40
710; 45
711; 29
712; 36
713; 36
714; 41
715; 41
716; 46
717; 29
718; 36
719; 36
720; 41
721; 41
722; 46
723; 30
724; 37
725; 37
726; 42
727; 42
728; 47
729; 31
730; 38
731; 38
732; 43
733; 43
734; 48
735; 32
736; 39
737; 39
738; 44
739; 44
740; 49
741; 32
742; 39
743; 39
744; 44
745; 44
746; 49
747; 33
748; 40
749; 40
750; 45
751; 45
752; 50
753; 34
754; 41
755; 41
756; 46
757; 46
758; 51
759; 35
760; 42
761; 42
762; 47
763; 47
764; 52
765; 36
766; 43
767; 43
768; 48
769; 48
770; 53
771; 36
772; 43
773; 43
774; 48
775; 48
776; 53
777; 37
778; 44
779; 44
780; 49
781; 49
782; 54
783; 38
784; 45
785; 45
786; 50
787; 50
788; 55
789; 39
790; 46
791; 46
792; 51
793; 51
794; 56
795; 39
796; 46
797; 46
798; 51
799; 51
800; 56
801; 40
802; 47
803; 47
804; 52
805; 52
806; 57
807; 41
808; 48
809; 48
810; 53
811; 53
812; 58
813; 42
814; 49
815; 49
816; 54
817; 54
818; 59
819; 42
820; 49
821; 49
822; 54
823; 54
824; 59
825; 43
826; 50
827; 50
828; 55
829; 55
830; 0
831; 44
832; 51
833; 51
834; 56
835; 56
836; 1
837; 45
838; 52
839; 52
840; 57
841; 57
842; 2
843; 45
844; 52
845; 52
846; 57
847; 57
848; 2
849; 46
850; 53
851; 53
852; 58
853; 58
854; 3
855; 47
856; 54
857; 54
858; 59
859; 59
860; 4
861; 48
862; 55
863; 55
864; 0
865; 0
866; 5
867; 48
868; 55
869; 55
870; 0
871; 0
872; 5
873; 49
874; 56
875; 56
876; 1
877; 1
878; 6
879; 50
880; 57
881; 57
882; 2
883; 2
884; 7
885; 51
886; 58
887; 58
888; 3
889; 3
890; 8
891; 51
892; 58
893; 58
894; 3
895; 3
896; 8
897; 52
898; 59
899; 59
900; 4
901; 4
902; 9
903; 53
904; 0
905; 0
906; 5
907; 5
908; 10
909; 54
910; 1
911; 1
912; 6
913; 6
914; 11
915; 55
916; 2
917; 2
918; 7
919; 7
920; 12
921; 55
922; 2
923; 2
924; 7
925; 7
926; 12
927; 56
928; 3
929; 3
930; 8
931; 8
932; 13
933; 57
934; 4
935; 4
936; 9
937; 9
938; 14
939; 58
940; 5
941; 5
942; 10
943; 10
944; 15
945; 58
946; 5
947; 5
948; 10
949; 10
950; 15
951; 59
952; 6
953; 6
954; 11
955; 11
956; 16
957; 0
958; 7
959; 7
960; 12
961; 12
962; 17
963; 1
964; 8
965; 8
966; 13
967; 13
968; 18
969; 1
970; 8
971; 8
972; 13
973; 13
974; 18
975; 2
976; 9
977; 9
978; 14
979; 14
980; 19
981; 3
982; 10
983; 10
984; 15
985; 15
986; 20
987; 4
988; 11
989; 11
990; 16
991; 16
992; 21
993; 4
994; 11
995; 11
996; 16
997; 16
998; 21
999; 5
1000; 12
1001; 12
1002; 17
1003; 17
1004; 22
1005; 6
1006; 13
1007; 13
1008; 18
1009; 18
1010; 23
1011; 7
1012; 14
1013; 14
1014; 19
1015; 19
1016; 24
1017; 7
1018; 14
1019; 14
1020; 19
1021; 19
1022; 24
1023; 8
1024; 15
1025; 15
1026; 20
1027; 20
1028; 25
1029; 9
1030; 16
1031; 16
1032; 21
1033; 21
1034; 26
1035; 10
1036; 17
1037; 17
1038; 22
1039; 22
1040; 27
1041; 10
1042; 17
1043; 17
1044; 22
1045; 22
1046; 27
1047; 11
1048; 18
1049; 18
1050; 23
1051; 23
1052; 28
1053; 12
1054; 19
1055; 19
1056; 24
1057; 24
1058; 29
1059; 13
1060; 20
1061; 20
1062; 25
1063; 25
1064; 30
1065; 0
1066; 5
1067; 5
1068; 11
1069; 30
1070; 35
1071; 35
1072; 41
1073; 0
1074; 6
1075; 6
1076; 11
1077; 30
1078; 36
1079; 36
1080; 41
1081; 19
1082; 24
1083; 24
1084; 32
1085; 39
1086; 44
1087; 44
1088; 52
1089; 59
1090; 4
1091; 4
1092; 12
1093; 39
1094; 47
1095; 47
1096; 52
1097; 59
1098; 7
1099; 7
1100; 12
1101; 19
1102; 27
1103; 27
1104; 32
1105; 1
1106; 6
1107; 6
1108; 11
1109; 11
1110; 17
1111; 21
1112; 26
1113; 26
1114; 31
1115; 31
1116; 37
1117; 41
1118; 46
1119; 46
1120; 51
1121; 51
1122; 57
1123; 22
1124; 28
1125; 28
1126; 33
1127; 33
1128; 38
1129; 42
1130; 48
1131; 48
1132; 53
1133; 53
1134; 58
1135; 2
1136; 8
1137; 8
1138; 13
1139; 13
1140; 18
1141; 19
1142; 23
1143; 23
1144; 30
1145; 30
1146; 46
1147; 39
1148; 43
1149; 43
1150; 50
1151; 50
1152; 6
1153; 59
1154; 3
1155; 3
1156; 10
1157; 10
1158; 26
1159; 43
1160; 59
1161; 59
1162; 6
1163; 6
1164; 10
1165; 3
1166; 19
1167; 19
1168; 26
1169; 26
1170; 30
1171; 23
1172; 39
1173; 39
1174; 46
1175; 46
1176; 50
1177; 9
1178; 16
1179; 16
1180; 24
1181; 24
1182; 28
1183; 28
1184; 33
1185; 21
1186; 28
1187; 28
1188; 36
1189; 36
1190; 40
1191; 40
1192; 45
1193; 33
1194; 40
1195; 40
1196; 48
1197; 48
1198; 52
1199; 52
1200; 57
1201; 45
1202; 52
1203; 52
1204; 0
1205; 0
1206; 4
1207; 4
1208; 9
1209; 57
1210; 4
1211; 4
1212; 12
1213; 12
1214; 16
1215; 16
1216; 21
1217; 28
1218; 33
1219; 33
1220; 37
1221; 37
1222; 45
1223; 45
1224; 52
1225; 40
1226; 45
1227; 45
1228; 49
1229; 49
1230; 57
1231; 57
1232; 4
1233; 52
1234; 57
1235; 57
1236; 1
1237; 1
1238; 9
1239; 9
1240; 16
1241; 4
1242; 9
1243; 9
1244; 13
1245; 13
1246; 21
1247; 21
1248; 28
1249; 16
1250; 21
1251; 21
1252; 25
1253; 25
1254; 33
1255; 33
1256; 40
1257; 39
1258; 43
1259; 43
1260; 47
1261; 47
1262; 55
1263; 55
1264; 59
1265; 59
1266; 4
1267; 54
1268; 58
1269; 58
1270; 2
1271; 2
1272; 10
1273; 10
1274; 14
1275; 14
1276; 19
1277; 9
1278; 13
1279; 13
1280; 17
1281; 17
1282; 25
1283; 25
1284; 29
1285; 29
1286; 34
1287; 24
1288; 28
1289; 28
1290; 32
1291; 32
1292; 40
1293; 40
1294; 44
1295; 44
1296; 49
1297; 16
1298; 21
1299; 21
1300; 25
1301; 25
1302; 33
1303; 33
1304; 37
1305; 37
1306; 41
1307; 31
1308; 36
1309; 36
1310; 40
1311; 40
1312; 48
1313; 48
1314; 52
1315; 52
1316; 56
1317; 46
1318; 51
1319; 51
1320; 55
1321; 55
1322; 3
1323; 3
1324; 7
1325; 7
1326; 11
1327; 1
1328; 6
1329; 6
1330; 10
1331; 10
1332; 18
1333; 18
1334; 22
1335; 22
1336; 26
1337; 7
1338; 11
1339; 11
1340; 15
1341; 15
1342; 19
1343; 19
1344; 23
1345; 23
1346; 27
1347; 27
1348; 35
1349; 13
1350; 17
1351; 17
1352; 21
1353; 21
1354; 25
1355; 25
1356; 29
1357; 29
1358; 33
1359; 33
1360; 41
1361; 20
1362; 24
1363; 24
1364; 28
1365; 28
1366; 32
1367; 32
1368; 36
1369; 36
1370; 40
1371; 40
1372; 48
1373; 26
1374; 30
1375; 30
1376; 34
1377; 34
1378; 38
1379; 38
1380; 42
1381; 42
1382; 46
1383; 46
1384; 54
1385; 33
1386; 37
1387; 37
1388; 41
1389; 41
1390; 45
1391; 45
1392; 49
1393; 49
1394; 53
1395; 53
1396; 1
1397; 40
1398; 44
1399; 44
1400; 48
1401; 48
1402; 52
1403; 52
1404; 56
1405; 56
1406; 0
1407; 0
1408; 8
1409; 46
1410; 50
1411; 50
1412; 54
1413; 54
1414; 58
1415; 58
1416; 2
1417; 2
1418; 6
1419; 6
1420; 14
1421; 53
1422; 57
1423; 57
1424; 1
1425; 1
1426; 5
1427; 5
1428; 9
1429; 9
1430; 13
1431; 13
1432; 21
1433; 0
1434; 4
1435; 4
1436; 8
1437; 8
1438; 12
1439; 12
1440; 16
1441; 16
1442; 20
1443; 20
1444; 28
1445; 14
1446; 22
1447; 22
1448; 26
1449; 26
1450; 30
1451; 30
1452; 34
1453; 34
1454; 38
1455; 38
1456; 42
1457; 20
1458; 28
1459; 28
1460; 32
1461; 32
1462; 36
1463; 36
1464; 40
1465; 40
1466; 44
1467; 44
1468; 48
1469; 27
1470; 35
1471; 35
1472; 39
1473; 39
1474; 43
1475; 43
1476; 47
1477; 47
1478; 51
1479; 51
1480; 55
1481; 33
1482; 41
1483; 41
1484; 45
1485; 45
1486; 49
1487; 49
1488; 53
1489; 53
1490; 57
1491; 57
1492; 1
1493; 40
1494; 48
1495; 48
1496; 52
1497; 52
1498; 56
1499; 56
1500; 0
1501; 0
1502; 4
1503; 4
1504; 8
1505; 47
1506; 55
1507; 55
1508; 59
1509; 59
1510; 3
1511; 3
1512; 7
1513; 7
1514; 11
1515; 11
1516; 15
1517; 53
1518; 1
1519; 1
1520; 5
1521; 5
1522; 9
1523; 9
1524; 13
1525; 13
1526; 17
1527; 17
1528; 21
1529; 0
1530; 8
1531; 8
1532; 12
1533; 12
1534; 16
1535; 16
1536; 20
1537; 20
1538; 24
1539; 24
1540; 28
1541; 7
1542; 15
1543; 15
1544; 19
1545; 19
1546; 23
1547; 23
1548; 27
1549; 27
1550; 31
1551; 31
1552; 35
1553; 57
1554; 1
1555; 1
1556; 18
1557; 40
1558; 57
1559; 57
1560; 1
