# line-id; line-code; direction; stop-order; stop-id; frequency; arrival_time; departure_time; line-repetition
1; 1H; >; 1; 1; 1; 0; 0; 1
1; 1H; >; 2; 2; 1; 16; 16; 1
1; 1R; <; 1; 2; 1; 0; 0; 1
1; 1R; <; 2; 1; 1; 16; 16; 1
2; 2H; >; 1; 3; 2; 56; 56; 1
2; 2H; >; 2; 4; 2; 1; 1; 1
2; 2H; >; 3; 5; 2; 6; 6; 1
2; 2H; >; 4; 6; 2; 12; 12; 1
2; 2H; >; 1; 3; 2; 26; 26; 2
2; 2H; >; 2; 4; 2; 31; 31; 2
2; 2H; >; 3; 5; 2; 36; 36; 2
2; 2H; >; 4; 6; 2; 42; 42; 2
2; 2R; <; 1; 6; 2; 0; 0; 1
2; 2R; <; 2; 5; 2; 6; 6; 1
2; 2R; <; 3; 4; 2; 11; 11; 1
2; 2R; <; 4; 3; 2; 16; 16; 1
2; 2R; <; 1; 6; 2; 30; 30; 2
2; 2R; <; 2; 5; 2; 36; 36; 2
2; 2R; <; 3; 4; 2; 41; 41; 2
2; 2R; <; 4; 3; 2; 46; 46; 2
3; 3H; >; 1; 12; 5; 56; 56; 1
3; 3H; >; 2; 11; 5; 1; 1; 1
3; 3H; >; 3; 10; 5; 6; 6; 1
3; 3H; >; 4; 16; 5; 12; 12; 1
3; 3H; >; 5; 18; 5; 18; 18; 1
3; 3H; >; 1; 12; 5; 8; 8; 2
3; 3H; >; 2; 11; 5; 13; 13; 2
3; 3H; >; 3; 10; 5; 18; 18; 2
3; 3H; >; 4; 16; 5; 24; 24; 2
3; 3H; >; 5; 18; 5; 30; 30; 2
3; 3H; >; 1; 12; 5; 20; 20; 3
3; 3H; >; 2; 11; 5; 25; 25; 3
3; 3H; >; 3; 10; 5; 30; 30; 3
3; 3H; >; 4; 16; 5; 36; 36; 3
3; 3H; >; 5; 18; 5; 42; 42; 3
3; 3H; >; 1; 12; 5; 32; 32; 4
3; 3H; >; 2; 11; 5; 37; 37; 4
3; 3H; >; 3; 10; 5; 42; 42; 4
3; 3H; >; 4; 16; 5; 48; 48; 4
3; 3H; >; 5; 18; 5; 54; 54; 4
3; 3H; >; 1; 12; 5; 44; 44; 5
3; 3H; >; 2; 11; 5; 49; 49; 5
3; 3H; >; 3; 10; 5; 54; 54; 5
3; 3H; >; 4; 16; 5; 0; 0; 5
3; 3H; >; 5; 18; 5; 6; 6; 5
3; 3R; <; 1; 18; 5; 52; 52; 1
3; 3R; <; 2; 16; 5; 58; 58; 1
3; 3R; <; 3; 10; 5; 4; 4; 1
3; 3R; <; 4; 11; 5; 9; 9; 1
3; 3R; <; 5; 12; 5; 14; 14; 1
3; 3R; <; 1; 18; 5; 4; 4; 2
3; 3R; <; 2; 16; 5; 10; 10; 2
3; 3R; <; 3; 10; 5; 16; 16; 2
3; 3R; <; 4; 11; 5; 21; 21; 2
3; 3R; <; 5; 12; 5; 26; 26; 2
3; 3R; <; 1; 18; 5; 16; 16; 3
3; 3R; <; 2; 16; 5; 22; 22; 3
3; 3R; <; 3; 10; 5; 28; 28; 3
3; 3R; <; 4; 11; 5; 33; 33; 3
3; 3R; <; 5; 12; 5; 38; 38; 3
3; 3R; <; 1; 18; 5; 28; 28; 4
3; 3R; <; 2; 16; 5; 34; 34; 4
3; 3R; <; 3; 10; 5; 40; 40; 4
3; 3R; <; 4; 11; 5; 45; 45; 4
3; 3R; <; 5; 12; 5; 50; 50; 4
3; 3R; <; 1; 18; 5; 40; 40; 5
3; 3R; <; 2; 16; 5; 46; 46; 5
3; 3R; <; 3; 10; 5; 52; 52; 5
3; 3R; <; 4; 11; 5; 57; 57; 5
3; 3R; <; 5; 12; 5; 2; 2; 5
4; 4H; >; 1; 9; 1; 17; 17; 1
4; 4H; >; 2; 8; 1; 23; 23; 1
4; 4H; >; 3; 7; 1; 29; 29; 1
4; 4R; <; 1; 7; 1; 6; 6; 1
4; 4R; <; 2; 8; 1; 12; 12; 1
4; 4R; <; 3; 9; 1; 18; 18; 1
5; 5H; >; 1; 12; 79; 11; 11; 1
5; 5H; >; 2; 11; 79; 16; 16; 1
5; 5H; >; 3; 10; 79; 21; 21; 1
5; 5H; >; 4; 17; 79; 28; 28; 1
5; 5H; >; 1; 12; 79; 11; 11; 2
5; 5H; >; 2; 11; 79; 16; 16; 2
5; 5H; >; 3; 10; 79; 21; 21; 2
5; 5H; >; 4; 17; 79; 28; 28; 2
5; 5H; >; 1; 12; 79; 12; 12; 3
5; 5H; >; 2; 11; 79; 17; 17; 3
5; 5H; >; 3; 10; 79; 22; 22; 3
5; 5H; >; 4; 17; 79; 29; 29; 3
5; 5H; >; 1; 12; 79; 13; 13; 4
5; 5H; >; 2; 11; 79; 18; 18; 4
5; 5H; >; 3; 10; 79; 23; 23; 4
5; 5H; >; 4; 17; 79; 30; 30; 4
5; 5H; >; 1; 12; 79; 14; 14; 5
5; 5H; >; 2; 11; 79; 19; 19; 5
5; 5H; >; 3; 10; 79; 24; 24; 5
5; 5H; >; 4; 17; 79; 31; 31; 5
5; 5H; >; 1; 12; 79; 14; 14; 6
5; 5H; >; 2; 11; 79; 19; 19; 6
5; 5H; >; 3; 10; 79; 24; 24; 6
5; 5H; >; 4; 17; 79; 31; 31; 6
5; 5H; >; 1; 12; 79; 15; 15; 7
5; 5H; >; 2; 11; 79; 20; 20; 7
5; 5H; >; 3; 10; 79; 25; 25; 7
5; 5H; >; 4; 17; 79; 32; 32; 7
5; 5H; >; 1; 12; 79; 16; 16; 8
5; 5H; >; 2; 11; 79; 21; 21; 8
5; 5H; >; 3; 10; 79; 26; 26; 8
5; 5H; >; 4; 17; 79; 33; 33; 8
5; 5H; >; 1; 12; 79; 17; 17; 9
5; 5H; >; 2; 11; 79; 22; 22; 9
5; 5H; >; 3; 10; 79; 27; 27; 9
5; 5H; >; 4; 17; 79; 34; 34; 9
5; 5H; >; 1; 12; 79; 17; 17; 10
5; 5H; >; 2; 11; 79; 22; 22; 10
5; 5H; >; 3; 10; 79; 27; 27; 10
5; 5H; >; 4; 17; 79; 34; 34; 10
5; 5H; >; 1; 12; 79; 18; 18; 11
5; 5H; >; 2; 11; 79; 23; 23; 11
5; 5H; >; 3; 10; 79; 28; 28; 11
5; 5H; >; 4; 17; 79; 35; 35; 11
5; 5H; >; 1; 12; 79; 19; 19; 12
5; 5H; >; 2; 11; 79; 24; 24; 12
5; 5H; >; 3; 10; 79; 29; 29; 12
5; 5H; >; 4; 17; 79; 36; 36; 12
5; 5H; >; 1; 12; 79; 20; 20; 13
5; 5H; >; 2; 11; 79; 25; 25; 13
5; 5H; >; 3; 10; 79; 30; 30; 13
5; 5H; >; 4; 17; 79; 37; 37; 13
5; 5H; >; 1; 12; 79; 20; 20; 14
5; 5H; >; 2; 11; 79; 25; 25; 14
5; 5H; >; 3; 10; 79; 30; 30; 14
5; 5H; >; 4; 17; 79; 37; 37; 14
5; 5H; >; 1; 12; 79; 21; 21; 15
5; 5H; >; 2; 11; 79; 26; 26; 15
5; 5H; >; 3; 10; 79; 31; 31; 15
5; 5H; >; 4; 17; 79; 38; 38; 15
5; 5H; >; 1; 12; 79; 22; 22; 16
5; 5H; >; 2; 11; 79; 27; 27; 16
5; 5H; >; 3; 10; 79; 32; 32; 16
5; 5H; >; 4; 17; 79; 39; 39; 16
5; 5H; >; 1; 12; 79; 23; 23; 17
5; 5H; >; 2; 11; 79; 28; 28; 17
5; 5H; >; 3; 10; 79; 33; 33; 17
5; 5H; >; 4; 17; 79; 40; 40; 17
5; 5H; >; 1; 12; 79; 23; 23; 18
5; 5H; >; 2; 11; 79; 28; 28; 18
5; 5H; >; 3; 10; 79; 33; 33; 18
5; 5H; >; 4; 17; 79; 40; 40; 18
5; 5H; >; 1; 12; 79; 24; 24; 19
5; 5H; >; 2; 11; 79; 29; 29; 19
5; 5H; >; 3; 10; 79; 34; 34; 19
5; 5H; >; 4; 17; 79; 41; 41; 19
5; 5H; >; 1; 12; 79; 25; 25; 20
5; 5H; >; 2; 11; 79; 30; 30; 20
5; 5H; >; 3; 10; 79; 35; 35; 20
5; 5H; >; 4; 17; 79; 42; 42; 20
5; 5H; >; 1; 12; 79; 26; 26; 21
5; 5H; >; 2; 11; 79; 31; 31; 21
5; 5H; >; 3; 10; 79; 36; 36; 21
5; 5H; >; 4; 17; 79; 43; 43; 21
5; 5H; >; 1; 12; 79; 26; 26; 22
5; 5H; >; 2; 11; 79; 31; 31; 22
5; 5H; >; 3; 10; 79; 36; 36; 22
5; 5H; >; 4; 17; 79; 43; 43; 22
5; 5H; >; 1; 12; 79; 27; 27; 23
5; 5H; >; 2; 11; 79; 32; 32; 23
5; 5H; >; 3; 10; 79; 37; 37; 23
5; 5H; >; 4; 17; 79; 44; 44; 23
5; 5H; >; 1; 12; 79; 28; 28; 24
5; 5H; >; 2; 11; 79; 33; 33; 24
5; 5H; >; 3; 10; 79; 38; 38; 24
5; 5H; >; 4; 17; 79; 45; 45; 24
5; 5H; >; 1; 12; 79; 29; 29; 25
5; 5H; >; 2; 11; 79; 34; 34; 25
5; 5H; >; 3; 10; 79; 39; 39; 25
5; 5H; >; 4; 17; 79; 46; 46; 25
5; 5H; >; 1; 12; 79; 29; 29; 26
5; 5H; >; 2; 11; 79; 34; 34; 26
5; 5H; >; 3; 10; 79; 39; 39; 26
5; 5H; >; 4; 17; 79; 46; 46; 26
5; 5H; >; 1; 12; 79; 30; 30; 27
5; 5H; >; 2; 11; 79; 35; 35; 27
5; 5H; >; 3; 10; 79; 40; 40; 27
5; 5H; >; 4; 17; 79; 47; 47; 27
5; 5H; >; 1; 12; 79; 31; 31; 28
5; 5H; >; 2; 11; 79; 36; 36; 28
5; 5H; >; 3; 10; 79; 41; 41; 28
5; 5H; >; 4; 17; 79; 48; 48; 28
5; 5H; >; 1; 12; 79; 32; 32; 29
5; 5H; >; 2; 11; 79; 37; 37; 29
5; 5H; >; 3; 10; 79; 42; 42; 29
5; 5H; >; 4; 17; 79; 49; 49; 29
5; 5H; >; 1; 12; 79; 33; 33; 30
5; 5H; >; 2; 11; 79; 38; 38; 30
5; 5H; >; 3; 10; 79; 43; 43; 30
5; 5H; >; 4; 17; 79; 50; 50; 30
5; 5H; >; 1; 12; 79; 33; 33; 31
5; 5H; >; 2; 11; 79; 38; 38; 31
5; 5H; >; 3; 10; 79; 43; 43; 31
5; 5H; >; 4; 17; 79; 50; 50; 31
5; 5H; >; 1; 12; 79; 34; 34; 32
5; 5H; >; 2; 11; 79; 39; 39; 32
5; 5H; >; 3; 10; 79; 44; 44; 32
5; 5H; >; 4; 17; 79; 51; 51; 32
5; 5H; >; 1; 12; 79; 35; 35; 33
5; 5H; >; 2; 11; 79; 40; 40; 33
5; 5H; >; 3; 10; 79; 45; 45; 33
5; 5H; >; 4; 17; 79; 52; 52; 33
5; 5H; >; 1; 12; 79; 36; 36; 34
5; 5H; >; 2; 11; 79; 41; 41; 34
5; 5H; >; 3; 10; 79; 46; 46; 34
5; 5H; >; 4; 17; 79; 53; 53; 34
5; 5H; >; 1; 12; 79; 36; 36; 35
5; 5H; >; 2; 11; 79; 41; 41; 35
5; 5H; >; 3; 10; 79; 46; 46; 35
5; 5H; >; 4; 17; 79; 53; 53; 35
5; 5H; >; 1; 12; 79; 37; 37; 36
5; 5H; >; 2; 11; 79; 42; 42; 36
5; 5H; >; 3; 10; 79; 47; 47; 36
5; 5H; >; 4; 17; 79; 54; 54; 36
5; 5H; >; 1; 12; 79; 38; 38; 37
5; 5H; >; 2; 11; 79; 43; 43; 37
5; 5H; >; 3; 10; 79; 48; 48; 37
5; 5H; >; 4; 17; 79; 55; 55; 37
5; 5H; >; 1; 12; 79; 39; 39; 38
5; 5H; >; 2; 11; 79; 44; 44; 38
5; 5H; >; 3; 10; 79; 49; 49; 38
5; 5H; >; 4; 17; 79; 56; 56; 38
5; 5H; >; 1; 12; 79; 39; 39; 39
5; 5H; >; 2; 11; 79; 44; 44; 39
5; 5H; >; 3; 10; 79; 49; 49; 39
5; 5H; >; 4; 17; 79; 56; 56; 39
5; 5H; >; 1; 12; 79; 40; 40; 40
5; 5H; >; 2; 11; 79; 45; 45; 40
5; 5H; >; 3; 10; 79; 50; 50; 40
5; 5H; >; 4; 17; 79; 57; 57; 40
5; 5H; >; 1; 12; 79; 41; 41; 41
5; 5H; >; 2; 11; 79; 46; 46; 41
5; 5H; >; 3; 10; 79; 51; 51; 41
5; 5H; >; 4; 17; 79; 58; 58; 41
5; 5H; >; 1; 12; 79; 42; 42; 42
5; 5H; >; 2; 11; 79; 47; 47; 42
5; 5H; >; 3; 10; 79; 52; 52; 42
5; 5H; >; 4; 17; 79; 59; 59; 42
5; 5H; >; 1; 12; 79; 42; 42; 43
5; 5H; >; 2; 11; 79; 47; 47; 43
5; 5H; >; 3; 10; 79; 52; 52; 43
5; 5H; >; 4; 17; 79; 59; 59; 43
5; 5H; >; 1; 12; 79; 43; 43; 44
5; 5H; >; 2; 11; 79; 48; 48; 44
5; 5H; >; 3; 10; 79; 53; 53; 44
5; 5H; >; 4; 17; 79; 0; 0; 44
5; 5H; >; 1; 12; 79; 44; 44; 45
5; 5H; >; 2; 11; 79; 49; 49; 45
5; 5H; >; 3; 10; 79; 54; 54; 45
5; 5H; >; 4; 17; 79; 1; 1; 45
5; 5H; >; 1; 12; 79; 45; 45; 46
5; 5H; >; 2; 11; 79; 50; 50; 46
5; 5H; >; 3; 10; 79; 55; 55; 46
5; 5H; >; 4; 17; 79; 2; 2; 46
5; 5H; >; 1; 12; 79; 45; 45; 47
5; 5H; >; 2; 11; 79; 50; 50; 47
5; 5H; >; 3; 10; 79; 55; 55; 47
5; 5H; >; 4; 17; 79; 2; 2; 47
5; 5H; >; 1; 12; 79; 46; 46; 48
5; 5H; >; 2; 11; 79; 51; 51; 48
5; 5H; >; 3; 10; 79; 56; 56; 48
5; 5H; >; 4; 17; 79; 3; 3; 48
5; 5H; >; 1; 12; 79; 47; 47; 49
5; 5H; >; 2; 11; 79; 52; 52; 49
5; 5H; >; 3; 10; 79; 57; 57; 49
5; 5H; >; 4; 17; 79; 4; 4; 49
5; 5H; >; 1; 12; 79; 48; 48; 50
5; 5H; >; 2; 11; 79; 53; 53; 50
5; 5H; >; 3; 10; 79; 58; 58; 50
5; 5H; >; 4; 17; 79; 5; 5; 50
5; 5H; >; 1; 12; 79; 48; 48; 51
5; 5H; >; 2; 11; 79; 53; 53; 51
5; 5H; >; 3; 10; 79; 58; 58; 51
5; 5H; >; 4; 17; 79; 5; 5; 51
5; 5H; >; 1; 12; 79; 49; 49; 52
5; 5H; >; 2; 11; 79; 54; 54; 52
5; 5H; >; 3; 10; 79; 59; 59; 52
5; 5H; >; 4; 17; 79; 6; 6; 52
5; 5H; >; 1; 12; 79; 50; 50; 53
5; 5H; >; 2; 11; 79; 55; 55; 53
5; 5H; >; 3; 10; 79; 0; 0; 53
5; 5H; >; 4; 17; 79; 7; 7; 53
5; 5H; >; 1; 12; 79; 51; 51; 54
5; 5H; >; 2; 11; 79; 56; 56; 54
5; 5H; >; 3; 10; 79; 1; 1; 54
5; 5H; >; 4; 17; 79; 8; 8; 54
5; 5H; >; 1; 12; 79; 52; 52; 55
5; 5H; >; 2; 11; 79; 57; 57; 55
5; 5H; >; 3; 10; 79; 2; 2; 55
5; 5H; >; 4; 17; 79; 9; 9; 55
5; 5H; >; 1; 12; 79; 52; 52; 56
5; 5H; >; 2; 11; 79; 57; 57; 56
5; 5H; >; 3; 10; 79; 2; 2; 56
5; 5H; >; 4; 17; 79; 9; 9; 56
5; 5H; >; 1; 12; 79; 53; 53; 57
5; 5H; >; 2; 11; 79; 58; 58; 57
5; 5H; >; 3; 10; 79; 3; 3; 57
5; 5H; >; 4; 17; 79; 10; 10; 57
5; 5H; >; 1; 12; 79; 54; 54; 58
5; 5H; >; 2; 11; 79; 59; 59; 58
5; 5H; >; 3; 10; 79; 4; 4; 58
5; 5H; >; 4; 17; 79; 11; 11; 58
5; 5H; >; 1; 12; 79; 55; 55; 59
5; 5H; >; 2; 11; 79; 0; 0; 59
5; 5H; >; 3; 10; 79; 5; 5; 59
5; 5H; >; 4; 17; 79; 12; 12; 59
5; 5H; >; 1; 12; 79; 55; 55; 60
5; 5H; >; 2; 11; 79; 0; 0; 60
5; 5H; >; 3; 10; 79; 5; 5; 60
5; 5H; >; 4; 17; 79; 12; 12; 60
5; 5H; >; 1; 12; 79; 56; 56; 61
5; 5H; >; 2; 11; 79; 1; 1; 61
5; 5H; >; 3; 10; 79; 6; 6; 61
5; 5H; >; 4; 17; 79; 13; 13; 61
5; 5H; >; 1; 12; 79; 57; 57; 62
5; 5H; >; 2; 11; 79; 2; 2; 62
5; 5H; >; 3; 10; 79; 7; 7; 62
5; 5H; >; 4; 17; 79; 14; 14; 62
5; 5H; >; 1; 12; 79; 58; 58; 63
5; 5H; >; 2; 11; 79; 3; 3; 63
5; 5H; >; 3; 10; 79; 8; 8; 63
5; 5H; >; 4; 17; 79; 15; 15; 63
5; 5H; >; 1; 12; 79; 58; 58; 64
5; 5H; >; 2; 11; 79; 3; 3; 64
5; 5H; >; 3; 10; 79; 8; 8; 64
5; 5H; >; 4; 17; 79; 15; 15; 64
5; 5H; >; 1; 12; 79; 59; 59; 65
5; 5H; >; 2; 11; 79; 4; 4; 65
5; 5H; >; 3; 10; 79; 9; 9; 65
5; 5H; >; 4; 17; 79; 16; 16; 65
5; 5H; >; 1; 12; 79; 0; 0; 66
5; 5H; >; 2; 11; 79; 5; 5; 66
5; 5H; >; 3; 10; 79; 10; 10; 66
5; 5H; >; 4; 17; 79; 17; 17; 66
5; 5H; >; 1; 12; 79; 1; 1; 67
5; 5H; >; 2; 11; 79; 6; 6; 67
5; 5H; >; 3; 10; 79; 11; 11; 67
5; 5H; >; 4; 17; 79; 18; 18; 67
5; 5H; >; 1; 12; 79; 1; 1; 68
5; 5H; >; 2; 11; 79; 6; 6; 68
5; 5H; >; 3; 10; 79; 11; 11; 68
5; 5H; >; 4; 17; 79; 18; 18; 68
5; 5H; >; 1; 12; 79; 2; 2; 69
5; 5H; >; 2; 11; 79; 7; 7; 69
5; 5H; >; 3; 10; 79; 12; 12; 69
5; 5H; >; 4; 17; 79; 19; 19; 69
5; 5H; >; 1; 12; 79; 3; 3; 70
5; 5H; >; 2; 11; 79; 8; 8; 70
5; 5H; >; 3; 10; 79; 13; 13; 70
5; 5H; >; 4; 17; 79; 20; 20; 70
5; 5H; >; 1; 12; 79; 4; 4; 71
5; 5H; >; 2; 11; 79; 9; 9; 71
5; 5H; >; 3; 10; 79; 14; 14; 71
5; 5H; >; 4; 17; 79; 21; 21; 71
5; 5H; >; 1; 12; 79; 4; 4; 72
5; 5H; >; 2; 11; 79; 9; 9; 72
5; 5H; >; 3; 10; 79; 14; 14; 72
5; 5H; >; 4; 17; 79; 21; 21; 72
5; 5H; >; 1; 12; 79; 5; 5; 73
5; 5H; >; 2; 11; 79; 10; 10; 73
5; 5H; >; 3; 10; 79; 15; 15; 73
5; 5H; >; 4; 17; 79; 22; 22; 73
5; 5H; >; 1; 12; 79; 6; 6; 74
5; 5H; >; 2; 11; 79; 11; 11; 74
5; 5H; >; 3; 10; 79; 16; 16; 74
5; 5H; >; 4; 17; 79; 23; 23; 74
5; 5H; >; 1; 12; 79; 7; 7; 75
5; 5H; >; 2; 11; 79; 12; 12; 75
5; 5H; >; 3; 10; 79; 17; 17; 75
5; 5H; >; 4; 17; 79; 24; 24; 75
5; 5H; >; 1; 12; 79; 7; 7; 76
5; 5H; >; 2; 11; 79; 12; 12; 76
5; 5H; >; 3; 10; 79; 17; 17; 76
5; 5H; >; 4; 17; 79; 24; 24; 76
5; 5H; >; 1; 12; 79; 8; 8; 77
5; 5H; >; 2; 11; 79; 13; 13; 77
5; 5H; >; 3; 10; 79; 18; 18; 77
5; 5H; >; 4; 17; 79; 25; 25; 77
5; 5H; >; 1; 12; 79; 9; 9; 78
5; 5H; >; 2; 11; 79; 14; 14; 78
5; 5H; >; 3; 10; 79; 19; 19; 78
5; 5H; >; 4; 17; 79; 26; 26; 78
5; 5H; >; 1; 12; 79; 10; 10; 79
5; 5H; >; 2; 11; 79; 15; 15; 79
5; 5H; >; 3; 10; 79; 20; 20; 79
5; 5H; >; 4; 17; 79; 27; 27; 79
5; 5R; <; 1; 17; 79; 14; 14; 1
5; 5R; <; 2; 10; 79; 21; 21; 1
5; 5R; <; 3; 11; 79; 26; 26; 1
5; 5R; <; 4; 12; 79; 31; 31; 1
5; 5R; <; 1; 17; 79; 14; 14; 2
5; 5R; <; 2; 10; 79; 21; 21; 2
5; 5R; <; 3; 11; 79; 26; 26; 2
5; 5R; <; 4; 12; 79; 31; 31; 2
5; 5R; <; 1; 17; 79; 15; 15; 3
5; 5R; <; 2; 10; 79; 22; 22; 3
5; 5R; <; 3; 11; 79; 27; 27; 3
5; 5R; <; 4; 12; 79; 32; 32; 3
5; 5R; <; 1; 17; 79; 16; 16; 4
5; 5R; <; 2; 10; 79; 23; 23; 4
5; 5R; <; 3; 11; 79; 28; 28; 4
5; 5R; <; 4; 12; 79; 33; 33; 4
5; 5R; <; 1; 17; 79; 17; 17; 5
5; 5R; <; 2; 10; 79; 24; 24; 5
5; 5R; <; 3; 11; 79; 29; 29; 5
5; 5R; <; 4; 12; 79; 34; 34; 5
5; 5R; <; 1; 17; 79; 17; 17; 6
5; 5R; <; 2; 10; 79; 24; 24; 6
5; 5R; <; 3; 11; 79; 29; 29; 6
5; 5R; <; 4; 12; 79; 34; 34; 6
5; 5R; <; 1; 17; 79; 18; 18; 7
5; 5R; <; 2; 10; 79; 25; 25; 7
5; 5R; <; 3; 11; 79; 30; 30; 7
5; 5R; <; 4; 12; 79; 35; 35; 7
5; 5R; <; 1; 17; 79; 19; 19; 8
5; 5R; <; 2; 10; 79; 26; 26; 8
5; 5R; <; 3; 11; 79; 31; 31; 8
5; 5R; <; 4; 12; 79; 36; 36; 8
5; 5R; <; 1; 17; 79; 20; 20; 9
5; 5R; <; 2; 10; 79; 27; 27; 9
5; 5R; <; 3; 11; 79; 32; 32; 9
5; 5R; <; 4; 12; 79; 37; 37; 9
5; 5R; <; 1; 17; 79; 20; 20; 10
5; 5R; <; 2; 10; 79; 27; 27; 10
5; 5R; <; 3; 11; 79; 32; 32; 10
5; 5R; <; 4; 12; 79; 37; 37; 10
5; 5R; <; 1; 17; 79; 21; 21; 11
5; 5R; <; 2; 10; 79; 28; 28; 11
5; 5R; <; 3; 11; 79; 33; 33; 11
5; 5R; <; 4; 12; 79; 38; 38; 11
5; 5R; <; 1; 17; 79; 22; 22; 12
5; 5R; <; 2; 10; 79; 29; 29; 12
5; 5R; <; 3; 11; 79; 34; 34; 12
5; 5R; <; 4; 12; 79; 39; 39; 12
5; 5R; <; 1; 17; 79; 23; 23; 13
5; 5R; <; 2; 10; 79; 30; 30; 13
5; 5R; <; 3; 11; 79; 35; 35; 13
5; 5R; <; 4; 12; 79; 40; 40; 13
5; 5R; <; 1; 17; 79; 23; 23; 14
5; 5R; <; 2; 10; 79; 30; 30; 14
5; 5R; <; 3; 11; 79; 35; 35; 14
5; 5R; <; 4; 12; 79; 40; 40; 14
5; 5R; <; 1; 17; 79; 24; 24; 15
5; 5R; <; 2; 10; 79; 31; 31; 15
5; 5R; <; 3; 11; 79; 36; 36; 15
5; 5R; <; 4; 12; 79; 41; 41; 15
5; 5R; <; 1; 17; 79; 25; 25; 16
5; 5R; <; 2; 10; 79; 32; 32; 16
5; 5R; <; 3; 11; 79; 37; 37; 16
5; 5R; <; 4; 12; 79; 42; 42; 16
5; 5R; <; 1; 17; 79; 26; 26; 17
5; 5R; <; 2; 10; 79; 33; 33; 17
5; 5R; <; 3; 11; 79; 38; 38; 17
5; 5R; <; 4; 12; 79; 43; 43; 17
5; 5R; <; 1; 17; 79; 26; 26; 18
5; 5R; <; 2; 10; 79; 33; 33; 18
5; 5R; <; 3; 11; 79; 38; 38; 18
5; 5R; <; 4; 12; 79; 43; 43; 18
5; 5R; <; 1; 17; 79; 27; 27; 19
5; 5R; <; 2; 10; 79; 34; 34; 19
5; 5R; <; 3; 11; 79; 39; 39; 19
5; 5R; <; 4; 12; 79; 44; 44; 19
5; 5R; <; 1; 17; 79; 28; 28; 20
5; 5R; <; 2; 10; 79; 35; 35; 20
5; 5R; <; 3; 11; 79; 40; 40; 20
5; 5R; <; 4; 12; 79; 45; 45; 20
5; 5R; <; 1; 17; 79; 29; 29; 21
5; 5R; <; 2; 10; 79; 36; 36; 21
5; 5R; <; 3; 11; 79; 41; 41; 21
5; 5R; <; 4; 12; 79; 46; 46; 21
5; 5R; <; 1; 17; 79; 29; 29; 22
5; 5R; <; 2; 10; 79; 36; 36; 22
5; 5R; <; 3; 11; 79; 41; 41; 22
5; 5R; <; 4; 12; 79; 46; 46; 22
5; 5R; <; 1; 17; 79; 30; 30; 23
5; 5R; <; 2; 10; 79; 37; 37; 23
5; 5R; <; 3; 11; 79; 42; 42; 23
5; 5R; <; 4; 12; 79; 47; 47; 23
5; 5R; <; 1; 17; 79; 31; 31; 24
5; 5R; <; 2; 10; 79; 38; 38; 24
5; 5R; <; 3; 11; 79; 43; 43; 24
5; 5R; <; 4; 12; 79; 48; 48; 24
5; 5R; <; 1; 17; 79; 32; 32; 25
5; 5R; <; 2; 10; 79; 39; 39; 25
5; 5R; <; 3; 11; 79; 44; 44; 25
5; 5R; <; 4; 12; 79; 49; 49; 25
5; 5R; <; 1; 17; 79; 32; 32; 26
5; 5R; <; 2; 10; 79; 39; 39; 26
5; 5R; <; 3; 11; 79; 44; 44; 26
5; 5R; <; 4; 12; 79; 49; 49; 26
5; 5R; <; 1; 17; 79; 33; 33; 27
5; 5R; <; 2; 10; 79; 40; 40; 27
5; 5R; <; 3; 11; 79; 45; 45; 27
5; 5R; <; 4; 12; 79; 50; 50; 27
5; 5R; <; 1; 17; 79; 34; 34; 28
5; 5R; <; 2; 10; 79; 41; 41; 28
5; 5R; <; 3; 11; 79; 46; 46; 28
5; 5R; <; 4; 12; 79; 51; 51; 28
5; 5R; <; 1; 17; 79; 35; 35; 29
5; 5R; <; 2; 10; 79; 42; 42; 29
5; 5R; <; 3; 11; 79; 47; 47; 29
5; 5R; <; 4; 12; 79; 52; 52; 29
5; 5R; <; 1; 17; 79; 36; 36; 30
5; 5R; <; 2; 10; 79; 43; 43; 30
5; 5R; <; 3; 11; 79; 48; 48; 30
5; 5R; <; 4; 12; 79; 53; 53; 30
5; 5R; <; 1; 17; 79; 36; 36; 31
5; 5R; <; 2; 10; 79; 43; 43; 31
5; 5R; <; 3; 11; 79; 48; 48; 31
5; 5R; <; 4; 12; 79; 53; 53; 31
5; 5R; <; 1; 17; 79; 37; 37; 32
5; 5R; <; 2; 10; 79; 44; 44; 32
5; 5R; <; 3; 11; 79; 49; 49; 32
5; 5R; <; 4; 12; 79; 54; 54; 32
5; 5R; <; 1; 17; 79; 38; 38; 33
5; 5R; <; 2; 10; 79; 45; 45; 33
5; 5R; <; 3; 11; 79; 50; 50; 33
5; 5R; <; 4; 12; 79; 55; 55; 33
5; 5R; <; 1; 17; 79; 39; 39; 34
5; 5R; <; 2; 10; 79; 46; 46; 34
5; 5R; <; 3; 11; 79; 51; 51; 34
5; 5R; <; 4; 12; 79; 56; 56; 34
5; 5R; <; 1; 17; 79; 39; 39; 35
5; 5R; <; 2; 10; 79; 46; 46; 35
5; 5R; <; 3; 11; 79; 51; 51; 35
5; 5R; <; 4; 12; 79; 56; 56; 35
5; 5R; <; 1; 17; 79; 40; 40; 36
5; 5R; <; 2; 10; 79; 47; 47; 36
5; 5R; <; 3; 11; 79; 52; 52; 36
5; 5R; <; 4; 12; 79; 57; 57; 36
5; 5R; <; 1; 17; 79; 41; 41; 37
5; 5R; <; 2; 10; 79; 48; 48; 37
5; 5R; <; 3; 11; 79; 53; 53; 37
5; 5R; <; 4; 12; 79; 58; 58; 37
5; 5R; <; 1; 17; 79; 42; 42; 38
5; 5R; <; 2; 10; 79; 49; 49; 38
5; 5R; <; 3; 11; 79; 54; 54; 38
5; 5R; <; 4; 12; 79; 59; 59; 38
5; 5R; <; 1; 17; 79; 42; 42; 39
5; 5R; <; 2; 10; 79; 49; 49; 39
5; 5R; <; 3; 11; 79; 54; 54; 39
5; 5R; <; 4; 12; 79; 59; 59; 39
5; 5R; <; 1; 17; 79; 43; 43; 40
5; 5R; <; 2; 10; 79; 50; 50; 40
5; 5R; <; 3; 11; 79; 55; 55; 40
5; 5R; <; 4; 12; 79; 0; 0; 40
5; 5R; <; 1; 17; 79; 44; 44; 41
5; 5R; <; 2; 10; 79; 51; 51; 41
5; 5R; <; 3; 11; 79; 56; 56; 41
5; 5R; <; 4; 12; 79; 1; 1; 41
5; 5R; <; 1; 17; 79; 45; 45; 42
5; 5R; <; 2; 10; 79; 52; 52; 42
5; 5R; <; 3; 11; 79; 57; 57; 42
5; 5R; <; 4; 12; 79; 2; 2; 42
5; 5R; <; 1; 17; 79; 45; 45; 43
5; 5R; <; 2; 10; 79; 52; 52; 43
5; 5R; <; 3; 11; 79; 57; 57; 43
5; 5R; <; 4; 12; 79; 2; 2; 43
5; 5R; <; 1; 17; 79; 46; 46; 44
5; 5R; <; 2; 10; 79; 53; 53; 44
5; 5R; <; 3; 11; 79; 58; 58; 44
5; 5R; <; 4; 12; 79; 3; 3; 44
5; 5R; <; 1; 17; 79; 47; 47; 45
5; 5R; <; 2; 10; 79; 54; 54; 45
5; 5R; <; 3; 11; 79; 59; 59; 45
5; 5R; <; 4; 12; 79; 4; 4; 45
5; 5R; <; 1; 17; 79; 48; 48; 46
5; 5R; <; 2; 10; 79; 55; 55; 46
5; 5R; <; 3; 11; 79; 0; 0; 46
5; 5R; <; 4; 12; 79; 5; 5; 46
5; 5R; <; 1; 17; 79; 48; 48; 47
5; 5R; <; 2; 10; 79; 55; 55; 47
5; 5R; <; 3; 11; 79; 0; 0; 47
5; 5R; <; 4; 12; 79; 5; 5; 47
5; 5R; <; 1; 17; 79; 49; 49; 48
5; 5R; <; 2; 10; 79; 56; 56; 48
5; 5R; <; 3; 11; 79; 1; 1; 48
5; 5R; <; 4; 12; 79; 6; 6; 48
5; 5R; <; 1; 17; 79; 50; 50; 49
5; 5R; <; 2; 10; 79; 57; 57; 49
5; 5R; <; 3; 11; 79; 2; 2; 49
5; 5R; <; 4; 12; 79; 7; 7; 49
5; 5R; <; 1; 17; 79; 51; 51; 50
5; 5R; <; 2; 10; 79; 58; 58; 50
5; 5R; <; 3; 11; 79; 3; 3; 50
5; 5R; <; 4; 12; 79; 8; 8; 50
5; 5R; <; 1; 17; 79; 51; 51; 51
5; 5R; <; 2; 10; 79; 58; 58; 51
5; 5R; <; 3; 11; 79; 3; 3; 51
5; 5R; <; 4; 12; 79; 8; 8; 51
5; 5R; <; 1; 17; 79; 52; 52; 52
5; 5R; <; 2; 10; 79; 59; 59; 52
5; 5R; <; 3; 11; 79; 4; 4; 52
5; 5R; <; 4; 12; 79; 9; 9; 52
5; 5R; <; 1; 17; 79; 53; 53; 53
5; 5R; <; 2; 10; 79; 0; 0; 53
5; 5R; <; 3; 11; 79; 5; 5; 53
5; 5R; <; 4; 12; 79; 10; 10; 53
5; 5R; <; 1; 17; 79; 54; 54; 54
5; 5R; <; 2; 10; 79; 1; 1; 54
5; 5R; <; 3; 11; 79; 6; 6; 54
5; 5R; <; 4; 12; 79; 11; 11; 54
5; 5R; <; 1; 17; 79; 55; 55; 55
5; 5R; <; 2; 10; 79; 2; 2; 55
5; 5R; <; 3; 11; 79; 7; 7; 55
5; 5R; <; 4; 12; 79; 12; 12; 55
5; 5R; <; 1; 17; 79; 55; 55; 56
5; 5R; <; 2; 10; 79; 2; 2; 56
5; 5R; <; 3; 11; 79; 7; 7; 56
5; 5R; <; 4; 12; 79; 12; 12; 56
5; 5R; <; 1; 17; 79; 56; 56; 57
5; 5R; <; 2; 10; 79; 3; 3; 57
5; 5R; <; 3; 11; 79; 8; 8; 57
5; 5R; <; 4; 12; 79; 13; 13; 57
5; 5R; <; 1; 17; 79; 57; 57; 58
5; 5R; <; 2; 10; 79; 4; 4; 58
5; 5R; <; 3; 11; 79; 9; 9; 58
5; 5R; <; 4; 12; 79; 14; 14; 58
5; 5R; <; 1; 17; 79; 58; 58; 59
5; 5R; <; 2; 10; 79; 5; 5; 59
5; 5R; <; 3; 11; 79; 10; 10; 59
5; 5R; <; 4; 12; 79; 15; 15; 59
5; 5R; <; 1; 17; 79; 58; 58; 60
5; 5R; <; 2; 10; 79; 5; 5; 60
5; 5R; <; 3; 11; 79; 10; 10; 60
5; 5R; <; 4; 12; 79; 15; 15; 60
5; 5R; <; 1; 17; 79; 59; 59; 61
5; 5R; <; 2; 10; 79; 6; 6; 61
5; 5R; <; 3; 11; 79; 11; 11; 61
5; 5R; <; 4; 12; 79; 16; 16; 61
5; 5R; <; 1; 17; 79; 0; 0; 62
5; 5R; <; 2; 10; 79; 7; 7; 62
5; 5R; <; 3; 11; 79; 12; 12; 62
5; 5R; <; 4; 12; 79; 17; 17; 62
5; 5R; <; 1; 17; 79; 1; 1; 63
5; 5R; <; 2; 10; 79; 8; 8; 63
5; 5R; <; 3; 11; 79; 13; 13; 63
5; 5R; <; 4; 12; 79; 18; 18; 63
5; 5R; <; 1; 17; 79; 1; 1; 64
5; 5R; <; 2; 10; 79; 8; 8; 64
5; 5R; <; 3; 11; 79; 13; 13; 64
5; 5R; <; 4; 12; 79; 18; 18; 64
5; 5R; <; 1; 17; 79; 2; 2; 65
5; 5R; <; 2; 10; 79; 9; 9; 65
5; 5R; <; 3; 11; 79; 14; 14; 65
5; 5R; <; 4; 12; 79; 19; 19; 65
5; 5R; <; 1; 17; 79; 3; 3; 66
5; 5R; <; 2; 10; 79; 10; 10; 66
5; 5R; <; 3; 11; 79; 15; 15; 66
5; 5R; <; 4; 12; 79; 20; 20; 66
5; 5R; <; 1; 17; 79; 4; 4; 67
5; 5R; <; 2; 10; 79; 11; 11; 67
5; 5R; <; 3; 11; 79; 16; 16; 67
5; 5R; <; 4; 12; 79; 21; 21; 67
5; 5R; <; 1; 17; 79; 4; 4; 68
5; 5R; <; 2; 10; 79; 11; 11; 68
5; 5R; <; 3; 11; 79; 16; 16; 68
5; 5R; <; 4; 12; 79; 21; 21; 68
5; 5R; <; 1; 17; 79; 5; 5; 69
5; 5R; <; 2; 10; 79; 12; 12; 69
5; 5R; <; 3; 11; 79; 17; 17; 69
5; 5R; <; 4; 12; 79; 22; 22; 69
5; 5R; <; 1; 17; 79; 6; 6; 70
5; 5R; <; 2; 10; 79; 13; 13; 70
5; 5R; <; 3; 11; 79; 18; 18; 70
5; 5R; <; 4; 12; 79; 23; 23; 70
5; 5R; <; 1; 17; 79; 7; 7; 71
5; 5R; <; 2; 10; 79; 14; 14; 71
5; 5R; <; 3; 11; 79; 19; 19; 71
5; 5R; <; 4; 12; 79; 24; 24; 71
5; 5R; <; 1; 17; 79; 7; 7; 72
5; 5R; <; 2; 10; 79; 14; 14; 72
5; 5R; <; 3; 11; 79; 19; 19; 72
5; 5R; <; 4; 12; 79; 24; 24; 72
5; 5R; <; 1; 17; 79; 8; 8; 73
5; 5R; <; 2; 10; 79; 15; 15; 73
5; 5R; <; 3; 11; 79; 20; 20; 73
5; 5R; <; 4; 12; 79; 25; 25; 73
5; 5R; <; 1; 17; 79; 9; 9; 74
5; 5R; <; 2; 10; 79; 16; 16; 74
5; 5R; <; 3; 11; 79; 21; 21; 74
5; 5R; <; 4; 12; 79; 26; 26; 74
5; 5R; <; 1; 17; 79; 10; 10; 75
5; 5R; <; 2; 10; 79; 17; 17; 75
5; 5R; <; 3; 11; 79; 22; 22; 75
5; 5R; <; 4; 12; 79; 27; 27; 75
5; 5R; <; 1; 17; 79; 10; 10; 76
5; 5R; <; 2; 10; 79; 17; 17; 76
5; 5R; <; 3; 11; 79; 22; 22; 76
5; 5R; <; 4; 12; 79; 27; 27; 76
5; 5R; <; 1; 17; 79; 11; 11; 77
5; 5R; <; 2; 10; 79; 18; 18; 77
5; 5R; <; 3; 11; 79; 23; 23; 77
5; 5R; <; 4; 12; 79; 28; 28; 77
5; 5R; <; 1; 17; 79; 12; 12; 78
5; 5R; <; 2; 10; 79; 19; 19; 78
5; 5R; <; 3; 11; 79; 24; 24; 78
5; 5R; <; 4; 12; 79; 29; 29; 78
5; 5R; <; 1; 17; 79; 13; 13; 79
5; 5R; <; 2; 10; 79; 20; 20; 79
5; 5R; <; 3; 11; 79; 25; 25; 79
5; 5R; <; 4; 12; 79; 30; 30; 79
6; 6H; >; 1; 14; 2; 0; 0; 1
6; 6H; >; 2; 15; 2; 5; 5; 1
6; 6H; >; 3; 19; 2; 11; 11; 1
6; 6H; >; 1; 14; 2; 30; 30; 2
6; 6H; >; 2; 15; 2; 35; 35; 2
6; 6H; >; 3; 19; 2; 41; 41; 2
6; 6R; <; 1; 19; 2; 0; 0; 1
6; 6R; <; 2; 15; 2; 6; 6; 1
6; 6R; <; 3; 14; 2; 11; 11; 1
6; 6R; <; 1; 19; 2; 30; 30; 2
6; 6R; <; 2; 15; 2; 36; 36; 2
6; 6R; <; 3; 14; 2; 41; 41; 2
7; 7H; >; 1; 23; 3; 19; 19; 1
7; 7H; >; 2; 22; 3; 24; 24; 1
7; 7H; >; 3; 20; 3; 32; 32; 1
7; 7H; >; 1; 23; 3; 39; 39; 2
7; 7H; >; 2; 22; 3; 44; 44; 2
7; 7H; >; 3; 20; 3; 52; 52; 2
7; 7H; >; 1; 23; 3; 59; 59; 3
7; 7H; >; 2; 22; 3; 4; 4; 3
7; 7H; >; 3; 20; 3; 12; 12; 3
7; 7R; <; 1; 20; 3; 39; 39; 1
7; 7R; <; 2; 22; 3; 47; 47; 1
7; 7R; <; 3; 23; 3; 52; 52; 1
7; 7R; <; 1; 20; 3; 59; 59; 2
7; 7R; <; 2; 22; 3; 7; 7; 2
7; 7R; <; 3; 23; 3; 12; 12; 2
7; 7R; <; 1; 20; 3; 19; 19; 3
7; 7R; <; 2; 22; 3; 27; 27; 3
7; 7R; <; 3; 23; 3; 32; 32; 3
8; 8H; >; 1; 13; 3; 1; 1; 1
8; 8H; >; 2; 24; 3; 6; 6; 1
8; 8H; >; 3; 21; 3; 11; 11; 1
8; 8H; >; 4; 20; 3; 17; 17; 1
8; 8H; >; 1; 13; 3; 21; 21; 2
8; 8H; >; 2; 24; 3; 26; 26; 2
8; 8H; >; 3; 21; 3; 31; 31; 2
8; 8H; >; 4; 20; 3; 37; 37; 2
8; 8H; >; 1; 13; 3; 41; 41; 3
8; 8H; >; 2; 24; 3; 46; 46; 3
8; 8H; >; 3; 21; 3; 51; 51; 3
8; 8H; >; 4; 20; 3; 57; 57; 3
8; 8R; <; 1; 20; 3; 22; 22; 1
8; 8R; <; 2; 21; 3; 28; 28; 1
8; 8R; <; 3; 24; 3; 33; 33; 1
8; 8R; <; 4; 13; 3; 38; 38; 1
8; 8R; <; 1; 20; 3; 42; 42; 2
8; 8R; <; 2; 21; 3; 48; 48; 2
8; 8R; <; 3; 24; 3; 53; 53; 2
8; 8R; <; 4; 13; 3; 58; 58; 2
8; 8R; <; 1; 20; 3; 2; 2; 3
8; 8R; <; 2; 21; 3; 8; 8; 3
8; 8R; <; 3; 24; 3; 13; 13; 3
8; 8R; <; 4; 13; 3; 18; 18; 3
9; 9H; >; 1; 1; 3; 19; 19; 1
9; 9H; >; 2; 3; 3; 23; 23; 1
9; 9H; >; 3; 12; 3; 30; 30; 1
9; 9H; >; 4; 13; 3; 46; 46; 1
9; 9H; >; 1; 1; 3; 39; 39; 2
9; 9H; >; 2; 3; 3; 43; 43; 2
9; 9H; >; 3; 12; 3; 50; 50; 2
9; 9H; >; 4; 13; 3; 6; 6; 2
9; 9H; >; 1; 1; 3; 59; 59; 3
9; 9H; >; 2; 3; 3; 3; 3; 3
9; 9H; >; 3; 12; 3; 10; 10; 3
9; 9H; >; 4; 13; 3; 26; 26; 3
9; 9R; <; 1; 13; 3; 43; 43; 1
9; 9R; <; 2; 12; 3; 59; 59; 1
9; 9R; <; 3; 3; 3; 6; 6; 1
9; 9R; <; 4; 1; 3; 10; 10; 1
9; 9R; <; 1; 13; 3; 3; 3; 2
9; 9R; <; 2; 12; 3; 19; 19; 2
9; 9R; <; 3; 3; 3; 26; 26; 2
9; 9R; <; 4; 1; 3; 30; 30; 2
9; 9R; <; 1; 13; 3; 23; 23; 3
9; 9R; <; 2; 12; 3; 39; 39; 3
9; 9R; <; 3; 3; 3; 46; 46; 3
9; 9R; <; 4; 1; 3; 50; 50; 3
10; 10H; >; 1; 4; 5; 9; 9; 1
10; 10H; >; 2; 11; 5; 16; 16; 1
10; 10H; >; 3; 14; 5; 24; 24; 1
10; 10H; >; 4; 23; 5; 28; 28; 1
10; 10H; >; 5; 24; 5; 33; 33; 1
10; 10H; >; 1; 4; 5; 21; 21; 2
10; 10H; >; 2; 11; 5; 28; 28; 2
10; 10H; >; 3; 14; 5; 36; 36; 2
10; 10H; >; 4; 23; 5; 40; 40; 2
10; 10H; >; 5; 24; 5; 45; 45; 2
10; 10H; >; 1; 4; 5; 33; 33; 3
10; 10H; >; 2; 11; 5; 40; 40; 3
10; 10H; >; 3; 14; 5; 48; 48; 3
10; 10H; >; 4; 23; 5; 52; 52; 3
10; 10H; >; 5; 24; 5; 57; 57; 3
10; 10H; >; 1; 4; 5; 45; 45; 4
10; 10H; >; 2; 11; 5; 52; 52; 4
10; 10H; >; 3; 14; 5; 0; 0; 4
10; 10H; >; 4; 23; 5; 4; 4; 4
10; 10H; >; 5; 24; 5; 9; 9; 4
10; 10H; >; 1; 4; 5; 57; 57; 5
10; 10H; >; 2; 11; 5; 4; 4; 5
10; 10H; >; 3; 14; 5; 12; 12; 5
10; 10H; >; 4; 23; 5; 16; 16; 5
10; 10H; >; 5; 24; 5; 21; 21; 5
10; 10R; <; 1; 24; 5; 28; 28; 1
10; 10R; <; 2; 23; 5; 33; 33; 1
10; 10R; <; 3; 14; 5; 37; 37; 1
10; 10R; <; 4; 11; 5; 45; 45; 1
10; 10R; <; 5; 4; 5; 52; 52; 1
10; 10R; <; 1; 24; 5; 40; 40; 2
10; 10R; <; 2; 23; 5; 45; 45; 2
10; 10R; <; 3; 14; 5; 49; 49; 2
10; 10R; <; 4; 11; 5; 57; 57; 2
10; 10R; <; 5; 4; 5; 4; 4; 2
10; 10R; <; 1; 24; 5; 52; 52; 3
10; 10R; <; 2; 23; 5; 57; 57; 3
10; 10R; <; 3; 14; 5; 1; 1; 3
10; 10R; <; 4; 11; 5; 9; 9; 3
10; 10R; <; 5; 4; 5; 16; 16; 3
10; 10R; <; 1; 24; 5; 4; 4; 4
10; 10R; <; 2; 23; 5; 9; 9; 4
10; 10R; <; 3; 14; 5; 13; 13; 4
10; 10R; <; 4; 11; 5; 21; 21; 4
10; 10R; <; 5; 4; 5; 28; 28; 4
10; 10R; <; 1; 24; 5; 16; 16; 5
10; 10R; <; 2; 23; 5; 21; 21; 5
10; 10R; <; 3; 14; 5; 25; 25; 5
10; 10R; <; 4; 11; 5; 33; 33; 5
10; 10R; <; 5; 4; 5; 40; 40; 5
11; 11H; >; 1; 5; 4; 39; 39; 1
11; 11H; >; 2; 9; 4; 43; 43; 1
11; 11H; >; 3; 10; 4; 47; 47; 1
11; 11H; >; 4; 15; 4; 55; 55; 1
11; 11H; >; 5; 22; 4; 59; 59; 1
11; 11H; >; 6; 21; 4; 4; 4; 1
11; 11H; >; 1; 5; 4; 54; 54; 2
11; 11H; >; 2; 9; 4; 58; 58; 2
11; 11H; >; 3; 10; 4; 2; 2; 2
11; 11H; >; 4; 15; 4; 10; 10; 2
11; 11H; >; 5; 22; 4; 14; 14; 2
11; 11H; >; 6; 21; 4; 19; 19; 2
11; 11H; >; 1; 5; 4; 9; 9; 3
11; 11H; >; 2; 9; 4; 13; 13; 3
11; 11H; >; 3; 10; 4; 17; 17; 3
11; 11H; >; 4; 15; 4; 25; 25; 3
11; 11H; >; 5; 22; 4; 29; 29; 3
11; 11H; >; 6; 21; 4; 34; 34; 3
11; 11H; >; 1; 5; 4; 24; 24; 4
11; 11H; >; 2; 9; 4; 28; 28; 4
11; 11H; >; 3; 10; 4; 32; 32; 4
11; 11H; >; 4; 15; 4; 40; 40; 4
11; 11H; >; 5; 22; 4; 44; 44; 4
11; 11H; >; 6; 21; 4; 49; 49; 4
11; 11R; <; 1; 21; 4; 16; 16; 1
11; 11R; <; 2; 22; 4; 21; 21; 1
11; 11R; <; 3; 15; 4; 25; 25; 1
11; 11R; <; 4; 10; 4; 33; 33; 1
11; 11R; <; 5; 9; 4; 37; 37; 1
11; 11R; <; 6; 5; 4; 41; 41; 1
11; 11R; <; 1; 21; 4; 31; 31; 2
11; 11R; <; 2; 22; 4; 36; 36; 2
11; 11R; <; 3; 15; 4; 40; 40; 2
11; 11R; <; 4; 10; 4; 48; 48; 2
11; 11R; <; 5; 9; 4; 52; 52; 2
11; 11R; <; 6; 5; 4; 56; 56; 2
11; 11R; <; 1; 21; 4; 46; 46; 3
11; 11R; <; 2; 22; 4; 51; 51; 3
11; 11R; <; 3; 15; 4; 55; 55; 3
11; 11R; <; 4; 10; 4; 3; 3; 3
11; 11R; <; 5; 9; 4; 7; 7; 3
11; 11R; <; 6; 5; 4; 11; 11; 3
11; 11R; <; 1; 21; 4; 1; 1; 4
11; 11R; <; 2; 22; 4; 6; 6; 4
11; 11R; <; 3; 15; 4; 10; 10; 4
11; 11R; <; 4; 10; 4; 18; 18; 4
11; 11R; <; 5; 9; 4; 22; 22; 4
11; 11R; <; 6; 5; 4; 26; 26; 4
12; 12H; >; 1; 2; 9; 7; 7; 1
12; 12H; >; 2; 6; 9; 11; 11; 1
12; 12H; >; 3; 8; 9; 15; 15; 1
12; 12H; >; 4; 16; 9; 19; 19; 1
12; 12H; >; 5; 17; 9; 23; 23; 1
12; 12H; >; 6; 19; 9; 27; 27; 1
12; 12H; >; 7; 20; 9; 35; 35; 1
12; 12H; >; 1; 2; 9; 13; 13; 2
12; 12H; >; 2; 6; 9; 17; 17; 2
12; 12H; >; 3; 8; 9; 21; 21; 2
12; 12H; >; 4; 16; 9; 25; 25; 2
12; 12H; >; 5; 17; 9; 29; 29; 2
12; 12H; >; 6; 19; 9; 33; 33; 2
12; 12H; >; 7; 20; 9; 41; 41; 2
12; 12H; >; 1; 2; 9; 20; 20; 3
12; 12H; >; 2; 6; 9; 24; 24; 3
12; 12H; >; 3; 8; 9; 28; 28; 3
12; 12H; >; 4; 16; 9; 32; 32; 3
12; 12H; >; 5; 17; 9; 36; 36; 3
12; 12H; >; 6; 19; 9; 40; 40; 3
12; 12H; >; 7; 20; 9; 48; 48; 3
12; 12H; >; 1; 2; 9; 26; 26; 4
12; 12H; >; 2; 6; 9; 30; 30; 4
12; 12H; >; 3; 8; 9; 34; 34; 4
12; 12H; >; 4; 16; 9; 38; 38; 4
12; 12H; >; 5; 17; 9; 42; 42; 4
12; 12H; >; 6; 19; 9; 46; 46; 4
12; 12H; >; 7; 20; 9; 54; 54; 4
12; 12H; >; 1; 2; 9; 33; 33; 5
12; 12H; >; 2; 6; 9; 37; 37; 5
12; 12H; >; 3; 8; 9; 41; 41; 5
12; 12H; >; 4; 16; 9; 45; 45; 5
12; 12H; >; 5; 17; 9; 49; 49; 5
12; 12H; >; 6; 19; 9; 53; 53; 5
12; 12H; >; 7; 20; 9; 1; 1; 5
12; 12H; >; 1; 2; 9; 40; 40; 6
12; 12H; >; 2; 6; 9; 44; 44; 6
12; 12H; >; 3; 8; 9; 48; 48; 6
12; 12H; >; 4; 16; 9; 52; 52; 6
12; 12H; >; 5; 17; 9; 56; 56; 6
12; 12H; >; 6; 19; 9; 0; 0; 6
12; 12H; >; 7; 20; 9; 8; 8; 6
12; 12H; >; 1; 2; 9; 46; 46; 7
12; 12H; >; 2; 6; 9; 50; 50; 7
12; 12H; >; 3; 8; 9; 54; 54; 7
12; 12H; >; 4; 16; 9; 58; 58; 7
12; 12H; >; 5; 17; 9; 2; 2; 7
12; 12H; >; 6; 19; 9; 6; 6; 7
12; 12H; >; 7; 20; 9; 14; 14; 7
12; 12H; >; 1; 2; 9; 53; 53; 8
12; 12H; >; 2; 6; 9; 57; 57; 8
12; 12H; >; 3; 8; 9; 1; 1; 8
12; 12H; >; 4; 16; 9; 5; 5; 8
12; 12H; >; 5; 17; 9; 9; 9; 8
12; 12H; >; 6; 19; 9; 13; 13; 8
12; 12H; >; 7; 20; 9; 21; 21; 8
12; 12H; >; 1; 2; 9; 0; 0; 9
12; 12H; >; 2; 6; 9; 4; 4; 9
12; 12H; >; 3; 8; 9; 8; 8; 9
12; 12H; >; 4; 16; 9; 12; 12; 9
12; 12H; >; 5; 17; 9; 16; 16; 9
12; 12H; >; 6; 19; 9; 20; 20; 9
12; 12H; >; 7; 20; 9; 28; 28; 9
12; 12R; <; 1; 20; 9; 14; 14; 1
12; 12R; <; 2; 19; 9; 22; 22; 1
12; 12R; <; 3; 17; 9; 26; 26; 1
12; 12R; <; 4; 16; 9; 30; 30; 1
12; 12R; <; 5; 8; 9; 34; 34; 1
12; 12R; <; 6; 6; 9; 38; 38; 1
12; 12R; <; 7; 2; 9; 42; 42; 1
12; 12R; <; 1; 20; 9; 20; 20; 2
12; 12R; <; 2; 19; 9; 28; 28; 2
12; 12R; <; 3; 17; 9; 32; 32; 2
12; 12R; <; 4; 16; 9; 36; 36; 2
12; 12R; <; 5; 8; 9; 40; 40; 2
12; 12R; <; 6; 6; 9; 44; 44; 2
12; 12R; <; 7; 2; 9; 48; 48; 2
12; 12R; <; 1; 20; 9; 27; 27; 3
12; 12R; <; 2; 19; 9; 35; 35; 3
12; 12R; <; 3; 17; 9; 39; 39; 3
12; 12R; <; 4; 16; 9; 43; 43; 3
12; 12R; <; 5; 8; 9; 47; 47; 3
12; 12R; <; 6; 6; 9; 51; 51; 3
12; 12R; <; 7; 2; 9; 55; 55; 3
12; 12R; <; 1; 20; 9; 33; 33; 4
12; 12R; <; 2; 19; 9; 41; 41; 4
12; 12R; <; 3; 17; 9; 45; 45; 4
12; 12R; <; 4; 16; 9; 49; 49; 4
12; 12R; <; 5; 8; 9; 53; 53; 4
12; 12R; <; 6; 6; 9; 57; 57; 4
12; 12R; <; 7; 2; 9; 1; 1; 4
12; 12R; <; 1; 20; 9; 40; 40; 5
12; 12R; <; 2; 19; 9; 48; 48; 5
12; 12R; <; 3; 17; 9; 52; 52; 5
12; 12R; <; 4; 16; 9; 56; 56; 5
12; 12R; <; 5; 8; 9; 0; 0; 5
12; 12R; <; 6; 6; 9; 4; 4; 5
12; 12R; <; 7; 2; 9; 8; 8; 5
12; 12R; <; 1; 20; 9; 47; 47; 6
12; 12R; <; 2; 19; 9; 55; 55; 6
12; 12R; <; 3; 17; 9; 59; 59; 6
12; 12R; <; 4; 16; 9; 3; 3; 6
12; 12R; <; 5; 8; 9; 7; 7; 6
12; 12R; <; 6; 6; 9; 11; 11; 6
12; 12R; <; 7; 2; 9; 15; 15; 6
12; 12R; <; 1; 20; 9; 53; 53; 7
12; 12R; <; 2; 19; 9; 1; 1; 7
12; 12R; <; 3; 17; 9; 5; 5; 7
12; 12R; <; 4; 16; 9; 9; 9; 7
12; 12R; <; 5; 8; 9; 13; 13; 7
12; 12R; <; 6; 6; 9; 17; 17; 7
12; 12R; <; 7; 2; 9; 21; 21; 7
12; 12R; <; 1; 20; 9; 0; 0; 8
12; 12R; <; 2; 19; 9; 8; 8; 8
12; 12R; <; 3; 17; 9; 12; 12; 8
12; 12R; <; 4; 16; 9; 16; 16; 8
12; 12R; <; 5; 8; 9; 20; 20; 8
12; 12R; <; 6; 6; 9; 24; 24; 8
12; 12R; <; 7; 2; 9; 28; 28; 8
12; 12R; <; 1; 20; 9; 7; 7; 9
12; 12R; <; 2; 19; 9; 15; 15; 9
12; 12R; <; 3; 17; 9; 19; 19; 9
12; 12R; <; 4; 16; 9; 23; 23; 9
12; 12R; <; 5; 8; 9; 27; 27; 9
12; 12R; <; 6; 6; 9; 31; 31; 9
12; 12R; <; 7; 2; 9; 35; 35; 9
13; 13H; >; 1; 7; 1; 57; 57; 1
13; 13H; >; 2; 18; 1; 1; 1; 1
13; 13H; >; 3; 20; 1; 18; 18; 1
13; 13R; <; 1; 20; 1; 40; 40; 1
13; 13R; <; 2; 18; 1; 57; 57; 1
13; 13R; <; 3; 7; 1; 1; 1; 1
