#from_station;to_station;perceived_travel_time;passengers
1;2;6;21
1;3;12;15
1;4;28;10
1;5;34;8
1;6;38;5
1;7;32;11
1;8;18;19
1;9;32;7
1;10;38;3
1;11;44;3
1;12;38;6
1;13;24;82
1;14;40;8
1;15;46;4
1;16;50;3
1;17;44;7
1;18;38;11
1;19;44;4
1;20;50;2
1;21;56;2
1;22;62;2
1;23;52;5
1;24;58;4
1;25;64;15
2;1;6;5
2;3;6;4
2;4;22;3
2;5;28;2
2;6;32;1
2;7;26;3
2;8;12;5
2;9;26;2
2;10;32;1
2;11;38;1
2;12;32;2
2;13;18;20
2;14;34;2
2;15;40;1
2;16;44;1
2;17;38;2
2;18;32;3
2;19;38;1
2;22;56;1
2;23;46;1
2;24;52;1
2;25;58;4
3;1;12;3
3;2;6;3
3;4;6;4
3;5;12;3
3;6;26;1
3;7;20;3
3;8;6;7
3;9;20;3
3;10;26;1
3;11;24;1
3;12;18;3
3;13;12;30
3;14;28;2
3;15;34;1
3;16;38;1
3;17;32;2
3;18;26;4
3;19;32;2
3;20;38;1
3;21;44;1
3;22;50;1
3;23;40;2
3;24;46;1
3;25;52;4
4;1;26;2
4;2;20;2
4;3;6;4
4;5;6;4
4;6;39;1
4;7;33;2
4;8;12;5
4;9;35;3
4;10;41;1
4;11;30;1
4;12;24;3
4;13;18;19
4;14;50;1
4;15;56;1
4;17;39;1
4;18;33;3
4;19;39;2
4;20;45;1
4;21;51;1
4;22;57;1
4;23;47;1
4;24;53;1
4;25;59;2
5;1;32;2
5;2;26;2
5;3;12;3
5;4;6;4
5;6;45;1
5;7;39;1
5;8;18;4
5;9;41;2
5;10;47;1
5;11;36;1
5;12;30;2
5;13;24;16
5;14;56;1
5;17;45;1
5;18;39;2
5;19;45;1
5;20;51;1
5;21;57;1
5;22;63;1
5;23;53;1
5;25;65;2
6;1;38;1
6;2;32;1
6;3;26;1
6;4;35;1
6;5;41;1
6;7;6;8
6;8;12;5
6;9;18;4
6;10;24;2
6;11;6;1
6;12;12;1
6;13;18;20
6;14;35;2
6;15;41;1
6;16;51;1
6;17;45;1
6;18;24;3
6;19;30;2
6;20;36;1
6;23;38;1
6;24;44;1
6;25;50;3
7;1;32;2
7;2;26;3
7;3;20;3
7;4;29;2
7;5;35;1
7;6;6;7
7;8;6;11
7;9;12;9
7;10;18;4
7;11;12;1
7;12;18;3
7;13;23;47
7;14;41;4
7;15;47;2
7;16;52;1
7;17;46;3
7;18;30;7
7;19;36;6
7;20;42;2
7;21;58;1
7;22;60;1
7;23;44;2
7;24;50;2
7;25;56;7
8;1;18;4
8;2;12;4
8;3;6;7
8;4;12;4
8;5;18;3
8;6;12;4
8;7;6;10
8;9;6;11
8;10;12;5
8;11;18;3
8;12;12;6
8;13;6;78
8;14;22;7
8;15;28;3
8;16;32;2
8;17;26;6
8;18;20;11
8;19;26;6
8;20;32;3
8;21;38;2
8;22;44;3
8;23;34;4
8;24;40;3
8;25;46;10
9;1;32;1
9;2;26;2
9;3;20;3
9;4;31;3
9;5;37;2
9;6;18;3
9;7;12;8
9;8;6;11
9;10;6;7
9;11;24;2
9;12;30;5
9;13;20;46
9;14;38;6
9;15;44;3
9;16;54;2
9;17;48;5
9;18;42;6
9;19;48;3
9;20;54;1
9;21;60;1
9;22;66;2
9;23;56;2
9;24;62;1
9;25;68;4
10;1;38;1
10;2;32;1
10;3;26;1
10;4;37;1
10;5;43;1
10;6;24;1
10;7;18;4
10;8;12;5
10;9;6;7
10;11;30;1
10;12;36;2
10;13;26;19
10;14;44;3
10;15;50;1
10;16;60;1
10;17;54;2
10;18;48;3
10;19;54;1
10;20;60;1
10;21;66;1
10;22;72;1
10;23;62;1
10;25;74;2
11;1;44;1
11;2;38;1
11;3;24;1
11;4;30;1
11;5;36;1
11;6;6;1
11;7;12;2
11;8;18;3
11;9;24;1
11;10;30;1
11;12;6;7
11;13;12;25
11;14;29;4
11;15;35;2
11;16;45;1
11;17;39;1
11;18;18;3
11;19;24;2
11;20;30;1
11;21;51;1
11;22;48;1
11;23;32;1
11;24;38;1
11;25;44;3
12;1;38;1
12;2;32;1
12;3;18;1
12;4;24;1
12;5;30;1
12;6;12;1
12;7;18;2
12;8;12;4
12;9;27;2
12;10;33;1
12;11;6;4
12;13;6;29
12;14;23;5
12;15;29;2
12;16;39;1
12;17;33;2
12;18;12;4
12;19;18;3
12;20;24;1
12;21;45;1
12;22;42;1
12;23;26;2
12;24;32;1
12;25;38;3
13;1;24;14
13;2;18;4
13;3;12;7
13;4;18;5
13;5;24;4
13;6;18;5
13;7;22;11
13;8;6;18
13;9;21;11
13;10;27;5
13;11;12;6
13;12;6;9
13;14;6;14
13;15;12;6
13;16;18;5
13;17;12;11
13;18;6;18
13;19;12;11
13;20;18;5
13;21;24;4
13;22;30;5
13;23;20;7
13;24;26;5
13;25;32;8
14;1;41;1
14;2;35;1
14;3;26;2
14;4;32;2
14;5;38;2
14;6;32;2
14;7;38;6
14;8;20;7
14;9;35;4
14;10;41;2
14;11;26;4
14;12;20;9
14;13;6;55
14;15;6;7
14;16;25;2
14;17;19;4
14;18;12;7
14;19;18;6
14;20;24;3
14;21;31;1
14;22;37;1
14;23;27;3
14;24;33;2
14;25;39;8
15;3;32;1
15;4;38;1
15;5;44;1
15;6;38;1
15;7;44;3
15;8;26;3
15;9;41;2
15;10;47;1
15;11;32;2
15;12;26;4
15;13;12;23
15;14;6;7
15;16;31;1
15;17;25;2
15;18;18;3
15;19;24;3
15;20;30;1
15;22;43;1
15;23;33;1
15;24;39;1
15;25;45;3
16;1;50;1
16;2;44;1
16;3;38;1
16;6;46;1
16;7;48;1
16;8;32;3
16;9;50;2
16;10;56;1
16;11;40;1
16;12;34;2
16;13;18;19
16;14;24;3
16;15;30;1
16;17;6;8
16;18;12;5
16;19;26;4
16;20;32;2
16;21;6;1
16;22;12;1
16;23;18;2
16;24;24;1
16;25;30;5
17;1;44;1
17;2;38;2
17;3;32;2
17;4;41;1
17;5;47;1
17;6;40;1
17;7;42;3
17;8;26;6
17;9;44;5
17;10;50;2
17;11;34;2
17;12;28;4
17;13;12;45
17;14;18;6
17;15;24;3
17;16;6;7
17;18;6;11
17;19;20;9
17;20;26;4
17;21;12;1
17;22;18;2
17;23;12;4
17;24;18;3
17;25;24;11
18;1;38;2
18;2;32;2
18;3;26;4
18;4;32;2
18;5;38;2
18;6;24;2
18;7;30;5
18;8;20;10
18;9;35;6
18;10;41;2
18;11;18;3
18;12;12;6
18;13;6;75
18;14;12;7
18;15;18;3
18;16;12;4
18;17;6;11
18;19;6;11
18;20;12;5
18;21;18;3
18;22;20;4
18;23;6;7
18;24;12;4
18;25;18;17
19;1;44;1
19;2;38;1
19;3;32;2
19;4;45;2
19;5;51;1
19;6;30;2
19;7;36;5
19;8;26;6
19;9;43;3
19;10;49;1
19;11;24;1
19;12;18;3
19;13;12;45
19;14;18;4
19;15;24;2
19;16;29;4
19;17;23;9
19;18;6;11
19;20;6;7
19;21;34;2
19;22;28;3
19;23;12;3
19;24;18;2
19;25;24;7
20;3;38;1
20;4;51;1
20;5;57;1
20;6;36;1
20;7;42;2
20;8;32;2
20;9;49;1
20;10;55;1
20;12;24;1
20;13;18;18
20;14;24;2
20;15;30;1
20;16;35;2
20;17;29;4
20;18;12;5
20;19;6;7
20;21;40;1
20;22;34;1
20;23;18;1
20;24;24;1
20;25;30;3
21;3;44;1
21;4;53;1
21;5;59;1
21;7;54;1
21;8;38;2
21;9;56;1
21;10;62;1
21;12;41;1
21;13;24;15
21;14;30;2
21;15;36;1
21;16;6;1
21;17;12;1
21;18;18;4
21;19;32;2
21;20;38;1
21;22;6;5
21;23;12;3
21;24;18;2
21;25;24;8
22;3;50;1
22;4;59;1
22;5;65;1
22;7;60;1
22;8;44;2
22;9;62;2
22;10;68;1
22;11;53;1
22;12;47;1
22;13;30;18
22;14;36;2
22;15;42;1
22;16;12;1
22;17;18;2
22;18;22;5
22;19;34;3
22;20;40;1
22;21;6;4
22;23;6;4
22;24;12;3
22;25;18;9
23;1;52;1
23;2;46;1
23;3;40;2
23;4;49;1
23;5;55;1
23;6;38;1
23;7;44;2
23;8;34;4
23;9;56;2
23;10;62;1
23;11;32;1
23;12;26;3
23;13;20;28
23;14;26;2
23;15;32;1
23;16;18;1
23;17;12;3
23;18;6;7
23;19;12;3
23;20;18;1
23;21;12;3
23;22;6;4
23;24;6;4
23;25;12;13
24;1;58;1
24;2;52;1
24;3;46;1
24;6;44;1
24;7;50;2
24;8;40;2
24;9;62;1
24;11;38;1
24;12;32;2
24;13;26;17
24;14;32;1
24;16;24;1
24;17;18;3
24;18;12;4
24;19;18;2
24;20;24;1
24;21;18;2
24;22;12;2
24;23;6;4
24;25;6;19
25;1;64;1
25;2;58;1
25;3;52;1
25;7;56;1
25;8;46;2
25;9;68;1
25;11;44;1
25;12;38;2
25;13;32;13
25;14;38;1
25;16;30;1
25;17;24;2
25;18;18;3
25;19;24;1
25;20;30;1
25;21;24;1
25;22;18;2
25;23;12;3
25;24;6;4
