# line-id; line-code; direction; stop-order; stop-id; frequency; arrival_time; departure_time; line-repetition
1; 1H; >; 1; 22; 2; 0; 0; 1
1; 1H; >; 2; 23; 2; 5; 5; 1
1; 1H; >; 3; 24; 2; 10; 10; 1
1; 1H; >; 4; 13; 2; 15; 15; 1
1; 1H; >; 5; 12; 2; 31; 31; 1
1; 1H; >; 6; 3; 2; 38; 38; 1
1; 1H; >; 7; 1; 2; 42; 42; 1
1; 1H; >; 1; 22; 2; 30; 30; 2
1; 1H; >; 2; 23; 2; 35; 35; 2
1; 1H; >; 3; 24; 2; 40; 40; 2
1; 1H; >; 4; 13; 2; 45; 45; 2
1; 1H; >; 5; 12; 2; 1; 1; 2
1; 1H; >; 6; 3; 2; 8; 8; 2
1; 1H; >; 7; 1; 2; 12; 12; 2
1; 1R; <; 1; 1; 2; 0; 0; 1
1; 1R; <; 2; 3; 2; 4; 4; 1
1; 1R; <; 3; 12; 2; 11; 11; 1
1; 1R; <; 4; 13; 2; 27; 27; 1
1; 1R; <; 5; 24; 2; 32; 32; 1
1; 1R; <; 6; 23; 2; 37; 37; 1
1; 1R; <; 7; 22; 2; 42; 42; 1
1; 1R; <; 1; 1; 2; 30; 30; 2
1; 1R; <; 2; 3; 2; 34; 34; 2
1; 1R; <; 3; 12; 2; 41; 41; 2
1; 1R; <; 4; 13; 2; 57; 57; 2
1; 1R; <; 5; 24; 2; 2; 2; 2
1; 1R; <; 6; 23; 2; 7; 7; 2
1; 1R; <; 7; 22; 2; 12; 12; 2
2; 2H; >; 1; 20; 2; 0; 0; 1
2; 2H; >; 2; 21; 2; 6; 6; 1
2; 2H; >; 3; 24; 2; 11; 11; 1
2; 2H; >; 4; 13; 2; 16; 16; 1
2; 2H; >; 5; 12; 2; 32; 32; 1
2; 2H; >; 6; 3; 2; 39; 39; 1
2; 2H; >; 7; 1; 2; 43; 43; 1
2; 2H; >; 1; 20; 2; 30; 30; 2
2; 2H; >; 2; 21; 2; 36; 36; 2
2; 2H; >; 3; 24; 2; 41; 41; 2
2; 2H; >; 4; 13; 2; 46; 46; 2
2; 2H; >; 5; 12; 2; 2; 2; 2
2; 2H; >; 6; 3; 2; 9; 9; 2
2; 2H; >; 7; 1; 2; 13; 13; 2
2; 2R; <; 1; 1; 2; 0; 0; 1
2; 2R; <; 2; 3; 2; 4; 4; 1
2; 2R; <; 3; 12; 2; 11; 11; 1
2; 2R; <; 4; 13; 2; 27; 27; 1
2; 2R; <; 5; 24; 2; 32; 32; 1
2; 2R; <; 6; 21; 2; 37; 37; 1
2; 2R; <; 7; 20; 2; 43; 43; 1
2; 2R; <; 1; 1; 2; 30; 30; 2
2; 2R; <; 2; 3; 2; 34; 34; 2
2; 2R; <; 3; 12; 2; 41; 41; 2
2; 2R; <; 4; 13; 2; 57; 57; 2
2; 2R; <; 5; 24; 2; 2; 2; 2
2; 2R; <; 6; 21; 2; 7; 7; 2
2; 2R; <; 7; 20; 2; 13; 13; 2
3; 3H; >; 1; 6; 13; 0; 0; 1
3; 3H; >; 2; 8; 13; 4; 4; 1
3; 3H; >; 3; 7; 13; 10; 10; 1
3; 3H; >; 4; 18; 13; 14; 14; 1
3; 3H; >; 5; 20; 13; 31; 31; 1
3; 3H; >; 6; 21; 13; 37; 37; 1
3; 3H; >; 7; 24; 13; 42; 42; 1
3; 3H; >; 1; 6; 13; 4; 4; 2
3; 3H; >; 2; 8; 13; 8; 8; 2
3; 3H; >; 3; 7; 13; 14; 14; 2
3; 3H; >; 4; 18; 13; 18; 18; 2
3; 3H; >; 5; 20; 13; 35; 35; 2
3; 3H; >; 6; 21; 13; 41; 41; 2
3; 3H; >; 7; 24; 13; 46; 46; 2
3; 3H; >; 1; 6; 13; 9; 9; 3
3; 3H; >; 2; 8; 13; 13; 13; 3
3; 3H; >; 3; 7; 13; 19; 19; 3
3; 3H; >; 4; 18; 13; 23; 23; 3
3; 3H; >; 5; 20; 13; 40; 40; 3
3; 3H; >; 6; 21; 13; 46; 46; 3
3; 3H; >; 7; 24; 13; 51; 51; 3
3; 3H; >; 1; 6; 13; 13; 13; 4
3; 3H; >; 2; 8; 13; 17; 17; 4
3; 3H; >; 3; 7; 13; 23; 23; 4
3; 3H; >; 4; 18; 13; 27; 27; 4
3; 3H; >; 5; 20; 13; 44; 44; 4
3; 3H; >; 6; 21; 13; 50; 50; 4
3; 3H; >; 7; 24; 13; 55; 55; 4
3; 3H; >; 1; 6; 13; 18; 18; 5
3; 3H; >; 2; 8; 13; 22; 22; 5
3; 3H; >; 3; 7; 13; 28; 28; 5
3; 3H; >; 4; 18; 13; 32; 32; 5
3; 3H; >; 5; 20; 13; 49; 49; 5
3; 3H; >; 6; 21; 13; 55; 55; 5
3; 3H; >; 7; 24; 13; 0; 0; 5
3; 3H; >; 1; 6; 13; 23; 23; 6
3; 3H; >; 2; 8; 13; 27; 27; 6
3; 3H; >; 3; 7; 13; 33; 33; 6
3; 3H; >; 4; 18; 13; 37; 37; 6
3; 3H; >; 5; 20; 13; 54; 54; 6
3; 3H; >; 6; 21; 13; 0; 0; 6
3; 3H; >; 7; 24; 13; 5; 5; 6
3; 3H; >; 1; 6; 13; 27; 27; 7
3; 3H; >; 2; 8; 13; 31; 31; 7
3; 3H; >; 3; 7; 13; 37; 37; 7
3; 3H; >; 4; 18; 13; 41; 41; 7
3; 3H; >; 5; 20; 13; 58; 58; 7
3; 3H; >; 6; 21; 13; 4; 4; 7
3; 3H; >; 7; 24; 13; 9; 9; 7
3; 3H; >; 1; 6; 13; 32; 32; 8
3; 3H; >; 2; 8; 13; 36; 36; 8
3; 3H; >; 3; 7; 13; 42; 42; 8
3; 3H; >; 4; 18; 13; 46; 46; 8
3; 3H; >; 5; 20; 13; 3; 3; 8
3; 3H; >; 6; 21; 13; 9; 9; 8
3; 3H; >; 7; 24; 13; 14; 14; 8
3; 3H; >; 1; 6; 13; 36; 36; 9
3; 3H; >; 2; 8; 13; 40; 40; 9
3; 3H; >; 3; 7; 13; 46; 46; 9
3; 3H; >; 4; 18; 13; 50; 50; 9
3; 3H; >; 5; 20; 13; 7; 7; 9
3; 3H; >; 6; 21; 13; 13; 13; 9
3; 3H; >; 7; 24; 13; 18; 18; 9
3; 3H; >; 1; 6; 13; 41; 41; 10
3; 3H; >; 2; 8; 13; 45; 45; 10
3; 3H; >; 3; 7; 13; 51; 51; 10
3; 3H; >; 4; 18; 13; 55; 55; 10
3; 3H; >; 5; 20; 13; 12; 12; 10
3; 3H; >; 6; 21; 13; 18; 18; 10
3; 3H; >; 7; 24; 13; 23; 23; 10
3; 3H; >; 1; 6; 13; 46; 46; 11
3; 3H; >; 2; 8; 13; 50; 50; 11
3; 3H; >; 3; 7; 13; 56; 56; 11
3; 3H; >; 4; 18; 13; 0; 0; 11
3; 3H; >; 5; 20; 13; 17; 17; 11
3; 3H; >; 6; 21; 13; 23; 23; 11
3; 3H; >; 7; 24; 13; 28; 28; 11
3; 3H; >; 1; 6; 13; 50; 50; 12
3; 3H; >; 2; 8; 13; 54; 54; 12
3; 3H; >; 3; 7; 13; 0; 0; 12
3; 3H; >; 4; 18; 13; 4; 4; 12
3; 3H; >; 5; 20; 13; 21; 21; 12
3; 3H; >; 6; 21; 13; 27; 27; 12
3; 3H; >; 7; 24; 13; 32; 32; 12
3; 3H; >; 1; 6; 13; 55; 55; 13
3; 3H; >; 2; 8; 13; 59; 59; 13
3; 3H; >; 3; 7; 13; 5; 5; 13
3; 3H; >; 4; 18; 13; 9; 9; 13
3; 3H; >; 5; 20; 13; 26; 26; 13
3; 3H; >; 6; 21; 13; 32; 32; 13
3; 3H; >; 7; 24; 13; 37; 37; 13
3; 3R; <; 1; 24; 13; 0; 0; 1
3; 3R; <; 2; 21; 13; 5; 5; 1
3; 3R; <; 3; 20; 13; 11; 11; 1
3; 3R; <; 4; 18; 13; 28; 28; 1
3; 3R; <; 5; 7; 13; 32; 32; 1
3; 3R; <; 6; 8; 13; 38; 38; 1
3; 3R; <; 7; 6; 13; 42; 42; 1
3; 3R; <; 1; 24; 13; 4; 4; 2
3; 3R; <; 2; 21; 13; 9; 9; 2
3; 3R; <; 3; 20; 13; 15; 15; 2
3; 3R; <; 4; 18; 13; 32; 32; 2
3; 3R; <; 5; 7; 13; 36; 36; 2
3; 3R; <; 6; 8; 13; 42; 42; 2
3; 3R; <; 7; 6; 13; 46; 46; 2
3; 3R; <; 1; 24; 13; 9; 9; 3
3; 3R; <; 2; 21; 13; 14; 14; 3
3; 3R; <; 3; 20; 13; 20; 20; 3
3; 3R; <; 4; 18; 13; 37; 37; 3
3; 3R; <; 5; 7; 13; 41; 41; 3
3; 3R; <; 6; 8; 13; 47; 47; 3
3; 3R; <; 7; 6; 13; 51; 51; 3
3; 3R; <; 1; 24; 13; 13; 13; 4
3; 3R; <; 2; 21; 13; 18; 18; 4
3; 3R; <; 3; 20; 13; 24; 24; 4
3; 3R; <; 4; 18; 13; 41; 41; 4
3; 3R; <; 5; 7; 13; 45; 45; 4
3; 3R; <; 6; 8; 13; 51; 51; 4
3; 3R; <; 7; 6; 13; 55; 55; 4
3; 3R; <; 1; 24; 13; 18; 18; 5
3; 3R; <; 2; 21; 13; 23; 23; 5
3; 3R; <; 3; 20; 13; 29; 29; 5
3; 3R; <; 4; 18; 13; 46; 46; 5
3; 3R; <; 5; 7; 13; 50; 50; 5
3; 3R; <; 6; 8; 13; 56; 56; 5
3; 3R; <; 7; 6; 13; 0; 0; 5
3; 3R; <; 1; 24; 13; 23; 23; 6
3; 3R; <; 2; 21; 13; 28; 28; 6
3; 3R; <; 3; 20; 13; 34; 34; 6
3; 3R; <; 4; 18; 13; 51; 51; 6
3; 3R; <; 5; 7; 13; 55; 55; 6
3; 3R; <; 6; 8; 13; 1; 1; 6
3; 3R; <; 7; 6; 13; 5; 5; 6
3; 3R; <; 1; 24; 13; 27; 27; 7
3; 3R; <; 2; 21; 13; 32; 32; 7
3; 3R; <; 3; 20; 13; 38; 38; 7
3; 3R; <; 4; 18; 13; 55; 55; 7
3; 3R; <; 5; 7; 13; 59; 59; 7
3; 3R; <; 6; 8; 13; 5; 5; 7
3; 3R; <; 7; 6; 13; 9; 9; 7
3; 3R; <; 1; 24; 13; 32; 32; 8
3; 3R; <; 2; 21; 13; 37; 37; 8
3; 3R; <; 3; 20; 13; 43; 43; 8
3; 3R; <; 4; 18; 13; 0; 0; 8
3; 3R; <; 5; 7; 13; 4; 4; 8
3; 3R; <; 6; 8; 13; 10; 10; 8
3; 3R; <; 7; 6; 13; 14; 14; 8
3; 3R; <; 1; 24; 13; 36; 36; 9
3; 3R; <; 2; 21; 13; 41; 41; 9
3; 3R; <; 3; 20; 13; 47; 47; 9
3; 3R; <; 4; 18; 13; 4; 4; 9
3; 3R; <; 5; 7; 13; 8; 8; 9
3; 3R; <; 6; 8; 13; 14; 14; 9
3; 3R; <; 7; 6; 13; 18; 18; 9
3; 3R; <; 1; 24; 13; 41; 41; 10
3; 3R; <; 2; 21; 13; 46; 46; 10
3; 3R; <; 3; 20; 13; 52; 52; 10
3; 3R; <; 4; 18; 13; 9; 9; 10
3; 3R; <; 5; 7; 13; 13; 13; 10
3; 3R; <; 6; 8; 13; 19; 19; 10
3; 3R; <; 7; 6; 13; 23; 23; 10
3; 3R; <; 1; 24; 13; 46; 46; 11
3; 3R; <; 2; 21; 13; 51; 51; 11
3; 3R; <; 3; 20; 13; 57; 57; 11
3; 3R; <; 4; 18; 13; 14; 14; 11
3; 3R; <; 5; 7; 13; 18; 18; 11
3; 3R; <; 6; 8; 13; 24; 24; 11
3; 3R; <; 7; 6; 13; 28; 28; 11
3; 3R; <; 1; 24; 13; 50; 50; 12
3; 3R; <; 2; 21; 13; 55; 55; 12
3; 3R; <; 3; 20; 13; 1; 1; 12
3; 3R; <; 4; 18; 13; 18; 18; 12
3; 3R; <; 5; 7; 13; 22; 22; 12
3; 3R; <; 6; 8; 13; 28; 28; 12
3; 3R; <; 7; 6; 13; 32; 32; 12
3; 3R; <; 1; 24; 13; 55; 55; 13
3; 3R; <; 2; 21; 13; 0; 0; 13
3; 3R; <; 3; 20; 13; 6; 6; 13
3; 3R; <; 4; 18; 13; 23; 23; 13
3; 3R; <; 5; 7; 13; 27; 27; 13
3; 3R; <; 6; 8; 13; 33; 33; 13
3; 3R; <; 7; 6; 13; 37; 37; 13
6; 6H; >; 1; 1; 2; 0; 0; 1
6; 6H; >; 2; 3; 2; 4; 4; 1
6; 6H; >; 3; 12; 2; 11; 11; 1
6; 6H; >; 4; 11; 2; 16; 16; 1
6; 6H; >; 5; 14; 2; 24; 24; 1
6; 6H; >; 6; 23; 2; 28; 28; 1
6; 6H; >; 7; 22; 2; 33; 33; 1
6; 6H; >; 1; 1; 2; 30; 30; 2
6; 6H; >; 2; 3; 2; 34; 34; 2
6; 6H; >; 3; 12; 2; 41; 41; 2
6; 6H; >; 4; 11; 2; 46; 46; 2
6; 6H; >; 5; 14; 2; 54; 54; 2
6; 6H; >; 6; 23; 2; 58; 58; 2
6; 6H; >; 7; 22; 2; 3; 3; 2
6; 6R; <; 1; 22; 2; 0; 0; 1
6; 6R; <; 2; 23; 2; 5; 5; 1
6; 6R; <; 3; 14; 2; 9; 9; 1
6; 6R; <; 4; 11; 2; 17; 17; 1
6; 6R; <; 5; 12; 2; 22; 22; 1
6; 6R; <; 6; 3; 2; 29; 29; 1
6; 6R; <; 7; 1; 2; 33; 33; 1
6; 6R; <; 1; 22; 2; 30; 30; 2
6; 6R; <; 2; 23; 2; 35; 35; 2
6; 6R; <; 3; 14; 2; 39; 39; 2
6; 6R; <; 4; 11; 2; 47; 47; 2
6; 6R; <; 5; 12; 2; 52; 52; 2
6; 6R; <; 6; 3; 2; 59; 59; 2
6; 6R; <; 7; 1; 2; 3; 3; 2
7; 7H; >; 1; 1; 2; 0; 0; 1
7; 7H; >; 2; 3; 2; 4; 4; 1
7; 7H; >; 3; 12; 2; 11; 11; 1
7; 7H; >; 4; 11; 2; 16; 16; 1
7; 7H; >; 5; 10; 2; 21; 21; 1
7; 7H; >; 6; 17; 2; 28; 28; 1
7; 7H; >; 7; 19; 2; 32; 32; 1
7; 7H; >; 1; 1; 2; 30; 30; 2
7; 7H; >; 2; 3; 2; 34; 34; 2
7; 7H; >; 3; 12; 2; 41; 41; 2
7; 7H; >; 4; 11; 2; 46; 46; 2
7; 7H; >; 5; 10; 2; 51; 51; 2
7; 7H; >; 6; 17; 2; 58; 58; 2
7; 7H; >; 7; 19; 2; 2; 2; 2
7; 7R; <; 1; 19; 2; 0; 0; 1
7; 7R; <; 2; 17; 2; 4; 4; 1
7; 7R; <; 3; 10; 2; 11; 11; 1
7; 7R; <; 4; 11; 2; 16; 16; 1
7; 7R; <; 5; 12; 2; 21; 21; 1
7; 7R; <; 6; 3; 2; 28; 28; 1
7; 7R; <; 7; 1; 2; 32; 32; 1
7; 7R; <; 1; 19; 2; 30; 30; 2
7; 7R; <; 2; 17; 2; 34; 34; 2
7; 7R; <; 3; 10; 2; 41; 41; 2
7; 7R; <; 4; 11; 2; 46; 46; 2
7; 7R; <; 5; 12; 2; 51; 51; 2
7; 7R; <; 6; 3; 2; 58; 58; 2
7; 7R; <; 7; 1; 2; 2; 2; 2
8; 8H; >; 1; 1; 2; 0; 0; 1
8; 8H; >; 2; 2; 2; 16; 16; 1
8; 8H; >; 3; 6; 2; 20; 20; 1
8; 8H; >; 4; 8; 2; 24; 24; 1
8; 8H; >; 5; 7; 2; 30; 30; 1
8; 8H; >; 6; 18; 2; 34; 34; 1
8; 8H; >; 7; 20; 2; 51; 51; 1
8; 8H; >; 1; 1; 2; 30; 30; 2
8; 8H; >; 2; 2; 2; 46; 46; 2
8; 8H; >; 3; 6; 2; 50; 50; 2
8; 8H; >; 4; 8; 2; 54; 54; 2
8; 8H; >; 5; 7; 2; 0; 0; 2
8; 8H; >; 6; 18; 2; 4; 4; 2
8; 8H; >; 7; 20; 2; 21; 21; 2
8; 8R; <; 1; 20; 2; 0; 0; 1
8; 8R; <; 2; 18; 2; 17; 17; 1
8; 8R; <; 3; 7; 2; 21; 21; 1
8; 8R; <; 4; 8; 2; 27; 27; 1
8; 8R; <; 5; 6; 2; 31; 31; 1
8; 8R; <; 6; 2; 2; 35; 35; 1
8; 8R; <; 7; 1; 2; 51; 51; 1
8; 8R; <; 1; 20; 2; 30; 30; 2
8; 8R; <; 2; 18; 2; 47; 47; 2
8; 8R; <; 3; 7; 2; 51; 51; 2
8; 8R; <; 4; 8; 2; 57; 57; 2
8; 8R; <; 5; 6; 2; 1; 1; 2
8; 8R; <; 6; 2; 2; 5; 5; 2
8; 8R; <; 7; 1; 2; 21; 21; 2
10; 10H; >; 1; 14; 2; 0; 0; 1
10; 10H; >; 2; 15; 2; 5; 5; 1
10; 10H; >; 3; 10; 2; 13; 13; 1
10; 10H; >; 4; 16; 2; 19; 19; 1
10; 10H; >; 5; 8; 2; 23; 23; 1
10; 10H; >; 6; 7; 2; 29; 29; 1
10; 10H; >; 1; 14; 2; 30; 30; 2
10; 10H; >; 2; 15; 2; 35; 35; 2
10; 10H; >; 3; 10; 2; 43; 43; 2
10; 10H; >; 4; 16; 2; 49; 49; 2
10; 10H; >; 5; 8; 2; 53; 53; 2
10; 10H; >; 6; 7; 2; 59; 59; 2
10; 10R; <; 1; 7; 2; 0; 0; 1
10; 10R; <; 2; 8; 2; 6; 6; 1
10; 10R; <; 3; 16; 2; 10; 10; 1
10; 10R; <; 4; 10; 2; 16; 16; 1
10; 10R; <; 5; 15; 2; 24; 24; 1
10; 10R; <; 6; 14; 2; 29; 29; 1
10; 10R; <; 1; 7; 2; 30; 30; 2
10; 10R; <; 2; 8; 2; 36; 36; 2
10; 10R; <; 3; 16; 2; 40; 40; 2
10; 10R; <; 4; 10; 2; 46; 46; 2
10; 10R; <; 5; 15; 2; 54; 54; 2
10; 10R; <; 6; 14; 2; 59; 59; 2
11; 11H; >; 1; 9; 2; 0; 0; 1
11; 11H; >; 2; 10; 2; 4; 4; 1
11; 11H; >; 3; 15; 2; 12; 12; 1
11; 11H; >; 4; 22; 2; 16; 16; 1
11; 11H; >; 5; 21; 2; 21; 21; 1
11; 11H; >; 6; 24; 2; 26; 26; 1
11; 11H; >; 1; 9; 2; 30; 30; 2
11; 11H; >; 2; 10; 2; 34; 34; 2
11; 11H; >; 3; 15; 2; 42; 42; 2
11; 11H; >; 4; 22; 2; 46; 46; 2
11; 11H; >; 5; 21; 2; 51; 51; 2
11; 11H; >; 6; 24; 2; 56; 56; 2
11; 11R; <; 1; 24; 2; 0; 0; 1
11; 11R; <; 2; 21; 2; 5; 5; 1
11; 11R; <; 3; 22; 2; 10; 10; 1
11; 11R; <; 4; 15; 2; 14; 14; 1
11; 11R; <; 5; 10; 2; 22; 22; 1
11; 11R; <; 6; 9; 2; 26; 26; 1
11; 11R; <; 1; 24; 2; 30; 30; 2
11; 11R; <; 2; 21; 2; 35; 35; 2
11; 11R; <; 3; 22; 2; 40; 40; 2
11; 11R; <; 4; 15; 2; 44; 44; 2
11; 11R; <; 5; 10; 2; 52; 52; 2
11; 11R; <; 6; 9; 2; 56; 56; 2
12; 12H; >; 1; 8; 2; 0; 0; 1
12; 12H; >; 2; 16; 2; 4; 4; 1
12; 12H; >; 3; 18; 2; 10; 10; 1
12; 12H; >; 4; 20; 2; 27; 27; 1
12; 12H; >; 5; 21; 2; 33; 33; 1
12; 12H; >; 6; 24; 2; 38; 38; 1
12; 12H; >; 1; 8; 2; 30; 30; 2
12; 12H; >; 2; 16; 2; 34; 34; 2
12; 12H; >; 3; 18; 2; 40; 40; 2
12; 12H; >; 4; 20; 2; 57; 57; 2
12; 12H; >; 5; 21; 2; 3; 3; 2
12; 12H; >; 6; 24; 2; 8; 8; 2
12; 12R; <; 1; 24; 2; 0; 0; 1
12; 12R; <; 2; 21; 2; 5; 5; 1
12; 12R; <; 3; 20; 2; 11; 11; 1
12; 12R; <; 4; 18; 2; 28; 28; 1
12; 12R; <; 5; 16; 2; 34; 34; 1
12; 12R; <; 6; 8; 2; 38; 38; 1
12; 12R; <; 1; 24; 2; 30; 30; 2
12; 12R; <; 2; 21; 2; 35; 35; 2
12; 12R; <; 3; 20; 2; 41; 41; 2
12; 12R; <; 4; 18; 2; 58; 58; 2
12; 12R; <; 5; 16; 2; 4; 4; 2
12; 12R; <; 6; 8; 2; 8; 8; 2
14; 14H; >; 1; 8; 2; 0; 0; 1
14; 14H; >; 2; 16; 2; 4; 4; 1
14; 14H; >; 3; 10; 2; 10; 10; 1
14; 14H; >; 4; 11; 2; 15; 15; 1
14; 14H; >; 5; 12; 2; 20; 20; 1
14; 14H; >; 6; 13; 2; 36; 36; 1
14; 14H; >; 1; 8; 2; 30; 30; 2
14; 14H; >; 2; 16; 2; 34; 34; 2
14; 14H; >; 3; 10; 2; 40; 40; 2
14; 14H; >; 4; 11; 2; 45; 45; 2
14; 14H; >; 5; 12; 2; 50; 50; 2
14; 14H; >; 6; 13; 2; 6; 6; 2
14; 14R; <; 1; 13; 2; 0; 0; 1
14; 14R; <; 2; 12; 2; 16; 16; 1
14; 14R; <; 3; 11; 2; 21; 21; 1
14; 14R; <; 4; 10; 2; 26; 26; 1
14; 14R; <; 5; 16; 2; 32; 32; 1
14; 14R; <; 6; 8; 2; 36; 36; 1
14; 14R; <; 1; 13; 2; 30; 30; 2
14; 14R; <; 2; 12; 2; 46; 46; 2
14; 14R; <; 3; 11; 2; 51; 51; 2
14; 14R; <; 4; 10; 2; 56; 56; 2
14; 14R; <; 5; 16; 2; 2; 2; 2
14; 14R; <; 6; 8; 2; 6; 6; 2
15; 15H; >; 1; 7; 2; 0; 0; 1
15; 15H; >; 2; 18; 2; 4; 4; 1
15; 15H; >; 3; 20; 2; 21; 21; 1
15; 15H; >; 4; 22; 2; 29; 29; 1
15; 15H; >; 5; 23; 2; 34; 34; 1
15; 15H; >; 6; 14; 2; 38; 38; 1
15; 15H; >; 1; 7; 2; 30; 30; 2
15; 15H; >; 2; 18; 2; 34; 34; 2
15; 15H; >; 3; 20; 2; 51; 51; 2
15; 15H; >; 4; 22; 2; 59; 59; 2
15; 15H; >; 5; 23; 2; 4; 4; 2
15; 15H; >; 6; 14; 2; 8; 8; 2
15; 15R; <; 1; 14; 2; 0; 0; 1
15; 15R; <; 2; 23; 2; 4; 4; 1
15; 15R; <; 3; 22; 2; 9; 9; 1
15; 15R; <; 4; 20; 2; 17; 17; 1
15; 15R; <; 5; 18; 2; 34; 34; 1
15; 15R; <; 6; 7; 2; 38; 38; 1
15; 15R; <; 1; 14; 2; 30; 30; 2
15; 15R; <; 2; 23; 2; 34; 34; 2
15; 15R; <; 3; 22; 2; 39; 39; 2
15; 15R; <; 4; 20; 2; 47; 47; 2
15; 15R; <; 5; 18; 2; 4; 4; 2
15; 15R; <; 6; 7; 2; 8; 8; 2
16; 16H; >; 1; 7; 2; 0; 0; 1
16; 16H; >; 2; 18; 2; 4; 4; 1
16; 16H; >; 3; 20; 2; 21; 21; 1
16; 16H; >; 4; 21; 2; 27; 27; 1
16; 16H; >; 5; 24; 2; 32; 32; 1
16; 16H; >; 6; 13; 2; 37; 37; 1
16; 16H; >; 1; 7; 2; 30; 30; 2
16; 16H; >; 2; 18; 2; 34; 34; 2
16; 16H; >; 3; 20; 2; 51; 51; 2
16; 16H; >; 4; 21; 2; 57; 57; 2
16; 16H; >; 5; 24; 2; 2; 2; 2
16; 16H; >; 6; 13; 2; 7; 7; 2
16; 16R; <; 1; 13; 2; 0; 0; 1
16; 16R; <; 2; 24; 2; 5; 5; 1
16; 16R; <; 3; 21; 2; 10; 10; 1
16; 16R; <; 4; 20; 2; 16; 16; 1
16; 16R; <; 5; 18; 2; 33; 33; 1
16; 16R; <; 6; 7; 2; 37; 37; 1
16; 16R; <; 1; 13; 2; 30; 30; 2
16; 16R; <; 2; 24; 2; 35; 35; 2
16; 16R; <; 3; 21; 2; 40; 40; 2
16; 16R; <; 4; 20; 2; 46; 46; 2
16; 16R; <; 5; 18; 2; 3; 3; 2
16; 16R; <; 6; 7; 2; 7; 7; 2
17; 17H; >; 1; 7; 2; 0; 0; 1
17; 17H; >; 2; 8; 2; 6; 6; 1
17; 17H; >; 3; 9; 2; 12; 12; 1
17; 17H; >; 4; 10; 2; 16; 16; 1
17; 17H; >; 5; 11; 2; 21; 21; 1
17; 17H; >; 6; 12; 2; 26; 26; 1
17; 17H; >; 1; 7; 2; 30; 30; 2
17; 17H; >; 2; 8; 2; 36; 36; 2
17; 17H; >; 3; 9; 2; 42; 42; 2
17; 17H; >; 4; 10; 2; 46; 46; 2
17; 17H; >; 5; 11; 2; 51; 51; 2
17; 17H; >; 6; 12; 2; 56; 56; 2
17; 17R; <; 1; 12; 2; 0; 0; 1
17; 17R; <; 2; 11; 2; 5; 5; 1
17; 17R; <; 3; 10; 2; 10; 10; 1
17; 17R; <; 4; 9; 2; 14; 14; 1
17; 17R; <; 5; 8; 2; 20; 20; 1
17; 17R; <; 6; 7; 2; 26; 26; 1
17; 17R; <; 1; 12; 2; 30; 30; 2
17; 17R; <; 2; 11; 2; 35; 35; 2
17; 17R; <; 3; 10; 2; 40; 40; 2
17; 17R; <; 4; 9; 2; 44; 44; 2
17; 17R; <; 5; 8; 2; 50; 50; 2
17; 17R; <; 6; 7; 2; 56; 56; 2
21; 21H; >; 1; 4; 2; 0; 0; 1
21; 21H; >; 2; 11; 2; 7; 7; 1
21; 21H; >; 3; 10; 2; 12; 12; 1
21; 21H; >; 4; 15; 2; 20; 20; 1
21; 21H; >; 5; 22; 2; 24; 24; 1
21; 21H; >; 6; 21; 2; 29; 29; 1
21; 21H; >; 1; 4; 2; 30; 30; 2
21; 21H; >; 2; 11; 2; 37; 37; 2
21; 21H; >; 3; 10; 2; 42; 42; 2
21; 21H; >; 4; 15; 2; 50; 50; 2
21; 21H; >; 5; 22; 2; 54; 54; 2
21; 21H; >; 6; 21; 2; 59; 59; 2
21; 21R; <; 1; 21; 2; 0; 0; 1
21; 21R; <; 2; 22; 2; 5; 5; 1
21; 21R; <; 3; 15; 2; 9; 9; 1
21; 21R; <; 4; 10; 2; 17; 17; 1
21; 21R; <; 5; 11; 2; 22; 22; 1
21; 21R; <; 6; 4; 2; 29; 29; 1
21; 21R; <; 1; 21; 2; 30; 30; 2
21; 21R; <; 2; 22; 2; 35; 35; 2
21; 21R; <; 3; 15; 2; 39; 39; 2
21; 21R; <; 4; 10; 2; 47; 47; 2
21; 21R; <; 5; 11; 2; 52; 52; 2
21; 21R; <; 6; 4; 2; 59; 59; 2
23; 23H; >; 1; 3; 13; 0; 0; 1
23; 23H; >; 2; 4; 13; 5; 5; 1
23; 23H; >; 3; 11; 13; 12; 12; 1
23; 23H; >; 4; 10; 13; 17; 17; 1
23; 23H; >; 5; 16; 13; 23; 23; 1
23; 23H; >; 6; 18; 13; 29; 29; 1
23; 23H; >; 1; 3; 13; 4; 4; 2
23; 23H; >; 2; 4; 13; 9; 9; 2
23; 23H; >; 3; 11; 13; 16; 16; 2
23; 23H; >; 4; 10; 13; 21; 21; 2
23; 23H; >; 5; 16; 13; 27; 27; 2
23; 23H; >; 6; 18; 13; 33; 33; 2
23; 23H; >; 1; 3; 13; 9; 9; 3
23; 23H; >; 2; 4; 13; 14; 14; 3
23; 23H; >; 3; 11; 13; 21; 21; 3
23; 23H; >; 4; 10; 13; 26; 26; 3
23; 23H; >; 5; 16; 13; 32; 32; 3
23; 23H; >; 6; 18; 13; 38; 38; 3
23; 23H; >; 1; 3; 13; 13; 13; 4
23; 23H; >; 2; 4; 13; 18; 18; 4
23; 23H; >; 3; 11; 13; 25; 25; 4
23; 23H; >; 4; 10; 13; 30; 30; 4
23; 23H; >; 5; 16; 13; 36; 36; 4
23; 23H; >; 6; 18; 13; 42; 42; 4
23; 23H; >; 1; 3; 13; 18; 18; 5
23; 23H; >; 2; 4; 13; 23; 23; 5
23; 23H; >; 3; 11; 13; 30; 30; 5
23; 23H; >; 4; 10; 13; 35; 35; 5
23; 23H; >; 5; 16; 13; 41; 41; 5
23; 23H; >; 6; 18; 13; 47; 47; 5
23; 23H; >; 1; 3; 13; 23; 23; 6
23; 23H; >; 2; 4; 13; 28; 28; 6
23; 23H; >; 3; 11; 13; 35; 35; 6
23; 23H; >; 4; 10; 13; 40; 40; 6
23; 23H; >; 5; 16; 13; 46; 46; 6
23; 23H; >; 6; 18; 13; 52; 52; 6
23; 23H; >; 1; 3; 13; 27; 27; 7
23; 23H; >; 2; 4; 13; 32; 32; 7
23; 23H; >; 3; 11; 13; 39; 39; 7
23; 23H; >; 4; 10; 13; 44; 44; 7
23; 23H; >; 5; 16; 13; 50; 50; 7
23; 23H; >; 6; 18; 13; 56; 56; 7
23; 23H; >; 1; 3; 13; 32; 32; 8
23; 23H; >; 2; 4; 13; 37; 37; 8
23; 23H; >; 3; 11; 13; 44; 44; 8
23; 23H; >; 4; 10; 13; 49; 49; 8
23; 23H; >; 5; 16; 13; 55; 55; 8
23; 23H; >; 6; 18; 13; 1; 1; 8
23; 23H; >; 1; 3; 13; 36; 36; 9
23; 23H; >; 2; 4; 13; 41; 41; 9
23; 23H; >; 3; 11; 13; 48; 48; 9
23; 23H; >; 4; 10; 13; 53; 53; 9
23; 23H; >; 5; 16; 13; 59; 59; 9
23; 23H; >; 6; 18; 13; 5; 5; 9
23; 23H; >; 1; 3; 13; 41; 41; 10
23; 23H; >; 2; 4; 13; 46; 46; 10
23; 23H; >; 3; 11; 13; 53; 53; 10
23; 23H; >; 4; 10; 13; 58; 58; 10
23; 23H; >; 5; 16; 13; 4; 4; 10
23; 23H; >; 6; 18; 13; 10; 10; 10
23; 23H; >; 1; 3; 13; 46; 46; 11
23; 23H; >; 2; 4; 13; 51; 51; 11
23; 23H; >; 3; 11; 13; 58; 58; 11
23; 23H; >; 4; 10; 13; 3; 3; 11
23; 23H; >; 5; 16; 13; 9; 9; 11
23; 23H; >; 6; 18; 13; 15; 15; 11
23; 23H; >; 1; 3; 13; 50; 50; 12
23; 23H; >; 2; 4; 13; 55; 55; 12
23; 23H; >; 3; 11; 13; 2; 2; 12
23; 23H; >; 4; 10; 13; 7; 7; 12
23; 23H; >; 5; 16; 13; 13; 13; 12
23; 23H; >; 6; 18; 13; 19; 19; 12
23; 23H; >; 1; 3; 13; 55; 55; 13
23; 23H; >; 2; 4; 13; 0; 0; 13
23; 23H; >; 3; 11; 13; 7; 7; 13
23; 23H; >; 4; 10; 13; 12; 12; 13
23; 23H; >; 5; 16; 13; 18; 18; 13
23; 23H; >; 6; 18; 13; 24; 24; 13
23; 23R; <; 1; 18; 13; 0; 0; 1
23; 23R; <; 2; 16; 13; 6; 6; 1
23; 23R; <; 3; 10; 13; 12; 12; 1
23; 23R; <; 4; 11; 13; 17; 17; 1
23; 23R; <; 5; 4; 13; 24; 24; 1
23; 23R; <; 6; 3; 13; 29; 29; 1
23; 23R; <; 1; 18; 13; 4; 4; 2
23; 23R; <; 2; 16; 13; 10; 10; 2
23; 23R; <; 3; 10; 13; 16; 16; 2
23; 23R; <; 4; 11; 13; 21; 21; 2
23; 23R; <; 5; 4; 13; 28; 28; 2
23; 23R; <; 6; 3; 13; 33; 33; 2
23; 23R; <; 1; 18; 13; 9; 9; 3
23; 23R; <; 2; 16; 13; 15; 15; 3
23; 23R; <; 3; 10; 13; 21; 21; 3
23; 23R; <; 4; 11; 13; 26; 26; 3
23; 23R; <; 5; 4; 13; 33; 33; 3
23; 23R; <; 6; 3; 13; 38; 38; 3
23; 23R; <; 1; 18; 13; 13; 13; 4
23; 23R; <; 2; 16; 13; 19; 19; 4
23; 23R; <; 3; 10; 13; 25; 25; 4
23; 23R; <; 4; 11; 13; 30; 30; 4
23; 23R; <; 5; 4; 13; 37; 37; 4
23; 23R; <; 6; 3; 13; 42; 42; 4
23; 23R; <; 1; 18; 13; 18; 18; 5
23; 23R; <; 2; 16; 13; 24; 24; 5
23; 23R; <; 3; 10; 13; 30; 30; 5
23; 23R; <; 4; 11; 13; 35; 35; 5
23; 23R; <; 5; 4; 13; 42; 42; 5
23; 23R; <; 6; 3; 13; 47; 47; 5
23; 23R; <; 1; 18; 13; 23; 23; 6
23; 23R; <; 2; 16; 13; 29; 29; 6
23; 23R; <; 3; 10; 13; 35; 35; 6
23; 23R; <; 4; 11; 13; 40; 40; 6
23; 23R; <; 5; 4; 13; 47; 47; 6
23; 23R; <; 6; 3; 13; 52; 52; 6
23; 23R; <; 1; 18; 13; 27; 27; 7
23; 23R; <; 2; 16; 13; 33; 33; 7
23; 23R; <; 3; 10; 13; 39; 39; 7
23; 23R; <; 4; 11; 13; 44; 44; 7
23; 23R; <; 5; 4; 13; 51; 51; 7
23; 23R; <; 6; 3; 13; 56; 56; 7
23; 23R; <; 1; 18; 13; 32; 32; 8
23; 23R; <; 2; 16; 13; 38; 38; 8
23; 23R; <; 3; 10; 13; 44; 44; 8
23; 23R; <; 4; 11; 13; 49; 49; 8
23; 23R; <; 5; 4; 13; 56; 56; 8
23; 23R; <; 6; 3; 13; 1; 1; 8
23; 23R; <; 1; 18; 13; 36; 36; 9
23; 23R; <; 2; 16; 13; 42; 42; 9
23; 23R; <; 3; 10; 13; 48; 48; 9
23; 23R; <; 4; 11; 13; 53; 53; 9
23; 23R; <; 5; 4; 13; 0; 0; 9
23; 23R; <; 6; 3; 13; 5; 5; 9
23; 23R; <; 1; 18; 13; 41; 41; 10
23; 23R; <; 2; 16; 13; 47; 47; 10
23; 23R; <; 3; 10; 13; 53; 53; 10
23; 23R; <; 4; 11; 13; 58; 58; 10
23; 23R; <; 5; 4; 13; 5; 5; 10
23; 23R; <; 6; 3; 13; 10; 10; 10
23; 23R; <; 1; 18; 13; 46; 46; 11
23; 23R; <; 2; 16; 13; 52; 52; 11
23; 23R; <; 3; 10; 13; 58; 58; 11
23; 23R; <; 4; 11; 13; 3; 3; 11
23; 23R; <; 5; 4; 13; 10; 10; 11
23; 23R; <; 6; 3; 13; 15; 15; 11
23; 23R; <; 1; 18; 13; 50; 50; 12
23; 23R; <; 2; 16; 13; 56; 56; 12
23; 23R; <; 3; 10; 13; 2; 2; 12
23; 23R; <; 4; 11; 13; 7; 7; 12
23; 23R; <; 5; 4; 13; 14; 14; 12
23; 23R; <; 6; 3; 13; 19; 19; 12
23; 23R; <; 1; 18; 13; 55; 55; 13
23; 23R; <; 2; 16; 13; 1; 1; 13
23; 23R; <; 3; 10; 13; 7; 7; 13
23; 23R; <; 4; 11; 13; 12; 12; 13
23; 23R; <; 5; 4; 13; 19; 19; 13
23; 23R; <; 6; 3; 13; 24; 24; 13
25; 25H; >; 1; 3; 2; 0; 0; 1
25; 25H; >; 2; 4; 2; 5; 5; 1
25; 25H; >; 3; 11; 2; 12; 12; 1
25; 25H; >; 4; 10; 2; 17; 17; 1
25; 25H; >; 5; 15; 2; 25; 25; 1
25; 25H; >; 6; 19; 2; 31; 31; 1
25; 25H; >; 1; 3; 2; 30; 30; 2
25; 25H; >; 2; 4; 2; 35; 35; 2
25; 25H; >; 3; 11; 2; 42; 42; 2
25; 25H; >; 4; 10; 2; 47; 47; 2
25; 25H; >; 5; 15; 2; 55; 55; 2
25; 25H; >; 6; 19; 2; 1; 1; 2
25; 25R; <; 1; 19; 2; 0; 0; 1
25; 25R; <; 2; 15; 2; 6; 6; 1
25; 25R; <; 3; 10; 2; 14; 14; 1
25; 25R; <; 4; 11; 2; 19; 19; 1
25; 25R; <; 5; 4; 2; 26; 26; 1
25; 25R; <; 6; 3; 2; 31; 31; 1
25; 25R; <; 1; 19; 2; 30; 30; 2
25; 25R; <; 2; 15; 2; 36; 36; 2
25; 25R; <; 3; 10; 2; 44; 44; 2
25; 25R; <; 4; 11; 2; 49; 49; 2
25; 25R; <; 5; 4; 2; 56; 56; 2
25; 25R; <; 6; 3; 2; 1; 1; 2
26; 26H; >; 1; 3; 2; 0; 0; 1
26; 26H; >; 2; 4; 2; 5; 5; 1
26; 26H; >; 3; 5; 2; 10; 10; 1
26; 26H; >; 4; 9; 2; 14; 14; 1
26; 26H; >; 5; 8; 2; 20; 20; 1
26; 26H; >; 6; 7; 2; 26; 26; 1
26; 26H; >; 1; 3; 2; 30; 30; 2
26; 26H; >; 2; 4; 2; 35; 35; 2
26; 26H; >; 3; 5; 2; 40; 40; 2
26; 26H; >; 4; 9; 2; 44; 44; 2
26; 26H; >; 5; 8; 2; 50; 50; 2
26; 26H; >; 6; 7; 2; 56; 56; 2
26; 26R; <; 1; 7; 2; 0; 0; 1
26; 26R; <; 2; 8; 2; 6; 6; 1
26; 26R; <; 3; 9; 2; 12; 12; 1
26; 26R; <; 4; 5; 2; 16; 16; 1
26; 26R; <; 5; 4; 2; 21; 21; 1
26; 26R; <; 6; 3; 2; 26; 26; 1
26; 26R; <; 1; 7; 2; 30; 30; 2
26; 26R; <; 2; 8; 2; 36; 36; 2
26; 26R; <; 3; 9; 2; 42; 42; 2
26; 26R; <; 4; 5; 2; 46; 46; 2
26; 26R; <; 5; 4; 2; 51; 51; 2
26; 26R; <; 6; 3; 2; 56; 56; 2
27; 27H; >; 1; 2; 2; 0; 0; 1
27; 27H; >; 2; 6; 2; 4; 4; 1
27; 27H; >; 3; 8; 2; 8; 8; 1
27; 27H; >; 4; 16; 2; 12; 12; 1
27; 27H; >; 5; 17; 2; 16; 16; 1
27; 27H; >; 6; 19; 2; 20; 20; 1
27; 27H; >; 1; 2; 2; 30; 30; 2
27; 27H; >; 2; 6; 2; 34; 34; 2
27; 27H; >; 3; 8; 2; 38; 38; 2
27; 27H; >; 4; 16; 2; 42; 42; 2
27; 27H; >; 5; 17; 2; 46; 46; 2
27; 27H; >; 6; 19; 2; 50; 50; 2
27; 27R; <; 1; 19; 2; 0; 0; 1
27; 27R; <; 2; 17; 2; 4; 4; 1
27; 27R; <; 3; 16; 2; 8; 8; 1
27; 27R; <; 4; 8; 2; 12; 12; 1
27; 27R; <; 5; 6; 2; 16; 16; 1
27; 27R; <; 6; 2; 2; 20; 20; 1
27; 27R; <; 1; 19; 2; 30; 30; 2
27; 27R; <; 2; 17; 2; 34; 34; 2
27; 27R; <; 3; 16; 2; 38; 38; 2
27; 27R; <; 4; 8; 2; 42; 42; 2
27; 27R; <; 5; 6; 2; 46; 46; 2
27; 27R; <; 6; 2; 2; 50; 50; 2
28; 28H; >; 1; 2; 2; 0; 0; 1
28; 28H; >; 2; 6; 2; 4; 4; 1
28; 28H; >; 3; 8; 2; 8; 8; 1
28; 28H; >; 4; 9; 2; 14; 14; 1
28; 28H; >; 5; 10; 2; 18; 18; 1
28; 28H; >; 6; 15; 2; 26; 26; 1
28; 28H; >; 1; 2; 2; 30; 30; 2
28; 28H; >; 2; 6; 2; 34; 34; 2
28; 28H; >; 3; 8; 2; 38; 38; 2
28; 28H; >; 4; 9; 2; 44; 44; 2
28; 28H; >; 5; 10; 2; 48; 48; 2
28; 28H; >; 6; 15; 2; 56; 56; 2
28; 28R; <; 1; 15; 2; 0; 0; 1
28; 28R; <; 2; 10; 2; 8; 8; 1
28; 28R; <; 3; 9; 2; 12; 12; 1
28; 28R; <; 4; 8; 2; 18; 18; 1
28; 28R; <; 5; 6; 2; 22; 22; 1
28; 28R; <; 6; 2; 2; 26; 26; 1
28; 28R; <; 1; 15; 2; 30; 30; 2
28; 28R; <; 2; 10; 2; 38; 38; 2
28; 28R; <; 3; 9; 2; 42; 42; 2
28; 28R; <; 4; 8; 2; 48; 48; 2
28; 28R; <; 5; 6; 2; 52; 52; 2
28; 28R; <; 6; 2; 2; 56; 56; 2
29; 29H; >; 1; 1; 2; 0; 0; 1
29; 29H; >; 2; 3; 2; 4; 4; 1
29; 29H; >; 3; 12; 2; 11; 11; 1
29; 29H; >; 4; 11; 2; 16; 16; 1
29; 29H; >; 5; 14; 2; 24; 24; 1
29; 29H; >; 6; 15; 2; 29; 29; 1
29; 29H; >; 1; 1; 2; 30; 30; 2
29; 29H; >; 2; 3; 2; 34; 34; 2
29; 29H; >; 3; 12; 2; 41; 41; 2
29; 29H; >; 4; 11; 2; 46; 46; 2
29; 29H; >; 5; 14; 2; 54; 54; 2
29; 29H; >; 6; 15; 2; 59; 59; 2
29; 29R; <; 1; 15; 2; 0; 0; 1
29; 29R; <; 2; 14; 2; 5; 5; 1
29; 29R; <; 3; 11; 2; 13; 13; 1
29; 29R; <; 4; 12; 2; 18; 18; 1
29; 29R; <; 5; 3; 2; 25; 25; 1
29; 29R; <; 6; 1; 2; 29; 29; 1
29; 29R; <; 1; 15; 2; 30; 30; 2
29; 29R; <; 2; 14; 2; 35; 35; 2
29; 29R; <; 3; 11; 2; 43; 43; 2
29; 29R; <; 4; 12; 2; 48; 48; 2
29; 29R; <; 5; 3; 2; 55; 55; 2
29; 29R; <; 6; 1; 2; 59; 59; 2
30; 30H; >; 1; 17; 2; 0; 0; 1
30; 30H; >; 2; 19; 2; 4; 4; 1
30; 30H; >; 3; 20; 2; 12; 12; 1
30; 30H; >; 4; 21; 2; 18; 18; 1
30; 30H; >; 5; 24; 2; 23; 23; 1
30; 30H; >; 1; 17; 2; 30; 30; 2
30; 30H; >; 2; 19; 2; 34; 34; 2
30; 30H; >; 3; 20; 2; 42; 42; 2
30; 30H; >; 4; 21; 2; 48; 48; 2
30; 30H; >; 5; 24; 2; 53; 53; 2
30; 30R; <; 1; 24; 2; 0; 0; 1
30; 30R; <; 2; 21; 2; 5; 5; 1
30; 30R; <; 3; 20; 2; 11; 11; 1
30; 30R; <; 4; 19; 2; 19; 19; 1
30; 30R; <; 5; 17; 2; 23; 23; 1
30; 30R; <; 1; 24; 2; 30; 30; 2
30; 30R; <; 2; 21; 2; 35; 35; 2
30; 30R; <; 3; 20; 2; 41; 41; 2
30; 30R; <; 4; 19; 2; 49; 49; 2
30; 30R; <; 5; 17; 2; 53; 53; 2
33; 33H; >; 1; 14; 2; 0; 0; 1
33; 33H; >; 2; 15; 2; 5; 5; 1
33; 33H; >; 3; 10; 2; 13; 13; 1
33; 33H; >; 4; 16; 2; 19; 19; 1
33; 33H; >; 5; 18; 2; 25; 25; 1
33; 33H; >; 1; 14; 2; 30; 30; 2
33; 33H; >; 2; 15; 2; 35; 35; 2
33; 33H; >; 3; 10; 2; 43; 43; 2
33; 33H; >; 4; 16; 2; 49; 49; 2
33; 33H; >; 5; 18; 2; 55; 55; 2
33; 33R; <; 1; 18; 2; 0; 0; 1
33; 33R; <; 2; 16; 2; 6; 6; 1
33; 33R; <; 3; 10; 2; 12; 12; 1
33; 33R; <; 4; 15; 2; 20; 20; 1
33; 33R; <; 5; 14; 2; 25; 25; 1
33; 33R; <; 1; 18; 2; 30; 30; 2
33; 33R; <; 2; 16; 2; 36; 36; 2
33; 33R; <; 3; 10; 2; 42; 42; 2
33; 33R; <; 4; 15; 2; 50; 50; 2
33; 33R; <; 5; 14; 2; 55; 55; 2
34; 34H; >; 1; 11; 13; 0; 0; 1
34; 34H; >; 2; 14; 13; 8; 8; 1
34; 34H; >; 3; 15; 13; 13; 13; 1
34; 34H; >; 4; 22; 13; 17; 17; 1
34; 34H; >; 5; 21; 13; 22; 22; 1
34; 34H; >; 1; 11; 13; 4; 4; 2
34; 34H; >; 2; 14; 13; 12; 12; 2
34; 34H; >; 3; 15; 13; 17; 17; 2
34; 34H; >; 4; 22; 13; 21; 21; 2
34; 34H; >; 5; 21; 13; 26; 26; 2
34; 34H; >; 1; 11; 13; 9; 9; 3
34; 34H; >; 2; 14; 13; 17; 17; 3
34; 34H; >; 3; 15; 13; 22; 22; 3
34; 34H; >; 4; 22; 13; 26; 26; 3
34; 34H; >; 5; 21; 13; 31; 31; 3
34; 34H; >; 1; 11; 13; 13; 13; 4
34; 34H; >; 2; 14; 13; 21; 21; 4
34; 34H; >; 3; 15; 13; 26; 26; 4
34; 34H; >; 4; 22; 13; 30; 30; 4
34; 34H; >; 5; 21; 13; 35; 35; 4
34; 34H; >; 1; 11; 13; 18; 18; 5
34; 34H; >; 2; 14; 13; 26; 26; 5
34; 34H; >; 3; 15; 13; 31; 31; 5
34; 34H; >; 4; 22; 13; 35; 35; 5
34; 34H; >; 5; 21; 13; 40; 40; 5
34; 34H; >; 1; 11; 13; 23; 23; 6
34; 34H; >; 2; 14; 13; 31; 31; 6
34; 34H; >; 3; 15; 13; 36; 36; 6
34; 34H; >; 4; 22; 13; 40; 40; 6
34; 34H; >; 5; 21; 13; 45; 45; 6
34; 34H; >; 1; 11; 13; 27; 27; 7
34; 34H; >; 2; 14; 13; 35; 35; 7
34; 34H; >; 3; 15; 13; 40; 40; 7
34; 34H; >; 4; 22; 13; 44; 44; 7
34; 34H; >; 5; 21; 13; 49; 49; 7
34; 34H; >; 1; 11; 13; 32; 32; 8
34; 34H; >; 2; 14; 13; 40; 40; 8
34; 34H; >; 3; 15; 13; 45; 45; 8
34; 34H; >; 4; 22; 13; 49; 49; 8
34; 34H; >; 5; 21; 13; 54; 54; 8
34; 34H; >; 1; 11; 13; 36; 36; 9
34; 34H; >; 2; 14; 13; 44; 44; 9
34; 34H; >; 3; 15; 13; 49; 49; 9
34; 34H; >; 4; 22; 13; 53; 53; 9
34; 34H; >; 5; 21; 13; 58; 58; 9
34; 34H; >; 1; 11; 13; 41; 41; 10
34; 34H; >; 2; 14; 13; 49; 49; 10
34; 34H; >; 3; 15; 13; 54; 54; 10
34; 34H; >; 4; 22; 13; 58; 58; 10
34; 34H; >; 5; 21; 13; 3; 3; 10
34; 34H; >; 1; 11; 13; 46; 46; 11
34; 34H; >; 2; 14; 13; 54; 54; 11
34; 34H; >; 3; 15; 13; 59; 59; 11
34; 34H; >; 4; 22; 13; 3; 3; 11
34; 34H; >; 5; 21; 13; 8; 8; 11
34; 34H; >; 1; 11; 13; 50; 50; 12
34; 34H; >; 2; 14; 13; 58; 58; 12
34; 34H; >; 3; 15; 13; 3; 3; 12
34; 34H; >; 4; 22; 13; 7; 7; 12
34; 34H; >; 5; 21; 13; 12; 12; 12
34; 34H; >; 1; 11; 13; 55; 55; 13
34; 34H; >; 2; 14; 13; 3; 3; 13
34; 34H; >; 3; 15; 13; 8; 8; 13
34; 34H; >; 4; 22; 13; 12; 12; 13
34; 34H; >; 5; 21; 13; 17; 17; 13
34; 34R; <; 1; 21; 13; 0; 0; 1
34; 34R; <; 2; 22; 13; 5; 5; 1
34; 34R; <; 3; 15; 13; 9; 9; 1
34; 34R; <; 4; 14; 13; 14; 14; 1
34; 34R; <; 5; 11; 13; 22; 22; 1
34; 34R; <; 1; 21; 13; 4; 4; 2
34; 34R; <; 2; 22; 13; 9; 9; 2
34; 34R; <; 3; 15; 13; 13; 13; 2
34; 34R; <; 4; 14; 13; 18; 18; 2
34; 34R; <; 5; 11; 13; 26; 26; 2
34; 34R; <; 1; 21; 13; 9; 9; 3
34; 34R; <; 2; 22; 13; 14; 14; 3
34; 34R; <; 3; 15; 13; 18; 18; 3
34; 34R; <; 4; 14; 13; 23; 23; 3
34; 34R; <; 5; 11; 13; 31; 31; 3
34; 34R; <; 1; 21; 13; 13; 13; 4
34; 34R; <; 2; 22; 13; 18; 18; 4
34; 34R; <; 3; 15; 13; 22; 22; 4
34; 34R; <; 4; 14; 13; 27; 27; 4
34; 34R; <; 5; 11; 13; 35; 35; 4
34; 34R; <; 1; 21; 13; 18; 18; 5
34; 34R; <; 2; 22; 13; 23; 23; 5
34; 34R; <; 3; 15; 13; 27; 27; 5
34; 34R; <; 4; 14; 13; 32; 32; 5
34; 34R; <; 5; 11; 13; 40; 40; 5
34; 34R; <; 1; 21; 13; 23; 23; 6
34; 34R; <; 2; 22; 13; 28; 28; 6
34; 34R; <; 3; 15; 13; 32; 32; 6
34; 34R; <; 4; 14; 13; 37; 37; 6
34; 34R; <; 5; 11; 13; 45; 45; 6
34; 34R; <; 1; 21; 13; 27; 27; 7
34; 34R; <; 2; 22; 13; 32; 32; 7
34; 34R; <; 3; 15; 13; 36; 36; 7
34; 34R; <; 4; 14; 13; 41; 41; 7
34; 34R; <; 5; 11; 13; 49; 49; 7
34; 34R; <; 1; 21; 13; 32; 32; 8
34; 34R; <; 2; 22; 13; 37; 37; 8
34; 34R; <; 3; 15; 13; 41; 41; 8
34; 34R; <; 4; 14; 13; 46; 46; 8
34; 34R; <; 5; 11; 13; 54; 54; 8
34; 34R; <; 1; 21; 13; 36; 36; 9
34; 34R; <; 2; 22; 13; 41; 41; 9
34; 34R; <; 3; 15; 13; 45; 45; 9
34; 34R; <; 4; 14; 13; 50; 50; 9
34; 34R; <; 5; 11; 13; 58; 58; 9
34; 34R; <; 1; 21; 13; 41; 41; 10
34; 34R; <; 2; 22; 13; 46; 46; 10
34; 34R; <; 3; 15; 13; 50; 50; 10
34; 34R; <; 4; 14; 13; 55; 55; 10
34; 34R; <; 5; 11; 13; 3; 3; 10
34; 34R; <; 1; 21; 13; 46; 46; 11
34; 34R; <; 2; 22; 13; 51; 51; 11
34; 34R; <; 3; 15; 13; 55; 55; 11
34; 34R; <; 4; 14; 13; 0; 0; 11
34; 34R; <; 5; 11; 13; 8; 8; 11
34; 34R; <; 1; 21; 13; 50; 50; 12
34; 34R; <; 2; 22; 13; 55; 55; 12
34; 34R; <; 3; 15; 13; 59; 59; 12
34; 34R; <; 4; 14; 13; 4; 4; 12
34; 34R; <; 5; 11; 13; 12; 12; 12
34; 34R; <; 1; 21; 13; 55; 55; 13
34; 34R; <; 2; 22; 13; 0; 0; 13
34; 34R; <; 3; 15; 13; 4; 4; 13
34; 34R; <; 4; 14; 13; 9; 9; 13
34; 34R; <; 5; 11; 13; 17; 17; 13
36; 36H; >; 1; 13; 2; 0; 0; 1
36; 36H; >; 2; 24; 2; 5; 5; 1
36; 36H; >; 3; 21; 2; 10; 10; 1
36; 36H; >; 4; 20; 2; 16; 16; 1
36; 36H; >; 5; 19; 2; 24; 24; 1
36; 36H; >; 1; 13; 2; 30; 30; 2
36; 36H; >; 2; 24; 2; 35; 35; 2
36; 36H; >; 3; 21; 2; 40; 40; 2
36; 36H; >; 4; 20; 2; 46; 46; 2
36; 36H; >; 5; 19; 2; 54; 54; 2
36; 36R; <; 1; 19; 2; 0; 0; 1
36; 36R; <; 2; 20; 2; 8; 8; 1
36; 36R; <; 3; 21; 2; 14; 14; 1
36; 36R; <; 4; 24; 2; 19; 19; 1
36; 36R; <; 5; 13; 2; 24; 24; 1
36; 36R; <; 1; 19; 2; 30; 30; 2
36; 36R; <; 2; 20; 2; 38; 38; 2
36; 36R; <; 3; 21; 2; 44; 44; 2
36; 36R; <; 4; 24; 2; 49; 49; 2
36; 36R; <; 5; 13; 2; 54; 54; 2
40; 40H; >; 1; 9; 2; 0; 0; 1
40; 40H; >; 2; 10; 2; 4; 4; 1
40; 40H; >; 3; 15; 2; 12; 12; 1
40; 40H; >; 4; 22; 2; 16; 16; 1
40; 40H; >; 5; 20; 2; 24; 24; 1
40; 40H; >; 1; 9; 2; 30; 30; 2
40; 40H; >; 2; 10; 2; 34; 34; 2
40; 40H; >; 3; 15; 2; 42; 42; 2
40; 40H; >; 4; 22; 2; 46; 46; 2
40; 40H; >; 5; 20; 2; 54; 54; 2
40; 40R; <; 1; 20; 2; 0; 0; 1
40; 40R; <; 2; 22; 2; 8; 8; 1
40; 40R; <; 3; 15; 2; 12; 12; 1
40; 40R; <; 4; 10; 2; 20; 20; 1
40; 40R; <; 5; 9; 2; 24; 24; 1
40; 40R; <; 1; 20; 2; 30; 30; 2
40; 40R; <; 2; 22; 2; 38; 38; 2
40; 40R; <; 3; 15; 2; 42; 42; 2
40; 40R; <; 4; 10; 2; 50; 50; 2
40; 40R; <; 5; 9; 2; 54; 54; 2
41; 41H; >; 1; 9; 2; 0; 0; 1
41; 41H; >; 2; 10; 2; 4; 4; 1
41; 41H; >; 3; 11; 2; 9; 9; 1
41; 41H; >; 4; 12; 2; 14; 14; 1
41; 41H; >; 5; 13; 2; 30; 30; 1
41; 41H; >; 1; 9; 2; 30; 30; 2
41; 41H; >; 2; 10; 2; 34; 34; 2
41; 41H; >; 3; 11; 2; 39; 39; 2
41; 41H; >; 4; 12; 2; 44; 44; 2
41; 41H; >; 5; 13; 2; 0; 0; 2
41; 41R; <; 1; 13; 2; 0; 0; 1
41; 41R; <; 2; 12; 2; 16; 16; 1
41; 41R; <; 3; 11; 2; 21; 21; 1
41; 41R; <; 4; 10; 2; 26; 26; 1
41; 41R; <; 5; 9; 2; 30; 30; 1
41; 41R; <; 1; 13; 2; 30; 30; 2
41; 41R; <; 2; 12; 2; 46; 46; 2
41; 41R; <; 3; 11; 2; 51; 51; 2
41; 41R; <; 4; 10; 2; 56; 56; 2
41; 41R; <; 5; 9; 2; 0; 0; 2
46; 46H; >; 1; 3; 2; 0; 0; 1
46; 46H; >; 2; 4; 2; 5; 5; 1
46; 46H; >; 3; 11; 2; 12; 12; 1
46; 46H; >; 4; 10; 2; 17; 17; 1
46; 46H; >; 5; 17; 2; 24; 24; 1
46; 46H; >; 1; 3; 2; 30; 30; 2
46; 46H; >; 2; 4; 2; 35; 35; 2
46; 46H; >; 3; 11; 2; 42; 42; 2
46; 46H; >; 4; 10; 2; 47; 47; 2
46; 46H; >; 5; 17; 2; 54; 54; 2
46; 46R; <; 1; 17; 2; 0; 0; 1
46; 46R; <; 2; 10; 2; 7; 7; 1
46; 46R; <; 3; 11; 2; 12; 12; 1
46; 46R; <; 4; 4; 2; 19; 19; 1
46; 46R; <; 5; 3; 2; 24; 24; 1
46; 46R; <; 1; 17; 2; 30; 30; 2
46; 46R; <; 2; 10; 2; 37; 37; 2
46; 46R; <; 3; 11; 2; 42; 42; 2
46; 46R; <; 4; 4; 2; 49; 49; 2
46; 46R; <; 5; 3; 2; 54; 54; 2
47; 47H; >; 1; 1; 2; 0; 0; 1
47; 47H; >; 2; 2; 2; 16; 16; 1
47; 47H; >; 3; 6; 2; 20; 20; 1
47; 47H; >; 4; 8; 2; 24; 24; 1
47; 47H; >; 5; 16; 2; 28; 28; 1
47; 47H; >; 1; 1; 2; 30; 30; 2
47; 47H; >; 2; 2; 2; 46; 46; 2
47; 47H; >; 3; 6; 2; 50; 50; 2
47; 47H; >; 4; 8; 2; 54; 54; 2
47; 47H; >; 5; 16; 2; 58; 58; 2
47; 47R; <; 1; 16; 2; 0; 0; 1
47; 47R; <; 2; 8; 2; 4; 4; 1
47; 47R; <; 3; 6; 2; 8; 8; 1
47; 47R; <; 4; 2; 2; 12; 12; 1
47; 47R; <; 5; 1; 2; 28; 28; 1
47; 47R; <; 1; 16; 2; 30; 30; 2
47; 47R; <; 2; 8; 2; 34; 34; 2
47; 47R; <; 3; 6; 2; 38; 38; 2
47; 47R; <; 4; 2; 2; 42; 42; 2
47; 47R; <; 5; 1; 2; 58; 58; 2
48; 48H; >; 1; 1; 2; 0; 0; 1
48; 48H; >; 2; 2; 2; 16; 16; 1
48; 48H; >; 3; 6; 2; 20; 20; 1
48; 48H; >; 4; 8; 2; 24; 24; 1
48; 48H; >; 5; 9; 2; 30; 30; 1
48; 48H; >; 1; 1; 2; 30; 30; 2
48; 48H; >; 2; 2; 2; 46; 46; 2
48; 48H; >; 3; 6; 2; 50; 50; 2
48; 48H; >; 4; 8; 2; 54; 54; 2
48; 48H; >; 5; 9; 2; 0; 0; 2
48; 48R; <; 1; 9; 2; 0; 0; 1
48; 48R; <; 2; 8; 2; 6; 6; 1
48; 48R; <; 3; 6; 2; 10; 10; 1
48; 48R; <; 4; 2; 2; 14; 14; 1
48; 48R; <; 5; 1; 2; 30; 30; 1
48; 48R; <; 1; 9; 2; 30; 30; 2
48; 48R; <; 2; 8; 2; 36; 36; 2
48; 48R; <; 3; 6; 2; 40; 40; 2
48; 48R; <; 4; 2; 2; 44; 44; 2
48; 48R; <; 5; 1; 2; 0; 0; 2
50; 50H; >; 1; 14; 2; 0; 0; 1
50; 50H; >; 2; 15; 2; 5; 5; 1
50; 50H; >; 3; 19; 2; 11; 11; 1
50; 50H; >; 4; 17; 2; 15; 15; 1
50; 50H; >; 1; 14; 2; 30; 30; 2
50; 50H; >; 2; 15; 2; 35; 35; 2
50; 50H; >; 3; 19; 2; 41; 41; 2
50; 50H; >; 4; 17; 2; 45; 45; 2
50; 50R; <; 1; 17; 2; 0; 0; 1
50; 50R; <; 2; 19; 2; 4; 4; 1
50; 50R; <; 3; 15; 2; 10; 10; 1
50; 50R; <; 4; 14; 2; 15; 15; 1
50; 50R; <; 1; 17; 2; 30; 30; 2
50; 50R; <; 2; 19; 2; 34; 34; 2
50; 50R; <; 3; 15; 2; 40; 40; 2
50; 50R; <; 4; 14; 2; 45; 45; 2
51; 51H; >; 1; 14; 2; 0; 0; 1
51; 51H; >; 2; 15; 2; 5; 5; 1
51; 51H; >; 3; 10; 2; 13; 13; 1
51; 51H; >; 4; 9; 2; 17; 17; 1
51; 51H; >; 1; 14; 2; 30; 30; 2
51; 51H; >; 2; 15; 2; 35; 35; 2
51; 51H; >; 3; 10; 2; 43; 43; 2
51; 51H; >; 4; 9; 2; 47; 47; 2
51; 51R; <; 1; 9; 2; 0; 0; 1
51; 51R; <; 2; 10; 2; 4; 4; 1
51; 51R; <; 3; 15; 2; 12; 12; 1
51; 51R; <; 4; 14; 2; 17; 17; 1
51; 51R; <; 1; 9; 2; 30; 30; 2
51; 51R; <; 2; 10; 2; 34; 34; 2
51; 51R; <; 3; 15; 2; 42; 42; 2
51; 51R; <; 4; 14; 2; 47; 47; 2
57; 57H; >; 1; 9; 2; 0; 0; 1
57; 57H; >; 2; 10; 2; 4; 4; 1
57; 57H; >; 3; 17; 2; 11; 11; 1
57; 57H; >; 4; 19; 2; 15; 15; 1
57; 57H; >; 1; 9; 2; 30; 30; 2
57; 57H; >; 2; 10; 2; 34; 34; 2
57; 57H; >; 3; 17; 2; 41; 41; 2
57; 57H; >; 4; 19; 2; 45; 45; 2
57; 57R; <; 1; 19; 2; 0; 0; 1
57; 57R; <; 2; 17; 2; 4; 4; 1
57; 57R; <; 3; 10; 2; 11; 11; 1
57; 57R; <; 4; 9; 2; 15; 15; 1
57; 57R; <; 1; 19; 2; 30; 30; 2
57; 57R; <; 2; 17; 2; 34; 34; 2
57; 57R; <; 3; 10; 2; 41; 41; 2
57; 57R; <; 4; 9; 2; 45; 45; 2
61; 61H; >; 1; 5; 2; 0; 0; 1
61; 61H; >; 2; 9; 2; 4; 4; 1
61; 61H; >; 3; 10; 2; 8; 8; 1
61; 61H; >; 4; 17; 2; 15; 15; 1
61; 61H; >; 1; 5; 2; 30; 30; 2
61; 61H; >; 2; 9; 2; 34; 34; 2
61; 61H; >; 3; 10; 2; 38; 38; 2
61; 61H; >; 4; 17; 2; 45; 45; 2
61; 61R; <; 1; 17; 2; 0; 0; 1
61; 61R; <; 2; 10; 2; 7; 7; 1
61; 61R; <; 3; 9; 2; 11; 11; 1
61; 61R; <; 4; 5; 2; 15; 15; 1
61; 61R; <; 1; 17; 2; 30; 30; 2
61; 61R; <; 2; 10; 2; 37; 37; 2
61; 61R; <; 3; 9; 2; 41; 41; 2
61; 61R; <; 4; 5; 2; 45; 45; 2
64; 64H; >; 1; 3; 2; 0; 0; 1
64; 64H; >; 2; 4; 2; 5; 5; 1
64; 64H; >; 3; 5; 2; 10; 10; 1
64; 64H; >; 4; 6; 2; 16; 16; 1
64; 64H; >; 1; 3; 2; 30; 30; 2
64; 64H; >; 2; 4; 2; 35; 35; 2
64; 64H; >; 3; 5; 2; 40; 40; 2
64; 64H; >; 4; 6; 2; 46; 46; 2
64; 64R; <; 1; 6; 2; 0; 0; 1
64; 64R; <; 2; 5; 2; 6; 6; 1
64; 64R; <; 3; 4; 2; 11; 11; 1
64; 64R; <; 4; 3; 2; 16; 16; 1
64; 64R; <; 1; 6; 2; 30; 30; 2
64; 64R; <; 2; 5; 2; 36; 36; 2
64; 64R; <; 3; 4; 2; 41; 41; 2
64; 64R; <; 4; 3; 2; 46; 46; 2
69; 69H; >; 1; 21; 13; 0; 0; 1
69; 69H; >; 2; 24; 13; 5; 5; 1
69; 69H; >; 3; 13; 13; 10; 10; 1
69; 69H; >; 4; 12; 13; 26; 26; 1
69; 69H; >; 5; 3; 13; 33; 33; 1
69; 69H; >; 6; 1; 13; 37; 37; 1
69; 69H; >; 7; 2; 13; 53; 53; 1
69; 69H; >; 8; 6; 13; 57; 57; 1
69; 69H; >; 9; 8; 13; 1; 1; 1
69; 69H; >; 10; 16; 13; 5; 5; 1
69; 69H; >; 1; 21; 13; 4; 4; 2
69; 69H; >; 2; 24; 13; 9; 9; 2
69; 69H; >; 3; 13; 13; 14; 14; 2
69; 69H; >; 4; 12; 13; 30; 30; 2
69; 69H; >; 5; 3; 13; 37; 37; 2
69; 69H; >; 6; 1; 13; 41; 41; 2
69; 69H; >; 7; 2; 13; 57; 57; 2
69; 69H; >; 8; 6; 13; 1; 1; 2
69; 69H; >; 9; 8; 13; 5; 5; 2
69; 69H; >; 10; 16; 13; 9; 9; 2
69; 69H; >; 1; 21; 13; 9; 9; 3
69; 69H; >; 2; 24; 13; 14; 14; 3
69; 69H; >; 3; 13; 13; 19; 19; 3
69; 69H; >; 4; 12; 13; 35; 35; 3
69; 69H; >; 5; 3; 13; 42; 42; 3
69; 69H; >; 6; 1; 13; 46; 46; 3
69; 69H; >; 7; 2; 13; 2; 2; 3
69; 69H; >; 8; 6; 13; 6; 6; 3
69; 69H; >; 9; 8; 13; 10; 10; 3
69; 69H; >; 10; 16; 13; 14; 14; 3
69; 69H; >; 1; 21; 13; 13; 13; 4
69; 69H; >; 2; 24; 13; 18; 18; 4
69; 69H; >; 3; 13; 13; 23; 23; 4
69; 69H; >; 4; 12; 13; 39; 39; 4
69; 69H; >; 5; 3; 13; 46; 46; 4
69; 69H; >; 6; 1; 13; 50; 50; 4
69; 69H; >; 7; 2; 13; 6; 6; 4
69; 69H; >; 8; 6; 13; 10; 10; 4
69; 69H; >; 9; 8; 13; 14; 14; 4
69; 69H; >; 10; 16; 13; 18; 18; 4
69; 69H; >; 1; 21; 13; 18; 18; 5
69; 69H; >; 2; 24; 13; 23; 23; 5
69; 69H; >; 3; 13; 13; 28; 28; 5
69; 69H; >; 4; 12; 13; 44; 44; 5
69; 69H; >; 5; 3; 13; 51; 51; 5
69; 69H; >; 6; 1; 13; 55; 55; 5
69; 69H; >; 7; 2; 13; 11; 11; 5
69; 69H; >; 8; 6; 13; 15; 15; 5
69; 69H; >; 9; 8; 13; 19; 19; 5
69; 69H; >; 10; 16; 13; 23; 23; 5
69; 69H; >; 1; 21; 13; 23; 23; 6
69; 69H; >; 2; 24; 13; 28; 28; 6
69; 69H; >; 3; 13; 13; 33; 33; 6
69; 69H; >; 4; 12; 13; 49; 49; 6
69; 69H; >; 5; 3; 13; 56; 56; 6
69; 69H; >; 6; 1; 13; 0; 0; 6
69; 69H; >; 7; 2; 13; 16; 16; 6
69; 69H; >; 8; 6; 13; 20; 20; 6
69; 69H; >; 9; 8; 13; 24; 24; 6
69; 69H; >; 10; 16; 13; 28; 28; 6
69; 69H; >; 1; 21; 13; 27; 27; 7
69; 69H; >; 2; 24; 13; 32; 32; 7
69; 69H; >; 3; 13; 13; 37; 37; 7
69; 69H; >; 4; 12; 13; 53; 53; 7
69; 69H; >; 5; 3; 13; 0; 0; 7
69; 69H; >; 6; 1; 13; 4; 4; 7
69; 69H; >; 7; 2; 13; 20; 20; 7
69; 69H; >; 8; 6; 13; 24; 24; 7
69; 69H; >; 9; 8; 13; 28; 28; 7
69; 69H; >; 10; 16; 13; 32; 32; 7
69; 69H; >; 1; 21; 13; 32; 32; 8
69; 69H; >; 2; 24; 13; 37; 37; 8
69; 69H; >; 3; 13; 13; 42; 42; 8
69; 69H; >; 4; 12; 13; 58; 58; 8
69; 69H; >; 5; 3; 13; 5; 5; 8
69; 69H; >; 6; 1; 13; 9; 9; 8
69; 69H; >; 7; 2; 13; 25; 25; 8
69; 69H; >; 8; 6; 13; 29; 29; 8
69; 69H; >; 9; 8; 13; 33; 33; 8
69; 69H; >; 10; 16; 13; 37; 37; 8
69; 69H; >; 1; 21; 13; 36; 36; 9
69; 69H; >; 2; 24; 13; 41; 41; 9
69; 69H; >; 3; 13; 13; 46; 46; 9
69; 69H; >; 4; 12; 13; 2; 2; 9
69; 69H; >; 5; 3; 13; 9; 9; 9
69; 69H; >; 6; 1; 13; 13; 13; 9
69; 69H; >; 7; 2; 13; 29; 29; 9
69; 69H; >; 8; 6; 13; 33; 33; 9
69; 69H; >; 9; 8; 13; 37; 37; 9
69; 69H; >; 10; 16; 13; 41; 41; 9
69; 69H; >; 1; 21; 13; 41; 41; 10
69; 69H; >; 2; 24; 13; 46; 46; 10
69; 69H; >; 3; 13; 13; 51; 51; 10
69; 69H; >; 4; 12; 13; 7; 7; 10
69; 69H; >; 5; 3; 13; 14; 14; 10
69; 69H; >; 6; 1; 13; 18; 18; 10
69; 69H; >; 7; 2; 13; 34; 34; 10
69; 69H; >; 8; 6; 13; 38; 38; 10
69; 69H; >; 9; 8; 13; 42; 42; 10
69; 69H; >; 10; 16; 13; 46; 46; 10
69; 69H; >; 1; 21; 13; 46; 46; 11
69; 69H; >; 2; 24; 13; 51; 51; 11
69; 69H; >; 3; 13; 13; 56; 56; 11
69; 69H; >; 4; 12; 13; 12; 12; 11
69; 69H; >; 5; 3; 13; 19; 19; 11
69; 69H; >; 6; 1; 13; 23; 23; 11
69; 69H; >; 7; 2; 13; 39; 39; 11
69; 69H; >; 8; 6; 13; 43; 43; 11
69; 69H; >; 9; 8; 13; 47; 47; 11
69; 69H; >; 10; 16; 13; 51; 51; 11
69; 69H; >; 1; 21; 13; 50; 50; 12
69; 69H; >; 2; 24; 13; 55; 55; 12
69; 69H; >; 3; 13; 13; 0; 0; 12
69; 69H; >; 4; 12; 13; 16; 16; 12
69; 69H; >; 5; 3; 13; 23; 23; 12
69; 69H; >; 6; 1; 13; 27; 27; 12
69; 69H; >; 7; 2; 13; 43; 43; 12
69; 69H; >; 8; 6; 13; 47; 47; 12
69; 69H; >; 9; 8; 13; 51; 51; 12
69; 69H; >; 10; 16; 13; 55; 55; 12
69; 69H; >; 1; 21; 13; 55; 55; 13
69; 69H; >; 2; 24; 13; 0; 0; 13
69; 69H; >; 3; 13; 13; 5; 5; 13
69; 69H; >; 4; 12; 13; 21; 21; 13
69; 69H; >; 5; 3; 13; 28; 28; 13
69; 69H; >; 6; 1; 13; 32; 32; 13
69; 69H; >; 7; 2; 13; 48; 48; 13
69; 69H; >; 8; 6; 13; 52; 52; 13
69; 69H; >; 9; 8; 13; 56; 56; 13
69; 69H; >; 10; 16; 13; 0; 0; 13
69; 69R; <; 1; 16; 13; 28; 28; 1
69; 69R; <; 2; 8; 13; 32; 32; 1
69; 69R; <; 3; 6; 13; 36; 36; 1
69; 69R; <; 4; 2; 13; 40; 40; 1
69; 69R; <; 5; 1; 13; 56; 56; 1
69; 69R; <; 6; 3; 13; 0; 0; 1
69; 69R; <; 7; 12; 13; 7; 7; 1
69; 69R; <; 8; 13; 13; 23; 23; 1
69; 69R; <; 9; 24; 13; 28; 28; 1
69; 69R; <; 10; 21; 13; 33; 33; 1
69; 69R; <; 1; 16; 13; 32; 32; 2
69; 69R; <; 2; 8; 13; 36; 36; 2
69; 69R; <; 3; 6; 13; 40; 40; 2
69; 69R; <; 4; 2; 13; 44; 44; 2
69; 69R; <; 5; 1; 13; 0; 0; 2
69; 69R; <; 6; 3; 13; 4; 4; 2
69; 69R; <; 7; 12; 13; 11; 11; 2
69; 69R; <; 8; 13; 13; 27; 27; 2
69; 69R; <; 9; 24; 13; 32; 32; 2
69; 69R; <; 10; 21; 13; 37; 37; 2
69; 69R; <; 1; 16; 13; 37; 37; 3
69; 69R; <; 2; 8; 13; 41; 41; 3
69; 69R; <; 3; 6; 13; 45; 45; 3
69; 69R; <; 4; 2; 13; 49; 49; 3
69; 69R; <; 5; 1; 13; 5; 5; 3
69; 69R; <; 6; 3; 13; 9; 9; 3
69; 69R; <; 7; 12; 13; 16; 16; 3
69; 69R; <; 8; 13; 13; 32; 32; 3
69; 69R; <; 9; 24; 13; 37; 37; 3
69; 69R; <; 10; 21; 13; 42; 42; 3
69; 69R; <; 1; 16; 13; 41; 41; 4
69; 69R; <; 2; 8; 13; 45; 45; 4
69; 69R; <; 3; 6; 13; 49; 49; 4
69; 69R; <; 4; 2; 13; 53; 53; 4
69; 69R; <; 5; 1; 13; 9; 9; 4
69; 69R; <; 6; 3; 13; 13; 13; 4
69; 69R; <; 7; 12; 13; 20; 20; 4
69; 69R; <; 8; 13; 13; 36; 36; 4
69; 69R; <; 9; 24; 13; 41; 41; 4
69; 69R; <; 10; 21; 13; 46; 46; 4
69; 69R; <; 1; 16; 13; 46; 46; 5
69; 69R; <; 2; 8; 13; 50; 50; 5
69; 69R; <; 3; 6; 13; 54; 54; 5
69; 69R; <; 4; 2; 13; 58; 58; 5
69; 69R; <; 5; 1; 13; 14; 14; 5
69; 69R; <; 6; 3; 13; 18; 18; 5
69; 69R; <; 7; 12; 13; 25; 25; 5
69; 69R; <; 8; 13; 13; 41; 41; 5
69; 69R; <; 9; 24; 13; 46; 46; 5
69; 69R; <; 10; 21; 13; 51; 51; 5
69; 69R; <; 1; 16; 13; 51; 51; 6
69; 69R; <; 2; 8; 13; 55; 55; 6
69; 69R; <; 3; 6; 13; 59; 59; 6
69; 69R; <; 4; 2; 13; 3; 3; 6
69; 69R; <; 5; 1; 13; 19; 19; 6
69; 69R; <; 6; 3; 13; 23; 23; 6
69; 69R; <; 7; 12; 13; 30; 30; 6
69; 69R; <; 8; 13; 13; 46; 46; 6
69; 69R; <; 9; 24; 13; 51; 51; 6
69; 69R; <; 10; 21; 13; 56; 56; 6
69; 69R; <; 1; 16; 13; 55; 55; 7
69; 69R; <; 2; 8; 13; 59; 59; 7
69; 69R; <; 3; 6; 13; 3; 3; 7
69; 69R; <; 4; 2; 13; 7; 7; 7
69; 69R; <; 5; 1; 13; 23; 23; 7
69; 69R; <; 6; 3; 13; 27; 27; 7
69; 69R; <; 7; 12; 13; 34; 34; 7
69; 69R; <; 8; 13; 13; 50; 50; 7
69; 69R; <; 9; 24; 13; 55; 55; 7
69; 69R; <; 10; 21; 13; 0; 0; 7
69; 69R; <; 1; 16; 13; 0; 0; 8
69; 69R; <; 2; 8; 13; 4; 4; 8
69; 69R; <; 3; 6; 13; 8; 8; 8
69; 69R; <; 4; 2; 13; 12; 12; 8
69; 69R; <; 5; 1; 13; 28; 28; 8
69; 69R; <; 6; 3; 13; 32; 32; 8
69; 69R; <; 7; 12; 13; 39; 39; 8
69; 69R; <; 8; 13; 13; 55; 55; 8
69; 69R; <; 9; 24; 13; 0; 0; 8
69; 69R; <; 10; 21; 13; 5; 5; 8
69; 69R; <; 1; 16; 13; 4; 4; 9
69; 69R; <; 2; 8; 13; 8; 8; 9
69; 69R; <; 3; 6; 13; 12; 12; 9
69; 69R; <; 4; 2; 13; 16; 16; 9
69; 69R; <; 5; 1; 13; 32; 32; 9
69; 69R; <; 6; 3; 13; 36; 36; 9
69; 69R; <; 7; 12; 13; 43; 43; 9
69; 69R; <; 8; 13; 13; 59; 59; 9
69; 69R; <; 9; 24; 13; 4; 4; 9
69; 69R; <; 10; 21; 13; 9; 9; 9
69; 69R; <; 1; 16; 13; 9; 9; 10
69; 69R; <; 2; 8; 13; 13; 13; 10
69; 69R; <; 3; 6; 13; 17; 17; 10
69; 69R; <; 4; 2; 13; 21; 21; 10
69; 69R; <; 5; 1; 13; 37; 37; 10
69; 69R; <; 6; 3; 13; 41; 41; 10
69; 69R; <; 7; 12; 13; 48; 48; 10
69; 69R; <; 8; 13; 13; 4; 4; 10
69; 69R; <; 9; 24; 13; 9; 9; 10
69; 69R; <; 10; 21; 13; 14; 14; 10
69; 69R; <; 1; 16; 13; 14; 14; 11
69; 69R; <; 2; 8; 13; 18; 18; 11
69; 69R; <; 3; 6; 13; 22; 22; 11
69; 69R; <; 4; 2; 13; 26; 26; 11
69; 69R; <; 5; 1; 13; 42; 42; 11
69; 69R; <; 6; 3; 13; 46; 46; 11
69; 69R; <; 7; 12; 13; 53; 53; 11
69; 69R; <; 8; 13; 13; 9; 9; 11
69; 69R; <; 9; 24; 13; 14; 14; 11
69; 69R; <; 10; 21; 13; 19; 19; 11
69; 69R; <; 1; 16; 13; 18; 18; 12
69; 69R; <; 2; 8; 13; 22; 22; 12
69; 69R; <; 3; 6; 13; 26; 26; 12
69; 69R; <; 4; 2; 13; 30; 30; 12
69; 69R; <; 5; 1; 13; 46; 46; 12
69; 69R; <; 6; 3; 13; 50; 50; 12
69; 69R; <; 7; 12; 13; 57; 57; 12
69; 69R; <; 8; 13; 13; 13; 13; 12
69; 69R; <; 9; 24; 13; 18; 18; 12
69; 69R; <; 10; 21; 13; 23; 23; 12
69; 69R; <; 1; 16; 13; 23; 23; 13
69; 69R; <; 2; 8; 13; 27; 27; 13
69; 69R; <; 3; 6; 13; 31; 31; 13
69; 69R; <; 4; 2; 13; 35; 35; 13
69; 69R; <; 5; 1; 13; 51; 51; 13
69; 69R; <; 6; 3; 13; 55; 55; 13
69; 69R; <; 7; 12; 13; 2; 2; 13
69; 69R; <; 8; 13; 13; 18; 18; 13
69; 69R; <; 9; 24; 13; 23; 23; 13
69; 69R; <; 10; 21; 13; 28; 28; 13
70; 70H; >; 1; 21; 13; 50; 50; 1
70; 70H; >; 2; 22; 13; 55; 55; 1
70; 70H; >; 3; 20; 13; 3; 3; 1
70; 70H; >; 4; 19; 13; 11; 11; 1
70; 70H; >; 5; 17; 13; 15; 15; 1
70; 70H; >; 6; 16; 13; 19; 19; 1
70; 70H; >; 7; 10; 13; 25; 25; 1
70; 70H; >; 8; 11; 13; 30; 30; 1
70; 70H; >; 9; 12; 13; 35; 35; 1
70; 70H; >; 1; 21; 13; 54; 54; 2
70; 70H; >; 2; 22; 13; 59; 59; 2
70; 70H; >; 3; 20; 13; 7; 7; 2
70; 70H; >; 4; 19; 13; 15; 15; 2
70; 70H; >; 5; 17; 13; 19; 19; 2
70; 70H; >; 6; 16; 13; 23; 23; 2
70; 70H; >; 7; 10; 13; 29; 29; 2
70; 70H; >; 8; 11; 13; 34; 34; 2
70; 70H; >; 9; 12; 13; 39; 39; 2
70; 70H; >; 1; 21; 13; 59; 59; 3
70; 70H; >; 2; 22; 13; 4; 4; 3
70; 70H; >; 3; 20; 13; 12; 12; 3
70; 70H; >; 4; 19; 13; 20; 20; 3
70; 70H; >; 5; 17; 13; 24; 24; 3
70; 70H; >; 6; 16; 13; 28; 28; 3
70; 70H; >; 7; 10; 13; 34; 34; 3
70; 70H; >; 8; 11; 13; 39; 39; 3
70; 70H; >; 9; 12; 13; 44; 44; 3
70; 70H; >; 1; 21; 13; 3; 3; 4
70; 70H; >; 2; 22; 13; 8; 8; 4
70; 70H; >; 3; 20; 13; 16; 16; 4
70; 70H; >; 4; 19; 13; 24; 24; 4
70; 70H; >; 5; 17; 13; 28; 28; 4
70; 70H; >; 6; 16; 13; 32; 32; 4
70; 70H; >; 7; 10; 13; 38; 38; 4
70; 70H; >; 8; 11; 13; 43; 43; 4
70; 70H; >; 9; 12; 13; 48; 48; 4
70; 70H; >; 1; 21; 13; 8; 8; 5
70; 70H; >; 2; 22; 13; 13; 13; 5
70; 70H; >; 3; 20; 13; 21; 21; 5
70; 70H; >; 4; 19; 13; 29; 29; 5
70; 70H; >; 5; 17; 13; 33; 33; 5
70; 70H; >; 6; 16; 13; 37; 37; 5
70; 70H; >; 7; 10; 13; 43; 43; 5
70; 70H; >; 8; 11; 13; 48; 48; 5
70; 70H; >; 9; 12; 13; 53; 53; 5
70; 70H; >; 1; 21; 13; 13; 13; 6
70; 70H; >; 2; 22; 13; 18; 18; 6
70; 70H; >; 3; 20; 13; 26; 26; 6
70; 70H; >; 4; 19; 13; 34; 34; 6
70; 70H; >; 5; 17; 13; 38; 38; 6
70; 70H; >; 6; 16; 13; 42; 42; 6
70; 70H; >; 7; 10; 13; 48; 48; 6
70; 70H; >; 8; 11; 13; 53; 53; 6
70; 70H; >; 9; 12; 13; 58; 58; 6
70; 70H; >; 1; 21; 13; 17; 17; 7
70; 70H; >; 2; 22; 13; 22; 22; 7
70; 70H; >; 3; 20; 13; 30; 30; 7
70; 70H; >; 4; 19; 13; 38; 38; 7
70; 70H; >; 5; 17; 13; 42; 42; 7
70; 70H; >; 6; 16; 13; 46; 46; 7
70; 70H; >; 7; 10; 13; 52; 52; 7
70; 70H; >; 8; 11; 13; 57; 57; 7
70; 70H; >; 9; 12; 13; 2; 2; 7
70; 70H; >; 1; 21; 13; 22; 22; 8
70; 70H; >; 2; 22; 13; 27; 27; 8
70; 70H; >; 3; 20; 13; 35; 35; 8
70; 70H; >; 4; 19; 13; 43; 43; 8
70; 70H; >; 5; 17; 13; 47; 47; 8
70; 70H; >; 6; 16; 13; 51; 51; 8
70; 70H; >; 7; 10; 13; 57; 57; 8
70; 70H; >; 8; 11; 13; 2; 2; 8
70; 70H; >; 9; 12; 13; 7; 7; 8
70; 70H; >; 1; 21; 13; 26; 26; 9
70; 70H; >; 2; 22; 13; 31; 31; 9
70; 70H; >; 3; 20; 13; 39; 39; 9
70; 70H; >; 4; 19; 13; 47; 47; 9
70; 70H; >; 5; 17; 13; 51; 51; 9
70; 70H; >; 6; 16; 13; 55; 55; 9
70; 70H; >; 7; 10; 13; 1; 1; 9
70; 70H; >; 8; 11; 13; 6; 6; 9
70; 70H; >; 9; 12; 13; 11; 11; 9
70; 70H; >; 1; 21; 13; 31; 31; 10
70; 70H; >; 2; 22; 13; 36; 36; 10
70; 70H; >; 3; 20; 13; 44; 44; 10
70; 70H; >; 4; 19; 13; 52; 52; 10
70; 70H; >; 5; 17; 13; 56; 56; 10
70; 70H; >; 6; 16; 13; 0; 0; 10
70; 70H; >; 7; 10; 13; 6; 6; 10
70; 70H; >; 8; 11; 13; 11; 11; 10
70; 70H; >; 9; 12; 13; 16; 16; 10
70; 70H; >; 1; 21; 13; 36; 36; 11
70; 70H; >; 2; 22; 13; 41; 41; 11
70; 70H; >; 3; 20; 13; 49; 49; 11
70; 70H; >; 4; 19; 13; 57; 57; 11
70; 70H; >; 5; 17; 13; 1; 1; 11
70; 70H; >; 6; 16; 13; 5; 5; 11
70; 70H; >; 7; 10; 13; 11; 11; 11
70; 70H; >; 8; 11; 13; 16; 16; 11
70; 70H; >; 9; 12; 13; 21; 21; 11
70; 70H; >; 1; 21; 13; 40; 40; 12
70; 70H; >; 2; 22; 13; 45; 45; 12
70; 70H; >; 3; 20; 13; 53; 53; 12
70; 70H; >; 4; 19; 13; 1; 1; 12
70; 70H; >; 5; 17; 13; 5; 5; 12
70; 70H; >; 6; 16; 13; 9; 9; 12
70; 70H; >; 7; 10; 13; 15; 15; 12
70; 70H; >; 8; 11; 13; 20; 20; 12
70; 70H; >; 9; 12; 13; 25; 25; 12
70; 70H; >; 1; 21; 13; 45; 45; 13
70; 70H; >; 2; 22; 13; 50; 50; 13
70; 70H; >; 3; 20; 13; 58; 58; 13
70; 70H; >; 4; 19; 13; 6; 6; 13
70; 70H; >; 5; 17; 13; 10; 10; 13
70; 70H; >; 6; 16; 13; 14; 14; 13
70; 70H; >; 7; 10; 13; 20; 20; 13
70; 70H; >; 8; 11; 13; 25; 25; 13
70; 70H; >; 9; 12; 13; 30; 30; 13
70; 70R; <; 1; 12; 13; 0; 0; 1
70; 70R; <; 2; 11; 13; 5; 5; 1
70; 70R; <; 3; 10; 13; 10; 10; 1
70; 70R; <; 4; 16; 13; 16; 16; 1
70; 70R; <; 5; 17; 13; 20; 20; 1
70; 70R; <; 6; 19; 13; 24; 24; 1
70; 70R; <; 7; 20; 13; 32; 32; 1
70; 70R; <; 8; 22; 13; 40; 40; 1
70; 70R; <; 9; 21; 13; 45; 45; 1
70; 70R; <; 1; 12; 13; 4; 4; 2
70; 70R; <; 2; 11; 13; 9; 9; 2
70; 70R; <; 3; 10; 13; 14; 14; 2
70; 70R; <; 4; 16; 13; 20; 20; 2
70; 70R; <; 5; 17; 13; 24; 24; 2
70; 70R; <; 6; 19; 13; 28; 28; 2
70; 70R; <; 7; 20; 13; 36; 36; 2
70; 70R; <; 8; 22; 13; 44; 44; 2
70; 70R; <; 9; 21; 13; 49; 49; 2
70; 70R; <; 1; 12; 13; 9; 9; 3
70; 70R; <; 2; 11; 13; 14; 14; 3
70; 70R; <; 3; 10; 13; 19; 19; 3
70; 70R; <; 4; 16; 13; 25; 25; 3
70; 70R; <; 5; 17; 13; 29; 29; 3
70; 70R; <; 6; 19; 13; 33; 33; 3
70; 70R; <; 7; 20; 13; 41; 41; 3
70; 70R; <; 8; 22; 13; 49; 49; 3
70; 70R; <; 9; 21; 13; 54; 54; 3
70; 70R; <; 1; 12; 13; 13; 13; 4
70; 70R; <; 2; 11; 13; 18; 18; 4
70; 70R; <; 3; 10; 13; 23; 23; 4
70; 70R; <; 4; 16; 13; 29; 29; 4
70; 70R; <; 5; 17; 13; 33; 33; 4
70; 70R; <; 6; 19; 13; 37; 37; 4
70; 70R; <; 7; 20; 13; 45; 45; 4
70; 70R; <; 8; 22; 13; 53; 53; 4
70; 70R; <; 9; 21; 13; 58; 58; 4
70; 70R; <; 1; 12; 13; 18; 18; 5
70; 70R; <; 2; 11; 13; 23; 23; 5
70; 70R; <; 3; 10; 13; 28; 28; 5
70; 70R; <; 4; 16; 13; 34; 34; 5
70; 70R; <; 5; 17; 13; 38; 38; 5
70; 70R; <; 6; 19; 13; 42; 42; 5
70; 70R; <; 7; 20; 13; 50; 50; 5
70; 70R; <; 8; 22; 13; 58; 58; 5
70; 70R; <; 9; 21; 13; 3; 3; 5
70; 70R; <; 1; 12; 13; 23; 23; 6
70; 70R; <; 2; 11; 13; 28; 28; 6
70; 70R; <; 3; 10; 13; 33; 33; 6
70; 70R; <; 4; 16; 13; 39; 39; 6
70; 70R; <; 5; 17; 13; 43; 43; 6
70; 70R; <; 6; 19; 13; 47; 47; 6
70; 70R; <; 7; 20; 13; 55; 55; 6
70; 70R; <; 8; 22; 13; 3; 3; 6
70; 70R; <; 9; 21; 13; 8; 8; 6
70; 70R; <; 1; 12; 13; 27; 27; 7
70; 70R; <; 2; 11; 13; 32; 32; 7
70; 70R; <; 3; 10; 13; 37; 37; 7
70; 70R; <; 4; 16; 13; 43; 43; 7
70; 70R; <; 5; 17; 13; 47; 47; 7
70; 70R; <; 6; 19; 13; 51; 51; 7
70; 70R; <; 7; 20; 13; 59; 59; 7
70; 70R; <; 8; 22; 13; 7; 7; 7
70; 70R; <; 9; 21; 13; 12; 12; 7
70; 70R; <; 1; 12; 13; 32; 32; 8
70; 70R; <; 2; 11; 13; 37; 37; 8
70; 70R; <; 3; 10; 13; 42; 42; 8
70; 70R; <; 4; 16; 13; 48; 48; 8
70; 70R; <; 5; 17; 13; 52; 52; 8
70; 70R; <; 6; 19; 13; 56; 56; 8
70; 70R; <; 7; 20; 13; 4; 4; 8
70; 70R; <; 8; 22; 13; 12; 12; 8
70; 70R; <; 9; 21; 13; 17; 17; 8
70; 70R; <; 1; 12; 13; 36; 36; 9
70; 70R; <; 2; 11; 13; 41; 41; 9
70; 70R; <; 3; 10; 13; 46; 46; 9
70; 70R; <; 4; 16; 13; 52; 52; 9
70; 70R; <; 5; 17; 13; 56; 56; 9
70; 70R; <; 6; 19; 13; 0; 0; 9
70; 70R; <; 7; 20; 13; 8; 8; 9
70; 70R; <; 8; 22; 13; 16; 16; 9
70; 70R; <; 9; 21; 13; 21; 21; 9
70; 70R; <; 1; 12; 13; 41; 41; 10
70; 70R; <; 2; 11; 13; 46; 46; 10
70; 70R; <; 3; 10; 13; 51; 51; 10
70; 70R; <; 4; 16; 13; 57; 57; 10
70; 70R; <; 5; 17; 13; 1; 1; 10
70; 70R; <; 6; 19; 13; 5; 5; 10
70; 70R; <; 7; 20; 13; 13; 13; 10
70; 70R; <; 8; 22; 13; 21; 21; 10
70; 70R; <; 9; 21; 13; 26; 26; 10
70; 70R; <; 1; 12; 13; 46; 46; 11
70; 70R; <; 2; 11; 13; 51; 51; 11
70; 70R; <; 3; 10; 13; 56; 56; 11
70; 70R; <; 4; 16; 13; 2; 2; 11
70; 70R; <; 5; 17; 13; 6; 6; 11
70; 70R; <; 6; 19; 13; 10; 10; 11
70; 70R; <; 7; 20; 13; 18; 18; 11
70; 70R; <; 8; 22; 13; 26; 26; 11
70; 70R; <; 9; 21; 13; 31; 31; 11
70; 70R; <; 1; 12; 13; 50; 50; 12
70; 70R; <; 2; 11; 13; 55; 55; 12
70; 70R; <; 3; 10; 13; 0; 0; 12
70; 70R; <; 4; 16; 13; 6; 6; 12
70; 70R; <; 5; 17; 13; 10; 10; 12
70; 70R; <; 6; 19; 13; 14; 14; 12
70; 70R; <; 7; 20; 13; 22; 22; 12
70; 70R; <; 8; 22; 13; 30; 30; 12
70; 70R; <; 9; 21; 13; 35; 35; 12
70; 70R; <; 1; 12; 13; 55; 55; 13
70; 70R; <; 2; 11; 13; 0; 0; 13
70; 70R; <; 3; 10; 13; 5; 5; 13
70; 70R; <; 4; 16; 13; 11; 11; 13
70; 70R; <; 5; 17; 13; 15; 15; 13
70; 70R; <; 6; 19; 13; 19; 19; 13
70; 70R; <; 7; 20; 13; 27; 27; 13
70; 70R; <; 8; 22; 13; 35; 35; 13
70; 70R; <; 9; 21; 13; 40; 40; 13
72; 72H; >; 1; 23; 2; 0; 0; 1
72; 72H; >; 2; 14; 2; 4; 4; 1
72; 72H; >; 3; 11; 2; 12; 12; 1
72; 72H; >; 4; 4; 2; 19; 19; 1
72; 72H; >; 5; 3; 2; 24; 24; 1
72; 72H; >; 6; 12; 2; 31; 31; 1
72; 72H; >; 7; 13; 2; 47; 47; 1
72; 72H; >; 8; 24; 2; 52; 52; 1
72; 72H; >; 9; 21; 2; 57; 57; 1
72; 72H; >; 1; 23; 2; 30; 30; 2
72; 72H; >; 2; 14; 2; 34; 34; 2
72; 72H; >; 3; 11; 2; 42; 42; 2
72; 72H; >; 4; 4; 2; 49; 49; 2
72; 72H; >; 5; 3; 2; 54; 54; 2
72; 72H; >; 6; 12; 2; 1; 1; 2
72; 72H; >; 7; 13; 2; 17; 17; 2
72; 72H; >; 8; 24; 2; 22; 22; 2
72; 72H; >; 9; 21; 2; 27; 27; 2
72; 72R; <; 1; 21; 2; 0; 0; 1
72; 72R; <; 2; 24; 2; 5; 5; 1
72; 72R; <; 3; 13; 2; 10; 10; 1
72; 72R; <; 4; 12; 2; 26; 26; 1
72; 72R; <; 5; 3; 2; 33; 33; 1
72; 72R; <; 6; 4; 2; 38; 38; 1
72; 72R; <; 7; 11; 2; 45; 45; 1
72; 72R; <; 8; 14; 2; 53; 53; 1
72; 72R; <; 9; 23; 2; 57; 57; 1
72; 72R; <; 1; 21; 2; 30; 30; 2
72; 72R; <; 2; 24; 2; 35; 35; 2
72; 72R; <; 3; 13; 2; 40; 40; 2
72; 72R; <; 4; 12; 2; 56; 56; 2
72; 72R; <; 5; 3; 2; 3; 3; 2
72; 72R; <; 6; 4; 2; 8; 8; 2
72; 72R; <; 7; 11; 2; 15; 15; 2
72; 72R; <; 8; 14; 2; 23; 23; 2
72; 72R; <; 9; 23; 2; 27; 27; 2
73; 73H; >; 1; 21; 2; 0; 0; 1
73; 73H; >; 2; 22; 2; 5; 5; 1
73; 73H; >; 3; 20; 2; 13; 13; 1
73; 73H; >; 4; 19; 2; 21; 21; 1
73; 73H; >; 5; 17; 2; 25; 25; 1
73; 73H; >; 6; 16; 2; 29; 29; 1
73; 73H; >; 7; 18; 2; 35; 35; 1
73; 73H; >; 8; 7; 2; 39; 39; 1
73; 73H; >; 1; 21; 2; 30; 30; 2
73; 73H; >; 2; 22; 2; 35; 35; 2
73; 73H; >; 3; 20; 2; 43; 43; 2
73; 73H; >; 4; 19; 2; 51; 51; 2
73; 73H; >; 5; 17; 2; 55; 55; 2
73; 73H; >; 6; 16; 2; 59; 59; 2
73; 73H; >; 7; 18; 2; 5; 5; 2
73; 73H; >; 8; 7; 2; 9; 9; 2
73; 73R; <; 1; 7; 2; 0; 0; 1
73; 73R; <; 2; 18; 2; 4; 4; 1
73; 73R; <; 3; 16; 2; 10; 10; 1
73; 73R; <; 4; 17; 2; 14; 14; 1
73; 73R; <; 5; 19; 2; 18; 18; 1
73; 73R; <; 6; 20; 2; 26; 26; 1
73; 73R; <; 7; 22; 2; 34; 34; 1
73; 73R; <; 8; 21; 2; 39; 39; 1
73; 73R; <; 1; 7; 2; 30; 30; 2
73; 73R; <; 2; 18; 2; 34; 34; 2
73; 73R; <; 3; 16; 2; 40; 40; 2
73; 73R; <; 4; 17; 2; 44; 44; 2
73; 73R; <; 5; 19; 2; 48; 48; 2
73; 73R; <; 6; 20; 2; 56; 56; 2
73; 73R; <; 7; 22; 2; 4; 4; 2
73; 73R; <; 8; 21; 2; 9; 9; 2
74; 74H; >; 1; 23; 13; 5; 5; 1
74; 74H; >; 2; 14; 13; 9; 9; 1
74; 74H; >; 3; 11; 13; 17; 17; 1
74; 74H; >; 4; 4; 13; 24; 24; 1
74; 74H; >; 5; 5; 13; 29; 29; 1
74; 74H; >; 6; 9; 13; 33; 33; 1
74; 74H; >; 7; 10; 13; 37; 37; 1
74; 74H; >; 8; 17; 13; 44; 44; 1
74; 74H; >; 1; 23; 13; 9; 9; 2
74; 74H; >; 2; 14; 13; 13; 13; 2
74; 74H; >; 3; 11; 13; 21; 21; 2
74; 74H; >; 4; 4; 13; 28; 28; 2
74; 74H; >; 5; 5; 13; 33; 33; 2
74; 74H; >; 6; 9; 13; 37; 37; 2
74; 74H; >; 7; 10; 13; 41; 41; 2
74; 74H; >; 8; 17; 13; 48; 48; 2
74; 74H; >; 1; 23; 13; 14; 14; 3
74; 74H; >; 2; 14; 13; 18; 18; 3
74; 74H; >; 3; 11; 13; 26; 26; 3
74; 74H; >; 4; 4; 13; 33; 33; 3
74; 74H; >; 5; 5; 13; 38; 38; 3
74; 74H; >; 6; 9; 13; 42; 42; 3
74; 74H; >; 7; 10; 13; 46; 46; 3
74; 74H; >; 8; 17; 13; 53; 53; 3
74; 74H; >; 1; 23; 13; 18; 18; 4
74; 74H; >; 2; 14; 13; 22; 22; 4
74; 74H; >; 3; 11; 13; 30; 30; 4
74; 74H; >; 4; 4; 13; 37; 37; 4
74; 74H; >; 5; 5; 13; 42; 42; 4
74; 74H; >; 6; 9; 13; 46; 46; 4
74; 74H; >; 7; 10; 13; 50; 50; 4
74; 74H; >; 8; 17; 13; 57; 57; 4
74; 74H; >; 1; 23; 13; 23; 23; 5
74; 74H; >; 2; 14; 13; 27; 27; 5
74; 74H; >; 3; 11; 13; 35; 35; 5
74; 74H; >; 4; 4; 13; 42; 42; 5
74; 74H; >; 5; 5; 13; 47; 47; 5
74; 74H; >; 6; 9; 13; 51; 51; 5
74; 74H; >; 7; 10; 13; 55; 55; 5
74; 74H; >; 8; 17; 13; 2; 2; 5
74; 74H; >; 1; 23; 13; 28; 28; 6
74; 74H; >; 2; 14; 13; 32; 32; 6
74; 74H; >; 3; 11; 13; 40; 40; 6
74; 74H; >; 4; 4; 13; 47; 47; 6
74; 74H; >; 5; 5; 13; 52; 52; 6
74; 74H; >; 6; 9; 13; 56; 56; 6
74; 74H; >; 7; 10; 13; 0; 0; 6
74; 74H; >; 8; 17; 13; 7; 7; 6
74; 74H; >; 1; 23; 13; 32; 32; 7
74; 74H; >; 2; 14; 13; 36; 36; 7
74; 74H; >; 3; 11; 13; 44; 44; 7
74; 74H; >; 4; 4; 13; 51; 51; 7
74; 74H; >; 5; 5; 13; 56; 56; 7
74; 74H; >; 6; 9; 13; 0; 0; 7
74; 74H; >; 7; 10; 13; 4; 4; 7
74; 74H; >; 8; 17; 13; 11; 11; 7
74; 74H; >; 1; 23; 13; 37; 37; 8
74; 74H; >; 2; 14; 13; 41; 41; 8
74; 74H; >; 3; 11; 13; 49; 49; 8
74; 74H; >; 4; 4; 13; 56; 56; 8
74; 74H; >; 5; 5; 13; 1; 1; 8
74; 74H; >; 6; 9; 13; 5; 5; 8
74; 74H; >; 7; 10; 13; 9; 9; 8
74; 74H; >; 8; 17; 13; 16; 16; 8
74; 74H; >; 1; 23; 13; 41; 41; 9
74; 74H; >; 2; 14; 13; 45; 45; 9
74; 74H; >; 3; 11; 13; 53; 53; 9
74; 74H; >; 4; 4; 13; 0; 0; 9
74; 74H; >; 5; 5; 13; 5; 5; 9
74; 74H; >; 6; 9; 13; 9; 9; 9
74; 74H; >; 7; 10; 13; 13; 13; 9
74; 74H; >; 8; 17; 13; 20; 20; 9
74; 74H; >; 1; 23; 13; 46; 46; 10
74; 74H; >; 2; 14; 13; 50; 50; 10
74; 74H; >; 3; 11; 13; 58; 58; 10
74; 74H; >; 4; 4; 13; 5; 5; 10
74; 74H; >; 5; 5; 13; 10; 10; 10
74; 74H; >; 6; 9; 13; 14; 14; 10
74; 74H; >; 7; 10; 13; 18; 18; 10
74; 74H; >; 8; 17; 13; 25; 25; 10
74; 74H; >; 1; 23; 13; 51; 51; 11
74; 74H; >; 2; 14; 13; 55; 55; 11
74; 74H; >; 3; 11; 13; 3; 3; 11
74; 74H; >; 4; 4; 13; 10; 10; 11
74; 74H; >; 5; 5; 13; 15; 15; 11
74; 74H; >; 6; 9; 13; 19; 19; 11
74; 74H; >; 7; 10; 13; 23; 23; 11
74; 74H; >; 8; 17; 13; 30; 30; 11
74; 74H; >; 1; 23; 13; 55; 55; 12
74; 74H; >; 2; 14; 13; 59; 59; 12
74; 74H; >; 3; 11; 13; 7; 7; 12
74; 74H; >; 4; 4; 13; 14; 14; 12
74; 74H; >; 5; 5; 13; 19; 19; 12
74; 74H; >; 6; 9; 13; 23; 23; 12
74; 74H; >; 7; 10; 13; 27; 27; 12
74; 74H; >; 8; 17; 13; 34; 34; 12
74; 74H; >; 1; 23; 13; 0; 0; 13
74; 74H; >; 2; 14; 13; 4; 4; 13
74; 74H; >; 3; 11; 13; 12; 12; 13
74; 74H; >; 4; 4; 13; 19; 19; 13
74; 74H; >; 5; 5; 13; 24; 24; 13
74; 74H; >; 6; 9; 13; 28; 28; 13
74; 74H; >; 7; 10; 13; 32; 32; 13
74; 74H; >; 8; 17; 13; 39; 39; 13
74; 74R; <; 1; 17; 13; 0; 0; 1
74; 74R; <; 2; 10; 13; 7; 7; 1
74; 74R; <; 3; 9; 13; 11; 11; 1
74; 74R; <; 4; 5; 13; 15; 15; 1
74; 74R; <; 5; 4; 13; 20; 20; 1
74; 74R; <; 6; 11; 13; 27; 27; 1
74; 74R; <; 7; 14; 13; 35; 35; 1
74; 74R; <; 8; 23; 13; 39; 39; 1
74; 74R; <; 1; 17; 13; 4; 4; 2
74; 74R; <; 2; 10; 13; 11; 11; 2
74; 74R; <; 3; 9; 13; 15; 15; 2
74; 74R; <; 4; 5; 13; 19; 19; 2
74; 74R; <; 5; 4; 13; 24; 24; 2
74; 74R; <; 6; 11; 13; 31; 31; 2
74; 74R; <; 7; 14; 13; 39; 39; 2
74; 74R; <; 8; 23; 13; 43; 43; 2
74; 74R; <; 1; 17; 13; 9; 9; 3
74; 74R; <; 2; 10; 13; 16; 16; 3
74; 74R; <; 3; 9; 13; 20; 20; 3
74; 74R; <; 4; 5; 13; 24; 24; 3
74; 74R; <; 5; 4; 13; 29; 29; 3
74; 74R; <; 6; 11; 13; 36; 36; 3
74; 74R; <; 7; 14; 13; 44; 44; 3
74; 74R; <; 8; 23; 13; 48; 48; 3
74; 74R; <; 1; 17; 13; 13; 13; 4
74; 74R; <; 2; 10; 13; 20; 20; 4
74; 74R; <; 3; 9; 13; 24; 24; 4
74; 74R; <; 4; 5; 13; 28; 28; 4
74; 74R; <; 5; 4; 13; 33; 33; 4
74; 74R; <; 6; 11; 13; 40; 40; 4
74; 74R; <; 7; 14; 13; 48; 48; 4
74; 74R; <; 8; 23; 13; 52; 52; 4
74; 74R; <; 1; 17; 13; 18; 18; 5
74; 74R; <; 2; 10; 13; 25; 25; 5
74; 74R; <; 3; 9; 13; 29; 29; 5
74; 74R; <; 4; 5; 13; 33; 33; 5
74; 74R; <; 5; 4; 13; 38; 38; 5
74; 74R; <; 6; 11; 13; 45; 45; 5
74; 74R; <; 7; 14; 13; 53; 53; 5
74; 74R; <; 8; 23; 13; 57; 57; 5
74; 74R; <; 1; 17; 13; 23; 23; 6
74; 74R; <; 2; 10; 13; 30; 30; 6
74; 74R; <; 3; 9; 13; 34; 34; 6
74; 74R; <; 4; 5; 13; 38; 38; 6
74; 74R; <; 5; 4; 13; 43; 43; 6
74; 74R; <; 6; 11; 13; 50; 50; 6
74; 74R; <; 7; 14; 13; 58; 58; 6
74; 74R; <; 8; 23; 13; 2; 2; 6
74; 74R; <; 1; 17; 13; 27; 27; 7
74; 74R; <; 2; 10; 13; 34; 34; 7
74; 74R; <; 3; 9; 13; 38; 38; 7
74; 74R; <; 4; 5; 13; 42; 42; 7
74; 74R; <; 5; 4; 13; 47; 47; 7
74; 74R; <; 6; 11; 13; 54; 54; 7
74; 74R; <; 7; 14; 13; 2; 2; 7
74; 74R; <; 8; 23; 13; 6; 6; 7
74; 74R; <; 1; 17; 13; 32; 32; 8
74; 74R; <; 2; 10; 13; 39; 39; 8
74; 74R; <; 3; 9; 13; 43; 43; 8
74; 74R; <; 4; 5; 13; 47; 47; 8
74; 74R; <; 5; 4; 13; 52; 52; 8
74; 74R; <; 6; 11; 13; 59; 59; 8
74; 74R; <; 7; 14; 13; 7; 7; 8
74; 74R; <; 8; 23; 13; 11; 11; 8
74; 74R; <; 1; 17; 13; 36; 36; 9
74; 74R; <; 2; 10; 13; 43; 43; 9
74; 74R; <; 3; 9; 13; 47; 47; 9
74; 74R; <; 4; 5; 13; 51; 51; 9
74; 74R; <; 5; 4; 13; 56; 56; 9
74; 74R; <; 6; 11; 13; 3; 3; 9
74; 74R; <; 7; 14; 13; 11; 11; 9
74; 74R; <; 8; 23; 13; 15; 15; 9
74; 74R; <; 1; 17; 13; 41; 41; 10
74; 74R; <; 2; 10; 13; 48; 48; 10
74; 74R; <; 3; 9; 13; 52; 52; 10
74; 74R; <; 4; 5; 13; 56; 56; 10
74; 74R; <; 5; 4; 13; 1; 1; 10
74; 74R; <; 6; 11; 13; 8; 8; 10
74; 74R; <; 7; 14; 13; 16; 16; 10
74; 74R; <; 8; 23; 13; 20; 20; 10
74; 74R; <; 1; 17; 13; 46; 46; 11
74; 74R; <; 2; 10; 13; 53; 53; 11
74; 74R; <; 3; 9; 13; 57; 57; 11
74; 74R; <; 4; 5; 13; 1; 1; 11
74; 74R; <; 5; 4; 13; 6; 6; 11
74; 74R; <; 6; 11; 13; 13; 13; 11
74; 74R; <; 7; 14; 13; 21; 21; 11
74; 74R; <; 8; 23; 13; 25; 25; 11
74; 74R; <; 1; 17; 13; 50; 50; 12
74; 74R; <; 2; 10; 13; 57; 57; 12
74; 74R; <; 3; 9; 13; 1; 1; 12
74; 74R; <; 4; 5; 13; 5; 5; 12
74; 74R; <; 5; 4; 13; 10; 10; 12
74; 74R; <; 6; 11; 13; 17; 17; 12
74; 74R; <; 7; 14; 13; 25; 25; 12
74; 74R; <; 8; 23; 13; 29; 29; 12
74; 74R; <; 1; 17; 13; 55; 55; 13
74; 74R; <; 2; 10; 13; 2; 2; 13
74; 74R; <; 3; 9; 13; 6; 6; 13
74; 74R; <; 4; 5; 13; 10; 10; 13
74; 74R; <; 5; 4; 13; 15; 15; 13
74; 74R; <; 6; 11; 13; 22; 22; 13
74; 74R; <; 7; 14; 13; 30; 30; 13
74; 74R; <; 8; 23; 13; 34; 34; 13
75; 75H; >; 1; 13; 13; 0; 0; 1
75; 75H; >; 2; 24; 13; 5; 5; 1
75; 75H; >; 3; 23; 13; 10; 10; 1
75; 75H; >; 4; 22; 13; 15; 15; 1
75; 75H; >; 5; 15; 13; 19; 19; 1
75; 75H; >; 6; 10; 13; 27; 27; 1
75; 75H; >; 7; 9; 13; 31; 31; 1
75; 75H; >; 8; 5; 13; 35; 35; 1
75; 75H; >; 1; 13; 13; 4; 4; 2
75; 75H; >; 2; 24; 13; 9; 9; 2
75; 75H; >; 3; 23; 13; 14; 14; 2
75; 75H; >; 4; 22; 13; 19; 19; 2
75; 75H; >; 5; 15; 13; 23; 23; 2
75; 75H; >; 6; 10; 13; 31; 31; 2
75; 75H; >; 7; 9; 13; 35; 35; 2
75; 75H; >; 8; 5; 13; 39; 39; 2
75; 75H; >; 1; 13; 13; 9; 9; 3
75; 75H; >; 2; 24; 13; 14; 14; 3
75; 75H; >; 3; 23; 13; 19; 19; 3
75; 75H; >; 4; 22; 13; 24; 24; 3
75; 75H; >; 5; 15; 13; 28; 28; 3
75; 75H; >; 6; 10; 13; 36; 36; 3
75; 75H; >; 7; 9; 13; 40; 40; 3
75; 75H; >; 8; 5; 13; 44; 44; 3
75; 75H; >; 1; 13; 13; 13; 13; 4
75; 75H; >; 2; 24; 13; 18; 18; 4
75; 75H; >; 3; 23; 13; 23; 23; 4
75; 75H; >; 4; 22; 13; 28; 28; 4
75; 75H; >; 5; 15; 13; 32; 32; 4
75; 75H; >; 6; 10; 13; 40; 40; 4
75; 75H; >; 7; 9; 13; 44; 44; 4
75; 75H; >; 8; 5; 13; 48; 48; 4
75; 75H; >; 1; 13; 13; 18; 18; 5
75; 75H; >; 2; 24; 13; 23; 23; 5
75; 75H; >; 3; 23; 13; 28; 28; 5
75; 75H; >; 4; 22; 13; 33; 33; 5
75; 75H; >; 5; 15; 13; 37; 37; 5
75; 75H; >; 6; 10; 13; 45; 45; 5
75; 75H; >; 7; 9; 13; 49; 49; 5
75; 75H; >; 8; 5; 13; 53; 53; 5
75; 75H; >; 1; 13; 13; 23; 23; 6
75; 75H; >; 2; 24; 13; 28; 28; 6
75; 75H; >; 3; 23; 13; 33; 33; 6
75; 75H; >; 4; 22; 13; 38; 38; 6
75; 75H; >; 5; 15; 13; 42; 42; 6
75; 75H; >; 6; 10; 13; 50; 50; 6
75; 75H; >; 7; 9; 13; 54; 54; 6
75; 75H; >; 8; 5; 13; 58; 58; 6
75; 75H; >; 1; 13; 13; 27; 27; 7
75; 75H; >; 2; 24; 13; 32; 32; 7
75; 75H; >; 3; 23; 13; 37; 37; 7
75; 75H; >; 4; 22; 13; 42; 42; 7
75; 75H; >; 5; 15; 13; 46; 46; 7
75; 75H; >; 6; 10; 13; 54; 54; 7
75; 75H; >; 7; 9; 13; 58; 58; 7
75; 75H; >; 8; 5; 13; 2; 2; 7
75; 75H; >; 1; 13; 13; 32; 32; 8
75; 75H; >; 2; 24; 13; 37; 37; 8
75; 75H; >; 3; 23; 13; 42; 42; 8
75; 75H; >; 4; 22; 13; 47; 47; 8
75; 75H; >; 5; 15; 13; 51; 51; 8
75; 75H; >; 6; 10; 13; 59; 59; 8
75; 75H; >; 7; 9; 13; 3; 3; 8
75; 75H; >; 8; 5; 13; 7; 7; 8
75; 75H; >; 1; 13; 13; 36; 36; 9
75; 75H; >; 2; 24; 13; 41; 41; 9
75; 75H; >; 3; 23; 13; 46; 46; 9
75; 75H; >; 4; 22; 13; 51; 51; 9
75; 75H; >; 5; 15; 13; 55; 55; 9
75; 75H; >; 6; 10; 13; 3; 3; 9
75; 75H; >; 7; 9; 13; 7; 7; 9
75; 75H; >; 8; 5; 13; 11; 11; 9
75; 75H; >; 1; 13; 13; 41; 41; 10
75; 75H; >; 2; 24; 13; 46; 46; 10
75; 75H; >; 3; 23; 13; 51; 51; 10
75; 75H; >; 4; 22; 13; 56; 56; 10
75; 75H; >; 5; 15; 13; 0; 0; 10
75; 75H; >; 6; 10; 13; 8; 8; 10
75; 75H; >; 7; 9; 13; 12; 12; 10
75; 75H; >; 8; 5; 13; 16; 16; 10
75; 75H; >; 1; 13; 13; 46; 46; 11
75; 75H; >; 2; 24; 13; 51; 51; 11
75; 75H; >; 3; 23; 13; 56; 56; 11
75; 75H; >; 4; 22; 13; 1; 1; 11
75; 75H; >; 5; 15; 13; 5; 5; 11
75; 75H; >; 6; 10; 13; 13; 13; 11
75; 75H; >; 7; 9; 13; 17; 17; 11
75; 75H; >; 8; 5; 13; 21; 21; 11
75; 75H; >; 1; 13; 13; 50; 50; 12
75; 75H; >; 2; 24; 13; 55; 55; 12
75; 75H; >; 3; 23; 13; 0; 0; 12
75; 75H; >; 4; 22; 13; 5; 5; 12
75; 75H; >; 5; 15; 13; 9; 9; 12
75; 75H; >; 6; 10; 13; 17; 17; 12
75; 75H; >; 7; 9; 13; 21; 21; 12
75; 75H; >; 8; 5; 13; 25; 25; 12
75; 75H; >; 1; 13; 13; 55; 55; 13
75; 75H; >; 2; 24; 13; 0; 0; 13
75; 75H; >; 3; 23; 13; 5; 5; 13
75; 75H; >; 4; 22; 13; 10; 10; 13
75; 75H; >; 5; 15; 13; 14; 14; 13
75; 75H; >; 6; 10; 13; 22; 22; 13
75; 75H; >; 7; 9; 13; 26; 26; 13
75; 75H; >; 8; 5; 13; 30; 30; 13
75; 75R; <; 1; 5; 13; 43; 43; 1
75; 75R; <; 2; 9; 13; 47; 47; 1
75; 75R; <; 3; 10; 13; 51; 51; 1
75; 75R; <; 4; 15; 13; 59; 59; 1
75; 75R; <; 5; 22; 13; 3; 3; 1
75; 75R; <; 6; 23; 13; 8; 8; 1
75; 75R; <; 7; 24; 13; 13; 13; 1
75; 75R; <; 8; 13; 13; 18; 18; 1
75; 75R; <; 1; 5; 13; 47; 47; 2
75; 75R; <; 2; 9; 13; 51; 51; 2
75; 75R; <; 3; 10; 13; 55; 55; 2
75; 75R; <; 4; 15; 13; 3; 3; 2
75; 75R; <; 5; 22; 13; 7; 7; 2
75; 75R; <; 6; 23; 13; 12; 12; 2
75; 75R; <; 7; 24; 13; 17; 17; 2
75; 75R; <; 8; 13; 13; 22; 22; 2
75; 75R; <; 1; 5; 13; 52; 52; 3
75; 75R; <; 2; 9; 13; 56; 56; 3
75; 75R; <; 3; 10; 13; 0; 0; 3
75; 75R; <; 4; 15; 13; 8; 8; 3
75; 75R; <; 5; 22; 13; 12; 12; 3
75; 75R; <; 6; 23; 13; 17; 17; 3
75; 75R; <; 7; 24; 13; 22; 22; 3
75; 75R; <; 8; 13; 13; 27; 27; 3
75; 75R; <; 1; 5; 13; 56; 56; 4
75; 75R; <; 2; 9; 13; 0; 0; 4
75; 75R; <; 3; 10; 13; 4; 4; 4
75; 75R; <; 4; 15; 13; 12; 12; 4
75; 75R; <; 5; 22; 13; 16; 16; 4
75; 75R; <; 6; 23; 13; 21; 21; 4
75; 75R; <; 7; 24; 13; 26; 26; 4
75; 75R; <; 8; 13; 13; 31; 31; 4
75; 75R; <; 1; 5; 13; 1; 1; 5
75; 75R; <; 2; 9; 13; 5; 5; 5
75; 75R; <; 3; 10; 13; 9; 9; 5
75; 75R; <; 4; 15; 13; 17; 17; 5
75; 75R; <; 5; 22; 13; 21; 21; 5
75; 75R; <; 6; 23; 13; 26; 26; 5
75; 75R; <; 7; 24; 13; 31; 31; 5
75; 75R; <; 8; 13; 13; 36; 36; 5
75; 75R; <; 1; 5; 13; 6; 6; 6
75; 75R; <; 2; 9; 13; 10; 10; 6
75; 75R; <; 3; 10; 13; 14; 14; 6
75; 75R; <; 4; 15; 13; 22; 22; 6
75; 75R; <; 5; 22; 13; 26; 26; 6
75; 75R; <; 6; 23; 13; 31; 31; 6
75; 75R; <; 7; 24; 13; 36; 36; 6
75; 75R; <; 8; 13; 13; 41; 41; 6
75; 75R; <; 1; 5; 13; 10; 10; 7
75; 75R; <; 2; 9; 13; 14; 14; 7
75; 75R; <; 3; 10; 13; 18; 18; 7
75; 75R; <; 4; 15; 13; 26; 26; 7
75; 75R; <; 5; 22; 13; 30; 30; 7
75; 75R; <; 6; 23; 13; 35; 35; 7
75; 75R; <; 7; 24; 13; 40; 40; 7
75; 75R; <; 8; 13; 13; 45; 45; 7
75; 75R; <; 1; 5; 13; 15; 15; 8
75; 75R; <; 2; 9; 13; 19; 19; 8
75; 75R; <; 3; 10; 13; 23; 23; 8
75; 75R; <; 4; 15; 13; 31; 31; 8
75; 75R; <; 5; 22; 13; 35; 35; 8
75; 75R; <; 6; 23; 13; 40; 40; 8
75; 75R; <; 7; 24; 13; 45; 45; 8
75; 75R; <; 8; 13; 13; 50; 50; 8
75; 75R; <; 1; 5; 13; 19; 19; 9
75; 75R; <; 2; 9; 13; 23; 23; 9
75; 75R; <; 3; 10; 13; 27; 27; 9
75; 75R; <; 4; 15; 13; 35; 35; 9
75; 75R; <; 5; 22; 13; 39; 39; 9
75; 75R; <; 6; 23; 13; 44; 44; 9
75; 75R; <; 7; 24; 13; 49; 49; 9
75; 75R; <; 8; 13; 13; 54; 54; 9
75; 75R; <; 1; 5; 13; 24; 24; 10
75; 75R; <; 2; 9; 13; 28; 28; 10
75; 75R; <; 3; 10; 13; 32; 32; 10
75; 75R; <; 4; 15; 13; 40; 40; 10
75; 75R; <; 5; 22; 13; 44; 44; 10
75; 75R; <; 6; 23; 13; 49; 49; 10
75; 75R; <; 7; 24; 13; 54; 54; 10
75; 75R; <; 8; 13; 13; 59; 59; 10
75; 75R; <; 1; 5; 13; 29; 29; 11
75; 75R; <; 2; 9; 13; 33; 33; 11
75; 75R; <; 3; 10; 13; 37; 37; 11
75; 75R; <; 4; 15; 13; 45; 45; 11
75; 75R; <; 5; 22; 13; 49; 49; 11
75; 75R; <; 6; 23; 13; 54; 54; 11
75; 75R; <; 7; 24; 13; 59; 59; 11
75; 75R; <; 8; 13; 13; 4; 4; 11
75; 75R; <; 1; 5; 13; 33; 33; 12
75; 75R; <; 2; 9; 13; 37; 37; 12
75; 75R; <; 3; 10; 13; 41; 41; 12
75; 75R; <; 4; 15; 13; 49; 49; 12
75; 75R; <; 5; 22; 13; 53; 53; 12
75; 75R; <; 6; 23; 13; 58; 58; 12
75; 75R; <; 7; 24; 13; 3; 3; 12
75; 75R; <; 8; 13; 13; 8; 8; 12
75; 75R; <; 1; 5; 13; 38; 38; 13
75; 75R; <; 2; 9; 13; 42; 42; 13
75; 75R; <; 3; 10; 13; 46; 46; 13
75; 75R; <; 4; 15; 13; 54; 54; 13
75; 75R; <; 5; 22; 13; 58; 58; 13
75; 75R; <; 6; 23; 13; 3; 3; 13
75; 75R; <; 7; 24; 13; 8; 8; 13
75; 75R; <; 8; 13; 13; 13; 13; 13
76; 76H; >; 1; 7; 13; 0; 0; 1
76; 76H; >; 2; 18; 13; 4; 4; 1
76; 76H; >; 3; 16; 13; 10; 10; 1
76; 76H; >; 4; 8; 13; 14; 14; 1
76; 76H; >; 5; 9; 13; 20; 20; 1
76; 76H; >; 6; 5; 13; 24; 24; 1
76; 76H; >; 7; 6; 13; 30; 30; 1
76; 76H; >; 8; 2; 13; 34; 34; 1
76; 76H; >; 1; 7; 13; 4; 4; 2
76; 76H; >; 2; 18; 13; 8; 8; 2
76; 76H; >; 3; 16; 13; 14; 14; 2
76; 76H; >; 4; 8; 13; 18; 18; 2
76; 76H; >; 5; 9; 13; 24; 24; 2
76; 76H; >; 6; 5; 13; 28; 28; 2
76; 76H; >; 7; 6; 13; 34; 34; 2
76; 76H; >; 8; 2; 13; 38; 38; 2
76; 76H; >; 1; 7; 13; 9; 9; 3
76; 76H; >; 2; 18; 13; 13; 13; 3
76; 76H; >; 3; 16; 13; 19; 19; 3
76; 76H; >; 4; 8; 13; 23; 23; 3
76; 76H; >; 5; 9; 13; 29; 29; 3
76; 76H; >; 6; 5; 13; 33; 33; 3
76; 76H; >; 7; 6; 13; 39; 39; 3
76; 76H; >; 8; 2; 13; 43; 43; 3
76; 76H; >; 1; 7; 13; 13; 13; 4
76; 76H; >; 2; 18; 13; 17; 17; 4
76; 76H; >; 3; 16; 13; 23; 23; 4
76; 76H; >; 4; 8; 13; 27; 27; 4
76; 76H; >; 5; 9; 13; 33; 33; 4
76; 76H; >; 6; 5; 13; 37; 37; 4
76; 76H; >; 7; 6; 13; 43; 43; 4
76; 76H; >; 8; 2; 13; 47; 47; 4
76; 76H; >; 1; 7; 13; 18; 18; 5
76; 76H; >; 2; 18; 13; 22; 22; 5
76; 76H; >; 3; 16; 13; 28; 28; 5
76; 76H; >; 4; 8; 13; 32; 32; 5
76; 76H; >; 5; 9; 13; 38; 38; 5
76; 76H; >; 6; 5; 13; 42; 42; 5
76; 76H; >; 7; 6; 13; 48; 48; 5
76; 76H; >; 8; 2; 13; 52; 52; 5
76; 76H; >; 1; 7; 13; 23; 23; 6
76; 76H; >; 2; 18; 13; 27; 27; 6
76; 76H; >; 3; 16; 13; 33; 33; 6
76; 76H; >; 4; 8; 13; 37; 37; 6
76; 76H; >; 5; 9; 13; 43; 43; 6
76; 76H; >; 6; 5; 13; 47; 47; 6
76; 76H; >; 7; 6; 13; 53; 53; 6
76; 76H; >; 8; 2; 13; 57; 57; 6
76; 76H; >; 1; 7; 13; 27; 27; 7
76; 76H; >; 2; 18; 13; 31; 31; 7
76; 76H; >; 3; 16; 13; 37; 37; 7
76; 76H; >; 4; 8; 13; 41; 41; 7
76; 76H; >; 5; 9; 13; 47; 47; 7
76; 76H; >; 6; 5; 13; 51; 51; 7
76; 76H; >; 7; 6; 13; 57; 57; 7
76; 76H; >; 8; 2; 13; 1; 1; 7
76; 76H; >; 1; 7; 13; 32; 32; 8
76; 76H; >; 2; 18; 13; 36; 36; 8
76; 76H; >; 3; 16; 13; 42; 42; 8
76; 76H; >; 4; 8; 13; 46; 46; 8
76; 76H; >; 5; 9; 13; 52; 52; 8
76; 76H; >; 6; 5; 13; 56; 56; 8
76; 76H; >; 7; 6; 13; 2; 2; 8
76; 76H; >; 8; 2; 13; 6; 6; 8
76; 76H; >; 1; 7; 13; 36; 36; 9
76; 76H; >; 2; 18; 13; 40; 40; 9
76; 76H; >; 3; 16; 13; 46; 46; 9
76; 76H; >; 4; 8; 13; 50; 50; 9
76; 76H; >; 5; 9; 13; 56; 56; 9
76; 76H; >; 6; 5; 13; 0; 0; 9
76; 76H; >; 7; 6; 13; 6; 6; 9
76; 76H; >; 8; 2; 13; 10; 10; 9
76; 76H; >; 1; 7; 13; 41; 41; 10
76; 76H; >; 2; 18; 13; 45; 45; 10
76; 76H; >; 3; 16; 13; 51; 51; 10
76; 76H; >; 4; 8; 13; 55; 55; 10
76; 76H; >; 5; 9; 13; 1; 1; 10
76; 76H; >; 6; 5; 13; 5; 5; 10
76; 76H; >; 7; 6; 13; 11; 11; 10
76; 76H; >; 8; 2; 13; 15; 15; 10
76; 76H; >; 1; 7; 13; 46; 46; 11
76; 76H; >; 2; 18; 13; 50; 50; 11
76; 76H; >; 3; 16; 13; 56; 56; 11
76; 76H; >; 4; 8; 13; 0; 0; 11
76; 76H; >; 5; 9; 13; 6; 6; 11
76; 76H; >; 6; 5; 13; 10; 10; 11
76; 76H; >; 7; 6; 13; 16; 16; 11
76; 76H; >; 8; 2; 13; 20; 20; 11
76; 76H; >; 1; 7; 13; 50; 50; 12
76; 76H; >; 2; 18; 13; 54; 54; 12
76; 76H; >; 3; 16; 13; 0; 0; 12
76; 76H; >; 4; 8; 13; 4; 4; 12
76; 76H; >; 5; 9; 13; 10; 10; 12
76; 76H; >; 6; 5; 13; 14; 14; 12
76; 76H; >; 7; 6; 13; 20; 20; 12
76; 76H; >; 8; 2; 13; 24; 24; 12
76; 76H; >; 1; 7; 13; 55; 55; 13
76; 76H; >; 2; 18; 13; 59; 59; 13
76; 76H; >; 3; 16; 13; 5; 5; 13
76; 76H; >; 4; 8; 13; 9; 9; 13
76; 76H; >; 5; 9; 13; 15; 15; 13
76; 76H; >; 6; 5; 13; 19; 19; 13
76; 76H; >; 7; 6; 13; 25; 25; 13
76; 76H; >; 8; 2; 13; 29; 29; 13
76; 76R; <; 1; 2; 13; 2; 2; 1
76; 76R; <; 2; 6; 13; 6; 6; 1
76; 76R; <; 3; 5; 13; 12; 12; 1
76; 76R; <; 4; 9; 13; 16; 16; 1
76; 76R; <; 5; 8; 13; 22; 22; 1
76; 76R; <; 6; 16; 13; 26; 26; 1
76; 76R; <; 7; 18; 13; 32; 32; 1
76; 76R; <; 8; 7; 13; 36; 36; 1
76; 76R; <; 1; 2; 13; 6; 6; 2
76; 76R; <; 2; 6; 13; 10; 10; 2
76; 76R; <; 3; 5; 13; 16; 16; 2
76; 76R; <; 4; 9; 13; 20; 20; 2
76; 76R; <; 5; 8; 13; 26; 26; 2
76; 76R; <; 6; 16; 13; 30; 30; 2
76; 76R; <; 7; 18; 13; 36; 36; 2
76; 76R; <; 8; 7; 13; 40; 40; 2
76; 76R; <; 1; 2; 13; 11; 11; 3
76; 76R; <; 2; 6; 13; 15; 15; 3
76; 76R; <; 3; 5; 13; 21; 21; 3
76; 76R; <; 4; 9; 13; 25; 25; 3
76; 76R; <; 5; 8; 13; 31; 31; 3
76; 76R; <; 6; 16; 13; 35; 35; 3
76; 76R; <; 7; 18; 13; 41; 41; 3
76; 76R; <; 8; 7; 13; 45; 45; 3
76; 76R; <; 1; 2; 13; 15; 15; 4
76; 76R; <; 2; 6; 13; 19; 19; 4
76; 76R; <; 3; 5; 13; 25; 25; 4
76; 76R; <; 4; 9; 13; 29; 29; 4
76; 76R; <; 5; 8; 13; 35; 35; 4
76; 76R; <; 6; 16; 13; 39; 39; 4
76; 76R; <; 7; 18; 13; 45; 45; 4
76; 76R; <; 8; 7; 13; 49; 49; 4
76; 76R; <; 1; 2; 13; 20; 20; 5
76; 76R; <; 2; 6; 13; 24; 24; 5
76; 76R; <; 3; 5; 13; 30; 30; 5
76; 76R; <; 4; 9; 13; 34; 34; 5
76; 76R; <; 5; 8; 13; 40; 40; 5
76; 76R; <; 6; 16; 13; 44; 44; 5
76; 76R; <; 7; 18; 13; 50; 50; 5
76; 76R; <; 8; 7; 13; 54; 54; 5
76; 76R; <; 1; 2; 13; 25; 25; 6
76; 76R; <; 2; 6; 13; 29; 29; 6
76; 76R; <; 3; 5; 13; 35; 35; 6
76; 76R; <; 4; 9; 13; 39; 39; 6
76; 76R; <; 5; 8; 13; 45; 45; 6
76; 76R; <; 6; 16; 13; 49; 49; 6
76; 76R; <; 7; 18; 13; 55; 55; 6
76; 76R; <; 8; 7; 13; 59; 59; 6
76; 76R; <; 1; 2; 13; 29; 29; 7
76; 76R; <; 2; 6; 13; 33; 33; 7
76; 76R; <; 3; 5; 13; 39; 39; 7
76; 76R; <; 4; 9; 13; 43; 43; 7
76; 76R; <; 5; 8; 13; 49; 49; 7
76; 76R; <; 6; 16; 13; 53; 53; 7
76; 76R; <; 7; 18; 13; 59; 59; 7
76; 76R; <; 8; 7; 13; 3; 3; 7
76; 76R; <; 1; 2; 13; 34; 34; 8
76; 76R; <; 2; 6; 13; 38; 38; 8
76; 76R; <; 3; 5; 13; 44; 44; 8
76; 76R; <; 4; 9; 13; 48; 48; 8
76; 76R; <; 5; 8; 13; 54; 54; 8
76; 76R; <; 6; 16; 13; 58; 58; 8
76; 76R; <; 7; 18; 13; 4; 4; 8
76; 76R; <; 8; 7; 13; 8; 8; 8
76; 76R; <; 1; 2; 13; 38; 38; 9
76; 76R; <; 2; 6; 13; 42; 42; 9
76; 76R; <; 3; 5; 13; 48; 48; 9
76; 76R; <; 4; 9; 13; 52; 52; 9
76; 76R; <; 5; 8; 13; 58; 58; 9
76; 76R; <; 6; 16; 13; 2; 2; 9
76; 76R; <; 7; 18; 13; 8; 8; 9
76; 76R; <; 8; 7; 13; 12; 12; 9
76; 76R; <; 1; 2; 13; 43; 43; 10
76; 76R; <; 2; 6; 13; 47; 47; 10
76; 76R; <; 3; 5; 13; 53; 53; 10
76; 76R; <; 4; 9; 13; 57; 57; 10
76; 76R; <; 5; 8; 13; 3; 3; 10
76; 76R; <; 6; 16; 13; 7; 7; 10
76; 76R; <; 7; 18; 13; 13; 13; 10
76; 76R; <; 8; 7; 13; 17; 17; 10
76; 76R; <; 1; 2; 13; 48; 48; 11
76; 76R; <; 2; 6; 13; 52; 52; 11
76; 76R; <; 3; 5; 13; 58; 58; 11
76; 76R; <; 4; 9; 13; 2; 2; 11
76; 76R; <; 5; 8; 13; 8; 8; 11
76; 76R; <; 6; 16; 13; 12; 12; 11
76; 76R; <; 7; 18; 13; 18; 18; 11
76; 76R; <; 8; 7; 13; 22; 22; 11
76; 76R; <; 1; 2; 13; 52; 52; 12
76; 76R; <; 2; 6; 13; 56; 56; 12
76; 76R; <; 3; 5; 13; 2; 2; 12
76; 76R; <; 4; 9; 13; 6; 6; 12
76; 76R; <; 5; 8; 13; 12; 12; 12
76; 76R; <; 6; 16; 13; 16; 16; 12
76; 76R; <; 7; 18; 13; 22; 22; 12
76; 76R; <; 8; 7; 13; 26; 26; 12
76; 76R; <; 1; 2; 13; 57; 57; 13
76; 76R; <; 2; 6; 13; 1; 1; 13
76; 76R; <; 3; 5; 13; 7; 7; 13
76; 76R; <; 4; 9; 13; 11; 11; 13
76; 76R; <; 5; 8; 13; 17; 17; 13
76; 76R; <; 6; 16; 13; 21; 21; 13
76; 76R; <; 7; 18; 13; 27; 27; 13
76; 76R; <; 8; 7; 13; 31; 31; 13
80; 80H; >; 1; 14; 2; 0; 0; 1
80; 80H; >; 2; 11; 2; 8; 8; 1
80; 80H; >; 3; 10; 2; 13; 13; 1
80; 80H; >; 4; 16; 2; 19; 19; 1
80; 80H; >; 5; 8; 2; 23; 23; 1
80; 80H; >; 6; 6; 2; 27; 27; 1
80; 80H; >; 7; 2; 2; 31; 31; 1
80; 80H; >; 1; 14; 2; 30; 30; 2
80; 80H; >; 2; 11; 2; 38; 38; 2
80; 80H; >; 3; 10; 2; 43; 43; 2
80; 80H; >; 4; 16; 2; 49; 49; 2
80; 80H; >; 5; 8; 2; 53; 53; 2
80; 80H; >; 6; 6; 2; 57; 57; 2
80; 80H; >; 7; 2; 2; 1; 1; 2
80; 80R; <; 1; 2; 2; 0; 0; 1
80; 80R; <; 2; 6; 2; 4; 4; 1
80; 80R; <; 3; 8; 2; 8; 8; 1
80; 80R; <; 4; 16; 2; 12; 12; 1
80; 80R; <; 5; 10; 2; 18; 18; 1
80; 80R; <; 6; 11; 2; 23; 23; 1
80; 80R; <; 7; 14; 2; 31; 31; 1
80; 80R; <; 1; 2; 2; 30; 30; 2
80; 80R; <; 2; 6; 2; 34; 34; 2
80; 80R; <; 3; 8; 2; 38; 38; 2
80; 80R; <; 4; 16; 2; 42; 42; 2
80; 80R; <; 5; 10; 2; 48; 48; 2
80; 80R; <; 6; 11; 2; 53; 53; 2
80; 80R; <; 7; 14; 2; 1; 1; 2
81; 81H; >; 1; 20; 2; 0; 0; 1
81; 81H; >; 2; 21; 2; 6; 6; 1
81; 81H; >; 3; 22; 2; 11; 11; 1
81; 81H; >; 4; 23; 2; 16; 16; 1
81; 81H; >; 5; 24; 2; 21; 21; 1
81; 81H; >; 6; 13; 2; 26; 26; 1
81; 81H; >; 1; 20; 2; 30; 30; 2
81; 81H; >; 2; 21; 2; 36; 36; 2
81; 81H; >; 3; 22; 2; 41; 41; 2
81; 81H; >; 4; 23; 2; 46; 46; 2
81; 81H; >; 5; 24; 2; 51; 51; 2
81; 81H; >; 6; 13; 2; 56; 56; 2
81; 81R; <; 1; 13; 2; 0; 0; 1
81; 81R; <; 2; 24; 2; 5; 5; 1
81; 81R; <; 3; 23; 2; 10; 10; 1
81; 81R; <; 4; 22; 2; 15; 15; 1
81; 81R; <; 5; 21; 2; 20; 20; 1
81; 81R; <; 6; 20; 2; 26; 26; 1
81; 81R; <; 1; 13; 2; 30; 30; 2
81; 81R; <; 2; 24; 2; 35; 35; 2
81; 81R; <; 3; 23; 2; 40; 40; 2
81; 81R; <; 4; 22; 2; 45; 45; 2
81; 81R; <; 5; 21; 2; 50; 50; 2
81; 81R; <; 6; 20; 2; 56; 56; 2
84; 84H; >; 1; 19; 2; 0; 0; 1
84; 84H; >; 2; 17; 2; 4; 4; 1
84; 84H; >; 3; 16; 2; 8; 8; 1
84; 84H; >; 4; 10; 2; 14; 14; 1
84; 84H; >; 5; 9; 2; 18; 18; 1
84; 84H; >; 6; 5; 2; 22; 22; 1
84; 84H; >; 1; 19; 2; 30; 30; 2
84; 84H; >; 2; 17; 2; 34; 34; 2
84; 84H; >; 3; 16; 2; 38; 38; 2
84; 84H; >; 4; 10; 2; 44; 44; 2
84; 84H; >; 5; 9; 2; 48; 48; 2
84; 84H; >; 6; 5; 2; 52; 52; 2
84; 84R; <; 1; 5; 2; 0; 0; 1
84; 84R; <; 2; 9; 2; 4; 4; 1
84; 84R; <; 3; 10; 2; 8; 8; 1
84; 84R; <; 4; 16; 2; 14; 14; 1
84; 84R; <; 5; 17; 2; 18; 18; 1
84; 84R; <; 6; 19; 2; 22; 22; 1
84; 84R; <; 1; 5; 2; 30; 30; 2
84; 84R; <; 2; 9; 2; 34; 34; 2
84; 84R; <; 3; 10; 2; 38; 38; 2
84; 84R; <; 4; 16; 2; 44; 44; 2
84; 84R; <; 5; 17; 2; 48; 48; 2
84; 84R; <; 6; 19; 2; 52; 52; 2
87; 87H; >; 1; 12; 2; 0; 0; 1
87; 87H; >; 2; 11; 2; 5; 5; 1
87; 87H; >; 3; 10; 2; 10; 10; 1
87; 87H; >; 4; 16; 2; 16; 16; 1
87; 87H; >; 5; 18; 2; 22; 22; 1
87; 87H; >; 6; 7; 2; 26; 26; 1
87; 87H; >; 1; 12; 2; 30; 30; 2
87; 87H; >; 2; 11; 2; 35; 35; 2
87; 87H; >; 3; 10; 2; 40; 40; 2
87; 87H; >; 4; 16; 2; 46; 46; 2
87; 87H; >; 5; 18; 2; 52; 52; 2
87; 87H; >; 6; 7; 2; 56; 56; 2
87; 87R; <; 1; 7; 2; 0; 0; 1
87; 87R; <; 2; 18; 2; 4; 4; 1
87; 87R; <; 3; 16; 2; 10; 10; 1
87; 87R; <; 4; 10; 2; 16; 16; 1
87; 87R; <; 5; 11; 2; 21; 21; 1
87; 87R; <; 6; 12; 2; 26; 26; 1
87; 87R; <; 1; 7; 2; 30; 30; 2
87; 87R; <; 2; 18; 2; 34; 34; 2
87; 87R; <; 3; 16; 2; 40; 40; 2
87; 87R; <; 4; 10; 2; 46; 46; 2
87; 87R; <; 5; 11; 2; 51; 51; 2
87; 87R; <; 6; 12; 2; 56; 56; 2
88; 88H; >; 1; 2; 2; 0; 0; 1
88; 88H; >; 2; 6; 2; 4; 4; 1
88; 88H; >; 3; 5; 2; 10; 10; 1
88; 88H; >; 4; 4; 2; 15; 15; 1
88; 88H; >; 5; 3; 2; 20; 20; 1
88; 88H; >; 6; 1; 2; 24; 24; 1
88; 88H; >; 1; 2; 2; 30; 30; 2
88; 88H; >; 2; 6; 2; 34; 34; 2
88; 88H; >; 3; 5; 2; 40; 40; 2
88; 88H; >; 4; 4; 2; 45; 45; 2
88; 88H; >; 5; 3; 2; 50; 50; 2
88; 88H; >; 6; 1; 2; 54; 54; 2
88; 88R; <; 1; 1; 2; 0; 0; 1
88; 88R; <; 2; 3; 2; 4; 4; 1
88; 88R; <; 3; 4; 2; 9; 9; 1
88; 88R; <; 4; 5; 2; 14; 14; 1
88; 88R; <; 5; 6; 2; 20; 20; 1
88; 88R; <; 6; 2; 2; 24; 24; 1
88; 88R; <; 1; 1; 2; 30; 30; 2
88; 88R; <; 2; 3; 2; 34; 34; 2
88; 88R; <; 3; 4; 2; 39; 39; 2
88; 88R; <; 4; 5; 2; 44; 44; 2
88; 88R; <; 5; 6; 2; 50; 50; 2
88; 88R; <; 6; 2; 2; 54; 54; 2
89; 89H; >; 1; 21; 2; 0; 0; 1
89; 89H; >; 2; 22; 2; 5; 5; 1
89; 89H; >; 3; 23; 2; 10; 10; 1
89; 89H; >; 4; 24; 2; 15; 15; 1
89; 89H; >; 5; 13; 2; 20; 20; 1
89; 89H; >; 1; 21; 2; 30; 30; 2
89; 89H; >; 2; 22; 2; 35; 35; 2
89; 89H; >; 3; 23; 2; 40; 40; 2
89; 89H; >; 4; 24; 2; 45; 45; 2
89; 89H; >; 5; 13; 2; 50; 50; 2
89; 89R; <; 1; 13; 2; 0; 0; 1
89; 89R; <; 2; 24; 2; 5; 5; 1
89; 89R; <; 3; 23; 2; 10; 10; 1
89; 89R; <; 4; 22; 2; 15; 15; 1
89; 89R; <; 5; 21; 2; 20; 20; 1
89; 89R; <; 1; 13; 2; 30; 30; 2
89; 89R; <; 2; 24; 2; 35; 35; 2
89; 89R; <; 3; 23; 2; 40; 40; 2
89; 89R; <; 4; 22; 2; 45; 45; 2
89; 89R; <; 5; 21; 2; 50; 50; 2
95; 95H; >; 1; 12; 2; 0; 0; 1
95; 95H; >; 2; 11; 2; 5; 5; 1
95; 95H; >; 3; 4; 2; 12; 12; 1
95; 95H; >; 4; 3; 2; 17; 17; 1
95; 95H; >; 5; 1; 2; 21; 21; 1
95; 95H; >; 1; 12; 2; 30; 30; 2
95; 95H; >; 2; 11; 2; 35; 35; 2
95; 95H; >; 3; 4; 2; 42; 42; 2
95; 95H; >; 4; 3; 2; 47; 47; 2
95; 95H; >; 5; 1; 2; 51; 51; 2
95; 95R; <; 1; 1; 2; 0; 0; 1
95; 95R; <; 2; 3; 2; 4; 4; 1
95; 95R; <; 3; 4; 2; 9; 9; 1
95; 95R; <; 4; 11; 2; 16; 16; 1
95; 95R; <; 5; 12; 2; 21; 21; 1
95; 95R; <; 1; 1; 2; 30; 30; 2
95; 95R; <; 2; 3; 2; 34; 34; 2
95; 95R; <; 3; 4; 2; 39; 39; 2
95; 95R; <; 4; 11; 2; 46; 46; 2
95; 95R; <; 5; 12; 2; 51; 51; 2
100; 100H; >; 1; 1; 2; 0; 0; 1
100; 100H; >; 2; 3; 2; 4; 4; 1
100; 100H; >; 3; 12; 2; 11; 11; 1
100; 100H; >; 4; 11; 2; 16; 16; 1
100; 100H; >; 1; 1; 2; 30; 30; 2
100; 100H; >; 2; 3; 2; 34; 34; 2
100; 100H; >; 3; 12; 2; 41; 41; 2
100; 100H; >; 4; 11; 2; 46; 46; 2
100; 100R; <; 1; 11; 2; 0; 0; 1
100; 100R; <; 2; 12; 2; 5; 5; 1
100; 100R; <; 3; 3; 2; 12; 12; 1
100; 100R; <; 4; 1; 2; 16; 16; 1
100; 100R; <; 1; 11; 2; 30; 30; 2
100; 100R; <; 2; 12; 2; 35; 35; 2
100; 100R; <; 3; 3; 2; 42; 42; 2
100; 100R; <; 4; 1; 2; 46; 46; 2
106; 106H; >; 1; 6; 2; 0; 0; 1
106; 106H; >; 2; 8; 2; 4; 4; 1
106; 106H; >; 3; 16; 2; 8; 8; 1
106; 106H; >; 1; 6; 2; 30; 30; 2
106; 106H; >; 2; 8; 2; 34; 34; 2
106; 106H; >; 3; 16; 2; 38; 38; 2
106; 106R; <; 1; 16; 2; 0; 0; 1
106; 106R; <; 2; 8; 2; 4; 4; 1
106; 106R; <; 3; 6; 2; 8; 8; 1
106; 106R; <; 1; 16; 2; 30; 30; 2
106; 106R; <; 2; 8; 2; 34; 34; 2
106; 106R; <; 3; 6; 2; 38; 38; 2
111; 111H; >; 1; 16; 2; 0; 0; 1
111; 111H; >; 2; 17; 2; 4; 4; 1
111; 111H; >; 1; 16; 2; 30; 30; 2
111; 111H; >; 2; 17; 2; 34; 34; 2
111; 111R; <; 1; 17; 2; 0; 0; 1
111; 111R; <; 2; 16; 2; 4; 4; 1
111; 111R; <; 1; 17; 2; 30; 30; 2
111; 111R; <; 2; 16; 2; 34; 34; 2
117; 117H; >; 1; 10; 2; 0; 0; 1
117; 117H; >; 2; 11; 2; 5; 5; 1
117; 117H; >; 1; 10; 2; 30; 30; 2
117; 117H; >; 2; 11; 2; 35; 35; 2
117; 117R; <; 1; 11; 2; 0; 0; 1
117; 117R; <; 2; 10; 2; 5; 5; 1
117; 117R; <; 1; 11; 2; 30; 30; 2
117; 117R; <; 2; 10; 2; 35; 35; 2
121; 121H; >; 1; 12; 2; 0; 0; 1
121; 121H; >; 2; 11; 2; 5; 5; 1
121; 121H; >; 3; 10; 2; 10; 10; 1
121; 121H; >; 4; 16; 2; 16; 16; 1
121; 121H; >; 5; 18; 2; 22; 22; 1
121; 121H; >; 1; 12; 2; 30; 30; 2
121; 121H; >; 2; 11; 2; 35; 35; 2
121; 121H; >; 3; 10; 2; 40; 40; 2
121; 121H; >; 4; 16; 2; 46; 46; 2
121; 121H; >; 5; 18; 2; 52; 52; 2
121; 121R; <; 1; 18; 2; 0; 0; 1
121; 121R; <; 2; 16; 2; 6; 6; 1
121; 121R; <; 3; 10; 2; 12; 12; 1
121; 121R; <; 4; 11; 2; 17; 17; 1
121; 121R; <; 5; 12; 2; 22; 22; 1
121; 121R; <; 1; 18; 2; 30; 30; 2
121; 121R; <; 2; 16; 2; 36; 36; 2
121; 121R; <; 3; 10; 2; 42; 42; 2
121; 121R; <; 4; 11; 2; 47; 47; 2
121; 121R; <; 5; 12; 2; 52; 52; 2
128; 128H; >; 1; 4; 2; 0; 0; 1
128; 128H; >; 2; 11; 2; 7; 7; 1
128; 128H; >; 3; 14; 2; 15; 15; 1
128; 128H; >; 4; 23; 2; 19; 19; 1
128; 128H; >; 5; 24; 2; 24; 24; 1
128; 128H; >; 1; 4; 2; 30; 30; 2
128; 128H; >; 2; 11; 2; 37; 37; 2
128; 128H; >; 3; 14; 2; 45; 45; 2
128; 128H; >; 4; 23; 2; 49; 49; 2
128; 128H; >; 5; 24; 2; 54; 54; 2
128; 128R; <; 1; 24; 2; 0; 0; 1
128; 128R; <; 2; 23; 2; 5; 5; 1
128; 128R; <; 3; 14; 2; 9; 9; 1
128; 128R; <; 4; 11; 2; 17; 17; 1
128; 128R; <; 5; 4; 2; 24; 24; 1
128; 128R; <; 1; 24; 2; 30; 30; 2
128; 128R; <; 2; 23; 2; 35; 35; 2
128; 128R; <; 3; 14; 2; 39; 39; 2
128; 128R; <; 4; 11; 2; 47; 47; 2
128; 128R; <; 5; 4; 2; 54; 54; 2
129; 129H; >; 1; 5; 2; 0; 0; 1
129; 129H; >; 2; 9; 2; 4; 4; 1
129; 129H; >; 3; 10; 2; 8; 8; 1
129; 129H; >; 4; 15; 2; 16; 16; 1
129; 129H; >; 5; 22; 2; 20; 20; 1
129; 129H; >; 6; 21; 2; 25; 25; 1
129; 129H; >; 1; 5; 2; 30; 30; 2
129; 129H; >; 2; 9; 2; 34; 34; 2
129; 129H; >; 3; 10; 2; 38; 38; 2
129; 129H; >; 4; 15; 2; 46; 46; 2
129; 129H; >; 5; 22; 2; 50; 50; 2
129; 129H; >; 6; 21; 2; 55; 55; 2
129; 129R; <; 1; 21; 2; 0; 0; 1
129; 129R; <; 2; 22; 2; 5; 5; 1
129; 129R; <; 3; 15; 2; 9; 9; 1
129; 129R; <; 4; 10; 2; 17; 17; 1
129; 129R; <; 5; 9; 2; 21; 21; 1
129; 129R; <; 6; 5; 2; 25; 25; 1
129; 129R; <; 1; 21; 2; 30; 30; 2
129; 129R; <; 2; 22; 2; 35; 35; 2
129; 129R; <; 3; 15; 2; 39; 39; 2
129; 129R; <; 4; 10; 2; 47; 47; 2
129; 129R; <; 5; 9; 2; 51; 51; 2
129; 129R; <; 6; 5; 2; 55; 55; 2
130; 130H; >; 1; 2; 2; 0; 0; 1
130; 130H; >; 2; 6; 2; 4; 4; 1
130; 130H; >; 3; 8; 2; 8; 8; 1
130; 130H; >; 4; 16; 2; 12; 12; 1
130; 130H; >; 5; 17; 2; 16; 16; 1
130; 130H; >; 6; 19; 2; 20; 20; 1
130; 130H; >; 7; 20; 2; 28; 28; 1
130; 130H; >; 1; 2; 2; 30; 30; 2
130; 130H; >; 2; 6; 2; 34; 34; 2
130; 130H; >; 3; 8; 2; 38; 38; 2
130; 130H; >; 4; 16; 2; 42; 42; 2
130; 130H; >; 5; 17; 2; 46; 46; 2
130; 130H; >; 6; 19; 2; 50; 50; 2
130; 130H; >; 7; 20; 2; 58; 58; 2
130; 130R; <; 1; 20; 2; 0; 0; 1
130; 130R; <; 2; 19; 2; 8; 8; 1
130; 130R; <; 3; 17; 2; 12; 12; 1
130; 130R; <; 4; 16; 2; 16; 16; 1
130; 130R; <; 5; 8; 2; 20; 20; 1
130; 130R; <; 6; 6; 2; 24; 24; 1
130; 130R; <; 7; 2; 2; 28; 28; 1
130; 130R; <; 1; 20; 2; 30; 30; 2
130; 130R; <; 2; 19; 2; 38; 38; 2
130; 130R; <; 3; 17; 2; 42; 42; 2
130; 130R; <; 4; 16; 2; 46; 46; 2
130; 130R; <; 5; 8; 2; 50; 50; 2
130; 130R; <; 6; 6; 2; 54; 54; 2
130; 130R; <; 7; 2; 2; 58; 58; 2
133; 133H; >; 1; 23; 13; 36; 36; 1
133; 133H; >; 2; 22; 13; 41; 41; 1
133; 133H; >; 3; 15; 13; 45; 45; 1
133; 133H; >; 4; 19; 13; 51; 51; 1
133; 133H; >; 5; 17; 13; 55; 55; 1
133; 133H; >; 6; 16; 13; 59; 59; 1
133; 133H; >; 7; 8; 13; 3; 3; 1
133; 133H; >; 8; 7; 13; 9; 9; 1
133; 133H; >; 1; 23; 13; 40; 40; 2
133; 133H; >; 2; 22; 13; 45; 45; 2
133; 133H; >; 3; 15; 13; 49; 49; 2
133; 133H; >; 4; 19; 13; 55; 55; 2
133; 133H; >; 5; 17; 13; 59; 59; 2
133; 133H; >; 6; 16; 13; 3; 3; 2
133; 133H; >; 7; 8; 13; 7; 7; 2
133; 133H; >; 8; 7; 13; 13; 13; 2
133; 133H; >; 1; 23; 13; 45; 45; 3
133; 133H; >; 2; 22; 13; 50; 50; 3
133; 133H; >; 3; 15; 13; 54; 54; 3
133; 133H; >; 4; 19; 13; 0; 0; 3
133; 133H; >; 5; 17; 13; 4; 4; 3
133; 133H; >; 6; 16; 13; 8; 8; 3
133; 133H; >; 7; 8; 13; 12; 12; 3
133; 133H; >; 8; 7; 13; 18; 18; 3
133; 133H; >; 1; 23; 13; 49; 49; 4
133; 133H; >; 2; 22; 13; 54; 54; 4
133; 133H; >; 3; 15; 13; 58; 58; 4
133; 133H; >; 4; 19; 13; 4; 4; 4
133; 133H; >; 5; 17; 13; 8; 8; 4
133; 133H; >; 6; 16; 13; 12; 12; 4
133; 133H; >; 7; 8; 13; 16; 16; 4
133; 133H; >; 8; 7; 13; 22; 22; 4
133; 133H; >; 1; 23; 13; 54; 54; 5
133; 133H; >; 2; 22; 13; 59; 59; 5
133; 133H; >; 3; 15; 13; 3; 3; 5
133; 133H; >; 4; 19; 13; 9; 9; 5
133; 133H; >; 5; 17; 13; 13; 13; 5
133; 133H; >; 6; 16; 13; 17; 17; 5
133; 133H; >; 7; 8; 13; 21; 21; 5
133; 133H; >; 8; 7; 13; 27; 27; 5
133; 133H; >; 1; 23; 13; 59; 59; 6
133; 133H; >; 2; 22; 13; 4; 4; 6
133; 133H; >; 3; 15; 13; 8; 8; 6
133; 133H; >; 4; 19; 13; 14; 14; 6
133; 133H; >; 5; 17; 13; 18; 18; 6
133; 133H; >; 6; 16; 13; 22; 22; 6
133; 133H; >; 7; 8; 13; 26; 26; 6
133; 133H; >; 8; 7; 13; 32; 32; 6
133; 133H; >; 1; 23; 13; 3; 3; 7
133; 133H; >; 2; 22; 13; 8; 8; 7
133; 133H; >; 3; 15; 13; 12; 12; 7
133; 133H; >; 4; 19; 13; 18; 18; 7
133; 133H; >; 5; 17; 13; 22; 22; 7
133; 133H; >; 6; 16; 13; 26; 26; 7
133; 133H; >; 7; 8; 13; 30; 30; 7
133; 133H; >; 8; 7; 13; 36; 36; 7
133; 133H; >; 1; 23; 13; 8; 8; 8
133; 133H; >; 2; 22; 13; 13; 13; 8
133; 133H; >; 3; 15; 13; 17; 17; 8
133; 133H; >; 4; 19; 13; 23; 23; 8
133; 133H; >; 5; 17; 13; 27; 27; 8
133; 133H; >; 6; 16; 13; 31; 31; 8
133; 133H; >; 7; 8; 13; 35; 35; 8
133; 133H; >; 8; 7; 13; 41; 41; 8
133; 133H; >; 1; 23; 13; 12; 12; 9
133; 133H; >; 2; 22; 13; 17; 17; 9
133; 133H; >; 3; 15; 13; 21; 21; 9
133; 133H; >; 4; 19; 13; 27; 27; 9
133; 133H; >; 5; 17; 13; 31; 31; 9
133; 133H; >; 6; 16; 13; 35; 35; 9
133; 133H; >; 7; 8; 13; 39; 39; 9
133; 133H; >; 8; 7; 13; 45; 45; 9
133; 133H; >; 1; 23; 13; 17; 17; 10
133; 133H; >; 2; 22; 13; 22; 22; 10
133; 133H; >; 3; 15; 13; 26; 26; 10
133; 133H; >; 4; 19; 13; 32; 32; 10
133; 133H; >; 5; 17; 13; 36; 36; 10
133; 133H; >; 6; 16; 13; 40; 40; 10
133; 133H; >; 7; 8; 13; 44; 44; 10
133; 133H; >; 8; 7; 13; 50; 50; 10
133; 133H; >; 1; 23; 13; 22; 22; 11
133; 133H; >; 2; 22; 13; 27; 27; 11
133; 133H; >; 3; 15; 13; 31; 31; 11
133; 133H; >; 4; 19; 13; 37; 37; 11
133; 133H; >; 5; 17; 13; 41; 41; 11
133; 133H; >; 6; 16; 13; 45; 45; 11
133; 133H; >; 7; 8; 13; 49; 49; 11
133; 133H; >; 8; 7; 13; 55; 55; 11
133; 133H; >; 1; 23; 13; 26; 26; 12
133; 133H; >; 2; 22; 13; 31; 31; 12
133; 133H; >; 3; 15; 13; 35; 35; 12
133; 133H; >; 4; 19; 13; 41; 41; 12
133; 133H; >; 5; 17; 13; 45; 45; 12
133; 133H; >; 6; 16; 13; 49; 49; 12
133; 133H; >; 7; 8; 13; 53; 53; 12
133; 133H; >; 8; 7; 13; 59; 59; 12
133; 133H; >; 1; 23; 13; 31; 31; 13
133; 133H; >; 2; 22; 13; 36; 36; 13
133; 133H; >; 3; 15; 13; 40; 40; 13
133; 133H; >; 4; 19; 13; 46; 46; 13
133; 133H; >; 5; 17; 13; 50; 50; 13
133; 133H; >; 6; 16; 13; 54; 54; 13
133; 133H; >; 7; 8; 13; 58; 58; 13
133; 133H; >; 8; 7; 13; 4; 4; 13
133; 133R; <; 1; 7; 13; 0; 0; 1
133; 133R; <; 2; 8; 13; 6; 6; 1
133; 133R; <; 3; 16; 13; 10; 10; 1
133; 133R; <; 4; 17; 13; 14; 14; 1
133; 133R; <; 5; 19; 13; 18; 18; 1
133; 133R; <; 6; 15; 13; 24; 24; 1
133; 133R; <; 7; 22; 13; 28; 28; 1
133; 133R; <; 8; 23; 13; 33; 33; 1
133; 133R; <; 1; 7; 13; 4; 4; 2
133; 133R; <; 2; 8; 13; 10; 10; 2
133; 133R; <; 3; 16; 13; 14; 14; 2
133; 133R; <; 4; 17; 13; 18; 18; 2
133; 133R; <; 5; 19; 13; 22; 22; 2
133; 133R; <; 6; 15; 13; 28; 28; 2
133; 133R; <; 7; 22; 13; 32; 32; 2
133; 133R; <; 8; 23; 13; 37; 37; 2
133; 133R; <; 1; 7; 13; 9; 9; 3
133; 133R; <; 2; 8; 13; 15; 15; 3
133; 133R; <; 3; 16; 13; 19; 19; 3
133; 133R; <; 4; 17; 13; 23; 23; 3
133; 133R; <; 5; 19; 13; 27; 27; 3
133; 133R; <; 6; 15; 13; 33; 33; 3
133; 133R; <; 7; 22; 13; 37; 37; 3
133; 133R; <; 8; 23; 13; 42; 42; 3
133; 133R; <; 1; 7; 13; 13; 13; 4
133; 133R; <; 2; 8; 13; 19; 19; 4
133; 133R; <; 3; 16; 13; 23; 23; 4
133; 133R; <; 4; 17; 13; 27; 27; 4
133; 133R; <; 5; 19; 13; 31; 31; 4
133; 133R; <; 6; 15; 13; 37; 37; 4
133; 133R; <; 7; 22; 13; 41; 41; 4
133; 133R; <; 8; 23; 13; 46; 46; 4
133; 133R; <; 1; 7; 13; 18; 18; 5
133; 133R; <; 2; 8; 13; 24; 24; 5
133; 133R; <; 3; 16; 13; 28; 28; 5
133; 133R; <; 4; 17; 13; 32; 32; 5
133; 133R; <; 5; 19; 13; 36; 36; 5
133; 133R; <; 6; 15; 13; 42; 42; 5
133; 133R; <; 7; 22; 13; 46; 46; 5
133; 133R; <; 8; 23; 13; 51; 51; 5
133; 133R; <; 1; 7; 13; 23; 23; 6
133; 133R; <; 2; 8; 13; 29; 29; 6
133; 133R; <; 3; 16; 13; 33; 33; 6
133; 133R; <; 4; 17; 13; 37; 37; 6
133; 133R; <; 5; 19; 13; 41; 41; 6
133; 133R; <; 6; 15; 13; 47; 47; 6
133; 133R; <; 7; 22; 13; 51; 51; 6
133; 133R; <; 8; 23; 13; 56; 56; 6
133; 133R; <; 1; 7; 13; 27; 27; 7
133; 133R; <; 2; 8; 13; 33; 33; 7
133; 133R; <; 3; 16; 13; 37; 37; 7
133; 133R; <; 4; 17; 13; 41; 41; 7
133; 133R; <; 5; 19; 13; 45; 45; 7
133; 133R; <; 6; 15; 13; 51; 51; 7
133; 133R; <; 7; 22; 13; 55; 55; 7
133; 133R; <; 8; 23; 13; 0; 0; 7
133; 133R; <; 1; 7; 13; 32; 32; 8
133; 133R; <; 2; 8; 13; 38; 38; 8
133; 133R; <; 3; 16; 13; 42; 42; 8
133; 133R; <; 4; 17; 13; 46; 46; 8
133; 133R; <; 5; 19; 13; 50; 50; 8
133; 133R; <; 6; 15; 13; 56; 56; 8
133; 133R; <; 7; 22; 13; 0; 0; 8
133; 133R; <; 8; 23; 13; 5; 5; 8
133; 133R; <; 1; 7; 13; 36; 36; 9
133; 133R; <; 2; 8; 13; 42; 42; 9
133; 133R; <; 3; 16; 13; 46; 46; 9
133; 133R; <; 4; 17; 13; 50; 50; 9
133; 133R; <; 5; 19; 13; 54; 54; 9
133; 133R; <; 6; 15; 13; 0; 0; 9
133; 133R; <; 7; 22; 13; 4; 4; 9
133; 133R; <; 8; 23; 13; 9; 9; 9
133; 133R; <; 1; 7; 13; 41; 41; 10
133; 133R; <; 2; 8; 13; 47; 47; 10
133; 133R; <; 3; 16; 13; 51; 51; 10
133; 133R; <; 4; 17; 13; 55; 55; 10
133; 133R; <; 5; 19; 13; 59; 59; 10
133; 133R; <; 6; 15; 13; 5; 5; 10
133; 133R; <; 7; 22; 13; 9; 9; 10
133; 133R; <; 8; 23; 13; 14; 14; 10
133; 133R; <; 1; 7; 13; 46; 46; 11
133; 133R; <; 2; 8; 13; 52; 52; 11
133; 133R; <; 3; 16; 13; 56; 56; 11
133; 133R; <; 4; 17; 13; 0; 0; 11
133; 133R; <; 5; 19; 13; 4; 4; 11
133; 133R; <; 6; 15; 13; 10; 10; 11
133; 133R; <; 7; 22; 13; 14; 14; 11
133; 133R; <; 8; 23; 13; 19; 19; 11
133; 133R; <; 1; 7; 13; 50; 50; 12
133; 133R; <; 2; 8; 13; 56; 56; 12
133; 133R; <; 3; 16; 13; 0; 0; 12
133; 133R; <; 4; 17; 13; 4; 4; 12
133; 133R; <; 5; 19; 13; 8; 8; 12
133; 133R; <; 6; 15; 13; 14; 14; 12
133; 133R; <; 7; 22; 13; 18; 18; 12
133; 133R; <; 8; 23; 13; 23; 23; 12
133; 133R; <; 1; 7; 13; 55; 55; 13
133; 133R; <; 2; 8; 13; 1; 1; 13
133; 133R; <; 3; 16; 13; 5; 5; 13
133; 133R; <; 4; 17; 13; 9; 9; 13
133; 133R; <; 5; 19; 13; 13; 13; 13
133; 133R; <; 6; 15; 13; 19; 19; 13
133; 133R; <; 7; 22; 13; 23; 23; 13
133; 133R; <; 8; 23; 13; 28; 28; 13
134; 134H; >; 1; 6; 2; 0; 0; 1
134; 134H; >; 2; 5; 2; 6; 6; 1
134; 134H; >; 3; 9; 2; 10; 10; 1
134; 134H; >; 4; 10; 2; 14; 14; 1
134; 134H; >; 5; 15; 2; 22; 22; 1
134; 134H; >; 6; 22; 2; 26; 26; 1
134; 134H; >; 7; 23; 2; 31; 31; 1
134; 134H; >; 1; 6; 2; 30; 30; 2
134; 134H; >; 2; 5; 2; 36; 36; 2
134; 134H; >; 3; 9; 2; 40; 40; 2
134; 134H; >; 4; 10; 2; 44; 44; 2
134; 134H; >; 5; 15; 2; 52; 52; 2
134; 134H; >; 6; 22; 2; 56; 56; 2
134; 134H; >; 7; 23; 2; 1; 1; 2
134; 134R; <; 1; 23; 2; 0; 0; 1
134; 134R; <; 2; 22; 2; 5; 5; 1
134; 134R; <; 3; 15; 2; 9; 9; 1
134; 134R; <; 4; 10; 2; 17; 17; 1
134; 134R; <; 5; 9; 2; 21; 21; 1
134; 134R; <; 6; 5; 2; 25; 25; 1
134; 134R; <; 7; 6; 2; 31; 31; 1
134; 134R; <; 1; 23; 2; 30; 30; 2
134; 134R; <; 2; 22; 2; 35; 35; 2
134; 134R; <; 3; 15; 2; 39; 39; 2
134; 134R; <; 4; 10; 2; 47; 47; 2
134; 134R; <; 5; 9; 2; 51; 51; 2
134; 134R; <; 6; 5; 2; 55; 55; 2
134; 134R; <; 7; 6; 2; 1; 1; 2
135; 135H; >; 1; 12; 2; 0; 0; 1
135; 135H; >; 2; 11; 2; 5; 5; 1
135; 135H; >; 3; 10; 2; 10; 10; 1
135; 135H; >; 4; 16; 2; 16; 16; 1
135; 135H; >; 5; 18; 2; 22; 22; 1
135; 135H; >; 1; 12; 2; 30; 30; 2
135; 135H; >; 2; 11; 2; 35; 35; 2
135; 135H; >; 3; 10; 2; 40; 40; 2
135; 135H; >; 4; 16; 2; 46; 46; 2
135; 135H; >; 5; 18; 2; 52; 52; 2
135; 135R; <; 1; 18; 2; 0; 0; 1
135; 135R; <; 2; 16; 2; 6; 6; 1
135; 135R; <; 3; 10; 2; 12; 12; 1
135; 135R; <; 4; 11; 2; 17; 17; 1
135; 135R; <; 5; 12; 2; 22; 22; 1
135; 135R; <; 1; 18; 2; 30; 30; 2
135; 135R; <; 2; 16; 2; 36; 36; 2
135; 135R; <; 3; 10; 2; 42; 42; 2
135; 135R; <; 4; 11; 2; 47; 47; 2
135; 135R; <; 5; 12; 2; 52; 52; 2
137; 137H; >; 1; 16; 2; 0; 0; 1
137; 137H; >; 2; 10; 2; 6; 6; 1
137; 137H; >; 3; 11; 2; 11; 11; 1
137; 137H; >; 4; 14; 2; 19; 19; 1
137; 137H; >; 5; 23; 2; 23; 23; 1
137; 137H; >; 6; 24; 2; 28; 28; 1
137; 137H; >; 7; 13; 2; 33; 33; 1
137; 137H; >; 1; 16; 2; 30; 30; 2
137; 137H; >; 2; 10; 2; 36; 36; 2
137; 137H; >; 3; 11; 2; 41; 41; 2
137; 137H; >; 4; 14; 2; 49; 49; 2
137; 137H; >; 5; 23; 2; 53; 53; 2
137; 137H; >; 6; 24; 2; 58; 58; 2
137; 137H; >; 7; 13; 2; 3; 3; 2
137; 137R; <; 1; 13; 2; 0; 0; 1
137; 137R; <; 2; 24; 2; 5; 5; 1
137; 137R; <; 3; 23; 2; 10; 10; 1
137; 137R; <; 4; 14; 2; 14; 14; 1
137; 137R; <; 5; 11; 2; 22; 22; 1
137; 137R; <; 6; 10; 2; 27; 27; 1
137; 137R; <; 7; 16; 2; 33; 33; 1
137; 137R; <; 1; 13; 2; 30; 30; 2
137; 137R; <; 2; 24; 2; 35; 35; 2
137; 137R; <; 3; 23; 2; 40; 40; 2
137; 137R; <; 4; 14; 2; 44; 44; 2
137; 137R; <; 5; 11; 2; 52; 52; 2
137; 137R; <; 6; 10; 2; 57; 57; 2
137; 137R; <; 7; 16; 2; 3; 3; 2
