#event-id; time
1; 0
2; 4
3; 4
4; 28
5; 28
6; 37
7; 37
8; 46
9; 46
10; 56
11; 56
12; 11
13; 30
14; 34
15; 34
16; 58
17; 58
18; 7
19; 7
20; 16
21; 16
22; 26
23; 26
24; 41
25; 30
26; 45
27; 45
28; 55
29; 55
30; 4
31; 4
32; 13
33; 13
34; 37
35; 37
36; 41
37; 0
38; 15
39; 15
40; 25
41; 25
42; 34
43; 34
44; 43
45; 43
46; 7
47; 7
48; 11
49; 0
50; 2
51; 2
52; 3
53; 3
54; 14
55; 14
56; 31
57; 31
58; 35
59; 35
60; 42
61; 4
62; 6
63; 6
64; 7
65; 7
66; 18
67; 18
68; 35
69; 35
70; 39
71; 39
72; 46
73; 9
74; 11
75; 11
76; 12
77; 12
78; 23
79; 23
80; 40
81; 40
82; 44
83; 44
84; 51
85; 13
86; 15
87; 15
88; 16
89; 16
90; 27
91; 27
92; 44
93; 44
94; 48
95; 48
96; 55
97; 18
98; 20
99; 20
100; 21
101; 21
102; 32
103; 32
104; 49
105; 49
106; 53
107; 53
108; 0
109; 23
110; 25
111; 25
112; 26
113; 26
114; 37
115; 37
116; 54
117; 54
118; 58
119; 58
120; 5
121; 27
122; 29
123; 29
124; 30
125; 30
126; 41
127; 41
128; 58
129; 58
130; 2
131; 2
132; 9
133; 32
134; 34
135; 34
136; 35
137; 35
138; 46
139; 46
140; 3
141; 3
142; 7
143; 7
144; 14
145; 36
146; 38
147; 38
148; 39
149; 39
150; 50
151; 50
152; 7
153; 7
154; 11
155; 11
156; 18
157; 41
158; 43
159; 43
160; 44
161; 44
162; 55
163; 55
164; 12
165; 12
166; 16
167; 16
168; 23
169; 46
170; 48
171; 48
172; 49
173; 49
174; 0
175; 0
176; 17
177; 17
178; 21
179; 21
180; 28
181; 50
182; 52
183; 52
184; 53
185; 53
186; 4
187; 4
188; 21
189; 21
190; 25
191; 25
192; 32
193; 55
194; 57
195; 57
196; 58
197; 58
198; 9
199; 9
200; 26
201; 26
202; 30
203; 30
204; 37
205; 0
206; 7
207; 7
208; 11
209; 11
210; 28
211; 28
212; 39
213; 39
214; 40
215; 40
216; 42
217; 4
218; 11
219; 11
220; 15
221; 15
222; 32
223; 32
224; 43
225; 43
226; 44
227; 44
228; 46
229; 9
230; 16
231; 16
232; 20
233; 20
234; 37
235; 37
236; 48
237; 48
238; 49
239; 49
240; 51
241; 13
242; 20
243; 20
244; 24
245; 24
246; 41
247; 41
248; 52
249; 52
250; 53
251; 53
252; 55
253; 18
254; 25
255; 25
256; 29
257; 29
258; 46
259; 46
260; 57
261; 57
262; 58
263; 58
264; 0
265; 23
266; 30
267; 30
268; 34
269; 34
270; 51
271; 51
272; 2
273; 2
274; 3
275; 3
276; 5
277; 27
278; 34
279; 34
280; 38
281; 38
282; 55
283; 55
284; 6
285; 6
286; 7
287; 7
288; 9
289; 32
290; 39
291; 39
292; 43
293; 43
294; 0
295; 0
296; 11
297; 11
298; 12
299; 12
300; 14
301; 36
302; 43
303; 43
304; 47
305; 47
306; 4
307; 4
308; 15
309; 15
310; 16
311; 16
312; 18
313; 41
314; 48
315; 48
316; 52
317; 52
318; 9
319; 9
320; 20
321; 20
322; 21
323; 21
324; 23
325; 46
326; 53
327; 53
328; 57
329; 57
330; 14
331; 14
332; 25
333; 25
334; 26
335; 26
336; 28
337; 50
338; 57
339; 57
340; 1
341; 1
342; 18
343; 18
344; 29
345; 29
346; 30
347; 30
348; 32
349; 55
350; 2
351; 2
352; 6
353; 6
354; 23
355; 23
356; 34
357; 34
358; 35
359; 35
360; 37
361; 0
362; 11
363; 11
364; 12
365; 12
366; 27
367; 27
368; 34
369; 34
370; 53
371; 30
372; 41
373; 41
374; 42
375; 42
376; 57
377; 57
378; 4
379; 4
380; 23
381; 0
382; 19
383; 19
384; 26
385; 26
386; 41
387; 41
388; 42
389; 42
390; 53
391; 30
392; 49
393; 49
394; 56
395; 56
396; 11
397; 11
398; 12
399; 12
400; 23
401; 15
402; 37
403; 37
404; 48
405; 48
406; 58
407; 58
408; 7
409; 19
410; 41
411; 41
412; 52
413; 52
414; 2
415; 2
416; 11
417; 24
418; 46
419; 46
420; 57
421; 57
422; 7
423; 7
424; 16
425; 28
426; 50
427; 50
428; 1
429; 1
430; 11
431; 11
432; 20
433; 33
434; 55
435; 55
436; 6
437; 6
438; 16
439; 16
440; 25
441; 38
442; 0
443; 0
444; 11
445; 11
446; 21
447; 21
448; 30
449; 42
450; 4
451; 4
452; 15
453; 15
454; 25
455; 25
456; 34
457; 47
458; 9
459; 9
460; 20
461; 20
462; 30
463; 30
464; 39
465; 51
466; 13
467; 13
468; 24
469; 24
470; 34
471; 34
472; 43
473; 56
474; 18
475; 18
476; 29
477; 29
478; 39
479; 39
480; 48
481; 1
482; 23
483; 23
484; 34
485; 34
486; 44
487; 44
488; 53
489; 5
490; 27
491; 27
492; 38
493; 38
494; 48
495; 48
496; 57
497; 10
498; 32
499; 32
500; 43
501; 43
502; 53
503; 53
504; 2
505; 15
506; 24
507; 24
508; 34
509; 34
510; 45
511; 45
512; 7
513; 19
514; 28
515; 28
516; 38
517; 38
518; 49
519; 49
520; 11
521; 24
522; 33
523; 33
524; 43
525; 43
526; 54
527; 54
528; 16
529; 28
530; 37
531; 37
532; 47
533; 47
534; 58
535; 58
536; 20
537; 33
538; 42
539; 42
540; 52
541; 52
542; 3
543; 3
544; 25
545; 38
546; 47
547; 47
548; 57
549; 57
550; 8
551; 8
552; 30
553; 42
554; 51
555; 51
556; 1
557; 1
558; 12
559; 12
560; 34
561; 47
562; 56
563; 56
564; 6
565; 6
566; 17
567; 17
568; 39
569; 51
570; 0
571; 0
572; 10
573; 10
574; 21
575; 21
576; 43
577; 56
578; 5
579; 5
580; 15
581; 15
582; 26
583; 26
584; 48
585; 1
586; 10
587; 10
588; 20
589; 20
590; 31
591; 31
592; 53
593; 5
594; 14
595; 14
596; 24
597; 24
598; 35
599; 35
600; 57
601; 10
602; 19
603; 19
604; 29
605; 29
606; 40
607; 40
608; 2
609; 32
610; 48
611; 48
612; 15
613; 15
614; 24
615; 24
616; 48
617; 36
618; 52
619; 52
620; 19
621; 19
622; 28
623; 28
624; 52
625; 41
626; 57
627; 57
628; 24
629; 24
630; 33
631; 33
632; 57
633; 45
634; 1
635; 1
636; 28
637; 28
638; 37
639; 37
640; 1
641; 50
642; 6
643; 6
644; 33
645; 33
646; 42
647; 42
648; 6
649; 55
650; 11
651; 11
652; 38
653; 38
654; 47
655; 47
656; 11
657; 59
658; 15
659; 15
660; 42
661; 42
662; 51
663; 51
664; 15
665; 4
666; 20
667; 20
668; 47
669; 47
670; 56
671; 56
672; 20
673; 8
674; 24
675; 24
676; 51
677; 51
678; 0
679; 0
680; 24
681; 13
682; 29
683; 29
684; 56
685; 56
686; 5
687; 5
688; 29
689; 18
690; 34
691; 34
692; 1
693; 1
694; 10
695; 10
696; 34
697; 22
698; 38
699; 38
700; 5
701; 5
702; 14
703; 14
704; 38
705; 27
706; 43
707; 43
708; 10
709; 10
710; 19
711; 19
712; 43
713; 2
714; 26
715; 26
716; 35
717; 35
718; 2
719; 2
720; 18
721; 6
722; 30
723; 30
724; 39
725; 39
726; 6
727; 6
728; 22
729; 11
730; 35
731; 35
732; 44
733; 44
734; 11
735; 11
736; 27
737; 15
738; 39
739; 39
740; 48
741; 48
742; 15
743; 15
744; 31
745; 20
746; 44
747; 44
748; 53
749; 53
750; 20
751; 20
752; 36
753; 25
754; 49
755; 49
756; 58
757; 58
758; 25
759; 25
760; 41
761; 29
762; 53
763; 53
764; 2
765; 2
766; 29
767; 29
768; 45
769; 34
770; 58
771; 58
772; 7
773; 7
774; 34
775; 34
776; 50
777; 38
778; 2
779; 2
780; 11
781; 11
782; 38
783; 38
784; 54
785; 43
786; 7
787; 7
788; 16
789; 16
790; 43
791; 43
792; 59
793; 48
794; 12
795; 12
796; 21
797; 21
798; 48
799; 48
800; 4
801; 52
802; 16
803; 16
804; 25
805; 25
806; 52
807; 52
808; 8
809; 57
810; 21
811; 21
812; 30
813; 30
814; 57
815; 57
816; 13
817; 17
818; 25
819; 25
820; 32
821; 32
822; 38
823; 38
824; 47
825; 21
826; 29
827; 29
828; 36
829; 36
830; 42
831; 42
832; 51
833; 26
834; 34
835; 34
836; 41
837; 41
838; 47
839; 47
840; 56
841; 30
842; 38
843; 38
844; 45
845; 45
846; 51
847; 51
848; 0
849; 35
850; 43
851; 43
852; 50
853; 50
854; 56
855; 56
856; 5
857; 40
858; 48
859; 48
860; 55
861; 55
862; 1
863; 1
864; 10
865; 44
866; 52
867; 52
868; 59
869; 59
870; 5
871; 5
872; 14
873; 49
874; 57
875; 57
876; 4
877; 4
878; 10
879; 10
880; 19
881; 53
882; 1
883; 1
884; 8
885; 8
886; 14
887; 14
888; 23
889; 58
890; 6
891; 6
892; 13
893; 13
894; 19
895; 19
896; 28
897; 3
898; 11
899; 11
900; 18
901; 18
902; 24
903; 24
904; 33
905; 7
906; 15
907; 15
908; 22
909; 22
910; 28
911; 28
912; 37
913; 12
914; 20
915; 20
916; 27
917; 27
918; 33
919; 33
920; 42
921; 47
922; 56
923; 56
924; 2
925; 2
926; 9
927; 9
928; 17
929; 51
930; 0
931; 0
932; 6
933; 6
934; 13
935; 13
936; 21
937; 56
938; 5
939; 5
940; 11
941; 11
942; 18
943; 18
944; 26
945; 0
946; 9
947; 9
948; 15
949; 15
950; 22
951; 22
952; 30
953; 5
954; 14
955; 14
956; 20
957; 20
958; 27
959; 27
960; 35
961; 10
962; 19
963; 19
964; 25
965; 25
966; 32
967; 32
968; 40
969; 14
970; 23
971; 23
972; 29
973; 29
974; 36
975; 36
976; 44
977; 19
978; 28
979; 28
980; 34
981; 34
982; 41
983; 41
984; 49
985; 23
986; 32
987; 32
988; 38
989; 38
990; 45
991; 45
992; 53
993; 28
994; 37
995; 37
996; 43
997; 43
998; 50
999; 50
1000; 58
1001; 33
1002; 42
1003; 42
1004; 48
1005; 48
1006; 55
1007; 55
1008; 3
1009; 37
1010; 46
1011; 46
1012; 52
1013; 52
1014; 59
1015; 59
1016; 7
1017; 42
1018; 51
1019; 51
1020; 57
1021; 57
1022; 4
1023; 4
1024; 12
1025; 0
1026; 11
1027; 11
1028; 17
1029; 17
1030; 28
1031; 28
1032; 37
1033; 4
1034; 15
1035; 15
1036; 21
1037; 21
1038; 32
1039; 32
1040; 41
1041; 9
1042; 20
1043; 20
1044; 26
1045; 26
1046; 37
1047; 37
1048; 46
1049; 13
1050; 24
1051; 24
1052; 30
1053; 30
1054; 41
1055; 41
1056; 50
1057; 18
1058; 29
1059; 29
1060; 35
1061; 35
1062; 46
1063; 46
1064; 55
1065; 23
1066; 34
1067; 34
1068; 40
1069; 40
1070; 51
1071; 51
1072; 0
1073; 27
1074; 38
1075; 38
1076; 44
1077; 44
1078; 55
1079; 55
1080; 4
1081; 32
1082; 43
1083; 43
1084; 49
1085; 49
1086; 0
1087; 0
1088; 9
1089; 36
1090; 47
1091; 47
1092; 53
1093; 53
1094; 4
1095; 4
1096; 13
1097; 41
1098; 52
1099; 52
1100; 58
1101; 58
1102; 9
1103; 9
1104; 18
1105; 46
1106; 57
1107; 57
1108; 3
1109; 3
1110; 14
1111; 14
1112; 23
1113; 50
1114; 1
1115; 1
1116; 7
1117; 7
1118; 18
1119; 18
1120; 27
1121; 55
1122; 6
1123; 6
1124; 12
1125; 12
1126; 23
1127; 23
1128; 32
1129; 0
1130; 9
1131; 9
1132; 20
1133; 20
1134; 26
1135; 26
1136; 37
1137; 4
1138; 13
1139; 13
1140; 24
1141; 24
1142; 30
1143; 30
1144; 41
1145; 9
1146; 18
1147; 18
1148; 29
1149; 29
1150; 35
1151; 35
1152; 46
1153; 13
1154; 22
1155; 22
1156; 33
1157; 33
1158; 39
1159; 39
1160; 50
1161; 18
1162; 27
1163; 27
1164; 38
1165; 38
1166; 44
1167; 44
1168; 55
1169; 23
1170; 32
1171; 32
1172; 43
1173; 43
1174; 49
1175; 49
1176; 0
1177; 27
1178; 36
1179; 36
1180; 47
1181; 47
1182; 53
1183; 53
1184; 4
1185; 32
1186; 41
1187; 41
1188; 52
1189; 52
1190; 58
1191; 58
1192; 9
1193; 36
1194; 45
1195; 45
1196; 56
1197; 56
1198; 2
1199; 2
1200; 13
1201; 41
1202; 50
1203; 50
1204; 1
1205; 1
1206; 7
1207; 7
1208; 18
1209; 46
1210; 55
1211; 55
1212; 6
1213; 6
1214; 12
1215; 12
1216; 23
1217; 50
1218; 59
1219; 59
1220; 10
1221; 10
1222; 16
1223; 16
1224; 27
1225; 55
1226; 4
1227; 4
1228; 15
1229; 15
1230; 21
1231; 21
1232; 32
1233; 21
1234; 30
1235; 30
1236; 39
1237; 39
1238; 46
1239; 46
1240; 1
1241; 25
1242; 34
1243; 34
1244; 43
1245; 43
1246; 50
1247; 50
1248; 5
1249; 30
1250; 39
1251; 39
1252; 48
1253; 48
1254; 55
1255; 55
1256; 10
1257; 34
1258; 43
1259; 43
1260; 52
1261; 52
1262; 59
1263; 59
1264; 14
1265; 39
1266; 48
1267; 48
1268; 57
1269; 57
1270; 4
1271; 4
1272; 19
1273; 44
1274; 53
1275; 53
1276; 2
1277; 2
1278; 9
1279; 9
1280; 24
1281; 48
1282; 57
1283; 57
1284; 6
1285; 6
1286; 13
1287; 13
1288; 28
1289; 53
1290; 2
1291; 2
1292; 11
1293; 11
1294; 18
1295; 18
1296; 33
1297; 57
1298; 6
1299; 6
1300; 15
1301; 15
1302; 22
1303; 22
1304; 37
1305; 2
1306; 11
1307; 11
1308; 20
1309; 20
1310; 27
1311; 27
1312; 42
1313; 7
1314; 16
1315; 16
1316; 25
1317; 25
1318; 32
1319; 32
1320; 47
1321; 11
1322; 20
1323; 20
1324; 29
1325; 29
1326; 36
1327; 36
1328; 51
1329; 16
1330; 25
1331; 25
1332; 34
1333; 34
1334; 41
1335; 41
1336; 56
1337; 21
1338; 36
1339; 36
1340; 43
1341; 43
1342; 52
1343; 52
1344; 1
1345; 25
1346; 40
1347; 40
1348; 47
1349; 47
1350; 56
1351; 56
1352; 5
1353; 30
1354; 45
1355; 45
1356; 52
1357; 52
1358; 1
1359; 1
1360; 10
1361; 34
1362; 49
1363; 49
1364; 56
1365; 56
1366; 5
1367; 5
1368; 14
1369; 39
1370; 54
1371; 54
1372; 1
1373; 1
1374; 10
1375; 10
1376; 19
1377; 44
1378; 59
1379; 59
1380; 6
1381; 6
1382; 15
1383; 15
1384; 24
1385; 48
1386; 3
1387; 3
1388; 10
1389; 10
1390; 19
1391; 19
1392; 28
1393; 53
1394; 8
1395; 8
1396; 15
1397; 15
1398; 24
1399; 24
1400; 33
1401; 57
1402; 12
1403; 12
1404; 19
1405; 19
1406; 28
1407; 28
1408; 37
1409; 2
1410; 17
1411; 17
1412; 24
1413; 24
1414; 33
1415; 33
1416; 42
1417; 7
1418; 22
1419; 22
1420; 29
1421; 29
1422; 38
1423; 38
1424; 47
1425; 11
1426; 26
1427; 26
1428; 33
1429; 33
1430; 42
1431; 42
1432; 51
1433; 16
1434; 31
1435; 31
1436; 38
1437; 38
1438; 47
1439; 47
1440; 56
1441; 0
1442; 4
1443; 4
1444; 7
1445; 7
1446; 31
1447; 31
1448; 53
1449; 30
1450; 34
1451; 34
1452; 37
1453; 37
1454; 1
1455; 1
1456; 23
1457; 0
1458; 22
1459; 22
1460; 46
1461; 46
1462; 49
1463; 49
1464; 53
1465; 30
1466; 52
1467; 52
1468; 16
1469; 16
1470; 19
1471; 19
1472; 23
1473; 15
1474; 28
1475; 28
1476; 36
1477; 36
1478; 40
1479; 40
1480; 51
1481; 51
1482; 2
1483; 2
1484; 8
1485; 8
1486; 15
1487; 15
1488; 34
1489; 19
1490; 32
1491; 32
1492; 40
1493; 40
1494; 44
1495; 44
1496; 55
1497; 55
1498; 6
1499; 6
1500; 12
1501; 12
1502; 19
1503; 19
1504; 38
1505; 24
1506; 37
1507; 37
1508; 45
1509; 45
1510; 49
1511; 49
1512; 0
1513; 0
1514; 11
1515; 11
1516; 17
1517; 17
1518; 24
1519; 24
1520; 43
1521; 28
1522; 41
1523; 41
1524; 49
1525; 49
1526; 53
1527; 53
1528; 4
1529; 4
1530; 15
1531; 15
1532; 21
1533; 21
1534; 28
1535; 28
1536; 47
1537; 33
1538; 46
1539; 46
1540; 54
1541; 54
1542; 58
1543; 58
1544; 9
1545; 9
1546; 20
1547; 20
1548; 26
1549; 26
1550; 33
1551; 33
1552; 52
1553; 38
1554; 51
1555; 51
1556; 59
1557; 59
1558; 3
1559; 3
1560; 14
1561; 14
1562; 25
1563; 25
1564; 31
1565; 31
1566; 38
1567; 38
1568; 57
1569; 42
1570; 55
1571; 55
1572; 3
1573; 3
1574; 7
1575; 7
1576; 18
1577; 18
1578; 29
1579; 29
1580; 35
1581; 35
1582; 42
1583; 42
1584; 1
1585; 47
1586; 0
1587; 0
1588; 8
1589; 8
1590; 12
1591; 12
1592; 23
1593; 23
1594; 34
1595; 34
1596; 40
1597; 40
1598; 47
1599; 47
1600; 6
1601; 51
1602; 4
1603; 4
1604; 12
1605; 12
1606; 16
1607; 16
1608; 27
1609; 27
1610; 38
1611; 38
1612; 44
1613; 44
1614; 51
1615; 51
1616; 10
1617; 56
1618; 9
1619; 9
1620; 17
1621; 17
1622; 21
1623; 21
1624; 32
1625; 32
1626; 43
1627; 43
1628; 49
1629; 49
1630; 56
1631; 56
1632; 15
1633; 1
1634; 14
1635; 14
1636; 22
1637; 22
1638; 26
1639; 26
1640; 37
1641; 37
1642; 48
1643; 48
1644; 54
1645; 54
1646; 1
1647; 1
1648; 20
1649; 5
1650; 18
1651; 18
1652; 26
1653; 26
1654; 30
1655; 30
1656; 41
1657; 41
1658; 52
1659; 52
1660; 58
1661; 58
1662; 5
1663; 5
1664; 24
1665; 10
1666; 23
1667; 23
1668; 31
1669; 31
1670; 35
1671; 35
1672; 46
1673; 46
1674; 57
1675; 57
1676; 3
1677; 3
1678; 10
1679; 10
1680; 29
1681; 45
1682; 4
1683; 4
1684; 11
1685; 11
1686; 17
1687; 17
1688; 28
1689; 28
1690; 39
1691; 39
1692; 43
1693; 43
1694; 51
1695; 51
1696; 4
1697; 49
1698; 8
1699; 8
1700; 15
1701; 15
1702; 21
1703; 21
1704; 32
1705; 32
1706; 43
1707; 43
1708; 47
1709; 47
1710; 55
1711; 55
1712; 8
1713; 54
1714; 13
1715; 13
1716; 20
1717; 20
1718; 26
1719; 26
1720; 37
1721; 37
1722; 48
1723; 48
1724; 52
1725; 52
1726; 0
1727; 0
1728; 13
1729; 58
1730; 17
1731; 17
1732; 24
1733; 24
1734; 30
1735; 30
1736; 41
1737; 41
1738; 52
1739; 52
1740; 56
1741; 56
1742; 4
1743; 4
1744; 17
1745; 3
1746; 22
1747; 22
1748; 29
1749; 29
1750; 35
1751; 35
1752; 46
1753; 46
1754; 57
1755; 57
1756; 1
1757; 1
1758; 9
1759; 9
1760; 22
1761; 8
1762; 27
1763; 27
1764; 34
1765; 34
1766; 40
1767; 40
1768; 51
1769; 51
1770; 2
1771; 2
1772; 6
1773; 6
1774; 14
1775; 14
1776; 27
1777; 12
1778; 31
1779; 31
1780; 38
1781; 38
1782; 44
1783; 44
1784; 55
1785; 55
1786; 6
1787; 6
1788; 10
1789; 10
1790; 18
1791; 18
1792; 31
1793; 17
1794; 36
1795; 36
1796; 43
1797; 43
1798; 49
1799; 49
1800; 0
1801; 0
1802; 11
1803; 11
1804; 15
1805; 15
1806; 23
1807; 23
1808; 36
1809; 21
1810; 40
1811; 40
1812; 47
1813; 47
1814; 53
1815; 53
1816; 4
1817; 4
1818; 15
1819; 15
1820; 19
1821; 19
1822; 27
1823; 27
1824; 40
1825; 26
1826; 45
1827; 45
1828; 52
1829; 52
1830; 58
1831; 58
1832; 9
1833; 9
1834; 20
1835; 20
1836; 24
1837; 24
1838; 32
1839; 32
1840; 45
1841; 31
1842; 50
1843; 50
1844; 57
1845; 57
1846; 3
1847; 3
1848; 14
1849; 14
1850; 25
1851; 25
1852; 29
1853; 29
1854; 37
1855; 37
1856; 50
1857; 35
1858; 54
1859; 54
1860; 1
1861; 1
1862; 7
1863; 7
1864; 18
1865; 18
1866; 29
1867; 29
1868; 33
1869; 33
1870; 41
1871; 41
1872; 54
1873; 40
1874; 59
1875; 59
1876; 6
1877; 6
1878; 12
1879; 12
1880; 23
1881; 23
1882; 34
1883; 34
1884; 38
1885; 38
1886; 46
1887; 46
1888; 59
1889; 5
1890; 11
1891; 11
1892; 17
1893; 17
1894; 32
1895; 32
1896; 42
1897; 42
1898; 53
1899; 53
1900; 55
1901; 55
1902; 57
1903; 57
1904; 1
1905; 9
1906; 15
1907; 15
1908; 21
1909; 21
1910; 36
1911; 36
1912; 46
1913; 46
1914; 57
1915; 57
1916; 59
1917; 59
1918; 1
1919; 1
1920; 5
1921; 14
1922; 20
1923; 20
1924; 26
1925; 26
1926; 41
1927; 41
1928; 51
1929; 51
1930; 2
1931; 2
1932; 4
1933; 4
1934; 6
1935; 6
1936; 10
1937; 18
1938; 24
1939; 24
1940; 30
1941; 30
1942; 45
1943; 45
1944; 55
1945; 55
1946; 6
1947; 6
1948; 8
1949; 8
1950; 10
1951; 10
1952; 14
1953; 23
1954; 29
1955; 29
1956; 35
1957; 35
1958; 50
1959; 50
1960; 0
1961; 0
1962; 11
1963; 11
1964; 13
1965; 13
1966; 15
1967; 15
1968; 19
1969; 28
1970; 34
1971; 34
1972; 40
1973; 40
1974; 55
1975; 55
1976; 5
1977; 5
1978; 16
1979; 16
1980; 18
1981; 18
1982; 20
1983; 20
1984; 24
1985; 32
1986; 38
1987; 38
1988; 44
1989; 44
1990; 59
1991; 59
1992; 9
1993; 9
1994; 20
1995; 20
1996; 22
1997; 22
1998; 24
1999; 24
2000; 28
2001; 37
2002; 43
2003; 43
2004; 49
2005; 49
2006; 4
2007; 4
2008; 14
2009; 14
2010; 25
2011; 25
2012; 27
2013; 27
2014; 29
2015; 29
2016; 33
2017; 41
2018; 47
2019; 47
2020; 53
2021; 53
2022; 8
2023; 8
2024; 18
2025; 18
2026; 29
2027; 29
2028; 31
2029; 31
2030; 33
2031; 33
2032; 37
2033; 46
2034; 52
2035; 52
2036; 58
2037; 58
2038; 13
2039; 13
2040; 23
2041; 23
2042; 34
2043; 34
2044; 36
2045; 36
2046; 38
2047; 38
2048; 42
2049; 51
2050; 57
2051; 57
2052; 3
2053; 3
2054; 18
2055; 18
2056; 28
2057; 28
2058; 39
2059; 39
2060; 41
2061; 41
2062; 43
2063; 43
2064; 47
2065; 55
2066; 1
2067; 1
2068; 7
2069; 7
2070; 22
2071; 22
2072; 32
2073; 32
2074; 43
2075; 43
2076; 45
2077; 45
2078; 47
2079; 47
2080; 51
2081; 0
2082; 6
2083; 6
2084; 12
2085; 12
2086; 27
2087; 27
2088; 37
2089; 37
2090; 48
2091; 48
2092; 50
2093; 50
2094; 52
2095; 52
2096; 56
2097; 5
2098; 9
2099; 9
2100; 11
2101; 11
2102; 13
2103; 13
2104; 24
2105; 24
2106; 34
2107; 34
2108; 49
2109; 49
2110; 55
2111; 55
2112; 1
2113; 9
2114; 13
2115; 13
2116; 15
2117; 15
2118; 17
2119; 17
2120; 28
2121; 28
2122; 38
2123; 38
2124; 53
2125; 53
2126; 59
2127; 59
2128; 5
2129; 14
2130; 18
2131; 18
2132; 20
2133; 20
2134; 22
2135; 22
2136; 33
2137; 33
2138; 43
2139; 43
2140; 58
2141; 58
2142; 4
2143; 4
2144; 10
2145; 18
2146; 22
2147; 22
2148; 24
2149; 24
2150; 26
2151; 26
2152; 37
2153; 37
2154; 47
2155; 47
2156; 2
2157; 2
2158; 8
2159; 8
2160; 14
2161; 23
2162; 27
2163; 27
2164; 29
2165; 29
2166; 31
2167; 31
2168; 42
2169; 42
2170; 52
2171; 52
2172; 7
2173; 7
2174; 13
2175; 13
2176; 19
2177; 28
2178; 32
2179; 32
2180; 34
2181; 34
2182; 36
2183; 36
2184; 47
2185; 47
2186; 57
2187; 57
2188; 12
2189; 12
2190; 18
2191; 18
2192; 24
2193; 32
2194; 36
2195; 36
2196; 38
2197; 38
2198; 40
2199; 40
2200; 51
2201; 51
2202; 1
2203; 1
2204; 16
2205; 16
2206; 22
2207; 22
2208; 28
2209; 37
2210; 41
2211; 41
2212; 43
2213; 43
2214; 45
2215; 45
2216; 56
2217; 56
2218; 6
2219; 6
2220; 21
2221; 21
2222; 27
2223; 27
2224; 33
2225; 41
2226; 45
2227; 45
2228; 47
2229; 47
2230; 49
2231; 49
2232; 0
2233; 0
2234; 10
2235; 10
2236; 25
2237; 25
2238; 31
2239; 31
2240; 37
2241; 46
2242; 50
2243; 50
2244; 52
2245; 52
2246; 54
2247; 54
2248; 5
2249; 5
2250; 15
2251; 15
2252; 30
2253; 30
2254; 36
2255; 36
2256; 42
2257; 51
2258; 55
2259; 55
2260; 57
2261; 57
2262; 59
2263; 59
2264; 10
2265; 10
2266; 20
2267; 20
2268; 35
2269; 35
2270; 41
2271; 41
2272; 47
2273; 55
2274; 59
2275; 59
2276; 1
2277; 1
2278; 3
2279; 3
2280; 14
2281; 14
2282; 24
2283; 24
2284; 39
2285; 39
2286; 45
2287; 45
2288; 51
2289; 0
2290; 4
2291; 4
2292; 6
2293; 6
2294; 8
2295; 8
2296; 19
2297; 19
2298; 29
2299; 29
2300; 44
2301; 44
2302; 50
2303; 50
2304; 56
2305; 0
2306; 11
2307; 11
2308; 14
2309; 14
2310; 23
2311; 23
2312; 29
2313; 29
2314; 31
2315; 31
2316; 33
2317; 33
2318; 37
2319; 37
2320; 42
2321; 30
2322; 41
2323; 41
2324; 44
2325; 44
2326; 53
2327; 53
2328; 59
2329; 59
2330; 1
2331; 1
2332; 3
2333; 3
2334; 7
2335; 7
2336; 12
2337; 0
2338; 5
2339; 5
2340; 9
2341; 9
2342; 11
2343; 11
2344; 13
2345; 13
2346; 19
2347; 19
2348; 28
2349; 28
2350; 31
2351; 31
2352; 42
2353; 30
2354; 35
2355; 35
2356; 39
2357; 39
2358; 41
2359; 41
2360; 43
2361; 43
2362; 49
2363; 49
2364; 58
2365; 58
2366; 1
2367; 1
2368; 12
2369; 37
2370; 51
2371; 51
2372; 53
2373; 53
2374; 55
2375; 55
2376; 57
2377; 57
2378; 13
2379; 13
2380; 22
2381; 22
2382; 38
2383; 41
2384; 55
2385; 55
2386; 57
2387; 57
2388; 59
2389; 59
2390; 1
2391; 1
2392; 17
2393; 17
2394; 26
2395; 26
2396; 42
2397; 46
2398; 0
2399; 0
2400; 2
2401; 2
2402; 4
2403; 4
2404; 6
2405; 6
2406; 22
2407; 22
2408; 31
2409; 31
2410; 47
2411; 50
2412; 4
2413; 4
2414; 6
2415; 6
2416; 8
2417; 8
2418; 10
2419; 10
2420; 26
2421; 26
2422; 35
2423; 35
2424; 51
2425; 55
2426; 9
2427; 9
2428; 11
2429; 11
2430; 13
2431; 13
2432; 15
2433; 15
2434; 31
2435; 31
2436; 40
2437; 40
2438; 56
2439; 0
2440; 14
2441; 14
2442; 16
2443; 16
2444; 18
2445; 18
2446; 20
2447; 20
2448; 36
2449; 36
2450; 45
2451; 45
2452; 1
2453; 4
2454; 18
2455; 18
2456; 20
2457; 20
2458; 22
2459; 22
2460; 24
2461; 24
2462; 40
2463; 40
2464; 49
2465; 49
2466; 5
2467; 9
2468; 23
2469; 23
2470; 25
2471; 25
2472; 27
2473; 27
2474; 29
2475; 29
2476; 45
2477; 45
2478; 54
2479; 54
2480; 10
2481; 13
2482; 27
2483; 27
2484; 29
2485; 29
2486; 31
2487; 31
2488; 33
2489; 33
2490; 49
2491; 49
2492; 58
2493; 58
2494; 14
2495; 18
2496; 32
2497; 32
2498; 34
2499; 34
2500; 36
2501; 36
2502; 38
2503; 38
2504; 54
2505; 54
2506; 3
2507; 3
2508; 19
2509; 23
2510; 37
2511; 37
2512; 39
2513; 39
2514; 41
2515; 41
2516; 43
2517; 43
2518; 59
2519; 59
2520; 8
2521; 8
2522; 24
2523; 27
2524; 41
2525; 41
2526; 43
2527; 43
2528; 45
2529; 45
2530; 47
2531; 47
2532; 3
2533; 3
2534; 12
2535; 12
2536; 28
2537; 32
2538; 46
2539; 46
2540; 48
2541; 48
2542; 50
2543; 50
2544; 52
2545; 52
2546; 8
2547; 8
2548; 17
2549; 17
2550; 33
2551; 7
2552; 23
2553; 23
2554; 32
2555; 32
2556; 48
2557; 48
2558; 50
2559; 50
2560; 52
2561; 52
2562; 54
2563; 54
2564; 8
2565; 11
2566; 27
2567; 27
2568; 36
2569; 36
2570; 52
2571; 52
2572; 54
2573; 54
2574; 56
2575; 56
2576; 58
2577; 58
2578; 12
2579; 16
2580; 32
2581; 32
2582; 41
2583; 41
2584; 57
2585; 57
2586; 59
2587; 59
2588; 1
2589; 1
2590; 3
2591; 3
2592; 17
2593; 20
2594; 36
2595; 36
2596; 45
2597; 45
2598; 1
2599; 1
2600; 3
2601; 3
2602; 5
2603; 5
2604; 7
2605; 7
2606; 21
2607; 25
2608; 41
2609; 41
2610; 50
2611; 50
2612; 6
2613; 6
2614; 8
2615; 8
2616; 10
2617; 10
2618; 12
2619; 12
2620; 26
2621; 30
2622; 46
2623; 46
2624; 55
2625; 55
2626; 11
2627; 11
2628; 13
2629; 13
2630; 15
2631; 15
2632; 17
2633; 17
2634; 31
2635; 34
2636; 50
2637; 50
2638; 59
2639; 59
2640; 15
2641; 15
2642; 17
2643; 17
2644; 19
2645; 19
2646; 21
2647; 21
2648; 35
2649; 39
2650; 55
2651; 55
2652; 4
2653; 4
2654; 20
2655; 20
2656; 22
2657; 22
2658; 24
2659; 24
2660; 26
2661; 26
2662; 40
2663; 43
2664; 59
2665; 59
2666; 8
2667; 8
2668; 24
2669; 24
2670; 26
2671; 26
2672; 28
2673; 28
2674; 30
2675; 30
2676; 44
2677; 48
2678; 4
2679; 4
2680; 13
2681; 13
2682; 29
2683; 29
2684; 31
2685; 31
2686; 33
2687; 33
2688; 35
2689; 35
2690; 49
2691; 53
2692; 9
2693; 9
2694; 18
2695; 18
2696; 34
2697; 34
2698; 36
2699; 36
2700; 38
2701; 38
2702; 40
2703; 40
2704; 54
2705; 57
2706; 13
2707; 13
2708; 22
2709; 22
2710; 38
2711; 38
2712; 40
2713; 40
2714; 42
2715; 42
2716; 44
2717; 44
2718; 58
2719; 2
2720; 18
2721; 18
2722; 27
2723; 27
2724; 43
2725; 43
2726; 45
2727; 45
2728; 47
2729; 47
2730; 49
2731; 49
2732; 3
2733; 27
2734; 31
2735; 31
2736; 34
2737; 34
2738; 44
2739; 44
2740; 50
2741; 50
2742; 53
2743; 53
2744; 2
2745; 2
2746; 24
2747; 31
2748; 35
2749; 35
2750; 38
2751; 38
2752; 48
2753; 48
2754; 54
2755; 54
2756; 57
2757; 57
2758; 6
2759; 6
2760; 28
2761; 36
2762; 40
2763; 40
2764; 43
2765; 43
2766; 53
2767; 53
2768; 59
2769; 59
2770; 2
2771; 2
2772; 11
2773; 11
2774; 33
2775; 40
2776; 44
2777; 44
2778; 47
2779; 47
2780; 57
2781; 57
2782; 3
2783; 3
2784; 6
2785; 6
2786; 15
2787; 15
2788; 37
2789; 45
2790; 49
2791; 49
2792; 52
2793; 52
2794; 2
2795; 2
2796; 8
2797; 8
2798; 11
2799; 11
2800; 20
2801; 20
2802; 42
2803; 50
2804; 54
2805; 54
2806; 57
2807; 57
2808; 7
2809; 7
2810; 13
2811; 13
2812; 16
2813; 16
2814; 25
2815; 25
2816; 47
2817; 54
2818; 58
2819; 58
2820; 1
2821; 1
2822; 11
2823; 11
2824; 17
2825; 17
2826; 20
2827; 20
2828; 29
2829; 29
2830; 51
2831; 59
2832; 3
2833; 3
2834; 6
2835; 6
2836; 16
2837; 16
2838; 22
2839; 22
2840; 25
2841; 25
2842; 34
2843; 34
2844; 56
2845; 3
2846; 7
2847; 7
2848; 10
2849; 10
2850; 20
2851; 20
2852; 26
2853; 26
2854; 29
2855; 29
2856; 38
2857; 38
2858; 0
2859; 8
2860; 12
2861; 12
2862; 15
2863; 15
2864; 25
2865; 25
2866; 31
2867; 31
2868; 34
2869; 34
2870; 43
2871; 43
2872; 5
2873; 13
2874; 17
2875; 17
2876; 20
2877; 20
2878; 30
2879; 30
2880; 36
2881; 36
2882; 39
2883; 39
2884; 48
2885; 48
2886; 10
2887; 17
2888; 21
2889; 21
2890; 24
2891; 24
2892; 34
2893; 34
2894; 40
2895; 40
2896; 43
2897; 43
2898; 52
2899; 52
2900; 14
2901; 22
2902; 26
2903; 26
2904; 29
2905; 29
2906; 39
2907; 39
2908; 45
2909; 45
2910; 48
2911; 48
2912; 57
2913; 57
2914; 19
2915; 27
2916; 49
2917; 49
2918; 58
2919; 58
2920; 1
2921; 1
2922; 7
2923; 7
2924; 17
2925; 17
2926; 20
2927; 20
2928; 24
2929; 31
2930; 53
2931; 53
2932; 2
2933; 2
2934; 5
2935; 5
2936; 11
2937; 11
2938; 21
2939; 21
2940; 24
2941; 24
2942; 28
2943; 36
2944; 58
2945; 58
2946; 7
2947; 7
2948; 10
2949; 10
2950; 16
2951; 16
2952; 26
2953; 26
2954; 29
2955; 29
2956; 33
2957; 40
2958; 2
2959; 2
2960; 11
2961; 11
2962; 14
2963; 14
2964; 20
2965; 20
2966; 30
2967; 30
2968; 33
2969; 33
2970; 37
2971; 45
2972; 7
2973; 7
2974; 16
2975; 16
2976; 19
2977; 19
2978; 25
2979; 25
2980; 35
2981; 35
2982; 38
2983; 38
2984; 42
2985; 50
2986; 12
2987; 12
2988; 21
2989; 21
2990; 24
2991; 24
2992; 30
2993; 30
2994; 40
2995; 40
2996; 43
2997; 43
2998; 47
2999; 54
3000; 16
3001; 16
3002; 25
3003; 25
3004; 28
3005; 28
3006; 34
3007; 34
3008; 44
3009; 44
3010; 47
3011; 47
3012; 51
3013; 59
3014; 21
3015; 21
3016; 30
3017; 30
3018; 33
3019; 33
3020; 39
3021; 39
3022; 49
3023; 49
3024; 52
3025; 52
3026; 56
3027; 3
3028; 25
3029; 25
3030; 34
3031; 34
3032; 37
3033; 37
3034; 43
3035; 43
3036; 53
3037; 53
3038; 56
3039; 56
3040; 0
3041; 8
3042; 30
3043; 30
3044; 39
3045; 39
3046; 42
3047; 42
3048; 48
3049; 48
3050; 58
3051; 58
3052; 1
3053; 1
3054; 5
3055; 13
3056; 35
3057; 35
3058; 44
3059; 44
3060; 47
3061; 47
3062; 53
3063; 53
3064; 3
3065; 3
3066; 6
3067; 6
3068; 10
3069; 17
3070; 39
3071; 39
3072; 48
3073; 48
3074; 51
3075; 51
3076; 57
3077; 57
3078; 7
3079; 7
3080; 10
3081; 10
3082; 14
3083; 22
3084; 44
3085; 44
3086; 53
3087; 53
3088; 56
3089; 56
3090; 2
3091; 2
3092; 12
3093; 12
3094; 15
3095; 15
3096; 19
3097; 0
3098; 19
3099; 19
3100; 26
3101; 26
3102; 32
3103; 32
3104; 34
3105; 34
3106; 36
3107; 36
3108; 40
3109; 30
3110; 49
3111; 49
3112; 56
3113; 56
3114; 2
3115; 2
3116; 4
3117; 4
3118; 6
3119; 6
3120; 10
3121; 0
3122; 4
3123; 4
3124; 6
3125; 6
3126; 8
3127; 8
3128; 14
3129; 14
3130; 21
3131; 21
3132; 40
3133; 30
3134; 34
3135; 34
3136; 36
3137; 36
3138; 38
3139; 38
3140; 44
3141; 44
3142; 51
3143; 51
3144; 10
3145; 0
3146; 9
3147; 9
3148; 19
3149; 19
3150; 28
3151; 28
3152; 35
3153; 35
3154; 44
3155; 44
3156; 56
3157; 30
3158; 39
3159; 39
3160; 49
3161; 49
3162; 58
3163; 58
3164; 5
3165; 5
3166; 14
3167; 14
3168; 26
3169; 0
3170; 12
3171; 12
3172; 21
3173; 21
3174; 28
3175; 28
3176; 37
3177; 37
3178; 47
3179; 47
3180; 56
3181; 30
3182; 42
3183; 42
3184; 51
3185; 51
3186; 58
3187; 58
3188; 7
3189; 7
3190; 17
3191; 17
3192; 26
3193; 0
3194; 6
3195; 6
3196; 8
3197; 8
3198; 21
3199; 21
3200; 30
3201; 30
3202; 52
3203; 52
3204; 13
3205; 4
3206; 10
3207; 10
3208; 12
3209; 12
3210; 25
3211; 25
3212; 34
3213; 34
3214; 56
3215; 56
3216; 17
3217; 9
3218; 15
3219; 15
3220; 17
3221; 17
3222; 30
3223; 30
3224; 39
3225; 39
3226; 1
3227; 1
3228; 22
3229; 13
3230; 19
3231; 19
3232; 21
3233; 21
3234; 34
3235; 34
3236; 43
3237; 43
3238; 5
3239; 5
3240; 26
3241; 18
3242; 24
3243; 24
3244; 26
3245; 26
3246; 39
3247; 39
3248; 48
3249; 48
3250; 10
3251; 10
3252; 31
3253; 23
3254; 29
3255; 29
3256; 31
3257; 31
3258; 44
3259; 44
3260; 53
3261; 53
3262; 15
3263; 15
3264; 36
3265; 27
3266; 33
3267; 33
3268; 35
3269; 35
3270; 48
3271; 48
3272; 57
3273; 57
3274; 19
3275; 19
3276; 40
3277; 32
3278; 38
3279; 38
3280; 40
3281; 40
3282; 53
3283; 53
3284; 2
3285; 2
3286; 24
3287; 24
3288; 45
3289; 36
3290; 42
3291; 42
3292; 44
3293; 44
3294; 57
3295; 57
3296; 6
3297; 6
3298; 28
3299; 28
3300; 49
3301; 41
3302; 47
3303; 47
3304; 49
3305; 49
3306; 2
3307; 2
3308; 11
3309; 11
3310; 33
3311; 33
3312; 54
3313; 46
3314; 52
3315; 52
3316; 54
3317; 54
3318; 7
3319; 7
3320; 16
3321; 16
3322; 38
3323; 38
3324; 59
3325; 50
3326; 56
3327; 56
3328; 58
3329; 58
3330; 11
3331; 11
3332; 20
3333; 20
3334; 42
3335; 42
3336; 3
3337; 55
3338; 1
3339; 1
3340; 3
3341; 3
3342; 16
3343; 16
3344; 25
3345; 25
3346; 47
3347; 47
3348; 8
3349; 30
3350; 51
3351; 51
3352; 13
3353; 13
3354; 22
3355; 22
3356; 35
3357; 35
3358; 37
3359; 37
3360; 43
3361; 34
3362; 55
3363; 55
3364; 17
3365; 17
3366; 26
3367; 26
3368; 39
3369; 39
3370; 41
3371; 41
3372; 47
3373; 39
3374; 0
3375; 0
3376; 22
3377; 22
3378; 31
3379; 31
3380; 44
3381; 44
3382; 46
3383; 46
3384; 52
3385; 43
3386; 4
3387; 4
3388; 26
3389; 26
3390; 35
3391; 35
3392; 48
3393; 48
3394; 50
3395; 50
3396; 56
3397; 48
3398; 9
3399; 9
3400; 31
3401; 31
3402; 40
3403; 40
3404; 53
3405; 53
3406; 55
3407; 55
3408; 1
3409; 53
3410; 14
3411; 14
3412; 36
3413; 36
3414; 45
3415; 45
3416; 58
3417; 58
3418; 0
3419; 0
3420; 6
3421; 57
3422; 18
3423; 18
3424; 40
3425; 40
3426; 49
3427; 49
3428; 2
3429; 2
3430; 4
3431; 4
3432; 10
3433; 2
3434; 23
3435; 23
3436; 45
3437; 45
3438; 54
3439; 54
3440; 7
3441; 7
3442; 9
3443; 9
3444; 15
3445; 6
3446; 27
3447; 27
3448; 49
3449; 49
3450; 58
3451; 58
3452; 11
3453; 11
3454; 13
3455; 13
3456; 19
3457; 11
3458; 32
3459; 32
3460; 54
3461; 54
3462; 3
3463; 3
3464; 16
3465; 16
3466; 18
3467; 18
3468; 24
3469; 16
3470; 37
3471; 37
3472; 59
3473; 59
3474; 8
3475; 8
3476; 21
3477; 21
3478; 23
3479; 23
3480; 29
3481; 20
3482; 41
3483; 41
3484; 3
3485; 3
3486; 12
3487; 12
3488; 25
3489; 25
3490; 27
3491; 27
3492; 33
3493; 25
3494; 46
3495; 46
3496; 8
3497; 8
3498; 17
3499; 17
3500; 30
3501; 30
3502; 32
3503; 32
3504; 38
3505; 0
3506; 4
3507; 4
3508; 7
3509; 7
3510; 13
3511; 13
3512; 24
3513; 24
3514; 32
3515; 32
3516; 48
3517; 30
3518; 34
3519; 34
3520; 37
3521; 37
3522; 43
3523; 43
3524; 54
3525; 54
3526; 2
3527; 2
3528; 18
3529; 0
3530; 16
3531; 16
3532; 24
3533; 24
3534; 35
3535; 35
3536; 41
3537; 41
3538; 44
3539; 44
3540; 48
3541; 30
3542; 46
3543; 46
3544; 54
3545; 54
3546; 5
3547; 5
3548; 11
3549; 11
3550; 14
3551; 14
3552; 18
3553; 0
3554; 17
3555; 17
3556; 27
3557; 27
3558; 36
3559; 36
3560; 38
3561; 38
3562; 42
3563; 4
3564; 21
3565; 21
3566; 31
3567; 31
3568; 40
3569; 40
3570; 42
3571; 42
3572; 46
3573; 9
3574; 26
3575; 26
3576; 36
3577; 36
3578; 45
3579; 45
3580; 47
3581; 47
3582; 51
3583; 13
3584; 30
3585; 30
3586; 40
3587; 40
3588; 49
3589; 49
3590; 51
3591; 51
3592; 55
3593; 18
3594; 35
3595; 35
3596; 45
3597; 45
3598; 54
3599; 54
3600; 56
3601; 56
3602; 0
3603; 23
3604; 40
3605; 40
3606; 50
3607; 50
3608; 59
3609; 59
3610; 1
3611; 1
3612; 5
3613; 27
3614; 44
3615; 44
3616; 54
3617; 54
3618; 3
3619; 3
3620; 5
3621; 5
3622; 9
3623; 32
3624; 49
3625; 49
3626; 59
3627; 59
3628; 8
3629; 8
3630; 10
3631; 10
3632; 14
3633; 36
3634; 53
3635; 53
3636; 3
3637; 3
3638; 12
3639; 12
3640; 14
3641; 14
3642; 18
3643; 41
3644; 58
3645; 58
3646; 8
3647; 8
3648; 17
3649; 17
3650; 19
3651; 19
3652; 23
3653; 46
3654; 3
3655; 3
3656; 13
3657; 13
3658; 22
3659; 22
3660; 24
3661; 24
3662; 28
3663; 50
3664; 7
3665; 7
3666; 17
3667; 17
3668; 26
3669; 26
3670; 28
3671; 28
3672; 32
3673; 55
3674; 12
3675; 12
3676; 22
3677; 22
3678; 31
3679; 31
3680; 33
3681; 33
3682; 37
3683; 0
3684; 4
3685; 4
3686; 6
3687; 6
3688; 15
3689; 15
3690; 25
3691; 25
3692; 42
3693; 4
3694; 8
3695; 8
3696; 10
3697; 10
3698; 19
3699; 19
3700; 29
3701; 29
3702; 46
3703; 9
3704; 13
3705; 13
3706; 15
3707; 15
3708; 24
3709; 24
3710; 34
3711; 34
3712; 51
3713; 13
3714; 17
3715; 17
3716; 19
3717; 19
3718; 28
3719; 28
3720; 38
3721; 38
3722; 55
3723; 18
3724; 22
3725; 22
3726; 24
3727; 24
3728; 33
3729; 33
3730; 43
3731; 43
3732; 0
3733; 23
3734; 27
3735; 27
3736; 29
3737; 29
3738; 38
3739; 38
3740; 48
3741; 48
3742; 5
3743; 27
3744; 31
3745; 31
3746; 33
3747; 33
3748; 42
3749; 42
3750; 52
3751; 52
3752; 9
3753; 32
3754; 36
3755; 36
3756; 38
3757; 38
3758; 47
3759; 47
3760; 57
3761; 57
3762; 14
3763; 36
3764; 40
3765; 40
3766; 42
3767; 42
3768; 51
3769; 51
3770; 1
3771; 1
3772; 18
3773; 41
3774; 45
3775; 45
3776; 47
3777; 47
3778; 56
3779; 56
3780; 6
3781; 6
3782; 23
3783; 46
3784; 50
3785; 50
3786; 52
3787; 52
3788; 1
3789; 1
3790; 11
3791; 11
3792; 28
3793; 50
3794; 54
3795; 54
3796; 56
3797; 56
3798; 5
3799; 5
3800; 15
3801; 15
3802; 32
3803; 55
3804; 59
3805; 59
3806; 1
3807; 1
3808; 10
3809; 10
3810; 20
3811; 20
3812; 37
3813; 0
3814; 13
3815; 13
3816; 21
3817; 21
3818; 25
3819; 25
3820; 31
3821; 30
3822; 43
3823; 43
3824; 51
3825; 51
3826; 55
3827; 55
3828; 1
3829; 0
3830; 6
3831; 6
3832; 10
3833; 10
3834; 18
3835; 18
3836; 31
3837; 30
3838; 36
3839; 36
3840; 40
3841; 40
3842; 48
3843; 48
3844; 1
3845; 0
3846; 16
3847; 16
3848; 43
3849; 43
3850; 53
3851; 53
3852; 56
3853; 30
3854; 46
3855; 46
3856; 13
3857; 13
3858; 23
3859; 23
3860; 26
3861; 0
3862; 3
3863; 3
3864; 13
3865; 13
3866; 40
3867; 40
3868; 56
3869; 30
3870; 33
3871; 33
3872; 43
3873; 43
3874; 10
3875; 10
3876; 26
3877; 55
3878; 19
3879; 19
3880; 22
3881; 22
3882; 26
3883; 26
3884; 38
3885; 59
3886; 23
3887; 23
3888; 26
3889; 26
3890; 30
3891; 30
3892; 42
3893; 4
3894; 28
3895; 28
3896; 31
3897; 31
3898; 35
3899; 35
3900; 47
3901; 8
3902; 32
3903; 32
3904; 35
3905; 35
3906; 39
3907; 39
3908; 51
3909; 13
3910; 37
3911; 37
3912; 40
3913; 40
3914; 44
3915; 44
3916; 56
3917; 18
3918; 42
3919; 42
3920; 45
3921; 45
3922; 49
3923; 49
3924; 1
3925; 22
3926; 46
3927; 46
3928; 49
3929; 49
3930; 53
3931; 53
3932; 5
3933; 27
3934; 51
3935; 51
3936; 54
3937; 54
3938; 58
3939; 58
3940; 10
3941; 31
3942; 55
3943; 55
3944; 58
3945; 58
3946; 2
3947; 2
3948; 14
3949; 36
3950; 0
3951; 0
3952; 3
3953; 3
3954; 7
3955; 7
3956; 19
3957; 41
3958; 5
3959; 5
3960; 8
3961; 8
3962; 12
3963; 12
3964; 24
3965; 45
3966; 9
3967; 9
3968; 12
3969; 12
3970; 16
3971; 16
3972; 28
3973; 50
3974; 14
3975; 14
3976; 17
3977; 17
3978; 21
3979; 21
3980; 33
3981; 55
3982; 7
3983; 7
3984; 11
3985; 11
3986; 14
3987; 14
3988; 38
3989; 59
3990; 11
3991; 11
3992; 15
3993; 15
3994; 18
3995; 18
3996; 42
3997; 4
3998; 16
3999; 16
4000; 20
4001; 20
4002; 23
4003; 23
4004; 47
4005; 8
4006; 20
4007; 20
4008; 24
4009; 24
4010; 27
4011; 27
4012; 51
4013; 13
4014; 25
4015; 25
4016; 29
4017; 29
4018; 32
4019; 32
4020; 56
4021; 18
4022; 30
4023; 30
4024; 34
4025; 34
4026; 37
4027; 37
4028; 1
4029; 22
4030; 34
4031; 34
4032; 38
4033; 38
4034; 41
4035; 41
4036; 5
4037; 27
4038; 39
4039; 39
4040; 43
4041; 43
4042; 46
4043; 46
4044; 10
4045; 31
4046; 43
4047; 43
4048; 47
4049; 47
4050; 50
4051; 50
4052; 14
4053; 36
4054; 48
4055; 48
4056; 52
4057; 52
4058; 55
4059; 55
4060; 19
4061; 41
4062; 53
4063; 53
4064; 57
4065; 57
4066; 0
4067; 0
4068; 24
4069; 45
4070; 57
4071; 57
4072; 1
4073; 1
4074; 4
4075; 4
4076; 28
4077; 50
4078; 2
4079; 2
4080; 6
4081; 6
4082; 9
4083; 9
4084; 33
4085; 43
4086; 54
4087; 54
4088; 4
4089; 4
4090; 10
4091; 10
4092; 17
4093; 47
4094; 58
4095; 58
4096; 8
4097; 8
4098; 14
4099; 14
4100; 21
4101; 52
4102; 3
4103; 3
4104; 13
4105; 13
4106; 19
4107; 19
4108; 26
4109; 56
4110; 7
4111; 7
4112; 17
4113; 17
4114; 23
4115; 23
4116; 30
4117; 1
4118; 12
4119; 12
4120; 22
4121; 22
4122; 28
4123; 28
4124; 35
4125; 6
4126; 17
4127; 17
4128; 27
4129; 27
4130; 33
4131; 33
4132; 40
4133; 10
4134; 21
4135; 21
4136; 31
4137; 31
4138; 37
4139; 37
4140; 44
4141; 15
4142; 26
4143; 26
4144; 36
4145; 36
4146; 42
4147; 42
4148; 49
4149; 19
4150; 30
4151; 30
4152; 40
4153; 40
4154; 46
4155; 46
4156; 53
4157; 24
4158; 35
4159; 35
4160; 45
4161; 45
4162; 51
4163; 51
4164; 58
4165; 29
4166; 40
4167; 40
4168; 50
4169; 50
4170; 56
4171; 56
4172; 3
4173; 33
4174; 44
4175; 44
4176; 54
4177; 54
4178; 0
4179; 0
4180; 7
4181; 38
4182; 49
4183; 49
4184; 59
4185; 59
4186; 5
4187; 5
4188; 12
4189; 43
4190; 50
4191; 50
4192; 56
4193; 56
4194; 6
4195; 6
4196; 17
4197; 47
4198; 54
4199; 54
4200; 0
4201; 0
4202; 10
4203; 10
4204; 21
4205; 52
4206; 59
4207; 59
4208; 5
4209; 5
4210; 15
4211; 15
4212; 26
4213; 56
4214; 3
4215; 3
4216; 9
4217; 9
4218; 19
4219; 19
4220; 30
4221; 1
4222; 8
4223; 8
4224; 14
4225; 14
4226; 24
4227; 24
4228; 35
4229; 6
4230; 13
4231; 13
4232; 19
4233; 19
4234; 29
4235; 29
4236; 40
4237; 10
4238; 17
4239; 17
4240; 23
4241; 23
4242; 33
4243; 33
4244; 44
4245; 15
4246; 22
4247; 22
4248; 28
4249; 28
4250; 38
4251; 38
4252; 49
4253; 19
4254; 26
4255; 26
4256; 32
4257; 32
4258; 42
4259; 42
4260; 53
4261; 24
4262; 31
4263; 31
4264; 37
4265; 37
4266; 47
4267; 47
4268; 58
4269; 29
4270; 36
4271; 36
4272; 42
4273; 42
4274; 52
4275; 52
4276; 3
4277; 33
4278; 40
4279; 40
4280; 46
4281; 46
4282; 56
4283; 56
4284; 7
4285; 38
4286; 45
4287; 45
4288; 51
4289; 51
4290; 1
4291; 1
4292; 12
4293; 0
4294; 4
4295; 4
4296; 8
4297; 8
4298; 11
4299; 11
4300; 28
4301; 30
4302; 34
4303; 34
4304; 38
4305; 38
4306; 41
4307; 41
4308; 58
4309; 30
4310; 47
4311; 47
4312; 50
4313; 50
4314; 54
4315; 54
4316; 58
4317; 0
4318; 17
4319; 17
4320; 20
4321; 20
4322; 24
4323; 24
4324; 28
4325; 11
4326; 15
4327; 15
4328; 19
4329; 19
4330; 23
4331; 23
4332; 28
4333; 15
4334; 19
4335; 19
4336; 23
4337; 23
4338; 27
4339; 27
4340; 32
4341; 20
4342; 24
4343; 24
4344; 28
4345; 28
4346; 32
4347; 32
4348; 37
4349; 24
4350; 28
4351; 28
4352; 32
4353; 32
4354; 36
4355; 36
4356; 41
4357; 29
4358; 33
4359; 33
4360; 37
4361; 37
4362; 41
4363; 41
4364; 46
4365; 34
4366; 38
4367; 38
4368; 42
4369; 42
4370; 46
4371; 46
4372; 51
4373; 38
4374; 42
4375; 42
4376; 46
4377; 46
4378; 50
4379; 50
4380; 55
4381; 43
4382; 47
4383; 47
4384; 51
4385; 51
4386; 55
4387; 55
4388; 0
4389; 47
4390; 51
4391; 51
4392; 55
4393; 55
4394; 59
4395; 59
4396; 4
4397; 52
4398; 56
4399; 56
4400; 0
4401; 0
4402; 4
4403; 4
4404; 9
4405; 57
4406; 1
4407; 1
4408; 5
4409; 5
4410; 9
4411; 9
4412; 14
4413; 1
4414; 5
4415; 5
4416; 9
4417; 9
4418; 13
4419; 13
4420; 18
4421; 6
4422; 10
4423; 10
4424; 14
4425; 14
4426; 18
4427; 18
4428; 23
4429; 41
4430; 46
4431; 46
4432; 50
4433; 50
4434; 54
4435; 54
4436; 58
4437; 45
4438; 50
4439; 50
4440; 54
4441; 54
4442; 58
4443; 58
4444; 2
4445; 50
4446; 55
4447; 55
4448; 59
4449; 59
4450; 3
4451; 3
4452; 7
4453; 54
4454; 59
4455; 59
4456; 3
4457; 3
4458; 7
4459; 7
4460; 11
4461; 59
4462; 4
4463; 4
4464; 8
4465; 8
4466; 12
4467; 12
4468; 16
4469; 4
4470; 9
4471; 9
4472; 13
4473; 13
4474; 17
4475; 17
4476; 21
4477; 8
4478; 13
4479; 13
4480; 17
4481; 17
4482; 21
4483; 21
4484; 25
4485; 13
4486; 18
4487; 18
4488; 22
4489; 22
4490; 26
4491; 26
4492; 30
4493; 17
4494; 22
4495; 22
4496; 26
4497; 26
4498; 30
4499; 30
4500; 34
4501; 22
4502; 27
4503; 27
4504; 31
4505; 31
4506; 35
4507; 35
4508; 39
4509; 27
4510; 32
4511; 32
4512; 36
4513; 36
4514; 40
4515; 40
4516; 44
4517; 31
4518; 36
4519; 36
4520; 40
4521; 40
4522; 44
4523; 44
4524; 48
4525; 36
4526; 41
4527; 41
4528; 45
4529; 45
4530; 49
4531; 49
4532; 53
4533; 0
4534; 2
4535; 2
4536; 11
4537; 11
4538; 18
4539; 18
4540; 24
4541; 4
4542; 6
4543; 6
4544; 15
4545; 15
4546; 22
4547; 22
4548; 28
4549; 9
4550; 11
4551; 11
4552; 20
4553; 20
4554; 27
4555; 27
4556; 33
4557; 13
4558; 15
4559; 15
4560; 24
4561; 24
4562; 31
4563; 31
4564; 37
4565; 18
4566; 20
4567; 20
4568; 29
4569; 29
4570; 36
4571; 36
4572; 42
4573; 23
4574; 25
4575; 25
4576; 34
4577; 34
4578; 41
4579; 41
4580; 47
4581; 27
4582; 29
4583; 29
4584; 38
4585; 38
4586; 45
4587; 45
4588; 51
4589; 32
4590; 34
4591; 34
4592; 43
4593; 43
4594; 50
4595; 50
4596; 56
4597; 36
4598; 38
4599; 38
4600; 47
4601; 47
4602; 54
4603; 54
4604; 0
4605; 41
4606; 43
4607; 43
4608; 52
4609; 52
4610; 59
4611; 59
4612; 5
4613; 46
4614; 48
4615; 48
4616; 57
4617; 57
4618; 4
4619; 4
4620; 10
4621; 50
4622; 52
4623; 52
4624; 1
4625; 1
4626; 8
4627; 8
4628; 14
4629; 55
4630; 57
4631; 57
4632; 6
4633; 6
4634; 13
4635; 13
4636; 19
4637; 30
4638; 36
4639; 36
4640; 43
4641; 43
4642; 52
4643; 52
4644; 54
4645; 34
4646; 40
4647; 40
4648; 47
4649; 47
4650; 56
4651; 56
4652; 58
4653; 39
4654; 45
4655; 45
4656; 52
4657; 52
4658; 1
4659; 1
4660; 3
4661; 43
4662; 49
4663; 49
4664; 56
4665; 56
4666; 5
4667; 5
4668; 7
4669; 48
4670; 54
4671; 54
4672; 1
4673; 1
4674; 10
4675; 10
4676; 12
4677; 53
4678; 59
4679; 59
4680; 6
4681; 6
4682; 15
4683; 15
4684; 17
4685; 57
4686; 3
4687; 3
4688; 10
4689; 10
4690; 19
4691; 19
4692; 21
4693; 2
4694; 8
4695; 8
4696; 15
4697; 15
4698; 24
4699; 24
4700; 26
4701; 6
4702; 12
4703; 12
4704; 19
4705; 19
4706; 28
4707; 28
4708; 30
4709; 11
4710; 17
4711; 17
4712; 24
4713; 24
4714; 33
4715; 33
4716; 35
4717; 16
4718; 22
4719; 22
4720; 29
4721; 29
4722; 38
4723; 38
4724; 40
4725; 20
4726; 26
4727; 26
4728; 33
4729; 33
4730; 42
4731; 42
4732; 44
4733; 25
4734; 31
4735; 31
4736; 38
4737; 38
4738; 47
4739; 47
4740; 49
4741; 4
4742; 8
4743; 8
4744; 15
4745; 15
4746; 20
4747; 8
4748; 12
4749; 12
4750; 19
4751; 19
4752; 24
4753; 13
4754; 17
4755; 17
4756; 24
4757; 24
4758; 29
4759; 17
4760; 21
4761; 21
4762; 28
4763; 28
4764; 33
4765; 22
4766; 26
4767; 26
4768; 33
4769; 33
4770; 38
4771; 27
4772; 31
4773; 31
4774; 38
4775; 38
4776; 43
4777; 31
4778; 35
4779; 35
4780; 42
4781; 42
4782; 47
4783; 36
4784; 40
4785; 40
4786; 47
4787; 47
4788; 52
4789; 40
4790; 44
4791; 44
4792; 51
4793; 51
4794; 56
4795; 45
4796; 49
4797; 49
4798; 56
4799; 56
4800; 1
4801; 50
4802; 54
4803; 54
4804; 1
4805; 1
4806; 6
4807; 54
4808; 58
4809; 58
4810; 5
4811; 5
4812; 10
4813; 59
4814; 3
4815; 3
4816; 10
4817; 10
4818; 15
4819; 34
4820; 39
4821; 39
4822; 46
4823; 46
4824; 50
4825; 38
4826; 43
4827; 43
4828; 50
4829; 50
4830; 54
4831; 43
4832; 48
4833; 48
4834; 55
4835; 55
4836; 59
4837; 47
4838; 52
4839; 52
4840; 59
4841; 59
4842; 3
4843; 52
4844; 57
4845; 57
4846; 4
4847; 4
4848; 8
4849; 57
4850; 2
4851; 2
4852; 9
4853; 9
4854; 13
4855; 1
4856; 6
4857; 6
4858; 13
4859; 13
4860; 17
4861; 6
4862; 11
4863; 11
4864; 18
4865; 18
4866; 22
4867; 10
4868; 15
4869; 15
4870; 22
4871; 22
4872; 26
4873; 15
4874; 20
4875; 20
4876; 27
4877; 27
4878; 31
4879; 20
4880; 25
4881; 25
4882; 32
4883; 32
4884; 36
4885; 24
4886; 29
4887; 29
4888; 36
4889; 36
4890; 40
4891; 29
4892; 34
4893; 34
4894; 41
4895; 41
4896; 45
4897; 0
4898; 11
4899; 11
4900; 17
4901; 17
4902; 19
4903; 30
4904; 41
4905; 41
4906; 47
4907; 47
4908; 49
4909; 30
4910; 32
4911; 32
4912; 38
4913; 38
4914; 49
4915; 0
4916; 2
4917; 2
4918; 8
4919; 8
4920; 19
4921; 43
4922; 49
4923; 49
4924; 57
4925; 57
4926; 11
4927; 47
4928; 53
4929; 53
4930; 1
4931; 1
4932; 15
4933; 52
4934; 58
4935; 58
4936; 6
4937; 6
4938; 20
4939; 56
4940; 2
4941; 2
4942; 10
4943; 10
4944; 24
4945; 1
4946; 7
4947; 7
4948; 15
4949; 15
4950; 29
4951; 6
4952; 12
4953; 12
4954; 20
4955; 20
4956; 34
4957; 10
4958; 16
4959; 16
4960; 24
4961; 24
4962; 38
4963; 15
4964; 21
4965; 21
4966; 29
4967; 29
4968; 43
4969; 19
4970; 25
4971; 25
4972; 33
4973; 33
4974; 47
4975; 24
4976; 30
4977; 30
4978; 38
4979; 38
4980; 52
4981; 29
4982; 35
4983; 35
4984; 43
4985; 43
4986; 57
4987; 33
4988; 39
4989; 39
4990; 47
4991; 47
4992; 1
4993; 38
4994; 44
4995; 44
4996; 52
4997; 52
4998; 6
4999; 13
5000; 27
5001; 27
5002; 35
5003; 35
5004; 41
5005; 17
5006; 31
5007; 31
5008; 39
5009; 39
5010; 45
5011; 22
5012; 36
5013; 36
5014; 44
5015; 44
5016; 50
5017; 26
5018; 40
5019; 40
5020; 48
5021; 48
5022; 54
5023; 31
5024; 45
5025; 45
5026; 53
5027; 53
5028; 59
5029; 36
5030; 50
5031; 50
5032; 58
5033; 58
5034; 4
5035; 40
5036; 54
5037; 54
5038; 2
5039; 2
5040; 8
5041; 45
5042; 59
5043; 59
5044; 7
5045; 7
5046; 13
5047; 49
5048; 3
5049; 3
5050; 11
5051; 11
5052; 17
5053; 54
5054; 8
5055; 8
5056; 16
5057; 16
5058; 22
5059; 59
5060; 13
5061; 13
5062; 21
5063; 21
5064; 27
5065; 3
5066; 17
5067; 17
5068; 25
5069; 25
5070; 31
5071; 8
5072; 22
5073; 22
5074; 30
5075; 30
5076; 36
5077; 46
5078; 56
5079; 56
5080; 11
5081; 11
5082; 25
5083; 50
5084; 0
5085; 0
5086; 15
5087; 15
5088; 29
5089; 55
5090; 5
5091; 5
5092; 20
5093; 20
5094; 34
5095; 59
5096; 9
5097; 9
5098; 24
5099; 24
5100; 38
5101; 4
5102; 14
5103; 14
5104; 29
5105; 29
5106; 43
5107; 9
5108; 19
5109; 19
5110; 34
5111; 34
5112; 48
5113; 13
5114; 23
5115; 23
5116; 38
5117; 38
5118; 52
5119; 18
5120; 28
5121; 28
5122; 43
5123; 43
5124; 57
5125; 22
5126; 32
5127; 32
5128; 47
5129; 47
5130; 1
5131; 27
5132; 37
5133; 37
5134; 52
5135; 52
5136; 6
5137; 32
5138; 42
5139; 42
5140; 57
5141; 57
5142; 11
5143; 36
5144; 46
5145; 46
5146; 1
5147; 1
5148; 15
5149; 41
5150; 51
5151; 51
5152; 6
5153; 6
5154; 20
5155; 46
5156; 0
5157; 0
5158; 15
5159; 15
5160; 25
5161; 50
5162; 4
5163; 4
5164; 19
5165; 19
5166; 29
5167; 55
5168; 9
5169; 9
5170; 24
5171; 24
5172; 34
5173; 59
5174; 13
5175; 13
5176; 28
5177; 28
5178; 38
5179; 4
5180; 18
5181; 18
5182; 33
5183; 33
5184; 43
5185; 9
5186; 23
5187; 23
5188; 38
5189; 38
5190; 48
5191; 13
5192; 27
5193; 27
5194; 42
5195; 42
5196; 52
5197; 18
5198; 32
5199; 32
5200; 47
5201; 47
5202; 57
5203; 22
5204; 36
5205; 36
5206; 51
5207; 51
5208; 1
5209; 27
5210; 41
5211; 41
5212; 56
5213; 56
5214; 6
5215; 32
5216; 46
5217; 46
5218; 1
5219; 1
5220; 11
5221; 36
5222; 50
5223; 50
5224; 5
5225; 5
5226; 15
5227; 41
5228; 55
5229; 55
5230; 10
5231; 10
5232; 20
5233; 40
5234; 43
5235; 43
5236; 51
5237; 51
5238; 57
5239; 44
5240; 47
5241; 47
5242; 55
5243; 55
5244; 1
5245; 49
5246; 52
5247; 52
5248; 0
5249; 0
5250; 6
5251; 53
5252; 56
5253; 56
5254; 4
5255; 4
5256; 10
5257; 58
5258; 1
5259; 1
5260; 9
5261; 9
5262; 15
5263; 3
5264; 6
5265; 6
5266; 14
5267; 14
5268; 20
5269; 7
5270; 10
5271; 10
5272; 18
5273; 18
5274; 24
5275; 12
5276; 15
5277; 15
5278; 23
5279; 23
5280; 29
5281; 16
5282; 19
5283; 19
5284; 27
5285; 27
5286; 33
5287; 21
5288; 24
5289; 24
5290; 32
5291; 32
5292; 38
5293; 26
5294; 29
5295; 29
5296; 37
5297; 37
5298; 43
5299; 30
5300; 33
5301; 33
5302; 41
5303; 41
5304; 47
5305; 35
5306; 38
5307; 38
5308; 46
5309; 46
5310; 52
5311; 10
5312; 16
5313; 16
5314; 24
5315; 24
5316; 27
5317; 14
5318; 20
5319; 20
5320; 28
5321; 28
5322; 31
5323; 19
5324; 25
5325; 25
5326; 33
5327; 33
5328; 36
5329; 23
5330; 29
5331; 29
5332; 37
5333; 37
5334; 40
5335; 28
5336; 34
5337; 34
5338; 42
5339; 42
5340; 45
5341; 33
5342; 39
5343; 39
5344; 47
5345; 47
5346; 50
5347; 37
5348; 43
5349; 43
5350; 51
5351; 51
5352; 54
5353; 42
5354; 48
5355; 48
5356; 56
5357; 56
5358; 59
5359; 46
5360; 52
5361; 52
5362; 0
5363; 0
5364; 3
5365; 51
5366; 57
5367; 57
5368; 5
5369; 5
5370; 8
5371; 56
5372; 2
5373; 2
5374; 10
5375; 10
5376; 13
5377; 0
5378; 6
5379; 6
5380; 14
5381; 14
5382; 17
5383; 5
5384; 11
5385; 11
5386; 19
5387; 19
5388; 22
5389; 16
5390; 19
5391; 19
5392; 26
5393; 26
5394; 34
5395; 34
5396; 35
5397; 35
5398; 37
5399; 37
5400; 43
5401; 43
5402; 51
5403; 51
5404; 54
5405; 54
5406; 59
5407; 20
5408; 23
5409; 23
5410; 30
5411; 30
5412; 38
5413; 38
5414; 39
5415; 39
5416; 41
5417; 41
5418; 47
5419; 47
5420; 55
5421; 55
5422; 58
5423; 58
5424; 3
5425; 25
5426; 28
5427; 28
5428; 35
5429; 35
5430; 43
5431; 43
5432; 44
5433; 44
5434; 46
5435; 46
5436; 52
5437; 52
5438; 0
5439; 0
5440; 3
5441; 3
5442; 8
5443; 29
5444; 32
5445; 32
5446; 39
5447; 39
5448; 47
5449; 47
5450; 48
5451; 48
5452; 50
5453; 50
5454; 56
5455; 56
5456; 4
5457; 4
5458; 7
5459; 7
5460; 12
5461; 34
5462; 37
5463; 37
5464; 44
5465; 44
5466; 52
5467; 52
5468; 53
5469; 53
5470; 55
5471; 55
5472; 1
5473; 1
5474; 9
5475; 9
5476; 12
5477; 12
5478; 17
5479; 39
5480; 42
5481; 42
5482; 49
5483; 49
5484; 57
5485; 57
5486; 58
5487; 58
5488; 0
5489; 0
5490; 6
5491; 6
5492; 14
5493; 14
5494; 17
5495; 17
5496; 22
5497; 43
5498; 46
5499; 46
5500; 53
5501; 53
5502; 1
5503; 1
5504; 2
5505; 2
5506; 4
5507; 4
5508; 10
5509; 10
5510; 18
5511; 18
5512; 21
5513; 21
5514; 26
5515; 48
5516; 51
5517; 51
5518; 58
5519; 58
5520; 6
5521; 6
5522; 7
5523; 7
5524; 9
5525; 9
5526; 15
5527; 15
5528; 23
5529; 23
5530; 26
5531; 26
5532; 31
5533; 52
5534; 55
5535; 55
5536; 2
5537; 2
5538; 10
5539; 10
5540; 11
5541; 11
5542; 13
5543; 13
5544; 19
5545; 19
5546; 27
5547; 27
5548; 30
5549; 30
5550; 35
5551; 57
5552; 0
5553; 0
5554; 7
5555; 7
5556; 15
5557; 15
5558; 16
5559; 16
5560; 18
5561; 18
5562; 24
5563; 24
5564; 32
5565; 32
5566; 35
5567; 35
5568; 40
5569; 2
5570; 5
5571; 5
5572; 12
5573; 12
5574; 20
5575; 20
5576; 21
5577; 21
5578; 23
5579; 23
5580; 29
5581; 29
5582; 37
5583; 37
5584; 40
5585; 40
5586; 45
5587; 6
5588; 9
5589; 9
5590; 16
5591; 16
5592; 24
5593; 24
5594; 25
5595; 25
5596; 27
5597; 27
5598; 33
5599; 33
5600; 41
5601; 41
5602; 44
5603; 44
5604; 49
5605; 11
5606; 14
5607; 14
5608; 21
5609; 21
5610; 29
5611; 29
5612; 30
5613; 30
5614; 32
5615; 32
5616; 38
5617; 38
5618; 46
5619; 46
5620; 49
5621; 49
5622; 54
5623; 16
5624; 21
5625; 21
5626; 24
5627; 24
5628; 32
5629; 32
5630; 38
5631; 38
5632; 40
5633; 40
5634; 41
5635; 41
5636; 49
5637; 49
5638; 56
5639; 56
5640; 59
5641; 20
5642; 25
5643; 25
5644; 28
5645; 28
5646; 36
5647; 36
5648; 42
5649; 42
5650; 44
5651; 44
5652; 45
5653; 45
5654; 53
5655; 53
5656; 0
5657; 0
5658; 3
5659; 25
5660; 30
5661; 30
5662; 33
5663; 33
5664; 41
5665; 41
5666; 47
5667; 47
5668; 49
5669; 49
5670; 50
5671; 50
5672; 58
5673; 58
5674; 5
5675; 5
5676; 8
5677; 29
5678; 34
5679; 34
5680; 37
5681; 37
5682; 45
5683; 45
5684; 51
5685; 51
5686; 53
5687; 53
5688; 54
5689; 54
5690; 2
5691; 2
5692; 9
5693; 9
5694; 12
5695; 34
5696; 39
5697; 39
5698; 42
5699; 42
5700; 50
5701; 50
5702; 56
5703; 56
5704; 58
5705; 58
5706; 59
5707; 59
5708; 7
5709; 7
5710; 14
5711; 14
5712; 17
5713; 39
5714; 44
5715; 44
5716; 47
5717; 47
5718; 55
5719; 55
5720; 1
5721; 1
5722; 3
5723; 3
5724; 4
5725; 4
5726; 12
5727; 12
5728; 19
5729; 19
5730; 22
5731; 43
5732; 48
5733; 48
5734; 51
5735; 51
5736; 59
5737; 59
5738; 5
5739; 5
5740; 7
5741; 7
5742; 8
5743; 8
5744; 16
5745; 16
5746; 23
5747; 23
5748; 26
5749; 48
5750; 53
5751; 53
5752; 56
5753; 56
5754; 4
5755; 4
5756; 10
5757; 10
5758; 12
5759; 12
5760; 13
5761; 13
5762; 21
5763; 21
5764; 28
5765; 28
5766; 31
5767; 52
5768; 57
5769; 57
5770; 0
5771; 0
5772; 8
5773; 8
5774; 14
5775; 14
5776; 16
5777; 16
5778; 17
5779; 17
5780; 25
5781; 25
5782; 32
5783; 32
5784; 35
5785; 57
5786; 2
5787; 2
5788; 5
5789; 5
5790; 13
5791; 13
5792; 19
5793; 19
5794; 21
5795; 21
5796; 22
5797; 22
5798; 30
5799; 30
5800; 37
5801; 37
5802; 40
5803; 2
5804; 7
5805; 7
5806; 10
5807; 10
5808; 18
5809; 18
5810; 24
5811; 24
5812; 26
5813; 26
5814; 27
5815; 27
5816; 35
5817; 35
5818; 42
5819; 42
5820; 45
5821; 6
5822; 11
5823; 11
5824; 14
5825; 14
5826; 22
5827; 22
5828; 28
5829; 28
5830; 30
5831; 30
5832; 31
5833; 31
5834; 39
5835; 39
5836; 46
5837; 46
5838; 49
5839; 11
5840; 16
5841; 16
5842; 19
5843; 19
5844; 27
5845; 27
5846; 33
5847; 33
5848; 35
5849; 35
5850; 36
5851; 36
5852; 44
5853; 44
5854; 51
5855; 51
5856; 54
5857; 38
5858; 41
5859; 41
5860; 54
5861; 54
5862; 59
5863; 59
5864; 1
5865; 1
5866; 11
5867; 48
5868; 51
5869; 51
5870; 4
5871; 4
5872; 9
5873; 9
5874; 11
5875; 11
5876; 21
5877; 58
5878; 1
5879; 1
5880; 14
5881; 14
5882; 19
5883; 19
5884; 21
5885; 21
5886; 31
5887; 8
5888; 11
5889; 11
5890; 24
5891; 24
5892; 29
5893; 29
5894; 31
5895; 31
5896; 41
5897; 18
5898; 21
5899; 21
5900; 34
5901; 34
5902; 39
5903; 39
5904; 41
5905; 41
5906; 51
5907; 28
5908; 31
5909; 31
5910; 44
5911; 44
5912; 49
5913; 49
5914; 51
5915; 51
5916; 1
5917; 38
5918; 48
5919; 48
5920; 50
5921; 50
5922; 55
5923; 55
5924; 8
5925; 8
5926; 11
5927; 48
5928; 58
5929; 58
5930; 0
5931; 0
5932; 5
5933; 5
5934; 18
5935; 18
5936; 21
5937; 58
5938; 8
5939; 8
5940; 10
5941; 10
5942; 15
5943; 15
5944; 28
5945; 28
5946; 31
5947; 8
5948; 18
5949; 18
5950; 20
5951; 20
5952; 25
5953; 25
5954; 38
5955; 38
5956; 41
5957; 18
5958; 28
5959; 28
5960; 30
5961; 30
5962; 35
5963; 35
5964; 48
5965; 48
5966; 51
5967; 28
5968; 38
5969; 38
5970; 40
5971; 40
5972; 45
5973; 45
5974; 58
5975; 58
5976; 1
5977; 22
5978; 25
5979; 25
5980; 29
5981; 29
5982; 32
5983; 32
5984; 34
5985; 34
5986; 36
5987; 36
5988; 38
5989; 38
5990; 41
5991; 41
5992; 43
5993; 43
5994; 45
5995; 45
5996; 48
5997; 48
5998; 50
5999; 50
6000; 51
6001; 32
6002; 35
6003; 35
6004; 39
6005; 39
6006; 42
6007; 42
6008; 44
6009; 44
6010; 46
6011; 46
6012; 48
6013; 48
6014; 51
6015; 51
6016; 53
6017; 53
6018; 55
6019; 55
6020; 58
6021; 58
6022; 0
6023; 0
6024; 1
6025; 42
6026; 45
6027; 45
6028; 49
6029; 49
6030; 52
6031; 52
6032; 54
6033; 54
6034; 56
6035; 56
6036; 58
6037; 58
6038; 1
6039; 1
6040; 3
6041; 3
6042; 5
6043; 5
6044; 8
6045; 8
6046; 10
6047; 10
6048; 11
6049; 52
6050; 55
6051; 55
6052; 59
6053; 59
6054; 2
6055; 2
6056; 4
6057; 4
6058; 6
6059; 6
6060; 8
6061; 8
6062; 11
6063; 11
6064; 13
6065; 13
6066; 15
6067; 15
6068; 18
6069; 18
6070; 20
6071; 20
6072; 21
6073; 2
6074; 5
6075; 5
6076; 9
6077; 9
6078; 12
6079; 12
6080; 14
6081; 14
6082; 16
6083; 16
6084; 18
6085; 18
6086; 21
6087; 21
6088; 23
6089; 23
6090; 25
6091; 25
6092; 28
6093; 28
6094; 30
6095; 30
6096; 31
6097; 12
6098; 15
6099; 15
6100; 19
6101; 19
6102; 22
6103; 22
6104; 24
6105; 24
6106; 26
6107; 26
6108; 28
6109; 28
6110; 31
6111; 31
6112; 33
6113; 33
6114; 35
6115; 35
6116; 38
6117; 38
6118; 40
6119; 40
6120; 41
6121; 52
6122; 53
6123; 53
6124; 55
6125; 55
6126; 58
6127; 58
6128; 0
6129; 0
6130; 2
6131; 2
6132; 5
6133; 5
6134; 7
6135; 7
6136; 9
6137; 9
6138; 11
6139; 11
6140; 14
6141; 14
6142; 18
6143; 18
6144; 21
6145; 2
6146; 3
6147; 3
6148; 5
6149; 5
6150; 8
6151; 8
6152; 10
6153; 10
6154; 12
6155; 12
6156; 15
6157; 15
6158; 17
6159; 17
6160; 19
6161; 19
6162; 21
6163; 21
6164; 24
6165; 24
6166; 28
6167; 28
6168; 31
6169; 12
6170; 13
6171; 13
6172; 15
6173; 15
6174; 18
6175; 18
6176; 20
6177; 20
6178; 22
6179; 22
6180; 25
6181; 25
6182; 27
6183; 27
6184; 29
6185; 29
6186; 31
6187; 31
6188; 34
6189; 34
6190; 38
6191; 38
6192; 41
6193; 22
6194; 23
6195; 23
6196; 25
6197; 25
6198; 28
6199; 28
6200; 30
6201; 30
6202; 32
6203; 32
6204; 35
6205; 35
6206; 37
6207; 37
6208; 39
6209; 39
6210; 41
6211; 41
6212; 44
6213; 44
6214; 48
6215; 48
6216; 51
6217; 32
6218; 33
6219; 33
6220; 35
6221; 35
6222; 38
6223; 38
6224; 40
6225; 40
6226; 42
6227; 42
6228; 45
6229; 45
6230; 47
6231; 47
6232; 49
6233; 49
6234; 51
6235; 51
6236; 54
6237; 54
6238; 58
6239; 58
6240; 1
6241; 42
6242; 43
6243; 43
6244; 45
6245; 45
6246; 48
6247; 48
6248; 50
6249; 50
6250; 52
6251; 52
6252; 55
6253; 55
6254; 57
6255; 57
6256; 59
6257; 59
6258; 1
6259; 1
6260; 4
6261; 4
6262; 8
6263; 8
6264; 11
6265; 28
6266; 31
6267; 31
6268; 38
6269; 38
6270; 48
6271; 48
6272; 51
6273; 38
6274; 41
6275; 41
6276; 48
6277; 48
6278; 58
6279; 58
6280; 1
6281; 48
6282; 51
6283; 51
6284; 58
6285; 58
6286; 8
6287; 8
6288; 11
6289; 58
6290; 1
6291; 1
6292; 8
6293; 8
6294; 18
6295; 18
6296; 21
6297; 8
6298; 11
6299; 11
6300; 18
6301; 18
6302; 28
6303; 28
6304; 31
6305; 18
6306; 21
6307; 21
6308; 28
6309; 28
6310; 38
6311; 38
6312; 41
6313; 58
6314; 1
6315; 1
6316; 11
6317; 11
6318; 18
6319; 18
6320; 21
6321; 8
6322; 11
6323; 11
6324; 21
6325; 21
6326; 28
6327; 28
6328; 31
6329; 18
6330; 21
6331; 21
6332; 31
6333; 31
6334; 38
6335; 38
6336; 41
6337; 28
6338; 31
6339; 31
6340; 41
6341; 41
6342; 48
6343; 48
6344; 51
6345; 38
6346; 41
6347; 41
6348; 51
6349; 51
6350; 58
6351; 58
6352; 1
6353; 48
6354; 51
6355; 51
6356; 1
6357; 1
6358; 8
6359; 8
6360; 11
