#line-id;line-code;direction;edge-order;edge-id;frequency;departure_time;arrival_time
1;1H;>;1;1;3;0;6
1;1H;>;2;3;3;6;12
1;1H;>;3;6;3;12;18
1;1H;>;4;15;3;18;24
1;1H;>;5;24;3;24;30
1;1H;>;6;33;3;30;36
1;1H;>;7;39;3;36;42
1;1H;>;8;40;3;42;48
1;1R;<;1;40;3;9;15
1;1R;<;2;39;3;15;21
1;1R;<;3;33;3;21;27
1;1R;<;4;24;3;27;33
1;1R;<;5;15;3;33;39
1;1R;<;6;6;3;39;45
1;1R;<;7;3;3;45;51
1;1R;<;8;1;3;51;57
2;2H;>;1;1;3;0;6
2;2H;>;2;3;3;6;12
2;2H;>;3;6;3;12;18
2;2H;>;4;15;3;18;24
2;2H;>;5;24;3;24;30
2;2H;>;6;33;3;30;38
2;2R;<;1;33;3;7;13
2;2R;<;2;24;3;13;19
2;2R;<;3;15;3;19;25
2;2R;<;4;6;3;25;31
2;2R;<;5;3;3;31;37
2;2R;<;6;1;3;37;43
3;3H;>;1;10;3;18;24
3;3H;>;2;13;3;24;30
3;3H;>;3;21;3;30;36
3;3H;>;4;23;3;36;42
3;3H;>;5;26;3;42;48
3;3H;>;6;34;3;48;54
3;3R;<;1;34;3;18;24
3;3R;<;2;26;3;24;30
3;3R;<;3;23;3;30;36
3;3R;<;4;21;3;36;42
3;3R;<;5;13;3;42;48
3;3R;<;6;10;3;48;54
4;4H;>;1;18;3;4;10
4;4H;>;2;16;3;10;16
4;4H;>;3;17;3;16;22
4;4H;>;4;23;3;22;28
4;4H;>;5;21;3;28;34
4;4H;>;6;22;3;34;40
4;4H;>;7;28;3;40;46
4;4H;>;8;20;3;46;52
4;4R;<;1;20;3;6;12
4;4R;<;2;28;3;12;18
4;4R;<;3;22;3;18;24
4;4R;<;4;21;3;24;30
4;4R;<;5;23;3;30;36
4;4R;<;6;17;3;36;42
4;4R;<;7;16;3;42;48
4;4R;<;8;18;3;48;54
5;5H;>;1;7;3;7;13
5;5H;>;2;8;3;13;19
5;5H;>;3;14;3;19;25
5;5H;>;4;15;3;25;31
5;5H;>;5;24;3;31;37
5;5H;>;6;30;3;37;43
5;5H;>;7;31;3;43;49
5;5H;>;8;37;3;49;55
5;5R;<;1;37;3;9;15
5;5R;<;2;31;3;15;21
5;5R;<;3;30;3;21;27
5;5R;<;4;24;3;27;33
5;5R;<;5;15;3;33;39
5;5R;<;6;14;3;41;47
5;5R;<;7;8;3;47;53
5;5R;<;8;7;3;53;59
