#event-id; time
1; 44
2; 46
3; 46
4; 48
5; 48
6; 50
7; 50
8; 52
9; 52
10; 54
11; 54
12; 56
13; 56
14; 58
15; 58
16; 0
17; 0
18; 2
19; 2
20; 4
21; 4
22; 6
23; 6
24; 8
25; 8
26; 10
27; 14
28; 16
29; 16
30; 18
31; 18
32; 20
33; 20
34; 22
35; 22
36; 24
37; 24
38; 26
39; 26
40; 28
41; 28
42; 30
43; 30
44; 32
45; 32
46; 34
47; 34
48; 36
49; 36
50; 38
51; 38
52; 40
53; 0
54; 2
55; 2
56; 4
57; 4
58; 6
59; 6
60; 8
61; 8
62; 10
63; 10
64; 12
65; 12
66; 14
67; 14
68; 16
69; 16
70; 18
71; 18
72; 20
73; 20
74; 22
75; 22
76; 24
77; 24
78; 26
79; 30
80; 32
81; 32
82; 34
83; 34
84; 36
85; 36
86; 38
87; 38
88; 40
89; 40
90; 42
91; 42
92; 44
93; 44
94; 46
95; 46
96; 48
97; 48
98; 50
99; 50
100; 52
101; 52
102; 54
103; 54
104; 56
105; 43
106; 48
107; 48
108; 53
109; 53
110; 58
111; 58
112; 3
113; 3
114; 8
115; 8
116; 13
117; 13
118; 18
119; 18
120; 20
121; 20
122; 22
123; 22
124; 24
125; 24
126; 26
127; 26
128; 28
129; 13
130; 18
131; 18
132; 23
133; 23
134; 28
135; 28
136; 33
137; 33
138; 38
139; 38
140; 43
141; 43
142; 48
143; 48
144; 50
145; 50
146; 52
147; 52
148; 54
149; 54
150; 56
151; 56
152; 58
153; 9
154; 11
155; 11
156; 13
157; 13
158; 15
159; 15
160; 17
161; 17
162; 19
163; 19
164; 24
165; 24
166; 29
167; 29
168; 34
169; 34
170; 39
171; 39
172; 44
173; 44
174; 49
175; 49
176; 54
177; 39
178; 41
179; 41
180; 43
181; 43
182; 45
183; 45
184; 47
185; 47
186; 49
187; 49
188; 54
189; 54
190; 59
191; 59
192; 4
193; 4
194; 9
195; 9
196; 14
197; 14
198; 19
199; 19
200; 24
201; 18
202; 20
203; 20
204; 22
205; 22
206; 24
207; 24
208; 26
209; 26
210; 28
211; 28
212; 30
213; 30
214; 32
215; 32
216; 34
217; 34
218; 36
219; 36
220; 38
221; 38
222; 40
223; 40
224; 42
225; 48
226; 50
227; 50
228; 52
229; 52
230; 54
231; 54
232; 56
233; 56
234; 58
235; 58
236; 0
237; 0
238; 2
239; 2
240; 4
241; 4
242; 6
243; 6
244; 8
245; 8
246; 10
247; 10
248; 12
249; 26
250; 28
251; 28
252; 30
253; 30
254; 32
255; 32
256; 34
257; 34
258; 36
259; 36
260; 38
261; 38
262; 40
263; 40
264; 42
265; 42
266; 44
267; 44
268; 46
269; 46
270; 48
271; 48
272; 50
273; 56
274; 58
275; 58
276; 0
277; 0
278; 2
279; 2
280; 4
281; 4
282; 6
283; 6
284; 8
285; 8
286; 10
287; 10
288; 12
289; 12
290; 14
291; 14
292; 16
293; 16
294; 18
295; 18
296; 20
297; 37
298; 39
299; 39
300; 41
301; 41
302; 43
303; 43
304; 45
305; 45
306; 47
307; 47
308; 49
309; 49
310; 51
311; 51
312; 53
313; 53
314; 55
315; 55
316; 57
317; 57
318; 59
319; 59
320; 1
321; 7
322; 9
323; 9
324; 11
325; 11
326; 13
327; 13
328; 15
329; 15
330; 17
331; 17
332; 19
333; 19
334; 21
335; 21
336; 23
337; 23
338; 25
339; 25
340; 27
341; 27
342; 29
343; 29
344; 31
345; 6
346; 8
347; 8
348; 10
349; 10
350; 12
351; 12
352; 14
353; 14
354; 16
355; 16
356; 18
357; 18
358; 20
359; 20
360; 22
361; 22
362; 24
363; 24
364; 26
365; 26
366; 28
367; 28
368; 30
369; 36
370; 38
371; 38
372; 40
373; 40
374; 42
375; 42
376; 44
377; 44
378; 46
379; 46
380; 48
381; 48
382; 50
383; 50
384; 52
385; 52
386; 54
387; 54
388; 56
389; 56
390; 58
391; 58
392; 0
393; 30
394; 32
395; 32
396; 34
397; 34
398; 36
399; 36
400; 38
401; 38
402; 40
403; 40
404; 42
405; 42
406; 44
407; 44
408; 46
409; 46
410; 48
411; 48
412; 50
413; 50
414; 52
415; 52
416; 54
417; 0
418; 2
419; 2
420; 4
421; 4
422; 6
423; 6
424; 8
425; 8
426; 10
427; 10
428; 12
429; 12
430; 14
431; 14
432; 16
433; 16
434; 18
435; 18
436; 20
437; 20
438; 22
439; 22
440; 24
441; 1
442; 3
443; 3
444; 5
445; 5
446; 7
447; 7
448; 9
449; 9
450; 11
451; 11
452; 13
453; 13
454; 15
455; 15
456; 17
457; 17
458; 19
459; 19
460; 21
461; 21
462; 23
463; 23
464; 25
465; 31
466; 33
467; 33
468; 35
469; 35
470; 37
471; 37
472; 39
473; 39
474; 41
475; 41
476; 43
477; 43
478; 45
479; 45
480; 47
481; 47
482; 49
483; 49
484; 51
485; 51
486; 53
487; 53
488; 55
489; 49
490; 51
491; 51
492; 53
493; 53
494; 55
495; 55
496; 57
497; 57
498; 59
499; 59
500; 1
501; 1
502; 3
503; 3
504; 5
505; 5
506; 7
507; 7
508; 9
509; 9
510; 11
511; 11
512; 13
513; 19
514; 21
515; 21
516; 23
517; 23
518; 25
519; 25
520; 27
521; 27
522; 29
523; 29
524; 31
525; 31
526; 33
527; 33
528; 35
529; 35
530; 37
531; 37
532; 39
533; 39
534; 41
535; 41
536; 43
537; 33
538; 35
539; 35
540; 37
541; 37
542; 39
543; 39
544; 41
545; 41
546; 43
547; 43
548; 45
549; 45
550; 47
551; 47
552; 49
553; 49
554; 51
555; 51
556; 53
557; 53
558; 55
559; 55
560; 57
561; 3
562; 5
563; 5
564; 7
565; 7
566; 9
567; 9
568; 11
569; 11
570; 13
571; 13
572; 15
573; 15
574; 17
575; 17
576; 19
577; 19
578; 21
579; 21
580; 23
581; 23
582; 25
583; 25
584; 27
585; 46
586; 49
587; 49
588; 52
589; 52
590; 55
591; 55
592; 58
593; 58
594; 1
595; 1
596; 4
597; 4
598; 7
599; 7
600; 10
601; 10
602; 12
603; 12
604; 14
605; 16
606; 19
607; 19
608; 22
609; 22
610; 25
611; 25
612; 28
613; 28
614; 31
615; 31
616; 34
617; 34
618; 37
619; 37
620; 40
621; 40
622; 42
623; 42
624; 44
625; 33
626; 35
627; 35
628; 37
629; 37
630; 40
631; 40
632; 43
633; 43
634; 46
635; 46
636; 49
637; 49
638; 52
639; 52
640; 55
641; 55
642; 58
643; 58
644; 1
645; 3
646; 5
647; 5
648; 7
649; 7
650; 10
651; 10
652; 13
653; 13
654; 16
655; 16
656; 19
657; 19
658; 22
659; 22
660; 25
661; 25
662; 28
663; 28
664; 31
665; 34
666; 37
667; 37
668; 40
669; 40
670; 42
671; 42
672; 44
673; 44
674; 46
675; 46
676; 48
677; 48
678; 50
679; 50
680; 55
681; 4
682; 7
683; 7
684; 10
685; 10
686; 12
687; 12
688; 14
689; 14
690; 16
691; 16
692; 18
693; 18
694; 20
695; 20
696; 25
697; 45
698; 50
699; 50
700; 52
701; 52
702; 54
703; 54
704; 56
705; 56
706; 58
707; 58
708; 0
709; 0
710; 3
711; 3
712; 6
713; 15
714; 20
715; 20
716; 22
717; 22
718; 24
719; 24
720; 26
721; 26
722; 28
723; 28
724; 30
725; 30
726; 33
727; 33
728; 36
729; 0
730; 3
731; 3
732; 6
733; 6
734; 9
735; 9
736; 12
737; 12
738; 15
739; 15
740; 18
741; 18
742; 21
743; 30
744; 33
745; 33
746; 36
747; 36
748; 39
749; 39
750; 42
751; 42
752; 45
753; 45
754; 48
755; 48
756; 51
757; 46
758; 49
759; 49
760; 52
761; 52
762; 55
763; 55
764; 58
765; 58
766; 1
767; 1
768; 4
769; 4
770; 7
771; 16
772; 19
773; 19
774; 22
775; 22
776; 25
777; 25
778; 28
779; 28
780; 31
781; 31
782; 34
783; 34
784; 37
785; 24
786; 25
787; 25
788; 26
789; 26
790; 27
791; 27
792; 28
793; 28
794; 29
795; 29
796; 30
797; 30
798; 31
799; 31
800; 32
801; 32
802; 33
803; 33
804; 35
805; 54
806; 55
807; 55
808; 56
809; 56
810; 57
811; 57
812; 58
813; 58
814; 59
815; 59
816; 0
817; 0
818; 1
819; 1
820; 2
821; 2
822; 3
823; 3
824; 5
825; 16
826; 18
827; 18
828; 19
829; 19
830; 20
831; 20
832; 21
833; 21
834; 22
835; 22
836; 23
837; 23
838; 24
839; 24
840; 25
841; 25
842; 26
843; 26
844; 27
845; 46
846; 48
847; 48
848; 49
849; 49
850; 50
851; 50
852; 51
853; 51
854; 52
855; 52
856; 53
857; 53
858; 54
859; 54
860; 55
861; 55
862; 56
863; 56
864; 57
865; 57
866; 59
867; 59
868; 1
869; 1
870; 3
871; 3
872; 5
873; 5
874; 7
875; 7
876; 9
877; 9
878; 11
879; 11
880; 13
881; 13
882; 15
883; 15
884; 17
885; 17
886; 19
887; 19
888; 21
889; 21
890; 23
891; 23
892; 25
893; 25
894; 27
895; 27
896; 29
897; 29
898; 31
899; 31
900; 33
901; 33
902; 35
903; 35
904; 37
905; 27
906; 29
907; 29
908; 31
909; 31
910; 33
911; 33
912; 35
913; 35
914; 37
915; 37
916; 39
917; 39
918; 41
919; 41
920; 43
921; 43
922; 45
923; 45
924; 47
925; 47
926; 49
927; 49
928; 51
929; 51
930; 53
931; 53
932; 55
933; 55
934; 57
935; 57
936; 59
937; 59
938; 1
939; 1
940; 3
941; 3
942; 5
943; 5
944; 7
945; 51
946; 53
947; 53
948; 55
949; 55
950; 57
951; 57
952; 59
953; 59
954; 1
955; 1
956; 3
957; 3
958; 5
959; 5
960; 7
961; 7
962; 9
963; 9
964; 11
965; 11
966; 13
967; 13
968; 15
969; 15
970; 17
971; 17
972; 19
973; 19
974; 21
975; 21
976; 23
977; 23
978; 25
979; 25
980; 27
981; 27
982; 29
983; 29
984; 31
985; 21
986; 23
987; 23
988; 25
989; 25
990; 27
991; 27
992; 29
993; 29
994; 31
995; 31
996; 33
997; 33
998; 35
999; 35
1000; 37
1001; 37
1002; 39
1003; 39
1004; 41
1005; 41
1006; 43
1007; 43
1008; 45
1009; 45
1010; 47
1011; 47
1012; 49
1013; 49
1014; 51
1015; 51
1016; 53
1017; 53
1018; 55
1019; 55
1020; 57
1021; 57
1022; 59
1023; 59
1024; 1
1025; 9
1026; 11
1027; 11
1028; 13
1029; 13
1030; 15
1031; 15
1032; 17
1033; 17
1034; 19
1035; 19
1036; 21
1037; 21
1038; 23
1039; 23
1040; 25
1041; 25
1042; 27
1043; 27
1044; 29
1045; 29
1046; 31
1047; 31
1048; 33
1049; 33
1050; 35
1051; 35
1052; 37
1053; 37
1054; 39
1055; 39
1056; 41
1057; 41
1058; 43
1059; 43
1060; 45
1061; 45
1062; 47
1063; 47
1064; 49
1065; 39
1066; 41
1067; 41
1068; 43
1069; 43
1070; 45
1071; 45
1072; 47
1073; 47
1074; 49
1075; 49
1076; 51
1077; 51
1078; 53
1079; 53
1080; 55
1081; 55
1082; 57
1083; 57
1084; 59
1085; 59
1086; 1
1087; 1
1088; 3
1089; 3
1090; 5
1091; 5
1092; 7
1093; 7
1094; 9
1095; 9
1096; 11
1097; 11
1098; 13
1099; 13
1100; 15
1101; 15
1102; 17
1103; 17
1104; 19
1105; 24
1106; 26
1107; 26
1108; 28
1109; 28
1110; 30
1111; 30
1112; 32
1113; 32
1114; 34
1115; 34
1116; 36
1117; 36
1118; 38
1119; 38
1120; 40
1121; 40
1122; 42
1123; 42
1124; 44
1125; 44
1126; 46
1127; 46
1128; 48
1129; 48
1130; 50
1131; 50
1132; 52
1133; 52
1134; 54
1135; 54
1136; 56
1137; 56
1138; 58
1139; 58
1140; 0
1141; 0
1142; 2
1143; 2
1144; 4
1145; 54
1146; 56
1147; 56
1148; 58
1149; 58
1150; 0
1151; 0
1152; 2
1153; 2
1154; 4
1155; 4
1156; 6
1157; 6
1158; 8
1159; 8
1160; 10
1161; 10
1162; 12
1163; 12
1164; 14
1165; 14
1166; 16
1167; 16
1168; 18
1169; 18
1170; 20
1171; 20
1172; 22
1173; 22
1174; 24
1175; 24
1176; 26
1177; 26
1178; 28
1179; 28
1180; 30
1181; 30
1182; 32
1183; 32
1184; 34
1185; 36
1186; 38
1187; 38
1188; 40
1189; 40
1190; 42
1191; 42
1192; 44
1193; 44
1194; 46
1195; 46
1196; 48
1197; 48
1198; 50
1199; 50
1200; 52
1201; 52
1202; 54
1203; 54
1204; 56
1205; 56
1206; 58
1207; 58
1208; 0
1209; 0
1210; 2
1211; 2
1212; 4
1213; 4
1214; 6
1215; 6
1216; 8
1217; 8
1218; 10
1219; 10
1220; 12
1221; 12
1222; 14
1223; 14
1224; 16
1225; 6
1226; 8
1227; 8
1228; 10
1229; 10
1230; 12
1231; 12
1232; 14
1233; 14
1234; 16
1235; 16
1236; 18
1237; 18
1238; 20
1239; 20
1240; 22
1241; 22
1242; 24
1243; 24
1244; 26
1245; 26
1246; 28
1247; 28
1248; 30
1249; 30
1250; 32
1251; 32
1252; 34
1253; 34
1254; 36
1255; 36
1256; 38
1257; 38
1258; 40
1259; 40
1260; 42
1261; 42
1262; 44
1263; 44
1264; 46
1265; 27
1266; 29
1267; 29
1268; 31
1269; 31
1270; 33
1271; 33
1272; 35
1273; 35
1274; 37
1275; 37
1276; 39
1277; 39
1278; 41
1279; 41
1280; 43
1281; 43
1282; 45
1283; 45
1284; 47
1285; 47
1286; 49
1287; 49
1288; 51
1289; 51
1290; 53
1291; 53
1292; 55
1293; 55
1294; 57
1295; 57
1296; 59
1297; 59
1298; 1
1299; 1
1300; 3
1301; 3
1302; 5
1303; 5
1304; 7
1305; 57
1306; 59
1307; 59
1308; 1
1309; 1
1310; 3
1311; 3
1312; 5
1313; 5
1314; 7
1315; 7
1316; 9
1317; 9
1318; 11
1319; 11
1320; 13
1321; 13
1322; 15
1323; 15
1324; 17
1325; 17
1326; 19
1327; 19
1328; 21
1329; 21
1330; 23
1331; 23
1332; 25
1333; 25
1334; 27
1335; 27
1336; 29
1337; 29
1338; 31
1339; 31
1340; 33
1341; 33
1342; 35
1343; 35
1344; 37
1345; 30
1346; 32
1347; 32
1348; 34
1349; 34
1350; 36
1351; 36
1352; 38
1353; 38
1354; 40
1355; 40
1356; 42
1357; 42
1358; 44
1359; 44
1360; 46
1361; 46
1362; 48
1363; 48
1364; 50
1365; 50
1366; 52
1367; 52
1368; 54
1369; 54
1370; 56
1371; 56
1372; 58
1373; 58
1374; 0
1375; 0
1376; 2
1377; 2
1378; 4
1379; 4
1380; 6
1381; 6
1382; 8
1383; 8
1384; 10
1385; 0
1386; 2
1387; 2
1388; 4
1389; 4
1390; 6
1391; 6
1392; 8
1393; 8
1394; 10
1395; 10
1396; 12
1397; 12
1398; 14
1399; 14
1400; 16
1401; 16
1402; 18
1403; 18
1404; 20
1405; 20
1406; 22
1407; 22
1408; 24
1409; 24
1410; 26
1411; 26
1412; 28
1413; 28
1414; 30
1415; 30
1416; 32
1417; 32
1418; 34
1419; 34
1420; 36
1421; 36
1422; 38
1423; 38
1424; 40
1425; 30
1426; 32
1427; 32
1428; 34
1429; 34
1430; 36
1431; 36
1432; 38
1433; 38
1434; 40
1435; 40
1436; 42
1437; 42
1438; 44
1439; 44
1440; 46
1441; 46
1442; 48
1443; 48
1444; 50
1445; 50
1446; 52
1447; 52
1448; 54
1449; 54
1450; 56
1451; 56
1452; 58
1453; 58
1454; 0
1455; 0
1456; 2
1457; 2
1458; 4
1459; 4
1460; 6
1461; 6
1462; 8
1463; 8
1464; 10
1465; 0
1466; 2
1467; 2
1468; 4
1469; 4
1470; 6
1471; 6
1472; 8
1473; 8
1474; 10
1475; 10
1476; 12
1477; 12
1478; 14
1479; 14
1480; 16
1481; 16
1482; 18
1483; 18
1484; 20
1485; 20
1486; 22
1487; 22
1488; 24
1489; 24
1490; 26
1491; 26
1492; 28
1493; 28
1494; 30
1495; 30
1496; 32
1497; 32
1498; 34
1499; 34
1500; 36
1501; 36
1502; 38
1503; 38
1504; 40
1505; 30
1506; 32
1507; 32
1508; 34
1509; 34
1510; 36
1511; 36
1512; 38
1513; 38
1514; 40
1515; 40
1516; 42
1517; 42
1518; 44
1519; 44
1520; 46
1521; 46
1522; 48
1523; 48
1524; 50
1525; 50
1526; 52
1527; 52
1528; 54
1529; 54
1530; 56
1531; 56
1532; 58
1533; 58
1534; 0
1535; 0
1536; 2
1537; 2
1538; 4
1539; 4
1540; 6
1541; 6
1542; 8
1543; 8
1544; 10
1545; 0
1546; 2
1547; 2
1548; 4
1549; 4
1550; 6
1551; 6
1552; 8
1553; 8
1554; 10
1555; 10
1556; 12
1557; 12
1558; 14
1559; 14
1560; 16
1561; 16
1562; 18
1563; 18
1564; 20
1565; 20
1566; 22
1567; 22
1568; 24
1569; 24
1570; 26
1571; 26
1572; 28
1573; 28
1574; 30
1575; 30
1576; 32
1577; 32
1578; 34
1579; 34
1580; 36
1581; 36
1582; 38
1583; 38
1584; 40
1585; 27
1586; 29
1587; 29
1588; 31
1589; 31
1590; 33
1591; 33
1592; 35
1593; 35
1594; 37
1595; 37
1596; 39
1597; 39
1598; 41
1599; 41
1600; 43
1601; 43
1602; 45
1603; 45
1604; 47
1605; 47
1606; 49
1607; 49
1608; 51
1609; 51
1610; 53
1611; 53
1612; 55
1613; 55
1614; 57
1615; 57
1616; 59
1617; 59
1618; 1
1619; 1
1620; 3
1621; 3
1622; 5
1623; 5
1624; 7
1625; 57
1626; 59
1627; 59
1628; 1
1629; 1
1630; 3
1631; 3
1632; 5
1633; 5
1634; 7
1635; 7
1636; 9
1637; 9
1638; 11
1639; 11
1640; 13
1641; 13
1642; 15
1643; 15
1644; 17
1645; 17
1646; 19
1647; 19
1648; 21
1649; 21
1650; 23
1651; 23
1652; 25
1653; 25
1654; 27
1655; 27
1656; 29
1657; 29
1658; 31
1659; 31
1660; 33
1661; 33
1662; 35
1663; 35
1664; 37
1665; 48
1666; 50
1667; 50
1668; 52
1669; 52
1670; 54
1671; 54
1672; 56
1673; 56
1674; 58
1675; 58
1676; 0
1677; 0
1678; 2
1679; 2
1680; 4
1681; 4
1682; 6
1683; 6
1684; 8
1685; 8
1686; 10
1687; 10
1688; 12
1689; 12
1690; 14
1691; 14
1692; 16
1693; 16
1694; 18
1695; 18
1696; 20
1697; 20
1698; 22
1699; 22
1700; 24
1701; 24
1702; 26
1703; 26
1704; 28
1705; 18
1706; 20
1707; 20
1708; 22
1709; 22
1710; 24
1711; 24
1712; 26
1713; 26
1714; 28
1715; 28
1716; 30
1717; 30
1718; 32
1719; 32
1720; 34
1721; 34
1722; 36
1723; 36
1724; 38
1725; 38
1726; 40
1727; 40
1728; 42
1729; 42
1730; 44
1731; 44
1732; 46
1733; 46
1734; 48
1735; 48
1736; 50
1737; 50
1738; 52
1739; 52
1740; 54
1741; 54
1742; 56
1743; 56
1744; 58
1745; 33
1746; 35
1747; 35
1748; 37
1749; 37
1750; 39
1751; 39
1752; 41
1753; 41
1754; 43
1755; 43
1756; 45
1757; 45
1758; 47
1759; 47
1760; 49
1761; 49
1762; 51
1763; 51
1764; 53
1765; 53
1766; 55
1767; 55
1768; 57
1769; 57
1770; 59
1771; 59
1772; 1
1773; 1
1774; 3
1775; 3
1776; 5
1777; 5
1778; 7
1779; 7
1780; 9
1781; 9
1782; 11
1783; 11
1784; 13
1785; 3
1786; 5
1787; 5
1788; 7
1789; 7
1790; 9
1791; 9
1792; 11
1793; 11
1794; 13
1795; 13
1796; 15
1797; 15
1798; 17
1799; 17
1800; 19
1801; 19
1802; 21
1803; 21
1804; 23
1805; 23
1806; 25
1807; 25
1808; 27
1809; 27
1810; 29
1811; 29
1812; 31
1813; 31
1814; 33
1815; 33
1816; 35
1817; 35
1818; 37
1819; 37
1820; 39
1821; 39
1822; 41
1823; 41
1824; 43
