#line-id;line-code;direction;edge-order;edge-id;frequency;departure_time;arrival_time
1;1H;>;1;1;3;0;0
1;1H;>;2;2;3;6;6
1;1H;>;3;3;3;12;12
1;1H;>;4;8;3;18;18
1;1H;>;5;13;3;24;24
1;1H;>;6;18;3;30;30
1;1H;>;7;23;3;36;36
1;1H;>;8;24;3;42;42
1;1H;>;9;25;3;48;48
1;1R;<;1;25;3;9;9
1;1R;<;2;24;3;15;15
1;1R;<;3;23;3;21;21
1;1R;<;4;18;3;27;27
1;1R;<;5;13;3;33;33
1;1R;<;6;8;3;39;39
1;1R;<;7;3;3;45;45
1;1R;<;8;2;3;51;51
1;1R;<;9;1;3;57;57
2;2H;>;1;1;3;0;0
2;2H;>;2;2;3;6;6
2;2H;>;3;3;3;12;12
2;2H;>;4;8;3;18;18
2;2H;>;5;13;3;24;24
2;2H;>;6;18;3;30;30
2;2H;>;7;23;3;38;38
2;2R;<;1;23;3;7;7
2;2R;<;2;18;3;13;13
2;2R;<;3;13;3;19;19
2;2R;<;4;8;3;25;25
2;2R;<;5;3;3;31;31
2;2R;<;6;2;3;37;37
2;2R;<;7;1;3;43;43
3;3H;>;1;6;3;18;18
3;3H;>;2;7;3;24;24
3;3H;>;3;12;3;30;30
3;3H;>;4;13;3;36;36
3;3H;>;5;14;3;42;42
3;3H;>;6;19;3;48;48
3;3H;>;7;20;3;54;54
3;3R;<;1;20;3;18;18
3;3R;<;2;19;3;24;24
3;3R;<;3;14;3;30;30
3;3R;<;4;13;3;36;36
3;3R;<;5;12;3;42;42
3;3R;<;6;7;3;48;48
3;3R;<;7;6;3;54;54
4;4H;>;1;15;3;4;4
4;4H;>;2;10;3;10;10
4;4H;>;3;9;3;16;16
4;4H;>;4;14;3;22;22
4;4H;>;5;13;3;28;28
4;4H;>;6;12;3;34;34
4;4H;>;7;17;3;40;40
4;4H;>;8;16;3;46;46
4;4H;>;9;11;3;52;52
4;4R;<;1;11;3;6;6
4;4R;<;2;16;3;12;12
4;4R;<;3;17;3;18;18
4;4R;<;4;12;3;24;24
4;4R;<;5;13;3;30;30
4;4R;<;6;14;3;36;36
4;4R;<;7;9;3;42;42
4;4R;<;8;10;3;48;48
4;4R;<;9;15;3;54;54
5;5H;>;1;5;3;7;7
5;5H;>;2;4;3;13;13
5;5H;>;3;9;3;19;19
5;5H;>;4;8;3;25;25
5;5H;>;5;13;3;31;31
5;5H;>;6;18;3;37;37
5;5H;>;7;17;3;43;43
5;5H;>;8;22;3;49;49
5;5H;>;9;21;3;55;55
5;5R;<;1;21;3;9;9
5;5R;<;2;22;3;15;15
5;5R;<;3;17;3;21;21
5;5R;<;4;18;3;27;27
5;5R;<;5;13;3;33;33
5;5R;<;6;8;3;39;41
5;5R;<;7;9;3;47;47
5;5R;<;8;4;3;53;53
5;5R;<;9;5;3;59;59
