#timetable found by modulo network simplex algorithm
#Thu Oct 19 18:36:42 2017
1; 0
2; 6
3; 6
4; 12
5; 12
6; 18
7; 18
8; 24
9; 24
10; 30
11; 30
12; 36
13; 36
14; 42
15; 42
16; 48
17; 20
18; 26
19; 26
20; 32
21; 32
22; 38
23; 38
24; 44
25; 44
26; 50
27; 50
28; 56
29; 56
30; 2
31; 2
32; 8
33; 40
34; 46
35; 46
36; 52
37; 52
38; 58
39; 58
40; 4
41; 4
42; 10
43; 10
44; 16
45; 16
46; 22
47; 22
48; 28
49; 18
50; 24
51; 24
52; 30
53; 30
54; 36
55; 36
56; 42
57; 42
58; 48
59; 48
60; 54
61; 54
62; 0
63; 0
64; 6
65; 38
66; 44
67; 44
68; 50
69; 50
70; 56
71; 56
72; 2
73; 2
74; 8
75; 8
76; 14
77; 14
78; 20
79; 20
80; 26
81; 58
82; 4
83; 4
84; 10
85; 10
86; 16
87; 16
88; 22
89; 22
90; 28
91; 28
92; 34
93; 34
94; 40
95; 40
96; 46
97; 9
98; 15
99; 15
100; 21
101; 21
102; 27
103; 27
104; 33
105; 33
106; 39
107; 39
108; 45
109; 29
110; 35
111; 35
112; 41
113; 41
114; 47
115; 47
116; 53
117; 53
118; 59
119; 59
120; 5
121; 49
122; 55
123; 55
124; 1
125; 1
126; 7
127; 7
128; 13
129; 13
130; 19
131; 19
132; 25
133; 12
134; 18
135; 18
136; 24
137; 24
138; 30
139; 30
140; 36
141; 38
142; 44
143; 44
144; 50
145; 32
146; 38
147; 38
148; 44
149; 44
150; 50
151; 50
152; 56
153; 58
154; 4
155; 4
156; 10
157; 52
158; 58
159; 58
160; 4
161; 4
162; 10
163; 10
164; 18
165; 18
166; 24
167; 24
168; 30
169; 46
170; 52
171; 52
172; 58
173; 58
174; 4
175; 4
176; 10
177; 6
178; 12
179; 12
180; 18
181; 18
182; 24
183; 24
184; 30
185; 26
186; 32
187; 32
188; 38
189; 38
190; 44
191; 44
192; 50
193; 26
194; 32
195; 32
196; 38
197; 38
198; 44
199; 44
200; 50
201; 46
202; 52
203; 52
204; 58
205; 58
206; 4
207; 4
208; 10
209; 6
210; 12
211; 12
212; 18
213; 18
214; 24
215; 24
216; 30
217; 35
218; 41
219; 41
220; 47
221; 47
222; 53
223; 53
224; 59
225; 59
226; 5
227; 5
228; 11
229; 55
230; 1
231; 1
232; 7
233; 7
234; 13
235; 13
236; 19
237; 19
238; 25
239; 25
240; 31
241; 15
242; 21
243; 21
244; 27
245; 27
246; 33
247; 33
248; 39
249; 39
250; 45
251; 45
252; 51
253; 3
254; 9
255; 9
256; 15
257; 15
258; 21
259; 21
260; 27
261; 27
262; 33
263; 33
264; 39
265; 23
266; 29
267; 29
268; 35
269; 35
270; 41
271; 41
272; 47
273; 47
274; 53
275; 53
276; 59
277; 43
278; 49
279; 49
280; 55
281; 55
282; 1
283; 1
284; 7
285; 7
286; 13
287; 13
288; 19
289; 21
290; 27
291; 27
292; 33
293; 36
294; 44
295; 47
296; 55
297; 58
298; 4
299; 4
300; 10
301; 10
302; 16
303; 16
304; 22
305; 41
306; 47
307; 47
308; 53
309; 56
310; 4
311; 7
312; 15
313; 18
314; 24
315; 24
316; 30
317; 30
318; 36
319; 36
320; 42
321; 1
322; 7
323; 7
324; 15
325; 16
326; 24
327; 27
328; 35
329; 38
330; 44
331; 44
332; 50
333; 50
334; 56
335; 56
336; 2
337; 17
338; 23
339; 23
340; 29
341; 29
342; 35
343; 35
344; 41
345; 41
346; 47
347; 47
348; 53
349; 53
350; 59
351; 59
352; 5
353; 37
354; 43
355; 43
356; 49
357; 49
358; 55
359; 55
360; 1
361; 1
362; 7
363; 7
364; 13
365; 13
366; 19
367; 19
368; 25
369; 57
370; 3
371; 3
372; 9
373; 9
374; 15
375; 15
376; 21
377; 21
378; 27
379; 27
380; 33
381; 33
382; 39
383; 39
384; 45
385; 11
386; 17
387; 17
388; 23
389; 23
390; 29
391; 29
392; 37
393; 31
394; 37
395; 37
396; 43
397; 43
398; 49
399; 49
400; 55
401; 51
402; 57
403; 57
404; 3
405; 3
406; 9
407; 9
408; 15
409; 41
410; 47
411; 47
412; 53
413; 53
414; 59
415; 59
416; 5
417; 1
418; 7
419; 7
420; 13
421; 13
422; 19
423; 19
424; 25
425; 21
426; 27
427; 27
428; 33
429; 33
430; 39
431; 39
432; 45
