#line-id;line-code;direction;stop-order;stop-id;frequency;arrival_time;departure_time
1; 1H; >; 1; 1; 3; 0; 0
1; 1H; >; 2; 2; 3; 6; 6
1; 1H; >; 3; 3; 3; 12; 12
1; 1H; >; 4; 8; 3; 18; 18
1; 1H; >; 5; 13; 3; 24; 24
1; 1H; >; 6; 18; 3; 30; 30
1; 1H; >; 7; 23; 3; 36; 36
1; 1H; >; 8; 24; 3; 42; 42
1; 1H; >; 9; 25; 3; 48; 48
1; 1R; <; 1; 25; 3; 18; 18
1; 1R; <; 2; 24; 3; 24; 24
1; 1R; <; 3; 23; 3; 30; 30
1; 1R; <; 4; 18; 3; 36; 36
1; 1R; <; 5; 13; 3; 42; 42
1; 1R; <; 6; 8; 3; 48; 48
1; 1R; <; 7; 3; 3; 54; 54
1; 1R; <; 8; 2; 3; 0; 0
1; 1R; <; 9; 1; 3; 6; 6
2; 2H; >; 1; 6; 3; 9; 9
2; 2H; >; 2; 7; 3; 15; 15
2; 2H; >; 3; 8; 3; 21; 21
2; 2H; >; 4; 13; 3; 27; 27
2; 2H; >; 5; 18; 3; 33; 33
2; 2H; >; 6; 19; 3; 39; 39
2; 2H; >; 7; 20; 3; 45; 45
2; 2R; <; 1; 20; 3; 12; 12
2; 2R; <; 2; 19; 3; 18; 18
2; 2R; <; 3; 18; 3; 24; 24
2; 2R; <; 4; 13; 3; 30; 30
2; 2R; <; 5; 8; 3; 36; 38
2; 2R; <; 6; 7; 3; 44; 44
2; 2R; <; 7; 6; 3; 50; 50
3; 3H; >; 1; 11; 3; 46; 46
3; 3H; >; 2; 12; 3; 52; 52
3; 3H; >; 3; 13; 3; 58; 58
3; 3H; >; 4; 14; 3; 4; 4
3; 3H; >; 5; 15; 3; 10; 10
3; 3R; <; 1; 15; 3; 26; 26
3; 3R; <; 2; 14; 3; 32; 32
3; 3R; <; 3; 13; 3; 38; 38
3; 3R; <; 4; 12; 3; 44; 44
3; 3R; <; 5; 11; 3; 50; 50
4; 4H; >; 1; 16; 3; 35; 35
4; 4H; >; 2; 17; 3; 41; 41
4; 4H; >; 3; 18; 3; 47; 47
4; 4H; >; 4; 13; 3; 53; 53
4; 4H; >; 5; 8; 3; 59; 59
4; 4H; >; 6; 9; 3; 5; 5
4; 4H; >; 7; 10; 3; 11; 11
4; 4R; <; 1; 10; 3; 3; 3
4; 4R; <; 2; 9; 3; 9; 9
4; 4R; <; 3; 8; 3; 15; 15
4; 4R; <; 4; 13; 3; 21; 21
4; 4R; <; 5; 18; 3; 27; 27
4; 4R; <; 6; 17; 3; 33; 33
4; 4R; <; 7; 16; 3; 39; 39
5; 5H; >; 1; 21; 3; 21; 21
5; 5H; >; 2; 22; 3; 27; 27
5; 5H; >; 3; 23; 3; 33; 36
5; 5H; >; 4; 18; 3; 44; 47
5; 5H; >; 5; 13; 3; 55; 58
5; 5H; >; 6; 8; 3; 4; 4
5; 5H; >; 7; 3; 3; 10; 10
5; 5H; >; 8; 4; 3; 16; 16
5; 5H; >; 9; 5; 3; 22; 22
5; 5R; <; 1; 5; 3; 17; 17
5; 5R; <; 2; 4; 3; 23; 23
5; 5R; <; 3; 3; 3; 29; 29
5; 5R; <; 4; 8; 3; 35; 35
5; 5R; <; 5; 13; 3; 41; 41
5; 5R; <; 6; 18; 3; 47; 47
5; 5R; <; 7; 23; 3; 53; 53
5; 5R; <; 8; 22; 3; 59; 59
5; 5R; <; 9; 21; 3; 5; 5
6; 6H; >; 1; 1; 3; 11; 11
6; 6H; >; 2; 2; 3; 17; 17
6; 6H; >; 3; 3; 3; 23; 23
6; 6H; >; 4; 8; 3; 29; 29
6; 6H; >; 5; 13; 3; 37; 37
6; 6R; <; 1; 13; 3; 41; 41
6; 6R; <; 2; 8; 3; 47; 47
6; 6R; <; 3; 3; 3; 53; 53
6; 6R; <; 4; 2; 3; 59; 59
6; 6R; <; 5; 1; 3; 5; 5
