#event-id; time
1; 0
2; 8
3; 8
4; 13
5; 13
6; 17
7; 17
8; 22
9; 22
10; 28
11; 28
12; 32
13; 32
14; 36
15; 36
16; 42
17; 42
18; 47
19; 47
20; 52
21; 20
22; 28
23; 28
24; 33
25; 33
26; 37
27; 37
28; 42
29; 42
30; 48
31; 48
32; 52
33; 52
34; 56
35; 56
36; 2
37; 2
38; 7
39; 7
40; 12
41; 40
42; 48
43; 48
44; 53
45; 53
46; 57
47; 57
48; 2
49; 2
50; 8
51; 8
52; 12
53; 12
54; 16
55; 16
56; 22
57; 22
58; 27
59; 27
60; 32
61; 0
62; 5
63; 5
64; 10
65; 10
66; 16
67; 16
68; 20
69; 20
70; 24
71; 24
72; 30
73; 30
74; 35
75; 35
76; 39
77; 39
78; 44
79; 44
80; 52
81; 20
82; 25
83; 25
84; 30
85; 30
86; 36
87; 36
88; 40
89; 40
90; 44
91; 44
92; 50
93; 50
94; 55
95; 55
96; 59
97; 59
98; 4
99; 4
100; 12
101; 40
102; 45
103; 45
104; 50
105; 50
106; 56
107; 56
108; 0
109; 0
110; 4
111; 4
112; 10
113; 10
114; 15
115; 15
116; 19
117; 19
118; 24
119; 24
120; 32
121; 40
122; 46
123; 46
124; 51
125; 51
126; 55
127; 55
128; 0
129; 0
130; 4
131; 4
132; 9
133; 9
134; 14
135; 40
136; 45
137; 45
138; 50
139; 50
140; 54
141; 54
142; 59
143; 59
144; 3
145; 3
146; 8
147; 8
148; 14
149; 20
150; 28
151; 28
152; 33
153; 33
154; 41
155; 41
156; 45
157; 45
158; 50
159; 50
160; 55
161; 55
162; 0
163; 20
164; 25
165; 25
166; 30
167; 30
168; 35
169; 35
170; 39
171; 39
172; 47
173; 47
174; 52
175; 52
176; 0
177; 2
178; 6
179; 6
180; 14
181; 14
182; 21
183; 21
184; 26
185; 26
186; 32
187; 32
188; 36
189; 2
190; 6
191; 6
192; 12
193; 12
194; 17
195; 17
196; 24
197; 24
198; 32
199; 32
200; 36
201; 45
202; 49
203; 49
204; 55
205; 55
206; 59
207; 59
208; 5
209; 5
210; 9
211; 9
212; 13
213; 15
214; 19
215; 19
216; 25
217; 25
218; 29
219; 29
220; 35
221; 35
222; 39
223; 39
224; 43
225; 15
226; 19
227; 19
228; 23
229; 23
230; 29
231; 29
232; 33
233; 33
234; 39
235; 39
236; 43
237; 45
238; 49
239; 49
240; 53
241; 53
242; 59
243; 59
244; 3
245; 3
246; 9
247; 9
248; 13
249; 12
250; 18
251; 18
252; 22
253; 22
254; 28
255; 28
256; 33
257; 33
258; 38
259; 38
260; 42
261; 42
262; 48
263; 48
264; 52
265; 52
266; 58
267; 58
268; 3
269; 3
270; 8
271; 8
272; 12
273; 42
274; 46
275; 46
276; 51
277; 51
278; 56
279; 56
280; 2
281; 2
282; 6
283; 6
284; 12
285; 12
286; 16
287; 16
288; 21
289; 21
290; 26
291; 26
292; 32
293; 32
294; 36
295; 36
296; 42
297; 0
298; 4
299; 4
300; 8
301; 8
302; 14
303; 14
304; 18
305; 18
306; 22
307; 30
308; 34
309; 34
310; 38
311; 38
312; 44
313; 44
314; 48
315; 48
316; 52
317; 50
318; 58
319; 58
320; 3
321; 3
322; 8
323; 8
324; 13
325; 20
326; 25
327; 25
328; 30
329; 30
330; 35
331; 35
332; 43
333; 11
334; 17
335; 17
336; 21
337; 21
338; 25
339; 25
340; 29
341; 41
342; 45
343; 45
344; 49
345; 49
346; 53
347; 53
348; 59
349; 18
350; 26
351; 26
352; 33
353; 33
354; 38
355; 38
356; 42
357; 48
358; 52
359; 52
360; 57
361; 57
362; 4
363; 4
364; 12
365; 56
366; 1
367; 1
368; 8
369; 8
370; 13
371; 13
372; 17
373; 26
374; 30
375; 30
376; 35
377; 35
378; 42
379; 42
380; 47
381; 0
382; 4
383; 4
384; 12
385; 12
386; 19
387; 30
388; 37
389; 37
390; 45
391; 45
392; 49
393; 0
394; 5
395; 5
396; 10
397; 10
398; 16
399; 30
400; 36
401; 36
402; 41
403; 41
404; 46
405; 17
406; 22
407; 22
408; 27
409; 27
410; 33
411; 33
412; 39
413; 47
414; 52
415; 52
416; 57
417; 57
418; 3
419; 3
420; 9
421; 47
422; 53
423; 53
424; 59
425; 59
426; 4
427; 4
428; 9
429; 17
430; 23
431; 23
432; 29
433; 29
434; 34
435; 34
436; 39
437; 0
438; 5
439; 5
440; 10
441; 10
442; 17
443; 30
444; 37
445; 37
446; 42
447; 42
448; 47
449; 50
450; 54
451; 54
452; 1
453; 1
454; 17
455; 20
456; 24
457; 24
458; 31
459; 31
460; 47
461; 20
462; 36
463; 36
464; 43
465; 43
466; 47
467; 50
468; 6
469; 6
470; 13
471; 13
472; 17
473; 6
474; 13
475; 13
476; 21
477; 21
478; 25
479; 25
480; 30
481; 36
482; 41
483; 41
484; 45
485; 45
486; 53
487; 53
488; 0
489; 1
490; 5
491; 5
492; 9
493; 9
494; 17
495; 17
496; 21
497; 21
498; 26
499; 31
500; 35
501; 35
502; 39
503; 39
504; 47
505; 47
506; 51
507; 51
508; 56
509; 31
510; 36
511; 36
512; 40
513; 40
514; 48
515; 48
516; 52
517; 52
518; 56
519; 1
520; 6
521; 6
522; 10
523; 10
524; 18
525; 18
526; 22
527; 22
528; 26
529; 1
530; 5
531; 5
532; 9
533; 9
534; 13
535; 13
536; 17
537; 17
538; 21
539; 21
540; 29
541; 31
542; 39
543; 39
544; 43
545; 43
546; 47
547; 47
548; 51
549; 51
550; 55
551; 55
552; 59
