# line-id; line-code; direction; stop-order; stop-id; frequency; arrival_time; departure_time; line-repetition
1; 1H; >; 1; 20; 3; 0; 0; 1
1; 1H; >; 2; 22; 3; 8; 8; 1
1; 1H; >; 3; 23; 3; 13; 13; 1
1; 1H; >; 4; 14; 3; 17; 17; 1
1; 1H; >; 5; 15; 3; 22; 22; 1
1; 1H; >; 6; 19; 3; 28; 28; 1
1; 1H; >; 7; 17; 3; 32; 32; 1
1; 1H; >; 8; 16; 3; 36; 36; 1
1; 1H; >; 9; 10; 3; 42; 42; 1
1; 1H; >; 10; 11; 3; 47; 47; 1
1; 1H; >; 11; 12; 3; 52; 52; 1
1; 1H; >; 1; 20; 3; 20; 20; 2
1; 1H; >; 2; 22; 3; 28; 28; 2
1; 1H; >; 3; 23; 3; 33; 33; 2
1; 1H; >; 4; 14; 3; 37; 37; 2
1; 1H; >; 5; 15; 3; 42; 42; 2
1; 1H; >; 6; 19; 3; 48; 48; 2
1; 1H; >; 7; 17; 3; 52; 52; 2
1; 1H; >; 8; 16; 3; 56; 56; 2
1; 1H; >; 9; 10; 3; 2; 2; 2
1; 1H; >; 10; 11; 3; 7; 7; 2
1; 1H; >; 11; 12; 3; 12; 12; 2
1; 1H; >; 1; 20; 3; 40; 40; 3
1; 1H; >; 2; 22; 3; 48; 48; 3
1; 1H; >; 3; 23; 3; 53; 53; 3
1; 1H; >; 4; 14; 3; 57; 57; 3
1; 1H; >; 5; 15; 3; 2; 2; 3
1; 1H; >; 6; 19; 3; 8; 8; 3
1; 1H; >; 7; 17; 3; 12; 12; 3
1; 1H; >; 8; 16; 3; 16; 16; 3
1; 1H; >; 9; 10; 3; 22; 22; 3
1; 1H; >; 10; 11; 3; 27; 27; 3
1; 1H; >; 11; 12; 3; 32; 32; 3
1; 1R; <; 1; 12; 3; 0; 0; 1
1; 1R; <; 2; 11; 3; 5; 5; 1
1; 1R; <; 3; 10; 3; 10; 10; 1
1; 1R; <; 4; 16; 3; 16; 16; 1
1; 1R; <; 5; 17; 3; 20; 20; 1
1; 1R; <; 6; 19; 3; 24; 24; 1
1; 1R; <; 7; 15; 3; 30; 30; 1
1; 1R; <; 8; 14; 3; 35; 35; 1
1; 1R; <; 9; 23; 3; 39; 39; 1
1; 1R; <; 10; 22; 3; 44; 44; 1
1; 1R; <; 11; 20; 3; 52; 52; 1
1; 1R; <; 1; 12; 3; 20; 20; 2
1; 1R; <; 2; 11; 3; 25; 25; 2
1; 1R; <; 3; 10; 3; 30; 30; 2
1; 1R; <; 4; 16; 3; 36; 36; 2
1; 1R; <; 5; 17; 3; 40; 40; 2
1; 1R; <; 6; 19; 3; 44; 44; 2
1; 1R; <; 7; 15; 3; 50; 50; 2
1; 1R; <; 8; 14; 3; 55; 55; 2
1; 1R; <; 9; 23; 3; 59; 59; 2
1; 1R; <; 10; 22; 3; 4; 4; 2
1; 1R; <; 11; 20; 3; 12; 12; 2
1; 1R; <; 1; 12; 3; 40; 40; 3
1; 1R; <; 2; 11; 3; 45; 45; 3
1; 1R; <; 3; 10; 3; 50; 50; 3
1; 1R; <; 4; 16; 3; 56; 56; 3
1; 1R; <; 5; 17; 3; 0; 0; 3
1; 1R; <; 6; 19; 3; 4; 4; 3
1; 1R; <; 7; 15; 3; 10; 10; 3
1; 1R; <; 8; 14; 3; 15; 15; 3
1; 1R; <; 9; 23; 3; 19; 19; 3
1; 1R; <; 10; 22; 3; 24; 24; 3
1; 1R; <; 11; 20; 3; 32; 32; 3
2; 2H; >; 1; 20; 1; 40; 40; 1
2; 2H; >; 2; 21; 1; 46; 46; 1
2; 2H; >; 3; 22; 1; 51; 51; 1
2; 2H; >; 4; 15; 1; 55; 55; 1
2; 2H; >; 5; 14; 1; 0; 0; 1
2; 2H; >; 6; 23; 1; 4; 4; 1
2; 2H; >; 7; 24; 1; 9; 9; 1
2; 2H; >; 8; 13; 1; 14; 14; 1
2; 2R; <; 1; 13; 1; 40; 40; 1
2; 2R; <; 2; 24; 1; 45; 45; 1
2; 2R; <; 3; 23; 1; 50; 50; 1
2; 2R; <; 4; 14; 1; 54; 54; 1
2; 2R; <; 5; 15; 1; 59; 59; 1
2; 2R; <; 6; 22; 1; 3; 3; 1
2; 2R; <; 7; 21; 1; 8; 8; 1
2; 2R; <; 8; 20; 1; 14; 14; 1
3; 3H; >; 1; 14; 1; 20; 20; 1
3; 3H; >; 2; 11; 1; 28; 28; 1
3; 3H; >; 3; 10; 1; 33; 33; 1
3; 3H; >; 4; 15; 1; 41; 41; 1
3; 3H; >; 5; 22; 1; 45; 45; 1
3; 3H; >; 6; 23; 1; 50; 50; 1
3; 3H; >; 7; 24; 1; 55; 55; 1
3; 3H; >; 8; 13; 1; 0; 0; 1
3; 3R; <; 1; 13; 1; 20; 20; 1
3; 3R; <; 2; 24; 1; 25; 25; 1
3; 3R; <; 3; 23; 1; 30; 30; 1
3; 3R; <; 4; 22; 1; 35; 35; 1
3; 3R; <; 5; 15; 1; 39; 39; 1
3; 3R; <; 6; 10; 1; 47; 47; 1
3; 3R; <; 7; 11; 1; 52; 52; 1
3; 3R; <; 8; 14; 1; 0; 0; 1
7; 7H; >; 1; 23; 1; 2; 2; 1
7; 7H; >; 2; 14; 1; 6; 6; 1
7; 7H; >; 3; 11; 1; 14; 14; 1
7; 7H; >; 4; 4; 1; 21; 21; 1
7; 7H; >; 5; 5; 1; 26; 26; 1
7; 7H; >; 6; 6; 1; 32; 32; 1
7; 7H; >; 7; 2; 1; 36; 36; 1
7; 7R; <; 1; 2; 1; 2; 2; 1
7; 7R; <; 2; 6; 1; 6; 6; 1
7; 7R; <; 3; 5; 1; 12; 12; 1
7; 7R; <; 4; 4; 1; 17; 17; 1
7; 7R; <; 5; 11; 1; 24; 24; 1
7; 7R; <; 6; 14; 1; 32; 32; 1
7; 7R; <; 7; 23; 1; 36; 36; 1
9; 9H; >; 1; 18; 2; 45; 45; 1
9; 9H; >; 2; 7; 2; 49; 49; 1
9; 9H; >; 3; 8; 2; 55; 55; 1
9; 9H; >; 4; 16; 2; 59; 59; 1
9; 9H; >; 5; 10; 2; 5; 5; 1
9; 9H; >; 6; 9; 2; 9; 9; 1
9; 9H; >; 7; 5; 2; 13; 13; 1
9; 9H; >; 1; 18; 2; 15; 15; 2
9; 9H; >; 2; 7; 2; 19; 19; 2
9; 9H; >; 3; 8; 2; 25; 25; 2
9; 9H; >; 4; 16; 2; 29; 29; 2
9; 9H; >; 5; 10; 2; 35; 35; 2
9; 9H; >; 6; 9; 2; 39; 39; 2
9; 9H; >; 7; 5; 2; 43; 43; 2
9; 9R; <; 1; 5; 2; 15; 15; 1
9; 9R; <; 2; 9; 2; 19; 19; 1
9; 9R; <; 3; 10; 2; 23; 23; 1
9; 9R; <; 4; 16; 2; 29; 29; 1
9; 9R; <; 5; 8; 2; 33; 33; 1
9; 9R; <; 6; 7; 2; 39; 39; 1
9; 9R; <; 7; 18; 2; 43; 43; 1
9; 9R; <; 1; 5; 2; 45; 45; 2
9; 9R; <; 2; 9; 2; 49; 49; 2
9; 9R; <; 3; 10; 2; 53; 53; 2
9; 9R; <; 4; 16; 2; 59; 59; 2
9; 9R; <; 5; 8; 2; 3; 3; 2
9; 9R; <; 6; 7; 2; 9; 9; 2
9; 9R; <; 7; 18; 2; 13; 13; 2
10; 10H; >; 1; 7; 2; 12; 12; 1
10; 10H; >; 2; 8; 2; 18; 18; 1
10; 10H; >; 3; 6; 2; 22; 22; 1
10; 10H; >; 4; 5; 2; 28; 28; 1
10; 10H; >; 5; 4; 2; 33; 33; 1
10; 10H; >; 6; 3; 2; 38; 38; 1
10; 10H; >; 7; 1; 2; 42; 42; 1
10; 10H; >; 1; 7; 2; 42; 42; 2
10; 10H; >; 2; 8; 2; 48; 48; 2
10; 10H; >; 3; 6; 2; 52; 52; 2
10; 10H; >; 4; 5; 2; 58; 58; 2
10; 10H; >; 5; 4; 2; 3; 3; 2
10; 10H; >; 6; 3; 2; 8; 8; 2
10; 10H; >; 7; 1; 2; 12; 12; 2
10; 10R; <; 1; 1; 2; 42; 42; 1
10; 10R; <; 2; 3; 2; 46; 46; 1
10; 10R; <; 3; 4; 2; 51; 51; 1
10; 10R; <; 4; 5; 2; 56; 56; 1
10; 10R; <; 5; 6; 2; 2; 2; 1
10; 10R; <; 6; 8; 2; 6; 6; 1
10; 10R; <; 7; 7; 2; 12; 12; 1
10; 10R; <; 1; 1; 2; 12; 12; 2
10; 10R; <; 2; 3; 2; 16; 16; 2
10; 10R; <; 3; 4; 2; 21; 21; 2
10; 10R; <; 4; 5; 2; 26; 26; 2
10; 10R; <; 5; 6; 2; 32; 32; 2
10; 10R; <; 6; 8; 2; 36; 36; 2
10; 10R; <; 7; 7; 2; 42; 42; 2
15; 15H; >; 1; 19; 1; 0; 0; 1
15; 15H; >; 2; 17; 1; 4; 4; 1
15; 15H; >; 3; 16; 1; 8; 8; 1
15; 15H; >; 4; 10; 1; 14; 14; 1
15; 15H; >; 5; 9; 1; 18; 18; 1
15; 15H; >; 6; 5; 1; 22; 22; 1
15; 15R; <; 1; 5; 1; 30; 30; 1
15; 15R; <; 2; 9; 1; 34; 34; 1
15; 15R; <; 3; 10; 1; 38; 38; 1
15; 15R; <; 4; 16; 1; 44; 44; 1
15; 15R; <; 5; 17; 1; 48; 48; 1
15; 15R; <; 6; 19; 1; 52; 52; 1
21; 21H; >; 1; 20; 1; 50; 50; 1
21; 21H; >; 2; 22; 1; 58; 58; 1
21; 21H; >; 3; 21; 1; 3; 3; 1
21; 21H; >; 4; 24; 1; 8; 8; 1
21; 21H; >; 5; 13; 1; 13; 13; 1
21; 21R; <; 1; 13; 1; 20; 20; 1
21; 21R; <; 2; 24; 1; 25; 25; 1
21; 21R; <; 3; 21; 1; 30; 30; 1
21; 21R; <; 4; 22; 1; 35; 35; 1
21; 21R; <; 5; 20; 1; 43; 43; 1
22; 22H; >; 1; 18; 1; 11; 11; 1
22; 22H; >; 2; 16; 1; 17; 17; 1
22; 22H; >; 3; 8; 1; 21; 21; 1
22; 22H; >; 4; 6; 1; 25; 25; 1
22; 22H; >; 5; 2; 1; 29; 29; 1
22; 22R; <; 1; 2; 1; 41; 41; 1
22; 22R; <; 2; 6; 1; 45; 45; 1
22; 22R; <; 3; 8; 1; 49; 49; 1
22; 22R; <; 4; 16; 1; 53; 53; 1
22; 22R; <; 5; 18; 1; 59; 59; 1
25; 25H; >; 1; 14; 1; 18; 18; 1
25; 25H; >; 2; 11; 1; 26; 26; 1
25; 25H; >; 3; 4; 1; 33; 33; 1
25; 25H; >; 4; 3; 1; 38; 38; 1
25; 25H; >; 5; 1; 1; 42; 42; 1
25; 25R; <; 1; 1; 1; 48; 48; 1
25; 25R; <; 2; 3; 1; 52; 52; 1
25; 25R; <; 3; 4; 1; 57; 57; 1
25; 25R; <; 4; 11; 1; 4; 4; 1
25; 25R; <; 5; 14; 1; 12; 12; 1
28; 28H; >; 1; 12; 1; 56; 56; 1
28; 28H; >; 2; 11; 1; 1; 1; 1
28; 28H; >; 3; 4; 1; 8; 8; 1
28; 28H; >; 4; 3; 1; 13; 13; 1
28; 28H; >; 5; 1; 1; 17; 17; 1
28; 28R; <; 1; 1; 1; 26; 26; 1
28; 28R; <; 2; 3; 1; 30; 30; 1
28; 28R; <; 3; 4; 1; 35; 35; 1
28; 28R; <; 4; 11; 1; 42; 42; 1
28; 28R; <; 5; 12; 1; 47; 47; 1
31; 31H; >; 1; 22; 1; 0; 0; 1
31; 31H; >; 2; 15; 1; 4; 4; 1
31; 31H; >; 3; 10; 1; 12; 12; 1
31; 31H; >; 4; 17; 1; 19; 19; 1
31; 31R; <; 1; 17; 1; 30; 30; 1
31; 31R; <; 2; 10; 1; 37; 37; 1
31; 31R; <; 3; 15; 1; 45; 45; 1
31; 31R; <; 4; 22; 1; 49; 49; 1
54; 54H; >; 1; 3; 1; 0; 0; 1
54; 54H; >; 2; 4; 1; 5; 5; 1
54; 54H; >; 3; 5; 1; 10; 10; 1
54; 54H; >; 4; 6; 1; 16; 16; 1
54; 54R; <; 1; 6; 1; 30; 30; 1
54; 54R; <; 2; 5; 1; 36; 36; 1
54; 54R; <; 3; 4; 1; 41; 41; 1
54; 54R; <; 4; 3; 1; 46; 46; 1
55; 55H; >; 1; 12; 2; 17; 17; 1
55; 55H; >; 2; 11; 2; 22; 22; 1
55; 55H; >; 3; 10; 2; 27; 27; 1
55; 55H; >; 4; 16; 2; 33; 33; 1
55; 55H; >; 5; 18; 2; 39; 39; 1
55; 55H; >; 1; 12; 2; 47; 47; 2
55; 55H; >; 2; 11; 2; 52; 52; 2
55; 55H; >; 3; 10; 2; 57; 57; 2
55; 55H; >; 4; 16; 2; 3; 3; 2
55; 55H; >; 5; 18; 2; 9; 9; 2
55; 55R; <; 1; 18; 2; 47; 47; 1
55; 55R; <; 2; 16; 2; 53; 53; 1
55; 55R; <; 3; 10; 2; 59; 59; 1
55; 55R; <; 4; 11; 2; 4; 4; 1
55; 55R; <; 5; 12; 2; 9; 9; 1
55; 55R; <; 1; 18; 2; 17; 17; 2
55; 55R; <; 2; 16; 2; 23; 23; 2
55; 55R; <; 3; 10; 2; 29; 29; 2
55; 55R; <; 4; 11; 2; 34; 34; 2
55; 55R; <; 5; 12; 2; 39; 39; 2
57; 57H; >; 1; 12; 1; 0; 0; 1
57; 57H; >; 2; 11; 1; 5; 5; 1
57; 57H; >; 3; 10; 1; 10; 10; 1
57; 57H; >; 4; 17; 1; 17; 17; 1
57; 57R; <; 1; 17; 1; 30; 30; 1
57; 57R; <; 2; 10; 1; 37; 37; 1
57; 57R; <; 3; 11; 1; 42; 42; 1
57; 57R; <; 4; 12; 1; 47; 47; 1
61; 61H; >; 1; 1; 2; 50; 50; 1
61; 61H; >; 2; 3; 2; 54; 54; 1
61; 61H; >; 3; 12; 2; 1; 1; 1
61; 61H; >; 4; 13; 2; 17; 17; 1
61; 61H; >; 1; 1; 2; 20; 20; 2
61; 61H; >; 2; 3; 2; 24; 24; 2
61; 61H; >; 3; 12; 2; 31; 31; 2
61; 61H; >; 4; 13; 2; 47; 47; 2
61; 61R; <; 1; 13; 2; 20; 20; 1
61; 61R; <; 2; 12; 2; 36; 36; 1
61; 61R; <; 3; 3; 2; 43; 43; 1
61; 61R; <; 4; 1; 2; 47; 47; 1
61; 61R; <; 1; 13; 2; 50; 50; 2
61; 61R; <; 2; 12; 2; 6; 6; 2
61; 61R; <; 3; 3; 2; 13; 13; 2
61; 61R; <; 4; 1; 2; 17; 17; 2
62; 62H; >; 1; 4; 1; 6; 6; 1
62; 62H; >; 2; 11; 1; 13; 13; 1
62; 62H; >; 3; 14; 1; 21; 21; 1
62; 62H; >; 4; 23; 1; 25; 25; 1
62; 62H; >; 5; 24; 1; 30; 30; 1
62; 62R; <; 1; 24; 1; 36; 36; 1
62; 62R; <; 2; 23; 1; 41; 41; 1
62; 62R; <; 3; 14; 1; 45; 45; 1
62; 62R; <; 4; 11; 1; 53; 53; 1
62; 62R; <; 5; 4; 1; 0; 0; 1
63; 63H; >; 1; 5; 2; 1; 1; 1
63; 63H; >; 2; 9; 2; 5; 5; 1
63; 63H; >; 3; 10; 2; 9; 9; 1
63; 63H; >; 4; 15; 2; 17; 17; 1
63; 63H; >; 5; 22; 2; 21; 21; 1
63; 63H; >; 6; 21; 2; 26; 26; 1
63; 63H; >; 1; 5; 2; 31; 31; 2
63; 63H; >; 2; 9; 2; 35; 35; 2
63; 63H; >; 3; 10; 2; 39; 39; 2
63; 63H; >; 4; 15; 2; 47; 47; 2
63; 63H; >; 5; 22; 2; 51; 51; 2
63; 63H; >; 6; 21; 2; 56; 56; 2
63; 63R; <; 1; 21; 2; 31; 31; 1
63; 63R; <; 2; 22; 2; 36; 36; 1
63; 63R; <; 3; 15; 2; 40; 40; 1
63; 63R; <; 4; 10; 2; 48; 48; 1
63; 63R; <; 5; 9; 2; 52; 52; 1
63; 63R; <; 6; 5; 2; 56; 56; 1
63; 63R; <; 1; 21; 2; 1; 1; 2
63; 63R; <; 2; 22; 2; 6; 6; 2
63; 63R; <; 3; 15; 2; 10; 10; 2
63; 63R; <; 4; 10; 2; 18; 18; 2
63; 63R; <; 5; 9; 2; 22; 22; 2
63; 63R; <; 6; 5; 2; 26; 26; 2
64; 64H; >; 1; 2; 1; 1; 1; 1
64; 64H; >; 2; 6; 1; 5; 5; 1
64; 64H; >; 3; 8; 1; 9; 9; 1
64; 64H; >; 4; 16; 1; 13; 13; 1
64; 64H; >; 5; 17; 1; 17; 17; 1
64; 64H; >; 6; 19; 1; 21; 21; 1
64; 64H; >; 7; 20; 1; 29; 29; 1
64; 64R; <; 1; 20; 1; 31; 31; 1
64; 64R; <; 2; 19; 1; 39; 39; 1
64; 64R; <; 3; 17; 1; 43; 43; 1
64; 64R; <; 4; 16; 1; 47; 47; 1
64; 64R; <; 5; 8; 1; 51; 51; 1
64; 64R; <; 6; 6; 1; 55; 55; 1
64; 64R; <; 7; 2; 1; 59; 59; 1
