# line-id; line-code; direction; stop-order; stop-id; frequency; arrival_time; departure_time; line-repetition
3; 3H; >; 1; 6; 1; 0; 0; 1
3; 3H; >; 2; 8; 1; 4; 4; 1
3; 3H; >; 3; 7; 1; 10; 10; 1
3; 3H; >; 4; 18; 1; 14; 14; 1
3; 3H; >; 5; 20; 1; 31; 31; 1
3; 3H; >; 6; 21; 1; 37; 37; 1
3; 3H; >; 7; 24; 1; 42; 42; 1
3; 3R; <; 1; 24; 1; 0; 0; 1
3; 3R; <; 2; 21; 1; 5; 5; 1
3; 3R; <; 3; 20; 1; 11; 11; 1
3; 3R; <; 4; 18; 1; 28; 28; 1
3; 3R; <; 5; 7; 1; 32; 32; 1
3; 3R; <; 6; 8; 1; 38; 38; 1
3; 3R; <; 7; 6; 1; 42; 42; 1
7; 7H; >; 1; 1; 3; 55; 55; 1
7; 7H; >; 2; 3; 3; 59; 59; 1
7; 7H; >; 3; 12; 3; 6; 6; 1
7; 7H; >; 4; 11; 3; 11; 11; 1
7; 7H; >; 5; 10; 3; 16; 16; 1
7; 7H; >; 6; 17; 3; 23; 23; 1
7; 7H; >; 7; 19; 3; 27; 27; 1
7; 7H; >; 1; 1; 3; 15; 15; 2
7; 7H; >; 2; 3; 3; 19; 19; 2
7; 7H; >; 3; 12; 3; 26; 26; 2
7; 7H; >; 4; 11; 3; 31; 31; 2
7; 7H; >; 5; 10; 3; 36; 36; 2
7; 7H; >; 6; 17; 3; 43; 43; 2
7; 7H; >; 7; 19; 3; 47; 47; 2
7; 7H; >; 1; 1; 3; 35; 35; 3
7; 7H; >; 2; 3; 3; 39; 39; 3
7; 7H; >; 3; 12; 3; 46; 46; 3
7; 7H; >; 4; 11; 3; 51; 51; 3
7; 7H; >; 5; 10; 3; 56; 56; 3
7; 7H; >; 6; 17; 3; 3; 3; 3
7; 7H; >; 7; 19; 3; 7; 7; 3
7; 7R; <; 1; 19; 3; 55; 55; 1
7; 7R; <; 2; 17; 3; 59; 59; 1
7; 7R; <; 3; 10; 3; 6; 6; 1
7; 7R; <; 4; 11; 3; 11; 11; 1
7; 7R; <; 5; 12; 3; 16; 16; 1
7; 7R; <; 6; 3; 3; 23; 23; 1
7; 7R; <; 7; 1; 3; 27; 27; 1
7; 7R; <; 1; 19; 3; 15; 15; 2
7; 7R; <; 2; 17; 3; 19; 19; 2
7; 7R; <; 3; 10; 3; 26; 26; 2
7; 7R; <; 4; 11; 3; 31; 31; 2
7; 7R; <; 5; 12; 3; 36; 36; 2
7; 7R; <; 6; 3; 3; 43; 43; 2
7; 7R; <; 7; 1; 3; 47; 47; 2
7; 7R; <; 1; 19; 3; 35; 35; 3
7; 7R; <; 2; 17; 3; 39; 39; 3
7; 7R; <; 3; 10; 3; 46; 46; 3
7; 7R; <; 4; 11; 3; 51; 51; 3
7; 7R; <; 5; 12; 3; 56; 56; 3
7; 7R; <; 6; 3; 3; 3; 3; 3
7; 7R; <; 7; 1; 3; 7; 7; 3
34; 34H; >; 1; 11; 1; 54; 54; 1
34; 34H; >; 2; 14; 1; 2; 2; 1
34; 34H; >; 3; 15; 1; 7; 7; 1
34; 34H; >; 4; 22; 1; 11; 11; 1
34; 34H; >; 5; 21; 1; 16; 16; 1
34; 34R; <; 1; 21; 1; 24; 24; 1
34; 34R; <; 2; 22; 1; 29; 29; 1
34; 34R; <; 3; 15; 1; 33; 33; 1
34; 34R; <; 4; 14; 1; 38; 38; 1
34; 34R; <; 5; 11; 1; 46; 46; 1
39; 39H; >; 1; 9; 1; 24; 24; 1
39; 39H; >; 2; 10; 1; 28; 28; 1
39; 39H; >; 3; 15; 1; 36; 36; 1
39; 39H; >; 4; 22; 1; 40; 40; 1
39; 39H; >; 5; 23; 1; 45; 45; 1
39; 39R; <; 1; 23; 1; 54; 54; 1
39; 39R; <; 2; 22; 1; 59; 59; 1
39; 39R; <; 3; 15; 1; 3; 3; 1
39; 39R; <; 4; 10; 1; 11; 11; 1
39; 39R; <; 5; 9; 1; 15; 15; 1
52; 52H; >; 1; 11; 1; 0; 0; 1
52; 52H; >; 2; 14; 1; 8; 8; 1
52; 52H; >; 3; 23; 1; 12; 12; 1
52; 52H; >; 4; 24; 1; 17; 17; 1
52; 52R; <; 1; 24; 1; 30; 30; 1
52; 52R; <; 2; 23; 1; 35; 35; 1
52; 52R; <; 3; 14; 1; 39; 39; 1
52; 52R; <; 4; 11; 1; 47; 47; 1
69; 69H; >; 1; 21; 2; 21; 21; 1
69; 69H; >; 2; 24; 2; 26; 26; 1
69; 69H; >; 3; 13; 2; 31; 31; 1
69; 69H; >; 4; 12; 2; 47; 47; 1
69; 69H; >; 5; 3; 2; 54; 54; 1
69; 69H; >; 6; 4; 2; 59; 59; 1
69; 69H; >; 7; 5; 2; 4; 4; 1
69; 69H; >; 8; 6; 2; 10; 10; 1
69; 69H; >; 9; 2; 2; 14; 14; 1
69; 69H; >; 1; 21; 2; 51; 51; 2
69; 69H; >; 2; 24; 2; 56; 56; 2
69; 69H; >; 3; 13; 2; 1; 1; 2
69; 69H; >; 4; 12; 2; 17; 17; 2
69; 69H; >; 5; 3; 2; 24; 24; 2
69; 69H; >; 6; 4; 2; 29; 29; 2
69; 69H; >; 7; 5; 2; 34; 34; 2
69; 69H; >; 8; 6; 2; 40; 40; 2
69; 69H; >; 9; 2; 2; 44; 44; 2
69; 69R; <; 1; 2; 2; 21; 21; 1
69; 69R; <; 2; 6; 2; 25; 25; 1
69; 69R; <; 3; 5; 2; 31; 31; 1
69; 69R; <; 4; 4; 2; 36; 36; 1
69; 69R; <; 5; 3; 2; 41; 41; 1
69; 69R; <; 6; 12; 2; 48; 48; 1
69; 69R; <; 7; 13; 2; 4; 4; 1
69; 69R; <; 8; 24; 2; 9; 9; 1
69; 69R; <; 9; 21; 2; 14; 14; 1
69; 69R; <; 1; 2; 2; 51; 51; 2
69; 69R; <; 2; 6; 2; 55; 55; 2
69; 69R; <; 3; 5; 2; 1; 1; 2
69; 69R; <; 4; 4; 2; 6; 6; 2
69; 69R; <; 5; 3; 2; 11; 11; 2
69; 69R; <; 6; 12; 2; 18; 18; 2
69; 69R; <; 7; 13; 2; 34; 34; 2
69; 69R; <; 8; 24; 2; 39; 39; 2
69; 69R; <; 9; 21; 2; 44; 44; 2
71; 71H; >; 1; 20; 1; 45; 45; 1
71; 71H; >; 2; 21; 1; 51; 51; 1
71; 71H; >; 3; 22; 1; 56; 56; 1
71; 71H; >; 4; 15; 1; 0; 0; 1
71; 71H; >; 5; 10; 1; 8; 8; 1
71; 71H; >; 6; 11; 1; 13; 13; 1
71; 71H; >; 7; 12; 1; 18; 18; 1
71; 71R; <; 1; 12; 1; 45; 45; 1
71; 71R; <; 2; 11; 1; 50; 50; 1
71; 71R; <; 3; 10; 1; 55; 55; 1
71; 71R; <; 4; 15; 1; 3; 3; 1
71; 71R; <; 5; 22; 1; 7; 7; 1
71; 71R; <; 6; 21; 1; 12; 12; 1
71; 71R; <; 7; 20; 1; 18; 18; 1
73; 73H; >; 1; 23; 1; 0; 0; 1
73; 73H; >; 2; 14; 1; 4; 4; 1
73; 73H; >; 3; 11; 1; 12; 12; 1
73; 73H; >; 4; 4; 1; 19; 19; 1
73; 73H; >; 5; 5; 1; 24; 24; 1
73; 73H; >; 6; 6; 1; 30; 30; 1
73; 73H; >; 7; 2; 1; 34; 34; 1
73; 73R; <; 1; 2; 1; 0; 0; 1
73; 73R; <; 2; 6; 1; 4; 4; 1
73; 73R; <; 3; 5; 1; 10; 10; 1
73; 73R; <; 4; 4; 1; 15; 15; 1
73; 73R; <; 5; 11; 1; 22; 22; 1
73; 73R; <; 6; 14; 1; 30; 30; 1
73; 73R; <; 7; 23; 1; 34; 34; 1
76; 76H; >; 1; 5; 2; 14; 14; 1
76; 76H; >; 2; 9; 2; 18; 18; 1
76; 76H; >; 3; 10; 2; 22; 22; 1
76; 76H; >; 4; 16; 2; 28; 28; 1
76; 76H; >; 5; 8; 2; 32; 32; 1
76; 76H; >; 6; 6; 2; 36; 36; 1
76; 76H; >; 7; 2; 2; 40; 40; 1
76; 76H; >; 1; 5; 2; 44; 44; 2
76; 76H; >; 2; 9; 2; 48; 48; 2
76; 76H; >; 3; 10; 2; 52; 52; 2
76; 76H; >; 4; 16; 2; 58; 58; 2
76; 76H; >; 5; 8; 2; 2; 2; 2
76; 76H; >; 6; 6; 2; 6; 6; 2
76; 76H; >; 7; 2; 2; 10; 10; 2
76; 76R; <; 1; 2; 2; 44; 44; 1
76; 76R; <; 2; 6; 2; 48; 48; 1
76; 76R; <; 3; 8; 2; 52; 52; 1
76; 76R; <; 4; 16; 2; 56; 56; 1
76; 76R; <; 5; 10; 2; 2; 2; 1
76; 76R; <; 6; 9; 2; 6; 6; 1
76; 76R; <; 7; 5; 2; 10; 10; 1
76; 76R; <; 1; 2; 2; 14; 14; 2
76; 76R; <; 2; 6; 2; 18; 18; 2
76; 76R; <; 3; 8; 2; 22; 22; 2
76; 76R; <; 4; 16; 2; 26; 26; 2
76; 76R; <; 5; 10; 2; 32; 32; 2
76; 76R; <; 6; 9; 2; 36; 36; 2
76; 76R; <; 7; 5; 2; 40; 40; 2
89; 89H; >; 1; 23; 1; 37; 37; 1
89; 89H; >; 2; 14; 1; 41; 41; 1
89; 89H; >; 3; 15; 1; 46; 46; 1
89; 89H; >; 4; 19; 1; 52; 52; 1
89; 89H; >; 5; 20; 1; 0; 0; 1
89; 89R; <; 1; 20; 1; 7; 7; 1
89; 89R; <; 2; 19; 1; 15; 15; 1
89; 89R; <; 3; 15; 1; 21; 21; 1
89; 89R; <; 4; 14; 1; 26; 26; 1
89; 89R; <; 5; 23; 1; 30; 30; 1
95; 95H; >; 1; 20; 1; 35; 35; 1
95; 95H; >; 2; 22; 1; 43; 43; 1
95; 95H; >; 3; 23; 1; 48; 48; 1
95; 95H; >; 4; 14; 1; 52; 52; 1
95; 95R; <; 1; 14; 1; 5; 5; 1
95; 95R; <; 2; 23; 1; 9; 9; 1
95; 95R; <; 3; 22; 1; 14; 14; 1
95; 95R; <; 4; 20; 1; 22; 22; 1
124; 124H; >; 1; 12; 4; 19; 19; 1
124; 124H; >; 2; 11; 4; 24; 24; 1
124; 124H; >; 3; 10; 4; 29; 29; 1
124; 124H; >; 4; 16; 4; 35; 35; 1
124; 124H; >; 5; 18; 4; 41; 41; 1
124; 124H; >; 1; 12; 4; 34; 34; 2
124; 124H; >; 2; 11; 4; 39; 39; 2
124; 124H; >; 3; 10; 4; 44; 44; 2
124; 124H; >; 4; 16; 4; 50; 50; 2
124; 124H; >; 5; 18; 4; 56; 56; 2
124; 124H; >; 1; 12; 4; 49; 49; 3
124; 124H; >; 2; 11; 4; 54; 54; 3
124; 124H; >; 3; 10; 4; 59; 59; 3
124; 124H; >; 4; 16; 4; 5; 5; 3
124; 124H; >; 5; 18; 4; 11; 11; 3
124; 124H; >; 1; 12; 4; 4; 4; 4
124; 124H; >; 2; 11; 4; 9; 9; 4
124; 124H; >; 3; 10; 4; 14; 14; 4
124; 124H; >; 4; 16; 4; 20; 20; 4
124; 124H; >; 5; 18; 4; 26; 26; 4
124; 124R; <; 1; 18; 4; 49; 49; 1
124; 124R; <; 2; 16; 4; 55; 55; 1
124; 124R; <; 3; 10; 4; 1; 1; 1
124; 124R; <; 4; 11; 4; 6; 6; 1
124; 124R; <; 5; 12; 4; 11; 11; 1
124; 124R; <; 1; 18; 4; 4; 4; 2
124; 124R; <; 2; 16; 4; 10; 10; 2
124; 124R; <; 3; 10; 4; 16; 16; 2
124; 124R; <; 4; 11; 4; 21; 21; 2
124; 124R; <; 5; 12; 4; 26; 26; 2
124; 124R; <; 1; 18; 4; 19; 19; 3
124; 124R; <; 2; 16; 4; 25; 25; 3
124; 124R; <; 3; 10; 4; 31; 31; 3
124; 124R; <; 4; 11; 4; 36; 36; 3
124; 124R; <; 5; 12; 4; 41; 41; 3
124; 124R; <; 1; 18; 4; 34; 34; 4
124; 124R; <; 2; 16; 4; 40; 40; 4
124; 124R; <; 3; 10; 4; 46; 46; 4
124; 124R; <; 4; 11; 4; 51; 51; 4
124; 124R; <; 5; 12; 4; 56; 56; 4
131; 131H; >; 1; 4; 2; 59; 59; 1
131; 131H; >; 2; 11; 2; 6; 6; 1
131; 131H; >; 3; 14; 2; 14; 14; 1
131; 131H; >; 4; 23; 2; 18; 18; 1
131; 131H; >; 5; 24; 2; 23; 23; 1
131; 131H; >; 1; 4; 2; 29; 29; 2
131; 131H; >; 2; 11; 2; 36; 36; 2
131; 131H; >; 3; 14; 2; 44; 44; 2
131; 131H; >; 4; 23; 2; 48; 48; 2
131; 131H; >; 5; 24; 2; 53; 53; 2
131; 131R; <; 1; 24; 2; 29; 29; 1
131; 131R; <; 2; 23; 2; 34; 34; 1
131; 131R; <; 3; 14; 2; 38; 38; 1
131; 131R; <; 4; 11; 2; 46; 46; 1
131; 131R; <; 5; 4; 2; 53; 53; 1
131; 131R; <; 1; 24; 2; 59; 59; 2
131; 131R; <; 2; 23; 2; 4; 4; 2
131; 131R; <; 3; 14; 2; 8; 8; 2
131; 131R; <; 4; 11; 2; 16; 16; 2
131; 131R; <; 5; 4; 2; 23; 23; 2
133; 133H; >; 1; 2; 3; 44; 44; 1
133; 133H; >; 2; 6; 3; 48; 48; 1
133; 133H; >; 3; 8; 3; 52; 52; 1
133; 133H; >; 4; 16; 3; 56; 56; 1
133; 133H; >; 5; 17; 3; 0; 0; 1
133; 133H; >; 6; 19; 3; 4; 4; 1
133; 133H; >; 7; 20; 3; 12; 12; 1
133; 133H; >; 1; 2; 3; 4; 4; 2
133; 133H; >; 2; 6; 3; 8; 8; 2
133; 133H; >; 3; 8; 3; 12; 12; 2
133; 133H; >; 4; 16; 3; 16; 16; 2
133; 133H; >; 5; 17; 3; 20; 20; 2
133; 133H; >; 6; 19; 3; 24; 24; 2
133; 133H; >; 7; 20; 3; 32; 32; 2
133; 133H; >; 1; 2; 3; 24; 24; 3
133; 133H; >; 2; 6; 3; 28; 28; 3
133; 133H; >; 3; 8; 3; 32; 32; 3
133; 133H; >; 4; 16; 3; 36; 36; 3
133; 133H; >; 5; 17; 3; 40; 40; 3
133; 133H; >; 6; 19; 3; 44; 44; 3
133; 133H; >; 7; 20; 3; 52; 52; 3
133; 133R; <; 1; 20; 3; 14; 14; 1
133; 133R; <; 2; 19; 3; 22; 22; 1
133; 133R; <; 3; 17; 3; 26; 26; 1
133; 133R; <; 4; 16; 3; 30; 30; 1
133; 133R; <; 5; 8; 3; 34; 34; 1
133; 133R; <; 6; 6; 3; 38; 38; 1
133; 133R; <; 7; 2; 3; 42; 42; 1
133; 133R; <; 1; 20; 3; 34; 34; 2
133; 133R; <; 2; 19; 3; 42; 42; 2
133; 133R; <; 3; 17; 3; 46; 46; 2
133; 133R; <; 4; 16; 3; 50; 50; 2
133; 133R; <; 5; 8; 3; 54; 54; 2
133; 133R; <; 6; 6; 3; 58; 58; 2
133; 133R; <; 7; 2; 3; 2; 2; 2
133; 133R; <; 1; 20; 3; 54; 54; 3
133; 133R; <; 2; 19; 3; 2; 2; 3
133; 133R; <; 3; 17; 3; 6; 6; 3
133; 133R; <; 4; 16; 3; 10; 10; 3
133; 133R; <; 5; 8; 3; 14; 14; 3
133; 133R; <; 6; 6; 3; 18; 18; 3
133; 133R; <; 7; 2; 3; 22; 22; 3
