#timetable found by modulo network simplex algorithm
#Wed Dec 14 11:36:46 2016
1; 0
2; 6
3; 6
4; 12
5; 12
6; 18
7; 18
8; 24
9; 24
10; 30
11; 30
12; 36
13; 36
14; 42
15; 42
16; 48
17; 48
18; 54
19; 54
20; 60
21; 30
22; 36
23; 36
24; 42
25; 42
26; 48
27; 48
28; 54
29; 54
30; 60
31; 60
32; 6
33; 6
34; 12
35; 12
36; 18
37; 18
38; 24
39; 24
40; 30
41; 9
42; 15
43; 15
44; 21
45; 22
46; 28
47; 28
48; 34
49; 34
50; 40
51; 40
52; 46
53; 46
54; 52
55; 52
56; 58
57; 58
58; 4
59; 4
60; 10
61; 39
62; 45
63; 45
64; 52
65; 52
66; 58
67; 58
68; 4
69; 4
70; 10
71; 10
72; 16
73; 16
74; 22
75; 22
76; 28
77; 28
78; 34
79; 34
80; 40
81; 46
82; 52
83; 52
84; 58
85; 58
86; 4
87; 4
88; 10
89; 10
90; 16
91; 16
92; 22
93; 22
94; 28
95; 28
96; 34
97; 34
98; 40
99; 40
100; 46
101; 6
102; 12
103; 12
104; 18
105; 18
106; 24
107; 24
108; 30
109; 30
110; 36
111; 36
112; 42
113; 42
114; 48
115; 48
116; 54
117; 54
118; 0
119; 0
120; 6
121; 26
122; 32
123; 32
124; 38
125; 38
126; 44
127; 44
128; 50
129; 50
130; 56
131; 56
132; 2
133; 2
134; 8
135; 8
136; 14
137; 14
138; 20
139; 20
140; 26
141; 50
142; 56
143; 56
144; 2
145; 2
146; 8
147; 8
148; 14
149; 14
150; 20
151; 20
152; 26
153; 26
154; 32
155; 32
156; 38
157; 38
158; 44
159; 44
160; 50
161; 10
162; 16
163; 16
164; 22
165; 22
166; 28
167; 28
168; 34
169; 34
170; 40
171; 40
172; 46
173; 46
174; 52
175; 52
176; 58
177; 58
178; 4
179; 4
180; 10
181; 30
182; 36
183; 36
184; 42
185; 42
186; 48
187; 48
188; 54
189; 54
190; 60
191; 60
192; 6
193; 6
194; 12
195; 12
196; 18
197; 18
198; 24
199; 24
200; 30
201; 42
202; 48
203; 48
204; 54
205; 54
206; 60
207; 60
208; 6
209; 6
210; 12
211; 12
212; 18
213; 12
214; 18
215; 18
216; 24
217; 24
218; 30
219; 30
220; 36
221; 36
222; 42
223; 42
224; 48
225; 24
226; 30
227; 30
228; 36
229; 36
230; 42
231; 42
232; 48
233; 48
234; 54
235; 54
236; 0
237; 54
238; 0
239; 0
240; 6
241; 6
242; 12
243; 12
244; 18
245; 18
246; 24
247; 24
248; 30
249; 57
250; 3
251; 3
252; 9
253; 9
254; 15
255; 15
256; 21
257; 21
258; 27
259; 17
260; 23
261; 23
262; 29
263; 29
264; 35
265; 35
266; 41
267; 41
268; 47
269; 37
270; 43
271; 43
272; 49
273; 49
274; 55
275; 55
276; 1
277; 1
278; 7
279; 49
280; 55
281; 55
282; 1
283; 1
284; 7
285; 7
286; 13
287; 13
288; 19
289; 9
290; 15
291; 15
292; 21
293; 21
294; 27
295; 27
296; 33
297; 33
298; 41
299; 29
300; 35
301; 35
302; 41
303; 41
304; 47
305; 47
306; 53
307; 53
308; 59
309; 21
310; 27
311; 27
312; 33
313; 33
314; 39
315; 39
316; 45
317; 45
318; 51
319; 21
320; 27
321; 27
322; 33
323; 33
324; 39
325; 39
326; 45
327; 45
328; 51
329; 21
330; 27
331; 27
332; 33
333; 33
334; 39
335; 39
336; 45
337; 45
338; 51
339; 21
340; 27
341; 27
342; 33
343; 33
344; 39
345; 39
346; 45
347; 45
348; 51
349; 1
350; 7
351; 7
352; 13
353; 13
354; 19
355; 19
356; 27
357; 13
358; 19
359; 19
360; 25
361; 25
362; 31
363; 31
364; 37
365; 25
366; 31
367; 31
368; 37
369; 37
370; 43
371; 43
372; 49
373; 37
374; 43
375; 43
376; 49
377; 49
378; 55
379; 55
380; 1
381; 49
382; 55
383; 55
384; 1
385; 1
386; 7
387; 7
388; 15
389; 39
390; 45
391; 45
392; 51
393; 51
394; 57
395; 57
396; 3
397; 51
398; 57
399; 57
400; 3
401; 3
402; 9
403; 9
404; 15
405; 3
406; 9
407; 9
408; 15
409; 15
410; 21
411; 21
412; 27
413; 15
414; 21
415; 21
416; 27
417; 27
418; 33
419; 33
420; 39
421; 27
422; 33
423; 33
424; 39
425; 39
426; 45
427; 45
428; 51
429; 15
430; 23
431; 45
432; 51
433; 15
434; 21
435; 45
436; 51
437; 60
438; 6
439; 15
440; 23
441; 30
442; 38
443; 45
444; 51
445; 58
446; 4
447; 13
448; 21
449; 28
450; 36
451; 43
452; 51
