#event-id; time
1; 12
2; 15
3; 15
4; 39
5; 39
6; 41
7; 41
8; 43
9; 43
10; 45
11; 45
12; 49
13; 49
14; 52
15; 52
16; 56
17; 56
18; 0
19; 0
20; 4
21; 42
22; 45
23; 45
24; 9
25; 9
26; 11
27; 11
28; 13
29; 13
30; 15
31; 15
32; 19
33; 19
34; 22
35; 22
36; 26
37; 26
38; 30
39; 30
40; 34
41; 0
42; 4
43; 4
44; 8
45; 8
46; 12
47; 12
48; 15
49; 15
50; 19
51; 19
52; 21
53; 21
54; 23
55; 23
56; 25
57; 25
58; 49
59; 49
60; 52
61; 30
62; 34
63; 34
64; 38
65; 38
66; 42
67; 42
68; 45
69; 45
70; 49
71; 49
72; 51
73; 51
74; 53
75; 53
76; 55
77; 55
78; 19
79; 19
80; 22
81; 51
82; 57
83; 57
84; 6
85; 6
86; 20
87; 20
88; 24
89; 24
90; 28
91; 28
92; 31
93; 31
94; 37
95; 16
96; 22
97; 22
98; 25
99; 25
100; 29
101; 29
102; 33
103; 33
104; 47
105; 47
106; 56
107; 56
108; 2
109; 0
110; 7
111; 7
112; 11
113; 11
114; 13
115; 13
116; 15
117; 15
118; 17
119; 17
120; 21
121; 21
122; 27
123; 6
124; 12
125; 12
126; 16
127; 16
128; 18
129; 18
130; 20
131; 20
132; 22
133; 22
134; 26
135; 26
136; 33
137; 18
138; 29
139; 29
140; 32
141; 32
142; 41
143; 41
144; 50
145; 50
146; 56
147; 56
148; 58
149; 48
150; 59
151; 59
152; 2
153; 2
154; 11
155; 11
156; 20
157; 20
158; 26
159; 26
160; 28
161; 55
162; 57
163; 57
164; 3
165; 3
166; 12
167; 12
168; 21
169; 21
170; 24
171; 24
172; 35
173; 25
174; 27
175; 27
176; 33
177; 33
178; 42
179; 42
180; 51
181; 51
182; 54
183; 54
184; 5
185; 0
186; 17
187; 17
188; 27
189; 27
190; 36
191; 36
192; 38
193; 38
194; 42
195; 0
196; 4
197; 4
198; 6
199; 6
200; 15
201; 15
202; 25
203; 25
204; 42
205; 0
206; 9
207; 9
208; 16
209; 16
210; 25
211; 25
212; 29
213; 29
214; 33
215; 55
216; 59
217; 59
218; 3
219; 3
220; 12
221; 12
222; 19
223; 19
224; 28
225; 1
226; 12
227; 12
228; 15
229; 15
230; 24
231; 24
232; 30
233; 30
234; 32
235; 11
236; 22
237; 22
238; 25
239; 25
240; 34
241; 34
242; 40
243; 40
244; 42
245; 21
246; 32
247; 32
248; 35
249; 35
250; 44
251; 44
252; 50
253; 50
254; 52
255; 31
256; 42
257; 42
258; 45
259; 45
260; 54
261; 54
262; 0
263; 0
264; 2
265; 41
266; 52
267; 52
268; 55
269; 55
270; 4
271; 4
272; 10
273; 10
274; 12
275; 51
276; 2
277; 2
278; 5
279; 5
280; 14
281; 14
282; 20
283; 20
284; 22
285; 32
286; 34
287; 34
288; 40
289; 40
290; 49
291; 49
292; 52
293; 52
294; 3
295; 42
296; 44
297; 44
298; 50
299; 50
300; 59
301; 59
302; 2
303; 2
304; 13
305; 52
306; 54
307; 54
308; 0
309; 0
310; 9
311; 9
312; 12
313; 12
314; 23
315; 2
316; 4
317; 4
318; 10
319; 10
320; 19
321; 19
322; 22
323; 22
324; 33
325; 12
326; 14
327; 14
328; 20
329; 20
330; 29
331; 29
332; 32
333; 32
334; 43
335; 22
336; 24
337; 24
338; 30
339; 30
340; 39
341; 39
342; 42
343; 42
344; 53
345; 31
346; 35
347; 35
348; 45
349; 45
350; 49
351; 49
352; 52
353; 52
354; 59
355; 36
356; 43
357; 43
358; 46
359; 46
360; 50
361; 50
362; 0
363; 0
364; 4
365; 31
366; 34
367; 34
368; 40
369; 40
370; 50
371; 50
372; 53
373; 51
374; 54
375; 54
376; 0
377; 0
378; 10
379; 10
380; 13
381; 11
382; 14
383; 14
384; 20
385; 20
386; 30
387; 30
388; 33
389; 50
390; 53
391; 53
392; 3
393; 3
394; 9
395; 9
396; 12
397; 10
398; 13
399; 13
400; 23
401; 23
402; 29
403; 29
404; 32
405; 30
406; 33
407; 33
408; 43
409; 43
410; 49
411; 49
412; 52
413; 0
414; 6
415; 6
416; 15
417; 15
418; 29
419; 29
420; 33
421; 0
422; 4
423; 4
424; 18
425; 18
426; 27
427; 27
428; 33
429; 54
430; 1
431; 1
432; 5
433; 5
434; 29
435; 29
436; 32
437; 12
438; 15
439; 15
440; 39
441; 39
442; 43
443; 43
444; 50
445; 0
446; 6
447; 6
448; 20
449; 20
450; 23
451; 0
452; 3
453; 3
454; 17
455; 17
456; 23
457; 14
458; 21
459; 21
460; 28
461; 29
462; 36
463; 36
464; 43
465; 44
466; 51
467; 51
468; 58
469; 59
470; 6
471; 6
472; 13
473; 0
474; 7
475; 7
476; 14
477; 15
478; 22
479; 22
480; 29
481; 30
482; 37
483; 37
484; 44
485; 45
486; 52
487; 52
488; 59
489; 0
490; 2
491; 2
492; 3
493; 3
494; 11
495; 11
496; 15
497; 15
498; 25
499; 25
500; 29
501; 53
502; 57
503; 57
504; 7
505; 7
506; 11
507; 11
508; 19
509; 19
510; 20
511; 20
512; 22
513; 28
514; 31
515; 31
516; 38
517; 38
518; 46
519; 46
520; 47
521; 47
522; 49
523; 49
524; 55
525; 55
526; 3
527; 3
528; 6
529; 6
530; 11
531; 33
532; 38
533; 38
534; 41
535; 41
536; 49
537; 49
538; 55
539; 55
540; 57
541; 57
542; 58
543; 58
544; 6
545; 6
546; 13
547; 13
548; 16
549; 18
550; 20
551; 20
552; 21
553; 21
554; 32
555; 32
556; 38
557; 38
558; 44
559; 44
560; 51
561; 51
562; 0
563; 14
564; 23
565; 23
566; 30
567; 30
568; 36
569; 36
570; 42
571; 42
572; 53
573; 53
574; 54
575; 54
576; 56
577; 1
578; 10
579; 10
580; 13
581; 13
582; 19
583; 19
584; 29
585; 25
586; 35
587; 35
588; 41
589; 41
590; 44
591; 44
592; 53
593; 0
594; 7
595; 7
596; 11
597; 11
598; 13
599; 13
600; 15
601; 15
602; 17
603; 17
604; 21
605; 21
606; 24
607; 24
608; 28
609; 28
610; 32
611; 0
612; 4
613; 4
614; 8
615; 8
616; 11
617; 11
618; 15
619; 15
620; 17
621; 17
622; 19
623; 19
624; 21
625; 21
626; 25
627; 25
628; 32
629; 22
630; 25
631; 25
632; 38
633; 38
634; 43
635; 43
636; 45
637; 45
638; 55
639; 32
640; 35
641; 35
642; 48
643; 48
644; 53
645; 53
646; 55
647; 55
648; 5
649; 42
650; 45
651; 45
652; 58
653; 58
654; 3
655; 3
656; 5
657; 5
658; 15
659; 52
660; 55
661; 55
662; 8
663; 8
664; 13
665; 13
666; 15
667; 15
668; 25
669; 2
670; 5
671; 5
672; 18
673; 18
674; 23
675; 23
676; 25
677; 25
678; 35
679; 12
680; 15
681; 15
682; 28
683; 28
684; 33
685; 33
686; 35
687; 35
688; 45
689; 59
690; 9
691; 9
692; 11
693; 11
694; 16
695; 16
696; 29
697; 29
698; 32
699; 9
700; 19
701; 19
702; 21
703; 21
704; 26
705; 26
706; 39
707; 39
708; 42
709; 19
710; 29
711; 29
712; 31
713; 31
714; 36
715; 36
716; 49
717; 49
718; 52
719; 29
720; 39
721; 39
722; 41
723; 41
724; 46
725; 46
726; 59
727; 59
728; 2
729; 39
730; 49
731; 49
732; 51
733; 51
734; 56
735; 56
736; 9
737; 9
738; 12
739; 49
740; 59
741; 59
742; 1
743; 1
744; 6
745; 6
746; 19
747; 19
748; 22
749; 21
750; 24
751; 24
752; 28
753; 28
754; 31
755; 31
756; 33
757; 33
758; 35
759; 35
760; 37
761; 37
762; 40
763; 40
764; 42
765; 42
766; 44
767; 44
768; 47
769; 47
770; 49
771; 49
772; 50
773; 31
774; 34
775; 34
776; 38
777; 38
778; 41
779; 41
780; 43
781; 43
782; 45
783; 45
784; 47
785; 47
786; 50
787; 50
788; 52
789; 52
790; 54
791; 54
792; 57
793; 57
794; 59
795; 59
796; 0
797; 41
798; 44
799; 44
800; 48
801; 48
802; 51
803; 51
804; 53
805; 53
806; 55
807; 55
808; 57
809; 57
810; 0
811; 0
812; 2
813; 2
814; 4
815; 4
816; 7
817; 7
818; 9
819; 9
820; 10
821; 51
822; 54
823; 54
824; 58
825; 58
826; 1
827; 1
828; 3
829; 3
830; 5
831; 5
832; 7
833; 7
834; 10
835; 10
836; 12
837; 12
838; 14
839; 14
840; 17
841; 17
842; 19
843; 19
844; 20
845; 1
846; 4
847; 4
848; 8
849; 8
850; 11
851; 11
852; 13
853; 13
854; 15
855; 15
856; 17
857; 17
858; 20
859; 20
860; 22
861; 22
862; 24
863; 24
864; 27
865; 27
866; 29
867; 29
868; 30
869; 11
870; 14
871; 14
872; 18
873; 18
874; 21
875; 21
876; 23
877; 23
878; 25
879; 25
880; 27
881; 27
882; 30
883; 30
884; 32
885; 32
886; 34
887; 34
888; 37
889; 37
890; 39
891; 39
892; 40
893; 3
894; 4
895; 4
896; 6
897; 6
898; 9
899; 9
900; 11
901; 11
902; 13
903; 13
904; 16
905; 16
906; 18
907; 18
908; 20
909; 20
910; 22
911; 22
912; 25
913; 25
914; 29
915; 29
916; 32
917; 13
918; 14
919; 14
920; 16
921; 16
922; 19
923; 19
924; 21
925; 21
926; 23
927; 23
928; 26
929; 26
930; 28
931; 28
932; 30
933; 30
934; 32
935; 32
936; 35
937; 35
938; 39
939; 39
940; 42
941; 23
942; 24
943; 24
944; 26
945; 26
946; 29
947; 29
948; 31
949; 31
950; 33
951; 33
952; 36
953; 36
954; 38
955; 38
956; 40
957; 40
958; 42
959; 42
960; 45
961; 45
962; 49
963; 49
964; 52
965; 33
966; 34
967; 34
968; 36
969; 36
970; 39
971; 39
972; 41
973; 41
974; 43
975; 43
976; 46
977; 46
978; 48
979; 48
980; 50
981; 50
982; 52
983; 52
984; 55
985; 55
986; 59
987; 59
988; 2
989; 43
990; 44
991; 44
992; 46
993; 46
994; 49
995; 49
996; 51
997; 51
998; 53
999; 53
1000; 56
1001; 56
1002; 58
1003; 58
1004; 0
1005; 0
1006; 2
1007; 2
1008; 5
1009; 5
1010; 9
1011; 9
1012; 12
1013; 53
1014; 54
1015; 54
1016; 56
1017; 56
1018; 59
1019; 59
1020; 1
1021; 1
1022; 3
1023; 3
1024; 6
1025; 6
1026; 8
1027; 8
1028; 10
1029; 10
1030; 12
1031; 12
1032; 15
1033; 15
1034; 19
1035; 19
1036; 22
1037; 49
1038; 52
1039; 52
1040; 59
1041; 59
1042; 9
1043; 9
1044; 12
1045; 59
1046; 2
1047; 2
1048; 9
1049; 9
1050; 19
1051; 19
1052; 22
1053; 9
1054; 12
1055; 12
1056; 19
1057; 19
1058; 29
1059; 29
1060; 32
1061; 19
1062; 22
1063; 22
1064; 29
1065; 29
1066; 39
1067; 39
1068; 42
1069; 29
1070; 32
1071; 32
1072; 39
1073; 39
1074; 49
1075; 49
1076; 52
1077; 39
1078; 42
1079; 42
1080; 49
1081; 49
1082; 59
1083; 59
1084; 2
1085; 2
1086; 5
1087; 5
1088; 15
1089; 15
1090; 22
1091; 22
1092; 25
1093; 12
1094; 15
1095; 15
1096; 25
1097; 25
1098; 32
1099; 32
1100; 35
1101; 22
1102; 25
1103; 25
1104; 35
1105; 35
1106; 42
1107; 42
1108; 45
1109; 32
1110; 35
1111; 35
1112; 45
1113; 45
1114; 52
1115; 52
1116; 55
1117; 42
1118; 45
1119; 45
1120; 55
1121; 55
1122; 2
1123; 2
1124; 5
1125; 52
1126; 55
1127; 55
1128; 5
1129; 5
1130; 12
1131; 12
1132; 15
