#from_station;to_station;perceived_travel_time;passengers
1;2;6;21
1;3;12;15
1;4;18;10
1;5;24;8
1;6;6;5
1;7;20;11
1;8;26;19
1;9;32;7
1;10;44;3
1;11;12;3
1;12;26;6
1;13;32;82
1;14;38;8
1;15;48;4
1;16;18;3
1;17;32;7
1;18;38;11
1;19;44;4
1;20;56;2
1;21;24;2
1;22;40;2
1;23;44;5
1;24;50;4
1;25;62;15
2;1;6;5
2;3;6;4
2;4;12;3
2;5;18;2
2;6;26;1
2;7;6;3
2;8;20;5
2;9;26;2
2;10;34;1
2;11;30;1
2;12;12;2
2;13;26;20
2;14;32;2
2;15;38;1
2;16;38;1
2;17;18;2
2;18;32;3
2;19;38;1
2;22;26;1
2;23;38;1
2;24;44;1
2;25;52;4
3;1;12;3
3;2;6;3
3;4;6;4
3;5;12;3
3;6;26;1
3;7;20;3
3;8;6;7
3;9;20;3
3;10;26;1
3;11;32;1
3;12;26;3
3;13;12;30
3;14;26;2
3;15;32;1
3;16;38;1
3;17;32;2
3;18;18;4
3;19;32;2
3;20;39;1
3;21;45;1
3;22;39;1
3;23;24;2
3;24;38;1
3;25;44;4
4;1;18;2
4;2;12;2
4;3;6;4
4;5;6;4
4;6;38;1
4;7;26;2
4;8;20;5
4;9;6;3
4;10;26;1
4;11;42;1
4;12;32;3
4;13;26;19
4;14;12;1
4;15;30;1
4;17;38;1
4;18;32;3
4;19;18;2
4;20;32;1
4;21;52;1
4;22;46;1
4;23;38;1
4;24;24;1
4;25;44;2
5;1;24;2
5;2;18;2
5;3;12;3
5;4;6;4
5;6;44;1
5;7;32;1
5;8;26;4
5;9;20;2
5;10;6;1
5;11;50;1
5;12;38;2
5;13;32;16
5;14;26;1
5;17;44;1
5;18;38;2
5;19;32;1
5;20;18;1
5;21;60;1
5;22;52;1
5;23;44;1
5;25;24;2
6;1;6;1
6;2;20;1
6;3;26;1
6;4;32;1
6;5;38;1
6;7;6;8
6;8;12;5
6;9;18;4
6;10;24;2
6;11;6;1
6;12;24;1
6;13;26;20
6;14;36;2
6;15;42;1
6;16;12;1
6;17;36;1
6;18;32;3
6;19;46;2
6;20;54;1
6;23;38;1
6;24;52;1
6;25;64;3
7;1;20;2
7;2;6;3
7;3;20;3
7;4;26;2
7;5;32;1
7;6;6;7
7;8;6;11
7;9;12;9
7;10;18;4
7;11;24;1
7;12;6;3
7;13;20;47
7;14;26;4
7;15;32;2
7;16;32;1
7;17;12;3
7;18;26;7
7;19;40;6
7;20;52;2
7;21;34;1
7;22;20;1
7;23;32;2
7;24;40;2
7;25;46;7
8;1;28;4
8;2;22;4
8;3;6;7
8;4;22;4
8;5;28;3
8;6;12;4
8;7;6;10
8;9;6;11
8;10;12;5
8;11;26;3
8;12;20;6
8;13;6;78
8;14;20;7
8;15;26;3
8;16;32;2
8;17;26;6
8;18;12;11
8;19;27;6
8;20;33;3
8;21;39;2
8;22;33;3
8;23;18;4
8;24;32;3
8;25;38;10
9;1;34;1
9;2;28;2
9;3;20;3
9;4;6;3
9;5;22;2
9;6;18;3
9;7;12;8
9;8;6;11
9;10;6;7
9;11;36;2
9;12;26;5
9;13;20;46
9;14;6;6
9;15;24;3
9;16;44;2
9;17;32;5
9;18;26;6
9;19;12;3
9;20;26;1
9;21;46;1
9;22;40;2
9;23;32;2
9;24;18;1
9;25;38;4
10;1;38;1
10;2;32;1
10;3;26;1
10;4;20;1
10;5;6;1
10;6;24;1
10;7;18;4
10;8;12;5
10;9;6;7
10;11;44;1
10;12;32;2
10;13;26;19
10;14;20;3
10;15;6;1
10;16;52;1
10;17;38;2
10;18;32;3
10;19;26;1
10;20;12;1
10;21;54;1
10;22;46;1
10;23;38;1
10;25;18;2
11;1;12;1
11;2;26;1
11;3;32;1
11;4;38;1
11;5;44;1
11;6;6;1
11;7;22;2
11;8;26;3
11;9;34;1
11;10;42;1
11;12;6;7
11;13;12;25
11;14;18;4
11;15;24;2
11;16;6;1
11;17;24;1
11;18;27;3
11;19;32;2
11;20;44;1
11;21;12;1
11;22;32;1
11;23;33;1
11;24;38;1
11;25;50;3
12;1;26;1
12;2;12;1
12;3;26;1
12;4;32;1
12;5;38;1
12;6;24;1
12;7;6;2
12;8;20;4
12;9;28;2
12;10;38;1
12;11;6;4
12;13;6;29
12;14;12;5
12;15;18;2
12;16;24;1
12;17;6;2
12;18;21;4
12;19;26;3
12;20;38;1
12;21;28;1
12;22;14;1
12;23;27;2
12;24;32;1
12;25;40;3
13;1;34;14
13;2;28;4
13;3;12;7
13;4;28;5
13;5;34;4
13;6;27;5
13;7;21;11
13;8;6;18
13;9;21;11
13;10;27;5
13;11;12;6
13;12;6;9
13;14;6;14
13;15;12;6
13;16;26;5
13;17;20;11
13;18;6;18
13;19;20;11
13;20;27;5
13;21;33;4
13;22;27;5
13;23;12;7
13;24;26;5
13;25;32;8
14;1;40;1
14;2;34;1
14;3;26;2
14;4;12;2
14;5;28;2
14;6;36;2
14;7;34;6
14;8;20;7
14;9;6;4
14;10;22;2
14;11;18;4
14;12;12;9
14;13;6;55
14;15;6;7
14;16;36;2
14;17;26;4
14;18;20;7
14;19;6;6
14;20;20;3
14;21;40;1
14;22;34;1
14;23;26;3
14;24;12;2
14;25;32;8
15;3;32;1
15;4;26;1
15;5;12;1
15;6;42;1
15;7;36;3
15;8;26;3
15;9;22;2
15;10;6;1
15;11;24;2
15;12;18;4
15;13;12;23
15;14;6;7
15;16;42;1
15;17;32;2
15;18;26;3
15;19;20;3
15;20;6;1
15;22;40;1
15;23;32;1
15;24;26;1
15;25;12;3
16;1;18;1
16;2;32;1
16;3;38;1
16;6;12;1
16;7;30;1
16;8;34;3
16;9;42;2
16;10;48;1
16;11;6;1
16;12;24;2
16;13;26;19
16;14;36;3
16;15;42;1
16;17;6;8
16;18;12;5
16;19;18;4
16;20;24;2
16;21;6;1
16;22;20;1
16;23;26;2
16;24;40;1
16;25;38;5
17;1;32;1
17;2;18;2
17;3;32;2
17;4;38;1
17;5;44;1
17;6;30;1
17;7;12;3
17;8;28;6
17;9;44;5
17;10;46;2
17;11;26;2
17;12;6;4
17;13;20;45
17;14;28;6
17;15;34;3
17;16;6;7
17;18;6;11
17;19;12;9
17;20;18;4
17;21;20;1
17;22;6;2
17;23;20;4
17;24;26;3
17;25;32;11
18;1;42;2
18;2;36;2
18;3;20;4
18;4;36;2
18;5;42;2
18;6;35;2
18;7;29;5
18;8;14;10
18;9;29;6
18;10;35;2
18;11;26;3
18;12;20;6
18;13;6;75
18;14;20;7
18;15;26;3
18;16;12;4
18;17;6;11
18;19;6;11
18;20;12;5
18;21;27;3
18;22;21;4
18;23;6;7
18;24;20;4
18;25;26;17
19;1;46;1
19;2;40;1
19;3;34;2
19;4;18;2
19;5;34;1
19;6;48;2
19;7;42;5
19;8;28;6
19;9;12;3
19;10;28;1
19;11;34;1
19;12;28;3
19;13;20;45
19;14;6;4
19;15;22;2
19;16;18;4
19;17;12;9
19;18;6;11
19;20;6;7
19;21;34;2
19;22;28;3
19;23;20;3
19;24;6;2
19;25;20;7
20;3;38;1
20;4;32;1
20;5;18;1
20;6;48;1
20;7;42;2
20;8;34;2
20;9;30;1
20;10;12;1
20;12;38;1
20;13;26;18
20;14;26;2
20;15;6;1
20;16;24;2
20;17;18;4
20;18;12;5
20;19;6;7
20;21;40;1
20;22;36;1
20;23;26;1
20;24;24;1
20;25;6;3
21;3;44;1
21;4;50;1
21;5;56;1
21;7;36;1
21;8;40;2
21;9;48;1
21;10;54;1
21;12;30;1
21;13;32;15
21;14;42;2
21;15;48;1
21;16;6;1
21;17;22;1
21;18;26;4
21;19;34;2
21;20;40;1
21;22;6;5
21;23;12;3
21;24;18;2
21;25;24;8
22;3;38;1
22;4;44;1
22;5;50;1
22;7;18;1
22;8;34;2
22;9;50;2
22;10;54;1
22;11;28;1
22;12;12;1
22;13;26;18
22;14;34;2
22;15;40;1
22;16;20;1
22;17;6;2
22;18;20;5
22;19;36;3
22;20;39;1
22;21;6;4
22;23;6;4
22;24;12;3
22;25;18;9
23;1;46;1
23;2;42;1
23;3;26;2
23;4;42;1
23;5;48;1
23;6;40;1
23;7;35;2
23;8;20;4
23;9;35;2
23;10;41;1
23;11;32;1
23;12;26;3
23;13;12;28
23;14;26;2
23;15;32;1
23;16;26;1
23;17;20;3
23;18;6;7
23;19;21;3
23;20;27;1
23;21;12;3
23;22;6;4
23;24;6;4
23;25;12;13
24;1;52;1
24;2;46;1
24;3;40;1
24;6;46;1
24;7;44;2
24;8;34;2
24;9;18;1
24;11;40;1
24;12;34;2
24;13;26;17
24;14;12;1
24;16;34;1
24;17;32;3
24;18;20;4
24;19;6;2
24;20;20;1
24;21;18;2
24;22;12;2
24;23;6;4
24;25;6;19
25;1;58;1
25;2;53;1
25;3;46;1
25;7;50;1
25;8;40;2
25;9;32;1
25;11;46;1
25;12;44;2
25;13;32;13
25;14;26;1
25;16;40;1
25;17;35;2
25;18;26;3
25;19;20;1
25;20;6;1
25;21;24;1
25;22;18;2
25;23;12;3
25;24;6;4
