#event-id; time
1; 0
2; 5
3; 5
4; 10
5; 10
6; 15
7; 15
8; 31
9; 31
10; 38
11; 38
12; 42
13; 0
14; 4
15; 4
16; 11
17; 11
18; 27
19; 27
20; 32
21; 32
22; 37
23; 37
24; 42
25; 0
26; 6
27; 6
28; 11
29; 11
30; 16
31; 16
32; 32
33; 32
34; 39
35; 39
36; 43
37; 0
38; 4
39; 4
40; 11
41; 11
42; 27
43; 27
44; 32
45; 32
46; 37
47; 37
48; 43
49; 0
50; 4
51; 4
52; 10
53; 10
54; 14
55; 14
56; 31
57; 31
58; 37
59; 37
60; 42
61; 0
62; 5
63; 5
64; 11
65; 11
66; 28
67; 28
68; 32
69; 32
70; 38
71; 38
72; 42
73; 0
74; 4
75; 4
76; 8
77; 8
78; 14
79; 14
80; 18
81; 18
82; 35
83; 35
84; 43
85; 0
86; 8
87; 8
88; 25
89; 25
90; 29
91; 29
92; 35
93; 35
94; 39
95; 39
96; 43
97; 0
98; 4
99; 4
100; 8
101; 8
102; 14
103; 14
104; 18
105; 18
106; 35
107; 35
108; 41
109; 0
110; 6
111; 6
112; 23
113; 23
114; 27
115; 27
116; 33
117; 33
118; 37
119; 37
120; 41
121; 0
122; 4
123; 4
124; 11
125; 11
126; 16
127; 16
128; 24
129; 24
130; 28
131; 28
132; 33
133; 30
134; 34
135; 34
136; 41
137; 41
138; 46
139; 46
140; 54
141; 54
142; 58
143; 58
144; 3
145; 0
146; 5
147; 5
148; 9
149; 9
150; 17
151; 17
152; 22
153; 22
154; 29
155; 29
156; 33
157; 30
158; 35
159; 35
160; 39
161; 39
162; 47
163; 47
164; 52
165; 52
166; 59
167; 59
168; 3
169; 0
170; 4
171; 4
172; 11
173; 11
174; 16
175; 16
176; 21
177; 21
178; 28
179; 28
180; 32
181; 0
182; 4
183; 4
184; 11
185; 11
186; 16
187; 16
188; 21
189; 21
190; 28
191; 28
192; 32
193; 0
194; 16
195; 16
196; 20
197; 20
198; 24
199; 24
200; 30
201; 30
202; 34
203; 34
204; 51
205; 0
206; 17
207; 17
208; 21
209; 21
210; 27
211; 27
212; 31
213; 31
214; 35
215; 35
216; 51
217; 0
218; 5
219; 5
220; 10
221; 10
222; 26
223; 26
224; 31
225; 31
226; 38
227; 0
228; 7
229; 7
230; 12
231; 12
232; 28
233; 28
234; 33
235; 33
236; 38
237; 0
238; 5
239; 5
240; 13
241; 13
242; 19
243; 19
244; 23
245; 23
246; 29
247; 30
248; 36
249; 36
250; 40
251; 40
252; 46
253; 46
254; 54
255; 54
256; 59
257; 0
258; 4
259; 4
260; 12
261; 12
262; 16
263; 16
264; 21
265; 21
266; 26
267; 30
268; 35
269; 35
270; 40
271; 40
272; 44
273; 44
274; 52
275; 52
276; 56
277; 0
278; 4
279; 4
280; 10
281; 10
282; 15
283; 15
284; 23
285; 23
286; 27
287; 30
288; 34
289; 34
290; 42
291; 42
292; 47
293; 47
294; 53
295; 53
296; 57
297; 0
298; 4
299; 4
300; 10
301; 10
302; 15
303; 15
304; 20
305; 20
306; 36
307; 0
308; 16
309; 16
310; 21
311; 21
312; 26
313; 26
314; 32
315; 32
316; 36
317; 0
318; 4
319; 4
320; 21
321; 21
322; 29
323; 29
324; 34
325; 34
326; 38
327; 0
328; 4
329; 4
330; 9
331; 9
332; 17
333; 17
334; 34
335; 34
336; 38
337; 0
338; 4
339; 4
340; 21
341; 21
342; 27
343; 27
344; 32
345; 32
346; 37
347; 0
348; 5
349; 5
350; 10
351; 10
352; 16
353; 16
354; 33
355; 33
356; 37
357; 0
358; 6
359; 6
360; 12
361; 12
362; 16
363; 16
364; 21
365; 21
366; 26
367; 30
368; 35
369; 35
370; 40
371; 40
372; 44
373; 44
374; 50
375; 50
376; 56
377; 0
378; 6
379; 6
380; 10
381; 10
382; 14
383; 14
384; 30
385; 30
386; 34
387; 0
388; 4
389; 4
390; 20
391; 20
392; 24
393; 24
394; 28
395; 28
396; 34
397; 0
398; 4
399; 4
400; 8
401; 8
402; 16
403; 16
404; 20
405; 20
406; 25
407; 30
408; 35
409; 35
410; 39
411; 39
412; 47
413; 47
414; 51
415; 51
416; 55
417; 0
418; 7
419; 7
420; 12
421; 12
422; 20
423; 20
424; 24
425; 24
426; 29
427; 30
428; 35
429; 35
430; 39
431; 39
432; 47
433; 47
434; 52
435; 52
436; 59
437; 0
438; 5
439; 5
440; 12
441; 12
442; 17
443; 17
444; 23
445; 23
446; 29
447; 30
448; 36
449; 36
450; 42
451; 42
452; 47
453; 47
454; 54
455; 54
456; 59
457; 0
458; 5
459; 5
460; 12
461; 12
462; 17
463; 17
464; 25
465; 25
466; 29
467; 30
468; 34
469; 34
470; 42
471; 42
472; 47
473; 47
474; 54
475; 54
476; 59
477; 0
478; 5
479; 5
480; 10
481; 10
482; 14
483; 14
484; 20
485; 20
486; 26
487; 30
488; 36
489; 36
490; 42
491; 42
492; 46
493; 46
494; 51
495; 51
496; 56
497; 0
498; 4
499; 4
500; 8
501; 8
502; 14
503; 14
504; 18
505; 18
506; 26
507; 30
508; 38
509; 38
510; 42
511; 42
512; 48
513; 48
514; 52
515; 52
516; 56
517; 0
518; 4
519; 4
520; 11
521; 11
522; 16
523; 16
524; 24
525; 24
526; 29
527; 30
528; 35
529; 35
530; 43
531; 43
532; 48
533; 48
534; 55
535; 55
536; 59
537; 0
538; 4
539; 4
540; 12
541; 12
542; 18
543; 18
544; 23
545; 30
546; 35
547; 35
548; 41
549; 41
550; 49
551; 49
552; 53
553; 0
554; 4
555; 4
556; 10
557; 10
558; 14
559; 14
560; 19
561; 30
562; 35
563; 35
564; 39
565; 39
566; 45
567; 45
568; 49
569; 0
570; 4
571; 4
572; 9
573; 9
574; 14
575; 14
576; 19
577; 30
578; 35
579; 35
580; 40
581; 40
582; 45
583; 45
584; 49
585; 0
586; 5
587; 5
588; 13
589; 13
590; 19
591; 19
592; 25
593; 30
594; 36
595; 36
596; 42
597; 42
598; 50
599; 50
600; 55
601; 0
602; 8
603; 8
604; 13
605; 13
606; 17
607; 17
608; 22
609; 30
610; 35
611; 35
612; 39
613; 39
614; 44
615; 44
616; 52
617; 0
618; 5
619; 5
620; 10
621; 10
622; 16
623; 16
624; 24
625; 30
626; 38
627; 38
628; 44
629; 44
630; 49
631; 49
632; 54
633; 0
634; 6
635; 6
636; 10
637; 10
638; 14
639; 14
640; 18
641; 30
642; 34
643; 34
644; 38
645; 38
646; 42
647; 42
648; 48
649; 56
650; 1
651; 1
652; 6
653; 6
654; 22
655; 22
656; 27
657; 26
658; 31
659; 31
660; 36
661; 36
662; 52
663; 52
664; 57
665; 56
666; 1
667; 1
668; 17
669; 17
670; 22
671; 22
672; 27
673; 26
674; 31
675; 31
676; 47
677; 47
678; 52
679; 52
680; 57
681; 0
682; 4
683; 4
684; 9
685; 9
686; 14
687; 14
688; 30
689; 30
690; 46
691; 46
692; 51
693; 51
694; 56
695; 56
696; 0
697; 0
698; 4
699; 4
700; 10
701; 10
702; 18
703; 18
704; 22
705; 30
706; 34
707; 34
708; 42
709; 42
710; 48
711; 48
712; 52
713; 0
714; 6
715; 6
716; 10
717; 10
718; 16
719; 16
720; 20
721; 30
722; 34
723; 34
724; 40
725; 40
726; 44
727; 44
728; 50
729; 0
730; 5
731; 5
732; 12
733; 12
734; 20
735; 20
736; 24
737; 30
738; 34
739; 34
740; 42
741; 42
742; 49
743; 49
744; 54
745; 31
746; 36
747; 36
748; 43
749; 43
750; 48
751; 48
752; 55
753; 1
754; 8
755; 8
756; 13
757; 13
758; 20
759; 20
760; 25
761; 0
762; 16
763; 16
764; 20
765; 20
766; 24
767; 24
768; 28
769; 30
770; 34
771; 34
772; 38
773; 38
774; 42
775; 42
776; 58
777; 0
778; 16
779; 16
780; 20
781; 20
782; 24
783; 24
784; 30
785; 30
786; 36
787; 36
788; 40
789; 40
790; 44
791; 44
792; 0
793; 0
794; 5
795; 5
796; 9
797; 9
798; 17
799; 30
800; 38
801; 38
802; 42
803; 42
804; 47
805; 0
806; 5
807; 5
808; 11
809; 11
810; 15
811; 30
812; 34
813; 34
814; 40
815; 40
816; 45
817; 0
818; 5
819; 5
820; 13
821; 13
822; 17
823; 30
824; 34
825; 34
826; 42
827; 42
828; 47
829; 0
830; 8
831; 8
832; 12
833; 12
834; 17
835; 30
836; 35
837; 35
838; 39
839; 39
840; 47
841; 0
842; 8
843; 8
844; 13
845; 13
846; 19
847; 30
848; 36
849; 36
850; 41
851; 41
852; 49
853; 0
854; 5
855; 5
856; 10
857; 10
858; 14
859; 30
860; 34
861; 34
862; 39
863; 39
864; 44
865; 0
866; 4
867; 4
868; 11
869; 11
870; 15
871; 30
872; 34
873; 34
874; 41
875; 41
876; 45
877; 0
878; 5
879; 5
880; 11
881; 11
882; 15
883; 30
884; 34
885; 34
886; 40
887; 40
888; 45
889; 0
890; 5
891; 5
892; 10
893; 10
894; 16
895; 30
896; 36
897; 36
898; 41
899; 41
900; 46
901; 0
902; 16
903; 16
904; 20
905; 20
906; 26
907; 30
908; 36
909; 36
910; 40
911; 40
912; 56
913; 0
914; 5
915; 5
916; 9
917; 9
918; 14
919; 14
920; 22
921; 22
922; 30
923; 30
924; 34
925; 34
926; 38
927; 38
928; 44
929; 44
930; 48
931; 0
932; 4
933; 4
934; 10
935; 10
936; 14
937; 14
938; 18
939; 18
940; 26
941; 26
942; 34
943; 34
944; 39
945; 39
946; 43
947; 43
948; 48
949; 0
950; 4
951; 4
952; 12
953; 12
954; 19
955; 19
956; 24
957; 24
958; 28
959; 28
960; 32
961; 32
962; 40
963; 40
964; 46
965; 0
966; 6
967; 6
968; 14
969; 14
970; 18
971; 18
972; 22
973; 22
974; 27
975; 27
976; 34
977; 34
978; 42
979; 42
980; 46
981; 0
982; 5
983; 5
984; 21
985; 21
986; 28
987; 28
988; 32
989; 32
990; 48
991; 48
992; 52
993; 52
994; 56
995; 56
996; 0
997; 0
998; 4
999; 4
1000; 8
1001; 8
1002; 12
1003; 12
1004; 28
1005; 28
1006; 32
1007; 32
1008; 39
1009; 39
1010; 55
1011; 55
1012; 0
1013; 0
1014; 4
1015; 4
1016; 12
1017; 12
1018; 19
1019; 19
1020; 24
1021; 24
1022; 28
1023; 28
1024; 32
1025; 32
1026; 39
1027; 0
1028; 7
1029; 7
1030; 11
1031; 11
1032; 15
1033; 15
1034; 20
1035; 20
1036; 27
1037; 27
1038; 35
1039; 35
1040; 39
1041; 0
1042; 5
1043; 5
1044; 21
1045; 21
1046; 28
1047; 28
1048; 33
1049; 33
1050; 40
1051; 40
1052; 48
1053; 48
1054; 52
1055; 0
1056; 4
1057; 4
1058; 12
1059; 12
1060; 19
1061; 19
1062; 24
1063; 24
1064; 31
1065; 31
1066; 47
1067; 47
1068; 52
1069; 0
1070; 4
1071; 4
1072; 10
1073; 10
1074; 14
1075; 14
1076; 20
1077; 20
1078; 24
1079; 24
1080; 30
1081; 30
1082; 34
1083; 0
1084; 4
1085; 4
1086; 10
1087; 10
1088; 14
1089; 14
1090; 20
1091; 20
1092; 24
1093; 24
1094; 30
1095; 30
1096; 34
1097; 0
1098; 5
1099; 5
1100; 9
1101; 9
1102; 14
1103; 14
1104; 19
1105; 19
1106; 24
1107; 24
1108; 29
1109; 30
1110; 35
1111; 35
1112; 40
1113; 40
1114; 45
1115; 45
1116; 50
1117; 50
1118; 54
1119; 54
1120; 59
1121; 0
1122; 8
1123; 8
1124; 13
1125; 13
1126; 19
1127; 19
1128; 23
1129; 23
1130; 27
1131; 27
1132; 31
1133; 0
1134; 4
1135; 4
1136; 8
1137; 8
1138; 12
1139; 12
1140; 18
1141; 18
1142; 23
1143; 23
1144; 31
1145; 0
1146; 6
1147; 6
1148; 11
1149; 11
1150; 16
1151; 16
1152; 21
1153; 21
1154; 26
1155; 30
1156; 35
1157; 35
1158; 40
1159; 40
1160; 45
1161; 45
1162; 50
1163; 50
1164; 56
1165; 0
1166; 6
1167; 6
1168; 23
1169; 23
1170; 27
1171; 27
1172; 33
1173; 33
1174; 37
1175; 0
1176; 4
1177; 4
1178; 10
1179; 10
1180; 14
1181; 14
1182; 31
1183; 31
1184; 37
1185; 0
1186; 4
1187; 4
1188; 8
1189; 8
1190; 14
1191; 14
1192; 19
1193; 19
1194; 24
1195; 30
1196; 35
1197; 35
1198; 40
1199; 40
1200; 46
1201; 46
1202; 50
1203; 50
1204; 54
1205; 0
1206; 4
1207; 4
1208; 8
1209; 8
1210; 14
1211; 14
1212; 18
1213; 18
1214; 22
1215; 30
1216; 34
1217; 34
1218; 38
1219; 38
1220; 44
1221; 44
1222; 48
1223; 48
1224; 52
1225; 0
1226; 5
1227; 5
1228; 10
1229; 10
1230; 16
1231; 16
1232; 22
1233; 22
1234; 26
1235; 30
1236; 34
1237; 34
1238; 40
1239; 40
1240; 46
1241; 46
1242; 51
1243; 51
1244; 56
1245; 0
1246; 4
1247; 4
1248; 10
1249; 10
1250; 15
1251; 15
1252; 20
1253; 20
1254; 24
1255; 30
1256; 34
1257; 34
1258; 39
1259; 39
1260; 44
1261; 44
1262; 50
1263; 50
1264; 54
1265; 0
1266; 5
1267; 5
1268; 10
1269; 10
1270; 14
1271; 14
1272; 18
1273; 30
1274; 34
1275; 34
1276; 38
1277; 38
1278; 43
1279; 43
1280; 48
1281; 0
1282; 4
1283; 4
1284; 12
1285; 12
1286; 19
1287; 30
1288; 37
1289; 37
1290; 45
1291; 45
1292; 49
1293; 0
1294; 6
1295; 6
1296; 14
1297; 14
1298; 21
1299; 30
1300; 37
1301; 37
1302; 45
1303; 45
1304; 51
1305; 0
1306; 4
1307; 4
1308; 8
1309; 8
1310; 12
1311; 30
1312; 34
1313; 34
1314; 38
1315; 38
1316; 42
1317; 0
1318; 4
1319; 4
1320; 11
1321; 11
1322; 16
1323; 30
1324; 35
1325; 35
1326; 42
1327; 42
1328; 46
1329; 0
1330; 4
1331; 4
1332; 8
1333; 30
1334; 34
1335; 34
1336; 38
1337; 0
1338; 4
1339; 30
1340; 34
1341; 0
1342; 6
1343; 30
1344; 36
1345; 0
1346; 4
1347; 30
1348; 34
1349; 0
1350; 5
1351; 5
1352; 10
1353; 10
1354; 17
1355; 30
1356; 37
1357; 37
1358; 42
1359; 42
1360; 47
1361; 0
1362; 7
1363; 7
1364; 15
1365; 15
1366; 19
1367; 19
1368; 24
1369; 30
1370; 35
1371; 35
1372; 39
1373; 39
1374; 47
1375; 47
1376; 54
1377; 0
1378; 4
1379; 4
1380; 8
1381; 8
1382; 16
1383; 16
1384; 20
1385; 20
1386; 25
1387; 30
1388; 35
1389; 35
1390; 39
1391; 39
1392; 47
1393; 47
1394; 51
1395; 51
1396; 55
1397; 36
1398; 40
1399; 40
1400; 44
1401; 44
1402; 48
1403; 48
1404; 52
1405; 52
1406; 56
1407; 56
1408; 4
1409; 6
1410; 10
1411; 10
1412; 14
1413; 14
1414; 18
1415; 18
1416; 22
1417; 22
1418; 26
1419; 26
1420; 34
1421; 6
1422; 14
1423; 14
1424; 18
1425; 18
1426; 22
1427; 22
1428; 26
1429; 26
1430; 30
1431; 30
1432; 34
1433; 36
1434; 44
1435; 44
1436; 48
1437; 48
1438; 52
1439; 52
1440; 56
1441; 56
1442; 0
1443; 0
1444; 4
1445; 16
1446; 20
1447; 20
1448; 24
1449; 24
1450; 28
1451; 28
1452; 32
1453; 32
1454; 36
1455; 36
1456; 44
1457; 46
1458; 50
1459; 50
1460; 54
1461; 54
1462; 58
1463; 58
1464; 2
1465; 2
1466; 6
1467; 6
1468; 14
1469; 46
1470; 54
1471; 54
1472; 58
1473; 58
1474; 2
1475; 2
1476; 6
1477; 6
1478; 10
1479; 10
1480; 14
1481; 16
1482; 24
1483; 24
1484; 28
1485; 28
1486; 32
1487; 32
1488; 36
1489; 36
1490; 40
1491; 40
1492; 44
1493; 0
1494; 5
1495; 5
1496; 9
1497; 9
1498; 15
1499; 15
1500; 19
1501; 19
1502; 23
1503; 23
1504; 27
1505; 27
1506; 33
1507; 0
1508; 6
1509; 6
1510; 10
1511; 10
1512; 14
1513; 14
1514; 18
1515; 18
1516; 24
1517; 24
1518; 28
1519; 28
1520; 33
1521; 13
1522; 19
1523; 19
1524; 23
1525; 23
1526; 27
1527; 27
1528; 35
1529; 35
1530; 39
1531; 39
1532; 44
1533; 43
1534; 49
1535; 49
1536; 53
1537; 53
1538; 57
1539; 57
1540; 5
1541; 5
1542; 9
1543; 9
1544; 14
1545; 13
1546; 18
1547; 18
1548; 22
1549; 22
1550; 30
1551; 30
1552; 34
1553; 34
1554; 38
1555; 38
1556; 44
1557; 43
1558; 48
1559; 48
1560; 52
1561; 52
1562; 0
1563; 0
1564; 4
1565; 4
1566; 8
1567; 8
1568; 14
1569; 0
1570; 5
1571; 5
1572; 10
1573; 10
1574; 16
1575; 16
1576; 22
1577; 30
1578; 36
1579; 36
1580; 42
1581; 42
1582; 47
1583; 47
1584; 52
1585; 0
1586; 4
1587; 4
1588; 9
1589; 9
1590; 16
1591; 30
1592; 37
1593; 37
1594; 42
1595; 42
1596; 46
1597; 0
1598; 6
1599; 6
1600; 11
1601; 11
1602; 19
1603; 19
1604; 23
1605; 23
1606; 28
1607; 28
1608; 33
1609; 0
1610; 5
1611; 5
1612; 10
1613; 10
1614; 14
1615; 14
1616; 22
1617; 22
1618; 27
1619; 27
1620; 33
1621; 0
1622; 8
1623; 8
1624; 12
1625; 12
1626; 17
1627; 17
1628; 22
1629; 22
1630; 28
1631; 30
1632; 36
1633; 36
1634; 41
1635; 41
1636; 46
1637; 46
1638; 50
1639; 50
1640; 58
