#origin-stop-id;destination-stop-id;perceived-travel-time;passengers
1;2;5;0
1;3;24;0
1;4;15;0
1;5;38;0
1;6;39;0
1;7;2;0
1;8;1;0
1;9;13;0
1;10;32;0
1;11;31;0
1;12;18;0
1;13;36;0
1;14;60;0
1;15;27;0
1;16;28;0
1;17;33;0
1;18;30;0
1;19;13;0
1;20;9;0
1;21;25;0
1;22;7;0
1;23;24;0
1;24;35;0
1;25;5;0
1;26;17;0
1;27;32;0
1;28;46;0
1;29;19;0
1;30;44;0
1;31;44;0
1;32;10;0
1;33;31;0
1;34;11;0
1;36;28;0
1;40;28;0
1;50;21;0
1;53;15;0
1;68;19;0
1;69;6;0
1;70;33;0
1;283;41;0
1;300;2;0
1;301;21;0
1;302;18;0
1;303;14;0
1;305;54;0
1;307;16;0
1;308;67;0
1;339;47;0
1;346;12;0
1;375;42;0
2;1;5;0
2;3;10;0
2;4;27;0
2;5;39;0
2;6;36;0
2;7;14;0
2;8;4;0
2;9;6;0
2;10;27;0
2;11;26;0
2;12;29;0
2;13;39;0
2;14;55;0
2;15;24;0
2;16;24;0
2;17;22;0
2;18;26;0
2;19;8;0
2;20;22;0
2;21;38;0
2;22;20;0
2;23;23;0
2;24;37;0
2;25;18;0
2;26;12;0
2;27;41;0
2;28;41;0
2;29;21;0
2;30;39;0
2;31;47;0
2;32;19;0
2;33;39;0
2;34;6;0
2;36;41;0
2;40;23;0
2;50;31;0
2;53;28;0
2;68;14;0
2;69;15;0
2;70;40;0
2;283;30;0
2;300;15;0
2;301;34;0
2;302;31;0
2;303;27;0
2;305;43;0
2;307;29;0
2;308;62;0
2;339;50;0
2;346;25;0
2;375;37;0
3;1;23;0
3;2;10;0
3;4;8;0
3;5;24;0
3;6;17;3.8
3;7;27;0
3;8;20;10.24
3;9;16;0
3;10;25;0.13
3;11;42;0
3;12;21;0.08
3;13;23;0
3;14;52;0.02
3;15;6;0
3;16;6;0
3;17;4;0
3;18;8;0
3;19;23;0
3;20;26;0.34
3;21;39;0
3;22;36;0.07
3;23;17;0
3;24;28;0
3;25;34;0
3;26;20;0
3;27;25;0.22
3;28;40;0.1
3;29;11;0
3;30;38;0
3;31;31;0
3;32;11;0.11
3;33;22;0.02
3;34;24;0
3;36;42;2.2
3;40;39;0.72
3;50;44;0.07
3;53;46;0.06
3;68;30;0.34
3;69;35;0.32
3;70;54;0.02
3;283;12;0
3;300;31;0
3;301;50;0
3;302;47;0
3;303;43;0
3;305;25;0
3;307;45;0
3;308;59;0.03
3;339;34;0
3;346;41;0.09
3;375;53;0.22
4;1;15;0
4;2;26;0
4;3;8;0
4;5;33;0
4;6;31;0
4;7;26;0
4;8;14;0
4;9;16;0
4;10;9;0
4;11;42;0
4;12;25;0
4;13;31;0
4;14;37;0
4;15;14;0
4;16;22;0
4;17;20;0
4;18;25;0
4;19;26;0
4;20;30;0
4;21;43;0
4;22;30;0
4;23;13;0
4;24;11;0
4;25;28;0
4;26;25;0
4;27;9;0
4;28;24;0
4;29;15;0
4;30;22;0
4;31;39;0
4;32;7;0
4;33;6;0
4;34;24;0
4;36;46;0
4;40;39;0
4;50;42;0
4;53;39;0
4;68;30;0
4;69;26;0
4;70;54;0
4;283;28;0
4;300;25;0
4;301;44;0
4;302;41;0
4;303;37;0
4;305;41;0
4;307;39;0
4;308;44;0
4;339;42;0
4;346;35;0
4;375;49;0
5;1;37;0
5;2;39;0
5;3;24;0
5;4;31;0
5;6;2;0
5;7;25;0
5;8;28;1.42
5;9;35;0
5;10;39;0.03
5;11;55;0
5;12;12;5.09
5;13;16;14.49
5;14;35;0.01
5;15;22;1.83
5;16;21;0
5;17;20;0
5;18;22;0
5;19;42;0
5;20;17;5.29
5;21;30;0
5;22;30;0.09
5;23;42;0
5;24;41;0
5;25;25;0
5;26;46;0
5;27;14;0
5;28;31;0.04
5;29;10;2.1
5;30;43;0
5;31;8;21.71
5;32;28;0
5;33;29;0
5;34;38;0
5;36;33;45.56
5;40;50;0.72
5;50;34;0.16
5;53;37;0.1
5;68;41;0.08
5;69;40;0.08
5;70;45;0.16
5;283;3;0
5;300;28;0
5;301;41;0
5;302;38;0
5;303;34;0
5;305;25;0
5;307;36;0
5;308;42;0.01
5;339;5;0
5;346;32;0.35
5;375;71;0.09
6;1;37;0
6;2;36;0
6;3;17;4.24
6;4;29;0
6;5;2;0
6;7;27;0
6;8;37;26.32
6;9;42;0
6;10;37;0.3
6;11;62;0
6;12;22;0
6;13;27;0
6;14;33;0.13
6;15;12;0
6;16;11;0
6;17;18;0
6;18;21;0
6;19;49;0
6;20;27;0
6;21;40;0
6;22;40;0.19
6;23;42;0
6;24;39;0
6;25;36;0
6;26;45;0
6;27;12;26.63
6;28;29;0.41
6;29;20;0
6;30;41;0
6;31;21;0
6;32;28;3.21
6;33;27;2.04
6;34;47;0
6;36;43;0
6;40;61;4.05
6;50;46;0.14
6;53;48;0.11
6;68;52;0.9
6;69;34;0.44
6;70;53;0.05
6;283;1;0
6;300;40;0
6;301;51;0
6;302;48;0
6;303;44;0
6;305;23;0
6;307;46;0
6;308;40;0.11
6;339;18;0
6;346;42;0.14
6;375;72;0.88
7;1;2;0
7;2;14;0
7;3;26;0
7;4;25;0
7;5;25;0
7;6;27;0
7;8;3;0
7;9;6;0
7;10;27;0
7;11;32;0
7;12;7;0
7;13;24;0
7;14;56;0
7;15;15;0
7;16;16;0
7;17;32;0
7;18;18;0
7;19;7;0
7;20;19;0
7;21;33;0
7;22;17;0
7;23;23;0
7;24;37;0
7;25;12;0
7;26;11;0
7;27;39;0
7;28;42;0
7;29;7;0
7;30;40;0
7;31;32;0
7;32;17;0
7;33;36;0
7;34;8;0
7;36;36;0
7;40;25;0
7;50;22;0
7;53;13;0
7;68;16;0
7;69;7;0
7;70;26;0
7;283;37;0
7;300;4;0
7;301;31;0
7;302;28;0
7;303;24;0
7;305;53;0
7;307;26;0
7;308;63;0
7;339;35;0
7;346;22;0
7;375;43;0
8;1;1;0
8;2;4;0
8;3;20;10.48
8;4;14;0
8;5;28;2.55
8;6;37;25.19
8;7;3;0
8;9;4;0
8;10;23;22.99
8;11;22;0
8;12;18;21.21
8;13;27;14.51
8;14;51;7.1
8;15;18;3
8;16;19;0
8;17;32;0
8;18;21;0
8;19;4;0
8;20;10;34.88
8;21;26;0
8;22;8;10.46
8;23;19;0
8;24;33;0
8;25;6;0
8;26;8;0
8;27;32;28.27
8;28;37;26.5
8;29;10;16.15
8;30;35;0
8;31;35;5.06
8;32;9;31.81
8;33;28;5.83
8;34;2;0
8;36;29;170.3
8;40;19;0
8;50;19;15.7
8;53;16;12.31
8;68;10;0
8;69;10;36.54
8;70;36;0.02
8;283;40;0
8;300;3;0
8;301;22;0
8;302;19;0
8;303;15;0
8;305;53;0
8;307;17;0
8;308;58;8.99
8;339;38;0
8;346;13;10.46
8;375;33;0
9;1;13;0
9;2;6;0
9;3;16;0
9;4;16;0
9;5;35;0
9;6;42;0
9;7;6;0
9;8;4;0
9;10;33;0
9;11;18;0
9;12;15;0
9;13;39;0
9;14;51;0
9;15;30;0
9;16;30;0
9;17;26;0
9;18;32;0
9;19;7;0
9;20;22;0
9;21;38;0
9;22;20;0
9;23;23;0
9;24;35;0
9;25;18;0
9;26;19;0
9;27;25;0
9;28;47;0
9;29;21;0
9;30;45;0
9;31;47;0
9;32;11;0
9;33;30;0
9;34;2;0
9;36;41;0
9;40;15;0
9;50;26;0
9;53;23;0
9;68;6;0
9;69;13;0
9;70;32;0
9;283;34;0
9;300;7;0
9;301;34;0
9;302;31;0
9;303;27;0
9;305;47;0
9;307;29;0
9;308;58;0
9;339;50;0
9;346;25;0
9;375;29;0
10;1;32;0
10;2;28;0
10;3;25;0.13
10;4;9;0
10;5;40;0.06
10;6;38;0.27
10;7;26;0
10;8;23;22.99
10;9;33;0
10;11;50;0
10;12;41;0.26
10;13;51;0.14
10;14;19;2.1
10;15;31;0.03
10;16;39;0
10;17;37;0
10;18;44;0
10;19;19;0
10;20;42;0.48
10;21;58;0
10;22;40;0.13
10;23;4;0
10;24;2;0
10;25;38;0
10;26;7;0
10;27;16;0.32
10;28;6;7.56
10;29;34;0.18
10;30;4;0
10;31;59;0.04
10;32;16;0.55
10;33;12;0.07
10;34;33;0
10;36;61;3.08
10;40;38;1.04
10;50;52;0.13
10;53;47;0.11
10;68;46;1.45
10;69;35;0.48
10;70;60;0.04
10;283;37;0
10;300;35;0
10;301;54;0
10;302;51;0
10;303;47;0
10;305;58;0
10;307;49;0
10;308;26;2.56
10;339;57;0
10;346;45;0.13
10;375;31;0.57
11;1;31;0
11;2;26;0
11;3;43;0
11;4;42;0
11;5;55;0
11;6;61;0
11;7;32;0
11;8;22;0
11;9;18;0
11;10;49;0
11;12;39;0
11;13;57;0
11;14;48;0
11;15;48;0
11;16;49;0
11;17;53;0
11;18;51;0
11;19;34;0
11;20;38;0
11;21;17;0
11;22;37;0
11;23;46;0
11;24;47;0
11;25;42;0
11;26;38;0
11;27;51;0
11;28;35;0
11;29;40;0
11;30;45;0
11;31;65;0
11;32;38;0
11;33;56;0
11;34;20;0
11;36;20;0
11;40;3;0
11;50;34;0
11;53;34;0
11;68;10;0
11;69;19;0
11;70;10;0
11;283;61;0
11;300;31;0
11;301;33;0
11;302;36;0
11;303;40;0
11;305;74;0
11;307;38;0
11;308;33;0
11;339;68;0
11;346;42;0
11;375;11;0
12;1;17;0
12;2;30;0
12;3;21;0.04
12;4;25;0
12;5;12;5.09
12;6;22;0
12;7;7;0
12;8;18;21.21
12;9;15;0
12;10;42;0.26
12;11;39;0
12;13;27;1.95
12;14;55;0.05
12;15;18;0.56
12;16;19;0
12;17;34;0
12;18;21;0
12;19;23;0
12;20;5;6
12;21;18;0
12;22;15;0.59
12;23;35;0
12;24;44;0
12;25;5;0
12;26;27;0
12;27;34;0.79
12;28;51;0.21
12;29;2;3.2
12;30;56;0
12;31;28;0.84
12;32;20;0.38
12;33;31;0.1
12;34;22;0
12;36;21;28.16
12;40;30;1.16
12;50;22;0.92
12;53;25;0.66
12;68;21;0.77
12;69;22;1.2
12;70;33;0.31
12;283;23;0
12;300;8;0
12;301;29;0
12;302;26;0
12;303;22;0
12;305;48;0
12;307;24;0
12;308;62;0.04
12;339;25;0
12;346;20;0.6
12;375;51;0.27
13;1;34;0
13;2;39;0
13;3;22;0
13;4;34;0
13;5;16;14.49
13;6;28;0
13;7;24;0
13;8;27;14.51
13;9;38;0
13;10;52;0.14
13;11;58;0
13;12;27;1.95
13;14;61;0.03
13;15;9;5.29
13;16;8;0
13;17;27;0
13;18;6;0
13;19;39;0
13;20;21;1.32
13;21;42;0
13;22;22;0.18
13;23;47;0
13;24;55;0
13;25;32;0
13;26;43;0
13;27;40;1.13
13;28;57;0.12
13;29;17;1.67
13;30;67;0
13;31;8;9.95
13;32;33;0.55
13;33;46;0.12
13;34;37;0
13;36;45;6.35
13;40;55;1.7
13;50;38;0.18
13;53;31;0.11
13;68;46;0.57
13;69;39;0.42
13;70;51;0.04
13;283;29;0
13;300;35;0
13;301;41;0
13;302;38;0
13;303;34;0
13;305;48;0
13;307;36;0
13;308;68;0.03
13;339;11;0
13;346;32;0.21
13;375;69;0.3
14;1;60;0
14;2;55;0
14;3;52;0.02
14;4;36;0
14;5;35;0.03
14;6;33;0.11
14;7;54;0
14;8;51;7.1
14;9;53;0
14;10;18;2.1
14;11;46;0
14;12;55;0.05
14;13;62;0.03
14;15;54;0.01
14;16;53;0
14;17;48;0
14;18;63;0
14;19;47;0
14;20;60;0.17
14;21;63;0
14;22;56;0.03
14;23;31;0
14;24;16;0
14;25;65;0
14;26;34;0
14;27;21;0.14
14;28;4;6.55
14;29;53;0.03
14;30;14;0
14;31;54;0.01
14;32;43;0.06
14;33;26;0.01
14;34;61;0
14;36;66;2.32
14;40;28;0.55
14;50;64;0.02
14;53;61;0.02
14;68;37;0.33
14;69;46;0.11
14;70;56;0.02
14;283;32;0
14;300;60;0
14;301;79;0
14;302;76;0
14;303;72;0
14;305;53;0
14;307;74;0
14;308;7;4.42
14;339;51;0
14;346;70;0.05
14;375;39;0.44
15;1;25;0
15;2;25;0
15;3;6;0
15;4;14;0
15;5;22;2.27
15;6;12;0
15;7;15;0
15;8;18;3.24
15;9;29;0
15;10;32;0.03
15;11;49;0
15;12;18;0.52
15;13;9;5.29
15;14;54;0.01
15;16;1;0
15;17;10;0
15;18;3;0
15;19;30;0
15;20;23;0.14
15;21;36;0
15;22;34;0.03
15;23;31;0
15;24;34;0
15;25;31;0
15;26;34;0
15;27;31;0.51
15;28;48;0.03
15;29;8;0.97
15;30;46;0
15;31;17;1.62
15;32;25;0.17
15;33;30;0.03
15;34;28;0
15;36;39;1.2
15;40;40;0.38
15;50;39;0.02
15;53;36;0.02
15;68;31;0.17
15;69;22;0.07
15;70;41;0.01
15;283;18;0
15;300;27;0
15;301;47;0
15;302;44;0
15;303;40;0
15;305;31;0
15;307;42;0
15;308;61;0.01
15;339;20;0
15;346;38;0.03
15;375;60;0.13
16;1;26;0
16;2;25;0
16;3;6;0
16;4;22;0
16;5;21;0
16;6;11;0
16;7;16;0
16;8;19;0
16;9;30;0
16;10;39;0
16;11;50;0
16;12;19;0
16;13;8;0
16;14;53;0
16;15;1;0
16;17;18;0
16;18;2;0
16;19;31;0
16;20;24;0
16;21;37;0
16;22;35;0
16;23;31;0
16;24;43;0
16;25;32;0
16;26;34;0
16;27;32;0
16;28;49;0
16;29;9;0
16;30;52;0
16;31;16;0
16;32;17;0
16;33;36;0
16;34;29;0
16;36;40;0
16;40;47;0
16;50;40;0
16;53;37;0
16;68;38;0
16;69;23;0
16;70;42;0
16;283;21;0
16;300;28;0
16;301;48;0
16;302;45;0
16;303;41;0
16;305;39;0
16;307;43;0
16;308;60;0
16;339;19;0
16;346;39;0
16;375;61;0
17;1;34;0
17;2;22;0
17;3;4;0
17;4;20;0
17;5;20;0
17;6;18;0
17;7;32;0
17;8;32;0
17;9;26;0
17;10;37;0
17;11;54;0
17;12;33;0
17;13;27;0
17;14;48;0
17;15;10;0
17;16;18;0
17;18;21;0
17;19;35;0
17;20;38;0
17;21;51;0
17;22;49;0
17;23;29;0
17;24;40;0
17;25;47;0
17;26;32;0
17;27;27;0
17;28;44;0
17;29;23;0
17;30;50;0
17;31;35;0
17;32;15;0
17;33;34;0
17;34;36;0
17;36;54;0
17;40;49;0
17;50;56;0
17;53;54;0
17;68;40;0
17;69;39;0
17;70;58;0
17;283;8;0
17;300;42;0
17;301;62;0
17;302;59;0
17;303;55;0
17;305;21;0
17;307;57;0
17;308;55;0
17;339;37;0
17;346;53;0
17;375;65;0
18;1;28;0
18;2;27;0
18;3;8;0
18;4;25;0
18;5;22;0
18;6;21;0
18;7;18;0
18;8;21;0
18;9;32;0
18;10;43;0
18;11;52;0
18;12;21;0
18;13;6;0
18;14;65;0
18;15;3;0
18;16;2;0
18;17;20;0
18;19;33;0
18;20;26;0
18;21;39;0
18;22;36;0
18;23;41;0
18;24;45;0
18;25;34;0
18;26;37;0
18;27;42;0
18;28;59;0
18;29;11;0
18;30;57;0
18;31;14;0
18;32;27;0
18;33;40;0
18;34;31;0
18;36;42;0
18;40;49;0
18;50;44;0
18;53;39;0
18;68;40;0
18;69;33;0
18;70;52;0
18;283;28;0
18;300;30;0
18;301;50;0
18;302;47;0
18;303;43;0
18;305;41;0
18;307;45;0
18;308;72;0
18;339;17;0
18;346;41;0
18;375;63;0
19;1;13;0
19;2;8;0
19;3;23;0
19;4;26;0
19;5;43;0
19;6;49;0
19;7;7;0
19;8;4;0
19;9;7;0
19;10;19;0
19;11;33;0
19;12;22;0
19;13;39;0
19;14;47;0
19;15;30;0
19;16;31;0
19;17;35;0
19;18;33;0
19;20;22;0
19;21;38;0
19;22;20;0
19;23;7;0
19;24;29;0
19;25;18;0
19;26;4;0
19;27;40;0
19;28;33;0
19;29;22;0
19;30;31;0
19;31;47;0
19;32;13;0
19;33;31;0
19;34;14;0
19;36;41;0
19;40;30;0
19;50;33;0
19;53;28;0
19;68;21;0
19;69;22;0
19;70;41;0
19;283;43;0
19;300;15;0
19;301;34;0
19;302;31;0
19;303;27;0
19;305;56;0
19;307;29;0
19;308;54;0
19;339;50;0
19;346;25;0
19;375;36;0
20;1;9;0
20;2;22;0
20;3;26;0.34
20;4;30;0
20;5;17;4.85
20;6;27;0.44
20;7;19;0
20;8;10;34.88
20;9;22;0
20;10;41;0.48
20;11;38;0
20;12;5;6
20;13;21;1.32
20;14;60;0.17
20;15;23;0.14
20;16;24;0
20;17;39;0
20;18;26;0
20;19;22;0
20;21;13;0
20;22;2;5.45
20;23;37;0
20;24;49;0
20;25;4;0
20;26;26;0
20;27;39;0.55
20;28;55;0.54
20;29;7;1.46
20;30;53;0
20;31;33;0.53
20;32;25;0.51
20;33;36;0.09
20;34;20;0
20;36;16;76.98
20;40;37;8.46
20;50;9;9.33
20;53;12;2.98
20;68;28;1.47
20;69;18;3.56
20;70;22;0.91
20;283;28;0
20;300;7;0
20;301;12;0
20;302;9;0
20;303;5;0
20;305;53;0
20;307;7;0
20;308;67;0.16
20;339;30;0
20;346;3;8.41
20;375;56;0.61
21;1;25;0
21;2;38;0
21;3;39;0
21;4;43;0
21;5;30;0
21;6;40;0
21;7;33;0
21;8;26;0
21;9;38;0
21;10;57;0
21;11;17;0
21;12;18;0
21;13;42;0
21;14;65;0
21;15;36;0
21;16;37;0
21;17;52;0
21;18;39;0
21;19;38;0
21;20;13;0
21;22;18;0
21;23;53;0
21;24;62;0
21;25;20;0
21;26;42;0
21;27;52;0
21;28;52;0
21;29;20;0
21;30;62;0
21;31;46;0
21;32;38;0
21;33;49;0
21;34;36;0
21;36;3;0
21;40;20;0
21;50;30;0
21;53;33;0
21;68;35;0
21;69;34;0
21;70;7;0
21;283;41;0
21;300;23;0
21;301;4;0
21;302;7;0
21;303;11;0
21;305;66;0
21;307;9;0
21;308;58;0
21;339;43;0
21;346;13;0
21;375;36;0
22;1;7;0
22;2;20;0
22;3;36;0.07
22;4;30;0
22;5;36;0.19
22;6;46;0.09
22;7;17;0
22;8;8;10.46
22;9;20;0
22;10;39;0.13
22;11;37;0
22;12;15;0.59
22;13;22;0.18
22;14;56;0.03
22;15;34;0.02
22;16;35;0
22;17;48;0
22;18;36;0
22;19;20;0
22;20;2;5.45
22;21;18;0
22;23;35;0
22;24;49;0
22;25;2;0
22;26;24;0
22;27;47;0.13
22;28;52;0.13
22;29;26;0.13
22;30;51;0
22;31;39;0.05
22;32;25;0.11
22;33;44;0.02
22;34;18;0
22;36;21;12.5
22;40;28;0.9
22;50;19;0.41
22;53;9;0.44
22;68;19;0.52
22;69;10;1
22;70;32;0.08
22;283;47;0
22;300;5;0
22;301;14;0
22;302;11;0
22;303;7;0
22;305;69;0
22;307;9;0
22;308;70;0.05
22;339;42;0
22;346;5;0.77
22;375;48;0.21
23;1;24;0
23;2;23;0
23;3;17;0
23;4;13;0
23;5;44;0
23;6;44;0
23;7;22;0
23;8;19;0
23;9;23;0
23;10;4;0
23;11;46;0
23;12;37;0
23;13;50;0
23;14;32;0
23;15;32;0
23;16;33;0
23;17;29;0
23;18;43;0
23;19;7;0
23;20;38;0
23;21;54;0
23;22;36;0
23;24;14;0
23;25;34;0
23;26;3;0
23;27;28;0
23;28;18;0
23;29;25;0
23;30;16;0
23;31;58;0
23;32;6;0
23;33;16;0
23;34;27;0
23;36;57;0
23;40;48;0
23;50;48;0
23;53;43;0
23;68;39;0
23;69;34;0
23;70;56;0
23;283;37;0
23;300;31;0
23;301;50;0
23;302;47;0
23;303;43;0
23;305;50;0
23;307;45;0
23;308;39;0
23;339;59;0
23;346;41;0
23;375;27;0
24;1;34;0
24;2;38;0
24;3;27;0
24;4;11;0
24;5;42;0
24;6;40;0
24;7;38;0
24;8;34;0
24;9;35;0
24;10;2;0
24;11;48;0
24;12;47;0
24;13;53;0
24;14;17;0
24;15;33;0
24;16;41;0
24;17;39;0
24;18;46;0
24;19;30;0
24;20;51;0
24;21;65;0
24;22;49;0
24;23;14;0
24;25;47;0
24;26;17;0
24;27;18;0
24;28;4;0
24;29;37;0
24;30;2;0
24;31;61;0
24;32;18;0
24;33;18;0
24;34;41;0
24;36;68;0
24;40;36;0
24;50;63;0
24;53;58;0
24;68;45;0
24;69;46;0
24;70;58;0
24;283;39;0
24;300;44;0
24;301;63;0
24;302;60;0
24;303;56;0
24;305;60;0
24;307;58;0
24;308;24;0
24;339;59;0
24;346;54;0
24;375;41;0
25;1;5;0
25;2;18;0
25;3;34;0
25;4;28;0
25;5;25;0
25;6;38;0
25;7;12;0
25;8;6;0
25;9;18;0
25;10;37;0
25;11;41;0
25;12;5;0
25;13;32;0
25;14;65;0
25;15;32;0
25;16;33;0
25;17;46;0
25;18;35;0
25;19;18;0
25;20;4;0
25;21;20;0
25;22;2;0
25;23;33;0
25;24;47;0
25;26;22;0
25;27;45;0
25;28;51;0
25;29;15;0
25;30;49;0
25;31;42;0
25;32;23;0
25;33;42;0
25;34;16;0
25;36;23;0
25;40;33;0
25;50;21;0
25;53;19;0
25;68;24;0
25;69;19;0
25;70;34;0
25;283;39;0
25;300;3;0
25;301;16;0
25;302;13;0
25;303;9;0
25;305;63;0
25;307;11;0
25;308;72;0
25;339;39;0
25;346;7;0
25;375;52;0
26;1;17;0
26;2;12;0
26;3;20;0
26;4;24;0
26;5;47;0
26;6;47;0
26;7;11;0
26;8;8;0
26;9;20;0
26;10;7;0
26;11;39;0
26;12;26;0
26;13;43;0
26;14;35;0
26;15;34;0
26;16;35;0
26;17;32;0
26;18;37;0
26;19;4;0
26;20;26;0
26;21;42;0
26;22;24;0
26;23;3;0
26;24;17;0
26;25;22;0
26;27;31;0
26;28;21;0
26;29;26;0
26;30;19;0
26;31;51;0
26;32;9;0
26;33;19;0
26;34;18;0
26;36;45;0
26;40;36;0
26;50;37;0
26;53;32;0
26;68;27;0
26;69;26;0
26;70;45;0
26;283;40;0
26;300;19;0
26;301;38;0
26;302;35;0
26;303;31;0
26;305;53;0
26;307;33;0
26;308;42;0
26;339;54;0
26;346;29;0
26;375;24;0
27;1;34;0
27;2;39;0
27;3;26;0.39
27;4;9;0
27;5;14;0
27;6;12;26.63
27;7;39;0
27;8;31;28.27
27;9;25;0
27;10;16;0.32
27;11;51;0
27;12;34;0.79
27;13;41;1.13
27;14;21;0.14
27;15;33;0.35
27;16;32;0
27;17;27;0
27;18;42;0
27;19;41;0
27;20;39;0.55
27;21;52;0
27;22;47;0.13
27;23;28;0
27;24;18;0
27;25;45;0
27;26;31;0
27;28;17;0.45
27;29;27;0.39
27;30;20;0
27;31;33;1.74
27;32;24;6.04
27;33;6;6.57
27;34;35;0
27;36;55;6.11
27;40;48;3.58
27;50;58;0.22
27;53;56;0.18
27;68;39;1.16
27;69;44;0.55
27;70;65;0.04
27;283;11;0
27;300;42;0
27;301;61;0
27;302;58;0
27;303;54;0
27;305;32;0
27;307;56;0
27;308;28;0.07
27;339;30;0
27;346;52;0.11
27;375;55;0.84
28;1;47;0
28;2;42;0
28;3;40;0.1
28;4;24;0
28;5;31;0.08
28;6;29;0.36
28;7;42;0
28;8;38;26.5
28;9;47;0
28;10;6;7.56
28;11;35;0
28;12;51;0.21
28;13;58;0.12
28;14;4;6.55
28;15;46;0.03
28;16;49;0
28;17;44;0
28;18;59;0
28;19;34;0
28;20;56;0.54
28;21;52;0
28;22;52;0.13
28;23;18;0
28;24;4;0
28;25;52;0
28;26;21;0
28;27;17;0.45
28;29;43;0.14
28;30;2;0
28;31;50;0.05
28;32;31;0.32
28;33;14;0.06
28;34;48;0
28;36;55;5.5
28;40;24;1.66
28;50;60;0.1
28;53;57;0.09
28;68;33;1.78
28;69;42;0.44
28;70;45;0.06
28;283;28;0
28;300;49;0
28;301;68;0
28;302;65;0
28;303;61;0
28;305;49;0
28;307;63;0
28;308;11;8.68
28;339;47;0
28;346;59;0.15
28;375;43;1.14
29;1;17;0
29;2;21;0
29;3;11;0
29;4;15;0
29;5;10;2.1
29;6;20;0
29;7;7;0
29;8;10;16.15
29;9;21;0
29;10;32;0.18
29;11;41;0
29;12;2;3.2
29;13;17;1.67
29;14;53;0.03
29;15;8;0.97
29;16;9;0
29;17;23;0
29;18;11;0
29;19;22;0
29;20;7;1.46
29;21;20;0
29;22;20;0.13
29;23;24;0
29;24;34;0
29;25;15;0
29;26;26;0
29;27;27;0.39
29;28;45;0.14
29;30;46;0
29;31;25;0.55
29;32;10;0.3
29;33;21;0.04
29;34;20;0
29;36;23;8.48
29;40;38;0.84
29;50;24;0.16
29;53;27;0.13
29;68;29;0.73
29;69;22;0.65
29;70;35;0.09
29;283;21;0
29;300;18;0
29;301;31;0
29;302;28;0
29;303;24;0
29;305;44;0
29;307;26;0
29;308;60;0.03
29;339;23;0
29;346;22;0.18
29;375;52;0.26
30;1;45;0
30;2;40;0
30;3;38;0
30;4;22;0
30;5;41;0
30;6;39;0
30;7;40;0
30;8;36;0
30;9;45;0
30;10;4;0
30;11;46;0
30;12;55;0
30;13;65;0
30;14;15;0
30;15;44;0
30;16;53;0
30;17;51;0
30;18;58;0
30;19;32;0
30;20;54;0
30;21;63;0
30;22;52;0
30;23;16;0
30;24;2;0
30;25;50;0
30;26;19;0
30;27;20;0
30;28;2;0
30;29;45;0
30;31;60;0
30;32;29;0
30;33;16;0
30;34;46;0
30;36;66;0
30;40;34;0
30;50;65;0
30;53;61;0
30;68;43;0
30;69;48;0
30;70;56;0
30;283;38;0
30;300;47;0
30;301;66;0
30;302;63;0
30;303;59;0
30;305;59;0
30;307;61;0
30;308;22;0
30;339;57;0
30;346;57;0
30;375;43;0
31;1;42;0
31;2;47;0
31;3;30;0.05
31;4;42;0
31;5;8;21.71
31;6;20;0
31;7;32;0
31;8;35;5.06
31;9;46;0
31;10;57;0.04
31;11;66;0
31;12;28;0.84
31;13;8;9.95
31;14;53;0.01
31;15;17;1.57
31;16;16;0
31;17;35;0
31;18;14;0
31;19;47;0
31;20;33;0.53
31;21;46;0
31;22;40;0.05
31;23;55;0
31;24;59;0
31;25;43;0
31;26;51;0
31;27;32;1.74
31;28;49;0.05
31;29;25;0.55
31;30;61;0
31;32;41;0.2
31;33;48;0.1
31;34;45;0
31;36;49;5.04
31;40;63;0.43
31;50;50;0.05
31;53;49;0.04
31;68;54;0.16
31;69;47;0.11
31;70;61;0.02
31;283;21;0
31;300;44;0
31;301;57;0
31;302;54;0
31;303;50;0
31;305;44;0
31;307;52;0
31;308;60;0.01
31;339;3;0
31;346;48;0.06
31;375;77;0.14
32;1;10;0
32;2;19;0
32;3;11;0.12
32;4;7;0
32;5;28;0
32;6;28;3.21
32;7;17;0
32;8;9;31.81
32;9;11;0
32;10;16;0.55
32;11;38;0
32;12;20;0.38
32;13;34;0.55
32;14;44;0.06
32;15;25;0.16
32;16;17;0
32;17;15;0
32;18;27;0
32;19;13;0
32;20;25;0.51
32;21;38;0
32;22;25;0.11
32;23;6;0
32;24;18;0
32;25;23;0
32;26;9;0
32;27;24;6.04
32;28;31;0.32
32;29;10;0.3
32;30;29;0
32;31;42;0.2
32;33;22;0.85
32;34;13;0
32;36;41;3.15
32;40;34;1.45
32;50;36;0.17
32;53;33;0.14
32;68;25;1.48
32;69;19;0.79
32;70;43;0.05
32;283;23;0
32;300;20;0
32;301;39;0
32;302;36;0
32;303;32;0
32;305;36;0
32;307;34;0
32;308;51;0.05
32;339;44;0
32;346;30;0.13
32;375;42;0.6
33;1;32;0
33;2;40;0
33;3;23;0.02
33;4;6;0
33;5;28;0
33;6;26;2.04
33;7;36;0
33;8;28;5.83
33;9;31;0
33;10;12;0.07
33;11;58;0
33;12;31;0.1
33;13;46;0.12
33;14;26;0.01
33;15;30;0.03
33;16;38;0
33;17;37;0
33;18;40;0
33;19;31;0
33;20;36;0.09
33;21;49;0
33;22;44;0.02
33;23;16;0
33;24;18;0
33;25;42;0
33;26;19;0
33;27;6;6.57
33;28;14;0.06
33;29;21;0.04
33;30;16;0
33;31;48;0.1
33;32;21;0.85
33;34;38;0
33;36;52;0.72
33;40;47;0.42
33;50;53;0.03
33;53;53;0.02
33;68;46;0.23
33;69;41;0.12
33;70;64;0.01
33;283;25;0
33;300;39;0
33;301;58;0
33;302;55;0
33;303;51;0
33;305;46;0
33;307;53;0
33;308;33;0.01
33;339;45;0
33;346;49;0.02
33;375;43;0.11
34;1;11;0
34;2;6;0
34;3;25;0
34;4;24;0
34;5;40;0
34;6;47;0
34;7;8;0
34;8;2;0
34;9;2;0
34;10;33;0
34;11;20;0
34;12;22;0
34;13;37;0
34;14;61;0
34;15;28;0
34;16;29;0
34;17;37;0
34;18;31;0
34;19;14;0
34;20;20;0
34;21;36;0
34;22;18;0
34;23;27;0
34;24;39;0
34;25;16;0
34;26;18;0
34;27;35;0
34;28;47;0
34;29;20;0
34;30;45;0
34;31;45;0
34;32;13;0
34;33;38;0
34;36;39;6.8
34;40;17;103.62
34;50;17;0
34;53;14;0
34;68;8;77.79
34;69;9;0
34;70;34;4.07
34;283;45;0
34;300;6;0
34;301;32;0
34;302;29;0
34;303;25;0
34;305;58;0
34;307;27;0
34;308;61;0
34;339;48;0
34;346;23;0
34;375;31;54.97
36;1;28;0
36;2;41;0
36;3;42;2.16
36;4;46;0
36;5;33;41.74
36;6;43;3.82
36;7;36;0
36;8;29;166.68
36;9;41;0
36;10;60;3.08
36;11;20;0
36;12;21;28.16
36;13;45;6.35
36;14;68;2.32
36;15;39;1.24
36;16;40;0
36;17;55;0
36;18;42;0
36;19;41;0
36;20;16;76.98
36;21;3;0
36;22;21;12.5
36;23;56;0
36;24;65;0
36;25;23;0
36;26;45;0
36;27;55;6.11
36;28;55;5.5
36;29;23;8.48
36;30;65;0
36;31;49;5.04
36;32;41;3.15
36;33;52;0.72
36;34;39;10.41
36;40;23;1257.91
36;50;33;12.27
36;53;36;5.12
36;68;38;13.26
36;69;37;9.58
36;70;10;69.02
36;283;44;0
36;300;26;0
36;301;7;0
36;302;10;0
36;303;14;0
36;305;69;0
36;307;12;0
36;308;61;2.45
36;339;46;0
36;346;16;30.84
36;375;39;28.96
40;1;28;0
40;2;23;0
40;3;40;0.75
40;4;39;0
40;5;50;0.74
40;6;60;4.03
40;7;25;0
40;8;19;0
40;9;15;0
40;10;38;1.04
40;11;3;0
40;12;30;1.16
40;13;54;1.7
40;14;28;0.55
40;15;40;0.34
40;16;46;0
40;17;50;0
40;18;48;0
40;19;30;0
40;20;37;8.46
40;21;20;0
40;22;28;0.9
40;23;47;0
40;24;36;0
40;25;33;0
40;26;35;0
40;27;48;3.58
40;28;24;1.66
40;29;37;0.84
40;30;34;0
40;31;62;0.43
40;32;35;1.45
40;33;46;0.42
40;34;17;103.62
40;36;23;1257.91
40;50;36;1.13
40;53;33;0.92
40;68;9;16.63
40;69;18;2.5
40;70;13;22.63
40;283;58;0
40;300;22;0
40;301;36;0
40;302;39;0
40;303;42;0
40;305;71;0
40;307;41;0
40;308;43;1.33
40;339;65;0
40;346;40;4.83
40;375;14;24.41
50;1;21;0
50;2;31;0
50;3;43;0.04
50;4;43;0
50;5;34;0.09
50;6;46;0.2
50;7;22;0
50;8;19;15.7
50;9;27;0
50;10;51;0.13
50;11;34;0
50;12;22;0.92
50;13;39;0.18
50;14;65;0.02
50;15;39;0.05
50;16;40;0
50;17;56;0
50;18;45;0
50;19;31;0
50;20;9;9.33
50;21;30;0
50;22;19;0.41
50;23;47;0
50;24;61;0
50;25;21;0
50;26;35;0
50;27;58;0.22
50;28;61;0.1
50;29;24;0.16
50;30;64;0
50;31;50;0.05
50;32;38;0.17
50;33;53;0.03
50;34;17;0
50;36;33;12.27
50;40;35;1.13
50;53;3;2.16
50;68;26;1.04
50;69;9;4.25
50;70;16;0.11
50;283;47;0
50;300;11;0
50;301;29;0
50;302;26;0
50;303;22;0
50;305;72;0
50;307;24;0
50;308;69;0.03
50;339;47;0
50;346;20;0.8
50;375;47;0.39
53;1;15;0
53;2;28;0
53;3;46;0.03
53;4;40;0
53;5;37;0.05
53;6;48;0.16
53;7;13;0
53;8;16;12.31
53;9;24;0
53;10;48;0.11
53;11;33;0
53;12;25;0.66
53;13;31;0.11
53;14;62;0.02
53;15;36;0.05
53;16;37;0
53;17;53;0
53;18;39;0
53;19;28;0
53;20;12;2.98
53;21;33;0
53;22;9;0.44
53;23;44;0
53;24;58;0
53;25;19;0
53;26;32;0
53;27;57;0.18
53;28;58;0.09
53;29;27;0.13
53;30;61;0
53;31;48;0.04
53;32;35;0.14
53;33;54;0.02
53;34;14;0
53;36;36;5.12
53;40;32;0.92
53;50;3;2.16
53;68;23;0.87
53;69;6;3.53
53;70;27;0.06
53;283;50;0
53;300;8;0
53;301;31;0
53;302;28;0
53;303;24;0
53;305;74;0
53;307;26;0
53;308;66;0.02
53;339;50;0
53;346;22;0.25
53;375;44;0.31
68;1;19;0
68;2;14;0
68;3;31;0.36
68;4;30;0
68;5;41;0.08
68;6;51;0.89
68;7;16;0
68;8;10;0
68;9;6;0
68;10;43;1.45
68;11;10;0
68;12;21;0.77
68;13;45;0.57
68;14;37;0.33
68;15;31;0.16
68;16;37;0
68;17;41;0
68;18;39;0
68;19;21;0
68;20;28;1.47
68;21;35;0
68;22;19;0.52
68;23;38;0
68;24;45;0
68;25;24;0
68;26;26;0
68;27;39;1.16
68;28;33;1.78
68;29;28;0.73
68;30;43;0
68;31;53;0.16
68;32;26;1.48
68;33;44;0.23
68;34;8;77.79
68;36;38;13.26
68;40;9;16.63
68;50;27;1.04
68;53;24;0.87
68;69;9;3.5
68;70;27;0.84
68;283;49;0
68;300;13;0
68;301;40;0
68;302;37;0
68;303;33;0
68;305;62;0
68;307;35;0
68;308;43;0.36
68;339;56;0
68;346;31;0.4
68;375;21;9.26
69;1;6;0
69;2;15;0
69;3;34;0.16
69;4;26;0
69;5;41;0
69;6;34;0.53
69;7;7;0
69;8;10;36.54
69;9;13;0
69;10;35;0.48
69;11;19;0
69;12;22;1.2
69;13;39;0.42
69;14;46;0.11
69;15;22;0.23
69;16;23;0
69;17;39;0
69;18;33;0
69;19;22;0
69;20;18;3.56
69;21;34;0
69;22;10;1
69;23;33;0
69;24;45;0
69;25;19;0
69;26;26;0
69;27;44;0.55
69;28;42;0.44
69;29;22;0.65
69;30;48;0
69;31;47;0.11
69;32;19;0.79
69;33;41;0.12
69;34;9;0
69;36;37;9.58
69;40;18;2.5
69;50;9;4.25
69;53;6;3.53
69;68;9;3.5
69;70;19;0.23
69;283;44;0
69;300;16;0
69;301;32;0
69;302;29;0
69;303;25;0
69;305;60;0
69;307;27;0
69;308;52;0.1
69;339;50;0
69;346;23;0.47
69;375;30;0.91
70;1;34;0
70;2;40;0
70;3;54;0.02
70;4;53;0
70;5;45;0.12
70;6;53;0.09
70;7;26;0
70;8;36;0
70;9;32;0
70;10;59;0.04
70;11;10;0
70;12;33;0.31
70;13;52;0.04
70;14;58;0.02
70;15;41;0.01
70;16;42;0
70;17;58;0
70;18;52;0
70;19;42;0
70;20;22;0.91
70;21;7;0
70;22;32;0.08
70;23;57;0
70;24;57;0
70;25;34;0
70;26;46;0
70;27;65;0.04
70;28;45;0.06
70;29;35;0.09
70;30;55;0
70;31;61;0.02
70;32;43;0.05
70;33;64;0.01
70;34;34;4.09
70;36;10;69.02
70;40;13;22.63
70;50;16;0.11
70;53;27;0.06
70;68;27;0.84
70;69;19;0.23
70;283;56;0
70;300;35;0
70;301;23;0
70;302;26;0
70;303;30;0
70;305;79;0
70;307;28;0
70;308;51;0.03
70;339;58;0
70;346;32;0.33
70;375;29;2.85
283;1;42;0
283;2;30;0
283;3;12;0
283;4;28;0
283;5;3;0
283;6;1;0
283;7;36;0
283;8;39;0
283;9;34;0
283;10;36;0
283;11;62;0
283;12;23;0
283;13;30;0
283;14;32;0
283;15;18;0
283;16;21;0
283;17;8;0
283;18;29;0
283;19;43;0
283;20;28;0
283;21;41;0
283;22;41;0
283;23;37;0
283;24;38;0
283;25;37;0
283;26;40;0
283;27;11;0
283;28;28;0
283;29;21;0
283;30;40;0
283;31;22;0
283;32;23;0
283;33;26;0
283;34;44;0
283;36;44;0
283;40;57;0
283;50;47;0
283;53;50;0
283;68;48;0
283;69;44;0
283;70;56;0
283;300;42;0
283;301;52;0
283;302;49;0
283;303;45;0
283;305;13;0
283;307;47;0
283;308;39;0
283;339;19;0
283;346;43;0
283;375;71;0
300;1;2;0
300;2;15;0
300;3;31;0
300;4;25;0
300;5;28;0
300;6;40;0
300;7;4;0
300;8;3;0
300;9;7;0
300;10;34;0
300;11;31;0
300;12;8;0
300;13;35;0
300;14;58;0
300;15;29;0
300;16;30;0
300;17;41;0
300;18;32;0
300;19;15;0
300;20;7;0
300;21;23;0
300;22;5;0
300;23;30;0
300;24;44;0
300;25;3;0
300;26;19;0
300;27;40;0
300;28;48;0
300;29;18;0
300;30;46;0
300;31;46;0
300;32;20;0
300;33;39;0
300;34;6;0
300;36;26;0
300;40;22;0
300;50;11;0
300;53;8;0
300;68;13;0
300;69;16;0
300;70;35;0
300;283;41;0
300;301;19;0
300;302;16;0
300;303;12;0
300;305;62;0
300;307;14;0
300;308;65;0
300;339;45;0
300;346;10;0
300;375;43;0
301;1;21;0
301;2;34;0
301;3;46;0
301;4;44;0
301;5;37;0
301;6;47;0
301;7;31;0
301;8;22;0
301;9;34;0
301;10;53;0
301;11;29;0
301;12;25;0
301;13;41;0
301;14;77;0
301;15;43;0
301;16;44;0
301;17;59;0
301;18;46;0
301;19;34;0
301;20;12;0
301;21;4;0
301;22;14;0
301;23;49;0
301;24;63;0
301;25;16;0
301;26;38;0
301;27;59;0
301;28;64;0
301;29;27;0
301;30;65;0
301;31;53;0
301;32;39;0
301;33;56;0
301;34;32;0
301;36;7;0
301;40;32;0
301;50;29;0
301;53;31;0
301;68;40;0
301;69;32;0
301;70;19;0
301;283;48;0
301;300;19;0
301;302;3;0
301;303;7;0
301;305;73;0
301;307;5;0
301;308;70;0
301;339;50;0
301;346;9;0
301;375;48;0
302;1;18;0
302;2;31;0
302;3;43;0
302;4;41;0
302;5;34;0
302;6;44;0
302;7;28;0
302;8;19;0
302;9;31;0
302;10;50;0
302;11;32;0
302;12;22;0
302;13;38;0
302;14;77;0
302;15;40;0
302;16;41;0
302;17;56;0
302;18;43;0
302;19;31;0
302;20;9;0
302;21;7;0
302;22;11;0
302;23;46;0
302;24;60;0
302;25;13;0
302;26;35;0
302;27;56;0
302;28;64;0
302;29;24;0
302;30;62;0
302;31;50;0
302;32;36;0
302;33;53;0
302;34;29;0
302;36;10;0
302;40;35;0
302;50;26;0
302;53;28;0
302;68;37;0
302;69;29;0
302;70;22;0
302;283;45;0
302;300;16;0
302;301;3;0
302;303;4;0
302;305;70;0
302;307;2;0
302;308;73;0
302;339;47;0
302;346;6;0
302;375;51;0
303;1;14;0
303;2;27;0
303;3;39;0
303;4;37;0
303;5;30;0
303;6;40;0
303;7;24;0
303;8;15;0
303;9;27;0
303;10;46;0
303;11;36;0
303;12;18;0
303;13;34;0
303;14;73;0
303;15;36;0
303;16;37;0
303;17;52;0
303;18;39;0
303;19;27;0
303;20;5;0
303;21;11;0
303;22;7;0
303;23;42;0
303;24;56;0
303;25;9;0
303;26;31;0
303;27;52;0
303;28;60;0
303;29;20;0
303;30;58;0
303;31;46;0
303;32;32;0
303;33;49;0
303;34;25;0
303;36;14;0
303;40;39;0
303;50;22;0
303;53;24;0
303;68;33;0
303;69;25;0
303;70;26;0
303;283;41;0
303;300;12;0
303;301;7;0
303;302;4;0
303;305;66;0
303;307;2;0
303;308;77;0
303;339;43;0
303;346;2;0
303;375;55;0
305;1;55;0
305;2;43;0
305;3;25;0
305;4;41;0
305;5;26;0
305;6;24;0
305;7;53;0
305;8;53;0
305;9;47;0
305;10;57;0
305;11;75;0
305;12;47;0
305;13;48;0
305;14;53;0
305;15;31;0
305;16;39;0
305;17;21;0
305;18;42;0
305;19;56;0
305;20;52;0
305;21;65;0
305;22;65;0
305;23;50;0
305;24;59;0
305;25;62;0
305;26;53;0
305;27;32;0
305;28;49;0
305;29;44;0
305;30;61;0
305;31;45;0
305;32;36;0
305;33;47;0
305;34;57;0
305;36;68;0
305;40;70;0
305;50;72;0
305;53;75;0
305;68;61;0
305;69;60;0
305;70;79;0
305;283;13;0
305;300;63;0
305;301;76;0
305;302;73;0
305;303;69;0
305;307;71;0
305;308;60;0
305;339;42;0
305;346;67;0
305;375;86;0
307;1;16;0
307;2;29;0
307;3;41;0
307;4;39;0
307;5;32;0
307;6;42;0
307;7;26;0
307;8;17;0
307;9;29;0
307;10;48;0
307;11;34;0
307;12;20;0
307;13;36;0
307;14;75;0
307;15;38;0
307;16;39;0
307;17;54;0
307;18;41;0
307;19;29;0
307;20;7;0
307;21;9;0
307;22;9;0
307;23;44;0
307;24;58;0
307;25;11;0
307;26;33;0
307;27;54;0
307;28;62;0
307;29;22;0
307;30;60;0
307;31;48;0
307;32;34;0
307;33;51;0
307;34;27;0
307;36;12;0
307;40;37;0
307;50;24;0
307;53;26;0
307;68;35;0
307;69;27;0
307;70;24;0
307;283;43;0
307;300;14;0
307;301;5;0
307;302;2;0
307;303;2;0
307;305;68;0
307;308;75;0
307;339;45;0
307;346;4;0
307;375;53;0
308;1;66;0
308;2;62;0
308;3;59;0.03
308;4;43;0
308;5;42;0.03
308;6;40;0.1
308;7;61;0
308;8;58;8.99
308;9;57;0
308;10;25;2.56
308;11;33;0
308;12;62;0.04
308;13;69;0.03
308;14;7;4.42
308;15;61;0.01
308;16;60;0
308;17;55;0
308;18;70;0
308;19;54;0
308;20;67;0.16
308;21;58;0
308;22;70;0.05
308;23;38;0
308;24;23;0
308;25;72;0
308;26;41;0
308;27;28;0.07
308;28;11;8.68
308;29;60;0.03
308;30;21;0
308;31;61;0.01
308;32;50;0.05
308;33;36;0.01
308;34;61;0
308;36;61;2.45
308;40;43;1.33
308;50;70;0.03
308;53;67;0.02
308;68;43;0.36
308;69;52;0.1
308;70;51;0.03
308;283;39;0
308;300;64;0
308;301;74;0
308;302;77;0
308;303;81;0
308;305;60;0
308;307;79;0
308;339;58;0
308;346;79;0.06
308;375;22;0.43
339;1;45;0
339;2;50;0
339;3;33;0
339;4;45;0
339;5;5;0
339;6;17;0
339;7;35;0
339;8;38;0
339;9;48;0
339;10;54;0
339;11;68;0
339;12;25;0
339;13;11;0
339;14;50;0
339;15;20;0
339;16;19;0
339;17;35;0
339;18;17;0
339;19;50;0
339;20;30;0
339;21;43;0
339;22;43;0
339;23;58;0
339;24;56;0
339;25;40;0
339;26;54;0
339;27;29;0
339;28;46;0
339;29;23;0
339;30;58;0
339;31;3;0
339;32;44;0
339;33;45;0
339;34;48;0
339;36;46;0
339;40;63;0
339;50;47;0
339;53;50;0
339;68;54;0
339;69;50;0
339;70;58;0
339;283;18;0
339;300;41;0
339;301;54;0
339;302;51;0
339;303;47;0
339;305;41;0
339;307;49;0
339;308;57;0
339;346;45;0
339;375;80;0
346;1;12;0
346;2;25;0
346;3;37;0.09
346;4;35;0
346;5;28;0.39
346;6;38;0.1
346;7;22;0
346;8;13;10.46
346;9;25;0
346;10;44;0.13
346;11;38;0
346;12;16;0.6
346;13;32;0.21
346;14;71;0.05
346;15;34;0.03
346;16;35;0
346;17;50;0
346;18;37;0
346;19;25;0
346;20;3;8.41
346;21;13;0
346;22;5;0.77
346;23;40;0
346;24;54;0
346;25;7;0
346;26;29;0
346;27;50;0.11
346;28;58;0.15
346;29;18;0.18
346;30;56;0
346;31;44;0.06
346;32;30;0.13
346;33;47;0.02
346;34;23;0
346;36;16;30.84
346;40;40;4.83
346;50;20;0.8
346;53;22;0.25
346;68;31;0.4
346;69;23;0.47
346;70;28;0.33
346;283;39;0
346;300;10;0
346;301;9;0
346;302;6;0
346;303;2;0
346;305;64;0
346;307;4;0
346;308;78;0.06
346;339;41;0
346;375;57;0.25
375;1;42;0
375;2;37;0
375;3;53;0.22
375;4;48;0
375;5;70;0.12
375;6;70;0.85
375;7;43;0
375;8;33;0
375;9;29;0
375;10;31;0.57
375;11;11;0
375;12;50;0.27
375;13;68;0.3
375;14;37;0.44
375;15;59;0.13
375;16;60;0
375;17;64;0
375;18;62;0
375;19;37;0
375;20;57;0.61
375;21;36;0
375;22;48;0.21
375;23;27;0
375;24;41;0
375;25;53;0
375;26;24;0
375;27;55;0.84
375;28;41;1.14
375;29;51;0.26
375;30;43;0
375;31;76;0.14
375;32;41;0.6
375;33;43;0.11
375;34;31;54.97
375;36;39;28.96
375;40;14;24.41
375;50;48;0.39
375;53;45;0.31
375;68;21;9.26
375;69;30;0.91
375;70;29;2.85
375;283;69;0
375;300;42;0
375;301;52;0
375;302;55;0
375;303;59;0
375;305;85;0
375;307;57;0
375;308;22;0.43
375;339;79;0
375;346;60;0.25
