# line-id; line-code; direction; stop-order; stop-id; frequency; arrival_time; departure_time; line-repetition
81; 81H; >; 1; 161; 1; 0; 0; 1
81; 81H; >; 2; 160; 1; 2; 2; 1
81; 81H; >; 3; 159; 1; 4; 4; 1
81; 81H; >; 4; 158; 1; 6; 6; 1
81; 81H; >; 5; 157; 1; 8; 8; 1
81; 81H; >; 6; 156; 1; 10; 10; 1
81; 81H; >; 7; 155; 1; 12; 12; 1
81; 81H; >; 8; 154; 1; 14; 14; 1
81; 81H; >; 9; 153; 1; 16; 16; 1
81; 81H; >; 10; 152; 1; 18; 18; 1
81; 81H; >; 11; 1; 1; 20; 20; 1
81; 81H; >; 12; 52; 1; 22; 22; 1
81; 81H; >; 13; 53; 1; 24; 24; 1
81; 81H; >; 14; 54; 1; 26; 26; 1
81; 81R; <; 1; 54; 1; 30; 30; 1
81; 81R; <; 2; 53; 1; 32; 32; 1
81; 81R; <; 3; 52; 1; 34; 34; 1
81; 81R; <; 4; 1; 1; 36; 36; 1
81; 81R; <; 5; 152; 1; 38; 38; 1
81; 81R; <; 6; 153; 1; 40; 40; 1
81; 81R; <; 7; 154; 1; 42; 42; 1
81; 81R; <; 8; 155; 1; 44; 44; 1
81; 81R; <; 9; 156; 1; 46; 46; 1
81; 81R; <; 10; 157; 1; 48; 48; 1
81; 81R; <; 11; 158; 1; 50; 50; 1
81; 81R; <; 12; 159; 1; 52; 52; 1
81; 81R; <; 13; 160; 1; 54; 54; 1
81; 81R; <; 14; 161; 1; 56; 56; 1
83; 83H; >; 1; 141; 1; 48; 48; 1
83; 83H; >; 2; 140; 1; 50; 50; 1
83; 83H; >; 3; 139; 1; 52; 52; 1
83; 83H; >; 4; 138; 1; 54; 54; 1
83; 83H; >; 5; 137; 1; 56; 56; 1
83; 83H; >; 6; 136; 1; 58; 58; 1
83; 83H; >; 7; 135; 1; 0; 0; 1
83; 83H; >; 8; 134; 1; 2; 2; 1
83; 83H; >; 9; 133; 1; 4; 4; 1
83; 83H; >; 10; 132; 1; 6; 6; 1
83; 83H; >; 11; 1; 1; 8; 8; 1
83; 83H; >; 12; 32; 1; 10; 10; 1
83; 83H; >; 13; 33; 1; 12; 12; 1
83; 83H; >; 14; 34; 1; 14; 14; 1
83; 83R; <; 1; 34; 1; 18; 18; 1
83; 83R; <; 2; 33; 1; 20; 20; 1
83; 83R; <; 3; 32; 1; 22; 22; 1
83; 83R; <; 4; 1; 1; 24; 24; 1
83; 83R; <; 5; 132; 1; 26; 26; 1
83; 83R; <; 6; 133; 1; 28; 28; 1
83; 83R; <; 7; 134; 1; 30; 30; 1
83; 83R; <; 8; 135; 1; 32; 32; 1
83; 83R; <; 9; 136; 1; 34; 34; 1
83; 83R; <; 10; 137; 1; 36; 36; 1
83; 83R; <; 11; 138; 1; 38; 38; 1
83; 83R; <; 12; 139; 1; 40; 40; 1
83; 83R; <; 13; 140; 1; 42; 42; 1
83; 83R; <; 14; 141; 1; 44; 44; 1
113; 113H; >; 1; 54; 1; 17; 17; 1
113; 113H; >; 2; 53; 1; 19; 19; 1
113; 113H; >; 3; 52; 1; 21; 21; 1
113; 113H; >; 4; 1; 1; 23; 23; 1
113; 113H; >; 5; 142; 1; 25; 25; 1
113; 113H; >; 6; 143; 1; 27; 27; 1
113; 113H; >; 7; 144; 1; 29; 29; 1
113; 113H; >; 8; 145; 1; 31; 31; 1
113; 113H; >; 9; 146; 1; 33; 33; 1
113; 113H; >; 10; 147; 1; 35; 35; 1
113; 113H; >; 11; 148; 1; 37; 37; 1
113; 113H; >; 12; 149; 1; 39; 39; 1
113; 113H; >; 13; 150; 1; 41; 41; 1
113; 113H; >; 14; 151; 1; 43; 43; 1
113; 113R; <; 1; 151; 1; 47; 47; 1
113; 113R; <; 2; 150; 1; 49; 49; 1
113; 113R; <; 3; 149; 1; 51; 51; 1
113; 113R; <; 4; 148; 1; 53; 53; 1
113; 113R; <; 5; 147; 1; 55; 55; 1
113; 113R; <; 6; 146; 1; 57; 57; 1
113; 113R; <; 7; 145; 1; 59; 59; 1
113; 113R; <; 8; 144; 1; 1; 1; 1
113; 113R; <; 9; 143; 1; 3; 3; 1
113; 113R; <; 10; 142; 1; 5; 5; 1
113; 113R; <; 11; 1; 1; 7; 7; 1
113; 113R; <; 12; 52; 1; 9; 9; 1
113; 113R; <; 13; 53; 1; 11; 11; 1
113; 113R; <; 14; 54; 1; 13; 13; 1
133; 133H; >; 1; 31; 1; 47; 47; 1
133; 133H; >; 2; 30; 1; 49; 49; 1
133; 133H; >; 3; 29; 1; 51; 51; 1
133; 133H; >; 4; 28; 1; 53; 53; 1
133; 133H; >; 5; 27; 1; 55; 55; 1
133; 133H; >; 6; 26; 1; 57; 57; 1
133; 133H; >; 7; 25; 1; 59; 59; 1
133; 133H; >; 8; 24; 1; 1; 1; 1
133; 133H; >; 9; 23; 1; 3; 3; 1
133; 133H; >; 10; 22; 1; 5; 5; 1
133; 133H; >; 11; 1; 1; 7; 7; 1
133; 133H; >; 12; 112; 1; 9; 9; 1
133; 133H; >; 13; 113; 1; 11; 11; 1
133; 133H; >; 14; 114; 1; 13; 13; 1
133; 133R; <; 1; 114; 1; 17; 17; 1
133; 133R; <; 2; 113; 1; 19; 19; 1
133; 133R; <; 3; 112; 1; 21; 21; 1
133; 133R; <; 4; 1; 1; 23; 23; 1
133; 133R; <; 5; 22; 1; 25; 25; 1
133; 133R; <; 6; 23; 1; 27; 27; 1
133; 133R; <; 7; 24; 1; 29; 29; 1
133; 133R; <; 8; 25; 1; 31; 31; 1
133; 133R; <; 9; 26; 1; 33; 33; 1
133; 133R; <; 10; 27; 1; 35; 35; 1
133; 133R; <; 11; 28; 1; 37; 37; 1
133; 133R; <; 12; 29; 1; 39; 39; 1
133; 133R; <; 13; 30; 1; 41; 41; 1
133; 133R; <; 14; 31; 1; 43; 43; 1
252; 252H; >; 1; 160; 1; 47; 47; 1
252; 252H; >; 2; 159; 1; 49; 49; 1
252; 252H; >; 3; 158; 1; 51; 51; 1
252; 252H; >; 4; 157; 1; 53; 53; 1
252; 252H; >; 5; 156; 1; 55; 55; 1
252; 252H; >; 6; 155; 1; 57; 57; 1
252; 252H; >; 7; 154; 1; 59; 59; 1
252; 252H; >; 8; 153; 1; 1; 1; 1
252; 252H; >; 9; 152; 1; 3; 3; 1
252; 252H; >; 10; 1; 1; 5; 5; 1
252; 252H; >; 11; 92; 1; 7; 7; 1
252; 252H; >; 12; 93; 1; 9; 9; 1
252; 252H; >; 13; 94; 1; 11; 11; 1
252; 252R; <; 1; 94; 1; 17; 17; 1
252; 252R; <; 2; 93; 1; 19; 19; 1
252; 252R; <; 3; 92; 1; 21; 21; 1
252; 252R; <; 4; 1; 1; 23; 23; 1
252; 252R; <; 5; 152; 1; 25; 25; 1
252; 252R; <; 6; 153; 1; 27; 27; 1
252; 252R; <; 7; 154; 1; 29; 29; 1
252; 252R; <; 8; 155; 1; 31; 31; 1
252; 252R; <; 9; 156; 1; 33; 33; 1
252; 252R; <; 10; 157; 1; 35; 35; 1
252; 252R; <; 11; 158; 1; 37; 37; 1
252; 252R; <; 12; 159; 1; 39; 39; 1
252; 252R; <; 13; 160; 1; 41; 41; 1
259; 259H; >; 1; 150; 1; 38; 38; 1
259; 259H; >; 2; 149; 1; 40; 40; 1
259; 259H; >; 3; 148; 1; 42; 42; 1
259; 259H; >; 4; 147; 1; 44; 44; 1
259; 259H; >; 5; 146; 1; 46; 46; 1
259; 259H; >; 6; 145; 1; 48; 48; 1
259; 259H; >; 7; 144; 1; 50; 50; 1
259; 259H; >; 8; 143; 1; 52; 52; 1
259; 259H; >; 9; 142; 1; 54; 54; 1
259; 259H; >; 10; 1; 1; 56; 56; 1
259; 259H; >; 11; 82; 1; 58; 58; 1
259; 259H; >; 12; 83; 1; 0; 0; 1
259; 259H; >; 13; 84; 1; 2; 2; 1
259; 259R; <; 1; 84; 1; 8; 8; 1
259; 259R; <; 2; 83; 1; 10; 10; 1
259; 259R; <; 3; 82; 1; 12; 12; 1
259; 259R; <; 4; 1; 1; 14; 14; 1
259; 259R; <; 5; 142; 1; 16; 16; 1
259; 259R; <; 6; 143; 1; 18; 18; 1
259; 259R; <; 7; 144; 1; 20; 20; 1
259; 259R; <; 8; 145; 1; 22; 22; 1
259; 259R; <; 9; 146; 1; 24; 24; 1
259; 259R; <; 10; 147; 1; 26; 26; 1
259; 259R; <; 11; 148; 1; 28; 28; 1
259; 259R; <; 12; 149; 1; 30; 30; 1
259; 259R; <; 13; 150; 1; 32; 32; 1
382; 382H; >; 1; 13; 1; 16; 16; 1
382; 382H; >; 2; 12; 1; 18; 18; 1
382; 382H; >; 3; 1; 1; 20; 20; 1
382; 382H; >; 4; 72; 1; 22; 22; 1
382; 382H; >; 5; 73; 1; 24; 24; 1
382; 382H; >; 6; 74; 1; 26; 26; 1
382; 382H; >; 7; 75; 1; 28; 28; 1
382; 382H; >; 8; 76; 1; 30; 30; 1
382; 382H; >; 9; 77; 1; 32; 32; 1
382; 382H; >; 10; 78; 1; 34; 34; 1
382; 382H; >; 11; 79; 1; 36; 36; 1
382; 382H; >; 12; 80; 1; 38; 38; 1
382; 382H; >; 13; 81; 1; 40; 40; 1
382; 382R; <; 1; 81; 1; 46; 46; 1
382; 382R; <; 2; 80; 1; 48; 48; 1
382; 382R; <; 3; 79; 1; 50; 50; 1
382; 382R; <; 4; 78; 1; 52; 52; 1
382; 382R; <; 5; 77; 1; 54; 54; 1
382; 382R; <; 6; 76; 1; 56; 56; 1
382; 382R; <; 7; 75; 1; 58; 58; 1
382; 382R; <; 8; 74; 1; 0; 0; 1
382; 382R; <; 9; 73; 1; 2; 2; 1
382; 382R; <; 10; 72; 1; 4; 4; 1
382; 382R; <; 11; 1; 1; 6; 6; 1
382; 382R; <; 12; 12; 1; 8; 8; 1
382; 382R; <; 13; 13; 1; 10; 10; 1
387; 387H; >; 1; 11; 1; 0; 0; 1
387; 387H; >; 2; 10; 1; 2; 2; 1
387; 387H; >; 3; 9; 1; 4; 4; 1
387; 387H; >; 4; 8; 1; 6; 6; 1
387; 387H; >; 5; 7; 1; 8; 8; 1
387; 387H; >; 6; 6; 1; 10; 10; 1
387; 387H; >; 7; 5; 1; 12; 12; 1
387; 387H; >; 8; 4; 1; 14; 14; 1
387; 387H; >; 9; 3; 1; 16; 16; 1
387; 387H; >; 10; 2; 1; 18; 18; 1
387; 387H; >; 11; 1; 1; 20; 20; 1
387; 387H; >; 12; 52; 1; 22; 22; 1
387; 387H; >; 13; 53; 1; 24; 24; 1
387; 387R; <; 1; 53; 1; 30; 30; 1
387; 387R; <; 2; 52; 1; 32; 32; 1
387; 387R; <; 3; 1; 1; 34; 34; 1
387; 387R; <; 4; 2; 1; 36; 36; 1
387; 387R; <; 5; 3; 1; 38; 38; 1
387; 387R; <; 6; 4; 1; 40; 40; 1
387; 387R; <; 7; 5; 1; 42; 42; 1
387; 387R; <; 8; 6; 1; 44; 44; 1
387; 387R; <; 9; 7; 1; 46; 46; 1
387; 387R; <; 10; 8; 1; 48; 48; 1
387; 387R; <; 11; 9; 1; 50; 50; 1
387; 387R; <; 12; 10; 1; 52; 52; 1
387; 387R; <; 13; 11; 1; 54; 54; 1
632; 632H; >; 1; 81; 1; 54; 54; 1
632; 632H; >; 2; 80; 1; 56; 56; 1
632; 632H; >; 3; 79; 1; 58; 58; 1
632; 632H; >; 4; 78; 1; 0; 0; 1
632; 632H; >; 5; 77; 1; 2; 2; 1
632; 632H; >; 6; 76; 1; 4; 4; 1
632; 632H; >; 7; 75; 1; 6; 6; 1
632; 632H; >; 8; 74; 1; 8; 8; 1
632; 632H; >; 9; 73; 1; 10; 10; 1
632; 632H; >; 10; 72; 1; 12; 12; 1
632; 632H; >; 11; 1; 1; 14; 14; 1
632; 632H; >; 12; 52; 1; 16; 16; 1
632; 632R; <; 1; 52; 1; 24; 24; 1
632; 632R; <; 2; 1; 1; 26; 26; 1
632; 632R; <; 3; 72; 1; 28; 28; 1
632; 632R; <; 4; 73; 1; 30; 30; 1
632; 632R; <; 5; 74; 1; 32; 32; 1
632; 632R; <; 6; 75; 1; 34; 34; 1
632; 632R; <; 7; 76; 1; 36; 36; 1
632; 632R; <; 8; 77; 1; 38; 38; 1
632; 632R; <; 9; 78; 1; 40; 40; 1
632; 632R; <; 10; 79; 1; 42; 42; 1
632; 632R; <; 11; 80; 1; 44; 44; 1
632; 632R; <; 12; 81; 1; 46; 46; 1
647; 647H; >; 1; 71; 1; 51; 51; 1
647; 647H; >; 2; 70; 1; 53; 53; 1
647; 647H; >; 3; 69; 1; 55; 55; 1
647; 647H; >; 4; 68; 1; 57; 57; 1
647; 647H; >; 5; 67; 1; 59; 59; 1
647; 647H; >; 6; 66; 1; 1; 1; 1
647; 647H; >; 7; 65; 1; 3; 3; 1
647; 647H; >; 8; 64; 1; 5; 5; 1
647; 647H; >; 9; 63; 1; 7; 7; 1
647; 647H; >; 10; 62; 1; 9; 9; 1
647; 647H; >; 11; 1; 1; 11; 11; 1
647; 647H; >; 12; 42; 1; 13; 13; 1
647; 647R; <; 1; 42; 1; 21; 21; 1
647; 647R; <; 2; 1; 1; 23; 23; 1
647; 647R; <; 3; 62; 1; 25; 25; 1
647; 647R; <; 4; 63; 1; 27; 27; 1
647; 647R; <; 5; 64; 1; 29; 29; 1
647; 647R; <; 6; 65; 1; 31; 31; 1
647; 647R; <; 7; 66; 1; 33; 33; 1
647; 647R; <; 8; 67; 1; 35; 35; 1
647; 647R; <; 9; 68; 1; 37; 37; 1
647; 647R; <; 10; 69; 1; 39; 39; 1
647; 647R; <; 11; 70; 1; 41; 41; 1
647; 647R; <; 12; 71; 1; 43; 43; 1
753; 753H; >; 1; 2; 1; 41; 41; 1
753; 753H; >; 2; 1; 1; 43; 43; 1
753; 753H; >; 3; 132; 1; 45; 45; 1
753; 753H; >; 4; 133; 1; 47; 47; 1
753; 753H; >; 5; 134; 1; 49; 49; 1
753; 753H; >; 6; 135; 1; 51; 51; 1
753; 753H; >; 7; 136; 1; 53; 53; 1
753; 753H; >; 8; 137; 1; 55; 55; 1
753; 753H; >; 9; 138; 1; 57; 57; 1
753; 753H; >; 10; 139; 1; 59; 59; 1
753; 753H; >; 11; 140; 1; 1; 1; 1
753; 753H; >; 12; 141; 1; 3; 3; 1
753; 753R; <; 1; 141; 1; 11; 11; 1
753; 753R; <; 2; 140; 1; 13; 13; 1
753; 753R; <; 3; 139; 1; 15; 15; 1
753; 753R; <; 4; 138; 1; 17; 17; 1
753; 753R; <; 5; 137; 1; 19; 19; 1
753; 753R; <; 6; 136; 1; 21; 21; 1
753; 753R; <; 7; 135; 1; 23; 23; 1
753; 753R; <; 8; 134; 1; 25; 25; 1
753; 753R; <; 9; 133; 1; 27; 27; 1
753; 753R; <; 10; 132; 1; 29; 29; 1
753; 753R; <; 11; 1; 1; 31; 31; 1
753; 753R; <; 12; 2; 1; 33; 33; 1
1186; 1186H; >; 1; 19; 1; 48; 48; 1
1186; 1186H; >; 2; 18; 1; 50; 50; 1
1186; 1186H; >; 3; 17; 1; 52; 52; 1
1186; 1186H; >; 4; 16; 1; 54; 54; 1
1186; 1186H; >; 5; 15; 1; 56; 56; 1
1186; 1186H; >; 6; 14; 1; 58; 58; 1
1186; 1186H; >; 7; 13; 1; 0; 0; 1
1186; 1186H; >; 8; 12; 1; 2; 2; 1
1186; 1186H; >; 9; 1; 1; 4; 4; 1
1186; 1186H; >; 10; 132; 1; 6; 6; 1
1186; 1186H; >; 11; 133; 1; 8; 8; 1
1186; 1186R; <; 1; 133; 1; 18; 18; 1
1186; 1186R; <; 2; 132; 1; 20; 20; 1
1186; 1186R; <; 3; 1; 1; 22; 22; 1
1186; 1186R; <; 4; 12; 1; 24; 24; 1
1186; 1186R; <; 5; 13; 1; 26; 26; 1
1186; 1186R; <; 6; 14; 1; 28; 28; 1
1186; 1186R; <; 7; 15; 1; 30; 30; 1
1186; 1186R; <; 8; 16; 1; 32; 32; 1
1186; 1186R; <; 9; 17; 1; 34; 34; 1
1186; 1186R; <; 10; 18; 1; 36; 36; 1
1186; 1186R; <; 11; 19; 1; 38; 38; 1
1567; 1567H; >; 1; 106; 1; 16; 16; 1
1567; 1567H; >; 2; 105; 1; 18; 18; 1
1567; 1567H; >; 3; 104; 1; 20; 20; 1
1567; 1567H; >; 4; 103; 1; 22; 22; 1
1567; 1567H; >; 5; 102; 1; 24; 24; 1
1567; 1567H; >; 6; 1; 1; 26; 26; 1
1567; 1567H; >; 7; 22; 1; 28; 28; 1
1567; 1567H; >; 8; 23; 1; 30; 30; 1
1567; 1567H; >; 9; 24; 1; 32; 32; 1
1567; 1567H; >; 10; 25; 1; 34; 34; 1
1567; 1567R; <; 1; 25; 1; 46; 46; 1
1567; 1567R; <; 2; 24; 1; 48; 48; 1
1567; 1567R; <; 3; 23; 1; 50; 50; 1
1567; 1567R; <; 4; 22; 1; 52; 52; 1
1567; 1567R; <; 5; 1; 1; 54; 54; 1
1567; 1567R; <; 6; 102; 1; 56; 56; 1
1567; 1567R; <; 7; 103; 1; 58; 58; 1
1567; 1567R; <; 8; 104; 1; 0; 0; 1
1567; 1567R; <; 9; 105; 1; 2; 2; 1
1567; 1567R; <; 10; 106; 1; 4; 4; 1
1595; 1595H; >; 1; 88; 1; 49; 49; 1
1595; 1595H; >; 2; 87; 1; 51; 51; 1
1595; 1595H; >; 3; 86; 1; 53; 53; 1
1595; 1595H; >; 4; 85; 1; 55; 55; 1
1595; 1595H; >; 5; 84; 1; 57; 57; 1
1595; 1595H; >; 6; 83; 1; 59; 59; 1
1595; 1595H; >; 7; 82; 1; 1; 1; 1
1595; 1595H; >; 8; 1; 1; 3; 3; 1
1595; 1595H; >; 9; 122; 1; 5; 5; 1
1595; 1595H; >; 10; 123; 1; 7; 7; 1
1595; 1595R; <; 1; 123; 1; 19; 19; 1
1595; 1595R; <; 2; 122; 1; 21; 21; 1
1595; 1595R; <; 3; 1; 1; 23; 23; 1
1595; 1595R; <; 4; 82; 1; 25; 25; 1
1595; 1595R; <; 5; 83; 1; 27; 27; 1
1595; 1595R; <; 6; 84; 1; 29; 29; 1
1595; 1595R; <; 7; 85; 1; 31; 31; 1
1595; 1595R; <; 8; 86; 1; 33; 33; 1
1595; 1595R; <; 9; 87; 1; 35; 35; 1
1595; 1595R; <; 10; 88; 1; 37; 37; 1
1633; 1633H; >; 1; 59; 1; 51; 51; 1
1633; 1633H; >; 2; 58; 1; 53; 53; 1
1633; 1633H; >; 3; 57; 1; 55; 55; 1
1633; 1633H; >; 4; 56; 1; 57; 57; 1
1633; 1633H; >; 5; 55; 1; 59; 59; 1
1633; 1633H; >; 6; 54; 1; 1; 1; 1
1633; 1633H; >; 7; 53; 1; 3; 3; 1
1633; 1633H; >; 8; 52; 1; 5; 5; 1
1633; 1633H; >; 9; 1; 1; 7; 7; 1
1633; 1633H; >; 10; 72; 1; 9; 9; 1
1633; 1633R; <; 1; 72; 1; 21; 21; 1
1633; 1633R; <; 2; 1; 1; 23; 23; 1
1633; 1633R; <; 3; 52; 1; 25; 25; 1
1633; 1633R; <; 4; 53; 1; 27; 27; 1
1633; 1633R; <; 5; 54; 1; 29; 29; 1
1633; 1633R; <; 6; 55; 1; 31; 31; 1
1633; 1633R; <; 7; 56; 1; 33; 33; 1
1633; 1633R; <; 8; 57; 1; 35; 35; 1
1633; 1633R; <; 9; 58; 1; 37; 37; 1
1633; 1633R; <; 10; 59; 1; 39; 39; 1
3059; 3059H; >; 1; 91; 1; 48; 48; 1
3059; 3059H; >; 2; 90; 1; 50; 50; 1
3059; 3059H; >; 3; 89; 1; 52; 52; 1
3059; 3059H; >; 4; 88; 1; 54; 54; 1
3059; 3059H; >; 5; 87; 1; 56; 56; 1
3059; 3059H; >; 6; 86; 1; 58; 58; 1
3059; 3059H; >; 7; 85; 1; 0; 0; 1
3059; 3059H; >; 8; 84; 1; 2; 2; 1
3059; 3059H; >; 9; 83; 1; 4; 4; 1
3059; 3059H; >; 10; 82; 1; 6; 6; 1
3059; 3059H; >; 11; 1; 1; 8; 8; 1
3059; 3059H; >; 12; 2; 1; 10; 10; 1
3059; 3059H; >; 13; 3; 1; 12; 12; 1
3059; 3059H; >; 14; 4; 1; 14; 14; 1
3059; 3059H; >; 15; 5; 1; 16; 16; 1
3059; 3059H; >; 16; 6; 1; 18; 18; 1
3059; 3059H; >; 17; 7; 1; 20; 20; 1
3059; 3059H; >; 18; 8; 1; 22; 22; 1
3059; 3059H; >; 19; 9; 1; 24; 24; 1
3059; 3059H; >; 20; 10; 1; 26; 26; 1
3059; 3059H; >; 21; 11; 1; 28; 28; 1
3059; 3059R; <; 1; 11; 1; 48; 48; 1
3059; 3059R; <; 2; 10; 1; 50; 50; 1
3059; 3059R; <; 3; 9; 1; 52; 52; 1
3059; 3059R; <; 4; 8; 1; 54; 54; 1
3059; 3059R; <; 5; 7; 1; 56; 56; 1
3059; 3059R; <; 6; 6; 1; 58; 58; 1
3059; 3059R; <; 7; 5; 1; 0; 0; 1
3059; 3059R; <; 8; 4; 1; 2; 2; 1
3059; 3059R; <; 9; 3; 1; 4; 4; 1
3059; 3059R; <; 10; 2; 1; 6; 6; 1
3059; 3059R; <; 11; 1; 1; 8; 8; 1
3059; 3059R; <; 12; 82; 1; 10; 10; 1
3059; 3059R; <; 13; 83; 1; 12; 12; 1
3059; 3059R; <; 14; 84; 1; 14; 14; 1
3059; 3059R; <; 15; 85; 1; 16; 16; 1
3059; 3059R; <; 16; 86; 1; 18; 18; 1
3059; 3059R; <; 17; 87; 1; 20; 20; 1
3059; 3059R; <; 18; 88; 1; 22; 22; 1
3059; 3059R; <; 19; 89; 1; 24; 24; 1
3059; 3059R; <; 20; 90; 1; 26; 26; 1
3059; 3059R; <; 21; 91; 1; 28; 28; 1
3060; 3060H; >; 1; 81; 1; 0; 0; 1
3060; 3060H; >; 2; 80; 1; 2; 2; 1
3060; 3060H; >; 3; 79; 1; 4; 4; 1
3060; 3060H; >; 4; 78; 1; 6; 6; 1
3060; 3060H; >; 5; 77; 1; 8; 8; 1
3060; 3060H; >; 6; 76; 1; 10; 10; 1
3060; 3060H; >; 7; 75; 1; 12; 12; 1
3060; 3060H; >; 8; 74; 1; 14; 14; 1
3060; 3060H; >; 9; 73; 1; 16; 16; 1
3060; 3060H; >; 10; 72; 1; 18; 18; 1
3060; 3060H; >; 11; 1; 1; 20; 20; 1
3060; 3060H; >; 12; 152; 1; 22; 22; 1
3060; 3060H; >; 13; 153; 1; 24; 24; 1
3060; 3060H; >; 14; 154; 1; 26; 26; 1
3060; 3060H; >; 15; 155; 1; 28; 28; 1
3060; 3060H; >; 16; 156; 1; 30; 30; 1
3060; 3060H; >; 17; 157; 1; 32; 32; 1
3060; 3060H; >; 18; 158; 1; 34; 34; 1
3060; 3060H; >; 19; 159; 1; 36; 36; 1
3060; 3060H; >; 20; 160; 1; 38; 38; 1
3060; 3060H; >; 21; 161; 1; 40; 40; 1
3060; 3060R; <; 1; 161; 1; 0; 0; 1
3060; 3060R; <; 2; 160; 1; 2; 2; 1
3060; 3060R; <; 3; 159; 1; 4; 4; 1
3060; 3060R; <; 4; 158; 1; 6; 6; 1
3060; 3060R; <; 5; 157; 1; 8; 8; 1
3060; 3060R; <; 6; 156; 1; 10; 10; 1
3060; 3060R; <; 7; 155; 1; 12; 12; 1
3060; 3060R; <; 8; 154; 1; 14; 14; 1
3060; 3060R; <; 9; 153; 1; 16; 16; 1
3060; 3060R; <; 10; 152; 1; 18; 18; 1
3060; 3060R; <; 11; 1; 1; 20; 20; 1
3060; 3060R; <; 12; 72; 1; 22; 22; 1
3060; 3060R; <; 13; 73; 1; 24; 24; 1
3060; 3060R; <; 14; 74; 1; 26; 26; 1
3060; 3060R; <; 15; 75; 1; 28; 28; 1
3060; 3060R; <; 16; 76; 1; 30; 30; 1
3060; 3060R; <; 17; 77; 1; 32; 32; 1
3060; 3060R; <; 18; 78; 1; 34; 34; 1
3060; 3060R; <; 19; 79; 1; 36; 36; 1
3060; 3060R; <; 20; 80; 1; 38; 38; 1
3060; 3060R; <; 21; 81; 1; 40; 40; 1
3061; 3061H; >; 1; 71; 1; 3; 3; 1
3061; 3061H; >; 2; 70; 1; 5; 5; 1
3061; 3061H; >; 3; 69; 1; 7; 7; 1
3061; 3061H; >; 4; 68; 1; 9; 9; 1
3061; 3061H; >; 5; 67; 1; 11; 11; 1
3061; 3061H; >; 6; 66; 1; 13; 13; 1
3061; 3061H; >; 7; 65; 1; 15; 15; 1
3061; 3061H; >; 8; 64; 1; 17; 17; 1
3061; 3061H; >; 9; 63; 1; 19; 19; 1
3061; 3061H; >; 10; 62; 1; 21; 21; 1
3061; 3061H; >; 11; 1; 1; 23; 23; 1
3061; 3061H; >; 12; 142; 1; 25; 25; 1
3061; 3061H; >; 13; 143; 1; 27; 27; 1
3061; 3061H; >; 14; 144; 1; 29; 29; 1
3061; 3061H; >; 15; 145; 1; 31; 31; 1
3061; 3061H; >; 16; 146; 1; 33; 33; 1
3061; 3061H; >; 17; 147; 1; 35; 35; 1
3061; 3061H; >; 18; 148; 1; 37; 37; 1
3061; 3061H; >; 19; 149; 1; 39; 39; 1
3061; 3061H; >; 20; 150; 1; 41; 41; 1
3061; 3061H; >; 21; 151; 1; 43; 43; 1
3061; 3061R; <; 1; 151; 1; 3; 3; 1
3061; 3061R; <; 2; 150; 1; 5; 5; 1
3061; 3061R; <; 3; 149; 1; 7; 7; 1
3061; 3061R; <; 4; 148; 1; 9; 9; 1
3061; 3061R; <; 5; 147; 1; 11; 11; 1
3061; 3061R; <; 6; 146; 1; 13; 13; 1
3061; 3061R; <; 7; 145; 1; 15; 15; 1
3061; 3061R; <; 8; 144; 1; 17; 17; 1
3061; 3061R; <; 9; 143; 1; 19; 19; 1
3061; 3061R; <; 10; 142; 1; 21; 21; 1
3061; 3061R; <; 11; 1; 1; 23; 23; 1
3061; 3061R; <; 12; 62; 1; 25; 25; 1
3061; 3061R; <; 13; 63; 1; 27; 27; 1
3061; 3061R; <; 14; 64; 1; 29; 29; 1
3061; 3061R; <; 15; 65; 1; 31; 31; 1
3061; 3061R; <; 16; 66; 1; 33; 33; 1
3061; 3061R; <; 17; 67; 1; 35; 35; 1
3061; 3061R; <; 18; 68; 1; 37; 37; 1
3061; 3061R; <; 19; 69; 1; 39; 39; 1
3061; 3061R; <; 20; 70; 1; 41; 41; 1
3061; 3061R; <; 21; 71; 1; 43; 43; 1
3062; 3062H; >; 1; 61; 1; 0; 0; 1
3062; 3062H; >; 2; 60; 1; 2; 2; 1
3062; 3062H; >; 3; 59; 1; 4; 4; 1
3062; 3062H; >; 4; 58; 1; 6; 6; 1
3062; 3062H; >; 5; 57; 1; 8; 8; 1
3062; 3062H; >; 6; 56; 1; 10; 10; 1
3062; 3062H; >; 7; 55; 1; 12; 12; 1
3062; 3062H; >; 8; 54; 1; 14; 14; 1
3062; 3062H; >; 9; 53; 1; 16; 16; 1
3062; 3062H; >; 10; 52; 1; 18; 18; 1
3062; 3062H; >; 11; 1; 1; 20; 20; 1
3062; 3062H; >; 12; 132; 1; 22; 22; 1
3062; 3062H; >; 13; 133; 1; 24; 24; 1
3062; 3062H; >; 14; 134; 1; 26; 26; 1
3062; 3062H; >; 15; 135; 1; 28; 28; 1
3062; 3062H; >; 16; 136; 1; 30; 30; 1
3062; 3062H; >; 17; 137; 1; 32; 32; 1
3062; 3062H; >; 18; 138; 1; 34; 34; 1
3062; 3062H; >; 19; 139; 1; 36; 36; 1
3062; 3062H; >; 20; 140; 1; 38; 38; 1
3062; 3062H; >; 21; 141; 1; 40; 40; 1
3062; 3062R; <; 1; 141; 1; 0; 0; 1
3062; 3062R; <; 2; 140; 1; 2; 2; 1
3062; 3062R; <; 3; 139; 1; 4; 4; 1
3062; 3062R; <; 4; 138; 1; 6; 6; 1
3062; 3062R; <; 5; 137; 1; 8; 8; 1
3062; 3062R; <; 6; 136; 1; 10; 10; 1
3062; 3062R; <; 7; 135; 1; 12; 12; 1
3062; 3062R; <; 8; 134; 1; 14; 14; 1
3062; 3062R; <; 9; 133; 1; 16; 16; 1
3062; 3062R; <; 10; 132; 1; 18; 18; 1
3062; 3062R; <; 11; 1; 1; 20; 20; 1
3062; 3062R; <; 12; 52; 1; 22; 22; 1
3062; 3062R; <; 13; 53; 1; 24; 24; 1
3062; 3062R; <; 14; 54; 1; 26; 26; 1
3062; 3062R; <; 15; 55; 1; 28; 28; 1
3062; 3062R; <; 16; 56; 1; 30; 30; 1
3062; 3062R; <; 17; 57; 1; 32; 32; 1
3062; 3062R; <; 18; 58; 1; 34; 34; 1
3062; 3062R; <; 19; 59; 1; 36; 36; 1
3062; 3062R; <; 20; 60; 1; 38; 38; 1
3062; 3062R; <; 21; 61; 1; 40; 40; 1
3063; 3063H; >; 1; 51; 2; 27; 27; 1
3063; 3063H; >; 2; 50; 2; 29; 29; 1
3063; 3063H; >; 3; 49; 2; 31; 31; 1
3063; 3063H; >; 4; 48; 2; 33; 33; 1
3063; 3063H; >; 5; 47; 2; 35; 35; 1
3063; 3063H; >; 6; 46; 2; 37; 37; 1
3063; 3063H; >; 7; 45; 2; 39; 39; 1
3063; 3063H; >; 8; 44; 2; 41; 41; 1
3063; 3063H; >; 9; 43; 2; 43; 43; 1
3063; 3063H; >; 10; 42; 2; 45; 45; 1
3063; 3063H; >; 11; 1; 2; 47; 47; 1
3063; 3063H; >; 12; 122; 2; 49; 49; 1
3063; 3063H; >; 13; 123; 2; 51; 51; 1
3063; 3063H; >; 14; 124; 2; 53; 53; 1
3063; 3063H; >; 15; 125; 2; 55; 55; 1
3063; 3063H; >; 16; 126; 2; 57; 57; 1
3063; 3063H; >; 17; 127; 2; 59; 59; 1
3063; 3063H; >; 18; 128; 2; 1; 1; 1
3063; 3063H; >; 19; 129; 2; 3; 3; 1
3063; 3063H; >; 20; 130; 2; 5; 5; 1
3063; 3063H; >; 21; 131; 2; 7; 7; 1
3063; 3063H; >; 1; 51; 2; 57; 57; 2
3063; 3063H; >; 2; 50; 2; 59; 59; 2
3063; 3063H; >; 3; 49; 2; 1; 1; 2
3063; 3063H; >; 4; 48; 2; 3; 3; 2
3063; 3063H; >; 5; 47; 2; 5; 5; 2
3063; 3063H; >; 6; 46; 2; 7; 7; 2
3063; 3063H; >; 7; 45; 2; 9; 9; 2
3063; 3063H; >; 8; 44; 2; 11; 11; 2
3063; 3063H; >; 9; 43; 2; 13; 13; 2
3063; 3063H; >; 10; 42; 2; 15; 15; 2
3063; 3063H; >; 11; 1; 2; 17; 17; 2
3063; 3063H; >; 12; 122; 2; 19; 19; 2
3063; 3063H; >; 13; 123; 2; 21; 21; 2
3063; 3063H; >; 14; 124; 2; 23; 23; 2
3063; 3063H; >; 15; 125; 2; 25; 25; 2
3063; 3063H; >; 16; 126; 2; 27; 27; 2
3063; 3063H; >; 17; 127; 2; 29; 29; 2
3063; 3063H; >; 18; 128; 2; 31; 31; 2
3063; 3063H; >; 19; 129; 2; 33; 33; 2
3063; 3063H; >; 20; 130; 2; 35; 35; 2
3063; 3063H; >; 21; 131; 2; 37; 37; 2
3063; 3063R; <; 1; 131; 2; 27; 27; 1
3063; 3063R; <; 2; 130; 2; 29; 29; 1
3063; 3063R; <; 3; 129; 2; 31; 31; 1
3063; 3063R; <; 4; 128; 2; 33; 33; 1
3063; 3063R; <; 5; 127; 2; 35; 35; 1
3063; 3063R; <; 6; 126; 2; 37; 37; 1
3063; 3063R; <; 7; 125; 2; 39; 39; 1
3063; 3063R; <; 8; 124; 2; 41; 41; 1
3063; 3063R; <; 9; 123; 2; 43; 43; 1
3063; 3063R; <; 10; 122; 2; 45; 45; 1
3063; 3063R; <; 11; 1; 2; 47; 47; 1
3063; 3063R; <; 12; 42; 2; 49; 49; 1
3063; 3063R; <; 13; 43; 2; 51; 51; 1
3063; 3063R; <; 14; 44; 2; 53; 53; 1
3063; 3063R; <; 15; 45; 2; 55; 55; 1
3063; 3063R; <; 16; 46; 2; 57; 57; 1
3063; 3063R; <; 17; 47; 2; 59; 59; 1
3063; 3063R; <; 18; 48; 2; 1; 1; 1
3063; 3063R; <; 19; 49; 2; 3; 3; 1
3063; 3063R; <; 20; 50; 2; 5; 5; 1
3063; 3063R; <; 21; 51; 2; 7; 7; 1
3063; 3063R; <; 1; 131; 2; 57; 57; 2
3063; 3063R; <; 2; 130; 2; 59; 59; 2
3063; 3063R; <; 3; 129; 2; 1; 1; 2
3063; 3063R; <; 4; 128; 2; 3; 3; 2
3063; 3063R; <; 5; 127; 2; 5; 5; 2
3063; 3063R; <; 6; 126; 2; 7; 7; 2
3063; 3063R; <; 7; 125; 2; 9; 9; 2
3063; 3063R; <; 8; 124; 2; 11; 11; 2
3063; 3063R; <; 9; 123; 2; 13; 13; 2
3063; 3063R; <; 10; 122; 2; 15; 15; 2
3063; 3063R; <; 11; 1; 2; 17; 17; 2
3063; 3063R; <; 12; 42; 2; 19; 19; 2
3063; 3063R; <; 13; 43; 2; 21; 21; 2
3063; 3063R; <; 14; 44; 2; 23; 23; 2
3063; 3063R; <; 15; 45; 2; 25; 25; 2
3063; 3063R; <; 16; 46; 2; 27; 27; 2
3063; 3063R; <; 17; 47; 2; 29; 29; 2
3063; 3063R; <; 18; 48; 2; 31; 31; 2
3063; 3063R; <; 19; 49; 2; 33; 33; 2
3063; 3063R; <; 20; 50; 2; 35; 35; 2
3063; 3063R; <; 21; 51; 2; 37; 37; 2
3064; 3064H; >; 1; 41; 1; 54; 54; 1
3064; 3064H; >; 2; 40; 1; 56; 56; 1
3064; 3064H; >; 3; 39; 1; 58; 58; 1
3064; 3064H; >; 4; 38; 1; 0; 0; 1
3064; 3064H; >; 5; 37; 1; 2; 2; 1
3064; 3064H; >; 6; 36; 1; 4; 4; 1
3064; 3064H; >; 7; 35; 1; 6; 6; 1
3064; 3064H; >; 8; 34; 1; 8; 8; 1
3064; 3064H; >; 9; 33; 1; 10; 10; 1
3064; 3064H; >; 10; 32; 1; 12; 12; 1
3064; 3064H; >; 11; 1; 1; 14; 14; 1
3064; 3064H; >; 12; 112; 1; 16; 16; 1
3064; 3064H; >; 13; 113; 1; 18; 18; 1
3064; 3064H; >; 14; 114; 1; 20; 20; 1
3064; 3064H; >; 15; 115; 1; 22; 22; 1
3064; 3064H; >; 16; 116; 1; 24; 24; 1
3064; 3064H; >; 17; 117; 1; 26; 26; 1
3064; 3064H; >; 18; 118; 1; 28; 28; 1
3064; 3064H; >; 19; 119; 1; 30; 30; 1
3064; 3064H; >; 20; 120; 1; 32; 32; 1
3064; 3064H; >; 21; 121; 1; 34; 34; 1
3064; 3064R; <; 1; 121; 1; 54; 54; 1
3064; 3064R; <; 2; 120; 1; 56; 56; 1
3064; 3064R; <; 3; 119; 1; 58; 58; 1
3064; 3064R; <; 4; 118; 1; 0; 0; 1
3064; 3064R; <; 5; 117; 1; 2; 2; 1
3064; 3064R; <; 6; 116; 1; 4; 4; 1
3064; 3064R; <; 7; 115; 1; 6; 6; 1
3064; 3064R; <; 8; 114; 1; 8; 8; 1
3064; 3064R; <; 9; 113; 1; 10; 10; 1
3064; 3064R; <; 10; 112; 1; 12; 12; 1
3064; 3064R; <; 11; 1; 1; 14; 14; 1
3064; 3064R; <; 12; 32; 1; 16; 16; 1
3064; 3064R; <; 13; 33; 1; 18; 18; 1
3064; 3064R; <; 14; 34; 1; 20; 20; 1
3064; 3064R; <; 15; 35; 1; 22; 22; 1
3064; 3064R; <; 16; 36; 1; 24; 24; 1
3064; 3064R; <; 17; 37; 1; 26; 26; 1
3064; 3064R; <; 18; 38; 1; 28; 28; 1
3064; 3064R; <; 19; 39; 1; 30; 30; 1
3064; 3064R; <; 20; 40; 1; 32; 32; 1
3064; 3064R; <; 21; 41; 1; 34; 34; 1
3065; 3065H; >; 1; 31; 1; 57; 57; 1
3065; 3065H; >; 2; 30; 1; 59; 59; 1
3065; 3065H; >; 3; 29; 1; 1; 1; 1
3065; 3065H; >; 4; 28; 1; 3; 3; 1
3065; 3065H; >; 5; 27; 1; 5; 5; 1
3065; 3065H; >; 6; 26; 1; 7; 7; 1
3065; 3065H; >; 7; 25; 1; 9; 9; 1
3065; 3065H; >; 8; 24; 1; 11; 11; 1
3065; 3065H; >; 9; 23; 1; 13; 13; 1
3065; 3065H; >; 10; 22; 1; 15; 15; 1
3065; 3065H; >; 11; 1; 1; 17; 17; 1
3065; 3065H; >; 12; 102; 1; 19; 19; 1
3065; 3065H; >; 13; 103; 1; 21; 21; 1
3065; 3065H; >; 14; 104; 1; 23; 23; 1
3065; 3065H; >; 15; 105; 1; 25; 25; 1
3065; 3065H; >; 16; 106; 1; 27; 27; 1
3065; 3065H; >; 17; 107; 1; 29; 29; 1
3065; 3065H; >; 18; 108; 1; 31; 31; 1
3065; 3065H; >; 19; 109; 1; 33; 33; 1
3065; 3065H; >; 20; 110; 1; 35; 35; 1
3065; 3065H; >; 21; 111; 1; 37; 37; 1
3065; 3065R; <; 1; 111; 1; 57; 57; 1
3065; 3065R; <; 2; 110; 1; 59; 59; 1
3065; 3065R; <; 3; 109; 1; 1; 1; 1
3065; 3065R; <; 4; 108; 1; 3; 3; 1
3065; 3065R; <; 5; 107; 1; 5; 5; 1
3065; 3065R; <; 6; 106; 1; 7; 7; 1
3065; 3065R; <; 7; 105; 1; 9; 9; 1
3065; 3065R; <; 8; 104; 1; 11; 11; 1
3065; 3065R; <; 9; 103; 1; 13; 13; 1
3065; 3065R; <; 10; 102; 1; 15; 15; 1
3065; 3065R; <; 11; 1; 1; 17; 17; 1
3065; 3065R; <; 12; 22; 1; 19; 19; 1
3065; 3065R; <; 13; 23; 1; 21; 21; 1
3065; 3065R; <; 14; 24; 1; 23; 23; 1
3065; 3065R; <; 15; 25; 1; 25; 25; 1
3065; 3065R; <; 16; 26; 1; 27; 27; 1
3065; 3065R; <; 17; 27; 1; 29; 29; 1
3065; 3065R; <; 18; 28; 1; 31; 31; 1
3065; 3065R; <; 19; 29; 1; 33; 33; 1
3065; 3065R; <; 20; 30; 1; 35; 35; 1
3065; 3065R; <; 21; 31; 1; 37; 37; 1
3066; 3066H; >; 1; 21; 1; 51; 51; 1
3066; 3066H; >; 2; 20; 1; 53; 53; 1
3066; 3066H; >; 3; 19; 1; 55; 55; 1
3066; 3066H; >; 4; 18; 1; 57; 57; 1
3066; 3066H; >; 5; 17; 1; 59; 59; 1
3066; 3066H; >; 6; 16; 1; 1; 1; 1
3066; 3066H; >; 7; 15; 1; 3; 3; 1
3066; 3066H; >; 8; 14; 1; 5; 5; 1
3066; 3066H; >; 9; 13; 1; 7; 7; 1
3066; 3066H; >; 10; 12; 1; 9; 9; 1
3066; 3066H; >; 11; 1; 1; 11; 11; 1
3066; 3066H; >; 12; 92; 1; 13; 13; 1
3066; 3066H; >; 13; 93; 1; 15; 15; 1
3066; 3066H; >; 14; 94; 1; 17; 17; 1
3066; 3066H; >; 15; 95; 1; 19; 19; 1
3066; 3066H; >; 16; 96; 1; 21; 21; 1
3066; 3066H; >; 17; 97; 1; 23; 23; 1
3066; 3066H; >; 18; 98; 1; 25; 25; 1
3066; 3066H; >; 19; 99; 1; 27; 27; 1
3066; 3066H; >; 20; 100; 1; 29; 29; 1
3066; 3066H; >; 21; 101; 1; 31; 31; 1
3066; 3066R; <; 1; 101; 1; 51; 51; 1
3066; 3066R; <; 2; 100; 1; 53; 53; 1
3066; 3066R; <; 3; 99; 1; 55; 55; 1
3066; 3066R; <; 4; 98; 1; 57; 57; 1
3066; 3066R; <; 5; 97; 1; 59; 59; 1
3066; 3066R; <; 6; 96; 1; 1; 1; 1
3066; 3066R; <; 7; 95; 1; 3; 3; 1
3066; 3066R; <; 8; 94; 1; 5; 5; 1
3066; 3066R; <; 9; 93; 1; 7; 7; 1
3066; 3066R; <; 10; 92; 1; 9; 9; 1
3066; 3066R; <; 11; 1; 1; 11; 11; 1
3066; 3066R; <; 12; 12; 1; 13; 13; 1
3066; 3066R; <; 13; 13; 1; 15; 15; 1
3066; 3066R; <; 14; 14; 1; 17; 17; 1
3066; 3066R; <; 15; 15; 1; 19; 19; 1
3066; 3066R; <; 16; 16; 1; 21; 21; 1
3066; 3066R; <; 17; 17; 1; 23; 23; 1
3066; 3066R; <; 18; 18; 1; 25; 25; 1
3066; 3066R; <; 19; 19; 1; 27; 27; 1
3066; 3066R; <; 20; 20; 1; 29; 29; 1
3066; 3066R; <; 21; 21; 1; 31; 31; 1
