#event-id; time
1; 0
2; 2
3; 2
4; 4
5; 4
6; 6
7; 6
8; 8
9; 8
10; 10
11; 10
12; 12
13; 12
14; 14
15; 14
16; 16
17; 16
18; 18
19; 18
20; 20
21; 20
22; 22
23; 22
24; 24
25; 24
26; 26
27; 30
28; 32
29; 32
30; 34
31; 34
32; 36
33; 36
34; 38
35; 38
36; 40
37; 40
38; 42
39; 42
40; 44
41; 44
42; 46
43; 46
44; 48
45; 48
46; 50
47; 50
48; 52
49; 52
50; 54
51; 54
52; 56
53; 48
54; 50
55; 50
56; 52
57; 52
58; 54
59; 54
60; 56
61; 56
62; 58
63; 58
64; 0
65; 0
66; 2
67; 2
68; 4
69; 4
70; 6
71; 6
72; 8
73; 8
74; 10
75; 10
76; 12
77; 12
78; 14
79; 18
80; 20
81; 20
82; 22
83; 22
84; 24
85; 24
86; 26
87; 26
88; 28
89; 28
90; 30
91; 30
92; 32
93; 32
94; 34
95; 34
96; 36
97; 36
98; 38
99; 38
100; 40
101; 40
102; 42
103; 42
104; 44
105; 17
106; 19
107; 19
108; 21
109; 21
110; 23
111; 23
112; 25
113; 25
114; 27
115; 27
116; 29
117; 29
118; 31
119; 31
120; 33
121; 33
122; 35
123; 35
124; 37
125; 37
126; 39
127; 39
128; 41
129; 41
130; 43
131; 47
132; 49
133; 49
134; 51
135; 51
136; 53
137; 53
138; 55
139; 55
140; 57
141; 57
142; 59
143; 59
144; 1
145; 1
146; 3
147; 3
148; 5
149; 5
150; 7
151; 7
152; 9
153; 9
154; 11
155; 11
156; 13
157; 47
158; 49
159; 49
160; 51
161; 51
162; 53
163; 53
164; 55
165; 55
166; 57
167; 57
168; 59
169; 59
170; 1
171; 1
172; 3
173; 3
174; 5
175; 5
176; 7
177; 7
178; 9
179; 9
180; 11
181; 11
182; 13
183; 17
184; 19
185; 19
186; 21
187; 21
188; 23
189; 23
190; 25
191; 25
192; 27
193; 27
194; 29
195; 29
196; 31
197; 31
198; 33
199; 33
200; 35
201; 35
202; 37
203; 37
204; 39
205; 39
206; 41
207; 41
208; 43
209; 47
210; 49
211; 49
212; 51
213; 51
214; 53
215; 53
216; 55
217; 55
218; 57
219; 57
220; 59
221; 59
222; 1
223; 1
224; 3
225; 3
226; 5
227; 5
228; 7
229; 7
230; 9
231; 9
232; 11
233; 17
234; 19
235; 19
236; 21
237; 21
238; 23
239; 23
240; 25
241; 25
242; 27
243; 27
244; 29
245; 29
246; 31
247; 31
248; 33
249; 33
250; 35
251; 35
252; 37
253; 37
254; 39
255; 39
256; 41
257; 38
258; 40
259; 40
260; 42
261; 42
262; 44
263; 44
264; 46
265; 46
266; 48
267; 48
268; 50
269; 50
270; 52
271; 52
272; 54
273; 54
274; 56
275; 56
276; 58
277; 58
278; 0
279; 0
280; 2
281; 8
282; 10
283; 10
284; 12
285; 12
286; 14
287; 14
288; 16
289; 16
290; 18
291; 18
292; 20
293; 20
294; 22
295; 22
296; 24
297; 24
298; 26
299; 26
300; 28
301; 28
302; 30
303; 30
304; 32
305; 16
306; 18
307; 18
308; 20
309; 20
310; 22
311; 22
312; 24
313; 24
314; 26
315; 26
316; 28
317; 28
318; 30
319; 30
320; 32
321; 32
322; 34
323; 34
324; 36
325; 36
326; 38
327; 38
328; 40
329; 46
330; 48
331; 48
332; 50
333; 50
334; 52
335; 52
336; 54
337; 54
338; 56
339; 56
340; 58
341; 58
342; 0
343; 0
344; 2
345; 2
346; 4
347; 4
348; 6
349; 6
350; 8
351; 8
352; 10
353; 0
354; 2
355; 2
356; 4
357; 4
358; 6
359; 6
360; 8
361; 8
362; 10
363; 10
364; 12
365; 12
366; 14
367; 14
368; 16
369; 16
370; 18
371; 18
372; 20
373; 20
374; 22
375; 22
376; 24
377; 30
378; 32
379; 32
380; 34
381; 34
382; 36
383; 36
384; 38
385; 38
386; 40
387; 40
388; 42
389; 42
390; 44
391; 44
392; 46
393; 46
394; 48
395; 48
396; 50
397; 50
398; 52
399; 52
400; 54
401; 54
402; 56
403; 56
404; 58
405; 58
406; 0
407; 0
408; 2
409; 2
410; 4
411; 4
412; 6
413; 6
414; 8
415; 8
416; 10
417; 10
418; 12
419; 12
420; 14
421; 14
422; 16
423; 24
424; 26
425; 26
426; 28
427; 28
428; 30
429; 30
430; 32
431; 32
432; 34
433; 34
434; 36
435; 36
436; 38
437; 38
438; 40
439; 40
440; 42
441; 42
442; 44
443; 44
444; 46
445; 51
446; 53
447; 53
448; 55
449; 55
450; 57
451; 57
452; 59
453; 59
454; 1
455; 1
456; 3
457; 3
458; 5
459; 5
460; 7
461; 7
462; 9
463; 9
464; 11
465; 11
466; 13
467; 21
468; 23
469; 23
470; 25
471; 25
472; 27
473; 27
474; 29
475; 29
476; 31
477; 31
478; 33
479; 33
480; 35
481; 35
482; 37
483; 37
484; 39
485; 39
486; 41
487; 41
488; 43
489; 41
490; 43
491; 43
492; 45
493; 45
494; 47
495; 47
496; 49
497; 49
498; 51
499; 51
500; 53
501; 53
502; 55
503; 55
504; 57
505; 57
506; 59
507; 59
508; 1
509; 1
510; 3
511; 11
512; 13
513; 13
514; 15
515; 15
516; 17
517; 17
518; 19
519; 19
520; 21
521; 21
522; 23
523; 23
524; 25
525; 25
526; 27
527; 27
528; 29
529; 29
530; 31
531; 31
532; 33
533; 48
534; 50
535; 50
536; 52
537; 52
538; 54
539; 54
540; 56
541; 56
542; 58
543; 58
544; 0
545; 0
546; 2
547; 2
548; 4
549; 4
550; 6
551; 6
552; 8
553; 18
554; 20
555; 20
556; 22
557; 22
558; 24
559; 24
560; 26
561; 26
562; 28
563; 28
564; 30
565; 30
566; 32
567; 32
568; 34
569; 34
570; 36
571; 36
572; 38
573; 16
574; 18
575; 18
576; 20
577; 20
578; 22
579; 22
580; 24
581; 24
582; 26
583; 26
584; 28
585; 28
586; 30
587; 30
588; 32
589; 32
590; 34
591; 46
592; 48
593; 48
594; 50
595; 50
596; 52
597; 52
598; 54
599; 54
600; 56
601; 56
602; 58
603; 58
604; 0
605; 0
606; 2
607; 2
608; 4
609; 49
610; 51
611; 51
612; 53
613; 53
614; 55
615; 55
616; 57
617; 57
618; 59
619; 59
620; 1
621; 1
622; 3
623; 3
624; 5
625; 5
626; 7
627; 19
628; 21
629; 21
630; 23
631; 23
632; 25
633; 25
634; 27
635; 27
636; 29
637; 29
638; 31
639; 31
640; 33
641; 33
642; 35
643; 35
644; 37
645; 51
646; 53
647; 53
648; 55
649; 55
650; 57
651; 57
652; 59
653; 59
654; 1
655; 1
656; 3
657; 3
658; 5
659; 5
660; 7
661; 7
662; 9
663; 21
664; 23
665; 23
666; 25
667; 25
668; 27
669; 27
670; 29
671; 29
672; 31
673; 31
674; 33
675; 33
676; 35
677; 35
678; 37
679; 37
680; 39
681; 48
682; 50
683; 50
684; 52
685; 52
686; 54
687; 54
688; 56
689; 56
690; 58
691; 58
692; 0
693; 0
694; 2
695; 2
696; 4
697; 4
698; 6
699; 6
700; 8
701; 8
702; 10
703; 10
704; 12
705; 12
706; 14
707; 14
708; 16
709; 16
710; 18
711; 18
712; 20
713; 20
714; 22
715; 22
716; 24
717; 24
718; 26
719; 26
720; 28
721; 48
722; 50
723; 50
724; 52
725; 52
726; 54
727; 54
728; 56
729; 56
730; 58
731; 58
732; 0
733; 0
734; 2
735; 2
736; 4
737; 4
738; 6
739; 6
740; 8
741; 8
742; 10
743; 10
744; 12
745; 12
746; 14
747; 14
748; 16
749; 16
750; 18
751; 18
752; 20
753; 20
754; 22
755; 22
756; 24
757; 24
758; 26
759; 26
760; 28
761; 0
762; 2
763; 2
764; 4
765; 4
766; 6
767; 6
768; 8
769; 8
770; 10
771; 10
772; 12
773; 12
774; 14
775; 14
776; 16
777; 16
778; 18
779; 18
780; 20
781; 20
782; 22
783; 22
784; 24
785; 24
786; 26
787; 26
788; 28
789; 28
790; 30
791; 30
792; 32
793; 32
794; 34
795; 34
796; 36
797; 36
798; 38
799; 38
800; 40
801; 0
802; 2
803; 2
804; 4
805; 4
806; 6
807; 6
808; 8
809; 8
810; 10
811; 10
812; 12
813; 12
814; 14
815; 14
816; 16
817; 16
818; 18
819; 18
820; 20
821; 20
822; 22
823; 22
824; 24
825; 24
826; 26
827; 26
828; 28
829; 28
830; 30
831; 30
832; 32
833; 32
834; 34
835; 34
836; 36
837; 36
838; 38
839; 38
840; 40
841; 3
842; 5
843; 5
844; 7
845; 7
846; 9
847; 9
848; 11
849; 11
850; 13
851; 13
852; 15
853; 15
854; 17
855; 17
856; 19
857; 19
858; 21
859; 21
860; 23
861; 23
862; 25
863; 25
864; 27
865; 27
866; 29
867; 29
868; 31
869; 31
870; 33
871; 33
872; 35
873; 35
874; 37
875; 37
876; 39
877; 39
878; 41
879; 41
880; 43
881; 3
882; 5
883; 5
884; 7
885; 7
886; 9
887; 9
888; 11
889; 11
890; 13
891; 13
892; 15
893; 15
894; 17
895; 17
896; 19
897; 19
898; 21
899; 21
900; 23
901; 23
902; 25
903; 25
904; 27
905; 27
906; 29
907; 29
908; 31
909; 31
910; 33
911; 33
912; 35
913; 35
914; 37
915; 37
916; 39
917; 39
918; 41
919; 41
920; 43
921; 0
922; 2
923; 2
924; 4
925; 4
926; 6
927; 6
928; 8
929; 8
930; 10
931; 10
932; 12
933; 12
934; 14
935; 14
936; 16
937; 16
938; 18
939; 18
940; 20
941; 20
942; 22
943; 22
944; 24
945; 24
946; 26
947; 26
948; 28
949; 28
950; 30
951; 30
952; 32
953; 32
954; 34
955; 34
956; 36
957; 36
958; 38
959; 38
960; 40
961; 0
962; 2
963; 2
964; 4
965; 4
966; 6
967; 6
968; 8
969; 8
970; 10
971; 10
972; 12
973; 12
974; 14
975; 14
976; 16
977; 16
978; 18
979; 18
980; 20
981; 20
982; 22
983; 22
984; 24
985; 24
986; 26
987; 26
988; 28
989; 28
990; 30
991; 30
992; 32
993; 32
994; 34
995; 34
996; 36
997; 36
998; 38
999; 38
1000; 40
1001; 27
1002; 29
1003; 29
1004; 31
1005; 31
1006; 33
1007; 33
1008; 35
1009; 35
1010; 37
1011; 37
1012; 39
1013; 39
1014; 41
1015; 41
1016; 43
1017; 43
1018; 45
1019; 45
1020; 47
1021; 47
1022; 49
1023; 49
1024; 51
1025; 51
1026; 53
1027; 53
1028; 55
1029; 55
1030; 57
1031; 57
1032; 59
1033; 59
1034; 1
1035; 1
1036; 3
1037; 3
1038; 5
1039; 5
1040; 7
1041; 57
1042; 59
1043; 59
1044; 1
1045; 1
1046; 3
1047; 3
1048; 5
1049; 5
1050; 7
1051; 7
1052; 9
1053; 9
1054; 11
1055; 11
1056; 13
1057; 13
1058; 15
1059; 15
1060; 17
1061; 17
1062; 19
1063; 19
1064; 21
1065; 21
1066; 23
1067; 23
1068; 25
1069; 25
1070; 27
1071; 27
1072; 29
1073; 29
1074; 31
1075; 31
1076; 33
1077; 33
1078; 35
1079; 35
1080; 37
1081; 27
1082; 29
1083; 29
1084; 31
1085; 31
1086; 33
1087; 33
1088; 35
1089; 35
1090; 37
1091; 37
1092; 39
1093; 39
1094; 41
1095; 41
1096; 43
1097; 43
1098; 45
1099; 45
1100; 47
1101; 47
1102; 49
1103; 49
1104; 51
1105; 51
1106; 53
1107; 53
1108; 55
1109; 55
1110; 57
1111; 57
1112; 59
1113; 59
1114; 1
1115; 1
1116; 3
1117; 3
1118; 5
1119; 5
1120; 7
1121; 57
1122; 59
1123; 59
1124; 1
1125; 1
1126; 3
1127; 3
1128; 5
1129; 5
1130; 7
1131; 7
1132; 9
1133; 9
1134; 11
1135; 11
1136; 13
1137; 13
1138; 15
1139; 15
1140; 17
1141; 17
1142; 19
1143; 19
1144; 21
1145; 21
1146; 23
1147; 23
1148; 25
1149; 25
1150; 27
1151; 27
1152; 29
1153; 29
1154; 31
1155; 31
1156; 33
1157; 33
1158; 35
1159; 35
1160; 37
1161; 54
1162; 56
1163; 56
1164; 58
1165; 58
1166; 0
1167; 0
1168; 2
1169; 2
1170; 4
1171; 4
1172; 6
1173; 6
1174; 8
1175; 8
1176; 10
1177; 10
1178; 12
1179; 12
1180; 14
1181; 14
1182; 16
1183; 16
1184; 18
1185; 18
1186; 20
1187; 20
1188; 22
1189; 22
1190; 24
1191; 24
1192; 26
1193; 26
1194; 28
1195; 28
1196; 30
1197; 30
1198; 32
1199; 32
1200; 34
1201; 54
1202; 56
1203; 56
1204; 58
1205; 58
1206; 0
1207; 0
1208; 2
1209; 2
1210; 4
1211; 4
1212; 6
1213; 6
1214; 8
1215; 8
1216; 10
1217; 10
1218; 12
1219; 12
1220; 14
1221; 14
1222; 16
1223; 16
1224; 18
1225; 18
1226; 20
1227; 20
1228; 22
1229; 22
1230; 24
1231; 24
1232; 26
1233; 26
1234; 28
1235; 28
1236; 30
1237; 30
1238; 32
1239; 32
1240; 34
1241; 57
1242; 59
1243; 59
1244; 1
1245; 1
1246; 3
1247; 3
1248; 5
1249; 5
1250; 7
1251; 7
1252; 9
1253; 9
1254; 11
1255; 11
1256; 13
1257; 13
1258; 15
1259; 15
1260; 17
1261; 17
1262; 19
1263; 19
1264; 21
1265; 21
1266; 23
1267; 23
1268; 25
1269; 25
1270; 27
1271; 27
1272; 29
1273; 29
1274; 31
1275; 31
1276; 33
1277; 33
1278; 35
1279; 35
1280; 37
1281; 57
1282; 59
1283; 59
1284; 1
1285; 1
1286; 3
1287; 3
1288; 5
1289; 5
1290; 7
1291; 7
1292; 9
1293; 9
1294; 11
1295; 11
1296; 13
1297; 13
1298; 15
1299; 15
1300; 17
1301; 17
1302; 19
1303; 19
1304; 21
1305; 21
1306; 23
1307; 23
1308; 25
1309; 25
1310; 27
1311; 27
1312; 29
1313; 29
1314; 31
1315; 31
1316; 33
1317; 33
1318; 35
1319; 35
1320; 37
1321; 51
1322; 53
1323; 53
1324; 55
1325; 55
1326; 57
1327; 57
1328; 59
1329; 59
1330; 1
1331; 1
1332; 3
1333; 3
1334; 5
1335; 5
1336; 7
1337; 7
1338; 9
1339; 9
1340; 11
1341; 11
1342; 13
1343; 13
1344; 15
1345; 15
1346; 17
1347; 17
1348; 19
1349; 19
1350; 21
1351; 21
1352; 23
1353; 23
1354; 25
1355; 25
1356; 27
1357; 27
1358; 29
1359; 29
1360; 31
1361; 51
1362; 53
1363; 53
1364; 55
1365; 55
1366; 57
1367; 57
1368; 59
1369; 59
1370; 1
1371; 1
1372; 3
1373; 3
1374; 5
1375; 5
1376; 7
1377; 7
1378; 9
1379; 9
1380; 11
1381; 11
1382; 13
1383; 13
1384; 15
1385; 15
1386; 17
1387; 17
1388; 19
1389; 19
1390; 21
1391; 21
1392; 23
1393; 23
1394; 25
1395; 25
1396; 27
1397; 27
1398; 29
1399; 29
1400; 31
