#event-id; time
1; 0
2; 4
3; 4
4; 8
5; 8
6; 14
7; 14
8; 18
9; 18
10; 35
11; 35
12; 41
13; 0
14; 6
15; 6
16; 23
17; 23
18; 27
19; 27
20; 33
21; 33
22; 37
23; 37
24; 41
25; 0
26; 4
27; 4
28; 11
29; 11
30; 16
31; 16
32; 24
33; 24
34; 28
35; 28
36; 33
37; 30
38; 34
39; 34
40; 41
41; 41
42; 46
43; 46
44; 54
45; 54
46; 58
47; 58
48; 3
49; 0
50; 5
51; 5
52; 9
53; 9
54; 17
55; 17
56; 22
57; 22
58; 29
59; 29
60; 33
61; 30
62; 35
63; 35
64; 39
65; 39
66; 47
67; 47
68; 52
69; 52
70; 59
71; 59
72; 3
73; 0
74; 4
75; 4
76; 11
77; 11
78; 16
79; 16
80; 21
81; 21
82; 28
83; 28
84; 32
85; 0
86; 4
87; 4
88; 11
89; 11
90; 16
91; 16
92; 21
93; 21
94; 28
95; 28
96; 32
97; 0
98; 16
99; 16
100; 20
101; 20
102; 24
103; 24
104; 30
105; 30
106; 34
107; 34
108; 51
109; 0
110; 17
111; 17
112; 21
113; 21
114; 27
115; 27
116; 31
117; 31
118; 35
119; 35
120; 51
121; 0
122; 5
123; 5
124; 10
125; 10
126; 26
127; 26
128; 31
129; 31
130; 38
131; 0
132; 7
133; 7
134; 12
135; 12
136; 28
137; 28
138; 33
139; 33
140; 38
141; 0
142; 5
143; 5
144; 13
145; 13
146; 19
147; 19
148; 23
149; 23
150; 29
151; 30
152; 36
153; 36
154; 40
155; 40
156; 46
157; 46
158; 54
159; 54
160; 59
161; 0
162; 4
163; 4
164; 12
165; 12
166; 16
167; 16
168; 21
169; 21
170; 26
171; 30
172; 34
173; 34
174; 42
175; 42
176; 46
177; 46
178; 51
179; 51
180; 56
181; 30
182; 35
183; 35
184; 40
185; 40
186; 44
187; 44
188; 52
189; 52
190; 56
191; 0
192; 5
193; 5
194; 10
195; 10
196; 14
197; 14
198; 22
199; 22
200; 26
201; 0
202; 4
203; 4
204; 10
205; 10
206; 27
207; 27
208; 33
209; 33
210; 38
211; 0
212; 5
213; 5
214; 11
215; 11
216; 28
217; 28
218; 34
219; 34
220; 38
221; 0
222; 4
223; 4
224; 10
225; 10
226; 15
227; 15
228; 23
229; 23
230; 27
231; 30
232; 34
233; 34
234; 40
235; 40
236; 45
237; 45
238; 53
239; 53
240; 57
241; 30
242; 34
243; 34
244; 42
245; 42
246; 47
247; 47
248; 53
249; 53
250; 57
251; 0
252; 4
253; 4
254; 12
255; 12
256; 17
257; 17
258; 23
259; 23
260; 27
261; 0
262; 4
263; 4
264; 10
265; 10
266; 15
267; 15
268; 20
269; 20
270; 36
271; 20
272; 24
273; 24
274; 30
275; 30
276; 35
277; 35
278; 40
279; 40
280; 56
281; 40
282; 44
283; 44
284; 50
285; 50
286; 55
287; 55
288; 0
289; 0
290; 16
291; 0
292; 16
293; 16
294; 21
295; 21
296; 26
297; 26
298; 32
299; 32
300; 36
301; 20
302; 36
303; 36
304; 41
305; 41
306; 46
307; 46
308; 52
309; 52
310; 56
311; 40
312; 56
313; 56
314; 1
315; 1
316; 6
317; 6
318; 12
319; 12
320; 16
321; 0
322; 4
323; 4
324; 21
325; 21
326; 29
327; 29
328; 34
329; 34
330; 38
331; 0
332; 4
333; 4
334; 9
335; 9
336; 17
337; 17
338; 34
339; 34
340; 38
341; 0
342; 4
343; 4
344; 21
345; 21
346; 27
347; 27
348; 32
349; 32
350; 37
351; 0
352; 5
353; 5
354; 10
355; 10
356; 16
357; 16
358; 33
359; 33
360; 37
361; 0
362; 7
363; 7
364; 12
365; 12
366; 20
367; 20
368; 24
369; 24
370; 29
371; 30
372; 35
373; 35
374; 39
375; 39
376; 47
377; 47
378; 52
379; 52
380; 59
381; 0
382; 5
383; 5
384; 12
385; 12
386; 17
387; 17
388; 23
389; 23
390; 29
391; 30
392; 36
393; 36
394; 42
395; 42
396; 47
397; 47
398; 54
399; 54
400; 59
401; 0
402; 5
403; 5
404; 12
405; 12
406; 17
407; 17
408; 25
409; 25
410; 29
411; 30
412; 34
413; 34
414; 42
415; 42
416; 47
417; 47
418; 54
419; 54
420; 59
421; 0
422; 5
423; 5
424; 12
425; 12
426; 17
427; 17
428; 25
429; 25
430; 31
431; 0
432; 6
433; 6
434; 14
435; 14
436; 19
437; 19
438; 26
439; 26
440; 31
441; 0
442; 5
443; 5
444; 10
445; 10
446; 14
447; 14
448; 20
449; 20
450; 26
451; 30
452; 36
453; 36
454; 42
455; 42
456; 46
457; 46
458; 51
459; 51
460; 56
461; 0
462; 4
463; 4
464; 8
465; 8
466; 12
467; 12
468; 16
469; 16
470; 20
471; 30
472; 34
473; 34
474; 38
475; 38
476; 42
477; 42
478; 46
479; 46
480; 50
481; 30
482; 34
483; 34
484; 38
485; 38
486; 42
487; 42
488; 46
489; 46
490; 50
491; 0
492; 4
493; 4
494; 8
495; 8
496; 12
497; 12
498; 16
499; 16
500; 20
501; 0
502; 4
503; 4
504; 8
505; 8
506; 14
507; 14
508; 18
509; 18
510; 26
511; 20
512; 24
513; 24
514; 28
515; 28
516; 34
517; 34
518; 38
519; 38
520; 46
521; 40
522; 44
523; 44
524; 48
525; 48
526; 54
527; 54
528; 58
529; 58
530; 6
531; 30
532; 38
533; 38
534; 42
535; 42
536; 48
537; 48
538; 52
539; 52
540; 56
541; 50
542; 58
543; 58
544; 2
545; 2
546; 8
547; 8
548; 12
549; 12
550; 16
551; 10
552; 18
553; 18
554; 22
555; 22
556; 28
557; 28
558; 32
559; 32
560; 36
561; 0
562; 4
563; 4
564; 11
565; 11
566; 16
567; 16
568; 24
569; 24
570; 29
571; 30
572; 34
573; 34
574; 41
575; 41
576; 46
577; 46
578; 54
579; 54
580; 59
581; 30
582; 35
583; 35
584; 43
585; 43
586; 48
587; 48
588; 55
589; 55
590; 59
591; 0
592; 5
593; 5
594; 13
595; 13
596; 18
597; 18
598; 25
599; 25
600; 29
601; 0
602; 4
603; 4
604; 12
605; 12
606; 18
607; 18
608; 23
609; 30
610; 34
611; 34
612; 42
613; 42
614; 48
615; 48
616; 53
617; 30
618; 35
619; 35
620; 41
621; 41
622; 49
623; 49
624; 53
625; 0
626; 5
627; 5
628; 11
629; 11
630; 19
631; 19
632; 23
633; 10
634; 14
635; 14
636; 20
637; 20
638; 24
639; 24
640; 29
641; 30
642; 34
643; 34
644; 40
645; 40
646; 44
647; 44
648; 49
649; 50
650; 54
651; 54
652; 0
653; 0
654; 4
655; 4
656; 9
657; 40
658; 45
659; 45
660; 49
661; 49
662; 55
663; 55
664; 59
665; 0
666; 5
667; 5
668; 9
669; 9
670; 15
671; 15
672; 19
673; 20
674; 25
675; 25
676; 29
677; 29
678; 35
679; 35
680; 39
681; 0
682; 4
683; 4
684; 9
685; 9
686; 14
687; 14
688; 19
689; 30
690; 34
691; 34
692; 39
693; 39
694; 44
695; 44
696; 49
697; 30
698; 35
699; 35
700; 40
701; 40
702; 45
703; 45
704; 49
705; 0
706; 5
707; 5
708; 10
709; 10
710; 15
711; 15
712; 19
713; 0
714; 5
715; 5
716; 13
717; 13
718; 19
719; 19
720; 25
721; 30
722; 36
723; 36
724; 42
725; 42
726; 50
727; 50
728; 55
729; 0
730; 8
731; 8
732; 13
733; 13
734; 17
735; 17
736; 22
737; 30
738; 35
739; 35
740; 39
741; 39
742; 44
743; 44
744; 52
745; 0
746; 5
747; 5
748; 10
749; 10
750; 15
751; 15
752; 19
753; 30
754; 34
755; 34
756; 39
757; 39
758; 44
759; 44
760; 49
761; 0
762; 5
763; 5
764; 10
765; 10
766; 16
767; 16
768; 24
769; 30
770; 38
771; 38
772; 44
773; 44
774; 49
775; 49
776; 54
777; 0
778; 4
779; 4
780; 12
781; 12
782; 16
783; 16
784; 21
785; 30
786; 35
787; 35
788; 39
789; 39
790; 47
791; 47
792; 51
793; 0
794; 4
795; 4
796; 12
797; 12
798; 16
799; 16
800; 24
801; 30
802; 38
803; 38
804; 42
805; 42
806; 50
807; 50
808; 54
809; 0
810; 4
811; 4
812; 9
813; 9
814; 14
815; 14
816; 30
817; 30
818; 46
819; 46
820; 51
821; 51
822; 56
823; 56
824; 0
825; 0
826; 4
827; 4
828; 10
829; 10
830; 18
831; 18
832; 22
833; 30
834; 34
835; 34
836; 42
837; 42
838; 48
839; 48
840; 52
841; 0
842; 6
843; 6
844; 12
845; 12
846; 16
847; 16
848; 24
849; 30
850; 38
851; 38
852; 42
853; 42
854; 48
855; 48
856; 54
857; 0
858; 6
859; 6
860; 10
861; 10
862; 16
863; 16
864; 20
865; 30
866; 34
867; 34
868; 40
869; 40
870; 44
871; 44
872; 50
873; 0
874; 5
875; 5
876; 12
877; 12
878; 20
879; 20
880; 24
881; 30
882; 35
883; 35
884; 42
885; 42
886; 50
887; 50
888; 54
889; 30
890; 34
891; 34
892; 42
893; 42
894; 49
895; 49
896; 54
897; 0
898; 4
899; 4
900; 12
901; 12
902; 19
903; 19
904; 24
905; 21
906; 26
907; 26
908; 33
909; 33
910; 38
911; 38
912; 45
913; 51
914; 56
915; 56
916; 3
917; 3
918; 8
919; 8
920; 15
921; 51
922; 58
923; 58
924; 3
925; 3
926; 10
927; 10
928; 15
929; 21
930; 28
931; 28
932; 33
933; 33
934; 40
935; 40
936; 45
937; 0
938; 16
939; 16
940; 20
941; 20
942; 24
943; 24
944; 28
945; 30
946; 46
947; 46
948; 50
949; 50
950; 54
951; 54
952; 58
953; 30
954; 34
955; 34
956; 38
957; 38
958; 42
959; 42
960; 58
961; 0
962; 4
963; 4
964; 8
965; 8
966; 12
967; 12
968; 28
969; 0
970; 5
971; 5
972; 11
973; 11
974; 15
975; 30
976; 34
977; 34
978; 40
979; 40
980; 45
981; 0
982; 8
983; 8
984; 12
985; 12
986; 17
987; 30
988; 35
989; 35
990; 39
991; 39
992; 47
993; 0
994; 5
995; 5
996; 10
997; 10
998; 14
999; 30
1000; 34
1001; 34
1002; 39
1003; 39
1004; 44
1005; 0
1006; 6
1007; 6
1008; 12
1009; 12
1010; 16
1011; 30
1012; 34
1013; 34
1014; 40
1015; 40
1016; 46
1017; 0
1018; 4
1019; 4
1020; 11
1021; 11
1022; 15
1023; 30
1024; 34
1025; 34
1026; 41
1027; 41
1028; 45
1029; 0
1030; 6
1031; 6
1032; 10
1033; 10
1034; 14
1035; 30
1036; 36
1037; 36
1038; 40
1039; 40
1040; 44
1041; 30
1042; 34
1043; 34
1044; 38
1045; 38
1046; 44
1047; 0
1048; 4
1049; 4
1050; 8
1051; 8
1052; 14
1053; 0
1054; 4
1055; 4
1056; 8
1057; 8
1058; 15
1059; 30
1060; 37
1061; 37
1062; 41
1063; 41
1064; 45
1065; 37
1066; 41
1067; 41
1068; 45
1069; 45
1070; 51
1071; 57
1072; 1
1073; 1
1074; 5
1075; 5
1076; 11
1077; 17
1078; 21
1079; 21
1080; 25
1081; 25
1082; 31
1083; 7
1084; 13
1085; 13
1086; 17
1087; 17
1088; 21
1089; 27
1090; 33
1091; 33
1092; 37
1093; 37
1094; 41
1095; 47
1096; 53
1097; 53
1098; 57
1099; 57
1100; 1
1101; 0
1102; 5
1103; 5
1104; 11
1105; 11
1106; 15
1107; 30
1108; 34
1109; 34
1110; 40
1111; 40
1112; 45
1113; 0
1114; 5
1115; 5
1116; 10
1117; 10
1118; 26
1119; 26
1120; 33
1121; 33
1122; 38
1123; 38
1124; 43
1125; 43
1126; 49
1127; 49
1128; 53
1129; 0
1130; 4
1131; 4
1132; 10
1133; 10
1134; 15
1135; 15
1136; 20
1137; 20
1138; 27
1139; 27
1140; 43
1141; 43
1142; 48
1143; 48
1144; 53
1145; 0
1146; 8
1147; 8
1148; 12
1149; 12
1150; 18
1151; 18
1152; 22
1153; 22
1154; 26
1155; 26
1156; 32
1157; 32
1158; 36
1159; 30
1160; 38
1161; 38
1162; 42
1163; 42
1164; 48
1165; 48
1166; 52
1167; 52
1168; 56
1169; 56
1170; 2
1171; 2
1172; 6
1173; 0
1174; 4
1175; 4
1176; 10
1177; 10
1178; 14
1179; 14
1180; 18
1181; 18
1182; 24
1183; 24
1184; 28
1185; 28
1186; 36
1187; 30
1188; 34
1189; 34
1190; 40
1191; 40
1192; 44
1193; 44
1194; 48
1195; 48
1196; 54
1197; 54
1198; 58
1199; 58
1200; 6
1201; 0
1202; 6
1203; 6
1204; 11
1205; 11
1206; 15
1207; 15
1208; 23
1209; 23
1210; 28
1211; 28
1212; 33
1213; 0
1214; 5
1215; 5
1216; 10
1217; 10
1218; 18
1219; 18
1220; 22
1221; 22
1222; 27
1223; 27
1224; 33
1225; 0
1226; 6
1227; 6
1228; 11
1229; 11
1230; 15
1231; 15
1232; 23
1233; 23
1234; 27
1235; 27
1236; 31
1237; 0
1238; 4
1239; 4
1240; 8
1241; 8
1242; 16
1243; 16
1244; 20
1245; 20
1246; 25
1247; 25
1248; 31
1249; 0
1250; 4
1251; 4
1252; 12
1253; 12
1254; 19
1255; 19
1256; 24
1257; 24
1258; 30
1259; 30
1260; 34
1261; 30
1262; 34
1263; 34
1264; 42
1265; 42
1266; 49
1267; 49
1268; 54
1269; 54
1270; 0
1271; 0
1272; 4
1273; 0
1274; 4
1275; 4
1276; 10
1277; 10
1278; 15
1279; 15
1280; 22
1281; 22
1282; 30
1283; 30
1284; 34
1285; 30
1286; 34
1287; 34
1288; 40
1289; 40
1290; 45
1291; 45
1292; 52
1293; 52
1294; 0
1295; 0
1296; 4
1297; 0
1298; 7
1299; 7
1300; 11
1301; 11
1302; 15
1303; 15
1304; 20
1305; 20
1306; 25
1307; 25
1308; 29
1309; 30
1310; 34
1311; 34
1312; 39
1313; 39
1314; 44
1315; 44
1316; 48
1317; 48
1318; 52
1319; 52
1320; 59
1321; 0
1322; 4
1323; 4
1324; 10
1325; 10
1326; 14
1327; 14
1328; 20
1329; 20
1330; 24
1331; 24
1332; 28
1333; 30
1334; 34
1335; 34
1336; 38
1337; 38
1338; 44
1339; 44
1340; 48
1341; 48
1342; 54
1343; 54
1344; 58
1345; 0
1346; 4
1347; 4
1348; 8
1349; 8
1350; 14
1351; 14
1352; 18
1353; 18
1354; 22
1355; 22
1356; 26
1357; 30
1358; 34
1359; 34
1360; 38
1361; 38
1362; 44
1363; 44
1364; 48
1365; 48
1366; 52
1367; 52
1368; 56
1369; 30
1370; 34
1371; 34
1372; 38
1373; 38
1374; 42
1375; 42
1376; 48
1377; 48
1378; 52
1379; 52
1380; 56
1381; 0
1382; 4
1383; 4
1384; 8
1385; 8
1386; 12
1387; 12
1388; 18
1389; 18
1390; 22
1391; 22
1392; 26
1393; 0
1394; 5
1395; 5
1396; 10
1397; 10
1398; 26
1399; 26
1400; 33
1401; 33
1402; 37
1403; 0
1404; 4
1405; 4
1406; 11
1407; 11
1408; 27
1409; 27
1410; 32
1411; 32
1412; 37
1413; 0
1414; 6
1415; 6
1416; 11
1417; 11
1418; 16
1419; 16
1420; 21
1421; 21
1422; 26
1423; 20
1424; 26
1425; 26
1426; 31
1427; 31
1428; 36
1429; 36
1430; 41
1431; 41
1432; 46
1433; 40
1434; 46
1435; 46
1436; 51
1437; 51
1438; 56
1439; 56
1440; 1
1441; 1
1442; 6
1443; 30
1444; 35
1445; 35
1446; 40
1447; 40
1448; 45
1449; 45
1450; 50
1451; 50
1452; 56
1453; 50
1454; 55
1455; 55
1456; 0
1457; 0
1458; 5
1459; 5
1460; 10
1461; 10
1462; 16
1463; 10
1464; 15
1465; 15
1466; 20
1467; 20
1468; 25
1469; 25
1470; 30
1471; 30
1472; 36
1473; 0
1474; 4
1475; 4
1476; 8
1477; 8
1478; 14
1479; 14
1480; 19
1481; 19
1482; 27
1483; 20
1484; 24
1485; 24
1486; 28
1487; 28
1488; 34
1489; 34
1490; 39
1491; 39
1492; 47
1493; 40
1494; 44
1495; 44
1496; 48
1497; 48
1498; 54
1499; 54
1500; 59
1501; 59
1502; 7
1503; 30
1504; 38
1505; 38
1506; 43
1507; 43
1508; 49
1509; 49
1510; 53
1511; 53
1512; 57
1513; 50
1514; 58
1515; 58
1516; 3
1517; 3
1518; 9
1519; 9
1520; 13
1521; 13
1522; 17
1523; 10
1524; 18
1525; 18
1526; 23
1527; 23
1528; 29
1529; 29
1530; 33
1531; 33
1532; 37
1533; 0
1534; 5
1535; 5
1536; 10
1537; 10
1538; 16
1539; 16
1540; 22
1541; 22
1542; 26
1543; 30
1544; 34
1545; 34
1546; 40
1547; 40
1548; 46
1549; 46
1550; 51
1551; 51
1552; 56
1553; 0
1554; 8
1555; 8
1556; 13
1557; 13
1558; 17
1559; 17
1560; 21
1561; 30
1562; 34
1563; 34
1564; 38
1565; 38
1566; 43
1567; 43
1568; 51
1569; 0
1570; 5
1571; 5
1572; 10
1573; 10
1574; 14
1575; 14
1576; 18
1577; 30
1578; 34
1579; 34
1580; 38
1581; 38
1582; 43
1583; 43
1584; 48
1585; 0
1586; 5
1587; 5
1588; 12
1589; 12
1590; 17
1591; 17
1592; 21
1593; 20
1594; 25
1595; 25
1596; 32
1597; 32
1598; 37
1599; 37
1600; 41
1601; 40
1602; 45
1603; 45
1604; 52
1605; 52
1606; 57
1607; 57
1608; 1
1609; 30
1610; 34
1611; 34
1612; 39
1613; 39
1614; 46
1615; 46
1616; 51
1617; 50
1618; 54
1619; 54
1620; 59
1621; 59
1622; 6
1623; 6
1624; 11
1625; 10
1626; 14
1627; 14
1628; 19
1629; 19
1630; 26
1631; 26
1632; 31
1633; 0
1634; 4
1635; 4
1636; 10
1637; 10
1638; 14
1639; 14
1640; 18
1641; 20
1642; 24
1643; 24
1644; 30
1645; 30
1646; 34
1647; 34
1648; 38
1649; 40
1650; 44
1651; 44
1652; 50
1653; 50
1654; 54
1655; 54
1656; 58
1657; 30
1658; 34
1659; 34
1660; 38
1661; 38
1662; 44
1663; 44
1664; 48
1665; 50
1666; 54
1667; 54
1668; 58
1669; 58
1670; 4
1671; 4
1672; 8
1673; 10
1674; 14
1675; 14
1676; 18
1677; 18
1678; 24
1679; 24
1680; 28
1681; 0
1682; 8
1683; 8
1684; 13
1685; 13
1686; 17
1687; 20
1688; 28
1689; 28
1690; 33
1691; 33
1692; 37
1693; 40
1694; 48
1695; 48
1696; 53
1697; 53
1698; 57
1699; 30
1700; 34
1701; 34
1702; 39
1703; 39
1704; 47
1705; 50
1706; 54
1707; 54
1708; 59
1709; 59
1710; 7
1711; 10
1712; 14
1713; 14
1714; 19
1715; 19
1716; 27
1717; 0
1718; 4
1719; 4
1720; 9
1721; 9
1722; 13
1723; 30
1724; 34
1725; 34
1726; 39
1727; 39
1728; 43
1729; 30
1730; 34
1731; 34
1732; 39
1733; 39
1734; 43
1735; 0
1736; 4
1737; 4
1738; 9
1739; 9
1740; 13
1741; 0
1742; 5
1743; 30
1744; 35
1745; 0
1746; 16
1747; 30
1748; 46
1749; 0
1750; 5
1751; 5
1752; 10
1753; 10
1754; 16
1755; 30
1756; 36
1757; 36
1758; 41
1759; 41
1760; 46
1761; 0
1762; 5
1763; 5
1764; 10
1765; 10
1766; 16
1767; 16
1768; 22
1769; 30
1770; 35
1771; 35
1772; 40
1773; 40
1774; 46
1775; 46
1776; 52
1777; 30
1778; 36
1779; 36
1780; 42
1781; 42
1782; 47
1783; 47
1784; 52
1785; 0
1786; 6
1787; 6
1788; 12
1789; 12
1790; 17
1791; 17
1792; 22
1793; 0
1794; 6
1795; 6
1796; 12
1797; 30
1798; 36
1799; 36
1800; 42
1801; 0
1802; 5
1803; 5
1804; 10
1805; 10
1806; 17
1807; 15
1808; 20
1809; 20
1810; 25
1811; 25
1812; 32
1813; 30
1814; 35
1815; 35
1816; 40
1817; 40
1818; 47
1819; 45
1820; 50
1821; 50
1822; 55
1823; 55
1824; 2
1825; 30
1826; 37
1827; 37
1828; 42
1829; 42
1830; 47
1831; 45
1832; 52
1833; 52
1834; 57
1835; 57
1836; 2
1837; 0
1838; 7
1839; 7
1840; 12
1841; 12
1842; 17
1843; 15
1844; 22
1845; 22
1846; 27
1847; 27
1848; 32
1849; 0
1850; 5
1851; 5
1852; 11
1853; 30
1854; 36
1855; 36
1856; 41
1857; 0
1858; 5
1859; 5
1860; 13
1861; 30
1862; 38
1863; 38
1864; 43
1865; 0
1866; 7
1867; 7
1868; 15
1869; 15
1870; 19
1871; 19
1872; 24
1873; 30
1874; 37
1875; 37
1876; 45
1877; 45
1878; 49
1879; 49
1880; 54
1881; 30
1882; 35
1883; 35
1884; 39
1885; 39
1886; 47
1887; 47
1888; 54
1889; 0
1890; 5
1891; 5
1892; 9
1893; 9
1894; 17
1895; 17
1896; 24
1897; 21
1898; 25
1899; 25
1900; 29
1901; 29
1902; 33
1903; 33
1904; 37
1905; 37
1906; 41
1907; 41
1908; 49
1909; 28
1910; 32
1911; 32
1912; 36
1913; 36
1914; 40
1915; 40
1916; 44
1917; 44
1918; 48
1919; 48
1920; 56
1921; 36
1922; 40
1923; 40
1924; 44
1925; 44
1926; 48
1927; 48
1928; 52
1929; 52
1930; 56
1931; 56
1932; 4
1933; 43
1934; 47
1935; 47
1936; 51
1937; 51
1938; 55
1939; 55
1940; 59
1941; 59
1942; 3
1943; 3
1944; 11
1945; 51
1946; 55
1947; 55
1948; 59
1949; 59
1950; 3
1951; 3
1952; 7
1953; 7
1954; 11
1955; 11
1956; 19
1957; 58
1958; 2
1959; 2
1960; 6
1961; 6
1962; 10
1963; 10
1964; 14
1965; 14
1966; 18
1967; 18
1968; 26
1969; 6
1970; 10
1971; 10
1972; 14
1973; 14
1974; 18
1975; 18
1976; 22
1977; 22
1978; 26
1979; 26
1980; 34
1981; 13
1982; 17
1983; 17
1984; 21
1985; 21
1986; 25
1987; 25
1988; 29
1989; 29
1990; 33
1991; 33
1992; 41
1993; 51
1994; 59
1995; 59
1996; 3
1997; 3
1998; 7
1999; 7
2000; 11
2001; 11
2002; 15
2003; 15
2004; 19
2005; 58
2006; 6
2007; 6
2008; 10
2009; 10
2010; 14
2011; 14
2012; 18
2013; 18
2014; 22
2015; 22
2016; 26
2017; 6
2018; 14
2019; 14
2020; 18
2021; 18
2022; 22
2023; 22
2024; 26
2025; 26
2026; 30
2027; 30
2028; 34
2029; 13
2030; 21
2031; 21
2032; 25
2033; 25
2034; 29
2035; 29
2036; 33
2037; 33
2038; 37
2039; 37
2040; 41
2041; 21
2042; 29
2043; 29
2044; 33
2045; 33
2046; 37
2047; 37
2048; 41
2049; 41
2050; 45
2051; 45
2052; 49
2053; 28
2054; 36
2055; 36
2056; 40
2057; 40
2058; 44
2059; 44
2060; 48
2061; 48
2062; 52
2063; 52
2064; 56
2065; 36
2066; 44
2067; 44
2068; 48
2069; 48
2070; 52
2071; 52
2072; 56
2073; 56
2074; 0
2075; 0
2076; 4
2077; 43
2078; 51
2079; 51
2080; 55
2081; 55
2082; 59
2083; 59
2084; 3
2085; 3
2086; 7
2087; 7
2088; 11
