#line-id;line-code;direction;edge-order;edge-id;frequency;departure_time;arrival_time
1;1H;<;1;1;5;0;6
1;1H;<;2;2;5;6;12
1;1H;<;3;3;5;12;18
1;1H;<;4;4;5;18;24
1;1R;>;1;4;5;3;9
1;1R;>;2;3;5;9;15
1;1R;>;3;2;5;15;21
1;1R;>;4;1;5;21;27
2;2H;<;1;5;3;9;15
2;2H;<;2;6;3;15;21
2;2H;<;3;7;3;21;27
2;2H;<;4;8;3;27;33
2;2R;>;1;8;3;9;15
2;2R;>;2;7;3;15;21
2;2R;>;3;6;3;21;27
2;2R;>;4;5;3;27;33
3;3H;<;1;9;3;0;6
3;3H;<;2;10;3;6;12
3;3H;<;3;11;3;13;19
3;3H;<;4;12;3;19;25
3;3R;>;1;12;3;15;21
3;3R;>;2;11;3;21;27
3;3R;>;3;10;3;27;33
3;3R;>;4;9;3;33;39
4;4H;<;1;13;3;6;12
4;4H;<;2;14;3;12;18
4;4H;<;3;15;3;18;24
4;4H;<;4;16;3;24;30
4;4R;>;1;16;3;11;17
4;4R;>;2;15;3;17;23
4;4R;>;3;14;3;23;29
4;4R;>;4;13;3;29;35
5;5H;<;1;17;3;3;9
5;5H;<;2;18;3;9;15
5;5H;<;3;19;3;15;21
5;5H;<;4;20;3;21;27
5;5R;>;1;20;3;19;25
5;5R;>;2;19;3;25;31
5;5R;>;3;18;3;31;37
5;5R;>;4;17;3;37;43
8;8H;<;1;29;11;3;9
8;8H;<;2;30;11;9;15
8;8H;<;3;31;11;15;21
8;8H;<;4;32;11;21;27
8;8R;>;1;32;11;4;10
8;8R;>;2;31;11;11;19
8;8R;>;3;30;11;20;26
8;8R;>;4;29;11;26;32
