# line-id; line-code; direction; stop-order; stop-id; frequency; arrival_time; departure_time; line-repetition
1; 1H; >; 1; 23; 1; 0; 0; 1
1; 1H; >; 2; 14; 1; 4; 4; 1
1; 1H; >; 3; 11; 1; 12; 12; 1
1; 1H; >; 4; 4; 1; 19; 19; 1
1; 1H; >; 5; 3; 1; 24; 24; 1
1; 1H; >; 6; 1; 1; 28; 28; 1
1; 1H; >; 7; 2; 1; 44; 44; 1
1; 1H; >; 8; 6; 1; 48; 48; 1
1; 1H; >; 9; 8; 1; 52; 52; 1
1; 1H; >; 10; 16; 1; 56; 56; 1
1; 1H; >; 11; 18; 1; 2; 2; 1
1; 1H; >; 12; 7; 1; 6; 6; 1
1; 1R; <; 1; 7; 1; 30; 30; 1
1; 1R; <; 2; 18; 1; 34; 34; 1
1; 1R; <; 3; 16; 1; 40; 40; 1
1; 1R; <; 4; 8; 1; 44; 44; 1
1; 1R; <; 5; 6; 1; 48; 48; 1
1; 1R; <; 6; 2; 1; 52; 52; 1
1; 1R; <; 7; 1; 1; 8; 8; 1
1; 1R; <; 8; 3; 1; 12; 12; 1
1; 1R; <; 9; 4; 1; 17; 17; 1
1; 1R; <; 10; 11; 1; 24; 24; 1
1; 1R; <; 11; 14; 1; 32; 32; 1
1; 1R; <; 12; 23; 1; 36; 36; 1
2; 2H; >; 1; 24; 1; 0; 0; 1
2; 2H; >; 2; 13; 1; 5; 5; 1
2; 2H; >; 3; 12; 1; 21; 21; 1
2; 2H; >; 4; 3; 1; 28; 28; 1
2; 2H; >; 5; 1; 1; 32; 32; 1
2; 2H; >; 6; 2; 1; 48; 48; 1
2; 2H; >; 7; 6; 1; 52; 52; 1
2; 2H; >; 8; 8; 1; 56; 56; 1
2; 2H; >; 9; 16; 1; 0; 0; 1
2; 2H; >; 10; 18; 1; 6; 6; 1
2; 2H; >; 11; 7; 1; 10; 10; 1
2; 2R; <; 1; 7; 1; 30; 30; 1
2; 2R; <; 2; 18; 1; 34; 34; 1
2; 2R; <; 3; 16; 1; 40; 40; 1
2; 2R; <; 4; 8; 1; 44; 44; 1
2; 2R; <; 5; 6; 1; 48; 48; 1
2; 2R; <; 6; 2; 1; 52; 52; 1
2; 2R; <; 7; 1; 1; 8; 8; 1
2; 2R; <; 8; 3; 1; 12; 12; 1
2; 2R; <; 9; 12; 1; 19; 19; 1
2; 2R; <; 10; 13; 1; 35; 35; 1
2; 2R; <; 11; 24; 1; 40; 40; 1
3; 3H; >; 1; 18; 1; 0; 0; 1
3; 3H; >; 2; 7; 1; 4; 4; 1
3; 3H; >; 3; 8; 1; 10; 10; 1
3; 3H; >; 4; 16; 1; 14; 14; 1
3; 3H; >; 5; 17; 1; 18; 18; 1
3; 3H; >; 6; 19; 1; 22; 22; 1
3; 3H; >; 7; 20; 1; 30; 30; 1
3; 3H; >; 8; 22; 1; 38; 38; 1
3; 3H; >; 9; 23; 1; 43; 43; 1
3; 3H; >; 10; 14; 1; 47; 47; 1
3; 3H; >; 11; 15; 1; 52; 52; 1
3; 3R; <; 1; 15; 1; 0; 0; 1
3; 3R; <; 2; 14; 1; 5; 5; 1
3; 3R; <; 3; 23; 1; 9; 9; 1
3; 3R; <; 4; 22; 1; 14; 14; 1
3; 3R; <; 5; 20; 1; 22; 22; 1
3; 3R; <; 6; 19; 1; 30; 30; 1
3; 3R; <; 7; 17; 1; 34; 34; 1
3; 3R; <; 8; 16; 1; 38; 38; 1
3; 3R; <; 9; 8; 1; 42; 42; 1
3; 3R; <; 10; 7; 1; 48; 48; 1
3; 3R; <; 11; 18; 1; 52; 52; 1
4; 4H; >; 1; 18; 2; 0; 0; 1
4; 4H; >; 2; 7; 2; 4; 4; 1
4; 4H; >; 3; 8; 2; 10; 10; 1
4; 4H; >; 4; 16; 2; 14; 14; 1
4; 4H; >; 5; 17; 2; 18; 18; 1
4; 4H; >; 6; 19; 2; 22; 22; 1
4; 4H; >; 7; 20; 2; 30; 30; 1
4; 4H; >; 8; 22; 2; 38; 38; 1
4; 4H; >; 9; 21; 2; 43; 43; 1
4; 4H; >; 10; 24; 2; 48; 48; 1
4; 4H; >; 11; 13; 2; 53; 53; 1
4; 4H; >; 1; 18; 2; 30; 30; 2
4; 4H; >; 2; 7; 2; 34; 34; 2
4; 4H; >; 3; 8; 2; 40; 40; 2
4; 4H; >; 4; 16; 2; 44; 44; 2
4; 4H; >; 5; 17; 2; 48; 48; 2
4; 4H; >; 6; 19; 2; 52; 52; 2
4; 4H; >; 7; 20; 2; 0; 0; 2
4; 4H; >; 8; 22; 2; 8; 8; 2
4; 4H; >; 9; 21; 2; 13; 13; 2
4; 4H; >; 10; 24; 2; 18; 18; 2
4; 4H; >; 11; 13; 2; 23; 23; 2
4; 4R; <; 1; 13; 2; 0; 0; 1
4; 4R; <; 2; 24; 2; 5; 5; 1
4; 4R; <; 3; 21; 2; 10; 10; 1
4; 4R; <; 4; 22; 2; 15; 15; 1
4; 4R; <; 5; 20; 2; 23; 23; 1
4; 4R; <; 6; 19; 2; 31; 31; 1
4; 4R; <; 7; 17; 2; 35; 35; 1
4; 4R; <; 8; 16; 2; 39; 39; 1
4; 4R; <; 9; 8; 2; 43; 43; 1
4; 4R; <; 10; 7; 2; 49; 49; 1
4; 4R; <; 11; 18; 2; 53; 53; 1
4; 4R; <; 1; 13; 2; 30; 30; 2
4; 4R; <; 2; 24; 2; 35; 35; 2
4; 4R; <; 3; 21; 2; 40; 40; 2
4; 4R; <; 4; 22; 2; 45; 45; 2
4; 4R; <; 5; 20; 2; 53; 53; 2
4; 4R; <; 6; 19; 2; 1; 1; 2
4; 4R; <; 7; 17; 2; 5; 5; 2
4; 4R; <; 8; 16; 2; 9; 9; 2
4; 4R; <; 9; 8; 2; 13; 13; 2
4; 4R; <; 10; 7; 2; 19; 19; 2
4; 4R; <; 11; 18; 2; 23; 23; 2
6; 6H; >; 1; 24; 1; 0; 0; 1
6; 6H; >; 2; 13; 1; 5; 5; 1
6; 6H; >; 3; 12; 1; 21; 21; 1
6; 6H; >; 4; 3; 1; 28; 28; 1
6; 6H; >; 5; 4; 1; 33; 33; 1
6; 6H; >; 6; 5; 1; 38; 38; 1
6; 6H; >; 7; 9; 1; 42; 42; 1
6; 6H; >; 8; 10; 1; 46; 46; 1
6; 6H; >; 9; 17; 1; 53; 53; 1
6; 6R; <; 1; 17; 1; 0; 0; 1
6; 6R; <; 2; 10; 1; 7; 7; 1
6; 6R; <; 3; 9; 1; 11; 11; 1
6; 6R; <; 4; 5; 1; 15; 15; 1
6; 6R; <; 5; 4; 1; 20; 20; 1
6; 6R; <; 6; 3; 1; 25; 25; 1
6; 6R; <; 7; 12; 1; 32; 32; 1
6; 6R; <; 8; 13; 1; 48; 48; 1
6; 6R; <; 9; 24; 1; 53; 53; 1
7; 7H; >; 1; 20; 1; 0; 0; 1
7; 7H; >; 2; 21; 1; 6; 6; 1
7; 7H; >; 3; 22; 1; 11; 11; 1
7; 7H; >; 4; 15; 1; 15; 15; 1
7; 7H; >; 5; 14; 1; 20; 20; 1
7; 7H; >; 6; 23; 1; 24; 24; 1
7; 7H; >; 7; 24; 1; 29; 29; 1
7; 7H; >; 8; 13; 1; 34; 34; 1
7; 7R; <; 1; 13; 1; 0; 0; 1
7; 7R; <; 2; 24; 1; 5; 5; 1
7; 7R; <; 3; 23; 1; 10; 10; 1
7; 7R; <; 4; 14; 1; 14; 14; 1
7; 7R; <; 5; 15; 1; 19; 19; 1
7; 7R; <; 6; 22; 1; 23; 23; 1
7; 7R; <; 7; 21; 1; 28; 28; 1
7; 7R; <; 8; 20; 1; 34; 34; 1
8; 8H; >; 1; 23; 1; 0; 0; 1
8; 8H; >; 2; 14; 1; 4; 4; 1
8; 8H; >; 3; 11; 1; 12; 12; 1
8; 8H; >; 4; 4; 1; 19; 19; 1
8; 8H; >; 5; 5; 1; 24; 24; 1
8; 8H; >; 6; 9; 1; 28; 28; 1
8; 8H; >; 7; 10; 1; 32; 32; 1
8; 8H; >; 8; 17; 1; 39; 39; 1
8; 8R; <; 1; 17; 1; 0; 0; 1
8; 8R; <; 2; 10; 1; 7; 7; 1
8; 8R; <; 3; 9; 1; 11; 11; 1
8; 8R; <; 4; 5; 1; 15; 15; 1
8; 8R; <; 5; 4; 1; 20; 20; 1
8; 8R; <; 6; 11; 1; 27; 27; 1
8; 8R; <; 7; 14; 1; 35; 35; 1
8; 8R; <; 8; 23; 1; 39; 39; 1
9; 9H; >; 1; 14; 2; 0; 0; 1
9; 9H; >; 2; 11; 2; 8; 8; 1
9; 9H; >; 3; 10; 2; 13; 13; 1
9; 9H; >; 4; 15; 2; 21; 21; 1
9; 9H; >; 5; 22; 2; 25; 25; 1
9; 9H; >; 6; 23; 2; 30; 30; 1
9; 9H; >; 7; 24; 2; 35; 35; 1
9; 9H; >; 8; 13; 2; 40; 40; 1
9; 9H; >; 1; 14; 2; 30; 30; 2
9; 9H; >; 2; 11; 2; 38; 38; 2
9; 9H; >; 3; 10; 2; 43; 43; 2
9; 9H; >; 4; 15; 2; 51; 51; 2
9; 9H; >; 5; 22; 2; 55; 55; 2
9; 9H; >; 6; 23; 2; 0; 0; 2
9; 9H; >; 7; 24; 2; 5; 5; 2
9; 9H; >; 8; 13; 2; 10; 10; 2
9; 9R; <; 1; 13; 2; 0; 0; 1
9; 9R; <; 2; 24; 2; 5; 5; 1
9; 9R; <; 3; 23; 2; 10; 10; 1
9; 9R; <; 4; 22; 2; 15; 15; 1
9; 9R; <; 5; 15; 2; 19; 19; 1
9; 9R; <; 6; 10; 2; 27; 27; 1
9; 9R; <; 7; 11; 2; 32; 32; 1
9; 9R; <; 8; 14; 2; 40; 40; 1
9; 9R; <; 1; 13; 2; 30; 30; 2
9; 9R; <; 2; 24; 2; 35; 35; 2
9; 9R; <; 3; 23; 2; 40; 40; 2
9; 9R; <; 4; 22; 2; 45; 45; 2
9; 9R; <; 5; 15; 2; 49; 49; 2
9; 9R; <; 6; 10; 2; 57; 57; 2
9; 9R; <; 7; 11; 2; 2; 2; 2
9; 9R; <; 8; 14; 2; 10; 10; 2
10; 10H; >; 1; 24; 1; 0; 0; 1
10; 10H; >; 2; 13; 1; 5; 5; 1
10; 10H; >; 3; 12; 1; 21; 21; 1
10; 10H; >; 4; 3; 1; 28; 28; 1
10; 10H; >; 5; 4; 1; 33; 33; 1
10; 10H; >; 6; 11; 1; 40; 40; 1
10; 10H; >; 7; 14; 1; 48; 48; 1
10; 10H; >; 8; 23; 1; 52; 52; 1
10; 10R; <; 1; 23; 1; 0; 0; 1
10; 10R; <; 2; 14; 1; 4; 4; 1
10; 10R; <; 3; 11; 1; 12; 12; 1
10; 10R; <; 4; 4; 1; 19; 19; 1
10; 10R; <; 5; 3; 1; 24; 24; 1
10; 10R; <; 6; 12; 1; 31; 31; 1
10; 10R; <; 7; 13; 1; 47; 47; 1
10; 10R; <; 8; 24; 1; 52; 52; 1
11; 11H; >; 1; 20; 2; 18; 18; 1
11; 11H; >; 2; 21; 2; 24; 24; 1
11; 11H; >; 3; 22; 2; 29; 29; 1
11; 11H; >; 4; 15; 2; 33; 33; 1
11; 11H; >; 5; 10; 2; 41; 41; 1
11; 11H; >; 6; 11; 2; 46; 46; 1
11; 11H; >; 7; 12; 2; 51; 51; 1
11; 11H; >; 1; 20; 2; 48; 48; 2
11; 11H; >; 2; 21; 2; 54; 54; 2
11; 11H; >; 3; 22; 2; 59; 59; 2
11; 11H; >; 4; 15; 2; 3; 3; 2
11; 11H; >; 5; 10; 2; 11; 11; 2
11; 11H; >; 6; 11; 2; 16; 16; 2
11; 11H; >; 7; 12; 2; 21; 21; 2
11; 11R; <; 1; 12; 2; 18; 18; 1
11; 11R; <; 2; 11; 2; 23; 23; 1
11; 11R; <; 3; 10; 2; 28; 28; 1
11; 11R; <; 4; 15; 2; 36; 36; 1
11; 11R; <; 5; 22; 2; 40; 40; 1
11; 11R; <; 6; 21; 2; 45; 45; 1
11; 11R; <; 7; 20; 2; 51; 51; 1
11; 11R; <; 1; 12; 2; 48; 48; 2
11; 11R; <; 2; 11; 2; 53; 53; 2
11; 11R; <; 3; 10; 2; 58; 58; 2
11; 11R; <; 4; 15; 2; 6; 6; 2
11; 11R; <; 5; 22; 2; 10; 10; 2
11; 11R; <; 6; 21; 2; 15; 15; 2
11; 11R; <; 7; 20; 2; 21; 21; 2
12; 12H; >; 1; 20; 2; 0; 0; 1
12; 12H; >; 2; 21; 2; 6; 6; 1
12; 12H; >; 3; 22; 2; 11; 11; 1
12; 12H; >; 4; 15; 2; 15; 15; 1
12; 12H; >; 5; 10; 2; 23; 23; 1
12; 12H; >; 6; 9; 2; 27; 27; 1
12; 12H; >; 7; 5; 2; 31; 31; 1
12; 12H; >; 1; 20; 2; 30; 30; 2
12; 12H; >; 2; 21; 2; 36; 36; 2
12; 12H; >; 3; 22; 2; 41; 41; 2
12; 12H; >; 4; 15; 2; 45; 45; 2
12; 12H; >; 5; 10; 2; 53; 53; 2
12; 12H; >; 6; 9; 2; 57; 57; 2
12; 12H; >; 7; 5; 2; 1; 1; 2
12; 12R; <; 1; 5; 2; 0; 0; 1
12; 12R; <; 2; 9; 2; 4; 4; 1
12; 12R; <; 3; 10; 2; 8; 8; 1
12; 12R; <; 4; 15; 2; 16; 16; 1
12; 12R; <; 5; 22; 2; 20; 20; 1
12; 12R; <; 6; 21; 2; 25; 25; 1
12; 12R; <; 7; 20; 2; 31; 31; 1
12; 12R; <; 1; 5; 2; 30; 30; 2
12; 12R; <; 2; 9; 2; 34; 34; 2
12; 12R; <; 3; 10; 2; 38; 38; 2
12; 12R; <; 4; 15; 2; 46; 46; 2
12; 12R; <; 5; 22; 2; 50; 50; 2
12; 12R; <; 6; 21; 2; 55; 55; 2
12; 12R; <; 7; 20; 2; 1; 1; 2
13; 13H; >; 1; 15; 4; 57; 57; 1
13; 13H; >; 2; 14; 4; 2; 2; 1
13; 13H; >; 3; 23; 4; 6; 6; 1
13; 13H; >; 4; 22; 4; 11; 11; 1
13; 13H; >; 5; 21; 4; 16; 16; 1
13; 13H; >; 6; 24; 4; 21; 21; 1
13; 13H; >; 7; 13; 4; 26; 26; 1
13; 13H; >; 1; 15; 4; 12; 12; 2
13; 13H; >; 2; 14; 4; 17; 17; 2
13; 13H; >; 3; 23; 4; 21; 21; 2
13; 13H; >; 4; 22; 4; 26; 26; 2
13; 13H; >; 5; 21; 4; 31; 31; 2
13; 13H; >; 6; 24; 4; 36; 36; 2
13; 13H; >; 7; 13; 4; 41; 41; 2
13; 13H; >; 1; 15; 4; 27; 27; 3
13; 13H; >; 2; 14; 4; 32; 32; 3
13; 13H; >; 3; 23; 4; 36; 36; 3
13; 13H; >; 4; 22; 4; 41; 41; 3
13; 13H; >; 5; 21; 4; 46; 46; 3
13; 13H; >; 6; 24; 4; 51; 51; 3
13; 13H; >; 7; 13; 4; 56; 56; 3
13; 13H; >; 1; 15; 4; 42; 42; 4
13; 13H; >; 2; 14; 4; 47; 47; 4
13; 13H; >; 3; 23; 4; 51; 51; 4
13; 13H; >; 4; 22; 4; 56; 56; 4
13; 13H; >; 5; 21; 4; 1; 1; 4
13; 13H; >; 6; 24; 4; 6; 6; 4
13; 13H; >; 7; 13; 4; 11; 11; 4
13; 13R; <; 1; 13; 4; 27; 27; 1
13; 13R; <; 2; 24; 4; 32; 32; 1
13; 13R; <; 3; 21; 4; 37; 37; 1
13; 13R; <; 4; 22; 4; 42; 42; 1
13; 13R; <; 5; 23; 4; 47; 47; 1
13; 13R; <; 6; 14; 4; 51; 51; 1
13; 13R; <; 7; 15; 4; 56; 56; 1
13; 13R; <; 1; 13; 4; 42; 42; 2
13; 13R; <; 2; 24; 4; 47; 47; 2
13; 13R; <; 3; 21; 4; 52; 52; 2
13; 13R; <; 4; 22; 4; 57; 57; 2
13; 13R; <; 5; 23; 4; 2; 2; 2
13; 13R; <; 6; 14; 4; 6; 6; 2
13; 13R; <; 7; 15; 4; 11; 11; 2
13; 13R; <; 1; 13; 4; 57; 57; 3
13; 13R; <; 2; 24; 4; 2; 2; 3
13; 13R; <; 3; 21; 4; 7; 7; 3
13; 13R; <; 4; 22; 4; 12; 12; 3
13; 13R; <; 5; 23; 4; 17; 17; 3
13; 13R; <; 6; 14; 4; 21; 21; 3
13; 13R; <; 7; 15; 4; 26; 26; 3
13; 13R; <; 1; 13; 4; 12; 12; 4
13; 13R; <; 2; 24; 4; 17; 17; 4
13; 13R; <; 3; 21; 4; 22; 22; 4
13; 13R; <; 4; 22; 4; 27; 27; 4
13; 13R; <; 5; 23; 4; 32; 32; 4
13; 13R; <; 6; 14; 4; 36; 36; 4
13; 13R; <; 7; 15; 4; 41; 41; 4
14; 14H; >; 1; 18; 4; 5; 5; 1
14; 14H; >; 2; 7; 4; 9; 9; 1
14; 14H; >; 3; 8; 4; 15; 15; 1
14; 14H; >; 4; 16; 4; 19; 19; 1
14; 14H; >; 5; 10; 4; 25; 25; 1
14; 14H; >; 6; 11; 4; 30; 30; 1
14; 14H; >; 7; 12; 4; 35; 35; 1
14; 14H; >; 1; 18; 4; 20; 20; 2
14; 14H; >; 2; 7; 4; 24; 24; 2
14; 14H; >; 3; 8; 4; 30; 30; 2
14; 14H; >; 4; 16; 4; 34; 34; 2
14; 14H; >; 5; 10; 4; 40; 40; 2
14; 14H; >; 6; 11; 4; 45; 45; 2
14; 14H; >; 7; 12; 4; 50; 50; 2
14; 14H; >; 1; 18; 4; 35; 35; 3
14; 14H; >; 2; 7; 4; 39; 39; 3
14; 14H; >; 3; 8; 4; 45; 45; 3
14; 14H; >; 4; 16; 4; 49; 49; 3
14; 14H; >; 5; 10; 4; 55; 55; 3
14; 14H; >; 6; 11; 4; 0; 0; 3
14; 14H; >; 7; 12; 4; 5; 5; 3
14; 14H; >; 1; 18; 4; 50; 50; 4
14; 14H; >; 2; 7; 4; 54; 54; 4
14; 14H; >; 3; 8; 4; 0; 0; 4
14; 14H; >; 4; 16; 4; 4; 4; 4
14; 14H; >; 5; 10; 4; 10; 10; 4
14; 14H; >; 6; 11; 4; 15; 15; 4
14; 14H; >; 7; 12; 4; 20; 20; 4
14; 14R; <; 1; 12; 4; 35; 35; 1
14; 14R; <; 2; 11; 4; 40; 40; 1
14; 14R; <; 3; 10; 4; 45; 45; 1
14; 14R; <; 4; 16; 4; 51; 51; 1
14; 14R; <; 5; 8; 4; 55; 55; 1
14; 14R; <; 6; 7; 4; 1; 1; 1
14; 14R; <; 7; 18; 4; 5; 5; 1
14; 14R; <; 1; 12; 4; 50; 50; 2
14; 14R; <; 2; 11; 4; 55; 55; 2
14; 14R; <; 3; 10; 4; 0; 0; 2
14; 14R; <; 4; 16; 4; 6; 6; 2
14; 14R; <; 5; 8; 4; 10; 10; 2
14; 14R; <; 6; 7; 4; 16; 16; 2
14; 14R; <; 7; 18; 4; 20; 20; 2
14; 14R; <; 1; 12; 4; 5; 5; 3
14; 14R; <; 2; 11; 4; 10; 10; 3
14; 14R; <; 3; 10; 4; 15; 15; 3
14; 14R; <; 4; 16; 4; 21; 21; 3
14; 14R; <; 5; 8; 4; 25; 25; 3
14; 14R; <; 6; 7; 4; 31; 31; 3
14; 14R; <; 7; 18; 4; 35; 35; 3
14; 14R; <; 1; 12; 4; 20; 20; 4
14; 14R; <; 2; 11; 4; 25; 25; 4
14; 14R; <; 3; 10; 4; 30; 30; 4
14; 14R; <; 4; 16; 4; 36; 36; 4
14; 14R; <; 5; 8; 4; 40; 40; 4
14; 14R; <; 6; 7; 4; 46; 46; 4
14; 14R; <; 7; 18; 4; 50; 50; 4
15; 15H; >; 1; 18; 4; 40; 40; 1
15; 15H; >; 2; 7; 4; 44; 44; 1
15; 15H; >; 3; 8; 4; 50; 50; 1
15; 15H; >; 4; 16; 4; 54; 54; 1
15; 15H; >; 5; 10; 4; 0; 0; 1
15; 15H; >; 6; 9; 4; 4; 4; 1
15; 15H; >; 7; 5; 4; 8; 8; 1
15; 15H; >; 1; 18; 4; 55; 55; 2
15; 15H; >; 2; 7; 4; 59; 59; 2
15; 15H; >; 3; 8; 4; 5; 5; 2
15; 15H; >; 4; 16; 4; 9; 9; 2
15; 15H; >; 5; 10; 4; 15; 15; 2
15; 15H; >; 6; 9; 4; 19; 19; 2
15; 15H; >; 7; 5; 4; 23; 23; 2
15; 15H; >; 1; 18; 4; 10; 10; 3
15; 15H; >; 2; 7; 4; 14; 14; 3
15; 15H; >; 3; 8; 4; 20; 20; 3
15; 15H; >; 4; 16; 4; 24; 24; 3
15; 15H; >; 5; 10; 4; 30; 30; 3
15; 15H; >; 6; 9; 4; 34; 34; 3
15; 15H; >; 7; 5; 4; 38; 38; 3
15; 15H; >; 1; 18; 4; 25; 25; 4
15; 15H; >; 2; 7; 4; 29; 29; 4
15; 15H; >; 3; 8; 4; 35; 35; 4
15; 15H; >; 4; 16; 4; 39; 39; 4
15; 15H; >; 5; 10; 4; 45; 45; 4
15; 15H; >; 6; 9; 4; 49; 49; 4
15; 15H; >; 7; 5; 4; 53; 53; 4
15; 15R; <; 1; 5; 4; 10; 10; 1
15; 15R; <; 2; 9; 4; 14; 14; 1
15; 15R; <; 3; 10; 4; 18; 18; 1
15; 15R; <; 4; 16; 4; 24; 24; 1
15; 15R; <; 5; 8; 4; 28; 28; 1
15; 15R; <; 6; 7; 4; 34; 34; 1
15; 15R; <; 7; 18; 4; 38; 38; 1
15; 15R; <; 1; 5; 4; 25; 25; 2
15; 15R; <; 2; 9; 4; 29; 29; 2
15; 15R; <; 3; 10; 4; 33; 33; 2
15; 15R; <; 4; 16; 4; 39; 39; 2
15; 15R; <; 5; 8; 4; 43; 43; 2
15; 15R; <; 6; 7; 4; 49; 49; 2
15; 15R; <; 7; 18; 4; 53; 53; 2
15; 15R; <; 1; 5; 4; 40; 40; 3
15; 15R; <; 2; 9; 4; 44; 44; 3
15; 15R; <; 3; 10; 4; 48; 48; 3
15; 15R; <; 4; 16; 4; 54; 54; 3
15; 15R; <; 5; 8; 4; 58; 58; 3
15; 15R; <; 6; 7; 4; 4; 4; 3
15; 15R; <; 7; 18; 4; 8; 8; 3
15; 15R; <; 1; 5; 4; 55; 55; 4
15; 15R; <; 2; 9; 4; 59; 59; 4
15; 15R; <; 3; 10; 4; 3; 3; 4
15; 15R; <; 4; 16; 4; 9; 9; 4
15; 15R; <; 5; 8; 4; 13; 13; 4
15; 15R; <; 6; 7; 4; 19; 19; 4
15; 15R; <; 7; 18; 4; 23; 23; 4
16; 16H; >; 1; 18; 1; 0; 0; 1
16; 16H; >; 2; 7; 1; 4; 4; 1
16; 16H; >; 3; 8; 1; 10; 10; 1
16; 16H; >; 4; 9; 1; 16; 16; 1
16; 16H; >; 5; 5; 1; 20; 20; 1
16; 16H; >; 6; 6; 1; 26; 26; 1
16; 16H; >; 7; 2; 1; 30; 30; 1
16; 16R; <; 1; 2; 1; 30; 30; 1
16; 16R; <; 2; 6; 1; 34; 34; 1
16; 16R; <; 3; 5; 1; 40; 40; 1
16; 16R; <; 4; 9; 1; 44; 44; 1
16; 16R; <; 5; 8; 1; 50; 50; 1
16; 16R; <; 6; 7; 1; 56; 56; 1
16; 16R; <; 7; 18; 1; 0; 0; 1
17; 17H; >; 1; 5; 1; 0; 0; 1
17; 17H; >; 2; 9; 1; 4; 4; 1
17; 17H; >; 3; 10; 1; 8; 8; 1
17; 17H; >; 4; 16; 1; 14; 14; 1
17; 17H; >; 5; 8; 1; 18; 18; 1
17; 17H; >; 6; 6; 1; 22; 22; 1
17; 17H; >; 7; 2; 1; 26; 26; 1
17; 17R; <; 1; 2; 1; 30; 30; 1
17; 17R; <; 2; 6; 1; 34; 34; 1
17; 17R; <; 3; 8; 1; 38; 38; 1
17; 17R; <; 4; 16; 1; 42; 42; 1
17; 17R; <; 5; 10; 1; 48; 48; 1
17; 17R; <; 6; 9; 1; 52; 52; 1
17; 17R; <; 7; 5; 1; 56; 56; 1
19; 19H; >; 1; 19; 1; 0; 0; 1
19; 19H; >; 2; 17; 1; 4; 4; 1
19; 19H; >; 3; 16; 1; 8; 8; 1
19; 19H; >; 4; 10; 1; 14; 14; 1
19; 19H; >; 5; 11; 1; 19; 19; 1
19; 19H; >; 6; 14; 1; 27; 27; 1
19; 19R; <; 1; 14; 1; 30; 30; 1
19; 19R; <; 2; 11; 1; 38; 38; 1
19; 19R; <; 3; 10; 1; 43; 43; 1
19; 19R; <; 4; 16; 1; 49; 49; 1
19; 19R; <; 5; 17; 1; 53; 53; 1
19; 19R; <; 6; 19; 1; 57; 57; 1
22; 22H; >; 1; 19; 1; 0; 0; 1
22; 22H; >; 2; 17; 1; 4; 4; 1
22; 22H; >; 3; 16; 1; 8; 8; 1
22; 22H; >; 4; 8; 1; 12; 12; 1
22; 22H; >; 5; 7; 1; 18; 18; 1
22; 22H; >; 6; 18; 1; 22; 22; 1
22; 22R; <; 1; 18; 1; 30; 30; 1
22; 22R; <; 2; 7; 1; 34; 34; 1
22; 22R; <; 3; 8; 1; 40; 40; 1
22; 22R; <; 4; 16; 1; 44; 44; 1
22; 22R; <; 5; 17; 1; 48; 48; 1
22; 22R; <; 6; 19; 1; 52; 52; 1
23; 23H; >; 1; 19; 4; 0; 0; 1
23; 23H; >; 2; 17; 4; 4; 4; 1
23; 23H; >; 3; 16; 4; 8; 8; 1
23; 23H; >; 4; 8; 4; 12; 12; 1
23; 23H; >; 5; 6; 4; 16; 16; 1
23; 23H; >; 6; 2; 4; 20; 20; 1
23; 23H; >; 1; 19; 4; 15; 15; 2
23; 23H; >; 2; 17; 4; 19; 19; 2
23; 23H; >; 3; 16; 4; 23; 23; 2
23; 23H; >; 4; 8; 4; 27; 27; 2
23; 23H; >; 5; 6; 4; 31; 31; 2
23; 23H; >; 6; 2; 4; 35; 35; 2
23; 23H; >; 1; 19; 4; 30; 30; 3
23; 23H; >; 2; 17; 4; 34; 34; 3
23; 23H; >; 3; 16; 4; 38; 38; 3
23; 23H; >; 4; 8; 4; 42; 42; 3
23; 23H; >; 5; 6; 4; 46; 46; 3
23; 23H; >; 6; 2; 4; 50; 50; 3
23; 23H; >; 1; 19; 4; 45; 45; 4
23; 23H; >; 2; 17; 4; 49; 49; 4
23; 23H; >; 3; 16; 4; 53; 53; 4
23; 23H; >; 4; 8; 4; 57; 57; 4
23; 23H; >; 5; 6; 4; 1; 1; 4
23; 23H; >; 6; 2; 4; 5; 5; 4
23; 23R; <; 1; 2; 4; 30; 30; 1
23; 23R; <; 2; 6; 4; 34; 34; 1
23; 23R; <; 3; 8; 4; 38; 38; 1
23; 23R; <; 4; 16; 4; 42; 42; 1
23; 23R; <; 5; 17; 4; 46; 46; 1
23; 23R; <; 6; 19; 4; 50; 50; 1
23; 23R; <; 1; 2; 4; 45; 45; 2
23; 23R; <; 2; 6; 4; 49; 49; 2
23; 23R; <; 3; 8; 4; 53; 53; 2
23; 23R; <; 4; 16; 4; 57; 57; 2
23; 23R; <; 5; 17; 4; 1; 1; 2
23; 23R; <; 6; 19; 4; 5; 5; 2
23; 23R; <; 1; 2; 4; 0; 0; 3
23; 23R; <; 2; 6; 4; 4; 4; 3
23; 23R; <; 3; 8; 4; 8; 8; 3
23; 23R; <; 4; 16; 4; 12; 12; 3
23; 23R; <; 5; 17; 4; 16; 16; 3
23; 23R; <; 6; 19; 4; 20; 20; 3
23; 23R; <; 1; 2; 4; 15; 15; 4
23; 23R; <; 2; 6; 4; 19; 19; 4
23; 23R; <; 3; 8; 4; 23; 23; 4
23; 23R; <; 4; 16; 4; 27; 27; 4
23; 23R; <; 5; 17; 4; 31; 31; 4
23; 23R; <; 6; 19; 4; 35; 35; 4
24; 24H; >; 1; 2; 1; 23; 23; 1
24; 24H; >; 2; 6; 1; 27; 27; 1
24; 24H; >; 3; 5; 1; 33; 33; 1
24; 24H; >; 4; 4; 1; 38; 38; 1
24; 24H; >; 5; 3; 1; 43; 43; 1
24; 24H; >; 6; 1; 1; 47; 47; 1
24; 24R; <; 1; 1; 1; 53; 53; 1
24; 24R; <; 2; 3; 1; 57; 57; 1
24; 24R; <; 3; 4; 1; 2; 2; 1
24; 24R; <; 4; 5; 1; 7; 7; 1
24; 24R; <; 5; 6; 1; 13; 13; 1
24; 24R; <; 6; 2; 1; 17; 17; 1
25; 25H; >; 1; 14; 1; 0; 0; 1
25; 25H; >; 2; 11; 1; 8; 8; 1
25; 25H; >; 3; 10; 1; 13; 13; 1
25; 25H; >; 4; 9; 1; 17; 17; 1
25; 25H; >; 5; 5; 1; 21; 21; 1
25; 25R; <; 1; 5; 1; 30; 30; 1
25; 25R; <; 2; 9; 1; 34; 34; 1
25; 25R; <; 3; 10; 1; 38; 38; 1
25; 25R; <; 4; 11; 1; 43; 43; 1
25; 25R; <; 5; 14; 1; 51; 51; 1
26; 26H; >; 1; 14; 1; 0; 0; 1
26; 26H; >; 2; 11; 1; 8; 8; 1
26; 26H; >; 3; 4; 1; 15; 15; 1
26; 26H; >; 4; 3; 1; 20; 20; 1
26; 26H; >; 5; 1; 1; 24; 24; 1
26; 26R; <; 1; 1; 1; 30; 30; 1
26; 26R; <; 2; 3; 1; 34; 34; 1
26; 26R; <; 3; 4; 1; 39; 39; 1
26; 26R; <; 4; 11; 1; 46; 46; 1
26; 26R; <; 5; 14; 1; 54; 54; 1
27; 27H; >; 1; 12; 1; 0; 0; 1
27; 27H; >; 2; 11; 1; 5; 5; 1
27; 27H; >; 3; 10; 1; 10; 10; 1
27; 27H; >; 4; 9; 1; 14; 14; 1
27; 27H; >; 5; 5; 1; 18; 18; 1
27; 27R; <; 1; 5; 1; 30; 30; 1
27; 27R; <; 2; 9; 1; 34; 34; 1
27; 27R; <; 3; 10; 1; 38; 38; 1
27; 27R; <; 4; 11; 1; 43; 43; 1
27; 27R; <; 5; 12; 1; 48; 48; 1
28; 28H; >; 1; 12; 2; 19; 19; 1
28; 28H; >; 2; 11; 2; 24; 24; 1
28; 28H; >; 3; 4; 2; 31; 31; 1
28; 28H; >; 4; 3; 2; 36; 36; 1
28; 28H; >; 5; 1; 2; 40; 40; 1
28; 28H; >; 1; 12; 2; 49; 49; 2
28; 28H; >; 2; 11; 2; 54; 54; 2
28; 28H; >; 3; 4; 2; 1; 1; 2
28; 28H; >; 4; 3; 2; 6; 6; 2
28; 28H; >; 5; 1; 2; 10; 10; 2
28; 28R; <; 1; 1; 2; 49; 49; 1
28; 28R; <; 2; 3; 2; 53; 53; 1
28; 28R; <; 3; 4; 2; 58; 58; 1
28; 28R; <; 4; 11; 2; 5; 5; 1
28; 28R; <; 5; 12; 2; 10; 10; 1
28; 28R; <; 1; 1; 2; 19; 19; 2
28; 28R; <; 2; 3; 2; 23; 23; 2
28; 28R; <; 3; 4; 2; 28; 28; 2
28; 28R; <; 4; 11; 2; 35; 35; 2
28; 28R; <; 5; 12; 2; 40; 40; 2
29; 29H; >; 1; 18; 2; 0; 0; 1
29; 29H; >; 2; 7; 2; 4; 4; 1
29; 29H; >; 3; 8; 2; 10; 10; 1
29; 29H; >; 4; 6; 2; 14; 14; 1
29; 29H; >; 5; 2; 2; 18; 18; 1
29; 29H; >; 1; 18; 2; 30; 30; 2
29; 29H; >; 2; 7; 2; 34; 34; 2
29; 29H; >; 3; 8; 2; 40; 40; 2
29; 29H; >; 4; 6; 2; 44; 44; 2
29; 29H; >; 5; 2; 2; 48; 48; 2
29; 29R; <; 1; 2; 2; 30; 30; 1
29; 29R; <; 2; 6; 2; 34; 34; 1
29; 29R; <; 3; 8; 2; 38; 38; 1
29; 29R; <; 4; 7; 2; 44; 44; 1
29; 29R; <; 5; 18; 2; 48; 48; 1
29; 29R; <; 1; 2; 2; 0; 0; 2
29; 29R; <; 2; 6; 2; 4; 4; 2
29; 29R; <; 3; 8; 2; 8; 8; 2
29; 29R; <; 4; 7; 2; 14; 14; 2
29; 29R; <; 5; 18; 2; 18; 18; 2
30; 30H; >; 1; 21; 1; 0; 0; 1
30; 30H; >; 2; 20; 1; 6; 6; 1
30; 30H; >; 3; 18; 1; 23; 23; 1
30; 30H; >; 4; 7; 1; 27; 27; 1
30; 30R; <; 1; 7; 1; 30; 30; 1
30; 30R; <; 2; 18; 1; 34; 34; 1
30; 30R; <; 3; 20; 1; 51; 51; 1
30; 30R; <; 4; 21; 1; 57; 57; 1
31; 31H; >; 1; 22; 2; 0; 0; 1
31; 31H; >; 2; 15; 2; 4; 4; 1
31; 31H; >; 3; 10; 2; 12; 12; 1
31; 31H; >; 4; 17; 2; 19; 19; 1
31; 31H; >; 1; 22; 2; 30; 30; 2
31; 31H; >; 2; 15; 2; 34; 34; 2
31; 31H; >; 3; 10; 2; 42; 42; 2
31; 31H; >; 4; 17; 2; 49; 49; 2
31; 31R; <; 1; 17; 2; 30; 30; 1
31; 31R; <; 2; 10; 2; 37; 37; 1
31; 31R; <; 3; 15; 2; 45; 45; 1
31; 31R; <; 4; 22; 2; 49; 49; 1
31; 31R; <; 1; 17; 2; 0; 0; 2
31; 31R; <; 2; 10; 2; 7; 7; 2
31; 31R; <; 3; 15; 2; 15; 15; 2
31; 31R; <; 4; 22; 2; 19; 19; 2
37; 37H; >; 1; 22; 1; 0; 0; 1
37; 37H; >; 2; 15; 1; 4; 4; 1
37; 37H; >; 3; 19; 1; 10; 10; 1
37; 37R; <; 1; 19; 1; 30; 30; 1
37; 37R; <; 2; 15; 1; 36; 36; 1
37; 37R; <; 3; 22; 1; 40; 40; 1
39; 39H; >; 1; 14; 1; 0; 0; 1
39; 39H; >; 2; 11; 1; 8; 8; 1
39; 39H; >; 3; 12; 1; 13; 13; 1
39; 39R; <; 1; 12; 1; 30; 30; 1
39; 39R; <; 2; 11; 1; 35; 35; 1
39; 39R; <; 3; 14; 1; 43; 43; 1
41; 41H; >; 1; 6; 1; 0; 0; 1
41; 41H; >; 2; 8; 1; 4; 4; 1
41; 41H; >; 3; 16; 1; 8; 8; 1
41; 41R; <; 1; 16; 1; 30; 30; 1
41; 41R; <; 2; 8; 1; 34; 34; 1
41; 41R; <; 3; 6; 1; 38; 38; 1
44; 44H; >; 1; 19; 1; 0; 0; 1
44; 44H; >; 2; 20; 1; 8; 8; 1
44; 44R; <; 1; 20; 1; 30; 30; 1
44; 44R; <; 2; 19; 1; 38; 38; 1
45; 45H; >; 1; 16; 1; 0; 0; 1
45; 45H; >; 2; 18; 1; 6; 6; 1
45; 45R; <; 1; 18; 1; 30; 30; 1
45; 45R; <; 2; 16; 1; 36; 36; 1
46; 46H; >; 1; 16; 1; 0; 0; 1
46; 46H; >; 2; 17; 1; 4; 4; 1
46; 46R; <; 1; 17; 1; 30; 30; 1
46; 46R; <; 2; 16; 1; 34; 34; 1
49; 49H; >; 1; 11; 7; 0; 0; 1
49; 49H; >; 2; 12; 7; 5; 5; 1
49; 49H; >; 1; 11; 7; 8; 8; 2
49; 49H; >; 2; 12; 7; 13; 13; 2
49; 49H; >; 1; 11; 7; 17; 17; 3
49; 49H; >; 2; 12; 7; 22; 22; 3
49; 49H; >; 1; 11; 7; 25; 25; 4
49; 49H; >; 2; 12; 7; 30; 30; 4
49; 49H; >; 1; 11; 7; 34; 34; 5
49; 49H; >; 2; 12; 7; 39; 39; 5
49; 49H; >; 1; 11; 7; 42; 42; 6
49; 49H; >; 2; 12; 7; 47; 47; 6
49; 49H; >; 1; 11; 7; 51; 51; 7
49; 49H; >; 2; 12; 7; 56; 56; 7
49; 49R; <; 1; 12; 7; 30; 30; 1
49; 49R; <; 2; 11; 7; 35; 35; 1
49; 49R; <; 1; 12; 7; 38; 38; 2
49; 49R; <; 2; 11; 7; 43; 43; 2
49; 49R; <; 1; 12; 7; 47; 47; 3
49; 49R; <; 2; 11; 7; 52; 52; 3
49; 49R; <; 1; 12; 7; 55; 55; 4
49; 49R; <; 2; 11; 7; 0; 0; 4
49; 49R; <; 1; 12; 7; 4; 4; 5
49; 49R; <; 2; 11; 7; 9; 9; 5
49; 49R; <; 1; 12; 7; 12; 12; 6
49; 49R; <; 2; 11; 7; 17; 17; 6
49; 49R; <; 1; 12; 7; 21; 21; 7
49; 49R; <; 2; 11; 7; 26; 26; 7
51; 51H; >; 1; 10; 4; 0; 0; 1
51; 51H; >; 2; 16; 4; 6; 6; 1
51; 51H; >; 1; 10; 4; 15; 15; 2
51; 51H; >; 2; 16; 4; 21; 21; 2
51; 51H; >; 1; 10; 4; 30; 30; 3
51; 51H; >; 2; 16; 4; 36; 36; 3
51; 51H; >; 1; 10; 4; 45; 45; 4
51; 51H; >; 2; 16; 4; 51; 51; 4
51; 51R; <; 1; 16; 4; 30; 30; 1
51; 51R; <; 2; 10; 4; 36; 36; 1
51; 51R; <; 1; 16; 4; 45; 45; 2
51; 51R; <; 2; 10; 4; 51; 51; 2
51; 51R; <; 1; 16; 4; 0; 0; 3
51; 51R; <; 2; 10; 4; 6; 6; 3
51; 51R; <; 1; 16; 4; 15; 15; 4
51; 51R; <; 2; 10; 4; 21; 21; 4
52; 52H; >; 1; 10; 7; 0; 0; 1
52; 52H; >; 2; 11; 7; 5; 5; 1
52; 52H; >; 1; 10; 7; 8; 8; 2
52; 52H; >; 2; 11; 7; 13; 13; 2
52; 52H; >; 1; 10; 7; 17; 17; 3
52; 52H; >; 2; 11; 7; 22; 22; 3
52; 52H; >; 1; 10; 7; 25; 25; 4
52; 52H; >; 2; 11; 7; 30; 30; 4
52; 52H; >; 1; 10; 7; 34; 34; 5
52; 52H; >; 2; 11; 7; 39; 39; 5
52; 52H; >; 1; 10; 7; 42; 42; 6
52; 52H; >; 2; 11; 7; 47; 47; 6
52; 52H; >; 1; 10; 7; 51; 51; 7
52; 52H; >; 2; 11; 7; 56; 56; 7
52; 52R; <; 1; 11; 7; 30; 30; 1
52; 52R; <; 2; 10; 7; 35; 35; 1
52; 52R; <; 1; 11; 7; 38; 38; 2
52; 52R; <; 2; 10; 7; 43; 43; 2
52; 52R; <; 1; 11; 7; 47; 47; 3
52; 52R; <; 2; 10; 7; 52; 52; 3
52; 52R; <; 1; 11; 7; 55; 55; 4
52; 52R; <; 2; 10; 7; 0; 0; 4
52; 52R; <; 1; 11; 7; 4; 4; 5
52; 52R; <; 2; 10; 7; 9; 9; 5
52; 52R; <; 1; 11; 7; 12; 12; 6
52; 52R; <; 2; 10; 7; 17; 17; 6
52; 52R; <; 1; 11; 7; 21; 21; 7
52; 52R; <; 2; 10; 7; 26; 26; 7
53; 53H; >; 1; 6; 6; 0; 0; 1
53; 53H; >; 2; 8; 6; 4; 4; 1
53; 53H; >; 1; 6; 6; 10; 10; 2
53; 53H; >; 2; 8; 6; 14; 14; 2
53; 53H; >; 1; 6; 6; 20; 20; 3
53; 53H; >; 2; 8; 6; 24; 24; 3
53; 53H; >; 1; 6; 6; 30; 30; 4
53; 53H; >; 2; 8; 6; 34; 34; 4
53; 53H; >; 1; 6; 6; 40; 40; 5
53; 53H; >; 2; 8; 6; 44; 44; 5
53; 53H; >; 1; 6; 6; 50; 50; 6
53; 53H; >; 2; 8; 6; 54; 54; 6
53; 53R; <; 1; 8; 6; 30; 30; 1
53; 53R; <; 2; 6; 6; 34; 34; 1
53; 53R; <; 1; 8; 6; 40; 40; 2
53; 53R; <; 2; 6; 6; 44; 44; 2
53; 53R; <; 1; 8; 6; 50; 50; 3
53; 53R; <; 2; 6; 6; 54; 54; 3
53; 53R; <; 1; 8; 6; 0; 0; 4
53; 53R; <; 2; 6; 6; 4; 4; 4
53; 53R; <; 1; 8; 6; 10; 10; 5
53; 53R; <; 2; 6; 6; 14; 14; 5
53; 53R; <; 1; 8; 6; 20; 20; 6
53; 53R; <; 2; 6; 6; 24; 24; 6
54; 54H; >; 1; 1; 1; 0; 0; 1
54; 54H; >; 2; 2; 1; 16; 16; 1
54; 54R; <; 1; 2; 1; 30; 30; 1
54; 54R; <; 2; 1; 1; 46; 46; 1
55; 55H; >; 1; 3; 1; 0; 0; 1
55; 55H; >; 2; 4; 1; 5; 5; 1
55; 55H; >; 3; 5; 1; 10; 10; 1
55; 55H; >; 4; 6; 1; 16; 16; 1
55; 55R; <; 1; 6; 1; 30; 30; 1
55; 55R; <; 2; 5; 1; 36; 36; 1
55; 55R; <; 3; 4; 1; 41; 41; 1
55; 55R; <; 4; 3; 1; 46; 46; 1
56; 56H; >; 1; 12; 7; 59; 59; 1
56; 56H; >; 2; 11; 7; 4; 4; 1
56; 56H; >; 3; 10; 7; 9; 9; 1
56; 56H; >; 4; 16; 7; 15; 15; 1
56; 56H; >; 5; 18; 7; 21; 21; 1
56; 56H; >; 1; 12; 7; 7; 7; 2
56; 56H; >; 2; 11; 7; 12; 12; 2
56; 56H; >; 3; 10; 7; 17; 17; 2
56; 56H; >; 4; 16; 7; 23; 23; 2
56; 56H; >; 5; 18; 7; 29; 29; 2
56; 56H; >; 1; 12; 7; 16; 16; 3
56; 56H; >; 2; 11; 7; 21; 21; 3
56; 56H; >; 3; 10; 7; 26; 26; 3
56; 56H; >; 4; 16; 7; 32; 32; 3
56; 56H; >; 5; 18; 7; 38; 38; 3
56; 56H; >; 1; 12; 7; 24; 24; 4
56; 56H; >; 2; 11; 7; 29; 29; 4
56; 56H; >; 3; 10; 7; 34; 34; 4
56; 56H; >; 4; 16; 7; 40; 40; 4
56; 56H; >; 5; 18; 7; 46; 46; 4
56; 56H; >; 1; 12; 7; 33; 33; 5
56; 56H; >; 2; 11; 7; 38; 38; 5
56; 56H; >; 3; 10; 7; 43; 43; 5
56; 56H; >; 4; 16; 7; 49; 49; 5
56; 56H; >; 5; 18; 7; 55; 55; 5
56; 56H; >; 1; 12; 7; 41; 41; 6
56; 56H; >; 2; 11; 7; 46; 46; 6
56; 56H; >; 3; 10; 7; 51; 51; 6
56; 56H; >; 4; 16; 7; 57; 57; 6
56; 56H; >; 5; 18; 7; 3; 3; 6
56; 56H; >; 1; 12; 7; 50; 50; 7
56; 56H; >; 2; 11; 7; 55; 55; 7
56; 56H; >; 3; 10; 7; 0; 0; 7
56; 56H; >; 4; 16; 7; 6; 6; 7
56; 56H; >; 5; 18; 7; 12; 12; 7
56; 56R; <; 1; 18; 7; 29; 29; 1
56; 56R; <; 2; 16; 7; 35; 35; 1
56; 56R; <; 3; 10; 7; 41; 41; 1
56; 56R; <; 4; 11; 7; 46; 46; 1
56; 56R; <; 5; 12; 7; 51; 51; 1
56; 56R; <; 1; 18; 7; 37; 37; 2
56; 56R; <; 2; 16; 7; 43; 43; 2
56; 56R; <; 3; 10; 7; 49; 49; 2
56; 56R; <; 4; 11; 7; 54; 54; 2
56; 56R; <; 5; 12; 7; 59; 59; 2
56; 56R; <; 1; 18; 7; 46; 46; 3
56; 56R; <; 2; 16; 7; 52; 52; 3
56; 56R; <; 3; 10; 7; 58; 58; 3
56; 56R; <; 4; 11; 7; 3; 3; 3
56; 56R; <; 5; 12; 7; 8; 8; 3
56; 56R; <; 1; 18; 7; 54; 54; 4
56; 56R; <; 2; 16; 7; 0; 0; 4
56; 56R; <; 3; 10; 7; 6; 6; 4
56; 56R; <; 4; 11; 7; 11; 11; 4
56; 56R; <; 5; 12; 7; 16; 16; 4
56; 56R; <; 1; 18; 7; 3; 3; 5
56; 56R; <; 2; 16; 7; 9; 9; 5
56; 56R; <; 3; 10; 7; 15; 15; 5
56; 56R; <; 4; 11; 7; 20; 20; 5
56; 56R; <; 5; 12; 7; 25; 25; 5
56; 56R; <; 1; 18; 7; 11; 11; 6
56; 56R; <; 2; 16; 7; 17; 17; 6
56; 56R; <; 3; 10; 7; 23; 23; 6
56; 56R; <; 4; 11; 7; 28; 28; 6
56; 56R; <; 5; 12; 7; 33; 33; 6
56; 56R; <; 1; 18; 7; 20; 20; 7
56; 56R; <; 2; 16; 7; 26; 26; 7
56; 56R; <; 3; 10; 7; 32; 32; 7
56; 56R; <; 4; 11; 7; 37; 37; 7
56; 56R; <; 5; 12; 7; 42; 42; 7
57; 57H; >; 1; 9; 1; 0; 0; 1
57; 57H; >; 2; 8; 1; 6; 6; 1
57; 57H; >; 3; 7; 1; 12; 12; 1
57; 57R; <; 1; 7; 1; 30; 30; 1
57; 57R; <; 2; 8; 1; 36; 36; 1
57; 57R; <; 3; 9; 1; 42; 42; 1
58; 58H; >; 1; 12; 7; 29; 29; 1
58; 58H; >; 2; 11; 7; 34; 34; 1
58; 58H; >; 3; 10; 7; 39; 39; 1
58; 58H; >; 4; 17; 7; 46; 46; 1
58; 58H; >; 1; 12; 7; 37; 37; 2
58; 58H; >; 2; 11; 7; 42; 42; 2
58; 58H; >; 3; 10; 7; 47; 47; 2
58; 58H; >; 4; 17; 7; 54; 54; 2
58; 58H; >; 1; 12; 7; 46; 46; 3
58; 58H; >; 2; 11; 7; 51; 51; 3
58; 58H; >; 3; 10; 7; 56; 56; 3
58; 58H; >; 4; 17; 7; 3; 3; 3
58; 58H; >; 1; 12; 7; 54; 54; 4
58; 58H; >; 2; 11; 7; 59; 59; 4
58; 58H; >; 3; 10; 7; 4; 4; 4
58; 58H; >; 4; 17; 7; 11; 11; 4
58; 58H; >; 1; 12; 7; 3; 3; 5
58; 58H; >; 2; 11; 7; 8; 8; 5
58; 58H; >; 3; 10; 7; 13; 13; 5
58; 58H; >; 4; 17; 7; 20; 20; 5
58; 58H; >; 1; 12; 7; 11; 11; 6
58; 58H; >; 2; 11; 7; 16; 16; 6
58; 58H; >; 3; 10; 7; 21; 21; 6
58; 58H; >; 4; 17; 7; 28; 28; 6
58; 58H; >; 1; 12; 7; 20; 20; 7
58; 58H; >; 2; 11; 7; 25; 25; 7
58; 58H; >; 3; 10; 7; 30; 30; 7
58; 58H; >; 4; 17; 7; 37; 37; 7
58; 58R; <; 1; 17; 7; 59; 59; 1
58; 58R; <; 2; 10; 7; 6; 6; 1
58; 58R; <; 3; 11; 7; 11; 11; 1
58; 58R; <; 4; 12; 7; 16; 16; 1
58; 58R; <; 1; 17; 7; 7; 7; 2
58; 58R; <; 2; 10; 7; 14; 14; 2
58; 58R; <; 3; 11; 7; 19; 19; 2
58; 58R; <; 4; 12; 7; 24; 24; 2
58; 58R; <; 1; 17; 7; 16; 16; 3
58; 58R; <; 2; 10; 7; 23; 23; 3
58; 58R; <; 3; 11; 7; 28; 28; 3
58; 58R; <; 4; 12; 7; 33; 33; 3
58; 58R; <; 1; 17; 7; 24; 24; 4
58; 58R; <; 2; 10; 7; 31; 31; 4
58; 58R; <; 3; 11; 7; 36; 36; 4
58; 58R; <; 4; 12; 7; 41; 41; 4
58; 58R; <; 1; 17; 7; 33; 33; 5
58; 58R; <; 2; 10; 7; 40; 40; 5
58; 58R; <; 3; 11; 7; 45; 45; 5
58; 58R; <; 4; 12; 7; 50; 50; 5
58; 58R; <; 1; 17; 7; 41; 41; 6
58; 58R; <; 2; 10; 7; 48; 48; 6
58; 58R; <; 3; 11; 7; 53; 53; 6
58; 58R; <; 4; 12; 7; 58; 58; 6
58; 58R; <; 1; 17; 7; 50; 50; 7
58; 58R; <; 2; 10; 7; 57; 57; 7
58; 58R; <; 3; 11; 7; 2; 2; 7
58; 58R; <; 4; 12; 7; 7; 7; 7
59; 59H; >; 1; 14; 1; 0; 0; 1
59; 59H; >; 2; 15; 1; 5; 5; 1
59; 59H; >; 3; 19; 1; 11; 11; 1
59; 59R; <; 1; 19; 1; 30; 30; 1
59; 59R; <; 2; 15; 1; 36; 36; 1
59; 59R; <; 3; 14; 1; 41; 41; 1
60; 60H; >; 1; 23; 3; 55; 55; 1
60; 60H; >; 2; 22; 3; 0; 0; 1
60; 60H; >; 3; 20; 3; 8; 8; 1
60; 60H; >; 1; 23; 3; 15; 15; 2
60; 60H; >; 2; 22; 3; 20; 20; 2
60; 60H; >; 3; 20; 3; 28; 28; 2
60; 60H; >; 1; 23; 3; 35; 35; 3
60; 60H; >; 2; 22; 3; 40; 40; 3
60; 60H; >; 3; 20; 3; 48; 48; 3
60; 60R; <; 1; 20; 3; 25; 25; 1
60; 60R; <; 2; 22; 3; 33; 33; 1
60; 60R; <; 3; 23; 3; 38; 38; 1
60; 60R; <; 1; 20; 3; 45; 45; 2
60; 60R; <; 2; 22; 3; 53; 53; 2
60; 60R; <; 3; 23; 3; 58; 58; 2
60; 60R; <; 1; 20; 3; 5; 5; 3
60; 60R; <; 2; 22; 3; 13; 13; 3
60; 60R; <; 3; 23; 3; 18; 18; 3
61; 61H; >; 1; 13; 2; 8; 8; 1
61; 61H; >; 2; 24; 2; 13; 13; 1
61; 61H; >; 3; 21; 2; 18; 18; 1
61; 61H; >; 4; 20; 2; 24; 24; 1
61; 61H; >; 1; 13; 2; 38; 38; 2
61; 61H; >; 2; 24; 2; 43; 43; 2
61; 61H; >; 3; 21; 2; 48; 48; 2
61; 61H; >; 4; 20; 2; 54; 54; 2
61; 61R; <; 1; 20; 2; 38; 38; 1
61; 61R; <; 2; 21; 2; 44; 44; 1
61; 61R; <; 3; 24; 2; 49; 49; 1
61; 61R; <; 4; 13; 2; 54; 54; 1
61; 61R; <; 1; 20; 2; 8; 8; 2
61; 61R; <; 2; 21; 2; 14; 14; 2
61; 61R; <; 3; 24; 2; 19; 19; 2
61; 61R; <; 4; 13; 2; 24; 24; 2
62; 62H; >; 1; 1; 2; 27; 27; 1
62; 62H; >; 2; 3; 2; 31; 31; 1
62; 62H; >; 3; 12; 2; 38; 38; 1
62; 62H; >; 4; 13; 2; 54; 54; 1
62; 62H; >; 1; 1; 2; 57; 57; 2
62; 62H; >; 2; 3; 2; 1; 1; 2
62; 62H; >; 3; 12; 2; 8; 8; 2
62; 62H; >; 4; 13; 2; 24; 24; 2
62; 62R; <; 1; 13; 2; 57; 57; 1
62; 62R; <; 2; 12; 2; 13; 13; 1
62; 62R; <; 3; 3; 2; 20; 20; 1
62; 62R; <; 4; 1; 2; 24; 24; 1
62; 62R; <; 1; 13; 2; 27; 27; 2
62; 62R; <; 2; 12; 2; 43; 43; 2
62; 62R; <; 3; 3; 2; 50; 50; 2
62; 62R; <; 4; 1; 2; 54; 54; 2
63; 63H; >; 1; 4; 4; 56; 56; 1
63; 63H; >; 2; 11; 4; 3; 3; 1
63; 63H; >; 3; 14; 4; 11; 11; 1
63; 63H; >; 4; 23; 4; 15; 15; 1
63; 63H; >; 5; 24; 4; 20; 20; 1
63; 63H; >; 1; 4; 4; 11; 11; 2
63; 63H; >; 2; 11; 4; 18; 18; 2
63; 63H; >; 3; 14; 4; 26; 26; 2
63; 63H; >; 4; 23; 4; 30; 30; 2
63; 63H; >; 5; 24; 4; 35; 35; 2
63; 63H; >; 1; 4; 4; 26; 26; 3
63; 63H; >; 2; 11; 4; 33; 33; 3
63; 63H; >; 3; 14; 4; 41; 41; 3
63; 63H; >; 4; 23; 4; 45; 45; 3
63; 63H; >; 5; 24; 4; 50; 50; 3
63; 63H; >; 1; 4; 4; 41; 41; 4
63; 63H; >; 2; 11; 4; 48; 48; 4
63; 63H; >; 3; 14; 4; 56; 56; 4
63; 63H; >; 4; 23; 4; 0; 0; 4
63; 63H; >; 5; 24; 4; 5; 5; 4
63; 63R; <; 1; 24; 4; 26; 26; 1
63; 63R; <; 2; 23; 4; 31; 31; 1
63; 63R; <; 3; 14; 4; 35; 35; 1
63; 63R; <; 4; 11; 4; 43; 43; 1
63; 63R; <; 5; 4; 4; 50; 50; 1
63; 63R; <; 1; 24; 4; 41; 41; 2
63; 63R; <; 2; 23; 4; 46; 46; 2
63; 63R; <; 3; 14; 4; 50; 50; 2
63; 63R; <; 4; 11; 4; 58; 58; 2
63; 63R; <; 5; 4; 4; 5; 5; 2
63; 63R; <; 1; 24; 4; 56; 56; 3
63; 63R; <; 2; 23; 4; 1; 1; 3
63; 63R; <; 3; 14; 4; 5; 5; 3
63; 63R; <; 4; 11; 4; 13; 13; 3
63; 63R; <; 5; 4; 4; 20; 20; 3
63; 63R; <; 1; 24; 4; 11; 11; 4
63; 63R; <; 2; 23; 4; 16; 16; 4
63; 63R; <; 3; 14; 4; 20; 20; 4
63; 63R; <; 4; 11; 4; 28; 28; 4
63; 63R; <; 5; 4; 4; 35; 35; 4
64; 64H; >; 1; 5; 4; 55; 55; 1
64; 64H; >; 2; 9; 4; 59; 59; 1
64; 64H; >; 3; 10; 4; 3; 3; 1
64; 64H; >; 4; 15; 4; 11; 11; 1
64; 64H; >; 5; 22; 4; 15; 15; 1
64; 64H; >; 6; 21; 4; 20; 20; 1
64; 64H; >; 1; 5; 4; 10; 10; 2
64; 64H; >; 2; 9; 4; 14; 14; 2
64; 64H; >; 3; 10; 4; 18; 18; 2
64; 64H; >; 4; 15; 4; 26; 26; 2
64; 64H; >; 5; 22; 4; 30; 30; 2
64; 64H; >; 6; 21; 4; 35; 35; 2
64; 64H; >; 1; 5; 4; 25; 25; 3
64; 64H; >; 2; 9; 4; 29; 29; 3
64; 64H; >; 3; 10; 4; 33; 33; 3
64; 64H; >; 4; 15; 4; 41; 41; 3
64; 64H; >; 5; 22; 4; 45; 45; 3
64; 64H; >; 6; 21; 4; 50; 50; 3
64; 64H; >; 1; 5; 4; 40; 40; 4
64; 64H; >; 2; 9; 4; 44; 44; 4
64; 64H; >; 3; 10; 4; 48; 48; 4
64; 64H; >; 4; 15; 4; 56; 56; 4
64; 64H; >; 5; 22; 4; 0; 0; 4
64; 64H; >; 6; 21; 4; 5; 5; 4
64; 64R; <; 1; 21; 4; 25; 25; 1
64; 64R; <; 2; 22; 4; 30; 30; 1
64; 64R; <; 3; 15; 4; 34; 34; 1
64; 64R; <; 4; 10; 4; 42; 42; 1
64; 64R; <; 5; 9; 4; 46; 46; 1
64; 64R; <; 6; 5; 4; 50; 50; 1
64; 64R; <; 1; 21; 4; 40; 40; 2
64; 64R; <; 2; 22; 4; 45; 45; 2
64; 64R; <; 3; 15; 4; 49; 49; 2
64; 64R; <; 4; 10; 4; 57; 57; 2
64; 64R; <; 5; 9; 4; 1; 1; 2
64; 64R; <; 6; 5; 4; 5; 5; 2
64; 64R; <; 1; 21; 4; 55; 55; 3
64; 64R; <; 2; 22; 4; 0; 0; 3
64; 64R; <; 3; 15; 4; 4; 4; 3
64; 64R; <; 4; 10; 4; 12; 12; 3
64; 64R; <; 5; 9; 4; 16; 16; 3
64; 64R; <; 6; 5; 4; 20; 20; 3
64; 64R; <; 1; 21; 4; 10; 10; 4
64; 64R; <; 2; 22; 4; 15; 15; 4
64; 64R; <; 3; 15; 4; 19; 19; 4
64; 64R; <; 4; 10; 4; 27; 27; 4
64; 64R; <; 5; 9; 4; 31; 31; 4
64; 64R; <; 6; 5; 4; 35; 35; 4
65; 65H; >; 1; 2; 9; 1; 1; 1
65; 65H; >; 2; 6; 9; 5; 5; 1
65; 65H; >; 3; 8; 9; 9; 9; 1
65; 65H; >; 4; 16; 9; 13; 13; 1
65; 65H; >; 5; 17; 9; 17; 17; 1
65; 65H; >; 6; 19; 9; 21; 21; 1
65; 65H; >; 7; 20; 9; 29; 29; 1
65; 65H; >; 1; 2; 9; 7; 7; 2
65; 65H; >; 2; 6; 9; 11; 11; 2
65; 65H; >; 3; 8; 9; 15; 15; 2
65; 65H; >; 4; 16; 9; 19; 19; 2
65; 65H; >; 5; 17; 9; 23; 23; 2
65; 65H; >; 6; 19; 9; 27; 27; 2
65; 65H; >; 7; 20; 9; 35; 35; 2
65; 65H; >; 1; 2; 9; 14; 14; 3
65; 65H; >; 2; 6; 9; 18; 18; 3
65; 65H; >; 3; 8; 9; 22; 22; 3
65; 65H; >; 4; 16; 9; 26; 26; 3
65; 65H; >; 5; 17; 9; 30; 30; 3
65; 65H; >; 6; 19; 9; 34; 34; 3
65; 65H; >; 7; 20; 9; 42; 42; 3
65; 65H; >; 1; 2; 9; 20; 20; 4
65; 65H; >; 2; 6; 9; 24; 24; 4
65; 65H; >; 3; 8; 9; 28; 28; 4
65; 65H; >; 4; 16; 9; 32; 32; 4
65; 65H; >; 5; 17; 9; 36; 36; 4
65; 65H; >; 6; 19; 9; 40; 40; 4
65; 65H; >; 7; 20; 9; 48; 48; 4
65; 65H; >; 1; 2; 9; 27; 27; 5
65; 65H; >; 2; 6; 9; 31; 31; 5
65; 65H; >; 3; 8; 9; 35; 35; 5
65; 65H; >; 4; 16; 9; 39; 39; 5
65; 65H; >; 5; 17; 9; 43; 43; 5
65; 65H; >; 6; 19; 9; 47; 47; 5
65; 65H; >; 7; 20; 9; 55; 55; 5
65; 65H; >; 1; 2; 9; 34; 34; 6
65; 65H; >; 2; 6; 9; 38; 38; 6
65; 65H; >; 3; 8; 9; 42; 42; 6
65; 65H; >; 4; 16; 9; 46; 46; 6
65; 65H; >; 5; 17; 9; 50; 50; 6
65; 65H; >; 6; 19; 9; 54; 54; 6
65; 65H; >; 7; 20; 9; 2; 2; 6
65; 65H; >; 1; 2; 9; 40; 40; 7
65; 65H; >; 2; 6; 9; 44; 44; 7
65; 65H; >; 3; 8; 9; 48; 48; 7
65; 65H; >; 4; 16; 9; 52; 52; 7
65; 65H; >; 5; 17; 9; 56; 56; 7
65; 65H; >; 6; 19; 9; 0; 0; 7
65; 65H; >; 7; 20; 9; 8; 8; 7
65; 65H; >; 1; 2; 9; 47; 47; 8
65; 65H; >; 2; 6; 9; 51; 51; 8
65; 65H; >; 3; 8; 9; 55; 55; 8
65; 65H; >; 4; 16; 9; 59; 59; 8
65; 65H; >; 5; 17; 9; 3; 3; 8
65; 65H; >; 6; 19; 9; 7; 7; 8
65; 65H; >; 7; 20; 9; 15; 15; 8
65; 65H; >; 1; 2; 9; 54; 54; 9
65; 65H; >; 2; 6; 9; 58; 58; 9
65; 65H; >; 3; 8; 9; 2; 2; 9
65; 65H; >; 4; 16; 9; 6; 6; 9
65; 65H; >; 5; 17; 9; 10; 10; 9
65; 65H; >; 6; 19; 9; 14; 14; 9
65; 65H; >; 7; 20; 9; 22; 22; 9
65; 65R; <; 1; 20; 9; 31; 31; 1
65; 65R; <; 2; 19; 9; 39; 39; 1
65; 65R; <; 3; 17; 9; 43; 43; 1
65; 65R; <; 4; 16; 9; 47; 47; 1
65; 65R; <; 5; 8; 9; 51; 51; 1
65; 65R; <; 6; 6; 9; 55; 55; 1
65; 65R; <; 7; 2; 9; 59; 59; 1
65; 65R; <; 1; 20; 9; 37; 37; 2
65; 65R; <; 2; 19; 9; 45; 45; 2
65; 65R; <; 3; 17; 9; 49; 49; 2
65; 65R; <; 4; 16; 9; 53; 53; 2
65; 65R; <; 5; 8; 9; 57; 57; 2
65; 65R; <; 6; 6; 9; 1; 1; 2
65; 65R; <; 7; 2; 9; 5; 5; 2
65; 65R; <; 1; 20; 9; 44; 44; 3
65; 65R; <; 2; 19; 9; 52; 52; 3
65; 65R; <; 3; 17; 9; 56; 56; 3
65; 65R; <; 4; 16; 9; 0; 0; 3
65; 65R; <; 5; 8; 9; 4; 4; 3
65; 65R; <; 6; 6; 9; 8; 8; 3
65; 65R; <; 7; 2; 9; 12; 12; 3
65; 65R; <; 1; 20; 9; 50; 50; 4
65; 65R; <; 2; 19; 9; 58; 58; 4
65; 65R; <; 3; 17; 9; 2; 2; 4
65; 65R; <; 4; 16; 9; 6; 6; 4
65; 65R; <; 5; 8; 9; 10; 10; 4
65; 65R; <; 6; 6; 9; 14; 14; 4
65; 65R; <; 7; 2; 9; 18; 18; 4
65; 65R; <; 1; 20; 9; 57; 57; 5
65; 65R; <; 2; 19; 9; 5; 5; 5
65; 65R; <; 3; 17; 9; 9; 9; 5
65; 65R; <; 4; 16; 9; 13; 13; 5
65; 65R; <; 5; 8; 9; 17; 17; 5
65; 65R; <; 6; 6; 9; 21; 21; 5
65; 65R; <; 7; 2; 9; 25; 25; 5
65; 65R; <; 1; 20; 9; 4; 4; 6
65; 65R; <; 2; 19; 9; 12; 12; 6
65; 65R; <; 3; 17; 9; 16; 16; 6
65; 65R; <; 4; 16; 9; 20; 20; 6
65; 65R; <; 5; 8; 9; 24; 24; 6
65; 65R; <; 6; 6; 9; 28; 28; 6
65; 65R; <; 7; 2; 9; 32; 32; 6
65; 65R; <; 1; 20; 9; 10; 10; 7
65; 65R; <; 2; 19; 9; 18; 18; 7
65; 65R; <; 3; 17; 9; 22; 22; 7
65; 65R; <; 4; 16; 9; 26; 26; 7
65; 65R; <; 5; 8; 9; 30; 30; 7
65; 65R; <; 6; 6; 9; 34; 34; 7
65; 65R; <; 7; 2; 9; 38; 38; 7
65; 65R; <; 1; 20; 9; 17; 17; 8
65; 65R; <; 2; 19; 9; 25; 25; 8
65; 65R; <; 3; 17; 9; 29; 29; 8
65; 65R; <; 4; 16; 9; 33; 33; 8
65; 65R; <; 5; 8; 9; 37; 37; 8
65; 65R; <; 6; 6; 9; 41; 41; 8
65; 65R; <; 7; 2; 9; 45; 45; 8
65; 65R; <; 1; 20; 9; 24; 24; 9
65; 65R; <; 2; 19; 9; 32; 32; 9
65; 65R; <; 3; 17; 9; 36; 36; 9
65; 65R; <; 4; 16; 9; 40; 40; 9
65; 65R; <; 5; 8; 9; 44; 44; 9
65; 65R; <; 6; 6; 9; 48; 48; 9
65; 65R; <; 7; 2; 9; 52; 52; 9
