# line-id; line-code; direction; stop-order; stop-id; frequency; arrival_time; departure_time; line-repetition
6; 6H; >; 1; 14; 2; 0; 0; 1
6; 6H; >; 2; 28; 2; 4; 4; 1
6; 6H; >; 3; 27; 2; 21; 21; 1
6; 6H; >; 4; 283; 2; 32; 32; 1
6; 6H; >; 5; 6; 2; 33; 33; 1
6; 6H; >; 6; 339; 2; 39; 39; 1
6; 6H; >; 7; 31; 2; 42; 42; 1
6; 6H; >; 1; 14; 2; 30; 30; 2
6; 6H; >; 2; 28; 2; 34; 34; 2
6; 6H; >; 3; 27; 2; 51; 51; 2
6; 6H; >; 4; 283; 2; 2; 2; 2
6; 6H; >; 5; 6; 2; 3; 3; 2
6; 6H; >; 6; 339; 2; 9; 9; 2
6; 6H; >; 7; 31; 2; 12; 12; 2
6; 6R; <; 1; 31; 2; 0; 0; 1
6; 6R; <; 2; 339; 2; 3; 3; 1
6; 6R; <; 3; 6; 2; 9; 9; 1
6; 6R; <; 4; 283; 2; 10; 10; 1
6; 6R; <; 5; 27; 2; 21; 21; 1
6; 6R; <; 6; 28; 2; 38; 38; 1
6; 6R; <; 7; 14; 2; 42; 42; 1
6; 6R; <; 1; 31; 2; 30; 30; 2
6; 6R; <; 2; 339; 2; 33; 33; 2
6; 6R; <; 3; 6; 2; 39; 39; 2
6; 6R; <; 4; 283; 2; 40; 40; 2
6; 6R; <; 5; 27; 2; 51; 51; 2
6; 6R; <; 6; 28; 2; 8; 8; 2
6; 6R; <; 7; 14; 2; 12; 12; 2
7; 7H; >; 1; 6; 2; 0; 0; 1
7; 7H; >; 2; 283; 2; 1; 1; 1
7; 7H; >; 3; 27; 2; 12; 12; 1
7; 7H; >; 4; 28; 2; 29; 29; 1
7; 7H; >; 5; 14; 2; 33; 33; 1
7; 7H; >; 6; 308; 2; 40; 40; 1
7; 7H; >; 7; 375; 2; 2; 2; 1
7; 7H; >; 1; 6; 2; 30; 30; 2
7; 7H; >; 2; 283; 2; 31; 31; 2
7; 7H; >; 3; 27; 2; 42; 42; 2
7; 7H; >; 4; 28; 2; 59; 59; 2
7; 7H; >; 5; 14; 2; 3; 3; 2
7; 7H; >; 6; 308; 2; 10; 10; 2
7; 7H; >; 7; 375; 2; 32; 32; 2
7; 7R; <; 1; 375; 2; 0; 0; 1
7; 7R; <; 2; 308; 2; 22; 22; 1
7; 7R; <; 3; 14; 2; 29; 29; 1
7; 7R; <; 4; 28; 2; 33; 33; 1
7; 7R; <; 5; 27; 2; 50; 50; 1
7; 7R; <; 6; 283; 2; 1; 1; 1
7; 7R; <; 7; 6; 2; 2; 2; 1
7; 7R; <; 1; 375; 2; 30; 30; 2
7; 7R; <; 2; 308; 2; 52; 52; 2
7; 7R; <; 3; 14; 2; 59; 59; 2
7; 7R; <; 4; 28; 2; 3; 3; 2
7; 7R; <; 5; 27; 2; 20; 20; 2
7; 7R; <; 6; 283; 2; 31; 31; 2
7; 7R; <; 7; 6; 2; 32; 32; 2
11; 11H; >; 1; 308; 2; 0; 0; 1
11; 11H; >; 2; 375; 2; 22; 22; 1
11; 11H; >; 3; 26; 2; 46; 46; 1
11; 11H; >; 4; 19; 2; 50; 50; 1
11; 11H; >; 5; 7; 2; 57; 57; 1
11; 11H; >; 6; 12; 2; 4; 4; 1
11; 11H; >; 1; 308; 2; 30; 30; 2
11; 11H; >; 2; 375; 2; 52; 52; 2
11; 11H; >; 3; 26; 2; 16; 16; 2
11; 11H; >; 4; 19; 2; 20; 20; 2
11; 11H; >; 5; 7; 2; 27; 27; 2
11; 11H; >; 6; 12; 2; 34; 34; 2
11; 11R; <; 1; 12; 2; 0; 0; 1
11; 11R; <; 2; 7; 2; 7; 7; 1
11; 11R; <; 3; 19; 2; 14; 14; 1
11; 11R; <; 4; 26; 2; 18; 18; 1
11; 11R; <; 5; 375; 2; 42; 42; 1
11; 11R; <; 6; 308; 2; 4; 4; 1
11; 11R; <; 1; 12; 2; 30; 30; 2
11; 11R; <; 2; 7; 2; 37; 37; 2
11; 11R; <; 3; 19; 2; 44; 44; 2
11; 11R; <; 4; 26; 2; 48; 48; 2
11; 11R; <; 5; 375; 2; 12; 12; 2
11; 11R; <; 6; 308; 2; 34; 34; 2
37; 37H; >; 1; 308; 2; 0; 0; 1
37; 37H; >; 2; 375; 2; 22; 22; 1
37; 37H; >; 3; 11; 2; 33; 33; 1
37; 37H; >; 4; 68; 2; 43; 43; 1
37; 37H; >; 5; 69; 2; 52; 52; 1
37; 37H; >; 1; 308; 2; 30; 30; 2
37; 37H; >; 2; 375; 2; 52; 52; 2
37; 37H; >; 3; 11; 2; 3; 3; 2
37; 37H; >; 4; 68; 2; 13; 13; 2
37; 37H; >; 5; 69; 2; 22; 22; 2
37; 37R; <; 1; 69; 2; 0; 0; 1
37; 37R; <; 2; 68; 2; 9; 9; 1
37; 37R; <; 3; 11; 2; 19; 19; 1
37; 37R; <; 4; 375; 2; 30; 30; 1
37; 37R; <; 5; 308; 2; 52; 52; 1
37; 37R; <; 1; 69; 2; 30; 30; 2
37; 37R; <; 2; 68; 2; 39; 39; 2
37; 37R; <; 3; 11; 2; 49; 49; 2
37; 37R; <; 4; 375; 2; 0; 0; 2
37; 37R; <; 5; 308; 2; 22; 22; 2
39; 39H; >; 1; 50; 2; 0; 0; 1
39; 39H; >; 2; 70; 2; 16; 16; 1
39; 39H; >; 3; 68; 2; 43; 43; 1
39; 39H; >; 4; 40; 2; 52; 52; 1
39; 39H; >; 5; 28; 2; 16; 16; 1
39; 39H; >; 1; 50; 2; 30; 30; 2
39; 39H; >; 2; 70; 2; 46; 46; 2
39; 39H; >; 3; 68; 2; 13; 13; 2
39; 39H; >; 4; 40; 2; 22; 22; 2
39; 39H; >; 5; 28; 2; 46; 46; 2
39; 39R; <; 1; 28; 2; 0; 0; 1
39; 39R; <; 2; 40; 2; 24; 24; 1
39; 39R; <; 3; 68; 2; 33; 33; 1
39; 39R; <; 4; 70; 2; 0; 0; 1
39; 39R; <; 5; 50; 2; 16; 16; 1
39; 39R; <; 1; 28; 2; 30; 30; 2
39; 39R; <; 2; 40; 2; 54; 54; 2
39; 39R; <; 3; 68; 2; 3; 3; 2
39; 39R; <; 4; 70; 2; 30; 30; 2
39; 39R; <; 5; 50; 2; 46; 46; 2
56; 56H; >; 1; 40; 2; 0; 0; 1
56; 56H; >; 2; 68; 2; 9; 9; 1
56; 56H; >; 3; 69; 2; 18; 18; 1
56; 56H; >; 4; 7; 2; 25; 25; 1
56; 56H; >; 5; 12; 2; 32; 32; 1
56; 56H; >; 1; 40; 2; 30; 30; 2
56; 56H; >; 2; 68; 2; 39; 39; 2
56; 56H; >; 3; 69; 2; 48; 48; 2
56; 56H; >; 4; 7; 2; 55; 55; 2
56; 56H; >; 5; 12; 2; 2; 2; 2
56; 56R; <; 1; 12; 2; 0; 0; 1
56; 56R; <; 2; 7; 2; 7; 7; 1
56; 56R; <; 3; 69; 2; 14; 14; 1
56; 56R; <; 4; 68; 2; 23; 23; 1
56; 56R; <; 5; 40; 2; 32; 32; 1
56; 56R; <; 1; 12; 2; 30; 30; 2
56; 56R; <; 2; 7; 2; 37; 37; 2
56; 56R; <; 3; 69; 2; 44; 44; 2
56; 56R; <; 4; 68; 2; 53; 53; 2
56; 56R; <; 5; 40; 2; 2; 2; 2
57; 57H; >; 1; 40; 2; 0; 0; 1
57; 57H; >; 2; 68; 2; 9; 9; 1
57; 57H; >; 3; 9; 2; 15; 15; 1
57; 57H; >; 4; 32; 2; 26; 26; 1
57; 57H; >; 5; 29; 2; 36; 36; 1
57; 57H; >; 1; 40; 2; 30; 30; 2
57; 57H; >; 2; 68; 2; 39; 39; 2
57; 57H; >; 3; 9; 2; 45; 45; 2
57; 57H; >; 4; 32; 2; 56; 56; 2
57; 57H; >; 5; 29; 2; 6; 6; 2
57; 57R; <; 1; 29; 2; 0; 0; 1
57; 57R; <; 2; 32; 2; 10; 10; 1
57; 57R; <; 3; 9; 2; 21; 21; 1
57; 57R; <; 4; 68; 2; 27; 27; 1
57; 57R; <; 5; 40; 2; 36; 36; 1
57; 57R; <; 1; 29; 2; 30; 30; 2
57; 57R; <; 2; 32; 2; 40; 40; 2
57; 57R; <; 3; 9; 2; 51; 51; 2
57; 57R; <; 4; 68; 2; 57; 57; 2
57; 57R; <; 5; 40; 2; 6; 6; 2
61; 61H; >; 1; 14; 2; 0; 0; 1
61; 61H; >; 2; 28; 2; 4; 4; 1
61; 61H; >; 3; 33; 2; 18; 18; 1
61; 61H; >; 4; 4; 2; 24; 24; 1
61; 61H; >; 5; 8; 2; 38; 38; 1
61; 61H; >; 1; 14; 2; 30; 30; 2
61; 61H; >; 2; 28; 2; 34; 34; 2
61; 61H; >; 3; 33; 2; 48; 48; 2
61; 61H; >; 4; 4; 2; 54; 54; 2
61; 61H; >; 5; 8; 2; 8; 8; 2
61; 61R; <; 1; 8; 2; 0; 0; 1
61; 61R; <; 2; 4; 2; 14; 14; 1
61; 61R; <; 3; 33; 2; 20; 20; 1
61; 61R; <; 4; 28; 2; 34; 34; 1
61; 61R; <; 5; 14; 2; 38; 38; 1
61; 61R; <; 1; 8; 2; 30; 30; 2
61; 61R; <; 2; 4; 2; 44; 44; 2
61; 61R; <; 3; 33; 2; 50; 50; 2
61; 61R; <; 4; 28; 2; 4; 4; 2
61; 61R; <; 5; 14; 2; 8; 8; 2
106; 106H; >; 1; 13; 2; 0; 0; 1
106; 106H; >; 2; 20; 2; 21; 21; 1
106; 106H; >; 3; 50; 2; 30; 30; 1
106; 106H; >; 1; 13; 2; 30; 30; 2
106; 106H; >; 2; 20; 2; 51; 51; 2
106; 106H; >; 3; 50; 2; 0; 0; 2
106; 106R; <; 1; 50; 2; 0; 0; 1
106; 106R; <; 2; 20; 2; 9; 9; 1
106; 106R; <; 3; 13; 2; 30; 30; 1
106; 106R; <; 1; 50; 2; 30; 30; 2
106; 106R; <; 2; 20; 2; 39; 39; 2
106; 106R; <; 3; 13; 2; 0; 0; 2
116; 116H; >; 1; 9; 6; 0; 0; 1
116; 116H; >; 2; 34; 6; 2; 2; 1
116; 116H; >; 1; 9; 6; 10; 10; 2
116; 116H; >; 2; 34; 6; 12; 12; 2
116; 116H; >; 1; 9; 6; 20; 20; 3
116; 116H; >; 2; 34; 6; 22; 22; 3
116; 116H; >; 1; 9; 6; 30; 30; 4
116; 116H; >; 2; 34; 6; 32; 32; 4
116; 116H; >; 1; 9; 6; 40; 40; 5
116; 116H; >; 2; 34; 6; 42; 42; 5
116; 116H; >; 1; 9; 6; 50; 50; 6
116; 116H; >; 2; 34; 6; 52; 52; 6
116; 116R; <; 1; 34; 6; 0; 0; 1
116; 116R; <; 2; 9; 6; 2; 2; 1
116; 116R; <; 1; 34; 6; 10; 10; 2
116; 116R; <; 2; 9; 6; 12; 12; 2
116; 116R; <; 1; 34; 6; 20; 20; 3
116; 116R; <; 2; 9; 6; 22; 22; 3
116; 116R; <; 1; 34; 6; 30; 30; 4
116; 116R; <; 2; 9; 6; 32; 32; 4
116; 116R; <; 1; 34; 6; 40; 40; 5
116; 116R; <; 2; 9; 6; 42; 42; 5
116; 116R; <; 1; 34; 6; 50; 50; 6
116; 116R; <; 2; 9; 6; 52; 52; 6
123; 123H; >; 1; 33; 2; 0; 0; 1
123; 123H; >; 2; 27; 2; 6; 6; 1
123; 123H; >; 3; 4; 2; 15; 15; 1
123; 123H; >; 4; 32; 2; 22; 22; 1
123; 123H; >; 5; 23; 2; 28; 28; 1
123; 123H; >; 6; 26; 2; 31; 31; 1
123; 123H; >; 7; 19; 2; 35; 35; 1
123; 123H; >; 8; 8; 2; 39; 39; 1
123; 123H; >; 9; 2; 2; 43; 43; 1
123; 123H; >; 10; 3; 2; 53; 53; 1
123; 123H; >; 11; 17; 2; 57; 57; 1
123; 123H; >; 1; 33; 2; 30; 30; 2
123; 123H; >; 2; 27; 2; 36; 36; 2
123; 123H; >; 3; 4; 2; 45; 45; 2
123; 123H; >; 4; 32; 2; 52; 52; 2
123; 123H; >; 5; 23; 2; 58; 58; 2
123; 123H; >; 6; 26; 2; 1; 1; 2
123; 123H; >; 7; 19; 2; 5; 5; 2
123; 123H; >; 8; 8; 2; 9; 9; 2
123; 123H; >; 9; 2; 2; 13; 13; 2
123; 123H; >; 10; 3; 2; 23; 23; 2
123; 123H; >; 11; 17; 2; 27; 27; 2
123; 123R; <; 1; 17; 2; 0; 0; 1
123; 123R; <; 2; 3; 2; 4; 4; 1
123; 123R; <; 3; 2; 2; 14; 14; 1
123; 123R; <; 4; 8; 2; 18; 18; 1
123; 123R; <; 5; 19; 2; 22; 22; 1
123; 123R; <; 6; 26; 2; 26; 26; 1
123; 123R; <; 7; 23; 2; 29; 29; 1
123; 123R; <; 8; 32; 2; 35; 35; 1
123; 123R; <; 9; 4; 2; 42; 42; 1
123; 123R; <; 10; 27; 2; 51; 51; 1
123; 123R; <; 11; 33; 2; 57; 57; 1
123; 123R; <; 1; 17; 2; 30; 30; 2
123; 123R; <; 2; 3; 2; 34; 34; 2
123; 123R; <; 3; 2; 2; 44; 44; 2
123; 123R; <; 4; 8; 2; 48; 48; 2
123; 123R; <; 5; 19; 2; 52; 52; 2
123; 123R; <; 6; 26; 2; 56; 56; 2
123; 123R; <; 7; 23; 2; 59; 59; 2
123; 123R; <; 8; 32; 2; 5; 5; 2
123; 123R; <; 9; 4; 2; 12; 12; 2
123; 123R; <; 10; 27; 2; 21; 21; 2
123; 123R; <; 11; 33; 2; 27; 27; 2
125; 125H; >; 1; 11; 2; 39; 39; 1
125; 125H; >; 2; 40; 2; 42; 42; 1
125; 125H; >; 3; 28; 2; 6; 6; 1
125; 125H; >; 4; 30; 2; 8; 8; 1
125; 125H; >; 5; 24; 2; 10; 10; 1
125; 125H; >; 6; 10; 2; 12; 12; 1
125; 125H; >; 7; 23; 2; 16; 16; 1
125; 125H; >; 8; 26; 2; 19; 19; 1
125; 125H; >; 9; 19; 2; 23; 23; 1
125; 125H; >; 10; 8; 2; 27; 27; 1
125; 125H; >; 11; 2; 2; 31; 31; 1
125; 125H; >; 1; 11; 2; 9; 9; 2
125; 125H; >; 2; 40; 2; 12; 12; 2
125; 125H; >; 3; 28; 2; 36; 36; 2
125; 125H; >; 4; 30; 2; 38; 38; 2
125; 125H; >; 5; 24; 2; 40; 40; 2
125; 125H; >; 6; 10; 2; 42; 42; 2
125; 125H; >; 7; 23; 2; 46; 46; 2
125; 125H; >; 8; 26; 2; 49; 49; 2
125; 125H; >; 9; 19; 2; 53; 53; 2
125; 125H; >; 10; 8; 2; 57; 57; 2
125; 125H; >; 11; 2; 2; 1; 1; 2
125; 125R; <; 1; 2; 2; 21; 21; 1
125; 125R; <; 2; 8; 2; 25; 25; 1
125; 125R; <; 3; 19; 2; 29; 29; 1
125; 125R; <; 4; 26; 2; 33; 33; 1
125; 125R; <; 5; 23; 2; 36; 36; 1
125; 125R; <; 6; 10; 2; 40; 40; 1
125; 125R; <; 7; 24; 2; 42; 42; 1
125; 125R; <; 8; 30; 2; 44; 44; 1
125; 125R; <; 9; 28; 2; 46; 46; 1
125; 125R; <; 10; 40; 2; 10; 10; 1
125; 125R; <; 11; 11; 2; 13; 13; 1
125; 125R; <; 1; 2; 2; 51; 51; 2
125; 125R; <; 2; 8; 2; 55; 55; 2
125; 125R; <; 3; 19; 2; 59; 59; 2
125; 125R; <; 4; 26; 2; 3; 3; 2
125; 125R; <; 5; 23; 2; 6; 6; 2
125; 125R; <; 6; 10; 2; 10; 10; 2
125; 125R; <; 7; 24; 2; 12; 12; 2
125; 125R; <; 8; 30; 2; 14; 14; 2
125; 125R; <; 9; 28; 2; 16; 16; 2
125; 125R; <; 10; 40; 2; 40; 40; 2
125; 125R; <; 11; 11; 2; 43; 43; 2
130; 130H; >; 1; 375; 6; 0; 0; 1
130; 130H; >; 2; 11; 6; 11; 11; 1
130; 130H; >; 3; 40; 6; 14; 14; 1
130; 130H; >; 4; 68; 6; 23; 23; 1
130; 130H; >; 5; 9; 6; 29; 29; 1
130; 130H; >; 6; 34; 6; 31; 31; 1
130; 130H; >; 7; 19; 6; 36; 36; 1
130; 130H; >; 8; 26; 6; 40; 40; 1
130; 130H; >; 9; 23; 6; 43; 43; 1
130; 130H; >; 1; 375; 6; 10; 10; 2
130; 130H; >; 2; 11; 6; 21; 21; 2
130; 130H; >; 3; 40; 6; 24; 24; 2
130; 130H; >; 4; 68; 6; 33; 33; 2
130; 130H; >; 5; 9; 6; 39; 39; 2
130; 130H; >; 6; 34; 6; 41; 41; 2
130; 130H; >; 7; 19; 6; 46; 46; 2
130; 130H; >; 8; 26; 6; 50; 50; 2
130; 130H; >; 9; 23; 6; 53; 53; 2
130; 130H; >; 1; 375; 6; 20; 20; 3
130; 130H; >; 2; 11; 6; 31; 31; 3
130; 130H; >; 3; 40; 6; 34; 34; 3
130; 130H; >; 4; 68; 6; 43; 43; 3
130; 130H; >; 5; 9; 6; 49; 49; 3
130; 130H; >; 6; 34; 6; 51; 51; 3
130; 130H; >; 7; 19; 6; 56; 56; 3
130; 130H; >; 8; 26; 6; 0; 0; 3
130; 130H; >; 9; 23; 6; 3; 3; 3
130; 130H; >; 1; 375; 6; 30; 30; 4
130; 130H; >; 2; 11; 6; 41; 41; 4
130; 130H; >; 3; 40; 6; 44; 44; 4
130; 130H; >; 4; 68; 6; 53; 53; 4
130; 130H; >; 5; 9; 6; 59; 59; 4
130; 130H; >; 6; 34; 6; 1; 1; 4
130; 130H; >; 7; 19; 6; 6; 6; 4
130; 130H; >; 8; 26; 6; 10; 10; 4
130; 130H; >; 9; 23; 6; 13; 13; 4
130; 130H; >; 1; 375; 6; 40; 40; 5
130; 130H; >; 2; 11; 6; 51; 51; 5
130; 130H; >; 3; 40; 6; 54; 54; 5
130; 130H; >; 4; 68; 6; 3; 3; 5
130; 130H; >; 5; 9; 6; 9; 9; 5
130; 130H; >; 6; 34; 6; 11; 11; 5
130; 130H; >; 7; 19; 6; 16; 16; 5
130; 130H; >; 8; 26; 6; 20; 20; 5
130; 130H; >; 9; 23; 6; 23; 23; 5
130; 130H; >; 1; 375; 6; 50; 50; 6
130; 130H; >; 2; 11; 6; 1; 1; 6
130; 130H; >; 3; 40; 6; 4; 4; 6
130; 130H; >; 4; 68; 6; 13; 13; 6
130; 130H; >; 5; 9; 6; 19; 19; 6
130; 130H; >; 6; 34; 6; 21; 21; 6
130; 130H; >; 7; 19; 6; 26; 26; 6
130; 130H; >; 8; 26; 6; 30; 30; 6
130; 130H; >; 9; 23; 6; 33; 33; 6
130; 130R; <; 1; 23; 6; 0; 0; 1
130; 130R; <; 2; 26; 6; 3; 3; 1
130; 130R; <; 3; 19; 6; 7; 7; 1
130; 130R; <; 4; 34; 6; 12; 12; 1
130; 130R; <; 5; 9; 6; 14; 14; 1
130; 130R; <; 6; 68; 6; 20; 20; 1
130; 130R; <; 7; 40; 6; 29; 29; 1
130; 130R; <; 8; 11; 6; 32; 32; 1
130; 130R; <; 9; 375; 6; 43; 43; 1
130; 130R; <; 1; 23; 6; 10; 10; 2
130; 130R; <; 2; 26; 6; 13; 13; 2
130; 130R; <; 3; 19; 6; 17; 17; 2
130; 130R; <; 4; 34; 6; 22; 22; 2
130; 130R; <; 5; 9; 6; 24; 24; 2
130; 130R; <; 6; 68; 6; 30; 30; 2
130; 130R; <; 7; 40; 6; 39; 39; 2
130; 130R; <; 8; 11; 6; 42; 42; 2
130; 130R; <; 9; 375; 6; 53; 53; 2
130; 130R; <; 1; 23; 6; 20; 20; 3
130; 130R; <; 2; 26; 6; 23; 23; 3
130; 130R; <; 3; 19; 6; 27; 27; 3
130; 130R; <; 4; 34; 6; 32; 32; 3
130; 130R; <; 5; 9; 6; 34; 34; 3
130; 130R; <; 6; 68; 6; 40; 40; 3
130; 130R; <; 7; 40; 6; 49; 49; 3
130; 130R; <; 8; 11; 6; 52; 52; 3
130; 130R; <; 9; 375; 6; 3; 3; 3
130; 130R; <; 1; 23; 6; 30; 30; 4
130; 130R; <; 2; 26; 6; 33; 33; 4
130; 130R; <; 3; 19; 6; 37; 37; 4
130; 130R; <; 4; 34; 6; 42; 42; 4
130; 130R; <; 5; 9; 6; 44; 44; 4
130; 130R; <; 6; 68; 6; 50; 50; 4
130; 130R; <; 7; 40; 6; 59; 59; 4
130; 130R; <; 8; 11; 6; 2; 2; 4
130; 130R; <; 9; 375; 6; 13; 13; 4
130; 130R; <; 1; 23; 6; 40; 40; 5
130; 130R; <; 2; 26; 6; 43; 43; 5
130; 130R; <; 3; 19; 6; 47; 47; 5
130; 130R; <; 4; 34; 6; 52; 52; 5
130; 130R; <; 5; 9; 6; 54; 54; 5
130; 130R; <; 6; 68; 6; 0; 0; 5
130; 130R; <; 7; 40; 6; 9; 9; 5
130; 130R; <; 8; 11; 6; 12; 12; 5
130; 130R; <; 9; 375; 6; 23; 23; 5
130; 130R; <; 1; 23; 6; 50; 50; 6
130; 130R; <; 2; 26; 6; 53; 53; 6
130; 130R; <; 3; 19; 6; 57; 57; 6
130; 130R; <; 4; 34; 6; 2; 2; 6
130; 130R; <; 5; 9; 6; 4; 4; 6
130; 130R; <; 6; 68; 6; 10; 10; 6
130; 130R; <; 7; 40; 6; 19; 19; 6
130; 130R; <; 8; 11; 6; 22; 22; 6
130; 130R; <; 9; 375; 6; 33; 33; 6
134; 134H; >; 1; 33; 2; 0; 0; 1
134; 134H; >; 2; 27; 2; 6; 6; 1
134; 134H; >; 3; 4; 2; 15; 15; 1
134; 134H; >; 4; 32; 2; 22; 22; 1
134; 134H; >; 5; 8; 2; 31; 31; 1
134; 134H; >; 6; 2; 2; 35; 35; 1
134; 134H; >; 7; 3; 2; 45; 45; 1
134; 134H; >; 8; 17; 2; 49; 49; 1
134; 134H; >; 1; 33; 2; 30; 30; 2
134; 134H; >; 2; 27; 2; 36; 36; 2
134; 134H; >; 3; 4; 2; 45; 45; 2
134; 134H; >; 4; 32; 2; 52; 52; 2
134; 134H; >; 5; 8; 2; 1; 1; 2
134; 134H; >; 6; 2; 2; 5; 5; 2
134; 134H; >; 7; 3; 2; 15; 15; 2
134; 134H; >; 8; 17; 2; 19; 19; 2
134; 134R; <; 1; 17; 2; 0; 0; 1
134; 134R; <; 2; 3; 2; 4; 4; 1
134; 134R; <; 3; 2; 2; 14; 14; 1
134; 134R; <; 4; 8; 2; 18; 18; 1
134; 134R; <; 5; 32; 2; 27; 27; 1
134; 134R; <; 6; 4; 2; 34; 34; 1
134; 134R; <; 7; 27; 2; 43; 43; 1
134; 134R; <; 8; 33; 2; 49; 49; 1
134; 134R; <; 1; 17; 2; 30; 30; 2
134; 134R; <; 2; 3; 2; 34; 34; 2
134; 134R; <; 3; 2; 2; 44; 44; 2
134; 134R; <; 4; 8; 2; 48; 48; 2
134; 134R; <; 5; 32; 2; 57; 57; 2
134; 134R; <; 6; 4; 2; 4; 4; 2
134; 134R; <; 7; 27; 2; 13; 13; 2
134; 134R; <; 8; 33; 2; 19; 19; 2
141; 141H; >; 1; 33; 13; 35; 35; 1
141; 141H; >; 2; 27; 13; 41; 41; 1
141; 141H; >; 3; 4; 13; 50; 50; 1
141; 141H; >; 4; 8; 13; 4; 4; 1
141; 141H; >; 5; 2; 13; 8; 8; 1
141; 141H; >; 6; 3; 13; 18; 18; 1
141; 141H; >; 7; 17; 13; 22; 22; 1
141; 141H; >; 1; 33; 13; 39; 39; 2
141; 141H; >; 2; 27; 13; 45; 45; 2
141; 141H; >; 3; 4; 13; 54; 54; 2
141; 141H; >; 4; 8; 13; 8; 8; 2
141; 141H; >; 5; 2; 13; 12; 12; 2
141; 141H; >; 6; 3; 13; 22; 22; 2
141; 141H; >; 7; 17; 13; 26; 26; 2
141; 141H; >; 1; 33; 13; 44; 44; 3
141; 141H; >; 2; 27; 13; 50; 50; 3
141; 141H; >; 3; 4; 13; 59; 59; 3
141; 141H; >; 4; 8; 13; 13; 13; 3
141; 141H; >; 5; 2; 13; 17; 17; 3
141; 141H; >; 6; 3; 13; 27; 27; 3
141; 141H; >; 7; 17; 13; 31; 31; 3
141; 141H; >; 1; 33; 13; 48; 48; 4
141; 141H; >; 2; 27; 13; 54; 54; 4
141; 141H; >; 3; 4; 13; 3; 3; 4
141; 141H; >; 4; 8; 13; 17; 17; 4
141; 141H; >; 5; 2; 13; 21; 21; 4
141; 141H; >; 6; 3; 13; 31; 31; 4
141; 141H; >; 7; 17; 13; 35; 35; 4
141; 141H; >; 1; 33; 13; 53; 53; 5
141; 141H; >; 2; 27; 13; 59; 59; 5
141; 141H; >; 3; 4; 13; 8; 8; 5
141; 141H; >; 4; 8; 13; 22; 22; 5
141; 141H; >; 5; 2; 13; 26; 26; 5
141; 141H; >; 6; 3; 13; 36; 36; 5
141; 141H; >; 7; 17; 13; 40; 40; 5
141; 141H; >; 1; 33; 13; 58; 58; 6
141; 141H; >; 2; 27; 13; 4; 4; 6
141; 141H; >; 3; 4; 13; 13; 13; 6
141; 141H; >; 4; 8; 13; 27; 27; 6
141; 141H; >; 5; 2; 13; 31; 31; 6
141; 141H; >; 6; 3; 13; 41; 41; 6
141; 141H; >; 7; 17; 13; 45; 45; 6
141; 141H; >; 1; 33; 13; 2; 2; 7
141; 141H; >; 2; 27; 13; 8; 8; 7
141; 141H; >; 3; 4; 13; 17; 17; 7
141; 141H; >; 4; 8; 13; 31; 31; 7
141; 141H; >; 5; 2; 13; 35; 35; 7
141; 141H; >; 6; 3; 13; 45; 45; 7
141; 141H; >; 7; 17; 13; 49; 49; 7
141; 141H; >; 1; 33; 13; 7; 7; 8
141; 141H; >; 2; 27; 13; 13; 13; 8
141; 141H; >; 3; 4; 13; 22; 22; 8
141; 141H; >; 4; 8; 13; 36; 36; 8
141; 141H; >; 5; 2; 13; 40; 40; 8
141; 141H; >; 6; 3; 13; 50; 50; 8
141; 141H; >; 7; 17; 13; 54; 54; 8
141; 141H; >; 1; 33; 13; 11; 11; 9
141; 141H; >; 2; 27; 13; 17; 17; 9
141; 141H; >; 3; 4; 13; 26; 26; 9
141; 141H; >; 4; 8; 13; 40; 40; 9
141; 141H; >; 5; 2; 13; 44; 44; 9
141; 141H; >; 6; 3; 13; 54; 54; 9
141; 141H; >; 7; 17; 13; 58; 58; 9
141; 141H; >; 1; 33; 13; 16; 16; 10
141; 141H; >; 2; 27; 13; 22; 22; 10
141; 141H; >; 3; 4; 13; 31; 31; 10
141; 141H; >; 4; 8; 13; 45; 45; 10
141; 141H; >; 5; 2; 13; 49; 49; 10
141; 141H; >; 6; 3; 13; 59; 59; 10
141; 141H; >; 7; 17; 13; 3; 3; 10
141; 141H; >; 1; 33; 13; 21; 21; 11
141; 141H; >; 2; 27; 13; 27; 27; 11
141; 141H; >; 3; 4; 13; 36; 36; 11
141; 141H; >; 4; 8; 13; 50; 50; 11
141; 141H; >; 5; 2; 13; 54; 54; 11
141; 141H; >; 6; 3; 13; 4; 4; 11
141; 141H; >; 7; 17; 13; 8; 8; 11
141; 141H; >; 1; 33; 13; 25; 25; 12
141; 141H; >; 2; 27; 13; 31; 31; 12
141; 141H; >; 3; 4; 13; 40; 40; 12
141; 141H; >; 4; 8; 13; 54; 54; 12
141; 141H; >; 5; 2; 13; 58; 58; 12
141; 141H; >; 6; 3; 13; 8; 8; 12
141; 141H; >; 7; 17; 13; 12; 12; 12
141; 141H; >; 1; 33; 13; 30; 30; 13
141; 141H; >; 2; 27; 13; 36; 36; 13
141; 141H; >; 3; 4; 13; 45; 45; 13
141; 141H; >; 4; 8; 13; 59; 59; 13
141; 141H; >; 5; 2; 13; 3; 3; 13
141; 141H; >; 6; 3; 13; 13; 13; 13
141; 141H; >; 7; 17; 13; 17; 17; 13
141; 141R; <; 1; 17; 13; 56; 56; 1
141; 141R; <; 2; 3; 13; 0; 0; 1
141; 141R; <; 3; 2; 13; 10; 10; 1
141; 141R; <; 4; 8; 13; 14; 14; 1
141; 141R; <; 5; 4; 13; 28; 28; 1
141; 141R; <; 6; 27; 13; 37; 37; 1
141; 141R; <; 7; 33; 13; 43; 43; 1
141; 141R; <; 1; 17; 13; 0; 0; 2
141; 141R; <; 2; 3; 13; 4; 4; 2
141; 141R; <; 3; 2; 13; 14; 14; 2
141; 141R; <; 4; 8; 13; 18; 18; 2
141; 141R; <; 5; 4; 13; 32; 32; 2
141; 141R; <; 6; 27; 13; 41; 41; 2
141; 141R; <; 7; 33; 13; 47; 47; 2
141; 141R; <; 1; 17; 13; 5; 5; 3
141; 141R; <; 2; 3; 13; 9; 9; 3
141; 141R; <; 3; 2; 13; 19; 19; 3
141; 141R; <; 4; 8; 13; 23; 23; 3
141; 141R; <; 5; 4; 13; 37; 37; 3
141; 141R; <; 6; 27; 13; 46; 46; 3
141; 141R; <; 7; 33; 13; 52; 52; 3
141; 141R; <; 1; 17; 13; 9; 9; 4
141; 141R; <; 2; 3; 13; 13; 13; 4
141; 141R; <; 3; 2; 13; 23; 23; 4
141; 141R; <; 4; 8; 13; 27; 27; 4
141; 141R; <; 5; 4; 13; 41; 41; 4
141; 141R; <; 6; 27; 13; 50; 50; 4
141; 141R; <; 7; 33; 13; 56; 56; 4
141; 141R; <; 1; 17; 13; 14; 14; 5
141; 141R; <; 2; 3; 13; 18; 18; 5
141; 141R; <; 3; 2; 13; 28; 28; 5
141; 141R; <; 4; 8; 13; 32; 32; 5
141; 141R; <; 5; 4; 13; 46; 46; 5
141; 141R; <; 6; 27; 13; 55; 55; 5
141; 141R; <; 7; 33; 13; 1; 1; 5
141; 141R; <; 1; 17; 13; 19; 19; 6
141; 141R; <; 2; 3; 13; 23; 23; 6
141; 141R; <; 3; 2; 13; 33; 33; 6
141; 141R; <; 4; 8; 13; 37; 37; 6
141; 141R; <; 5; 4; 13; 51; 51; 6
141; 141R; <; 6; 27; 13; 0; 0; 6
141; 141R; <; 7; 33; 13; 6; 6; 6
141; 141R; <; 1; 17; 13; 23; 23; 7
141; 141R; <; 2; 3; 13; 27; 27; 7
141; 141R; <; 3; 2; 13; 37; 37; 7
141; 141R; <; 4; 8; 13; 41; 41; 7
141; 141R; <; 5; 4; 13; 55; 55; 7
141; 141R; <; 6; 27; 13; 4; 4; 7
141; 141R; <; 7; 33; 13; 10; 10; 7
141; 141R; <; 1; 17; 13; 28; 28; 8
141; 141R; <; 2; 3; 13; 32; 32; 8
141; 141R; <; 3; 2; 13; 42; 42; 8
141; 141R; <; 4; 8; 13; 46; 46; 8
141; 141R; <; 5; 4; 13; 0; 0; 8
141; 141R; <; 6; 27; 13; 9; 9; 8
141; 141R; <; 7; 33; 13; 15; 15; 8
141; 141R; <; 1; 17; 13; 32; 32; 9
141; 141R; <; 2; 3; 13; 36; 36; 9
141; 141R; <; 3; 2; 13; 46; 46; 9
141; 141R; <; 4; 8; 13; 50; 50; 9
141; 141R; <; 5; 4; 13; 4; 4; 9
141; 141R; <; 6; 27; 13; 13; 13; 9
141; 141R; <; 7; 33; 13; 19; 19; 9
141; 141R; <; 1; 17; 13; 37; 37; 10
141; 141R; <; 2; 3; 13; 41; 41; 10
141; 141R; <; 3; 2; 13; 51; 51; 10
141; 141R; <; 4; 8; 13; 55; 55; 10
141; 141R; <; 5; 4; 13; 9; 9; 10
141; 141R; <; 6; 27; 13; 18; 18; 10
141; 141R; <; 7; 33; 13; 24; 24; 10
141; 141R; <; 1; 17; 13; 42; 42; 11
141; 141R; <; 2; 3; 13; 46; 46; 11
141; 141R; <; 3; 2; 13; 56; 56; 11
141; 141R; <; 4; 8; 13; 0; 0; 11
141; 141R; <; 5; 4; 13; 14; 14; 11
141; 141R; <; 6; 27; 13; 23; 23; 11
141; 141R; <; 7; 33; 13; 29; 29; 11
141; 141R; <; 1; 17; 13; 46; 46; 12
141; 141R; <; 2; 3; 13; 50; 50; 12
141; 141R; <; 3; 2; 13; 0; 0; 12
141; 141R; <; 4; 8; 13; 4; 4; 12
141; 141R; <; 5; 4; 13; 18; 18; 12
141; 141R; <; 6; 27; 13; 27; 27; 12
141; 141R; <; 7; 33; 13; 33; 33; 12
141; 141R; <; 1; 17; 13; 51; 51; 13
141; 141R; <; 2; 3; 13; 55; 55; 13
141; 141R; <; 3; 2; 13; 5; 5; 13
141; 141R; <; 4; 8; 13; 9; 9; 13
141; 141R; <; 5; 4; 13; 23; 23; 13
141; 141R; <; 6; 27; 13; 32; 32; 13
141; 141R; <; 7; 33; 13; 38; 38; 13
142; 142H; >; 1; 375; 13; 39; 39; 1
142; 142H; >; 2; 11; 13; 50; 50; 1
142; 142H; >; 3; 40; 13; 53; 53; 1
142; 142H; >; 4; 68; 13; 2; 2; 1
142; 142H; >; 5; 69; 13; 11; 11; 1
142; 142H; >; 6; 1; 13; 17; 17; 1
142; 142H; >; 7; 7; 13; 19; 19; 1
142; 142H; >; 1; 375; 13; 43; 43; 2
142; 142H; >; 2; 11; 13; 54; 54; 2
142; 142H; >; 3; 40; 13; 57; 57; 2
142; 142H; >; 4; 68; 13; 6; 6; 2
142; 142H; >; 5; 69; 13; 15; 15; 2
142; 142H; >; 6; 1; 13; 21; 21; 2
142; 142H; >; 7; 7; 13; 23; 23; 2
142; 142H; >; 1; 375; 13; 48; 48; 3
142; 142H; >; 2; 11; 13; 59; 59; 3
142; 142H; >; 3; 40; 13; 2; 2; 3
142; 142H; >; 4; 68; 13; 11; 11; 3
142; 142H; >; 5; 69; 13; 20; 20; 3
142; 142H; >; 6; 1; 13; 26; 26; 3
142; 142H; >; 7; 7; 13; 28; 28; 3
142; 142H; >; 1; 375; 13; 52; 52; 4
142; 142H; >; 2; 11; 13; 3; 3; 4
142; 142H; >; 3; 40; 13; 6; 6; 4
142; 142H; >; 4; 68; 13; 15; 15; 4
142; 142H; >; 5; 69; 13; 24; 24; 4
142; 142H; >; 6; 1; 13; 30; 30; 4
142; 142H; >; 7; 7; 13; 32; 32; 4
142; 142H; >; 1; 375; 13; 57; 57; 5
142; 142H; >; 2; 11; 13; 8; 8; 5
142; 142H; >; 3; 40; 13; 11; 11; 5
142; 142H; >; 4; 68; 13; 20; 20; 5
142; 142H; >; 5; 69; 13; 29; 29; 5
142; 142H; >; 6; 1; 13; 35; 35; 5
142; 142H; >; 7; 7; 13; 37; 37; 5
142; 142H; >; 1; 375; 13; 2; 2; 6
142; 142H; >; 2; 11; 13; 13; 13; 6
142; 142H; >; 3; 40; 13; 16; 16; 6
142; 142H; >; 4; 68; 13; 25; 25; 6
142; 142H; >; 5; 69; 13; 34; 34; 6
142; 142H; >; 6; 1; 13; 40; 40; 6
142; 142H; >; 7; 7; 13; 42; 42; 6
142; 142H; >; 1; 375; 13; 6; 6; 7
142; 142H; >; 2; 11; 13; 17; 17; 7
142; 142H; >; 3; 40; 13; 20; 20; 7
142; 142H; >; 4; 68; 13; 29; 29; 7
142; 142H; >; 5; 69; 13; 38; 38; 7
142; 142H; >; 6; 1; 13; 44; 44; 7
142; 142H; >; 7; 7; 13; 46; 46; 7
142; 142H; >; 1; 375; 13; 11; 11; 8
142; 142H; >; 2; 11; 13; 22; 22; 8
142; 142H; >; 3; 40; 13; 25; 25; 8
142; 142H; >; 4; 68; 13; 34; 34; 8
142; 142H; >; 5; 69; 13; 43; 43; 8
142; 142H; >; 6; 1; 13; 49; 49; 8
142; 142H; >; 7; 7; 13; 51; 51; 8
142; 142H; >; 1; 375; 13; 15; 15; 9
142; 142H; >; 2; 11; 13; 26; 26; 9
142; 142H; >; 3; 40; 13; 29; 29; 9
142; 142H; >; 4; 68; 13; 38; 38; 9
142; 142H; >; 5; 69; 13; 47; 47; 9
142; 142H; >; 6; 1; 13; 53; 53; 9
142; 142H; >; 7; 7; 13; 55; 55; 9
142; 142H; >; 1; 375; 13; 20; 20; 10
142; 142H; >; 2; 11; 13; 31; 31; 10
142; 142H; >; 3; 40; 13; 34; 34; 10
142; 142H; >; 4; 68; 13; 43; 43; 10
142; 142H; >; 5; 69; 13; 52; 52; 10
142; 142H; >; 6; 1; 13; 58; 58; 10
142; 142H; >; 7; 7; 13; 0; 0; 10
142; 142H; >; 1; 375; 13; 25; 25; 11
142; 142H; >; 2; 11; 13; 36; 36; 11
142; 142H; >; 3; 40; 13; 39; 39; 11
142; 142H; >; 4; 68; 13; 48; 48; 11
142; 142H; >; 5; 69; 13; 57; 57; 11
142; 142H; >; 6; 1; 13; 3; 3; 11
142; 142H; >; 7; 7; 13; 5; 5; 11
142; 142H; >; 1; 375; 13; 29; 29; 12
142; 142H; >; 2; 11; 13; 40; 40; 12
142; 142H; >; 3; 40; 13; 43; 43; 12
142; 142H; >; 4; 68; 13; 52; 52; 12
142; 142H; >; 5; 69; 13; 1; 1; 12
142; 142H; >; 6; 1; 13; 7; 7; 12
142; 142H; >; 7; 7; 13; 9; 9; 12
142; 142H; >; 1; 375; 13; 34; 34; 13
142; 142H; >; 2; 11; 13; 45; 45; 13
142; 142H; >; 3; 40; 13; 48; 48; 13
142; 142H; >; 4; 68; 13; 57; 57; 13
142; 142H; >; 5; 69; 13; 6; 6; 13
142; 142H; >; 6; 1; 13; 12; 12; 13
142; 142H; >; 7; 7; 13; 14; 14; 13
142; 142R; <; 1; 7; 13; 30; 30; 1
142; 142R; <; 2; 1; 13; 32; 32; 1
142; 142R; <; 3; 69; 13; 38; 38; 1
142; 142R; <; 4; 68; 13; 47; 47; 1
142; 142R; <; 5; 40; 13; 56; 56; 1
142; 142R; <; 6; 11; 13; 59; 59; 1
142; 142R; <; 7; 375; 13; 10; 10; 1
142; 142R; <; 1; 7; 13; 34; 34; 2
142; 142R; <; 2; 1; 13; 36; 36; 2
142; 142R; <; 3; 69; 13; 42; 42; 2
142; 142R; <; 4; 68; 13; 51; 51; 2
142; 142R; <; 5; 40; 13; 0; 0; 2
142; 142R; <; 6; 11; 13; 3; 3; 2
142; 142R; <; 7; 375; 13; 14; 14; 2
142; 142R; <; 1; 7; 13; 39; 39; 3
142; 142R; <; 2; 1; 13; 41; 41; 3
142; 142R; <; 3; 69; 13; 47; 47; 3
142; 142R; <; 4; 68; 13; 56; 56; 3
142; 142R; <; 5; 40; 13; 5; 5; 3
142; 142R; <; 6; 11; 13; 8; 8; 3
142; 142R; <; 7; 375; 13; 19; 19; 3
142; 142R; <; 1; 7; 13; 43; 43; 4
142; 142R; <; 2; 1; 13; 45; 45; 4
142; 142R; <; 3; 69; 13; 51; 51; 4
142; 142R; <; 4; 68; 13; 0; 0; 4
142; 142R; <; 5; 40; 13; 9; 9; 4
142; 142R; <; 6; 11; 13; 12; 12; 4
142; 142R; <; 7; 375; 13; 23; 23; 4
142; 142R; <; 1; 7; 13; 48; 48; 5
142; 142R; <; 2; 1; 13; 50; 50; 5
142; 142R; <; 3; 69; 13; 56; 56; 5
142; 142R; <; 4; 68; 13; 5; 5; 5
142; 142R; <; 5; 40; 13; 14; 14; 5
142; 142R; <; 6; 11; 13; 17; 17; 5
142; 142R; <; 7; 375; 13; 28; 28; 5
142; 142R; <; 1; 7; 13; 53; 53; 6
142; 142R; <; 2; 1; 13; 55; 55; 6
142; 142R; <; 3; 69; 13; 1; 1; 6
142; 142R; <; 4; 68; 13; 10; 10; 6
142; 142R; <; 5; 40; 13; 19; 19; 6
142; 142R; <; 6; 11; 13; 22; 22; 6
142; 142R; <; 7; 375; 13; 33; 33; 6
142; 142R; <; 1; 7; 13; 57; 57; 7
142; 142R; <; 2; 1; 13; 59; 59; 7
142; 142R; <; 3; 69; 13; 5; 5; 7
142; 142R; <; 4; 68; 13; 14; 14; 7
142; 142R; <; 5; 40; 13; 23; 23; 7
142; 142R; <; 6; 11; 13; 26; 26; 7
142; 142R; <; 7; 375; 13; 37; 37; 7
142; 142R; <; 1; 7; 13; 2; 2; 8
142; 142R; <; 2; 1; 13; 4; 4; 8
142; 142R; <; 3; 69; 13; 10; 10; 8
142; 142R; <; 4; 68; 13; 19; 19; 8
142; 142R; <; 5; 40; 13; 28; 28; 8
142; 142R; <; 6; 11; 13; 31; 31; 8
142; 142R; <; 7; 375; 13; 42; 42; 8
142; 142R; <; 1; 7; 13; 6; 6; 9
142; 142R; <; 2; 1; 13; 8; 8; 9
142; 142R; <; 3; 69; 13; 14; 14; 9
142; 142R; <; 4; 68; 13; 23; 23; 9
142; 142R; <; 5; 40; 13; 32; 32; 9
142; 142R; <; 6; 11; 13; 35; 35; 9
142; 142R; <; 7; 375; 13; 46; 46; 9
142; 142R; <; 1; 7; 13; 11; 11; 10
142; 142R; <; 2; 1; 13; 13; 13; 10
142; 142R; <; 3; 69; 13; 19; 19; 10
142; 142R; <; 4; 68; 13; 28; 28; 10
142; 142R; <; 5; 40; 13; 37; 37; 10
142; 142R; <; 6; 11; 13; 40; 40; 10
142; 142R; <; 7; 375; 13; 51; 51; 10
142; 142R; <; 1; 7; 13; 16; 16; 11
142; 142R; <; 2; 1; 13; 18; 18; 11
142; 142R; <; 3; 69; 13; 24; 24; 11
142; 142R; <; 4; 68; 13; 33; 33; 11
142; 142R; <; 5; 40; 13; 42; 42; 11
142; 142R; <; 6; 11; 13; 45; 45; 11
142; 142R; <; 7; 375; 13; 56; 56; 11
142; 142R; <; 1; 7; 13; 20; 20; 12
142; 142R; <; 2; 1; 13; 22; 22; 12
142; 142R; <; 3; 69; 13; 28; 28; 12
142; 142R; <; 4; 68; 13; 37; 37; 12
142; 142R; <; 5; 40; 13; 46; 46; 12
142; 142R; <; 6; 11; 13; 49; 49; 12
142; 142R; <; 7; 375; 13; 0; 0; 12
142; 142R; <; 1; 7; 13; 25; 25; 13
142; 142R; <; 2; 1; 13; 27; 27; 13
142; 142R; <; 3; 69; 13; 33; 33; 13
142; 142R; <; 4; 68; 13; 42; 42; 13
142; 142R; <; 5; 40; 13; 51; 51; 13
142; 142R; <; 6; 11; 13; 54; 54; 13
142; 142R; <; 7; 375; 13; 5; 5; 13
146; 146H; >; 1; 7; 2; 0; 0; 1
146; 146H; >; 2; 22; 2; 17; 17; 1
146; 146H; >; 3; 69; 2; 27; 27; 1
146; 146H; >; 4; 34; 2; 36; 36; 1
146; 146H; >; 5; 8; 2; 38; 38; 1
146; 146H; >; 6; 2; 2; 42; 42; 1
146; 146H; >; 1; 7; 2; 30; 30; 2
146; 146H; >; 2; 22; 2; 47; 47; 2
146; 146H; >; 3; 69; 2; 57; 57; 2
146; 146H; >; 4; 34; 2; 6; 6; 2
146; 146H; >; 5; 8; 2; 8; 8; 2
146; 146H; >; 6; 2; 2; 12; 12; 2
146; 146R; <; 1; 2; 2; 0; 0; 1
146; 146R; <; 2; 8; 2; 4; 4; 1
146; 146R; <; 3; 34; 2; 6; 6; 1
146; 146R; <; 4; 69; 2; 15; 15; 1
146; 146R; <; 5; 22; 2; 25; 25; 1
146; 146R; <; 6; 7; 2; 42; 42; 1
146; 146R; <; 1; 2; 2; 30; 30; 2
146; 146R; <; 2; 8; 2; 34; 34; 2
146; 146R; <; 3; 34; 2; 36; 36; 2
146; 146R; <; 4; 69; 2; 45; 45; 2
146; 146R; <; 5; 22; 2; 55; 55; 2
146; 146R; <; 6; 7; 2; 12; 12; 2
149; 149H; >; 1; 40; 13; 52; 52; 1
149; 149H; >; 2; 68; 13; 1; 1; 1
149; 149H; >; 3; 9; 13; 7; 7; 1
149; 149H; >; 4; 34; 13; 9; 9; 1
149; 149H; >; 5; 8; 13; 11; 11; 1
149; 149H; >; 6; 7; 13; 14; 14; 1
149; 149H; >; 1; 40; 13; 56; 56; 2
149; 149H; >; 2; 68; 13; 5; 5; 2
149; 149H; >; 3; 9; 13; 11; 11; 2
149; 149H; >; 4; 34; 13; 13; 13; 2
149; 149H; >; 5; 8; 13; 15; 15; 2
149; 149H; >; 6; 7; 13; 18; 18; 2
149; 149H; >; 1; 40; 13; 1; 1; 3
149; 149H; >; 2; 68; 13; 10; 10; 3
149; 149H; >; 3; 9; 13; 16; 16; 3
149; 149H; >; 4; 34; 13; 18; 18; 3
149; 149H; >; 5; 8; 13; 20; 20; 3
149; 149H; >; 6; 7; 13; 23; 23; 3
149; 149H; >; 1; 40; 13; 5; 5; 4
149; 149H; >; 2; 68; 13; 14; 14; 4
149; 149H; >; 3; 9; 13; 20; 20; 4
149; 149H; >; 4; 34; 13; 22; 22; 4
149; 149H; >; 5; 8; 13; 24; 24; 4
149; 149H; >; 6; 7; 13; 27; 27; 4
149; 149H; >; 1; 40; 13; 10; 10; 5
149; 149H; >; 2; 68; 13; 19; 19; 5
149; 149H; >; 3; 9; 13; 25; 25; 5
149; 149H; >; 4; 34; 13; 27; 27; 5
149; 149H; >; 5; 8; 13; 29; 29; 5
149; 149H; >; 6; 7; 13; 32; 32; 5
149; 149H; >; 1; 40; 13; 15; 15; 6
149; 149H; >; 2; 68; 13; 24; 24; 6
149; 149H; >; 3; 9; 13; 30; 30; 6
149; 149H; >; 4; 34; 13; 32; 32; 6
149; 149H; >; 5; 8; 13; 34; 34; 6
149; 149H; >; 6; 7; 13; 37; 37; 6
149; 149H; >; 1; 40; 13; 19; 19; 7
149; 149H; >; 2; 68; 13; 28; 28; 7
149; 149H; >; 3; 9; 13; 34; 34; 7
149; 149H; >; 4; 34; 13; 36; 36; 7
149; 149H; >; 5; 8; 13; 38; 38; 7
149; 149H; >; 6; 7; 13; 41; 41; 7
149; 149H; >; 1; 40; 13; 24; 24; 8
149; 149H; >; 2; 68; 13; 33; 33; 8
149; 149H; >; 3; 9; 13; 39; 39; 8
149; 149H; >; 4; 34; 13; 41; 41; 8
149; 149H; >; 5; 8; 13; 43; 43; 8
149; 149H; >; 6; 7; 13; 46; 46; 8
149; 149H; >; 1; 40; 13; 28; 28; 9
149; 149H; >; 2; 68; 13; 37; 37; 9
149; 149H; >; 3; 9; 13; 43; 43; 9
149; 149H; >; 4; 34; 13; 45; 45; 9
149; 149H; >; 5; 8; 13; 47; 47; 9
149; 149H; >; 6; 7; 13; 50; 50; 9
149; 149H; >; 1; 40; 13; 33; 33; 10
149; 149H; >; 2; 68; 13; 42; 42; 10
149; 149H; >; 3; 9; 13; 48; 48; 10
149; 149H; >; 4; 34; 13; 50; 50; 10
149; 149H; >; 5; 8; 13; 52; 52; 10
149; 149H; >; 6; 7; 13; 55; 55; 10
149; 149H; >; 1; 40; 13; 38; 38; 11
149; 149H; >; 2; 68; 13; 47; 47; 11
149; 149H; >; 3; 9; 13; 53; 53; 11
149; 149H; >; 4; 34; 13; 55; 55; 11
149; 149H; >; 5; 8; 13; 57; 57; 11
149; 149H; >; 6; 7; 13; 0; 0; 11
149; 149H; >; 1; 40; 13; 42; 42; 12
149; 149H; >; 2; 68; 13; 51; 51; 12
149; 149H; >; 3; 9; 13; 57; 57; 12
149; 149H; >; 4; 34; 13; 59; 59; 12
149; 149H; >; 5; 8; 13; 1; 1; 12
149; 149H; >; 6; 7; 13; 4; 4; 12
149; 149H; >; 1; 40; 13; 47; 47; 13
149; 149H; >; 2; 68; 13; 56; 56; 13
149; 149H; >; 3; 9; 13; 2; 2; 13
149; 149H; >; 4; 34; 13; 4; 4; 13
149; 149H; >; 5; 8; 13; 6; 6; 13
149; 149H; >; 6; 7; 13; 9; 9; 13
149; 149R; <; 1; 7; 13; 46; 46; 1
149; 149R; <; 2; 8; 13; 49; 49; 1
149; 149R; <; 3; 34; 13; 51; 51; 1
149; 149R; <; 4; 9; 13; 53; 53; 1
149; 149R; <; 5; 68; 13; 59; 59; 1
149; 149R; <; 6; 40; 13; 8; 8; 1
149; 149R; <; 1; 7; 13; 50; 50; 2
149; 149R; <; 2; 8; 13; 53; 53; 2
149; 149R; <; 3; 34; 13; 55; 55; 2
149; 149R; <; 4; 9; 13; 57; 57; 2
149; 149R; <; 5; 68; 13; 3; 3; 2
149; 149R; <; 6; 40; 13; 12; 12; 2
149; 149R; <; 1; 7; 13; 55; 55; 3
149; 149R; <; 2; 8; 13; 58; 58; 3
149; 149R; <; 3; 34; 13; 0; 0; 3
149; 149R; <; 4; 9; 13; 2; 2; 3
149; 149R; <; 5; 68; 13; 8; 8; 3
149; 149R; <; 6; 40; 13; 17; 17; 3
149; 149R; <; 1; 7; 13; 59; 59; 4
149; 149R; <; 2; 8; 13; 2; 2; 4
149; 149R; <; 3; 34; 13; 4; 4; 4
149; 149R; <; 4; 9; 13; 6; 6; 4
149; 149R; <; 5; 68; 13; 12; 12; 4
149; 149R; <; 6; 40; 13; 21; 21; 4
149; 149R; <; 1; 7; 13; 4; 4; 5
149; 149R; <; 2; 8; 13; 7; 7; 5
149; 149R; <; 3; 34; 13; 9; 9; 5
149; 149R; <; 4; 9; 13; 11; 11; 5
149; 149R; <; 5; 68; 13; 17; 17; 5
149; 149R; <; 6; 40; 13; 26; 26; 5
149; 149R; <; 1; 7; 13; 9; 9; 6
149; 149R; <; 2; 8; 13; 12; 12; 6
149; 149R; <; 3; 34; 13; 14; 14; 6
149; 149R; <; 4; 9; 13; 16; 16; 6
149; 149R; <; 5; 68; 13; 22; 22; 6
149; 149R; <; 6; 40; 13; 31; 31; 6
149; 149R; <; 1; 7; 13; 13; 13; 7
149; 149R; <; 2; 8; 13; 16; 16; 7
149; 149R; <; 3; 34; 13; 18; 18; 7
149; 149R; <; 4; 9; 13; 20; 20; 7
149; 149R; <; 5; 68; 13; 26; 26; 7
149; 149R; <; 6; 40; 13; 35; 35; 7
149; 149R; <; 1; 7; 13; 18; 18; 8
149; 149R; <; 2; 8; 13; 21; 21; 8
149; 149R; <; 3; 34; 13; 23; 23; 8
149; 149R; <; 4; 9; 13; 25; 25; 8
149; 149R; <; 5; 68; 13; 31; 31; 8
149; 149R; <; 6; 40; 13; 40; 40; 8
149; 149R; <; 1; 7; 13; 22; 22; 9
149; 149R; <; 2; 8; 13; 25; 25; 9
149; 149R; <; 3; 34; 13; 27; 27; 9
149; 149R; <; 4; 9; 13; 29; 29; 9
149; 149R; <; 5; 68; 13; 35; 35; 9
149; 149R; <; 6; 40; 13; 44; 44; 9
149; 149R; <; 1; 7; 13; 27; 27; 10
149; 149R; <; 2; 8; 13; 30; 30; 10
149; 149R; <; 3; 34; 13; 32; 32; 10
149; 149R; <; 4; 9; 13; 34; 34; 10
149; 149R; <; 5; 68; 13; 40; 40; 10
149; 149R; <; 6; 40; 13; 49; 49; 10
149; 149R; <; 1; 7; 13; 32; 32; 11
149; 149R; <; 2; 8; 13; 35; 35; 11
149; 149R; <; 3; 34; 13; 37; 37; 11
149; 149R; <; 4; 9; 13; 39; 39; 11
149; 149R; <; 5; 68; 13; 45; 45; 11
149; 149R; <; 6; 40; 13; 54; 54; 11
149; 149R; <; 1; 7; 13; 36; 36; 12
149; 149R; <; 2; 8; 13; 39; 39; 12
149; 149R; <; 3; 34; 13; 41; 41; 12
149; 149R; <; 4; 9; 13; 43; 43; 12
149; 149R; <; 5; 68; 13; 49; 49; 12
149; 149R; <; 6; 40; 13; 58; 58; 12
149; 149R; <; 1; 7; 13; 41; 41; 13
149; 149R; <; 2; 8; 13; 44; 44; 13
149; 149R; <; 3; 34; 13; 46; 46; 13
149; 149R; <; 4; 9; 13; 48; 48; 13
149; 149R; <; 5; 68; 13; 54; 54; 13
149; 149R; <; 6; 40; 13; 3; 3; 13
152; 152H; >; 1; 27; 13; 0; 0; 1
152; 152H; >; 2; 33; 13; 6; 6; 1
152; 152H; >; 3; 4; 13; 12; 12; 1
152; 152H; >; 4; 8; 13; 26; 26; 1
152; 152H; >; 5; 7; 13; 29; 29; 1
152; 152H; >; 6; 12; 13; 36; 36; 1
152; 152H; >; 1; 27; 13; 4; 4; 2
152; 152H; >; 2; 33; 13; 10; 10; 2
152; 152H; >; 3; 4; 13; 16; 16; 2
152; 152H; >; 4; 8; 13; 30; 30; 2
152; 152H; >; 5; 7; 13; 33; 33; 2
152; 152H; >; 6; 12; 13; 40; 40; 2
152; 152H; >; 1; 27; 13; 9; 9; 3
152; 152H; >; 2; 33; 13; 15; 15; 3
152; 152H; >; 3; 4; 13; 21; 21; 3
152; 152H; >; 4; 8; 13; 35; 35; 3
152; 152H; >; 5; 7; 13; 38; 38; 3
152; 152H; >; 6; 12; 13; 45; 45; 3
152; 152H; >; 1; 27; 13; 13; 13; 4
152; 152H; >; 2; 33; 13; 19; 19; 4
152; 152H; >; 3; 4; 13; 25; 25; 4
152; 152H; >; 4; 8; 13; 39; 39; 4
152; 152H; >; 5; 7; 13; 42; 42; 4
152; 152H; >; 6; 12; 13; 49; 49; 4
152; 152H; >; 1; 27; 13; 18; 18; 5
152; 152H; >; 2; 33; 13; 24; 24; 5
152; 152H; >; 3; 4; 13; 30; 30; 5
152; 152H; >; 4; 8; 13; 44; 44; 5
152; 152H; >; 5; 7; 13; 47; 47; 5
152; 152H; >; 6; 12; 13; 54; 54; 5
152; 152H; >; 1; 27; 13; 23; 23; 6
152; 152H; >; 2; 33; 13; 29; 29; 6
152; 152H; >; 3; 4; 13; 35; 35; 6
152; 152H; >; 4; 8; 13; 49; 49; 6
152; 152H; >; 5; 7; 13; 52; 52; 6
152; 152H; >; 6; 12; 13; 59; 59; 6
152; 152H; >; 1; 27; 13; 27; 27; 7
152; 152H; >; 2; 33; 13; 33; 33; 7
152; 152H; >; 3; 4; 13; 39; 39; 7
152; 152H; >; 4; 8; 13; 53; 53; 7
152; 152H; >; 5; 7; 13; 56; 56; 7
152; 152H; >; 6; 12; 13; 3; 3; 7
152; 152H; >; 1; 27; 13; 32; 32; 8
152; 152H; >; 2; 33; 13; 38; 38; 8
152; 152H; >; 3; 4; 13; 44; 44; 8
152; 152H; >; 4; 8; 13; 58; 58; 8
152; 152H; >; 5; 7; 13; 1; 1; 8
152; 152H; >; 6; 12; 13; 8; 8; 8
152; 152H; >; 1; 27; 13; 36; 36; 9
152; 152H; >; 2; 33; 13; 42; 42; 9
152; 152H; >; 3; 4; 13; 48; 48; 9
152; 152H; >; 4; 8; 13; 2; 2; 9
152; 152H; >; 5; 7; 13; 5; 5; 9
152; 152H; >; 6; 12; 13; 12; 12; 9
152; 152H; >; 1; 27; 13; 41; 41; 10
152; 152H; >; 2; 33; 13; 47; 47; 10
152; 152H; >; 3; 4; 13; 53; 53; 10
152; 152H; >; 4; 8; 13; 7; 7; 10
152; 152H; >; 5; 7; 13; 10; 10; 10
152; 152H; >; 6; 12; 13; 17; 17; 10
152; 152H; >; 1; 27; 13; 46; 46; 11
152; 152H; >; 2; 33; 13; 52; 52; 11
152; 152H; >; 3; 4; 13; 58; 58; 11
152; 152H; >; 4; 8; 13; 12; 12; 11
152; 152H; >; 5; 7; 13; 15; 15; 11
152; 152H; >; 6; 12; 13; 22; 22; 11
152; 152H; >; 1; 27; 13; 50; 50; 12
152; 152H; >; 2; 33; 13; 56; 56; 12
152; 152H; >; 3; 4; 13; 2; 2; 12
152; 152H; >; 4; 8; 13; 16; 16; 12
152; 152H; >; 5; 7; 13; 19; 19; 12
152; 152H; >; 6; 12; 13; 26; 26; 12
152; 152H; >; 1; 27; 13; 55; 55; 13
152; 152H; >; 2; 33; 13; 1; 1; 13
152; 152H; >; 3; 4; 13; 7; 7; 13
152; 152H; >; 4; 8; 13; 21; 21; 13
152; 152H; >; 5; 7; 13; 24; 24; 13
152; 152H; >; 6; 12; 13; 31; 31; 13
152; 152R; <; 1; 12; 13; 0; 0; 1
152; 152R; <; 2; 7; 13; 7; 7; 1
152; 152R; <; 3; 8; 13; 10; 10; 1
152; 152R; <; 4; 4; 13; 24; 24; 1
152; 152R; <; 5; 33; 13; 30; 30; 1
152; 152R; <; 6; 27; 13; 36; 36; 1
152; 152R; <; 1; 12; 13; 4; 4; 2
152; 152R; <; 2; 7; 13; 11; 11; 2
152; 152R; <; 3; 8; 13; 14; 14; 2
152; 152R; <; 4; 4; 13; 28; 28; 2
152; 152R; <; 5; 33; 13; 34; 34; 2
152; 152R; <; 6; 27; 13; 40; 40; 2
152; 152R; <; 1; 12; 13; 9; 9; 3
152; 152R; <; 2; 7; 13; 16; 16; 3
152; 152R; <; 3; 8; 13; 19; 19; 3
152; 152R; <; 4; 4; 13; 33; 33; 3
152; 152R; <; 5; 33; 13; 39; 39; 3
152; 152R; <; 6; 27; 13; 45; 45; 3
152; 152R; <; 1; 12; 13; 13; 13; 4
152; 152R; <; 2; 7; 13; 20; 20; 4
152; 152R; <; 3; 8; 13; 23; 23; 4
152; 152R; <; 4; 4; 13; 37; 37; 4
152; 152R; <; 5; 33; 13; 43; 43; 4
152; 152R; <; 6; 27; 13; 49; 49; 4
152; 152R; <; 1; 12; 13; 18; 18; 5
152; 152R; <; 2; 7; 13; 25; 25; 5
152; 152R; <; 3; 8; 13; 28; 28; 5
152; 152R; <; 4; 4; 13; 42; 42; 5
152; 152R; <; 5; 33; 13; 48; 48; 5
152; 152R; <; 6; 27; 13; 54; 54; 5
152; 152R; <; 1; 12; 13; 23; 23; 6
152; 152R; <; 2; 7; 13; 30; 30; 6
152; 152R; <; 3; 8; 13; 33; 33; 6
152; 152R; <; 4; 4; 13; 47; 47; 6
152; 152R; <; 5; 33; 13; 53; 53; 6
152; 152R; <; 6; 27; 13; 59; 59; 6
152; 152R; <; 1; 12; 13; 27; 27; 7
152; 152R; <; 2; 7; 13; 34; 34; 7
152; 152R; <; 3; 8; 13; 37; 37; 7
152; 152R; <; 4; 4; 13; 51; 51; 7
152; 152R; <; 5; 33; 13; 57; 57; 7
152; 152R; <; 6; 27; 13; 3; 3; 7
152; 152R; <; 1; 12; 13; 32; 32; 8
152; 152R; <; 2; 7; 13; 39; 39; 8
152; 152R; <; 3; 8; 13; 42; 42; 8
152; 152R; <; 4; 4; 13; 56; 56; 8
152; 152R; <; 5; 33; 13; 2; 2; 8
152; 152R; <; 6; 27; 13; 8; 8; 8
152; 152R; <; 1; 12; 13; 36; 36; 9
152; 152R; <; 2; 7; 13; 43; 43; 9
152; 152R; <; 3; 8; 13; 46; 46; 9
152; 152R; <; 4; 4; 13; 0; 0; 9
152; 152R; <; 5; 33; 13; 6; 6; 9
152; 152R; <; 6; 27; 13; 12; 12; 9
152; 152R; <; 1; 12; 13; 41; 41; 10
152; 152R; <; 2; 7; 13; 48; 48; 10
152; 152R; <; 3; 8; 13; 51; 51; 10
152; 152R; <; 4; 4; 13; 5; 5; 10
152; 152R; <; 5; 33; 13; 11; 11; 10
152; 152R; <; 6; 27; 13; 17; 17; 10
152; 152R; <; 1; 12; 13; 46; 46; 11
152; 152R; <; 2; 7; 13; 53; 53; 11
152; 152R; <; 3; 8; 13; 56; 56; 11
152; 152R; <; 4; 4; 13; 10; 10; 11
152; 152R; <; 5; 33; 13; 16; 16; 11
152; 152R; <; 6; 27; 13; 22; 22; 11
152; 152R; <; 1; 12; 13; 50; 50; 12
152; 152R; <; 2; 7; 13; 57; 57; 12
152; 152R; <; 3; 8; 13; 0; 0; 12
152; 152R; <; 4; 4; 13; 14; 14; 12
152; 152R; <; 5; 33; 13; 20; 20; 12
152; 152R; <; 6; 27; 13; 26; 26; 12
152; 152R; <; 1; 12; 13; 55; 55; 13
152; 152R; <; 2; 7; 13; 2; 2; 13
152; 152R; <; 3; 8; 13; 5; 5; 13
152; 152R; <; 4; 4; 13; 19; 19; 13
152; 152R; <; 5; 33; 13; 25; 25; 13
152; 152R; <; 6; 27; 13; 31; 31; 13
159; 159H; >; 1; 17; 2; 0; 0; 1
159; 159H; >; 2; 3; 2; 4; 4; 1
159; 159H; >; 3; 2; 2; 14; 14; 1
159; 159H; >; 4; 8; 2; 18; 18; 1
159; 159H; >; 5; 7; 2; 21; 21; 1
159; 159H; >; 6; 12; 2; 28; 28; 1
159; 159H; >; 1; 17; 2; 30; 30; 2
159; 159H; >; 2; 3; 2; 34; 34; 2
159; 159H; >; 3; 2; 2; 44; 44; 2
159; 159H; >; 4; 8; 2; 48; 48; 2
159; 159H; >; 5; 7; 2; 51; 51; 2
159; 159H; >; 6; 12; 2; 58; 58; 2
159; 159R; <; 1; 12; 2; 0; 0; 1
159; 159R; <; 2; 7; 2; 7; 7; 1
159; 159R; <; 3; 8; 2; 10; 10; 1
159; 159R; <; 4; 2; 2; 14; 14; 1
159; 159R; <; 5; 3; 2; 24; 24; 1
159; 159R; <; 6; 17; 2; 28; 28; 1
159; 159R; <; 1; 12; 2; 30; 30; 2
159; 159R; <; 2; 7; 2; 37; 37; 2
159; 159R; <; 3; 8; 2; 40; 40; 2
159; 159R; <; 4; 2; 2; 44; 44; 2
159; 159R; <; 5; 3; 2; 54; 54; 2
159; 159R; <; 6; 17; 2; 58; 58; 2
163; 163H; >; 1; 50; 2; 0; 0; 1
163; 163H; >; 2; 53; 2; 3; 3; 1
163; 163H; >; 3; 69; 2; 9; 9; 1
163; 163H; >; 4; 8; 2; 19; 19; 1
163; 163H; >; 5; 7; 2; 22; 22; 1
163; 163H; >; 1; 50; 2; 30; 30; 2
163; 163H; >; 2; 53; 2; 33; 33; 2
163; 163H; >; 3; 69; 2; 39; 39; 2
163; 163H; >; 4; 8; 2; 49; 49; 2
163; 163H; >; 5; 7; 2; 52; 52; 2
163; 163R; <; 1; 7; 2; 0; 0; 1
163; 163R; <; 2; 8; 2; 3; 3; 1
163; 163R; <; 3; 69; 2; 13; 13; 1
163; 163R; <; 4; 53; 2; 19; 19; 1
163; 163R; <; 5; 50; 2; 22; 22; 1
163; 163R; <; 1; 7; 2; 30; 30; 2
163; 163R; <; 2; 8; 2; 33; 33; 2
163; 163R; <; 3; 69; 2; 43; 43; 2
163; 163R; <; 4; 53; 2; 49; 49; 2
163; 163R; <; 5; 50; 2; 52; 52; 2
167; 167H; >; 1; 33; 2; 0; 0; 1
167; 167H; >; 2; 27; 2; 6; 6; 1
167; 167H; >; 3; 4; 2; 15; 15; 1
167; 167H; >; 4; 8; 2; 29; 29; 1
167; 167H; >; 5; 2; 2; 33; 33; 1
167; 167H; >; 1; 33; 2; 30; 30; 2
167; 167H; >; 2; 27; 2; 36; 36; 2
167; 167H; >; 3; 4; 2; 45; 45; 2
167; 167H; >; 4; 8; 2; 59; 59; 2
167; 167H; >; 5; 2; 2; 3; 3; 2
167; 167R; <; 1; 2; 2; 0; 0; 1
167; 167R; <; 2; 8; 2; 4; 4; 1
167; 167R; <; 3; 4; 2; 18; 18; 1
167; 167R; <; 4; 27; 2; 27; 27; 1
167; 167R; <; 5; 33; 2; 33; 33; 1
167; 167R; <; 1; 2; 2; 30; 30; 2
167; 167R; <; 2; 8; 2; 34; 34; 2
167; 167R; <; 3; 4; 2; 48; 48; 2
167; 167R; <; 4; 27; 2; 57; 57; 2
167; 167R; <; 5; 33; 2; 3; 3; 2
169; 169H; >; 1; 308; 2; 55; 55; 1
169; 169H; >; 2; 14; 2; 2; 2; 1
169; 169H; >; 3; 28; 2; 6; 6; 1
169; 169H; >; 4; 40; 2; 30; 30; 1
169; 169H; >; 5; 11; 2; 33; 33; 1
169; 169H; >; 1; 308; 2; 25; 25; 2
169; 169H; >; 2; 14; 2; 32; 32; 2
169; 169H; >; 3; 28; 2; 36; 36; 2
169; 169H; >; 4; 40; 2; 0; 0; 2
169; 169H; >; 5; 11; 2; 3; 3; 2
169; 169R; <; 1; 11; 2; 9; 9; 1
169; 169R; <; 2; 40; 2; 12; 12; 1
169; 169R; <; 3; 28; 2; 36; 36; 1
169; 169R; <; 4; 14; 2; 40; 40; 1
169; 169R; <; 5; 308; 2; 47; 47; 1
169; 169R; <; 1; 11; 2; 39; 39; 2
169; 169R; <; 2; 40; 2; 42; 42; 2
169; 169R; <; 3; 28; 2; 6; 6; 2
169; 169R; <; 4; 14; 2; 10; 10; 2
169; 169R; <; 5; 308; 2; 17; 17; 2
187; 187H; >; 1; 5; 2; 0; 0; 1
187; 187H; >; 2; 6; 2; 2; 2; 1
187; 187H; >; 3; 283; 2; 3; 3; 1
187; 187H; >; 4; 17; 2; 11; 11; 1
187; 187H; >; 5; 3; 2; 15; 15; 1
187; 187H; >; 6; 2; 2; 25; 25; 1
187; 187H; >; 7; 8; 2; 29; 29; 1
187; 187H; >; 1; 5; 2; 30; 30; 2
187; 187H; >; 2; 6; 2; 32; 32; 2
187; 187H; >; 3; 283; 2; 33; 33; 2
187; 187H; >; 4; 17; 2; 41; 41; 2
187; 187H; >; 5; 3; 2; 45; 45; 2
187; 187H; >; 6; 2; 2; 55; 55; 2
187; 187H; >; 7; 8; 2; 59; 59; 2
187; 187R; <; 1; 8; 2; 0; 0; 1
187; 187R; <; 2; 2; 2; 4; 4; 1
187; 187R; <; 3; 3; 2; 14; 14; 1
187; 187R; <; 4; 17; 2; 18; 18; 1
187; 187R; <; 5; 283; 2; 26; 26; 1
187; 187R; <; 6; 6; 2; 27; 27; 1
187; 187R; <; 7; 5; 2; 29; 29; 1
187; 187R; <; 1; 8; 2; 30; 30; 2
187; 187R; <; 2; 2; 2; 34; 34; 2
187; 187R; <; 3; 3; 2; 44; 44; 2
187; 187R; <; 4; 17; 2; 48; 48; 2
187; 187R; <; 5; 283; 2; 56; 56; 2
187; 187R; <; 6; 6; 2; 57; 57; 2
187; 187R; <; 7; 5; 2; 59; 59; 2
188; 188H; >; 1; 8; 13; 7; 7; 1
188; 188H; >; 2; 7; 13; 10; 10; 1
188; 188H; >; 3; 29; 13; 17; 17; 1
188; 188H; >; 4; 15; 13; 25; 25; 1
188; 188H; >; 5; 16; 13; 26; 26; 1
188; 188H; >; 6; 18; 13; 28; 28; 1
188; 188H; >; 7; 13; 13; 34; 34; 1
188; 188H; >; 8; 31; 13; 42; 42; 1
188; 188H; >; 9; 339; 13; 45; 45; 1
188; 188H; >; 10; 5; 13; 50; 50; 1
188; 188H; >; 1; 8; 13; 11; 11; 2
188; 188H; >; 2; 7; 13; 14; 14; 2
188; 188H; >; 3; 29; 13; 21; 21; 2
188; 188H; >; 4; 15; 13; 29; 29; 2
188; 188H; >; 5; 16; 13; 30; 30; 2
188; 188H; >; 6; 18; 13; 32; 32; 2
188; 188H; >; 7; 13; 13; 38; 38; 2
188; 188H; >; 8; 31; 13; 46; 46; 2
188; 188H; >; 9; 339; 13; 49; 49; 2
188; 188H; >; 10; 5; 13; 54; 54; 2
188; 188H; >; 1; 8; 13; 16; 16; 3
188; 188H; >; 2; 7; 13; 19; 19; 3
188; 188H; >; 3; 29; 13; 26; 26; 3
188; 188H; >; 4; 15; 13; 34; 34; 3
188; 188H; >; 5; 16; 13; 35; 35; 3
188; 188H; >; 6; 18; 13; 37; 37; 3
188; 188H; >; 7; 13; 13; 43; 43; 3
188; 188H; >; 8; 31; 13; 51; 51; 3
188; 188H; >; 9; 339; 13; 54; 54; 3
188; 188H; >; 10; 5; 13; 59; 59; 3
188; 188H; >; 1; 8; 13; 20; 20; 4
188; 188H; >; 2; 7; 13; 23; 23; 4
188; 188H; >; 3; 29; 13; 30; 30; 4
188; 188H; >; 4; 15; 13; 38; 38; 4
188; 188H; >; 5; 16; 13; 39; 39; 4
188; 188H; >; 6; 18; 13; 41; 41; 4
188; 188H; >; 7; 13; 13; 47; 47; 4
188; 188H; >; 8; 31; 13; 55; 55; 4
188; 188H; >; 9; 339; 13; 58; 58; 4
188; 188H; >; 10; 5; 13; 3; 3; 4
188; 188H; >; 1; 8; 13; 25; 25; 5
188; 188H; >; 2; 7; 13; 28; 28; 5
188; 188H; >; 3; 29; 13; 35; 35; 5
188; 188H; >; 4; 15; 13; 43; 43; 5
188; 188H; >; 5; 16; 13; 44; 44; 5
188; 188H; >; 6; 18; 13; 46; 46; 5
188; 188H; >; 7; 13; 13; 52; 52; 5
188; 188H; >; 8; 31; 13; 0; 0; 5
188; 188H; >; 9; 339; 13; 3; 3; 5
188; 188H; >; 10; 5; 13; 8; 8; 5
188; 188H; >; 1; 8; 13; 30; 30; 6
188; 188H; >; 2; 7; 13; 33; 33; 6
188; 188H; >; 3; 29; 13; 40; 40; 6
188; 188H; >; 4; 15; 13; 48; 48; 6
188; 188H; >; 5; 16; 13; 49; 49; 6
188; 188H; >; 6; 18; 13; 51; 51; 6
188; 188H; >; 7; 13; 13; 57; 57; 6
188; 188H; >; 8; 31; 13; 5; 5; 6
188; 188H; >; 9; 339; 13; 8; 8; 6
188; 188H; >; 10; 5; 13; 13; 13; 6
188; 188H; >; 1; 8; 13; 34; 34; 7
188; 188H; >; 2; 7; 13; 37; 37; 7
188; 188H; >; 3; 29; 13; 44; 44; 7
188; 188H; >; 4; 15; 13; 52; 52; 7
188; 188H; >; 5; 16; 13; 53; 53; 7
188; 188H; >; 6; 18; 13; 55; 55; 7
188; 188H; >; 7; 13; 13; 1; 1; 7
188; 188H; >; 8; 31; 13; 9; 9; 7
188; 188H; >; 9; 339; 13; 12; 12; 7
188; 188H; >; 10; 5; 13; 17; 17; 7
188; 188H; >; 1; 8; 13; 39; 39; 8
188; 188H; >; 2; 7; 13; 42; 42; 8
188; 188H; >; 3; 29; 13; 49; 49; 8
188; 188H; >; 4; 15; 13; 57; 57; 8
188; 188H; >; 5; 16; 13; 58; 58; 8
188; 188H; >; 6; 18; 13; 0; 0; 8
188; 188H; >; 7; 13; 13; 6; 6; 8
188; 188H; >; 8; 31; 13; 14; 14; 8
188; 188H; >; 9; 339; 13; 17; 17; 8
188; 188H; >; 10; 5; 13; 22; 22; 8
188; 188H; >; 1; 8; 13; 43; 43; 9
188; 188H; >; 2; 7; 13; 46; 46; 9
188; 188H; >; 3; 29; 13; 53; 53; 9
188; 188H; >; 4; 15; 13; 1; 1; 9
188; 188H; >; 5; 16; 13; 2; 2; 9
188; 188H; >; 6; 18; 13; 4; 4; 9
188; 188H; >; 7; 13; 13; 10; 10; 9
188; 188H; >; 8; 31; 13; 18; 18; 9
188; 188H; >; 9; 339; 13; 21; 21; 9
188; 188H; >; 10; 5; 13; 26; 26; 9
188; 188H; >; 1; 8; 13; 48; 48; 10
188; 188H; >; 2; 7; 13; 51; 51; 10
188; 188H; >; 3; 29; 13; 58; 58; 10
188; 188H; >; 4; 15; 13; 6; 6; 10
188; 188H; >; 5; 16; 13; 7; 7; 10
188; 188H; >; 6; 18; 13; 9; 9; 10
188; 188H; >; 7; 13; 13; 15; 15; 10
188; 188H; >; 8; 31; 13; 23; 23; 10
188; 188H; >; 9; 339; 13; 26; 26; 10
188; 188H; >; 10; 5; 13; 31; 31; 10
188; 188H; >; 1; 8; 13; 53; 53; 11
188; 188H; >; 2; 7; 13; 56; 56; 11
188; 188H; >; 3; 29; 13; 3; 3; 11
188; 188H; >; 4; 15; 13; 11; 11; 11
188; 188H; >; 5; 16; 13; 12; 12; 11
188; 188H; >; 6; 18; 13; 14; 14; 11
188; 188H; >; 7; 13; 13; 20; 20; 11
188; 188H; >; 8; 31; 13; 28; 28; 11
188; 188H; >; 9; 339; 13; 31; 31; 11
188; 188H; >; 10; 5; 13; 36; 36; 11
188; 188H; >; 1; 8; 13; 57; 57; 12
188; 188H; >; 2; 7; 13; 0; 0; 12
188; 188H; >; 3; 29; 13; 7; 7; 12
188; 188H; >; 4; 15; 13; 15; 15; 12
188; 188H; >; 5; 16; 13; 16; 16; 12
188; 188H; >; 6; 18; 13; 18; 18; 12
188; 188H; >; 7; 13; 13; 24; 24; 12
188; 188H; >; 8; 31; 13; 32; 32; 12
188; 188H; >; 9; 339; 13; 35; 35; 12
188; 188H; >; 10; 5; 13; 40; 40; 12
188; 188H; >; 1; 8; 13; 2; 2; 13
188; 188H; >; 2; 7; 13; 5; 5; 13
188; 188H; >; 3; 29; 13; 12; 12; 13
188; 188H; >; 4; 15; 13; 20; 20; 13
188; 188H; >; 5; 16; 13; 21; 21; 13
188; 188H; >; 6; 18; 13; 23; 23; 13
188; 188H; >; 7; 13; 13; 29; 29; 13
188; 188H; >; 8; 31; 13; 37; 37; 13
188; 188H; >; 9; 339; 13; 40; 40; 13
188; 188H; >; 10; 5; 13; 45; 45; 13
188; 188R; <; 1; 5; 13; 26; 26; 1
188; 188R; <; 2; 339; 13; 31; 31; 1
188; 188R; <; 3; 31; 13; 34; 34; 1
188; 188R; <; 4; 13; 13; 42; 42; 1
188; 188R; <; 5; 18; 13; 48; 48; 1
188; 188R; <; 6; 16; 13; 50; 50; 1
188; 188R; <; 7; 15; 13; 51; 51; 1
188; 188R; <; 8; 29; 13; 59; 59; 1
188; 188R; <; 9; 7; 13; 6; 6; 1
188; 188R; <; 10; 8; 13; 9; 9; 1
188; 188R; <; 1; 5; 13; 30; 30; 2
188; 188R; <; 2; 339; 13; 35; 35; 2
188; 188R; <; 3; 31; 13; 38; 38; 2
188; 188R; <; 4; 13; 13; 46; 46; 2
188; 188R; <; 5; 18; 13; 52; 52; 2
188; 188R; <; 6; 16; 13; 54; 54; 2
188; 188R; <; 7; 15; 13; 55; 55; 2
188; 188R; <; 8; 29; 13; 3; 3; 2
188; 188R; <; 9; 7; 13; 10; 10; 2
188; 188R; <; 10; 8; 13; 13; 13; 2
188; 188R; <; 1; 5; 13; 35; 35; 3
188; 188R; <; 2; 339; 13; 40; 40; 3
188; 188R; <; 3; 31; 13; 43; 43; 3
188; 188R; <; 4; 13; 13; 51; 51; 3
188; 188R; <; 5; 18; 13; 57; 57; 3
188; 188R; <; 6; 16; 13; 59; 59; 3
188; 188R; <; 7; 15; 13; 0; 0; 3
188; 188R; <; 8; 29; 13; 8; 8; 3
188; 188R; <; 9; 7; 13; 15; 15; 3
188; 188R; <; 10; 8; 13; 18; 18; 3
188; 188R; <; 1; 5; 13; 39; 39; 4
188; 188R; <; 2; 339; 13; 44; 44; 4
188; 188R; <; 3; 31; 13; 47; 47; 4
188; 188R; <; 4; 13; 13; 55; 55; 4
188; 188R; <; 5; 18; 13; 1; 1; 4
188; 188R; <; 6; 16; 13; 3; 3; 4
188; 188R; <; 7; 15; 13; 4; 4; 4
188; 188R; <; 8; 29; 13; 12; 12; 4
188; 188R; <; 9; 7; 13; 19; 19; 4
188; 188R; <; 10; 8; 13; 22; 22; 4
188; 188R; <; 1; 5; 13; 44; 44; 5
188; 188R; <; 2; 339; 13; 49; 49; 5
188; 188R; <; 3; 31; 13; 52; 52; 5
188; 188R; <; 4; 13; 13; 0; 0; 5
188; 188R; <; 5; 18; 13; 6; 6; 5
188; 188R; <; 6; 16; 13; 8; 8; 5
188; 188R; <; 7; 15; 13; 9; 9; 5
188; 188R; <; 8; 29; 13; 17; 17; 5
188; 188R; <; 9; 7; 13; 24; 24; 5
188; 188R; <; 10; 8; 13; 27; 27; 5
188; 188R; <; 1; 5; 13; 49; 49; 6
188; 188R; <; 2; 339; 13; 54; 54; 6
188; 188R; <; 3; 31; 13; 57; 57; 6
188; 188R; <; 4; 13; 13; 5; 5; 6
188; 188R; <; 5; 18; 13; 11; 11; 6
188; 188R; <; 6; 16; 13; 13; 13; 6
188; 188R; <; 7; 15; 13; 14; 14; 6
188; 188R; <; 8; 29; 13; 22; 22; 6
188; 188R; <; 9; 7; 13; 29; 29; 6
188; 188R; <; 10; 8; 13; 32; 32; 6
188; 188R; <; 1; 5; 13; 53; 53; 7
188; 188R; <; 2; 339; 13; 58; 58; 7
188; 188R; <; 3; 31; 13; 1; 1; 7
188; 188R; <; 4; 13; 13; 9; 9; 7
188; 188R; <; 5; 18; 13; 15; 15; 7
188; 188R; <; 6; 16; 13; 17; 17; 7
188; 188R; <; 7; 15; 13; 18; 18; 7
188; 188R; <; 8; 29; 13; 26; 26; 7
188; 188R; <; 9; 7; 13; 33; 33; 7
188; 188R; <; 10; 8; 13; 36; 36; 7
188; 188R; <; 1; 5; 13; 58; 58; 8
188; 188R; <; 2; 339; 13; 3; 3; 8
188; 188R; <; 3; 31; 13; 6; 6; 8
188; 188R; <; 4; 13; 13; 14; 14; 8
188; 188R; <; 5; 18; 13; 20; 20; 8
188; 188R; <; 6; 16; 13; 22; 22; 8
188; 188R; <; 7; 15; 13; 23; 23; 8
188; 188R; <; 8; 29; 13; 31; 31; 8
188; 188R; <; 9; 7; 13; 38; 38; 8
188; 188R; <; 10; 8; 13; 41; 41; 8
188; 188R; <; 1; 5; 13; 2; 2; 9
188; 188R; <; 2; 339; 13; 7; 7; 9
188; 188R; <; 3; 31; 13; 10; 10; 9
188; 188R; <; 4; 13; 13; 18; 18; 9
188; 188R; <; 5; 18; 13; 24; 24; 9
188; 188R; <; 6; 16; 13; 26; 26; 9
188; 188R; <; 7; 15; 13; 27; 27; 9
188; 188R; <; 8; 29; 13; 35; 35; 9
188; 188R; <; 9; 7; 13; 42; 42; 9
188; 188R; <; 10; 8; 13; 45; 45; 9
188; 188R; <; 1; 5; 13; 7; 7; 10
188; 188R; <; 2; 339; 13; 12; 12; 10
188; 188R; <; 3; 31; 13; 15; 15; 10
188; 188R; <; 4; 13; 13; 23; 23; 10
188; 188R; <; 5; 18; 13; 29; 29; 10
188; 188R; <; 6; 16; 13; 31; 31; 10
188; 188R; <; 7; 15; 13; 32; 32; 10
188; 188R; <; 8; 29; 13; 40; 40; 10
188; 188R; <; 9; 7; 13; 47; 47; 10
188; 188R; <; 10; 8; 13; 50; 50; 10
188; 188R; <; 1; 5; 13; 12; 12; 11
188; 188R; <; 2; 339; 13; 17; 17; 11
188; 188R; <; 3; 31; 13; 20; 20; 11
188; 188R; <; 4; 13; 13; 28; 28; 11
188; 188R; <; 5; 18; 13; 34; 34; 11
188; 188R; <; 6; 16; 13; 36; 36; 11
188; 188R; <; 7; 15; 13; 37; 37; 11
188; 188R; <; 8; 29; 13; 45; 45; 11
188; 188R; <; 9; 7; 13; 52; 52; 11
188; 188R; <; 10; 8; 13; 55; 55; 11
188; 188R; <; 1; 5; 13; 16; 16; 12
188; 188R; <; 2; 339; 13; 21; 21; 12
188; 188R; <; 3; 31; 13; 24; 24; 12
188; 188R; <; 4; 13; 13; 32; 32; 12
188; 188R; <; 5; 18; 13; 38; 38; 12
188; 188R; <; 6; 16; 13; 40; 40; 12
188; 188R; <; 7; 15; 13; 41; 41; 12
188; 188R; <; 8; 29; 13; 49; 49; 12
188; 188R; <; 9; 7; 13; 56; 56; 12
188; 188R; <; 10; 8; 13; 59; 59; 12
188; 188R; <; 1; 5; 13; 21; 21; 13
188; 188R; <; 2; 339; 13; 26; 26; 13
188; 188R; <; 3; 31; 13; 29; 29; 13
188; 188R; <; 4; 13; 13; 37; 37; 13
188; 188R; <; 5; 18; 13; 43; 43; 13
188; 188R; <; 6; 16; 13; 45; 45; 13
188; 188R; <; 7; 15; 13; 46; 46; 13
188; 188R; <; 8; 29; 13; 54; 54; 13
188; 188R; <; 9; 7; 13; 1; 1; 13
188; 188R; <; 10; 8; 13; 4; 4; 13
189; 189H; >; 1; 5; 13; 16; 16; 1
189; 189H; >; 2; 6; 13; 18; 18; 1
189; 189H; >; 3; 283; 13; 19; 19; 1
189; 189H; >; 4; 27; 13; 30; 30; 1
189; 189H; >; 5; 33; 13; 36; 36; 1
189; 189H; >; 6; 4; 13; 42; 42; 1
189; 189H; >; 7; 32; 13; 49; 49; 1
189; 189H; >; 8; 8; 13; 58; 58; 1
189; 189H; >; 1; 5; 13; 20; 20; 2
189; 189H; >; 2; 6; 13; 22; 22; 2
189; 189H; >; 3; 283; 13; 23; 23; 2
189; 189H; >; 4; 27; 13; 34; 34; 2
189; 189H; >; 5; 33; 13; 40; 40; 2
189; 189H; >; 6; 4; 13; 46; 46; 2
189; 189H; >; 7; 32; 13; 53; 53; 2
189; 189H; >; 8; 8; 13; 2; 2; 2
189; 189H; >; 1; 5; 13; 25; 25; 3
189; 189H; >; 2; 6; 13; 27; 27; 3
189; 189H; >; 3; 283; 13; 28; 28; 3
189; 189H; >; 4; 27; 13; 39; 39; 3
189; 189H; >; 5; 33; 13; 45; 45; 3
189; 189H; >; 6; 4; 13; 51; 51; 3
189; 189H; >; 7; 32; 13; 58; 58; 3
189; 189H; >; 8; 8; 13; 7; 7; 3
189; 189H; >; 1; 5; 13; 29; 29; 4
189; 189H; >; 2; 6; 13; 31; 31; 4
189; 189H; >; 3; 283; 13; 32; 32; 4
189; 189H; >; 4; 27; 13; 43; 43; 4
189; 189H; >; 5; 33; 13; 49; 49; 4
189; 189H; >; 6; 4; 13; 55; 55; 4
189; 189H; >; 7; 32; 13; 2; 2; 4
189; 189H; >; 8; 8; 13; 11; 11; 4
189; 189H; >; 1; 5; 13; 34; 34; 5
189; 189H; >; 2; 6; 13; 36; 36; 5
189; 189H; >; 3; 283; 13; 37; 37; 5
189; 189H; >; 4; 27; 13; 48; 48; 5
189; 189H; >; 5; 33; 13; 54; 54; 5
189; 189H; >; 6; 4; 13; 0; 0; 5
189; 189H; >; 7; 32; 13; 7; 7; 5
189; 189H; >; 8; 8; 13; 16; 16; 5
189; 189H; >; 1; 5; 13; 39; 39; 6
189; 189H; >; 2; 6; 13; 41; 41; 6
189; 189H; >; 3; 283; 13; 42; 42; 6
189; 189H; >; 4; 27; 13; 53; 53; 6
189; 189H; >; 5; 33; 13; 59; 59; 6
189; 189H; >; 6; 4; 13; 5; 5; 6
189; 189H; >; 7; 32; 13; 12; 12; 6
189; 189H; >; 8; 8; 13; 21; 21; 6
189; 189H; >; 1; 5; 13; 43; 43; 7
189; 189H; >; 2; 6; 13; 45; 45; 7
189; 189H; >; 3; 283; 13; 46; 46; 7
189; 189H; >; 4; 27; 13; 57; 57; 7
189; 189H; >; 5; 33; 13; 3; 3; 7
189; 189H; >; 6; 4; 13; 9; 9; 7
189; 189H; >; 7; 32; 13; 16; 16; 7
189; 189H; >; 8; 8; 13; 25; 25; 7
189; 189H; >; 1; 5; 13; 48; 48; 8
189; 189H; >; 2; 6; 13; 50; 50; 8
189; 189H; >; 3; 283; 13; 51; 51; 8
189; 189H; >; 4; 27; 13; 2; 2; 8
189; 189H; >; 5; 33; 13; 8; 8; 8
189; 189H; >; 6; 4; 13; 14; 14; 8
189; 189H; >; 7; 32; 13; 21; 21; 8
189; 189H; >; 8; 8; 13; 30; 30; 8
189; 189H; >; 1; 5; 13; 52; 52; 9
189; 189H; >; 2; 6; 13; 54; 54; 9
189; 189H; >; 3; 283; 13; 55; 55; 9
189; 189H; >; 4; 27; 13; 6; 6; 9
189; 189H; >; 5; 33; 13; 12; 12; 9
189; 189H; >; 6; 4; 13; 18; 18; 9
189; 189H; >; 7; 32; 13; 25; 25; 9
189; 189H; >; 8; 8; 13; 34; 34; 9
189; 189H; >; 1; 5; 13; 57; 57; 10
189; 189H; >; 2; 6; 13; 59; 59; 10
189; 189H; >; 3; 283; 13; 0; 0; 10
189; 189H; >; 4; 27; 13; 11; 11; 10
189; 189H; >; 5; 33; 13; 17; 17; 10
189; 189H; >; 6; 4; 13; 23; 23; 10
189; 189H; >; 7; 32; 13; 30; 30; 10
189; 189H; >; 8; 8; 13; 39; 39; 10
189; 189H; >; 1; 5; 13; 2; 2; 11
189; 189H; >; 2; 6; 13; 4; 4; 11
189; 189H; >; 3; 283; 13; 5; 5; 11
189; 189H; >; 4; 27; 13; 16; 16; 11
189; 189H; >; 5; 33; 13; 22; 22; 11
189; 189H; >; 6; 4; 13; 28; 28; 11
189; 189H; >; 7; 32; 13; 35; 35; 11
189; 189H; >; 8; 8; 13; 44; 44; 11
189; 189H; >; 1; 5; 13; 6; 6; 12
189; 189H; >; 2; 6; 13; 8; 8; 12
189; 189H; >; 3; 283; 13; 9; 9; 12
189; 189H; >; 4; 27; 13; 20; 20; 12
189; 189H; >; 5; 33; 13; 26; 26; 12
189; 189H; >; 6; 4; 13; 32; 32; 12
189; 189H; >; 7; 32; 13; 39; 39; 12
189; 189H; >; 8; 8; 13; 48; 48; 12
189; 189H; >; 1; 5; 13; 11; 11; 13
189; 189H; >; 2; 6; 13; 13; 13; 13
189; 189H; >; 3; 283; 13; 14; 14; 13
189; 189H; >; 4; 27; 13; 25; 25; 13
189; 189H; >; 5; 33; 13; 31; 31; 13
189; 189H; >; 6; 4; 13; 37; 37; 13
189; 189H; >; 7; 32; 13; 44; 44; 13
189; 189H; >; 8; 8; 13; 53; 53; 13
189; 189R; <; 1; 8; 13; 17; 17; 1
189; 189R; <; 2; 32; 13; 26; 26; 1
189; 189R; <; 3; 4; 13; 33; 33; 1
189; 189R; <; 4; 33; 13; 39; 39; 1
189; 189R; <; 5; 27; 13; 45; 45; 1
189; 189R; <; 6; 283; 13; 56; 56; 1
189; 189R; <; 7; 6; 13; 57; 57; 1
189; 189R; <; 8; 5; 13; 59; 59; 1
189; 189R; <; 1; 8; 13; 21; 21; 2
189; 189R; <; 2; 32; 13; 30; 30; 2
189; 189R; <; 3; 4; 13; 37; 37; 2
189; 189R; <; 4; 33; 13; 43; 43; 2
189; 189R; <; 5; 27; 13; 49; 49; 2
189; 189R; <; 6; 283; 13; 0; 0; 2
189; 189R; <; 7; 6; 13; 1; 1; 2
189; 189R; <; 8; 5; 13; 3; 3; 2
189; 189R; <; 1; 8; 13; 26; 26; 3
189; 189R; <; 2; 32; 13; 35; 35; 3
189; 189R; <; 3; 4; 13; 42; 42; 3
189; 189R; <; 4; 33; 13; 48; 48; 3
189; 189R; <; 5; 27; 13; 54; 54; 3
189; 189R; <; 6; 283; 13; 5; 5; 3
189; 189R; <; 7; 6; 13; 6; 6; 3
189; 189R; <; 8; 5; 13; 8; 8; 3
189; 189R; <; 1; 8; 13; 30; 30; 4
189; 189R; <; 2; 32; 13; 39; 39; 4
189; 189R; <; 3; 4; 13; 46; 46; 4
189; 189R; <; 4; 33; 13; 52; 52; 4
189; 189R; <; 5; 27; 13; 58; 58; 4
189; 189R; <; 6; 283; 13; 9; 9; 4
189; 189R; <; 7; 6; 13; 10; 10; 4
189; 189R; <; 8; 5; 13; 12; 12; 4
189; 189R; <; 1; 8; 13; 35; 35; 5
189; 189R; <; 2; 32; 13; 44; 44; 5
189; 189R; <; 3; 4; 13; 51; 51; 5
189; 189R; <; 4; 33; 13; 57; 57; 5
189; 189R; <; 5; 27; 13; 3; 3; 5
189; 189R; <; 6; 283; 13; 14; 14; 5
189; 189R; <; 7; 6; 13; 15; 15; 5
189; 189R; <; 8; 5; 13; 17; 17; 5
189; 189R; <; 1; 8; 13; 40; 40; 6
189; 189R; <; 2; 32; 13; 49; 49; 6
189; 189R; <; 3; 4; 13; 56; 56; 6
189; 189R; <; 4; 33; 13; 2; 2; 6
189; 189R; <; 5; 27; 13; 8; 8; 6
189; 189R; <; 6; 283; 13; 19; 19; 6
189; 189R; <; 7; 6; 13; 20; 20; 6
189; 189R; <; 8; 5; 13; 22; 22; 6
189; 189R; <; 1; 8; 13; 44; 44; 7
189; 189R; <; 2; 32; 13; 53; 53; 7
189; 189R; <; 3; 4; 13; 0; 0; 7
189; 189R; <; 4; 33; 13; 6; 6; 7
189; 189R; <; 5; 27; 13; 12; 12; 7
189; 189R; <; 6; 283; 13; 23; 23; 7
189; 189R; <; 7; 6; 13; 24; 24; 7
189; 189R; <; 8; 5; 13; 26; 26; 7
189; 189R; <; 1; 8; 13; 49; 49; 8
189; 189R; <; 2; 32; 13; 58; 58; 8
189; 189R; <; 3; 4; 13; 5; 5; 8
189; 189R; <; 4; 33; 13; 11; 11; 8
189; 189R; <; 5; 27; 13; 17; 17; 8
189; 189R; <; 6; 283; 13; 28; 28; 8
189; 189R; <; 7; 6; 13; 29; 29; 8
189; 189R; <; 8; 5; 13; 31; 31; 8
189; 189R; <; 1; 8; 13; 53; 53; 9
189; 189R; <; 2; 32; 13; 2; 2; 9
189; 189R; <; 3; 4; 13; 9; 9; 9
189; 189R; <; 4; 33; 13; 15; 15; 9
189; 189R; <; 5; 27; 13; 21; 21; 9
189; 189R; <; 6; 283; 13; 32; 32; 9
189; 189R; <; 7; 6; 13; 33; 33; 9
189; 189R; <; 8; 5; 13; 35; 35; 9
189; 189R; <; 1; 8; 13; 58; 58; 10
189; 189R; <; 2; 32; 13; 7; 7; 10
189; 189R; <; 3; 4; 13; 14; 14; 10
189; 189R; <; 4; 33; 13; 20; 20; 10
189; 189R; <; 5; 27; 13; 26; 26; 10
189; 189R; <; 6; 283; 13; 37; 37; 10
189; 189R; <; 7; 6; 13; 38; 38; 10
189; 189R; <; 8; 5; 13; 40; 40; 10
189; 189R; <; 1; 8; 13; 3; 3; 11
189; 189R; <; 2; 32; 13; 12; 12; 11
189; 189R; <; 3; 4; 13; 19; 19; 11
189; 189R; <; 4; 33; 13; 25; 25; 11
189; 189R; <; 5; 27; 13; 31; 31; 11
189; 189R; <; 6; 283; 13; 42; 42; 11
189; 189R; <; 7; 6; 13; 43; 43; 11
189; 189R; <; 8; 5; 13; 45; 45; 11
189; 189R; <; 1; 8; 13; 7; 7; 12
189; 189R; <; 2; 32; 13; 16; 16; 12
189; 189R; <; 3; 4; 13; 23; 23; 12
189; 189R; <; 4; 33; 13; 29; 29; 12
189; 189R; <; 5; 27; 13; 35; 35; 12
189; 189R; <; 6; 283; 13; 46; 46; 12
189; 189R; <; 7; 6; 13; 47; 47; 12
189; 189R; <; 8; 5; 13; 49; 49; 12
189; 189R; <; 1; 8; 13; 12; 12; 13
189; 189R; <; 2; 32; 13; 21; 21; 13
189; 189R; <; 3; 4; 13; 28; 28; 13
189; 189R; <; 4; 33; 13; 34; 34; 13
189; 189R; <; 5; 27; 13; 40; 40; 13
189; 189R; <; 6; 283; 13; 51; 51; 13
189; 189R; <; 7; 6; 13; 52; 52; 13
189; 189R; <; 8; 5; 13; 54; 54; 13
191; 191H; >; 1; 20; 13; 26; 26; 1
191; 191H; >; 2; 50; 13; 35; 35; 1
191; 191H; >; 3; 53; 13; 38; 38; 1
191; 191H; >; 4; 69; 13; 44; 44; 1
191; 191H; >; 5; 8; 13; 54; 54; 1
191; 191H; >; 1; 20; 13; 30; 30; 2
191; 191H; >; 2; 50; 13; 39; 39; 2
191; 191H; >; 3; 53; 13; 42; 42; 2
191; 191H; >; 4; 69; 13; 48; 48; 2
191; 191H; >; 5; 8; 13; 58; 58; 2
191; 191H; >; 1; 20; 13; 35; 35; 3
191; 191H; >; 2; 50; 13; 44; 44; 3
191; 191H; >; 3; 53; 13; 47; 47; 3
191; 191H; >; 4; 69; 13; 53; 53; 3
191; 191H; >; 5; 8; 13; 3; 3; 3
191; 191H; >; 1; 20; 13; 39; 39; 4
191; 191H; >; 2; 50; 13; 48; 48; 4
191; 191H; >; 3; 53; 13; 51; 51; 4
191; 191H; >; 4; 69; 13; 57; 57; 4
191; 191H; >; 5; 8; 13; 7; 7; 4
191; 191H; >; 1; 20; 13; 44; 44; 5
191; 191H; >; 2; 50; 13; 53; 53; 5
191; 191H; >; 3; 53; 13; 56; 56; 5
191; 191H; >; 4; 69; 13; 2; 2; 5
191; 191H; >; 5; 8; 13; 12; 12; 5
191; 191H; >; 1; 20; 13; 49; 49; 6
191; 191H; >; 2; 50; 13; 58; 58; 6
191; 191H; >; 3; 53; 13; 1; 1; 6
191; 191H; >; 4; 69; 13; 7; 7; 6
191; 191H; >; 5; 8; 13; 17; 17; 6
191; 191H; >; 1; 20; 13; 53; 53; 7
191; 191H; >; 2; 50; 13; 2; 2; 7
191; 191H; >; 3; 53; 13; 5; 5; 7
191; 191H; >; 4; 69; 13; 11; 11; 7
191; 191H; >; 5; 8; 13; 21; 21; 7
191; 191H; >; 1; 20; 13; 58; 58; 8
191; 191H; >; 2; 50; 13; 7; 7; 8
191; 191H; >; 3; 53; 13; 10; 10; 8
191; 191H; >; 4; 69; 13; 16; 16; 8
191; 191H; >; 5; 8; 13; 26; 26; 8
191; 191H; >; 1; 20; 13; 2; 2; 9
191; 191H; >; 2; 50; 13; 11; 11; 9
191; 191H; >; 3; 53; 13; 14; 14; 9
191; 191H; >; 4; 69; 13; 20; 20; 9
191; 191H; >; 5; 8; 13; 30; 30; 9
191; 191H; >; 1; 20; 13; 7; 7; 10
191; 191H; >; 2; 50; 13; 16; 16; 10
191; 191H; >; 3; 53; 13; 19; 19; 10
191; 191H; >; 4; 69; 13; 25; 25; 10
191; 191H; >; 5; 8; 13; 35; 35; 10
191; 191H; >; 1; 20; 13; 12; 12; 11
191; 191H; >; 2; 50; 13; 21; 21; 11
191; 191H; >; 3; 53; 13; 24; 24; 11
191; 191H; >; 4; 69; 13; 30; 30; 11
191; 191H; >; 5; 8; 13; 40; 40; 11
191; 191H; >; 1; 20; 13; 16; 16; 12
191; 191H; >; 2; 50; 13; 25; 25; 12
191; 191H; >; 3; 53; 13; 28; 28; 12
191; 191H; >; 4; 69; 13; 34; 34; 12
191; 191H; >; 5; 8; 13; 44; 44; 12
191; 191H; >; 1; 20; 13; 21; 21; 13
191; 191H; >; 2; 50; 13; 30; 30; 13
191; 191H; >; 3; 53; 13; 33; 33; 13
191; 191H; >; 4; 69; 13; 39; 39; 13
191; 191H; >; 5; 8; 13; 49; 49; 13
191; 191R; <; 1; 8; 13; 18; 18; 1
191; 191R; <; 2; 69; 13; 28; 28; 1
191; 191R; <; 3; 53; 13; 34; 34; 1
191; 191R; <; 4; 50; 13; 37; 37; 1
191; 191R; <; 5; 20; 13; 46; 46; 1
191; 191R; <; 1; 8; 13; 22; 22; 2
191; 191R; <; 2; 69; 13; 32; 32; 2
191; 191R; <; 3; 53; 13; 38; 38; 2
191; 191R; <; 4; 50; 13; 41; 41; 2
191; 191R; <; 5; 20; 13; 50; 50; 2
191; 191R; <; 1; 8; 13; 27; 27; 3
191; 191R; <; 2; 69; 13; 37; 37; 3
191; 191R; <; 3; 53; 13; 43; 43; 3
191; 191R; <; 4; 50; 13; 46; 46; 3
191; 191R; <; 5; 20; 13; 55; 55; 3
191; 191R; <; 1; 8; 13; 31; 31; 4
191; 191R; <; 2; 69; 13; 41; 41; 4
191; 191R; <; 3; 53; 13; 47; 47; 4
191; 191R; <; 4; 50; 13; 50; 50; 4
191; 191R; <; 5; 20; 13; 59; 59; 4
191; 191R; <; 1; 8; 13; 36; 36; 5
191; 191R; <; 2; 69; 13; 46; 46; 5
191; 191R; <; 3; 53; 13; 52; 52; 5
191; 191R; <; 4; 50; 13; 55; 55; 5
191; 191R; <; 5; 20; 13; 4; 4; 5
191; 191R; <; 1; 8; 13; 41; 41; 6
191; 191R; <; 2; 69; 13; 51; 51; 6
191; 191R; <; 3; 53; 13; 57; 57; 6
191; 191R; <; 4; 50; 13; 0; 0; 6
191; 191R; <; 5; 20; 13; 9; 9; 6
191; 191R; <; 1; 8; 13; 45; 45; 7
191; 191R; <; 2; 69; 13; 55; 55; 7
191; 191R; <; 3; 53; 13; 1; 1; 7
191; 191R; <; 4; 50; 13; 4; 4; 7
191; 191R; <; 5; 20; 13; 13; 13; 7
191; 191R; <; 1; 8; 13; 50; 50; 8
191; 191R; <; 2; 69; 13; 0; 0; 8
191; 191R; <; 3; 53; 13; 6; 6; 8
191; 191R; <; 4; 50; 13; 9; 9; 8
191; 191R; <; 5; 20; 13; 18; 18; 8
191; 191R; <; 1; 8; 13; 54; 54; 9
191; 191R; <; 2; 69; 13; 4; 4; 9
191; 191R; <; 3; 53; 13; 10; 10; 9
191; 191R; <; 4; 50; 13; 13; 13; 9
191; 191R; <; 5; 20; 13; 22; 22; 9
191; 191R; <; 1; 8; 13; 59; 59; 10
191; 191R; <; 2; 69; 13; 9; 9; 10
191; 191R; <; 3; 53; 13; 15; 15; 10
191; 191R; <; 4; 50; 13; 18; 18; 10
191; 191R; <; 5; 20; 13; 27; 27; 10
191; 191R; <; 1; 8; 13; 4; 4; 11
191; 191R; <; 2; 69; 13; 14; 14; 11
191; 191R; <; 3; 53; 13; 20; 20; 11
191; 191R; <; 4; 50; 13; 23; 23; 11
191; 191R; <; 5; 20; 13; 32; 32; 11
191; 191R; <; 1; 8; 13; 8; 8; 12
191; 191R; <; 2; 69; 13; 18; 18; 12
191; 191R; <; 3; 53; 13; 24; 24; 12
191; 191R; <; 4; 50; 13; 27; 27; 12
191; 191R; <; 5; 20; 13; 36; 36; 12
191; 191R; <; 1; 8; 13; 13; 13; 13
191; 191R; <; 2; 69; 13; 23; 23; 13
191; 191R; <; 3; 53; 13; 29; 29; 13
191; 191R; <; 4; 50; 13; 32; 32; 13
191; 191R; <; 5; 20; 13; 41; 41; 13
194; 194H; >; 1; 308; 13; 55; 55; 1
194; 194H; >; 2; 14; 13; 2; 2; 1
194; 194H; >; 3; 28; 13; 6; 6; 1
194; 194H; >; 4; 30; 13; 8; 8; 1
194; 194H; >; 5; 24; 13; 10; 10; 1
194; 194H; >; 6; 10; 13; 12; 12; 1
194; 194H; >; 7; 23; 13; 16; 16; 1
194; 194H; >; 8; 26; 13; 19; 19; 1
194; 194H; >; 9; 19; 13; 23; 23; 1
194; 194H; >; 10; 8; 13; 27; 27; 1
194; 194H; >; 1; 308; 13; 59; 59; 2
194; 194H; >; 2; 14; 13; 6; 6; 2
194; 194H; >; 3; 28; 13; 10; 10; 2
194; 194H; >; 4; 30; 13; 12; 12; 2
194; 194H; >; 5; 24; 13; 14; 14; 2
194; 194H; >; 6; 10; 13; 16; 16; 2
194; 194H; >; 7; 23; 13; 20; 20; 2
194; 194H; >; 8; 26; 13; 23; 23; 2
194; 194H; >; 9; 19; 13; 27; 27; 2
194; 194H; >; 10; 8; 13; 31; 31; 2
194; 194H; >; 1; 308; 13; 4; 4; 3
194; 194H; >; 2; 14; 13; 11; 11; 3
194; 194H; >; 3; 28; 13; 15; 15; 3
194; 194H; >; 4; 30; 13; 17; 17; 3
194; 194H; >; 5; 24; 13; 19; 19; 3
194; 194H; >; 6; 10; 13; 21; 21; 3
194; 194H; >; 7; 23; 13; 25; 25; 3
194; 194H; >; 8; 26; 13; 28; 28; 3
194; 194H; >; 9; 19; 13; 32; 32; 3
194; 194H; >; 10; 8; 13; 36; 36; 3
194; 194H; >; 1; 308; 13; 8; 8; 4
194; 194H; >; 2; 14; 13; 15; 15; 4
194; 194H; >; 3; 28; 13; 19; 19; 4
194; 194H; >; 4; 30; 13; 21; 21; 4
194; 194H; >; 5; 24; 13; 23; 23; 4
194; 194H; >; 6; 10; 13; 25; 25; 4
194; 194H; >; 7; 23; 13; 29; 29; 4
194; 194H; >; 8; 26; 13; 32; 32; 4
194; 194H; >; 9; 19; 13; 36; 36; 4
194; 194H; >; 10; 8; 13; 40; 40; 4
194; 194H; >; 1; 308; 13; 13; 13; 5
194; 194H; >; 2; 14; 13; 20; 20; 5
194; 194H; >; 3; 28; 13; 24; 24; 5
194; 194H; >; 4; 30; 13; 26; 26; 5
194; 194H; >; 5; 24; 13; 28; 28; 5
194; 194H; >; 6; 10; 13; 30; 30; 5
194; 194H; >; 7; 23; 13; 34; 34; 5
194; 194H; >; 8; 26; 13; 37; 37; 5
194; 194H; >; 9; 19; 13; 41; 41; 5
194; 194H; >; 10; 8; 13; 45; 45; 5
194; 194H; >; 1; 308; 13; 18; 18; 6
194; 194H; >; 2; 14; 13; 25; 25; 6
194; 194H; >; 3; 28; 13; 29; 29; 6
194; 194H; >; 4; 30; 13; 31; 31; 6
194; 194H; >; 5; 24; 13; 33; 33; 6
194; 194H; >; 6; 10; 13; 35; 35; 6
194; 194H; >; 7; 23; 13; 39; 39; 6
194; 194H; >; 8; 26; 13; 42; 42; 6
194; 194H; >; 9; 19; 13; 46; 46; 6
194; 194H; >; 10; 8; 13; 50; 50; 6
194; 194H; >; 1; 308; 13; 22; 22; 7
194; 194H; >; 2; 14; 13; 29; 29; 7
194; 194H; >; 3; 28; 13; 33; 33; 7
194; 194H; >; 4; 30; 13; 35; 35; 7
194; 194H; >; 5; 24; 13; 37; 37; 7
194; 194H; >; 6; 10; 13; 39; 39; 7
194; 194H; >; 7; 23; 13; 43; 43; 7
194; 194H; >; 8; 26; 13; 46; 46; 7
194; 194H; >; 9; 19; 13; 50; 50; 7
194; 194H; >; 10; 8; 13; 54; 54; 7
194; 194H; >; 1; 308; 13; 27; 27; 8
194; 194H; >; 2; 14; 13; 34; 34; 8
194; 194H; >; 3; 28; 13; 38; 38; 8
194; 194H; >; 4; 30; 13; 40; 40; 8
194; 194H; >; 5; 24; 13; 42; 42; 8
194; 194H; >; 6; 10; 13; 44; 44; 8
194; 194H; >; 7; 23; 13; 48; 48; 8
194; 194H; >; 8; 26; 13; 51; 51; 8
194; 194H; >; 9; 19; 13; 55; 55; 8
194; 194H; >; 10; 8; 13; 59; 59; 8
194; 194H; >; 1; 308; 13; 31; 31; 9
194; 194H; >; 2; 14; 13; 38; 38; 9
194; 194H; >; 3; 28; 13; 42; 42; 9
194; 194H; >; 4; 30; 13; 44; 44; 9
194; 194H; >; 5; 24; 13; 46; 46; 9
194; 194H; >; 6; 10; 13; 48; 48; 9
194; 194H; >; 7; 23; 13; 52; 52; 9
194; 194H; >; 8; 26; 13; 55; 55; 9
194; 194H; >; 9; 19; 13; 59; 59; 9
194; 194H; >; 10; 8; 13; 3; 3; 9
194; 194H; >; 1; 308; 13; 36; 36; 10
194; 194H; >; 2; 14; 13; 43; 43; 10
194; 194H; >; 3; 28; 13; 47; 47; 10
194; 194H; >; 4; 30; 13; 49; 49; 10
194; 194H; >; 5; 24; 13; 51; 51; 10
194; 194H; >; 6; 10; 13; 53; 53; 10
194; 194H; >; 7; 23; 13; 57; 57; 10
194; 194H; >; 8; 26; 13; 0; 0; 10
194; 194H; >; 9; 19; 13; 4; 4; 10
194; 194H; >; 10; 8; 13; 8; 8; 10
194; 194H; >; 1; 308; 13; 41; 41; 11
194; 194H; >; 2; 14; 13; 48; 48; 11
194; 194H; >; 3; 28; 13; 52; 52; 11
194; 194H; >; 4; 30; 13; 54; 54; 11
194; 194H; >; 5; 24; 13; 56; 56; 11
194; 194H; >; 6; 10; 13; 58; 58; 11
194; 194H; >; 7; 23; 13; 2; 2; 11
194; 194H; >; 8; 26; 13; 5; 5; 11
194; 194H; >; 9; 19; 13; 9; 9; 11
194; 194H; >; 10; 8; 13; 13; 13; 11
194; 194H; >; 1; 308; 13; 45; 45; 12
194; 194H; >; 2; 14; 13; 52; 52; 12
194; 194H; >; 3; 28; 13; 56; 56; 12
194; 194H; >; 4; 30; 13; 58; 58; 12
194; 194H; >; 5; 24; 13; 0; 0; 12
194; 194H; >; 6; 10; 13; 2; 2; 12
194; 194H; >; 7; 23; 13; 6; 6; 12
194; 194H; >; 8; 26; 13; 9; 9; 12
194; 194H; >; 9; 19; 13; 13; 13; 12
194; 194H; >; 10; 8; 13; 17; 17; 12
194; 194H; >; 1; 308; 13; 50; 50; 13
194; 194H; >; 2; 14; 13; 57; 57; 13
194; 194H; >; 3; 28; 13; 1; 1; 13
194; 194H; >; 4; 30; 13; 3; 3; 13
194; 194H; >; 5; 24; 13; 5; 5; 13
194; 194H; >; 6; 10; 13; 7; 7; 13
194; 194H; >; 7; 23; 13; 11; 11; 13
194; 194H; >; 8; 26; 13; 14; 14; 13
194; 194H; >; 9; 19; 13; 18; 18; 13
194; 194H; >; 10; 8; 13; 22; 22; 13
194; 194R; <; 1; 8; 13; 36; 36; 1
194; 194R; <; 2; 19; 13; 40; 40; 1
194; 194R; <; 3; 26; 13; 44; 44; 1
194; 194R; <; 4; 23; 13; 47; 47; 1
194; 194R; <; 5; 10; 13; 51; 51; 1
194; 194R; <; 6; 24; 13; 53; 53; 1
194; 194R; <; 7; 30; 13; 55; 55; 1
194; 194R; <; 8; 28; 13; 57; 57; 1
194; 194R; <; 9; 14; 13; 1; 1; 1
194; 194R; <; 10; 308; 13; 8; 8; 1
194; 194R; <; 1; 8; 13; 40; 40; 2
194; 194R; <; 2; 19; 13; 44; 44; 2
194; 194R; <; 3; 26; 13; 48; 48; 2
194; 194R; <; 4; 23; 13; 51; 51; 2
194; 194R; <; 5; 10; 13; 55; 55; 2
194; 194R; <; 6; 24; 13; 57; 57; 2
194; 194R; <; 7; 30; 13; 59; 59; 2
194; 194R; <; 8; 28; 13; 1; 1; 2
194; 194R; <; 9; 14; 13; 5; 5; 2
194; 194R; <; 10; 308; 13; 12; 12; 2
194; 194R; <; 1; 8; 13; 45; 45; 3
194; 194R; <; 2; 19; 13; 49; 49; 3
194; 194R; <; 3; 26; 13; 53; 53; 3
194; 194R; <; 4; 23; 13; 56; 56; 3
194; 194R; <; 5; 10; 13; 0; 0; 3
194; 194R; <; 6; 24; 13; 2; 2; 3
194; 194R; <; 7; 30; 13; 4; 4; 3
194; 194R; <; 8; 28; 13; 6; 6; 3
194; 194R; <; 9; 14; 13; 10; 10; 3
194; 194R; <; 10; 308; 13; 17; 17; 3
194; 194R; <; 1; 8; 13; 49; 49; 4
194; 194R; <; 2; 19; 13; 53; 53; 4
194; 194R; <; 3; 26; 13; 57; 57; 4
194; 194R; <; 4; 23; 13; 0; 0; 4
194; 194R; <; 5; 10; 13; 4; 4; 4
194; 194R; <; 6; 24; 13; 6; 6; 4
194; 194R; <; 7; 30; 13; 8; 8; 4
194; 194R; <; 8; 28; 13; 10; 10; 4
194; 194R; <; 9; 14; 13; 14; 14; 4
194; 194R; <; 10; 308; 13; 21; 21; 4
194; 194R; <; 1; 8; 13; 54; 54; 5
194; 194R; <; 2; 19; 13; 58; 58; 5
194; 194R; <; 3; 26; 13; 2; 2; 5
194; 194R; <; 4; 23; 13; 5; 5; 5
194; 194R; <; 5; 10; 13; 9; 9; 5
194; 194R; <; 6; 24; 13; 11; 11; 5
194; 194R; <; 7; 30; 13; 13; 13; 5
194; 194R; <; 8; 28; 13; 15; 15; 5
194; 194R; <; 9; 14; 13; 19; 19; 5
194; 194R; <; 10; 308; 13; 26; 26; 5
194; 194R; <; 1; 8; 13; 59; 59; 6
194; 194R; <; 2; 19; 13; 3; 3; 6
194; 194R; <; 3; 26; 13; 7; 7; 6
194; 194R; <; 4; 23; 13; 10; 10; 6
194; 194R; <; 5; 10; 13; 14; 14; 6
194; 194R; <; 6; 24; 13; 16; 16; 6
194; 194R; <; 7; 30; 13; 18; 18; 6
194; 194R; <; 8; 28; 13; 20; 20; 6
194; 194R; <; 9; 14; 13; 24; 24; 6
194; 194R; <; 10; 308; 13; 31; 31; 6
194; 194R; <; 1; 8; 13; 3; 3; 7
194; 194R; <; 2; 19; 13; 7; 7; 7
194; 194R; <; 3; 26; 13; 11; 11; 7
194; 194R; <; 4; 23; 13; 14; 14; 7
194; 194R; <; 5; 10; 13; 18; 18; 7
194; 194R; <; 6; 24; 13; 20; 20; 7
194; 194R; <; 7; 30; 13; 22; 22; 7
194; 194R; <; 8; 28; 13; 24; 24; 7
194; 194R; <; 9; 14; 13; 28; 28; 7
194; 194R; <; 10; 308; 13; 35; 35; 7
194; 194R; <; 1; 8; 13; 8; 8; 8
194; 194R; <; 2; 19; 13; 12; 12; 8
194; 194R; <; 3; 26; 13; 16; 16; 8
194; 194R; <; 4; 23; 13; 19; 19; 8
194; 194R; <; 5; 10; 13; 23; 23; 8
194; 194R; <; 6; 24; 13; 25; 25; 8
194; 194R; <; 7; 30; 13; 27; 27; 8
194; 194R; <; 8; 28; 13; 29; 29; 8
194; 194R; <; 9; 14; 13; 33; 33; 8
194; 194R; <; 10; 308; 13; 40; 40; 8
194; 194R; <; 1; 8; 13; 12; 12; 9
194; 194R; <; 2; 19; 13; 16; 16; 9
194; 194R; <; 3; 26; 13; 20; 20; 9
194; 194R; <; 4; 23; 13; 23; 23; 9
194; 194R; <; 5; 10; 13; 27; 27; 9
194; 194R; <; 6; 24; 13; 29; 29; 9
194; 194R; <; 7; 30; 13; 31; 31; 9
194; 194R; <; 8; 28; 13; 33; 33; 9
194; 194R; <; 9; 14; 13; 37; 37; 9
194; 194R; <; 10; 308; 13; 44; 44; 9
194; 194R; <; 1; 8; 13; 17; 17; 10
194; 194R; <; 2; 19; 13; 21; 21; 10
194; 194R; <; 3; 26; 13; 25; 25; 10
194; 194R; <; 4; 23; 13; 28; 28; 10
194; 194R; <; 5; 10; 13; 32; 32; 10
194; 194R; <; 6; 24; 13; 34; 34; 10
194; 194R; <; 7; 30; 13; 36; 36; 10
194; 194R; <; 8; 28; 13; 38; 38; 10
194; 194R; <; 9; 14; 13; 42; 42; 10
194; 194R; <; 10; 308; 13; 49; 49; 10
194; 194R; <; 1; 8; 13; 22; 22; 11
194; 194R; <; 2; 19; 13; 26; 26; 11
194; 194R; <; 3; 26; 13; 30; 30; 11
194; 194R; <; 4; 23; 13; 33; 33; 11
194; 194R; <; 5; 10; 13; 37; 37; 11
194; 194R; <; 6; 24; 13; 39; 39; 11
194; 194R; <; 7; 30; 13; 41; 41; 11
194; 194R; <; 8; 28; 13; 43; 43; 11
194; 194R; <; 9; 14; 13; 47; 47; 11
194; 194R; <; 10; 308; 13; 54; 54; 11
194; 194R; <; 1; 8; 13; 26; 26; 12
194; 194R; <; 2; 19; 13; 30; 30; 12
194; 194R; <; 3; 26; 13; 34; 34; 12
194; 194R; <; 4; 23; 13; 37; 37; 12
194; 194R; <; 5; 10; 13; 41; 41; 12
194; 194R; <; 6; 24; 13; 43; 43; 12
194; 194R; <; 7; 30; 13; 45; 45; 12
194; 194R; <; 8; 28; 13; 47; 47; 12
194; 194R; <; 9; 14; 13; 51; 51; 12
194; 194R; <; 10; 308; 13; 58; 58; 12
194; 194R; <; 1; 8; 13; 31; 31; 13
194; 194R; <; 2; 19; 13; 35; 35; 13
194; 194R; <; 3; 26; 13; 39; 39; 13
194; 194R; <; 4; 23; 13; 42; 42; 13
194; 194R; <; 5; 10; 13; 46; 46; 13
194; 194R; <; 6; 24; 13; 48; 48; 13
194; 194R; <; 7; 30; 13; 50; 50; 13
194; 194R; <; 8; 28; 13; 52; 52; 13
194; 194R; <; 9; 14; 13; 56; 56; 13
194; 194R; <; 10; 308; 13; 3; 3; 13
