#event-id; time
1; 0
2; 4
3; 4
4; 21
5; 21
6; 32
7; 32
8; 33
9; 33
10; 39
11; 39
12; 42
13; 30
14; 34
15; 34
16; 51
17; 51
18; 2
19; 2
20; 3
21; 3
22; 9
23; 9
24; 12
25; 0
26; 3
27; 3
28; 9
29; 9
30; 10
31; 10
32; 21
33; 21
34; 38
35; 38
36; 42
37; 30
38; 33
39; 33
40; 39
41; 39
42; 40
43; 40
44; 51
45; 51
46; 8
47; 8
48; 12
49; 0
50; 1
51; 1
52; 12
53; 12
54; 29
55; 29
56; 33
57; 33
58; 40
59; 40
60; 2
61; 30
62; 31
63; 31
64; 42
65; 42
66; 59
67; 59
68; 3
69; 3
70; 10
71; 10
72; 32
73; 0
74; 22
75; 22
76; 29
77; 29
78; 33
79; 33
80; 50
81; 50
82; 1
83; 1
84; 2
85; 30
86; 52
87; 52
88; 59
89; 59
90; 3
91; 3
92; 20
93; 20
94; 31
95; 31
96; 32
97; 0
98; 22
99; 22
100; 46
101; 46
102; 50
103; 50
104; 57
105; 57
106; 4
107; 30
108; 52
109; 52
110; 16
111; 16
112; 20
113; 20
114; 27
115; 27
116; 34
117; 0
118; 7
119; 7
120; 14
121; 14
122; 18
123; 18
124; 42
125; 42
126; 4
127; 30
128; 37
129; 37
130; 44
131; 44
132; 48
133; 48
134; 12
135; 12
136; 34
137; 0
138; 22
139; 22
140; 33
141; 33
142; 43
143; 43
144; 52
145; 30
146; 52
147; 52
148; 3
149; 3
150; 13
151; 13
152; 22
153; 0
154; 9
155; 9
156; 19
157; 19
158; 30
159; 30
160; 52
161; 30
162; 39
163; 39
164; 49
165; 49
166; 0
167; 0
168; 22
169; 0
170; 16
171; 16
172; 43
173; 43
174; 52
175; 52
176; 16
177; 30
178; 46
179; 46
180; 13
181; 13
182; 22
183; 22
184; 46
185; 0
186; 24
187; 24
188; 33
189; 33
190; 0
191; 0
192; 16
193; 30
194; 54
195; 54
196; 3
197; 3
198; 30
199; 30
200; 46
201; 0
202; 9
203; 9
204; 18
205; 18
206; 25
207; 25
208; 32
209; 30
210; 39
211; 39
212; 48
213; 48
214; 55
215; 55
216; 2
217; 0
218; 7
219; 7
220; 14
221; 14
222; 23
223; 23
224; 32
225; 30
226; 37
227; 37
228; 44
229; 44
230; 53
231; 53
232; 2
233; 0
234; 9
235; 9
236; 15
237; 15
238; 26
239; 26
240; 36
241; 30
242; 39
243; 39
244; 45
245; 45
246; 56
247; 56
248; 6
249; 0
250; 10
251; 10
252; 21
253; 21
254; 27
255; 27
256; 36
257; 30
258; 40
259; 40
260; 51
261; 51
262; 57
263; 57
264; 6
265; 0
266; 4
267; 4
268; 18
269; 18
270; 24
271; 24
272; 38
273; 30
274; 34
275; 34
276; 48
277; 48
278; 54
279; 54
280; 8
281; 0
282; 14
283; 14
284; 20
285; 20
286; 34
287; 34
288; 38
289; 30
290; 44
291; 44
292; 50
293; 50
294; 4
295; 4
296; 8
297; 0
298; 21
299; 21
300; 30
301; 30
302; 51
303; 51
304; 0
305; 0
306; 9
307; 9
308; 30
309; 30
310; 39
311; 39
312; 0
313; 0
314; 2
315; 10
316; 12
317; 20
318; 22
319; 30
320; 32
321; 40
322; 42
323; 50
324; 52
325; 0
326; 2
327; 10
328; 12
329; 20
330; 22
331; 30
332; 32
333; 40
334; 42
335; 50
336; 52
337; 0
338; 6
339; 6
340; 15
341; 15
342; 22
343; 22
344; 28
345; 28
346; 31
347; 31
348; 35
349; 35
350; 39
351; 39
352; 43
353; 43
354; 53
355; 53
356; 57
357; 30
358; 36
359; 36
360; 45
361; 45
362; 52
363; 52
364; 58
365; 58
366; 1
367; 1
368; 5
369; 5
370; 9
371; 9
372; 13
373; 13
374; 23
375; 23
376; 27
377; 0
378; 4
379; 4
380; 14
381; 14
382; 18
383; 18
384; 22
385; 22
386; 26
387; 26
388; 29
389; 29
390; 35
391; 35
392; 42
393; 42
394; 51
395; 51
396; 57
397; 30
398; 34
399; 34
400; 44
401; 44
402; 48
403; 48
404; 52
405; 52
406; 56
407; 56
408; 59
409; 59
410; 5
411; 5
412; 12
413; 12
414; 21
415; 21
416; 27
417; 39
418; 42
419; 42
420; 6
421; 6
422; 8
423; 8
424; 10
425; 10
426; 12
427; 12
428; 16
429; 16
430; 19
431; 19
432; 23
433; 23
434; 27
435; 27
436; 31
437; 9
438; 12
439; 12
440; 36
441; 36
442; 38
443; 38
444; 40
445; 40
446; 42
447; 42
448; 46
449; 46
450; 49
451; 49
452; 53
453; 53
454; 57
455; 57
456; 1
457; 21
458; 25
459; 25
460; 29
461; 29
462; 33
463; 33
464; 36
465; 36
466; 40
467; 40
468; 42
469; 42
470; 44
471; 44
472; 46
473; 46
474; 10
475; 10
476; 13
477; 51
478; 55
479; 55
480; 59
481; 59
482; 3
483; 3
484; 6
485; 6
486; 10
487; 10
488; 12
489; 12
490; 14
491; 14
492; 16
493; 16
494; 40
495; 40
496; 43
497; 0
498; 11
499; 11
500; 14
501; 14
502; 23
503; 23
504; 29
505; 29
506; 31
507; 31
508; 36
509; 36
510; 40
511; 40
512; 43
513; 10
514; 21
515; 21
516; 24
517; 24
518; 33
519; 33
520; 39
521; 39
522; 41
523; 41
524; 46
525; 46
526; 50
527; 50
528; 53
529; 20
530; 31
531; 31
532; 34
533; 34
534; 43
535; 43
536; 49
537; 49
538; 51
539; 51
540; 56
541; 56
542; 0
543; 0
544; 3
545; 30
546; 41
547; 41
548; 44
549; 44
550; 53
551; 53
552; 59
553; 59
554; 1
555; 1
556; 6
557; 6
558; 10
559; 10
560; 13
561; 40
562; 51
563; 51
564; 54
565; 54
566; 3
567; 3
568; 9
569; 9
570; 11
571; 11
572; 16
573; 16
574; 20
575; 20
576; 23
577; 50
578; 1
579; 1
580; 4
581; 4
582; 13
583; 13
584; 19
585; 19
586; 21
587; 21
588; 26
589; 26
590; 30
591; 30
592; 33
593; 0
594; 3
595; 3
596; 7
597; 7
598; 12
599; 12
600; 14
601; 14
602; 20
603; 20
604; 29
605; 29
606; 32
607; 32
608; 43
609; 10
610; 13
611; 13
612; 17
613; 17
614; 22
615; 22
616; 24
617; 24
618; 30
619; 30
620; 39
621; 39
622; 42
623; 42
624; 53
625; 20
626; 23
627; 23
628; 27
629; 27
630; 32
631; 32
632; 34
633; 34
634; 40
635; 40
636; 49
637; 49
638; 52
639; 52
640; 3
641; 30
642; 33
643; 33
644; 37
645; 37
646; 42
647; 42
648; 44
649; 44
650; 50
651; 50
652; 59
653; 59
654; 2
655; 2
656; 13
657; 40
658; 43
659; 43
660; 47
661; 47
662; 52
663; 52
664; 54
665; 54
666; 0
667; 0
668; 9
669; 9
670; 12
671; 12
672; 23
673; 50
674; 53
675; 53
676; 57
677; 57
678; 2
679; 2
680; 4
681; 4
682; 10
683; 10
684; 19
685; 19
686; 22
687; 22
688; 33
689; 0
690; 6
691; 6
692; 15
693; 15
694; 22
695; 22
696; 31
697; 31
698; 35
699; 35
700; 45
701; 45
702; 49
703; 30
704; 36
705; 36
706; 45
707; 45
708; 52
709; 52
710; 1
711; 1
712; 5
713; 5
714; 15
715; 15
716; 19
717; 0
718; 4
719; 4
720; 14
721; 14
722; 18
723; 18
724; 27
725; 27
726; 34
727; 34
728; 43
729; 43
730; 49
731; 30
732; 34
733; 34
734; 44
735; 44
736; 48
737; 48
738; 57
739; 57
740; 4
741; 4
742; 13
743; 13
744; 19
745; 35
746; 41
747; 41
748; 50
749; 50
750; 4
751; 4
752; 8
753; 8
754; 18
755; 18
756; 22
757; 39
758; 45
759; 45
760; 54
761; 54
762; 8
763; 8
764; 12
765; 12
766; 22
767; 22
768; 26
769; 44
770; 50
771; 50
772; 59
773; 59
774; 13
775; 13
776; 17
777; 17
778; 27
779; 27
780; 31
781; 48
782; 54
783; 54
784; 3
785; 3
786; 17
787; 17
788; 21
789; 21
790; 31
791; 31
792; 35
793; 53
794; 59
795; 59
796; 8
797; 8
798; 22
799; 22
800; 26
801; 26
802; 36
803; 36
804; 40
805; 58
806; 4
807; 4
808; 13
809; 13
810; 27
811; 27
812; 31
813; 31
814; 41
815; 41
816; 45
817; 2
818; 8
819; 8
820; 17
821; 17
822; 31
823; 31
824; 35
825; 35
826; 45
827; 45
828; 49
829; 7
830; 13
831; 13
832; 22
833; 22
834; 36
835; 36
836; 40
837; 40
838; 50
839; 50
840; 54
841; 11
842; 17
843; 17
844; 26
845; 26
846; 40
847; 40
848; 44
849; 44
850; 54
851; 54
852; 58
853; 16
854; 22
855; 22
856; 31
857; 31
858; 45
859; 45
860; 49
861; 49
862; 59
863; 59
864; 3
865; 21
866; 27
867; 27
868; 36
869; 36
870; 50
871; 50
872; 54
873; 54
874; 4
875; 4
876; 8
877; 25
878; 31
879; 31
880; 40
881; 40
882; 54
883; 54
884; 58
885; 58
886; 8
887; 8
888; 12
889; 30
890; 36
891; 36
892; 45
893; 45
894; 59
895; 59
896; 3
897; 3
898; 13
899; 13
900; 17
901; 56
902; 0
903; 0
904; 10
905; 10
906; 14
907; 14
908; 28
909; 28
910; 37
911; 37
912; 43
913; 0
914; 4
915; 4
916; 14
917; 14
918; 18
919; 18
920; 32
921; 32
922; 41
923; 41
924; 47
925; 5
926; 9
927; 9
928; 19
929; 19
930; 23
931; 23
932; 37
933; 37
934; 46
935; 46
936; 52
937; 9
938; 13
939; 13
940; 23
941; 23
942; 27
943; 27
944; 41
945; 41
946; 50
947; 50
948; 56
949; 14
950; 18
951; 18
952; 28
953; 28
954; 32
955; 32
956; 46
957; 46
958; 55
959; 55
960; 1
961; 19
962; 23
963; 23
964; 33
965; 33
966; 37
967; 37
968; 51
969; 51
970; 0
971; 0
972; 6
973; 23
974; 27
975; 27
976; 37
977; 37
978; 41
979; 41
980; 55
981; 55
982; 4
983; 4
984; 10
985; 28
986; 32
987; 32
988; 42
989; 42
990; 46
991; 46
992; 0
993; 0
994; 9
995; 9
996; 15
997; 32
998; 36
999; 36
1000; 46
1001; 46
1002; 50
1003; 50
1004; 4
1005; 4
1006; 13
1007; 13
1008; 19
1009; 37
1010; 41
1011; 41
1012; 51
1013; 51
1014; 55
1015; 55
1016; 9
1017; 9
1018; 18
1019; 18
1020; 24
1021; 42
1022; 46
1023; 46
1024; 56
1025; 56
1026; 0
1027; 0
1028; 14
1029; 14
1030; 23
1031; 23
1032; 29
1033; 46
1034; 50
1035; 50
1036; 0
1037; 0
1038; 4
1039; 4
1040; 18
1041; 18
1042; 27
1043; 27
1044; 33
1045; 51
1046; 55
1047; 55
1048; 5
1049; 5
1050; 9
1051; 9
1052; 23
1053; 23
1054; 32
1055; 32
1056; 38
1057; 39
1058; 50
1059; 50
1060; 53
1061; 53
1062; 2
1063; 2
1064; 11
1065; 11
1066; 17
1067; 17
1068; 19
1069; 43
1070; 54
1071; 54
1072; 57
1073; 57
1074; 6
1075; 6
1076; 15
1077; 15
1078; 21
1079; 21
1080; 23
1081; 48
1082; 59
1083; 59
1084; 2
1085; 2
1086; 11
1087; 11
1088; 20
1089; 20
1090; 26
1091; 26
1092; 28
1093; 52
1094; 3
1095; 3
1096; 6
1097; 6
1098; 15
1099; 15
1100; 24
1101; 24
1102; 30
1103; 30
1104; 32
1105; 57
1106; 8
1107; 8
1108; 11
1109; 11
1110; 20
1111; 20
1112; 29
1113; 29
1114; 35
1115; 35
1116; 37
1117; 2
1118; 13
1119; 13
1120; 16
1121; 16
1122; 25
1123; 25
1124; 34
1125; 34
1126; 40
1127; 40
1128; 42
1129; 6
1130; 17
1131; 17
1132; 20
1133; 20
1134; 29
1135; 29
1136; 38
1137; 38
1138; 44
1139; 44
1140; 46
1141; 11
1142; 22
1143; 22
1144; 25
1145; 25
1146; 34
1147; 34
1148; 43
1149; 43
1150; 49
1151; 49
1152; 51
1153; 15
1154; 26
1155; 26
1156; 29
1157; 29
1158; 38
1159; 38
1160; 47
1161; 47
1162; 53
1163; 53
1164; 55
1165; 20
1166; 31
1167; 31
1168; 34
1169; 34
1170; 43
1171; 43
1172; 52
1173; 52
1174; 58
1175; 58
1176; 0
1177; 25
1178; 36
1179; 36
1180; 39
1181; 39
1182; 48
1183; 48
1184; 57
1185; 57
1186; 3
1187; 3
1188; 5
1189; 29
1190; 40
1191; 40
1192; 43
1193; 43
1194; 52
1195; 52
1196; 1
1197; 1
1198; 7
1199; 7
1200; 9
1201; 34
1202; 45
1203; 45
1204; 48
1205; 48
1206; 57
1207; 57
1208; 6
1209; 6
1210; 12
1211; 12
1212; 14
1213; 30
1214; 32
1215; 32
1216; 38
1217; 38
1218; 47
1219; 47
1220; 56
1221; 56
1222; 59
1223; 59
1224; 10
1225; 34
1226; 36
1227; 36
1228; 42
1229; 42
1230; 51
1231; 51
1232; 0
1233; 0
1234; 3
1235; 3
1236; 14
1237; 39
1238; 41
1239; 41
1240; 47
1241; 47
1242; 56
1243; 56
1244; 5
1245; 5
1246; 8
1247; 8
1248; 19
1249; 43
1250; 45
1251; 45
1252; 51
1253; 51
1254; 0
1255; 0
1256; 9
1257; 9
1258; 12
1259; 12
1260; 23
1261; 48
1262; 50
1263; 50
1264; 56
1265; 56
1266; 5
1267; 5
1268; 14
1269; 14
1270; 17
1271; 17
1272; 28
1273; 53
1274; 55
1275; 55
1276; 1
1277; 1
1278; 10
1279; 10
1280; 19
1281; 19
1282; 22
1283; 22
1284; 33
1285; 57
1286; 59
1287; 59
1288; 5
1289; 5
1290; 14
1291; 14
1292; 23
1293; 23
1294; 26
1295; 26
1296; 37
1297; 2
1298; 4
1299; 4
1300; 10
1301; 10
1302; 19
1303; 19
1304; 28
1305; 28
1306; 31
1307; 31
1308; 42
1309; 6
1310; 8
1311; 8
1312; 14
1313; 14
1314; 23
1315; 23
1316; 32
1317; 32
1318; 35
1319; 35
1320; 46
1321; 11
1322; 13
1323; 13
1324; 19
1325; 19
1326; 28
1327; 28
1328; 37
1329; 37
1330; 40
1331; 40
1332; 51
1333; 16
1334; 18
1335; 18
1336; 24
1337; 24
1338; 33
1339; 33
1340; 42
1341; 42
1342; 45
1343; 45
1344; 56
1345; 20
1346; 22
1347; 22
1348; 28
1349; 28
1350; 37
1351; 37
1352; 46
1353; 46
1354; 49
1355; 49
1356; 0
1357; 25
1358; 27
1359; 27
1360; 33
1361; 33
1362; 42
1363; 42
1364; 51
1365; 51
1366; 54
1367; 54
1368; 5
1369; 0
1370; 17
1371; 17
1372; 27
1373; 27
1374; 36
1375; 36
1376; 38
1377; 38
1378; 42
1379; 30
1380; 47
1381; 47
1382; 57
1383; 57
1384; 6
1385; 6
1386; 8
1387; 8
1388; 12
1389; 0
1390; 4
1391; 4
1392; 6
1393; 6
1394; 15
1395; 15
1396; 25
1397; 25
1398; 42
1399; 30
1400; 34
1401; 34
1402; 36
1403; 36
1404; 45
1405; 45
1406; 55
1407; 55
1408; 12
1409; 52
1410; 1
1411; 1
1412; 7
1413; 7
1414; 9
1415; 9
1416; 11
1417; 11
1418; 14
1419; 56
1420; 5
1421; 5
1422; 11
1423; 11
1424; 13
1425; 13
1426; 15
1427; 15
1428; 18
1429; 1
1430; 10
1431; 10
1432; 16
1433; 16
1434; 18
1435; 18
1436; 20
1437; 20
1438; 23
1439; 5
1440; 14
1441; 14
1442; 20
1443; 20
1444; 22
1445; 22
1446; 24
1447; 24
1448; 27
1449; 10
1450; 19
1451; 19
1452; 25
1453; 25
1454; 27
1455; 27
1456; 29
1457; 29
1458; 32
1459; 15
1460; 24
1461; 24
1462; 30
1463; 30
1464; 32
1465; 32
1466; 34
1467; 34
1468; 37
1469; 19
1470; 28
1471; 28
1472; 34
1473; 34
1474; 36
1475; 36
1476; 38
1477; 38
1478; 41
1479; 24
1480; 33
1481; 33
1482; 39
1483; 39
1484; 41
1485; 41
1486; 43
1487; 43
1488; 46
1489; 28
1490; 37
1491; 37
1492; 43
1493; 43
1494; 45
1495; 45
1496; 47
1497; 47
1498; 50
1499; 33
1500; 42
1501; 42
1502; 48
1503; 48
1504; 50
1505; 50
1506; 52
1507; 52
1508; 55
1509; 38
1510; 47
1511; 47
1512; 53
1513; 53
1514; 55
1515; 55
1516; 57
1517; 57
1518; 0
1519; 42
1520; 51
1521; 51
1522; 57
1523; 57
1524; 59
1525; 59
1526; 1
1527; 1
1528; 4
1529; 47
1530; 56
1531; 56
1532; 2
1533; 2
1534; 4
1535; 4
1536; 6
1537; 6
1538; 9
1539; 46
1540; 49
1541; 49
1542; 51
1543; 51
1544; 53
1545; 53
1546; 59
1547; 59
1548; 8
1549; 50
1550; 53
1551; 53
1552; 55
1553; 55
1554; 57
1555; 57
1556; 3
1557; 3
1558; 12
1559; 55
1560; 58
1561; 58
1562; 0
1563; 0
1564; 2
1565; 2
1566; 8
1567; 8
1568; 17
1569; 59
1570; 2
1571; 2
1572; 4
1573; 4
1574; 6
1575; 6
1576; 12
1577; 12
1578; 21
1579; 4
1580; 7
1581; 7
1582; 9
1583; 9
1584; 11
1585; 11
1586; 17
1587; 17
1588; 26
1589; 9
1590; 12
1591; 12
1592; 14
1593; 14
1594; 16
1595; 16
1596; 22
1597; 22
1598; 31
1599; 13
1600; 16
1601; 16
1602; 18
1603; 18
1604; 20
1605; 20
1606; 26
1607; 26
1608; 35
1609; 18
1610; 21
1611; 21
1612; 23
1613; 23
1614; 25
1615; 25
1616; 31
1617; 31
1618; 40
1619; 22
1620; 25
1621; 25
1622; 27
1623; 27
1624; 29
1625; 29
1626; 35
1627; 35
1628; 44
1629; 27
1630; 30
1631; 30
1632; 32
1633; 32
1634; 34
1635; 34
1636; 40
1637; 40
1638; 49
1639; 32
1640; 35
1641; 35
1642; 37
1643; 37
1644; 39
1645; 39
1646; 45
1647; 45
1648; 54
1649; 36
1650; 39
1651; 39
1652; 41
1653; 41
1654; 43
1655; 43
1656; 49
1657; 49
1658; 58
1659; 41
1660; 44
1661; 44
1662; 46
1663; 46
1664; 48
1665; 48
1666; 54
1667; 54
1668; 3
1669; 0
1670; 6
1671; 6
1672; 12
1673; 12
1674; 26
1675; 26
1676; 29
1677; 29
1678; 36
1679; 4
1680; 10
1681; 10
1682; 16
1683; 16
1684; 30
1685; 30
1686; 33
1687; 33
1688; 40
1689; 9
1690; 15
1691; 15
1692; 21
1693; 21
1694; 35
1695; 35
1696; 38
1697; 38
1698; 45
1699; 13
1700; 19
1701; 19
1702; 25
1703; 25
1704; 39
1705; 39
1706; 42
1707; 42
1708; 49
1709; 18
1710; 24
1711; 24
1712; 30
1713; 30
1714; 44
1715; 44
1716; 47
1717; 47
1718; 54
1719; 23
1720; 29
1721; 29
1722; 35
1723; 35
1724; 49
1725; 49
1726; 52
1727; 52
1728; 59
1729; 27
1730; 33
1731; 33
1732; 39
1733; 39
1734; 53
1735; 53
1736; 56
1737; 56
1738; 3
1739; 32
1740; 38
1741; 38
1742; 44
1743; 44
1744; 58
1745; 58
1746; 1
1747; 1
1748; 8
1749; 36
1750; 42
1751; 42
1752; 48
1753; 48
1754; 2
1755; 2
1756; 5
1757; 5
1758; 12
1759; 41
1760; 47
1761; 47
1762; 53
1763; 53
1764; 7
1765; 7
1766; 10
1767; 10
1768; 17
1769; 46
1770; 52
1771; 52
1772; 58
1773; 58
1774; 12
1775; 12
1776; 15
1777; 15
1778; 22
1779; 50
1780; 56
1781; 56
1782; 2
1783; 2
1784; 16
1785; 16
1786; 19
1787; 19
1788; 26
1789; 55
1790; 1
1791; 1
1792; 7
1793; 7
1794; 21
1795; 21
1796; 24
1797; 24
1798; 31
1799; 0
1800; 7
1801; 7
1802; 10
1803; 10
1804; 24
1805; 24
1806; 30
1807; 30
1808; 36
1809; 4
1810; 11
1811; 11
1812; 14
1813; 14
1814; 28
1815; 28
1816; 34
1817; 34
1818; 40
1819; 9
1820; 16
1821; 16
1822; 19
1823; 19
1824; 33
1825; 33
1826; 39
1827; 39
1828; 45
1829; 13
1830; 20
1831; 20
1832; 23
1833; 23
1834; 37
1835; 37
1836; 43
1837; 43
1838; 49
1839; 18
1840; 25
1841; 25
1842; 28
1843; 28
1844; 42
1845; 42
1846; 48
1847; 48
1848; 54
1849; 23
1850; 30
1851; 30
1852; 33
1853; 33
1854; 47
1855; 47
1856; 53
1857; 53
1858; 59
1859; 27
1860; 34
1861; 34
1862; 37
1863; 37
1864; 51
1865; 51
1866; 57
1867; 57
1868; 3
1869; 32
1870; 39
1871; 39
1872; 42
1873; 42
1874; 56
1875; 56
1876; 2
1877; 2
1878; 8
1879; 36
1880; 43
1881; 43
1882; 46
1883; 46
1884; 0
1885; 0
1886; 6
1887; 6
1888; 12
1889; 41
1890; 48
1891; 48
1892; 51
1893; 51
1894; 5
1895; 5
1896; 11
1897; 11
1898; 17
1899; 46
1900; 53
1901; 53
1902; 56
1903; 56
1904; 10
1905; 10
1906; 16
1907; 16
1908; 22
1909; 50
1910; 57
1911; 57
1912; 0
1913; 0
1914; 14
1915; 14
1916; 20
1917; 20
1918; 26
1919; 55
1920; 2
1921; 2
1922; 5
1923; 5
1924; 19
1925; 19
1926; 25
1927; 25
1928; 31
1929; 0
1930; 4
1931; 4
1932; 14
1933; 14
1934; 18
1935; 18
1936; 21
1937; 21
1938; 28
1939; 30
1940; 34
1941; 34
1942; 44
1943; 44
1944; 48
1945; 48
1946; 51
1947; 51
1948; 58
1949; 0
1950; 7
1951; 7
1952; 10
1953; 10
1954; 14
1955; 14
1956; 24
1957; 24
1958; 28
1959; 30
1960; 37
1961; 37
1962; 40
1963; 40
1964; 44
1965; 44
1966; 54
1967; 54
1968; 58
1969; 0
1970; 3
1971; 3
1972; 9
1973; 9
1974; 19
1975; 19
1976; 22
1977; 30
1978; 33
1979; 33
1980; 39
1981; 39
1982; 49
1983; 49
1984; 52
1985; 0
1986; 3
1987; 3
1988; 13
1989; 13
1990; 19
1991; 19
1992; 22
1993; 30
1994; 33
1995; 33
1996; 43
1997; 43
1998; 49
1999; 49
2000; 52
2001; 0
2002; 6
2003; 6
2004; 15
2005; 15
2006; 29
2007; 29
2008; 33
2009; 30
2010; 36
2011; 36
2012; 45
2013; 45
2014; 59
2015; 59
2016; 3
2017; 0
2018; 4
2019; 4
2020; 18
2021; 18
2022; 27
2023; 27
2024; 33
2025; 30
2026; 34
2027; 34
2028; 48
2029; 48
2030; 57
2031; 57
2032; 3
2033; 55
2034; 2
2035; 2
2036; 6
2037; 6
2038; 30
2039; 30
2040; 33
2041; 25
2042; 32
2043; 32
2044; 36
2045; 36
2046; 0
2047; 0
2048; 3
2049; 9
2050; 12
2051; 12
2052; 36
2053; 36
2054; 40
2055; 40
2056; 47
2057; 39
2058; 42
2059; 42
2060; 6
2061; 6
2062; 10
2063; 10
2064; 17
2065; 0
2066; 2
2067; 2
2068; 3
2069; 3
2070; 11
2071; 11
2072; 15
2073; 15
2074; 25
2075; 25
2076; 29
2077; 30
2078; 32
2079; 32
2080; 33
2081; 33
2082; 41
2083; 41
2084; 45
2085; 45
2086; 55
2087; 55
2088; 59
2089; 0
2090; 4
2091; 4
2092; 14
2093; 14
2094; 18
2095; 18
2096; 26
2097; 26
2098; 27
2099; 27
2100; 29
2101; 30
2102; 34
2103; 34
2104; 44
2105; 44
2106; 48
2107; 48
2108; 56
2109; 56
2110; 57
2111; 57
2112; 59
2113; 7
2114; 10
2115; 10
2116; 17
2117; 17
2118; 25
2119; 25
2120; 26
2121; 26
2122; 28
2123; 28
2124; 34
2125; 34
2126; 42
2127; 42
2128; 45
2129; 45
2130; 50
2131; 11
2132; 14
2133; 14
2134; 21
2135; 21
2136; 29
2137; 29
2138; 30
2139; 30
2140; 32
2141; 32
2142; 38
2143; 38
2144; 46
2145; 46
2146; 49
2147; 49
2148; 54
2149; 16
2150; 19
2151; 19
2152; 26
2153; 26
2154; 34
2155; 34
2156; 35
2157; 35
2158; 37
2159; 37
2160; 43
2161; 43
2162; 51
2163; 51
2164; 54
2165; 54
2166; 59
2167; 20
2168; 23
2169; 23
2170; 30
2171; 30
2172; 38
2173; 38
2174; 39
2175; 39
2176; 41
2177; 41
2178; 47
2179; 47
2180; 55
2181; 55
2182; 58
2183; 58
2184; 3
2185; 25
2186; 28
2187; 28
2188; 35
2189; 35
2190; 43
2191; 43
2192; 44
2193; 44
2194; 46
2195; 46
2196; 52
2197; 52
2198; 0
2199; 0
2200; 3
2201; 3
2202; 8
2203; 30
2204; 33
2205; 33
2206; 40
2207; 40
2208; 48
2209; 48
2210; 49
2211; 49
2212; 51
2213; 51
2214; 57
2215; 57
2216; 5
2217; 5
2218; 8
2219; 8
2220; 13
2221; 34
2222; 37
2223; 37
2224; 44
2225; 44
2226; 52
2227; 52
2228; 53
2229; 53
2230; 55
2231; 55
2232; 1
2233; 1
2234; 9
2235; 9
2236; 12
2237; 12
2238; 17
2239; 39
2240; 42
2241; 42
2242; 49
2243; 49
2244; 57
2245; 57
2246; 58
2247; 58
2248; 0
2249; 0
2250; 6
2251; 6
2252; 14
2253; 14
2254; 17
2255; 17
2256; 22
2257; 43
2258; 46
2259; 46
2260; 53
2261; 53
2262; 1
2263; 1
2264; 2
2265; 2
2266; 4
2267; 4
2268; 10
2269; 10
2270; 18
2271; 18
2272; 21
2273; 21
2274; 26
2275; 48
2276; 51
2277; 51
2278; 58
2279; 58
2280; 6
2281; 6
2282; 7
2283; 7
2284; 9
2285; 9
2286; 15
2287; 15
2288; 23
2289; 23
2290; 26
2291; 26
2292; 31
2293; 53
2294; 56
2295; 56
2296; 3
2297; 3
2298; 11
2299; 11
2300; 12
2301; 12
2302; 14
2303; 14
2304; 20
2305; 20
2306; 28
2307; 28
2308; 31
2309; 31
2310; 36
2311; 57
2312; 0
2313; 0
2314; 7
2315; 7
2316; 15
2317; 15
2318; 16
2319; 16
2320; 18
2321; 18
2322; 24
2323; 24
2324; 32
2325; 32
2326; 35
2327; 35
2328; 40
2329; 2
2330; 5
2331; 5
2332; 12
2333; 12
2334; 20
2335; 20
2336; 21
2337; 21
2338; 23
2339; 23
2340; 29
2341; 29
2342; 37
2343; 37
2344; 40
2345; 40
2346; 45
2347; 26
2348; 31
2349; 31
2350; 34
2351; 34
2352; 42
2353; 42
2354; 48
2355; 48
2356; 50
2357; 50
2358; 51
2359; 51
2360; 59
2361; 59
2362; 6
2363; 6
2364; 9
2365; 30
2366; 35
2367; 35
2368; 38
2369; 38
2370; 46
2371; 46
2372; 52
2373; 52
2374; 54
2375; 54
2376; 55
2377; 55
2378; 3
2379; 3
2380; 10
2381; 10
2382; 13
2383; 35
2384; 40
2385; 40
2386; 43
2387; 43
2388; 51
2389; 51
2390; 57
2391; 57
2392; 59
2393; 59
2394; 0
2395; 0
2396; 8
2397; 8
2398; 15
2399; 15
2400; 18
2401; 39
2402; 44
2403; 44
2404; 47
2405; 47
2406; 55
2407; 55
2408; 1
2409; 1
2410; 3
2411; 3
2412; 4
2413; 4
2414; 12
2415; 12
2416; 19
2417; 19
2418; 22
2419; 44
2420; 49
2421; 49
2422; 52
2423; 52
2424; 0
2425; 0
2426; 6
2427; 6
2428; 8
2429; 8
2430; 9
2431; 9
2432; 17
2433; 17
2434; 24
2435; 24
2436; 27
2437; 49
2438; 54
2439; 54
2440; 57
2441; 57
2442; 5
2443; 5
2444; 11
2445; 11
2446; 13
2447; 13
2448; 14
2449; 14
2450; 22
2451; 22
2452; 29
2453; 29
2454; 32
2455; 53
2456; 58
2457; 58
2458; 1
2459; 1
2460; 9
2461; 9
2462; 15
2463; 15
2464; 17
2465; 17
2466; 18
2467; 18
2468; 26
2469; 26
2470; 33
2471; 33
2472; 36
2473; 58
2474; 3
2475; 3
2476; 6
2477; 6
2478; 14
2479; 14
2480; 20
2481; 20
2482; 22
2483; 22
2484; 23
2485; 23
2486; 31
2487; 31
2488; 38
2489; 38
2490; 41
2491; 2
2492; 7
2493; 7
2494; 10
2495; 10
2496; 18
2497; 18
2498; 24
2499; 24
2500; 26
2501; 26
2502; 27
2503; 27
2504; 35
2505; 35
2506; 42
2507; 42
2508; 45
2509; 7
2510; 12
2511; 12
2512; 15
2513; 15
2514; 23
2515; 23
2516; 29
2517; 29
2518; 31
2519; 31
2520; 32
2521; 32
2522; 40
2523; 40
2524; 47
2525; 47
2526; 50
2527; 12
2528; 17
2529; 17
2530; 20
2531; 20
2532; 28
2533; 28
2534; 34
2535; 34
2536; 36
2537; 36
2538; 37
2539; 37
2540; 45
2541; 45
2542; 52
2543; 52
2544; 55
2545; 16
2546; 21
2547; 21
2548; 24
2549; 24
2550; 32
2551; 32
2552; 38
2553; 38
2554; 40
2555; 40
2556; 41
2557; 41
2558; 49
2559; 49
2560; 56
2561; 56
2562; 59
2563; 21
2564; 26
2565; 26
2566; 29
2567; 29
2568; 37
2569; 37
2570; 43
2571; 43
2572; 45
2573; 45
2574; 46
2575; 46
2576; 54
2577; 54
2578; 1
2579; 1
2580; 4
2581; 16
2582; 18
2583; 18
2584; 19
2585; 19
2586; 30
2587; 30
2588; 36
2589; 36
2590; 42
2591; 42
2592; 49
2593; 49
2594; 58
2595; 20
2596; 22
2597; 22
2598; 23
2599; 23
2600; 34
2601; 34
2602; 40
2603; 40
2604; 46
2605; 46
2606; 53
2607; 53
2608; 2
2609; 25
2610; 27
2611; 27
2612; 28
2613; 28
2614; 39
2615; 39
2616; 45
2617; 45
2618; 51
2619; 51
2620; 58
2621; 58
2622; 7
2623; 29
2624; 31
2625; 31
2626; 32
2627; 32
2628; 43
2629; 43
2630; 49
2631; 49
2632; 55
2633; 55
2634; 2
2635; 2
2636; 11
2637; 34
2638; 36
2639; 36
2640; 37
2641; 37
2642; 48
2643; 48
2644; 54
2645; 54
2646; 0
2647; 0
2648; 7
2649; 7
2650; 16
2651; 39
2652; 41
2653; 41
2654; 42
2655; 42
2656; 53
2657; 53
2658; 59
2659; 59
2660; 5
2661; 5
2662; 12
2663; 12
2664; 21
2665; 43
2666; 45
2667; 45
2668; 46
2669; 46
2670; 57
2671; 57
2672; 3
2673; 3
2674; 9
2675; 9
2676; 16
2677; 16
2678; 25
2679; 48
2680; 50
2681; 50
2682; 51
2683; 51
2684; 2
2685; 2
2686; 8
2687; 8
2688; 14
2689; 14
2690; 21
2691; 21
2692; 30
2693; 52
2694; 54
2695; 54
2696; 55
2697; 55
2698; 6
2699; 6
2700; 12
2701; 12
2702; 18
2703; 18
2704; 25
2705; 25
2706; 34
2707; 57
2708; 59
2709; 59
2710; 0
2711; 0
2712; 11
2713; 11
2714; 17
2715; 17
2716; 23
2717; 23
2718; 30
2719; 30
2720; 39
2721; 2
2722; 4
2723; 4
2724; 5
2725; 5
2726; 16
2727; 16
2728; 22
2729; 22
2730; 28
2731; 28
2732; 35
2733; 35
2734; 44
2735; 6
2736; 8
2737; 8
2738; 9
2739; 9
2740; 20
2741; 20
2742; 26
2743; 26
2744; 32
2745; 32
2746; 39
2747; 39
2748; 48
2749; 11
2750; 13
2751; 13
2752; 14
2753; 14
2754; 25
2755; 25
2756; 31
2757; 31
2758; 37
2759; 37
2760; 44
2761; 44
2762; 53
2763; 17
2764; 26
2765; 26
2766; 33
2767; 33
2768; 39
2769; 39
2770; 45
2771; 45
2772; 56
2773; 56
2774; 57
2775; 57
2776; 59
2777; 21
2778; 30
2779; 30
2780; 37
2781; 37
2782; 43
2783; 43
2784; 49
2785; 49
2786; 0
2787; 0
2788; 1
2789; 1
2790; 3
2791; 26
2792; 35
2793; 35
2794; 42
2795; 42
2796; 48
2797; 48
2798; 54
2799; 54
2800; 5
2801; 5
2802; 6
2803; 6
2804; 8
2805; 30
2806; 39
2807; 39
2808; 46
2809; 46
2810; 52
2811; 52
2812; 58
2813; 58
2814; 9
2815; 9
2816; 10
2817; 10
2818; 12
2819; 35
2820; 44
2821; 44
2822; 51
2823; 51
2824; 57
2825; 57
2826; 3
2827; 3
2828; 14
2829; 14
2830; 15
2831; 15
2832; 17
2833; 40
2834; 49
2835; 49
2836; 56
2837; 56
2838; 2
2839; 2
2840; 8
2841; 8
2842; 19
2843; 19
2844; 20
2845; 20
2846; 22
2847; 44
2848; 53
2849; 53
2850; 0
2851; 0
2852; 6
2853; 6
2854; 12
2855; 12
2856; 23
2857; 23
2858; 24
2859; 24
2860; 26
2861; 49
2862; 58
2863; 58
2864; 5
2865; 5
2866; 11
2867; 11
2868; 17
2869; 17
2870; 28
2871; 28
2872; 29
2873; 29
2874; 31
2875; 53
2876; 2
2877; 2
2878; 9
2879; 9
2880; 15
2881; 15
2882; 21
2883; 21
2884; 32
2885; 32
2886; 33
2887; 33
2888; 35
2889; 58
2890; 7
2891; 7
2892; 14
2893; 14
2894; 20
2895; 20
2896; 26
2897; 26
2898; 37
2899; 37
2900; 38
2901; 38
2902; 40
2903; 3
2904; 12
2905; 12
2906; 19
2907; 19
2908; 25
2909; 25
2910; 31
2911; 31
2912; 42
2913; 42
2914; 43
2915; 43
2916; 45
2917; 7
2918; 16
2919; 16
2920; 23
2921; 23
2922; 29
2923; 29
2924; 35
2925; 35
2926; 46
2927; 46
2928; 47
2929; 47
2930; 49
2931; 12
2932; 21
2933; 21
2934; 28
2935; 28
2936; 34
2937; 34
2938; 40
2939; 40
2940; 51
2941; 51
2942; 52
2943; 52
2944; 54
2945; 26
2946; 35
2947; 35
2948; 38
2949; 38
2950; 44
2951; 44
2952; 54
2953; 30
2954; 39
2955; 39
2956; 42
2957; 42
2958; 48
2959; 48
2960; 58
2961; 35
2962; 44
2963; 44
2964; 47
2965; 47
2966; 53
2967; 53
2968; 3
2969; 39
2970; 48
2971; 48
2972; 51
2973; 51
2974; 57
2975; 57
2976; 7
2977; 44
2978; 53
2979; 53
2980; 56
2981; 56
2982; 2
2983; 2
2984; 12
2985; 49
2986; 58
2987; 58
2988; 1
2989; 1
2990; 7
2991; 7
2992; 17
2993; 53
2994; 2
2995; 2
2996; 5
2997; 5
2998; 11
2999; 11
3000; 21
3001; 58
3002; 7
3003; 7
3004; 10
3005; 10
3006; 16
3007; 16
3008; 26
3009; 2
3010; 11
3011; 11
3012; 14
3013; 14
3014; 20
3015; 20
3016; 30
3017; 7
3018; 16
3019; 16
3020; 19
3021; 19
3022; 25
3023; 25
3024; 35
3025; 12
3026; 21
3027; 21
3028; 24
3029; 24
3030; 30
3031; 30
3032; 40
3033; 16
3034; 25
3035; 25
3036; 28
3037; 28
3038; 34
3039; 34
3040; 44
3041; 21
3042; 30
3043; 30
3044; 33
3045; 33
3046; 39
3047; 39
3048; 49
3049; 18
3050; 28
3051; 28
3052; 34
3053; 34
3054; 37
3055; 37
3056; 46
3057; 22
3058; 32
3059; 32
3060; 38
3061; 38
3062; 41
3063; 41
3064; 50
3065; 27
3066; 37
3067; 37
3068; 43
3069; 43
3070; 46
3071; 46
3072; 55
3073; 31
3074; 41
3075; 41
3076; 47
3077; 47
3078; 50
3079; 50
3080; 59
3081; 36
3082; 46
3083; 46
3084; 52
3085; 52
3086; 55
3087; 55
3088; 4
3089; 41
3090; 51
3091; 51
3092; 57
3093; 57
3094; 0
3095; 0
3096; 9
3097; 45
3098; 55
3099; 55
3100; 1
3101; 1
3102; 4
3103; 4
3104; 13
3105; 50
3106; 0
3107; 0
3108; 6
3109; 6
3110; 9
3111; 9
3112; 18
3113; 54
3114; 4
3115; 4
3116; 10
3117; 10
3118; 13
3119; 13
3120; 22
3121; 59
3122; 9
3123; 9
3124; 15
3125; 15
3126; 18
3127; 18
3128; 27
3129; 4
3130; 14
3131; 14
3132; 20
3133; 20
3134; 23
3135; 23
3136; 32
3137; 8
3138; 18
3139; 18
3140; 24
3141; 24
3142; 27
3143; 27
3144; 36
3145; 13
3146; 23
3147; 23
3148; 29
3149; 29
3150; 32
3151; 32
3152; 41
3153; 55
3154; 2
3155; 2
3156; 6
3157; 6
3158; 8
3159; 8
3160; 10
3161; 10
3162; 12
3163; 12
3164; 16
3165; 16
3166; 19
3167; 19
3168; 23
3169; 23
3170; 27
3171; 59
3172; 6
3173; 6
3174; 10
3175; 10
3176; 12
3177; 12
3178; 14
3179; 14
3180; 16
3181; 16
3182; 20
3183; 20
3184; 23
3185; 23
3186; 27
3187; 27
3188; 31
3189; 4
3190; 11
3191; 11
3192; 15
3193; 15
3194; 17
3195; 17
3196; 19
3197; 19
3198; 21
3199; 21
3200; 25
3201; 25
3202; 28
3203; 28
3204; 32
3205; 32
3206; 36
3207; 8
3208; 15
3209; 15
3210; 19
3211; 19
3212; 21
3213; 21
3214; 23
3215; 23
3216; 25
3217; 25
3218; 29
3219; 29
3220; 32
3221; 32
3222; 36
3223; 36
3224; 40
3225; 13
3226; 20
3227; 20
3228; 24
3229; 24
3230; 26
3231; 26
3232; 28
3233; 28
3234; 30
3235; 30
3236; 34
3237; 34
3238; 37
3239; 37
3240; 41
3241; 41
3242; 45
3243; 18
3244; 25
3245; 25
3246; 29
3247; 29
3248; 31
3249; 31
3250; 33
3251; 33
3252; 35
3253; 35
3254; 39
3255; 39
3256; 42
3257; 42
3258; 46
3259; 46
3260; 50
3261; 22
3262; 29
3263; 29
3264; 33
3265; 33
3266; 35
3267; 35
3268; 37
3269; 37
3270; 39
3271; 39
3272; 43
3273; 43
3274; 46
3275; 46
3276; 50
3277; 50
3278; 54
3279; 27
3280; 34
3281; 34
3282; 38
3283; 38
3284; 40
3285; 40
3286; 42
3287; 42
3288; 44
3289; 44
3290; 48
3291; 48
3292; 51
3293; 51
3294; 55
3295; 55
3296; 59
3297; 31
3298; 38
3299; 38
3300; 42
3301; 42
3302; 44
3303; 44
3304; 46
3305; 46
3306; 48
3307; 48
3308; 52
3309; 52
3310; 55
3311; 55
3312; 59
3313; 59
3314; 3
3315; 36
3316; 43
3317; 43
3318; 47
3319; 47
3320; 49
3321; 49
3322; 51
3323; 51
3324; 53
3325; 53
3326; 57
3327; 57
3328; 0
3329; 0
3330; 4
3331; 4
3332; 8
3333; 41
3334; 48
3335; 48
3336; 52
3337; 52
3338; 54
3339; 54
3340; 56
3341; 56
3342; 58
3343; 58
3344; 2
3345; 2
3346; 5
3347; 5
3348; 9
3349; 9
3350; 13
3351; 45
3352; 52
3353; 52
3354; 56
3355; 56
3356; 58
3357; 58
3358; 0
3359; 0
3360; 2
3361; 2
3362; 6
3363; 6
3364; 9
3365; 9
3366; 13
3367; 13
3368; 17
3369; 50
3370; 57
3371; 57
3372; 1
3373; 1
3374; 3
3375; 3
3376; 5
3377; 5
3378; 7
3379; 7
3380; 11
3381; 11
3382; 14
3383; 14
3384; 18
3385; 18
3386; 22
3387; 36
3388; 40
3389; 40
3390; 44
3391; 44
3392; 47
3393; 47
3394; 51
3395; 51
3396; 53
3397; 53
3398; 55
3399; 55
3400; 57
3401; 57
3402; 1
3403; 1
3404; 8
3405; 40
3406; 44
3407; 44
3408; 48
3409; 48
3410; 51
3411; 51
3412; 55
3413; 55
3414; 57
3415; 57
3416; 59
3417; 59
3418; 1
3419; 1
3420; 5
3421; 5
3422; 12
3423; 45
3424; 49
3425; 49
3426; 53
3427; 53
3428; 56
3429; 56
3430; 0
3431; 0
3432; 2
3433; 2
3434; 4
3435; 4
3436; 6
3437; 6
3438; 10
3439; 10
3440; 17
3441; 49
3442; 53
3443; 53
3444; 57
3445; 57
3446; 0
3447; 0
3448; 4
3449; 4
3450; 6
3451; 6
3452; 8
3453; 8
3454; 10
3455; 10
3456; 14
3457; 14
3458; 21
3459; 54
3460; 58
3461; 58
3462; 2
3463; 2
3464; 5
3465; 5
3466; 9
3467; 9
3468; 11
3469; 11
3470; 13
3471; 13
3472; 15
3473; 15
3474; 19
3475; 19
3476; 26
3477; 59
3478; 3
3479; 3
3480; 7
3481; 7
3482; 10
3483; 10
3484; 14
3485; 14
3486; 16
3487; 16
3488; 18
3489; 18
3490; 20
3491; 20
3492; 24
3493; 24
3494; 31
3495; 3
3496; 7
3497; 7
3498; 11
3499; 11
3500; 14
3501; 14
3502; 18
3503; 18
3504; 20
3505; 20
3506; 22
3507; 22
3508; 24
3509; 24
3510; 28
3511; 28
3512; 35
3513; 8
3514; 12
3515; 12
3516; 16
3517; 16
3518; 19
3519; 19
3520; 23
3521; 23
3522; 25
3523; 25
3524; 27
3525; 27
3526; 29
3527; 29
3528; 33
3529; 33
3530; 40
3531; 12
3532; 16
3533; 16
3534; 20
3535; 20
3536; 23
3537; 23
3538; 27
3539; 27
3540; 29
3541; 29
3542; 31
3543; 31
3544; 33
3545; 33
3546; 37
3547; 37
3548; 44
3549; 17
3550; 21
3551; 21
3552; 25
3553; 25
3554; 28
3555; 28
3556; 32
3557; 32
3558; 34
3559; 34
3560; 36
3561; 36
3562; 38
3563; 38
3564; 42
3565; 42
3566; 49
3567; 22
3568; 26
3569; 26
3570; 30
3571; 30
3572; 33
3573; 33
3574; 37
3575; 37
3576; 39
3577; 39
3578; 41
3579; 41
3580; 43
3581; 43
3582; 47
3583; 47
3584; 54
3585; 26
3586; 30
3587; 30
3588; 34
3589; 34
3590; 37
3591; 37
3592; 41
3593; 41
3594; 43
3595; 43
3596; 45
3597; 45
3598; 47
3599; 47
3600; 51
3601; 51
3602; 58
3603; 31
3604; 35
3605; 35
3606; 39
3607; 39
3608; 42
3609; 42
3610; 46
3611; 46
3612; 48
3613; 48
3614; 50
3615; 50
3616; 52
3617; 52
3618; 56
3619; 56
3620; 3
3621; 32
3622; 35
3623; 35
3624; 48
3625; 48
3626; 53
3627; 53
3628; 55
3629; 55
3630; 5
3631; 42
3632; 45
3633; 45
3634; 58
3635; 58
3636; 3
3637; 3
3638; 5
3639; 5
3640; 15
3641; 52
3642; 55
3643; 55
3644; 8
3645; 8
3646; 13
3647; 13
3648; 15
3649; 15
3650; 25
3651; 2
3652; 5
3653; 5
3654; 18
3655; 18
3656; 23
3657; 23
3658; 25
3659; 25
3660; 35
3661; 12
3662; 15
3663; 15
3664; 28
3665; 28
3666; 33
3667; 33
3668; 35
3669; 35
3670; 45
3671; 22
3672; 25
3673; 25
3674; 38
3675; 38
3676; 43
3677; 43
3678; 45
3679; 45
3680; 55
3681; 30
3682; 40
3683; 40
3684; 42
3685; 42
3686; 47
3687; 47
3688; 0
3689; 0
3690; 3
3691; 40
3692; 50
3693; 50
3694; 52
3695; 52
3696; 57
3697; 57
3698; 10
3699; 10
3700; 13
3701; 50
3702; 0
3703; 0
3704; 2
3705; 2
3706; 7
3707; 7
3708; 20
3709; 20
3710; 23
3711; 0
3712; 10
3713; 10
3714; 12
3715; 12
3716; 17
3717; 17
3718; 30
3719; 30
3720; 33
3721; 10
3722; 20
3723; 20
3724; 22
3725; 22
3726; 27
3727; 27
3728; 40
3729; 40
3730; 43
3731; 20
3732; 30
3733; 30
3734; 32
3735; 32
3736; 37
3737; 37
3738; 50
3739; 50
3740; 53
3741; 27
3742; 30
3743; 30
3744; 34
3745; 34
3746; 37
3747; 37
3748; 39
3749; 39
3750; 41
3751; 41
3752; 43
3753; 43
3754; 46
3755; 46
3756; 48
3757; 48
3758; 50
3759; 50
3760; 53
3761; 53
3762; 55
3763; 55
3764; 56
3765; 37
3766; 40
3767; 40
3768; 44
3769; 44
3770; 47
3771; 47
3772; 49
3773; 49
3774; 51
3775; 51
3776; 53
3777; 53
3778; 56
3779; 56
3780; 58
3781; 58
3782; 0
3783; 0
3784; 3
3785; 3
3786; 5
3787; 5
3788; 6
3789; 47
3790; 50
3791; 50
3792; 54
3793; 54
3794; 57
3795; 57
3796; 59
3797; 59
3798; 1
3799; 1
3800; 3
3801; 3
3802; 6
3803; 6
3804; 8
3805; 8
3806; 10
3807; 10
3808; 13
3809; 13
3810; 15
3811; 15
3812; 16
3813; 57
3814; 0
3815; 0
3816; 4
3817; 4
3818; 7
3819; 7
3820; 9
3821; 9
3822; 11
3823; 11
3824; 13
3825; 13
3826; 16
3827; 16
3828; 18
3829; 18
3830; 20
3831; 20
3832; 23
3833; 23
3834; 25
3835; 25
3836; 26
3837; 7
3838; 10
3839; 10
3840; 14
3841; 14
3842; 17
3843; 17
3844; 19
3845; 19
3846; 21
3847; 21
3848; 23
3849; 23
3850; 26
3851; 26
3852; 28
3853; 28
3854; 30
3855; 30
3856; 33
3857; 33
3858; 35
3859; 35
3860; 36
3861; 17
3862; 20
3863; 20
3864; 24
3865; 24
3866; 27
3867; 27
3868; 29
3869; 29
3870; 31
3871; 31
3872; 33
3873; 33
3874; 36
3875; 36
3876; 38
3877; 38
3878; 40
3879; 40
3880; 43
3881; 43
3882; 45
3883; 45
3884; 46
3885; 1
3886; 2
3887; 2
3888; 4
3889; 4
3890; 7
3891; 7
3892; 9
3893; 9
3894; 11
3895; 11
3896; 14
3897; 14
3898; 16
3899; 16
3900; 18
3901; 18
3902; 20
3903; 20
3904; 23
3905; 23
3906; 27
3907; 27
3908; 30
3909; 11
3910; 12
3911; 12
3912; 14
3913; 14
3914; 17
3915; 17
3916; 19
3917; 19
3918; 21
3919; 21
3920; 24
3921; 24
3922; 26
3923; 26
3924; 28
3925; 28
3926; 30
3927; 30
3928; 33
3929; 33
3930; 37
3931; 37
3932; 40
3933; 21
3934; 22
3935; 22
3936; 24
3937; 24
3938; 27
3939; 27
3940; 29
3941; 29
3942; 31
3943; 31
3944; 34
3945; 34
3946; 36
3947; 36
3948; 38
3949; 38
3950; 40
3951; 40
3952; 43
3953; 43
3954; 47
3955; 47
3956; 50
3957; 31
3958; 32
3959; 32
3960; 34
3961; 34
3962; 37
3963; 37
3964; 39
3965; 39
3966; 41
3967; 41
3968; 44
3969; 44
3970; 46
3971; 46
3972; 48
3973; 48
3974; 50
3975; 50
3976; 53
3977; 53
3978; 57
3979; 57
3980; 0
3981; 41
3982; 42
3983; 42
3984; 44
3985; 44
3986; 47
3987; 47
3988; 49
3989; 49
3990; 51
3991; 51
3992; 54
3993; 54
3994; 56
3995; 56
3996; 58
3997; 58
3998; 0
3999; 0
4000; 3
4001; 3
4002; 7
4003; 7
4004; 10
4005; 51
4006; 52
4007; 52
4008; 54
4009; 54
4010; 57
4011; 57
4012; 59
4013; 59
4014; 1
4015; 1
4016; 4
4017; 4
4018; 6
4019; 6
4020; 8
4021; 8
4022; 10
4023; 10
4024; 13
4025; 13
4026; 17
4027; 17
4028; 20
4029; 16
4030; 19
4031; 19
4032; 26
4033; 26
4034; 36
4035; 36
4036; 39
4037; 26
4038; 29
4039; 29
4040; 36
4041; 36
4042; 46
4043; 46
4044; 49
4045; 36
4046; 39
4047; 39
4048; 46
4049; 46
4050; 56
4051; 56
4052; 59
4053; 46
4054; 49
4055; 49
4056; 56
4057; 56
4058; 6
4059; 6
4060; 9
4061; 56
4062; 59
4063; 59
4064; 6
4065; 6
4066; 16
4067; 16
4068; 19
4069; 6
4070; 9
4071; 9
4072; 16
4073; 16
4074; 26
4075; 26
4076; 29
4077; 53
4078; 56
4079; 56
4080; 6
4081; 6
4082; 13
4083; 13
4084; 16
4085; 3
4086; 6
4087; 6
4088; 16
4089; 16
4090; 23
4091; 23
4092; 26
4093; 13
4094; 16
4095; 16
4096; 26
4097; 26
4098; 33
4099; 33
4100; 36
4101; 23
4102; 26
4103; 26
4104; 36
4105; 36
4106; 43
4107; 43
4108; 46
4109; 33
4110; 36
4111; 36
4112; 46
4113; 46
4114; 53
4115; 53
4116; 56
4117; 43
4118; 46
4119; 46
4120; 56
4121; 56
4122; 3
4123; 3
4124; 6
