# line-id; line-code; direction; stop-order; stop-id; frequency; arrival_time; departure_time; line-repetition
1; 1H; >; 1; 131; 3; 27; 27; 1
1; 1H; >; 2; 130; 3; 29; 29; 1
1; 1H; >; 3; 129; 3; 31; 31; 1
1; 1H; >; 4; 128; 3; 33; 33; 1
1; 1H; >; 5; 127; 3; 35; 35; 1
1; 1H; >; 6; 126; 3; 37; 37; 1
1; 1H; >; 7; 125; 3; 39; 39; 1
1; 1H; >; 8; 124; 3; 41; 41; 1
1; 1H; >; 9; 123; 3; 43; 43; 1
1; 1H; >; 10; 122; 3; 45; 45; 1
1; 1H; >; 11; 1; 3; 47; 47; 1
1; 1H; >; 12; 22; 3; 49; 49; 1
1; 1H; >; 13; 32; 3; 50; 50; 1
1; 1H; >; 1; 131; 3; 47; 47; 2
1; 1H; >; 2; 130; 3; 49; 49; 2
1; 1H; >; 3; 129; 3; 51; 51; 2
1; 1H; >; 4; 128; 3; 53; 53; 2
1; 1H; >; 5; 127; 3; 55; 55; 2
1; 1H; >; 6; 126; 3; 57; 57; 2
1; 1H; >; 7; 125; 3; 59; 59; 2
1; 1H; >; 8; 124; 3; 1; 1; 2
1; 1H; >; 9; 123; 3; 3; 3; 2
1; 1H; >; 10; 122; 3; 5; 5; 2
1; 1H; >; 11; 1; 3; 7; 7; 2
1; 1H; >; 12; 22; 3; 9; 9; 2
1; 1H; >; 13; 32; 3; 10; 10; 2
1; 1H; >; 1; 131; 3; 7; 7; 3
1; 1H; >; 2; 130; 3; 9; 9; 3
1; 1H; >; 3; 129; 3; 11; 11; 3
1; 1H; >; 4; 128; 3; 13; 13; 3
1; 1H; >; 5; 127; 3; 15; 15; 3
1; 1H; >; 6; 126; 3; 17; 17; 3
1; 1H; >; 7; 125; 3; 19; 19; 3
1; 1H; >; 8; 124; 3; 21; 21; 3
1; 1H; >; 9; 123; 3; 23; 23; 3
1; 1H; >; 10; 122; 3; 25; 25; 3
1; 1H; >; 11; 1; 3; 27; 27; 3
1; 1H; >; 12; 22; 3; 29; 29; 3
1; 1H; >; 13; 32; 3; 30; 30; 3
1; 1R; <; 1; 32; 3; 0; 0; 1
1; 1R; <; 2; 22; 3; 1; 1; 1
1; 1R; <; 3; 1; 3; 3; 3; 1
1; 1R; <; 4; 122; 3; 5; 5; 1
1; 1R; <; 5; 123; 3; 7; 7; 1
1; 1R; <; 6; 124; 3; 9; 9; 1
1; 1R; <; 7; 125; 3; 11; 11; 1
1; 1R; <; 8; 126; 3; 13; 13; 1
1; 1R; <; 9; 127; 3; 15; 15; 1
1; 1R; <; 10; 128; 3; 17; 17; 1
1; 1R; <; 11; 129; 3; 19; 19; 1
1; 1R; <; 12; 130; 3; 21; 21; 1
1; 1R; <; 13; 131; 3; 23; 23; 1
1; 1R; <; 1; 32; 3; 20; 20; 2
1; 1R; <; 2; 22; 3; 21; 21; 2
1; 1R; <; 3; 1; 3; 23; 23; 2
1; 1R; <; 4; 122; 3; 25; 25; 2
1; 1R; <; 5; 123; 3; 27; 27; 2
1; 1R; <; 6; 124; 3; 29; 29; 2
1; 1R; <; 7; 125; 3; 31; 31; 2
1; 1R; <; 8; 126; 3; 33; 33; 2
1; 1R; <; 9; 127; 3; 35; 35; 2
1; 1R; <; 10; 128; 3; 37; 37; 2
1; 1R; <; 11; 129; 3; 39; 39; 2
1; 1R; <; 12; 130; 3; 41; 41; 2
1; 1R; <; 13; 131; 3; 43; 43; 2
1; 1R; <; 1; 32; 3; 40; 40; 3
1; 1R; <; 2; 22; 3; 41; 41; 3
1; 1R; <; 3; 1; 3; 43; 43; 3
1; 1R; <; 4; 122; 3; 45; 45; 3
1; 1R; <; 5; 123; 3; 47; 47; 3
1; 1R; <; 6; 124; 3; 49; 49; 3
1; 1R; <; 7; 125; 3; 51; 51; 3
1; 1R; <; 8; 126; 3; 53; 53; 3
1; 1R; <; 9; 127; 3; 55; 55; 3
1; 1R; <; 10; 128; 3; 57; 57; 3
1; 1R; <; 11; 129; 3; 59; 59; 3
1; 1R; <; 12; 130; 3; 1; 1; 3
1; 1R; <; 13; 131; 3; 3; 3; 3
3; 3H; >; 1; 161; 3; 0; 0; 1
3; 3H; >; 2; 160; 3; 2; 2; 1
3; 3H; >; 3; 159; 3; 4; 4; 1
3; 3H; >; 4; 158; 3; 6; 6; 1
3; 3H; >; 5; 157; 3; 8; 8; 1
3; 3H; >; 6; 156; 3; 10; 10; 1
3; 3H; >; 7; 155; 3; 12; 12; 1
3; 3H; >; 8; 154; 3; 14; 14; 1
3; 3H; >; 9; 153; 3; 16; 16; 1
3; 3H; >; 10; 152; 3; 18; 18; 1
3; 3H; >; 11; 1; 3; 20; 20; 1
3; 3H; >; 12; 92; 3; 22; 22; 1
3; 3H; >; 1; 161; 3; 20; 20; 2
3; 3H; >; 2; 160; 3; 22; 22; 2
3; 3H; >; 3; 159; 3; 24; 24; 2
3; 3H; >; 4; 158; 3; 26; 26; 2
3; 3H; >; 5; 157; 3; 28; 28; 2
3; 3H; >; 6; 156; 3; 30; 30; 2
3; 3H; >; 7; 155; 3; 32; 32; 2
3; 3H; >; 8; 154; 3; 34; 34; 2
3; 3H; >; 9; 153; 3; 36; 36; 2
3; 3H; >; 10; 152; 3; 38; 38; 2
3; 3H; >; 11; 1; 3; 40; 40; 2
3; 3H; >; 12; 92; 3; 42; 42; 2
3; 3H; >; 1; 161; 3; 40; 40; 3
3; 3H; >; 2; 160; 3; 42; 42; 3
3; 3H; >; 3; 159; 3; 44; 44; 3
3; 3H; >; 4; 158; 3; 46; 46; 3
3; 3H; >; 5; 157; 3; 48; 48; 3
3; 3H; >; 6; 156; 3; 50; 50; 3
3; 3H; >; 7; 155; 3; 52; 52; 3
3; 3H; >; 8; 154; 3; 54; 54; 3
3; 3H; >; 9; 153; 3; 56; 56; 3
3; 3H; >; 10; 152; 3; 58; 58; 3
3; 3H; >; 11; 1; 3; 0; 0; 3
3; 3H; >; 12; 92; 3; 2; 2; 3
3; 3R; <; 1; 92; 3; 0; 0; 1
3; 3R; <; 2; 1; 3; 2; 2; 1
3; 3R; <; 3; 152; 3; 4; 4; 1
3; 3R; <; 4; 153; 3; 6; 6; 1
3; 3R; <; 5; 154; 3; 8; 8; 1
3; 3R; <; 6; 155; 3; 10; 10; 1
3; 3R; <; 7; 156; 3; 12; 12; 1
3; 3R; <; 8; 157; 3; 14; 14; 1
3; 3R; <; 9; 158; 3; 16; 16; 1
3; 3R; <; 10; 159; 3; 18; 18; 1
3; 3R; <; 11; 160; 3; 20; 20; 1
3; 3R; <; 12; 161; 3; 22; 22; 1
3; 3R; <; 1; 92; 3; 20; 20; 2
3; 3R; <; 2; 1; 3; 22; 22; 2
3; 3R; <; 3; 152; 3; 24; 24; 2
3; 3R; <; 4; 153; 3; 26; 26; 2
3; 3R; <; 5; 154; 3; 28; 28; 2
3; 3R; <; 6; 155; 3; 30; 30; 2
3; 3R; <; 7; 156; 3; 32; 32; 2
3; 3R; <; 8; 157; 3; 34; 34; 2
3; 3R; <; 9; 158; 3; 36; 36; 2
3; 3R; <; 10; 159; 3; 38; 38; 2
3; 3R; <; 11; 160; 3; 40; 40; 2
3; 3R; <; 12; 161; 3; 42; 42; 2
3; 3R; <; 1; 92; 3; 40; 40; 3
3; 3R; <; 2; 1; 3; 42; 42; 3
3; 3R; <; 3; 152; 3; 44; 44; 3
3; 3R; <; 4; 153; 3; 46; 46; 3
3; 3R; <; 5; 154; 3; 48; 48; 3
3; 3R; <; 6; 155; 3; 50; 50; 3
3; 3R; <; 7; 156; 3; 52; 52; 3
3; 3R; <; 8; 157; 3; 54; 54; 3
3; 3R; <; 9; 158; 3; 56; 56; 3
3; 3R; <; 10; 159; 3; 58; 58; 3
3; 3R; <; 11; 160; 3; 0; 0; 3
3; 3R; <; 12; 161; 3; 2; 2; 3
4; 4H; >; 1; 151; 3; 29; 29; 1
4; 4H; >; 2; 150; 3; 31; 31; 1
4; 4H; >; 3; 149; 3; 33; 33; 1
4; 4H; >; 4; 148; 3; 35; 35; 1
4; 4H; >; 5; 147; 3; 37; 37; 1
4; 4H; >; 6; 146; 3; 39; 39; 1
4; 4H; >; 7; 145; 3; 41; 41; 1
4; 4H; >; 8; 144; 3; 43; 43; 1
4; 4H; >; 9; 143; 3; 45; 45; 1
4; 4H; >; 10; 142; 3; 47; 47; 1
4; 4H; >; 11; 1; 3; 49; 49; 1
4; 4H; >; 12; 92; 3; 51; 51; 1
4; 4H; >; 1; 151; 3; 49; 49; 2
4; 4H; >; 2; 150; 3; 51; 51; 2
4; 4H; >; 3; 149; 3; 53; 53; 2
4; 4H; >; 4; 148; 3; 55; 55; 2
4; 4H; >; 5; 147; 3; 57; 57; 2
4; 4H; >; 6; 146; 3; 59; 59; 2
4; 4H; >; 7; 145; 3; 1; 1; 2
4; 4H; >; 8; 144; 3; 3; 3; 2
4; 4H; >; 9; 143; 3; 5; 5; 2
4; 4H; >; 10; 142; 3; 7; 7; 2
4; 4H; >; 11; 1; 3; 9; 9; 2
4; 4H; >; 12; 92; 3; 11; 11; 2
4; 4H; >; 1; 151; 3; 9; 9; 3
4; 4H; >; 2; 150; 3; 11; 11; 3
4; 4H; >; 3; 149; 3; 13; 13; 3
4; 4H; >; 4; 148; 3; 15; 15; 3
4; 4H; >; 5; 147; 3; 17; 17; 3
4; 4H; >; 6; 146; 3; 19; 19; 3
4; 4H; >; 7; 145; 3; 21; 21; 3
4; 4H; >; 8; 144; 3; 23; 23; 3
4; 4H; >; 9; 143; 3; 25; 25; 3
4; 4H; >; 10; 142; 3; 27; 27; 3
4; 4H; >; 11; 1; 3; 29; 29; 3
4; 4H; >; 12; 92; 3; 31; 31; 3
4; 4R; <; 1; 92; 3; 0; 0; 1
4; 4R; <; 2; 1; 3; 2; 2; 1
4; 4R; <; 3; 142; 3; 4; 4; 1
4; 4R; <; 4; 143; 3; 6; 6; 1
4; 4R; <; 5; 144; 3; 8; 8; 1
4; 4R; <; 6; 145; 3; 10; 10; 1
4; 4R; <; 7; 146; 3; 12; 12; 1
4; 4R; <; 8; 147; 3; 14; 14; 1
4; 4R; <; 9; 148; 3; 16; 16; 1
4; 4R; <; 10; 149; 3; 18; 18; 1
4; 4R; <; 11; 150; 3; 20; 20; 1
4; 4R; <; 12; 151; 3; 22; 22; 1
4; 4R; <; 1; 92; 3; 20; 20; 2
4; 4R; <; 2; 1; 3; 22; 22; 2
4; 4R; <; 3; 142; 3; 24; 24; 2
4; 4R; <; 4; 143; 3; 26; 26; 2
4; 4R; <; 5; 144; 3; 28; 28; 2
4; 4R; <; 6; 145; 3; 30; 30; 2
4; 4R; <; 7; 146; 3; 32; 32; 2
4; 4R; <; 8; 147; 3; 34; 34; 2
4; 4R; <; 9; 148; 3; 36; 36; 2
4; 4R; <; 10; 149; 3; 38; 38; 2
4; 4R; <; 11; 150; 3; 40; 40; 2
4; 4R; <; 12; 151; 3; 42; 42; 2
4; 4R; <; 1; 92; 3; 40; 40; 3
4; 4R; <; 2; 1; 3; 42; 42; 3
4; 4R; <; 3; 142; 3; 44; 44; 3
4; 4R; <; 4; 143; 3; 46; 46; 3
4; 4R; <; 5; 144; 3; 48; 48; 3
4; 4R; <; 6; 145; 3; 50; 50; 3
4; 4R; <; 7; 146; 3; 52; 52; 3
4; 4R; <; 8; 147; 3; 54; 54; 3
4; 4R; <; 9; 148; 3; 56; 56; 3
4; 4R; <; 10; 149; 3; 58; 58; 3
4; 4R; <; 11; 150; 3; 0; 0; 3
4; 4R; <; 12; 151; 3; 2; 2; 3
6; 6H; >; 1; 140; 6; 44; 44; 1
6; 6H; >; 2; 139; 6; 46; 46; 1
6; 6H; >; 3; 138; 6; 48; 48; 1
6; 6H; >; 4; 137; 6; 50; 50; 1
6; 6H; >; 5; 136; 6; 52; 52; 1
6; 6H; >; 6; 135; 6; 54; 54; 1
6; 6H; >; 7; 134; 6; 56; 56; 1
6; 6H; >; 8; 133; 6; 58; 58; 1
6; 6H; >; 9; 132; 6; 0; 0; 1
6; 6H; >; 10; 1; 6; 2; 2; 1
6; 6H; >; 11; 52; 6; 4; 4; 1
6; 6H; >; 12; 53; 6; 6; 6; 1
6; 6H; >; 1; 140; 6; 54; 54; 2
6; 6H; >; 2; 139; 6; 56; 56; 2
6; 6H; >; 3; 138; 6; 58; 58; 2
6; 6H; >; 4; 137; 6; 0; 0; 2
6; 6H; >; 5; 136; 6; 2; 2; 2
6; 6H; >; 6; 135; 6; 4; 4; 2
6; 6H; >; 7; 134; 6; 6; 6; 2
6; 6H; >; 8; 133; 6; 8; 8; 2
6; 6H; >; 9; 132; 6; 10; 10; 2
6; 6H; >; 10; 1; 6; 12; 12; 2
6; 6H; >; 11; 52; 6; 14; 14; 2
6; 6H; >; 12; 53; 6; 16; 16; 2
6; 6H; >; 1; 140; 6; 4; 4; 3
6; 6H; >; 2; 139; 6; 6; 6; 3
6; 6H; >; 3; 138; 6; 8; 8; 3
6; 6H; >; 4; 137; 6; 10; 10; 3
6; 6H; >; 5; 136; 6; 12; 12; 3
6; 6H; >; 6; 135; 6; 14; 14; 3
6; 6H; >; 7; 134; 6; 16; 16; 3
6; 6H; >; 8; 133; 6; 18; 18; 3
6; 6H; >; 9; 132; 6; 20; 20; 3
6; 6H; >; 10; 1; 6; 22; 22; 3
6; 6H; >; 11; 52; 6; 24; 24; 3
6; 6H; >; 12; 53; 6; 26; 26; 3
6; 6H; >; 1; 140; 6; 14; 14; 4
6; 6H; >; 2; 139; 6; 16; 16; 4
6; 6H; >; 3; 138; 6; 18; 18; 4
6; 6H; >; 4; 137; 6; 20; 20; 4
6; 6H; >; 5; 136; 6; 22; 22; 4
6; 6H; >; 6; 135; 6; 24; 24; 4
6; 6H; >; 7; 134; 6; 26; 26; 4
6; 6H; >; 8; 133; 6; 28; 28; 4
6; 6H; >; 9; 132; 6; 30; 30; 4
6; 6H; >; 10; 1; 6; 32; 32; 4
6; 6H; >; 11; 52; 6; 34; 34; 4
6; 6H; >; 12; 53; 6; 36; 36; 4
6; 6H; >; 1; 140; 6; 24; 24; 5
6; 6H; >; 2; 139; 6; 26; 26; 5
6; 6H; >; 3; 138; 6; 28; 28; 5
6; 6H; >; 4; 137; 6; 30; 30; 5
6; 6H; >; 5; 136; 6; 32; 32; 5
6; 6H; >; 6; 135; 6; 34; 34; 5
6; 6H; >; 7; 134; 6; 36; 36; 5
6; 6H; >; 8; 133; 6; 38; 38; 5
6; 6H; >; 9; 132; 6; 40; 40; 5
6; 6H; >; 10; 1; 6; 42; 42; 5
6; 6H; >; 11; 52; 6; 44; 44; 5
6; 6H; >; 12; 53; 6; 46; 46; 5
6; 6H; >; 1; 140; 6; 34; 34; 6
6; 6H; >; 2; 139; 6; 36; 36; 6
6; 6H; >; 3; 138; 6; 38; 38; 6
6; 6H; >; 4; 137; 6; 40; 40; 6
6; 6H; >; 5; 136; 6; 42; 42; 6
6; 6H; >; 6; 135; 6; 44; 44; 6
6; 6H; >; 7; 134; 6; 46; 46; 6
6; 6H; >; 8; 133; 6; 48; 48; 6
6; 6H; >; 9; 132; 6; 50; 50; 6
6; 6H; >; 10; 1; 6; 52; 52; 6
6; 6H; >; 11; 52; 6; 54; 54; 6
6; 6H; >; 12; 53; 6; 56; 56; 6
6; 6R; <; 1; 53; 6; 0; 0; 1
6; 6R; <; 2; 52; 6; 2; 2; 1
6; 6R; <; 3; 1; 6; 4; 4; 1
6; 6R; <; 4; 132; 6; 6; 6; 1
6; 6R; <; 5; 133; 6; 8; 8; 1
6; 6R; <; 6; 134; 6; 10; 10; 1
6; 6R; <; 7; 135; 6; 12; 12; 1
6; 6R; <; 8; 136; 6; 14; 14; 1
6; 6R; <; 9; 137; 6; 16; 16; 1
6; 6R; <; 10; 138; 6; 18; 18; 1
6; 6R; <; 11; 139; 6; 20; 20; 1
6; 6R; <; 12; 140; 6; 22; 22; 1
6; 6R; <; 1; 53; 6; 10; 10; 2
6; 6R; <; 2; 52; 6; 12; 12; 2
6; 6R; <; 3; 1; 6; 14; 14; 2
6; 6R; <; 4; 132; 6; 16; 16; 2
6; 6R; <; 5; 133; 6; 18; 18; 2
6; 6R; <; 6; 134; 6; 20; 20; 2
6; 6R; <; 7; 135; 6; 22; 22; 2
6; 6R; <; 8; 136; 6; 24; 24; 2
6; 6R; <; 9; 137; 6; 26; 26; 2
6; 6R; <; 10; 138; 6; 28; 28; 2
6; 6R; <; 11; 139; 6; 30; 30; 2
6; 6R; <; 12; 140; 6; 32; 32; 2
6; 6R; <; 1; 53; 6; 20; 20; 3
6; 6R; <; 2; 52; 6; 22; 22; 3
6; 6R; <; 3; 1; 6; 24; 24; 3
6; 6R; <; 4; 132; 6; 26; 26; 3
6; 6R; <; 5; 133; 6; 28; 28; 3
6; 6R; <; 6; 134; 6; 30; 30; 3
6; 6R; <; 7; 135; 6; 32; 32; 3
6; 6R; <; 8; 136; 6; 34; 34; 3
6; 6R; <; 9; 137; 6; 36; 36; 3
6; 6R; <; 10; 138; 6; 38; 38; 3
6; 6R; <; 11; 139; 6; 40; 40; 3
6; 6R; <; 12; 140; 6; 42; 42; 3
6; 6R; <; 1; 53; 6; 30; 30; 4
6; 6R; <; 2; 52; 6; 32; 32; 4
6; 6R; <; 3; 1; 6; 34; 34; 4
6; 6R; <; 4; 132; 6; 36; 36; 4
6; 6R; <; 5; 133; 6; 38; 38; 4
6; 6R; <; 6; 134; 6; 40; 40; 4
6; 6R; <; 7; 135; 6; 42; 42; 4
6; 6R; <; 8; 136; 6; 44; 44; 4
6; 6R; <; 9; 137; 6; 46; 46; 4
6; 6R; <; 10; 138; 6; 48; 48; 4
6; 6R; <; 11; 139; 6; 50; 50; 4
6; 6R; <; 12; 140; 6; 52; 52; 4
6; 6R; <; 1; 53; 6; 40; 40; 5
6; 6R; <; 2; 52; 6; 42; 42; 5
6; 6R; <; 3; 1; 6; 44; 44; 5
6; 6R; <; 4; 132; 6; 46; 46; 5
6; 6R; <; 5; 133; 6; 48; 48; 5
6; 6R; <; 6; 134; 6; 50; 50; 5
6; 6R; <; 7; 135; 6; 52; 52; 5
6; 6R; <; 8; 136; 6; 54; 54; 5
6; 6R; <; 9; 137; 6; 56; 56; 5
6; 6R; <; 10; 138; 6; 58; 58; 5
6; 6R; <; 11; 139; 6; 0; 0; 5
6; 6R; <; 12; 140; 6; 2; 2; 5
6; 6R; <; 1; 53; 6; 50; 50; 6
6; 6R; <; 2; 52; 6; 52; 52; 6
6; 6R; <; 3; 1; 6; 54; 54; 6
6; 6R; <; 4; 132; 6; 56; 56; 6
6; 6R; <; 5; 133; 6; 58; 58; 6
6; 6R; <; 6; 134; 6; 0; 0; 6
6; 6R; <; 7; 135; 6; 2; 2; 6
6; 6R; <; 8; 136; 6; 4; 4; 6
6; 6R; <; 9; 137; 6; 6; 6; 6
6; 6R; <; 10; 138; 6; 8; 8; 6
6; 6R; <; 11; 139; 6; 10; 10; 6
6; 6R; <; 12; 140; 6; 12; 12; 6
13; 13H; >; 1; 92; 6; 3; 3; 1
13; 13H; >; 2; 1; 6; 5; 5; 1
13; 13H; >; 3; 52; 6; 7; 7; 1
13; 13H; >; 4; 53; 6; 9; 9; 1
13; 13H; >; 5; 54; 6; 11; 11; 1
13; 13H; >; 6; 55; 6; 13; 13; 1
13; 13H; >; 7; 56; 6; 15; 15; 1
13; 13H; >; 8; 57; 6; 17; 17; 1
13; 13H; >; 9; 58; 6; 19; 19; 1
13; 13H; >; 10; 59; 6; 21; 21; 1
13; 13H; >; 11; 60; 6; 23; 23; 1
13; 13H; >; 12; 61; 6; 25; 25; 1
13; 13H; >; 1; 92; 6; 13; 13; 2
13; 13H; >; 2; 1; 6; 15; 15; 2
13; 13H; >; 3; 52; 6; 17; 17; 2
13; 13H; >; 4; 53; 6; 19; 19; 2
13; 13H; >; 5; 54; 6; 21; 21; 2
13; 13H; >; 6; 55; 6; 23; 23; 2
13; 13H; >; 7; 56; 6; 25; 25; 2
13; 13H; >; 8; 57; 6; 27; 27; 2
13; 13H; >; 9; 58; 6; 29; 29; 2
13; 13H; >; 10; 59; 6; 31; 31; 2
13; 13H; >; 11; 60; 6; 33; 33; 2
13; 13H; >; 12; 61; 6; 35; 35; 2
13; 13H; >; 1; 92; 6; 23; 23; 3
13; 13H; >; 2; 1; 6; 25; 25; 3
13; 13H; >; 3; 52; 6; 27; 27; 3
13; 13H; >; 4; 53; 6; 29; 29; 3
13; 13H; >; 5; 54; 6; 31; 31; 3
13; 13H; >; 6; 55; 6; 33; 33; 3
13; 13H; >; 7; 56; 6; 35; 35; 3
13; 13H; >; 8; 57; 6; 37; 37; 3
13; 13H; >; 9; 58; 6; 39; 39; 3
13; 13H; >; 10; 59; 6; 41; 41; 3
13; 13H; >; 11; 60; 6; 43; 43; 3
13; 13H; >; 12; 61; 6; 45; 45; 3
13; 13H; >; 1; 92; 6; 33; 33; 4
13; 13H; >; 2; 1; 6; 35; 35; 4
13; 13H; >; 3; 52; 6; 37; 37; 4
13; 13H; >; 4; 53; 6; 39; 39; 4
13; 13H; >; 5; 54; 6; 41; 41; 4
13; 13H; >; 6; 55; 6; 43; 43; 4
13; 13H; >; 7; 56; 6; 45; 45; 4
13; 13H; >; 8; 57; 6; 47; 47; 4
13; 13H; >; 9; 58; 6; 49; 49; 4
13; 13H; >; 10; 59; 6; 51; 51; 4
13; 13H; >; 11; 60; 6; 53; 53; 4
13; 13H; >; 12; 61; 6; 55; 55; 4
13; 13H; >; 1; 92; 6; 43; 43; 5
13; 13H; >; 2; 1; 6; 45; 45; 5
13; 13H; >; 3; 52; 6; 47; 47; 5
13; 13H; >; 4; 53; 6; 49; 49; 5
13; 13H; >; 5; 54; 6; 51; 51; 5
13; 13H; >; 6; 55; 6; 53; 53; 5
13; 13H; >; 7; 56; 6; 55; 55; 5
13; 13H; >; 8; 57; 6; 57; 57; 5
13; 13H; >; 9; 58; 6; 59; 59; 5
13; 13H; >; 10; 59; 6; 1; 1; 5
13; 13H; >; 11; 60; 6; 3; 3; 5
13; 13H; >; 12; 61; 6; 5; 5; 5
13; 13H; >; 1; 92; 6; 53; 53; 6
13; 13H; >; 2; 1; 6; 55; 55; 6
13; 13H; >; 3; 52; 6; 57; 57; 6
13; 13H; >; 4; 53; 6; 59; 59; 6
13; 13H; >; 5; 54; 6; 1; 1; 6
13; 13H; >; 6; 55; 6; 3; 3; 6
13; 13H; >; 7; 56; 6; 5; 5; 6
13; 13H; >; 8; 57; 6; 7; 7; 6
13; 13H; >; 9; 58; 6; 9; 9; 6
13; 13H; >; 10; 59; 6; 11; 11; 6
13; 13H; >; 11; 60; 6; 13; 13; 6
13; 13H; >; 12; 61; 6; 15; 15; 6
13; 13R; <; 1; 61; 6; 42; 42; 1
13; 13R; <; 2; 60; 6; 44; 44; 1
13; 13R; <; 3; 59; 6; 46; 46; 1
13; 13R; <; 4; 58; 6; 48; 48; 1
13; 13R; <; 5; 57; 6; 50; 50; 1
13; 13R; <; 6; 56; 6; 52; 52; 1
13; 13R; <; 7; 55; 6; 54; 54; 1
13; 13R; <; 8; 54; 6; 56; 56; 1
13; 13R; <; 9; 53; 6; 58; 58; 1
13; 13R; <; 10; 52; 6; 0; 0; 1
13; 13R; <; 11; 1; 6; 2; 2; 1
13; 13R; <; 12; 92; 6; 4; 4; 1
13; 13R; <; 1; 61; 6; 52; 52; 2
13; 13R; <; 2; 60; 6; 54; 54; 2
13; 13R; <; 3; 59; 6; 56; 56; 2
13; 13R; <; 4; 58; 6; 58; 58; 2
13; 13R; <; 5; 57; 6; 0; 0; 2
13; 13R; <; 6; 56; 6; 2; 2; 2
13; 13R; <; 7; 55; 6; 4; 4; 2
13; 13R; <; 8; 54; 6; 6; 6; 2
13; 13R; <; 9; 53; 6; 8; 8; 2
13; 13R; <; 10; 52; 6; 10; 10; 2
13; 13R; <; 11; 1; 6; 12; 12; 2
13; 13R; <; 12; 92; 6; 14; 14; 2
13; 13R; <; 1; 61; 6; 2; 2; 3
13; 13R; <; 2; 60; 6; 4; 4; 3
13; 13R; <; 3; 59; 6; 6; 6; 3
13; 13R; <; 4; 58; 6; 8; 8; 3
13; 13R; <; 5; 57; 6; 10; 10; 3
13; 13R; <; 6; 56; 6; 12; 12; 3
13; 13R; <; 7; 55; 6; 14; 14; 3
13; 13R; <; 8; 54; 6; 16; 16; 3
13; 13R; <; 9; 53; 6; 18; 18; 3
13; 13R; <; 10; 52; 6; 20; 20; 3
13; 13R; <; 11; 1; 6; 22; 22; 3
13; 13R; <; 12; 92; 6; 24; 24; 3
13; 13R; <; 1; 61; 6; 12; 12; 4
13; 13R; <; 2; 60; 6; 14; 14; 4
13; 13R; <; 3; 59; 6; 16; 16; 4
13; 13R; <; 4; 58; 6; 18; 18; 4
13; 13R; <; 5; 57; 6; 20; 20; 4
13; 13R; <; 6; 56; 6; 22; 22; 4
13; 13R; <; 7; 55; 6; 24; 24; 4
13; 13R; <; 8; 54; 6; 26; 26; 4
13; 13R; <; 9; 53; 6; 28; 28; 4
13; 13R; <; 10; 52; 6; 30; 30; 4
13; 13R; <; 11; 1; 6; 32; 32; 4
13; 13R; <; 12; 92; 6; 34; 34; 4
13; 13R; <; 1; 61; 6; 22; 22; 5
13; 13R; <; 2; 60; 6; 24; 24; 5
13; 13R; <; 3; 59; 6; 26; 26; 5
13; 13R; <; 4; 58; 6; 28; 28; 5
13; 13R; <; 5; 57; 6; 30; 30; 5
13; 13R; <; 6; 56; 6; 32; 32; 5
13; 13R; <; 7; 55; 6; 34; 34; 5
13; 13R; <; 8; 54; 6; 36; 36; 5
13; 13R; <; 9; 53; 6; 38; 38; 5
13; 13R; <; 10; 52; 6; 40; 40; 5
13; 13R; <; 11; 1; 6; 42; 42; 5
13; 13R; <; 12; 92; 6; 44; 44; 5
13; 13R; <; 1; 61; 6; 32; 32; 6
13; 13R; <; 2; 60; 6; 34; 34; 6
13; 13R; <; 3; 59; 6; 36; 36; 6
13; 13R; <; 4; 58; 6; 38; 38; 6
13; 13R; <; 5; 57; 6; 40; 40; 6
13; 13R; <; 6; 56; 6; 42; 42; 6
13; 13R; <; 7; 55; 6; 44; 44; 6
13; 13R; <; 8; 54; 6; 46; 46; 6
13; 13R; <; 9; 53; 6; 48; 48; 6
13; 13R; <; 10; 52; 6; 50; 50; 6
13; 13R; <; 11; 1; 6; 52; 52; 6
13; 13R; <; 12; 92; 6; 54; 54; 6
14; 14H; >; 1; 92; 3; 57; 57; 1
14; 14H; >; 2; 1; 3; 59; 59; 1
14; 14H; >; 3; 42; 3; 1; 1; 1
14; 14H; >; 4; 43; 3; 3; 3; 1
14; 14H; >; 5; 44; 3; 5; 5; 1
14; 14H; >; 6; 45; 3; 7; 7; 1
14; 14H; >; 7; 46; 3; 9; 9; 1
14; 14H; >; 8; 47; 3; 11; 11; 1
14; 14H; >; 9; 48; 3; 13; 13; 1
14; 14H; >; 10; 49; 3; 15; 15; 1
14; 14H; >; 11; 50; 3; 17; 17; 1
14; 14H; >; 12; 51; 3; 19; 19; 1
14; 14H; >; 1; 92; 3; 17; 17; 2
14; 14H; >; 2; 1; 3; 19; 19; 2
14; 14H; >; 3; 42; 3; 21; 21; 2
14; 14H; >; 4; 43; 3; 23; 23; 2
14; 14H; >; 5; 44; 3; 25; 25; 2
14; 14H; >; 6; 45; 3; 27; 27; 2
14; 14H; >; 7; 46; 3; 29; 29; 2
14; 14H; >; 8; 47; 3; 31; 31; 2
14; 14H; >; 9; 48; 3; 33; 33; 2
14; 14H; >; 10; 49; 3; 35; 35; 2
14; 14H; >; 11; 50; 3; 37; 37; 2
14; 14H; >; 12; 51; 3; 39; 39; 2
14; 14H; >; 1; 92; 3; 37; 37; 3
14; 14H; >; 2; 1; 3; 39; 39; 3
14; 14H; >; 3; 42; 3; 41; 41; 3
14; 14H; >; 4; 43; 3; 43; 43; 3
14; 14H; >; 5; 44; 3; 45; 45; 3
14; 14H; >; 6; 45; 3; 47; 47; 3
14; 14H; >; 7; 46; 3; 49; 49; 3
14; 14H; >; 8; 47; 3; 51; 51; 3
14; 14H; >; 9; 48; 3; 53; 53; 3
14; 14H; >; 10; 49; 3; 55; 55; 3
14; 14H; >; 11; 50; 3; 57; 57; 3
14; 14H; >; 12; 51; 3; 59; 59; 3
14; 14R; <; 1; 51; 3; 0; 0; 1
14; 14R; <; 2; 50; 3; 2; 2; 1
14; 14R; <; 3; 49; 3; 4; 4; 1
14; 14R; <; 4; 48; 3; 6; 6; 1
14; 14R; <; 5; 47; 3; 8; 8; 1
14; 14R; <; 6; 46; 3; 10; 10; 1
14; 14R; <; 7; 45; 3; 12; 12; 1
14; 14R; <; 8; 44; 3; 14; 14; 1
14; 14R; <; 9; 43; 3; 16; 16; 1
14; 14R; <; 10; 42; 3; 18; 18; 1
14; 14R; <; 11; 1; 3; 20; 20; 1
14; 14R; <; 12; 92; 3; 22; 22; 1
14; 14R; <; 1; 51; 3; 20; 20; 2
14; 14R; <; 2; 50; 3; 22; 22; 2
14; 14R; <; 3; 49; 3; 24; 24; 2
14; 14R; <; 4; 48; 3; 26; 26; 2
14; 14R; <; 5; 47; 3; 28; 28; 2
14; 14R; <; 6; 46; 3; 30; 30; 2
14; 14R; <; 7; 45; 3; 32; 32; 2
14; 14R; <; 8; 44; 3; 34; 34; 2
14; 14R; <; 9; 43; 3; 36; 36; 2
14; 14R; <; 10; 42; 3; 38; 38; 2
14; 14R; <; 11; 1; 3; 40; 40; 2
14; 14R; <; 12; 92; 3; 42; 42; 2
14; 14R; <; 1; 51; 3; 40; 40; 3
14; 14R; <; 2; 50; 3; 42; 42; 3
14; 14R; <; 3; 49; 3; 44; 44; 3
14; 14R; <; 4; 48; 3; 46; 46; 3
14; 14R; <; 5; 47; 3; 48; 48; 3
14; 14R; <; 6; 46; 3; 50; 50; 3
14; 14R; <; 7; 45; 3; 52; 52; 3
14; 14R; <; 8; 44; 3; 54; 54; 3
14; 14R; <; 9; 43; 3; 56; 56; 3
14; 14R; <; 10; 42; 3; 58; 58; 3
14; 14R; <; 11; 1; 3; 0; 0; 3
14; 14R; <; 12; 92; 3; 2; 2; 3
15; 15H; >; 1; 92; 3; 43; 43; 1
15; 15H; >; 2; 1; 3; 45; 45; 1
15; 15H; >; 3; 22; 3; 47; 47; 1
15; 15H; >; 4; 23; 3; 49; 49; 1
15; 15H; >; 5; 24; 3; 51; 51; 1
15; 15H; >; 6; 25; 3; 53; 53; 1
15; 15H; >; 7; 26; 3; 55; 55; 1
15; 15H; >; 8; 27; 3; 57; 57; 1
15; 15H; >; 9; 28; 3; 59; 59; 1
15; 15H; >; 10; 29; 3; 1; 1; 1
15; 15H; >; 11; 30; 3; 3; 3; 1
15; 15H; >; 12; 31; 3; 5; 5; 1
15; 15H; >; 1; 92; 3; 3; 3; 2
15; 15H; >; 2; 1; 3; 5; 5; 2
15; 15H; >; 3; 22; 3; 7; 7; 2
15; 15H; >; 4; 23; 3; 9; 9; 2
15; 15H; >; 5; 24; 3; 11; 11; 2
15; 15H; >; 6; 25; 3; 13; 13; 2
15; 15H; >; 7; 26; 3; 15; 15; 2
15; 15H; >; 8; 27; 3; 17; 17; 2
15; 15H; >; 9; 28; 3; 19; 19; 2
15; 15H; >; 10; 29; 3; 21; 21; 2
15; 15H; >; 11; 30; 3; 23; 23; 2
15; 15H; >; 12; 31; 3; 25; 25; 2
15; 15H; >; 1; 92; 3; 23; 23; 3
15; 15H; >; 2; 1; 3; 25; 25; 3
15; 15H; >; 3; 22; 3; 27; 27; 3
15; 15H; >; 4; 23; 3; 29; 29; 3
15; 15H; >; 5; 24; 3; 31; 31; 3
15; 15H; >; 6; 25; 3; 33; 33; 3
15; 15H; >; 7; 26; 3; 35; 35; 3
15; 15H; >; 8; 27; 3; 37; 37; 3
15; 15H; >; 9; 28; 3; 39; 39; 3
15; 15H; >; 10; 29; 3; 41; 41; 3
15; 15H; >; 11; 30; 3; 43; 43; 3
15; 15H; >; 12; 31; 3; 45; 45; 3
15; 15R; <; 1; 31; 3; 16; 16; 1
15; 15R; <; 2; 30; 3; 18; 18; 1
15; 15R; <; 3; 29; 3; 20; 20; 1
15; 15R; <; 4; 28; 3; 22; 22; 1
15; 15R; <; 5; 27; 3; 24; 24; 1
15; 15R; <; 6; 26; 3; 26; 26; 1
15; 15R; <; 7; 25; 3; 28; 28; 1
15; 15R; <; 8; 24; 3; 30; 30; 1
15; 15R; <; 9; 23; 3; 32; 32; 1
15; 15R; <; 10; 22; 3; 34; 34; 1
15; 15R; <; 11; 1; 3; 36; 36; 1
15; 15R; <; 12; 92; 3; 38; 38; 1
15; 15R; <; 1; 31; 3; 36; 36; 2
15; 15R; <; 2; 30; 3; 38; 38; 2
15; 15R; <; 3; 29; 3; 40; 40; 2
15; 15R; <; 4; 28; 3; 42; 42; 2
15; 15R; <; 5; 27; 3; 44; 44; 2
15; 15R; <; 6; 26; 3; 46; 46; 2
15; 15R; <; 7; 25; 3; 48; 48; 2
15; 15R; <; 8; 24; 3; 50; 50; 2
15; 15R; <; 9; 23; 3; 52; 52; 2
15; 15R; <; 10; 22; 3; 54; 54; 2
15; 15R; <; 11; 1; 3; 56; 56; 2
15; 15R; <; 12; 92; 3; 58; 58; 2
15; 15R; <; 1; 31; 3; 56; 56; 3
15; 15R; <; 2; 30; 3; 58; 58; 3
15; 15R; <; 3; 29; 3; 0; 0; 3
15; 15R; <; 4; 28; 3; 2; 2; 3
15; 15R; <; 5; 27; 3; 4; 4; 3
15; 15R; <; 6; 26; 3; 6; 6; 3
15; 15R; <; 7; 25; 3; 8; 8; 3
15; 15R; <; 8; 24; 3; 10; 10; 3
15; 15R; <; 9; 23; 3; 12; 12; 3
15; 15R; <; 10; 22; 3; 14; 14; 3
15; 15R; <; 11; 1; 3; 16; 16; 3
15; 15R; <; 12; 92; 3; 18; 18; 3
17; 17H; >; 1; 92; 3; 0; 0; 1
17; 17H; >; 2; 1; 3; 2; 2; 1
17; 17H; >; 3; 2; 3; 4; 4; 1
17; 17H; >; 4; 3; 3; 6; 6; 1
17; 17H; >; 5; 4; 3; 8; 8; 1
17; 17H; >; 6; 5; 3; 10; 10; 1
17; 17H; >; 7; 6; 3; 12; 12; 1
17; 17H; >; 8; 7; 3; 14; 14; 1
17; 17H; >; 9; 8; 3; 16; 16; 1
17; 17H; >; 10; 9; 3; 18; 18; 1
17; 17H; >; 11; 10; 3; 20; 20; 1
17; 17H; >; 12; 11; 3; 22; 22; 1
17; 17H; >; 1; 92; 3; 20; 20; 2
17; 17H; >; 2; 1; 3; 22; 22; 2
17; 17H; >; 3; 2; 3; 24; 24; 2
17; 17H; >; 4; 3; 3; 26; 26; 2
17; 17H; >; 5; 4; 3; 28; 28; 2
17; 17H; >; 6; 5; 3; 30; 30; 2
17; 17H; >; 7; 6; 3; 32; 32; 2
17; 17H; >; 8; 7; 3; 34; 34; 2
17; 17H; >; 9; 8; 3; 36; 36; 2
17; 17H; >; 10; 9; 3; 38; 38; 2
17; 17H; >; 11; 10; 3; 40; 40; 2
17; 17H; >; 12; 11; 3; 42; 42; 2
17; 17H; >; 1; 92; 3; 40; 40; 3
17; 17H; >; 2; 1; 3; 42; 42; 3
17; 17H; >; 3; 2; 3; 44; 44; 3
17; 17H; >; 4; 3; 3; 46; 46; 3
17; 17H; >; 5; 4; 3; 48; 48; 3
17; 17H; >; 6; 5; 3; 50; 50; 3
17; 17H; >; 7; 6; 3; 52; 52; 3
17; 17H; >; 8; 7; 3; 54; 54; 3
17; 17H; >; 9; 8; 3; 56; 56; 3
17; 17H; >; 10; 9; 3; 58; 58; 3
17; 17H; >; 11; 10; 3; 0; 0; 3
17; 17H; >; 12; 11; 3; 2; 2; 3
17; 17R; <; 1; 11; 3; 15; 15; 1
17; 17R; <; 2; 10; 3; 17; 17; 1
17; 17R; <; 3; 9; 3; 19; 19; 1
17; 17R; <; 4; 8; 3; 21; 21; 1
17; 17R; <; 5; 7; 3; 23; 23; 1
17; 17R; <; 6; 6; 3; 25; 25; 1
17; 17R; <; 7; 5; 3; 27; 27; 1
17; 17R; <; 8; 4; 3; 29; 29; 1
17; 17R; <; 9; 3; 3; 31; 31; 1
17; 17R; <; 10; 2; 3; 33; 33; 1
17; 17R; <; 11; 1; 3; 35; 35; 1
17; 17R; <; 12; 92; 3; 37; 37; 1
17; 17R; <; 1; 11; 3; 35; 35; 2
17; 17R; <; 2; 10; 3; 37; 37; 2
17; 17R; <; 3; 9; 3; 39; 39; 2
17; 17R; <; 4; 8; 3; 41; 41; 2
17; 17R; <; 5; 7; 3; 43; 43; 2
17; 17R; <; 6; 6; 3; 45; 45; 2
17; 17R; <; 7; 5; 3; 47; 47; 2
17; 17R; <; 8; 4; 3; 49; 49; 2
17; 17R; <; 9; 3; 3; 51; 51; 2
17; 17R; <; 10; 2; 3; 53; 53; 2
17; 17R; <; 11; 1; 3; 55; 55; 2
17; 17R; <; 12; 92; 3; 57; 57; 2
17; 17R; <; 1; 11; 3; 55; 55; 3
17; 17R; <; 2; 10; 3; 57; 57; 3
17; 17R; <; 3; 9; 3; 59; 59; 3
17; 17R; <; 4; 8; 3; 1; 1; 3
17; 17R; <; 5; 7; 3; 3; 3; 3
17; 17R; <; 6; 6; 3; 5; 5; 3
17; 17R; <; 7; 5; 3; 7; 7; 3
17; 17R; <; 8; 4; 3; 9; 9; 3
17; 17R; <; 9; 3; 3; 11; 11; 3
17; 17R; <; 10; 2; 3; 13; 13; 3
17; 17R; <; 11; 1; 3; 15; 15; 3
17; 17R; <; 12; 92; 3; 17; 17; 3
19; 19H; >; 1; 92; 1; 0; 0; 1
19; 19H; >; 2; 82; 1; 1; 1; 1
19; 19H; >; 3; 83; 1; 3; 3; 1
19; 19H; >; 4; 84; 1; 5; 5; 1
19; 19H; >; 5; 85; 1; 7; 7; 1
19; 19H; >; 6; 86; 1; 9; 9; 1
19; 19H; >; 7; 87; 1; 11; 11; 1
19; 19H; >; 8; 88; 1; 13; 13; 1
19; 19H; >; 9; 89; 1; 15; 15; 1
19; 19H; >; 10; 90; 1; 17; 17; 1
19; 19H; >; 11; 91; 1; 19; 19; 1
19; 19R; <; 1; 91; 1; 0; 0; 1
19; 19R; <; 2; 90; 1; 2; 2; 1
19; 19R; <; 3; 89; 1; 4; 4; 1
19; 19R; <; 4; 88; 1; 6; 6; 1
19; 19R; <; 5; 87; 1; 8; 8; 1
19; 19R; <; 6; 86; 1; 10; 10; 1
19; 19R; <; 7; 85; 1; 12; 12; 1
19; 19R; <; 8; 84; 1; 14; 14; 1
19; 19R; <; 9; 83; 1; 16; 16; 1
19; 19R; <; 10; 82; 1; 18; 18; 1
19; 19R; <; 11; 92; 1; 19; 19; 1
25; 25H; >; 1; 121; 1; 36; 36; 1
25; 25H; >; 2; 120; 1; 38; 38; 1
25; 25H; >; 3; 119; 1; 40; 40; 1
25; 25H; >; 4; 118; 1; 42; 42; 1
25; 25H; >; 5; 117; 1; 44; 44; 1
25; 25H; >; 6; 116; 1; 46; 46; 1
25; 25H; >; 7; 115; 1; 48; 48; 1
25; 25H; >; 8; 114; 1; 50; 50; 1
25; 25H; >; 9; 113; 1; 52; 52; 1
25; 25H; >; 10; 112; 1; 54; 54; 1
25; 25H; >; 11; 1; 1; 56; 56; 1
25; 25R; <; 1; 1; 1; 0; 0; 1
25; 25R; <; 2; 112; 1; 2; 2; 1
25; 25R; <; 3; 113; 1; 4; 4; 1
25; 25R; <; 4; 114; 1; 6; 6; 1
25; 25R; <; 5; 115; 1; 8; 8; 1
25; 25R; <; 6; 116; 1; 10; 10; 1
25; 25R; <; 7; 117; 1; 12; 12; 1
25; 25R; <; 8; 118; 1; 14; 14; 1
25; 25R; <; 9; 119; 1; 16; 16; 1
25; 25R; <; 10; 120; 1; 18; 18; 1
25; 25R; <; 11; 121; 1; 20; 20; 1
26; 26H; >; 1; 111; 2; 0; 0; 1
26; 26H; >; 2; 110; 2; 2; 2; 1
26; 26H; >; 3; 109; 2; 4; 4; 1
26; 26H; >; 4; 108; 2; 6; 6; 1
26; 26H; >; 5; 107; 2; 8; 8; 1
26; 26H; >; 6; 106; 2; 10; 10; 1
26; 26H; >; 7; 105; 2; 12; 12; 1
26; 26H; >; 8; 104; 2; 14; 14; 1
26; 26H; >; 9; 103; 2; 16; 16; 1
26; 26H; >; 10; 102; 2; 18; 18; 1
26; 26H; >; 11; 1; 2; 20; 20; 1
26; 26H; >; 1; 111; 2; 30; 30; 2
26; 26H; >; 2; 110; 2; 32; 32; 2
26; 26H; >; 3; 109; 2; 34; 34; 2
26; 26H; >; 4; 108; 2; 36; 36; 2
26; 26H; >; 5; 107; 2; 38; 38; 2
26; 26H; >; 6; 106; 2; 40; 40; 2
26; 26H; >; 7; 105; 2; 42; 42; 2
26; 26H; >; 8; 104; 2; 44; 44; 2
26; 26H; >; 9; 103; 2; 46; 46; 2
26; 26H; >; 10; 102; 2; 48; 48; 2
26; 26H; >; 11; 1; 2; 50; 50; 2
26; 26R; <; 1; 1; 2; 0; 0; 1
26; 26R; <; 2; 102; 2; 2; 2; 1
26; 26R; <; 3; 103; 2; 4; 4; 1
26; 26R; <; 4; 104; 2; 6; 6; 1
26; 26R; <; 5; 105; 2; 8; 8; 1
26; 26R; <; 6; 106; 2; 10; 10; 1
26; 26R; <; 7; 107; 2; 12; 12; 1
26; 26R; <; 8; 108; 2; 14; 14; 1
26; 26R; <; 9; 109; 2; 16; 16; 1
26; 26R; <; 10; 110; 2; 18; 18; 1
26; 26R; <; 11; 111; 2; 20; 20; 1
26; 26R; <; 1; 1; 2; 30; 30; 2
26; 26R; <; 2; 102; 2; 32; 32; 2
26; 26R; <; 3; 103; 2; 34; 34; 2
26; 26R; <; 4; 104; 2; 36; 36; 2
26; 26R; <; 5; 105; 2; 38; 38; 2
26; 26R; <; 6; 106; 2; 40; 40; 2
26; 26R; <; 7; 107; 2; 42; 42; 2
26; 26R; <; 8; 108; 2; 44; 44; 2
26; 26R; <; 9; 109; 2; 46; 46; 2
26; 26R; <; 10; 110; 2; 48; 48; 2
26; 26R; <; 11; 111; 2; 50; 50; 2
27; 27H; >; 1; 91; 2; 0; 0; 1
27; 27H; >; 2; 90; 2; 2; 2; 1
27; 27H; >; 3; 89; 2; 4; 4; 1
27; 27H; >; 4; 88; 2; 6; 6; 1
27; 27H; >; 5; 87; 2; 8; 8; 1
27; 27H; >; 6; 86; 2; 10; 10; 1
27; 27H; >; 7; 85; 2; 12; 12; 1
27; 27H; >; 8; 84; 2; 14; 14; 1
27; 27H; >; 9; 83; 2; 16; 16; 1
27; 27H; >; 10; 82; 2; 18; 18; 1
27; 27H; >; 11; 1; 2; 20; 20; 1
27; 27H; >; 1; 91; 2; 30; 30; 2
27; 27H; >; 2; 90; 2; 32; 32; 2
27; 27H; >; 3; 89; 2; 34; 34; 2
27; 27H; >; 4; 88; 2; 36; 36; 2
27; 27H; >; 5; 87; 2; 38; 38; 2
27; 27H; >; 6; 86; 2; 40; 40; 2
27; 27H; >; 7; 85; 2; 42; 42; 2
27; 27H; >; 8; 84; 2; 44; 44; 2
27; 27H; >; 9; 83; 2; 46; 46; 2
27; 27H; >; 10; 82; 2; 48; 48; 2
27; 27H; >; 11; 1; 2; 50; 50; 2
27; 27R; <; 1; 1; 2; 0; 0; 1
27; 27R; <; 2; 82; 2; 2; 2; 1
27; 27R; <; 3; 83; 2; 4; 4; 1
27; 27R; <; 4; 84; 2; 6; 6; 1
27; 27R; <; 5; 85; 2; 8; 8; 1
27; 27R; <; 6; 86; 2; 10; 10; 1
27; 27R; <; 7; 87; 2; 12; 12; 1
27; 27R; <; 8; 88; 2; 14; 14; 1
27; 27R; <; 9; 89; 2; 16; 16; 1
27; 27R; <; 10; 90; 2; 18; 18; 1
27; 27R; <; 11; 91; 2; 20; 20; 1
27; 27R; <; 1; 1; 2; 30; 30; 2
27; 27R; <; 2; 82; 2; 32; 32; 2
27; 27R; <; 3; 83; 2; 34; 34; 2
27; 27R; <; 4; 84; 2; 36; 36; 2
27; 27R; <; 5; 85; 2; 38; 38; 2
27; 27R; <; 6; 86; 2; 40; 40; 2
27; 27R; <; 7; 87; 2; 42; 42; 2
27; 27R; <; 8; 88; 2; 44; 44; 2
27; 27R; <; 9; 89; 2; 46; 46; 2
27; 27R; <; 10; 90; 2; 48; 48; 2
27; 27R; <; 11; 91; 2; 50; 50; 2
28; 28H; >; 1; 81; 4; 49; 49; 1
28; 28H; >; 2; 80; 4; 51; 51; 1
28; 28H; >; 3; 79; 4; 53; 53; 1
28; 28H; >; 4; 78; 4; 55; 55; 1
28; 28H; >; 5; 77; 4; 57; 57; 1
28; 28H; >; 6; 76; 4; 59; 59; 1
28; 28H; >; 7; 75; 4; 1; 1; 1
28; 28H; >; 8; 74; 4; 3; 3; 1
28; 28H; >; 9; 73; 4; 5; 5; 1
28; 28H; >; 10; 72; 4; 7; 7; 1
28; 28H; >; 11; 1; 4; 9; 9; 1
28; 28H; >; 1; 81; 4; 4; 4; 2
28; 28H; >; 2; 80; 4; 6; 6; 2
28; 28H; >; 3; 79; 4; 8; 8; 2
28; 28H; >; 4; 78; 4; 10; 10; 2
28; 28H; >; 5; 77; 4; 12; 12; 2
28; 28H; >; 6; 76; 4; 14; 14; 2
28; 28H; >; 7; 75; 4; 16; 16; 2
28; 28H; >; 8; 74; 4; 18; 18; 2
28; 28H; >; 9; 73; 4; 20; 20; 2
28; 28H; >; 10; 72; 4; 22; 22; 2
28; 28H; >; 11; 1; 4; 24; 24; 2
28; 28H; >; 1; 81; 4; 19; 19; 3
28; 28H; >; 2; 80; 4; 21; 21; 3
28; 28H; >; 3; 79; 4; 23; 23; 3
28; 28H; >; 4; 78; 4; 25; 25; 3
28; 28H; >; 5; 77; 4; 27; 27; 3
28; 28H; >; 6; 76; 4; 29; 29; 3
28; 28H; >; 7; 75; 4; 31; 31; 3
28; 28H; >; 8; 74; 4; 33; 33; 3
28; 28H; >; 9; 73; 4; 35; 35; 3
28; 28H; >; 10; 72; 4; 37; 37; 3
28; 28H; >; 11; 1; 4; 39; 39; 3
28; 28H; >; 1; 81; 4; 34; 34; 4
28; 28H; >; 2; 80; 4; 36; 36; 4
28; 28H; >; 3; 79; 4; 38; 38; 4
28; 28H; >; 4; 78; 4; 40; 40; 4
28; 28H; >; 5; 77; 4; 42; 42; 4
28; 28H; >; 6; 76; 4; 44; 44; 4
28; 28H; >; 7; 75; 4; 46; 46; 4
28; 28H; >; 8; 74; 4; 48; 48; 4
28; 28H; >; 9; 73; 4; 50; 50; 4
28; 28H; >; 10; 72; 4; 52; 52; 4
28; 28H; >; 11; 1; 4; 54; 54; 4
28; 28R; <; 1; 1; 4; 57; 57; 1
28; 28R; <; 2; 72; 4; 59; 59; 1
28; 28R; <; 3; 73; 4; 1; 1; 1
28; 28R; <; 4; 74; 4; 3; 3; 1
28; 28R; <; 5; 75; 4; 5; 5; 1
28; 28R; <; 6; 76; 4; 7; 7; 1
28; 28R; <; 7; 77; 4; 9; 9; 1
28; 28R; <; 8; 78; 4; 11; 11; 1
28; 28R; <; 9; 79; 4; 13; 13; 1
28; 28R; <; 10; 80; 4; 15; 15; 1
28; 28R; <; 11; 81; 4; 17; 17; 1
28; 28R; <; 1; 1; 4; 12; 12; 2
28; 28R; <; 2; 72; 4; 14; 14; 2
28; 28R; <; 3; 73; 4; 16; 16; 2
28; 28R; <; 4; 74; 4; 18; 18; 2
28; 28R; <; 5; 75; 4; 20; 20; 2
28; 28R; <; 6; 76; 4; 22; 22; 2
28; 28R; <; 7; 77; 4; 24; 24; 2
28; 28R; <; 8; 78; 4; 26; 26; 2
28; 28R; <; 9; 79; 4; 28; 28; 2
28; 28R; <; 10; 80; 4; 30; 30; 2
28; 28R; <; 11; 81; 4; 32; 32; 2
28; 28R; <; 1; 1; 4; 27; 27; 3
28; 28R; <; 2; 72; 4; 29; 29; 3
28; 28R; <; 3; 73; 4; 31; 31; 3
28; 28R; <; 4; 74; 4; 33; 33; 3
28; 28R; <; 5; 75; 4; 35; 35; 3
28; 28R; <; 6; 76; 4; 37; 37; 3
28; 28R; <; 7; 77; 4; 39; 39; 3
28; 28R; <; 8; 78; 4; 41; 41; 3
28; 28R; <; 9; 79; 4; 43; 43; 3
28; 28R; <; 10; 80; 4; 45; 45; 3
28; 28R; <; 11; 81; 4; 47; 47; 3
28; 28R; <; 1; 1; 4; 42; 42; 4
28; 28R; <; 2; 72; 4; 44; 44; 4
28; 28R; <; 3; 73; 4; 46; 46; 4
28; 28R; <; 4; 74; 4; 48; 48; 4
28; 28R; <; 5; 75; 4; 50; 50; 4
28; 28R; <; 6; 76; 4; 52; 52; 4
28; 28R; <; 7; 77; 4; 54; 54; 4
28; 28R; <; 8; 78; 4; 56; 56; 4
28; 28R; <; 9; 79; 4; 58; 58; 4
28; 28R; <; 10; 80; 4; 0; 0; 4
28; 28R; <; 11; 81; 4; 2; 2; 4
29; 29H; >; 1; 71; 2; 0; 0; 1
29; 29H; >; 2; 70; 2; 2; 2; 1
29; 29H; >; 3; 69; 2; 4; 4; 1
29; 29H; >; 4; 68; 2; 6; 6; 1
29; 29H; >; 5; 67; 2; 8; 8; 1
29; 29H; >; 6; 66; 2; 10; 10; 1
29; 29H; >; 7; 65; 2; 12; 12; 1
29; 29H; >; 8; 64; 2; 14; 14; 1
29; 29H; >; 9; 63; 2; 16; 16; 1
29; 29H; >; 10; 62; 2; 18; 18; 1
29; 29H; >; 11; 1; 2; 20; 20; 1
29; 29H; >; 1; 71; 2; 30; 30; 2
29; 29H; >; 2; 70; 2; 32; 32; 2
29; 29H; >; 3; 69; 2; 34; 34; 2
29; 29H; >; 4; 68; 2; 36; 36; 2
29; 29H; >; 5; 67; 2; 38; 38; 2
29; 29H; >; 6; 66; 2; 40; 40; 2
29; 29H; >; 7; 65; 2; 42; 42; 2
29; 29H; >; 8; 64; 2; 44; 44; 2
29; 29H; >; 9; 63; 2; 46; 46; 2
29; 29H; >; 10; 62; 2; 48; 48; 2
29; 29H; >; 11; 1; 2; 50; 50; 2
29; 29R; <; 1; 1; 2; 0; 0; 1
29; 29R; <; 2; 62; 2; 2; 2; 1
29; 29R; <; 3; 63; 2; 4; 4; 1
29; 29R; <; 4; 64; 2; 6; 6; 1
29; 29R; <; 5; 65; 2; 8; 8; 1
29; 29R; <; 6; 66; 2; 10; 10; 1
29; 29R; <; 7; 67; 2; 12; 12; 1
29; 29R; <; 8; 68; 2; 14; 14; 1
29; 29R; <; 9; 69; 2; 16; 16; 1
29; 29R; <; 10; 70; 2; 18; 18; 1
29; 29R; <; 11; 71; 2; 20; 20; 1
29; 29R; <; 1; 1; 2; 30; 30; 2
29; 29R; <; 2; 62; 2; 32; 32; 2
29; 29R; <; 3; 63; 2; 34; 34; 2
29; 29R; <; 4; 64; 2; 36; 36; 2
29; 29R; <; 5; 65; 2; 38; 38; 2
29; 29R; <; 6; 66; 2; 40; 40; 2
29; 29R; <; 7; 67; 2; 42; 42; 2
29; 29R; <; 8; 68; 2; 44; 44; 2
29; 29R; <; 9; 69; 2; 46; 46; 2
29; 29R; <; 10; 70; 2; 48; 48; 2
29; 29R; <; 11; 71; 2; 50; 50; 2
30; 30H; >; 1; 61; 6; 0; 0; 1
30; 30H; >; 2; 60; 6; 2; 2; 1
30; 30H; >; 3; 59; 6; 4; 4; 1
30; 30H; >; 4; 58; 6; 6; 6; 1
30; 30H; >; 5; 57; 6; 8; 8; 1
30; 30H; >; 6; 56; 6; 10; 10; 1
30; 30H; >; 7; 55; 6; 12; 12; 1
30; 30H; >; 8; 54; 6; 14; 14; 1
30; 30H; >; 9; 53; 6; 16; 16; 1
30; 30H; >; 10; 52; 6; 18; 18; 1
30; 30H; >; 11; 1; 6; 20; 20; 1
30; 30H; >; 1; 61; 6; 10; 10; 2
30; 30H; >; 2; 60; 6; 12; 12; 2
30; 30H; >; 3; 59; 6; 14; 14; 2
30; 30H; >; 4; 58; 6; 16; 16; 2
30; 30H; >; 5; 57; 6; 18; 18; 2
30; 30H; >; 6; 56; 6; 20; 20; 2
30; 30H; >; 7; 55; 6; 22; 22; 2
30; 30H; >; 8; 54; 6; 24; 24; 2
30; 30H; >; 9; 53; 6; 26; 26; 2
30; 30H; >; 10; 52; 6; 28; 28; 2
30; 30H; >; 11; 1; 6; 30; 30; 2
30; 30H; >; 1; 61; 6; 20; 20; 3
30; 30H; >; 2; 60; 6; 22; 22; 3
30; 30H; >; 3; 59; 6; 24; 24; 3
30; 30H; >; 4; 58; 6; 26; 26; 3
30; 30H; >; 5; 57; 6; 28; 28; 3
30; 30H; >; 6; 56; 6; 30; 30; 3
30; 30H; >; 7; 55; 6; 32; 32; 3
30; 30H; >; 8; 54; 6; 34; 34; 3
30; 30H; >; 9; 53; 6; 36; 36; 3
30; 30H; >; 10; 52; 6; 38; 38; 3
30; 30H; >; 11; 1; 6; 40; 40; 3
30; 30H; >; 1; 61; 6; 30; 30; 4
30; 30H; >; 2; 60; 6; 32; 32; 4
30; 30H; >; 3; 59; 6; 34; 34; 4
30; 30H; >; 4; 58; 6; 36; 36; 4
30; 30H; >; 5; 57; 6; 38; 38; 4
30; 30H; >; 6; 56; 6; 40; 40; 4
30; 30H; >; 7; 55; 6; 42; 42; 4
30; 30H; >; 8; 54; 6; 44; 44; 4
30; 30H; >; 9; 53; 6; 46; 46; 4
30; 30H; >; 10; 52; 6; 48; 48; 4
30; 30H; >; 11; 1; 6; 50; 50; 4
30; 30H; >; 1; 61; 6; 40; 40; 5
30; 30H; >; 2; 60; 6; 42; 42; 5
30; 30H; >; 3; 59; 6; 44; 44; 5
30; 30H; >; 4; 58; 6; 46; 46; 5
30; 30H; >; 5; 57; 6; 48; 48; 5
30; 30H; >; 6; 56; 6; 50; 50; 5
30; 30H; >; 7; 55; 6; 52; 52; 5
30; 30H; >; 8; 54; 6; 54; 54; 5
30; 30H; >; 9; 53; 6; 56; 56; 5
30; 30H; >; 10; 52; 6; 58; 58; 5
30; 30H; >; 11; 1; 6; 0; 0; 5
30; 30H; >; 1; 61; 6; 50; 50; 6
30; 30H; >; 2; 60; 6; 52; 52; 6
30; 30H; >; 3; 59; 6; 54; 54; 6
30; 30H; >; 4; 58; 6; 56; 56; 6
30; 30H; >; 5; 57; 6; 58; 58; 6
30; 30H; >; 6; 56; 6; 0; 0; 6
30; 30H; >; 7; 55; 6; 2; 2; 6
30; 30H; >; 8; 54; 6; 4; 4; 6
30; 30H; >; 9; 53; 6; 6; 6; 6
30; 30H; >; 10; 52; 6; 8; 8; 6
30; 30H; >; 11; 1; 6; 10; 10; 6
30; 30R; <; 1; 1; 6; 32; 32; 1
30; 30R; <; 2; 52; 6; 34; 34; 1
30; 30R; <; 3; 53; 6; 36; 36; 1
30; 30R; <; 4; 54; 6; 38; 38; 1
30; 30R; <; 5; 55; 6; 40; 40; 1
30; 30R; <; 6; 56; 6; 42; 42; 1
30; 30R; <; 7; 57; 6; 44; 44; 1
30; 30R; <; 8; 58; 6; 46; 46; 1
30; 30R; <; 9; 59; 6; 48; 48; 1
30; 30R; <; 10; 60; 6; 50; 50; 1
30; 30R; <; 11; 61; 6; 52; 52; 1
30; 30R; <; 1; 1; 6; 42; 42; 2
30; 30R; <; 2; 52; 6; 44; 44; 2
30; 30R; <; 3; 53; 6; 46; 46; 2
30; 30R; <; 4; 54; 6; 48; 48; 2
30; 30R; <; 5; 55; 6; 50; 50; 2
30; 30R; <; 6; 56; 6; 52; 52; 2
30; 30R; <; 7; 57; 6; 54; 54; 2
30; 30R; <; 8; 58; 6; 56; 56; 2
30; 30R; <; 9; 59; 6; 58; 58; 2
30; 30R; <; 10; 60; 6; 0; 0; 2
30; 30R; <; 11; 61; 6; 2; 2; 2
30; 30R; <; 1; 1; 6; 52; 52; 3
30; 30R; <; 2; 52; 6; 54; 54; 3
30; 30R; <; 3; 53; 6; 56; 56; 3
30; 30R; <; 4; 54; 6; 58; 58; 3
30; 30R; <; 5; 55; 6; 0; 0; 3
30; 30R; <; 6; 56; 6; 2; 2; 3
30; 30R; <; 7; 57; 6; 4; 4; 3
30; 30R; <; 8; 58; 6; 6; 6; 3
30; 30R; <; 9; 59; 6; 8; 8; 3
30; 30R; <; 10; 60; 6; 10; 10; 3
30; 30R; <; 11; 61; 6; 12; 12; 3
30; 30R; <; 1; 1; 6; 2; 2; 4
30; 30R; <; 2; 52; 6; 4; 4; 4
30; 30R; <; 3; 53; 6; 6; 6; 4
30; 30R; <; 4; 54; 6; 8; 8; 4
30; 30R; <; 5; 55; 6; 10; 10; 4
30; 30R; <; 6; 56; 6; 12; 12; 4
30; 30R; <; 7; 57; 6; 14; 14; 4
30; 30R; <; 8; 58; 6; 16; 16; 4
30; 30R; <; 9; 59; 6; 18; 18; 4
30; 30R; <; 10; 60; 6; 20; 20; 4
30; 30R; <; 11; 61; 6; 22; 22; 4
30; 30R; <; 1; 1; 6; 12; 12; 5
30; 30R; <; 2; 52; 6; 14; 14; 5
30; 30R; <; 3; 53; 6; 16; 16; 5
30; 30R; <; 4; 54; 6; 18; 18; 5
30; 30R; <; 5; 55; 6; 20; 20; 5
30; 30R; <; 6; 56; 6; 22; 22; 5
30; 30R; <; 7; 57; 6; 24; 24; 5
30; 30R; <; 8; 58; 6; 26; 26; 5
30; 30R; <; 9; 59; 6; 28; 28; 5
30; 30R; <; 10; 60; 6; 30; 30; 5
30; 30R; <; 11; 61; 6; 32; 32; 5
30; 30R; <; 1; 1; 6; 22; 22; 6
30; 30R; <; 2; 52; 6; 24; 24; 6
30; 30R; <; 3; 53; 6; 26; 26; 6
30; 30R; <; 4; 54; 6; 28; 28; 6
30; 30R; <; 5; 55; 6; 30; 30; 6
30; 30R; <; 6; 56; 6; 32; 32; 6
30; 30R; <; 7; 57; 6; 34; 34; 6
30; 30R; <; 8; 58; 6; 36; 36; 6
30; 30R; <; 9; 59; 6; 38; 38; 6
30; 30R; <; 10; 60; 6; 40; 40; 6
30; 30R; <; 11; 61; 6; 42; 42; 6
31; 31H; >; 1; 51; 3; 19; 19; 1
31; 31H; >; 2; 50; 3; 21; 21; 1
31; 31H; >; 3; 49; 3; 23; 23; 1
31; 31H; >; 4; 48; 3; 25; 25; 1
31; 31H; >; 5; 47; 3; 27; 27; 1
31; 31H; >; 6; 46; 3; 29; 29; 1
31; 31H; >; 7; 45; 3; 31; 31; 1
31; 31H; >; 8; 44; 3; 33; 33; 1
31; 31H; >; 9; 43; 3; 35; 35; 1
31; 31H; >; 10; 42; 3; 37; 37; 1
31; 31H; >; 11; 1; 3; 39; 39; 1
31; 31H; >; 1; 51; 3; 39; 39; 2
31; 31H; >; 2; 50; 3; 41; 41; 2
31; 31H; >; 3; 49; 3; 43; 43; 2
31; 31H; >; 4; 48; 3; 45; 45; 2
31; 31H; >; 5; 47; 3; 47; 47; 2
31; 31H; >; 6; 46; 3; 49; 49; 2
31; 31H; >; 7; 45; 3; 51; 51; 2
31; 31H; >; 8; 44; 3; 53; 53; 2
31; 31H; >; 9; 43; 3; 55; 55; 2
31; 31H; >; 10; 42; 3; 57; 57; 2
31; 31H; >; 11; 1; 3; 59; 59; 2
31; 31H; >; 1; 51; 3; 59; 59; 3
31; 31H; >; 2; 50; 3; 1; 1; 3
31; 31H; >; 3; 49; 3; 3; 3; 3
31; 31H; >; 4; 48; 3; 5; 5; 3
31; 31H; >; 5; 47; 3; 7; 7; 3
31; 31H; >; 6; 46; 3; 9; 9; 3
31; 31H; >; 7; 45; 3; 11; 11; 3
31; 31H; >; 8; 44; 3; 13; 13; 3
31; 31H; >; 9; 43; 3; 15; 15; 3
31; 31H; >; 10; 42; 3; 17; 17; 3
31; 31H; >; 11; 1; 3; 19; 19; 3
31; 31R; <; 1; 1; 3; 58; 58; 1
31; 31R; <; 2; 42; 3; 0; 0; 1
31; 31R; <; 3; 43; 3; 2; 2; 1
31; 31R; <; 4; 44; 3; 4; 4; 1
31; 31R; <; 5; 45; 3; 6; 6; 1
31; 31R; <; 6; 46; 3; 8; 8; 1
31; 31R; <; 7; 47; 3; 10; 10; 1
31; 31R; <; 8; 48; 3; 12; 12; 1
31; 31R; <; 9; 49; 3; 14; 14; 1
31; 31R; <; 10; 50; 3; 16; 16; 1
31; 31R; <; 11; 51; 3; 18; 18; 1
31; 31R; <; 1; 1; 3; 18; 18; 2
31; 31R; <; 2; 42; 3; 20; 20; 2
31; 31R; <; 3; 43; 3; 22; 22; 2
31; 31R; <; 4; 44; 3; 24; 24; 2
31; 31R; <; 5; 45; 3; 26; 26; 2
31; 31R; <; 6; 46; 3; 28; 28; 2
31; 31R; <; 7; 47; 3; 30; 30; 2
31; 31R; <; 8; 48; 3; 32; 32; 2
31; 31R; <; 9; 49; 3; 34; 34; 2
31; 31R; <; 10; 50; 3; 36; 36; 2
31; 31R; <; 11; 51; 3; 38; 38; 2
31; 31R; <; 1; 1; 3; 38; 38; 3
31; 31R; <; 2; 42; 3; 40; 40; 3
31; 31R; <; 3; 43; 3; 42; 42; 3
31; 31R; <; 4; 44; 3; 44; 44; 3
31; 31R; <; 5; 45; 3; 46; 46; 3
31; 31R; <; 6; 46; 3; 48; 48; 3
31; 31R; <; 7; 47; 3; 50; 50; 3
31; 31R; <; 8; 48; 3; 52; 52; 3
31; 31R; <; 9; 49; 3; 54; 54; 3
31; 31R; <; 10; 50; 3; 56; 56; 3
31; 31R; <; 11; 51; 3; 58; 58; 3
32; 32H; >; 1; 41; 1; 29; 29; 1
32; 32H; >; 2; 40; 1; 31; 31; 1
32; 32H; >; 3; 39; 1; 33; 33; 1
32; 32H; >; 4; 38; 1; 35; 35; 1
32; 32H; >; 5; 37; 1; 37; 37; 1
32; 32H; >; 6; 36; 1; 39; 39; 1
32; 32H; >; 7; 35; 1; 41; 41; 1
32; 32H; >; 8; 34; 1; 43; 43; 1
32; 32H; >; 9; 33; 1; 45; 45; 1
32; 32H; >; 10; 32; 1; 47; 47; 1
32; 32H; >; 11; 1; 1; 49; 49; 1
32; 32R; <; 1; 1; 1; 0; 0; 1
32; 32R; <; 2; 32; 1; 2; 2; 1
32; 32R; <; 3; 33; 1; 4; 4; 1
32; 32R; <; 4; 34; 1; 6; 6; 1
32; 32R; <; 5; 35; 1; 8; 8; 1
32; 32R; <; 6; 36; 1; 10; 10; 1
32; 32R; <; 7; 37; 1; 12; 12; 1
32; 32R; <; 8; 38; 1; 14; 14; 1
32; 32R; <; 9; 39; 1; 16; 16; 1
32; 32R; <; 10; 40; 1; 18; 18; 1
32; 32R; <; 11; 41; 1; 20; 20; 1
34; 34H; >; 1; 21; 3; 39; 39; 1
34; 34H; >; 2; 20; 3; 41; 41; 1
34; 34H; >; 3; 19; 3; 43; 43; 1
34; 34H; >; 4; 18; 3; 45; 45; 1
34; 34H; >; 5; 17; 3; 47; 47; 1
34; 34H; >; 6; 16; 3; 49; 49; 1
34; 34H; >; 7; 15; 3; 51; 51; 1
34; 34H; >; 8; 14; 3; 53; 53; 1
34; 34H; >; 9; 13; 3; 55; 55; 1
34; 34H; >; 10; 12; 3; 57; 57; 1
34; 34H; >; 11; 1; 3; 59; 59; 1
34; 34H; >; 1; 21; 3; 59; 59; 2
34; 34H; >; 2; 20; 3; 1; 1; 2
34; 34H; >; 3; 19; 3; 3; 3; 2
34; 34H; >; 4; 18; 3; 5; 5; 2
34; 34H; >; 5; 17; 3; 7; 7; 2
34; 34H; >; 6; 16; 3; 9; 9; 2
34; 34H; >; 7; 15; 3; 11; 11; 2
34; 34H; >; 8; 14; 3; 13; 13; 2
34; 34H; >; 9; 13; 3; 15; 15; 2
34; 34H; >; 10; 12; 3; 17; 17; 2
34; 34H; >; 11; 1; 3; 19; 19; 2
34; 34H; >; 1; 21; 3; 19; 19; 3
34; 34H; >; 2; 20; 3; 21; 21; 3
34; 34H; >; 3; 19; 3; 23; 23; 3
34; 34H; >; 4; 18; 3; 25; 25; 3
34; 34H; >; 5; 17; 3; 27; 27; 3
34; 34H; >; 6; 16; 3; 29; 29; 3
34; 34H; >; 7; 15; 3; 31; 31; 3
34; 34H; >; 8; 14; 3; 33; 33; 3
34; 34H; >; 9; 13; 3; 35; 35; 3
34; 34H; >; 10; 12; 3; 37; 37; 3
34; 34H; >; 11; 1; 3; 39; 39; 3
34; 34R; <; 1; 1; 3; 55; 55; 1
34; 34R; <; 2; 12; 3; 57; 57; 1
34; 34R; <; 3; 13; 3; 59; 59; 1
34; 34R; <; 4; 14; 3; 1; 1; 1
34; 34R; <; 5; 15; 3; 3; 3; 1
34; 34R; <; 6; 16; 3; 5; 5; 1
34; 34R; <; 7; 17; 3; 7; 7; 1
34; 34R; <; 8; 18; 3; 9; 9; 1
34; 34R; <; 9; 19; 3; 11; 11; 1
34; 34R; <; 10; 20; 3; 13; 13; 1
34; 34R; <; 11; 21; 3; 15; 15; 1
34; 34R; <; 1; 1; 3; 15; 15; 2
34; 34R; <; 2; 12; 3; 17; 17; 2
34; 34R; <; 3; 13; 3; 19; 19; 2
34; 34R; <; 4; 14; 3; 21; 21; 2
34; 34R; <; 5; 15; 3; 23; 23; 2
34; 34R; <; 6; 16; 3; 25; 25; 2
34; 34R; <; 7; 17; 3; 27; 27; 2
34; 34R; <; 8; 18; 3; 29; 29; 2
34; 34R; <; 9; 19; 3; 31; 31; 2
34; 34R; <; 10; 20; 3; 33; 33; 2
34; 34R; <; 11; 21; 3; 35; 35; 2
34; 34R; <; 1; 1; 3; 35; 35; 3
34; 34R; <; 2; 12; 3; 37; 37; 3
34; 34R; <; 3; 13; 3; 39; 39; 3
34; 34R; <; 4; 14; 3; 41; 41; 3
34; 34R; <; 5; 15; 3; 43; 43; 3
34; 34R; <; 6; 16; 3; 45; 45; 3
34; 34R; <; 7; 17; 3; 47; 47; 3
34; 34R; <; 8; 18; 3; 49; 49; 3
34; 34R; <; 9; 19; 3; 51; 51; 3
34; 34R; <; 10; 20; 3; 53; 53; 3
34; 34R; <; 11; 21; 3; 55; 55; 3
37; 37H; >; 1; 101; 2; 0; 0; 1
37; 37H; >; 2; 100; 2; 2; 2; 1
37; 37H; >; 3; 99; 2; 4; 4; 1
37; 37H; >; 4; 98; 2; 6; 6; 1
37; 37H; >; 5; 97; 2; 8; 8; 1
37; 37H; >; 6; 96; 2; 10; 10; 1
37; 37H; >; 7; 95; 2; 12; 12; 1
37; 37H; >; 8; 94; 2; 14; 14; 1
37; 37H; >; 9; 93; 2; 16; 16; 1
37; 37H; >; 10; 92; 2; 18; 18; 1
37; 37H; >; 1; 101; 2; 30; 30; 2
37; 37H; >; 2; 100; 2; 32; 32; 2
37; 37H; >; 3; 99; 2; 34; 34; 2
37; 37H; >; 4; 98; 2; 36; 36; 2
37; 37H; >; 5; 97; 2; 38; 38; 2
37; 37H; >; 6; 96; 2; 40; 40; 2
37; 37H; >; 7; 95; 2; 42; 42; 2
37; 37H; >; 8; 94; 2; 44; 44; 2
37; 37H; >; 9; 93; 2; 46; 46; 2
37; 37H; >; 10; 92; 2; 48; 48; 2
37; 37R; <; 1; 92; 2; 0; 0; 1
37; 37R; <; 2; 93; 2; 2; 2; 1
37; 37R; <; 3; 94; 2; 4; 4; 1
37; 37R; <; 4; 95; 2; 6; 6; 1
37; 37R; <; 5; 96; 2; 8; 8; 1
37; 37R; <; 6; 97; 2; 10; 10; 1
37; 37R; <; 7; 98; 2; 12; 12; 1
37; 37R; <; 8; 99; 2; 14; 14; 1
37; 37R; <; 9; 100; 2; 16; 16; 1
37; 37R; <; 10; 101; 2; 18; 18; 1
37; 37R; <; 1; 92; 2; 30; 30; 2
37; 37R; <; 2; 93; 2; 32; 32; 2
37; 37R; <; 3; 94; 2; 34; 34; 2
37; 37R; <; 4; 95; 2; 36; 36; 2
37; 37R; <; 5; 96; 2; 38; 38; 2
37; 37R; <; 6; 97; 2; 40; 40; 2
37; 37R; <; 7; 98; 2; 42; 42; 2
37; 37R; <; 8; 99; 2; 44; 44; 2
37; 37R; <; 9; 100; 2; 46; 46; 2
37; 37R; <; 10; 101; 2; 48; 48; 2
40; 40H; >; 1; 91; 3; 7; 7; 1
40; 40H; >; 2; 90; 3; 9; 9; 1
40; 40H; >; 3; 89; 3; 11; 11; 1
40; 40H; >; 4; 88; 3; 13; 13; 1
40; 40H; >; 5; 87; 3; 15; 15; 1
40; 40H; >; 6; 86; 3; 17; 17; 1
40; 40H; >; 7; 85; 3; 19; 19; 1
40; 40H; >; 8; 84; 3; 21; 21; 1
40; 40H; >; 9; 83; 3; 23; 23; 1
40; 40H; >; 10; 82; 3; 25; 25; 1
40; 40H; >; 11; 1; 3; 27; 27; 1
40; 40H; >; 12; 2; 3; 29; 29; 1
40; 40H; >; 13; 3; 3; 31; 31; 1
40; 40H; >; 14; 4; 3; 33; 33; 1
40; 40H; >; 15; 5; 3; 35; 35; 1
40; 40H; >; 16; 6; 3; 37; 37; 1
40; 40H; >; 17; 7; 3; 39; 39; 1
40; 40H; >; 18; 8; 3; 41; 41; 1
40; 40H; >; 19; 9; 3; 43; 43; 1
40; 40H; >; 20; 10; 3; 45; 45; 1
40; 40H; >; 21; 11; 3; 47; 47; 1
40; 40H; >; 1; 91; 3; 27; 27; 2
40; 40H; >; 2; 90; 3; 29; 29; 2
40; 40H; >; 3; 89; 3; 31; 31; 2
40; 40H; >; 4; 88; 3; 33; 33; 2
40; 40H; >; 5; 87; 3; 35; 35; 2
40; 40H; >; 6; 86; 3; 37; 37; 2
40; 40H; >; 7; 85; 3; 39; 39; 2
40; 40H; >; 8; 84; 3; 41; 41; 2
40; 40H; >; 9; 83; 3; 43; 43; 2
40; 40H; >; 10; 82; 3; 45; 45; 2
40; 40H; >; 11; 1; 3; 47; 47; 2
40; 40H; >; 12; 2; 3; 49; 49; 2
40; 40H; >; 13; 3; 3; 51; 51; 2
40; 40H; >; 14; 4; 3; 53; 53; 2
40; 40H; >; 15; 5; 3; 55; 55; 2
40; 40H; >; 16; 6; 3; 57; 57; 2
40; 40H; >; 17; 7; 3; 59; 59; 2
40; 40H; >; 18; 8; 3; 1; 1; 2
40; 40H; >; 19; 9; 3; 3; 3; 2
40; 40H; >; 20; 10; 3; 5; 5; 2
40; 40H; >; 21; 11; 3; 7; 7; 2
40; 40H; >; 1; 91; 3; 47; 47; 3
40; 40H; >; 2; 90; 3; 49; 49; 3
40; 40H; >; 3; 89; 3; 51; 51; 3
40; 40H; >; 4; 88; 3; 53; 53; 3
40; 40H; >; 5; 87; 3; 55; 55; 3
40; 40H; >; 6; 86; 3; 57; 57; 3
40; 40H; >; 7; 85; 3; 59; 59; 3
40; 40H; >; 8; 84; 3; 1; 1; 3
40; 40H; >; 9; 83; 3; 3; 3; 3
40; 40H; >; 10; 82; 3; 5; 5; 3
40; 40H; >; 11; 1; 3; 7; 7; 3
40; 40H; >; 12; 2; 3; 9; 9; 3
40; 40H; >; 13; 3; 3; 11; 11; 3
40; 40H; >; 14; 4; 3; 13; 13; 3
40; 40H; >; 15; 5; 3; 15; 15; 3
40; 40H; >; 16; 6; 3; 17; 17; 3
40; 40H; >; 17; 7; 3; 19; 19; 3
40; 40H; >; 18; 8; 3; 21; 21; 3
40; 40H; >; 19; 9; 3; 23; 23; 3
40; 40H; >; 20; 10; 3; 25; 25; 3
40; 40H; >; 21; 11; 3; 27; 27; 3
40; 40R; <; 1; 11; 3; 42; 42; 1
40; 40R; <; 2; 10; 3; 44; 44; 1
40; 40R; <; 3; 9; 3; 46; 46; 1
40; 40R; <; 4; 8; 3; 48; 48; 1
40; 40R; <; 5; 7; 3; 50; 50; 1
40; 40R; <; 6; 6; 3; 52; 52; 1
40; 40R; <; 7; 5; 3; 54; 54; 1
40; 40R; <; 8; 4; 3; 56; 56; 1
40; 40R; <; 9; 3; 3; 58; 58; 1
40; 40R; <; 10; 2; 3; 0; 0; 1
40; 40R; <; 11; 1; 3; 2; 2; 1
40; 40R; <; 12; 82; 3; 4; 4; 1
40; 40R; <; 13; 83; 3; 6; 6; 1
40; 40R; <; 14; 84; 3; 8; 8; 1
40; 40R; <; 15; 85; 3; 10; 10; 1
40; 40R; <; 16; 86; 3; 12; 12; 1
40; 40R; <; 17; 87; 3; 14; 14; 1
40; 40R; <; 18; 88; 3; 16; 16; 1
40; 40R; <; 19; 89; 3; 18; 18; 1
40; 40R; <; 20; 90; 3; 20; 20; 1
40; 40R; <; 21; 91; 3; 22; 22; 1
40; 40R; <; 1; 11; 3; 2; 2; 2
40; 40R; <; 2; 10; 3; 4; 4; 2
40; 40R; <; 3; 9; 3; 6; 6; 2
40; 40R; <; 4; 8; 3; 8; 8; 2
40; 40R; <; 5; 7; 3; 10; 10; 2
40; 40R; <; 6; 6; 3; 12; 12; 2
40; 40R; <; 7; 5; 3; 14; 14; 2
40; 40R; <; 8; 4; 3; 16; 16; 2
40; 40R; <; 9; 3; 3; 18; 18; 2
40; 40R; <; 10; 2; 3; 20; 20; 2
40; 40R; <; 11; 1; 3; 22; 22; 2
40; 40R; <; 12; 82; 3; 24; 24; 2
40; 40R; <; 13; 83; 3; 26; 26; 2
40; 40R; <; 14; 84; 3; 28; 28; 2
40; 40R; <; 15; 85; 3; 30; 30; 2
40; 40R; <; 16; 86; 3; 32; 32; 2
40; 40R; <; 17; 87; 3; 34; 34; 2
40; 40R; <; 18; 88; 3; 36; 36; 2
40; 40R; <; 19; 89; 3; 38; 38; 2
40; 40R; <; 20; 90; 3; 40; 40; 2
40; 40R; <; 21; 91; 3; 42; 42; 2
40; 40R; <; 1; 11; 3; 22; 22; 3
40; 40R; <; 2; 10; 3; 24; 24; 3
40; 40R; <; 3; 9; 3; 26; 26; 3
40; 40R; <; 4; 8; 3; 28; 28; 3
40; 40R; <; 5; 7; 3; 30; 30; 3
40; 40R; <; 6; 6; 3; 32; 32; 3
40; 40R; <; 7; 5; 3; 34; 34; 3
40; 40R; <; 8; 4; 3; 36; 36; 3
40; 40R; <; 9; 3; 3; 38; 38; 3
40; 40R; <; 10; 2; 3; 40; 40; 3
40; 40R; <; 11; 1; 3; 42; 42; 3
40; 40R; <; 12; 82; 3; 44; 44; 3
40; 40R; <; 13; 83; 3; 46; 46; 3
40; 40R; <; 14; 84; 3; 48; 48; 3
40; 40R; <; 15; 85; 3; 50; 50; 3
40; 40R; <; 16; 86; 3; 52; 52; 3
40; 40R; <; 17; 87; 3; 54; 54; 3
40; 40R; <; 18; 88; 3; 56; 56; 3
40; 40R; <; 19; 89; 3; 58; 58; 3
40; 40R; <; 20; 90; 3; 0; 0; 3
40; 40R; <; 21; 91; 3; 2; 2; 3
41; 41H; >; 1; 81; 4; 20; 20; 1
41; 41H; >; 2; 80; 4; 22; 22; 1
41; 41H; >; 3; 79; 4; 24; 24; 1
41; 41H; >; 4; 78; 4; 26; 26; 1
41; 41H; >; 5; 77; 4; 28; 28; 1
41; 41H; >; 6; 76; 4; 30; 30; 1
41; 41H; >; 7; 75; 4; 32; 32; 1
41; 41H; >; 8; 74; 4; 34; 34; 1
41; 41H; >; 9; 73; 4; 36; 36; 1
41; 41H; >; 10; 72; 4; 38; 38; 1
41; 41H; >; 11; 1; 4; 40; 40; 1
41; 41H; >; 12; 152; 4; 42; 42; 1
41; 41H; >; 13; 153; 4; 44; 44; 1
41; 41H; >; 14; 154; 4; 46; 46; 1
41; 41H; >; 15; 155; 4; 48; 48; 1
41; 41H; >; 16; 156; 4; 50; 50; 1
41; 41H; >; 17; 157; 4; 52; 52; 1
41; 41H; >; 18; 158; 4; 54; 54; 1
41; 41H; >; 19; 159; 4; 56; 56; 1
41; 41H; >; 20; 160; 4; 58; 58; 1
41; 41H; >; 21; 161; 4; 0; 0; 1
41; 41H; >; 1; 81; 4; 35; 35; 2
41; 41H; >; 2; 80; 4; 37; 37; 2
41; 41H; >; 3; 79; 4; 39; 39; 2
41; 41H; >; 4; 78; 4; 41; 41; 2
41; 41H; >; 5; 77; 4; 43; 43; 2
41; 41H; >; 6; 76; 4; 45; 45; 2
41; 41H; >; 7; 75; 4; 47; 47; 2
41; 41H; >; 8; 74; 4; 49; 49; 2
41; 41H; >; 9; 73; 4; 51; 51; 2
41; 41H; >; 10; 72; 4; 53; 53; 2
41; 41H; >; 11; 1; 4; 55; 55; 2
41; 41H; >; 12; 152; 4; 57; 57; 2
41; 41H; >; 13; 153; 4; 59; 59; 2
41; 41H; >; 14; 154; 4; 1; 1; 2
41; 41H; >; 15; 155; 4; 3; 3; 2
41; 41H; >; 16; 156; 4; 5; 5; 2
41; 41H; >; 17; 157; 4; 7; 7; 2
41; 41H; >; 18; 158; 4; 9; 9; 2
41; 41H; >; 19; 159; 4; 11; 11; 2
41; 41H; >; 20; 160; 4; 13; 13; 2
41; 41H; >; 21; 161; 4; 15; 15; 2
41; 41H; >; 1; 81; 4; 50; 50; 3
41; 41H; >; 2; 80; 4; 52; 52; 3
41; 41H; >; 3; 79; 4; 54; 54; 3
41; 41H; >; 4; 78; 4; 56; 56; 3
41; 41H; >; 5; 77; 4; 58; 58; 3
41; 41H; >; 6; 76; 4; 0; 0; 3
41; 41H; >; 7; 75; 4; 2; 2; 3
41; 41H; >; 8; 74; 4; 4; 4; 3
41; 41H; >; 9; 73; 4; 6; 6; 3
41; 41H; >; 10; 72; 4; 8; 8; 3
41; 41H; >; 11; 1; 4; 10; 10; 3
41; 41H; >; 12; 152; 4; 12; 12; 3
41; 41H; >; 13; 153; 4; 14; 14; 3
41; 41H; >; 14; 154; 4; 16; 16; 3
41; 41H; >; 15; 155; 4; 18; 18; 3
41; 41H; >; 16; 156; 4; 20; 20; 3
41; 41H; >; 17; 157; 4; 22; 22; 3
41; 41H; >; 18; 158; 4; 24; 24; 3
41; 41H; >; 19; 159; 4; 26; 26; 3
41; 41H; >; 20; 160; 4; 28; 28; 3
41; 41H; >; 21; 161; 4; 30; 30; 3
41; 41H; >; 1; 81; 4; 5; 5; 4
41; 41H; >; 2; 80; 4; 7; 7; 4
41; 41H; >; 3; 79; 4; 9; 9; 4
41; 41H; >; 4; 78; 4; 11; 11; 4
41; 41H; >; 5; 77; 4; 13; 13; 4
41; 41H; >; 6; 76; 4; 15; 15; 4
41; 41H; >; 7; 75; 4; 17; 17; 4
41; 41H; >; 8; 74; 4; 19; 19; 4
41; 41H; >; 9; 73; 4; 21; 21; 4
41; 41H; >; 10; 72; 4; 23; 23; 4
41; 41H; >; 11; 1; 4; 25; 25; 4
41; 41H; >; 12; 152; 4; 27; 27; 4
41; 41H; >; 13; 153; 4; 29; 29; 4
41; 41H; >; 14; 154; 4; 31; 31; 4
41; 41H; >; 15; 155; 4; 33; 33; 4
41; 41H; >; 16; 156; 4; 35; 35; 4
41; 41H; >; 17; 157; 4; 37; 37; 4
41; 41H; >; 18; 158; 4; 39; 39; 4
41; 41H; >; 19; 159; 4; 41; 41; 4
41; 41H; >; 20; 160; 4; 43; 43; 4
41; 41H; >; 21; 161; 4; 45; 45; 4
41; 41R; <; 1; 161; 4; 54; 54; 1
41; 41R; <; 2; 160; 4; 56; 56; 1
41; 41R; <; 3; 159; 4; 58; 58; 1
41; 41R; <; 4; 158; 4; 0; 0; 1
41; 41R; <; 5; 157; 4; 2; 2; 1
41; 41R; <; 6; 156; 4; 4; 4; 1
41; 41R; <; 7; 155; 4; 6; 6; 1
41; 41R; <; 8; 154; 4; 8; 8; 1
41; 41R; <; 9; 153; 4; 10; 10; 1
41; 41R; <; 10; 152; 4; 12; 12; 1
41; 41R; <; 11; 1; 4; 14; 14; 1
41; 41R; <; 12; 72; 4; 16; 16; 1
41; 41R; <; 13; 73; 4; 18; 18; 1
41; 41R; <; 14; 74; 4; 20; 20; 1
41; 41R; <; 15; 75; 4; 22; 22; 1
41; 41R; <; 16; 76; 4; 24; 24; 1
41; 41R; <; 17; 77; 4; 26; 26; 1
41; 41R; <; 18; 78; 4; 28; 28; 1
41; 41R; <; 19; 79; 4; 30; 30; 1
41; 41R; <; 20; 80; 4; 32; 32; 1
41; 41R; <; 21; 81; 4; 34; 34; 1
41; 41R; <; 1; 161; 4; 9; 9; 2
41; 41R; <; 2; 160; 4; 11; 11; 2
41; 41R; <; 3; 159; 4; 13; 13; 2
41; 41R; <; 4; 158; 4; 15; 15; 2
41; 41R; <; 5; 157; 4; 17; 17; 2
41; 41R; <; 6; 156; 4; 19; 19; 2
41; 41R; <; 7; 155; 4; 21; 21; 2
41; 41R; <; 8; 154; 4; 23; 23; 2
41; 41R; <; 9; 153; 4; 25; 25; 2
41; 41R; <; 10; 152; 4; 27; 27; 2
41; 41R; <; 11; 1; 4; 29; 29; 2
41; 41R; <; 12; 72; 4; 31; 31; 2
41; 41R; <; 13; 73; 4; 33; 33; 2
41; 41R; <; 14; 74; 4; 35; 35; 2
41; 41R; <; 15; 75; 4; 37; 37; 2
41; 41R; <; 16; 76; 4; 39; 39; 2
41; 41R; <; 17; 77; 4; 41; 41; 2
41; 41R; <; 18; 78; 4; 43; 43; 2
41; 41R; <; 19; 79; 4; 45; 45; 2
41; 41R; <; 20; 80; 4; 47; 47; 2
41; 41R; <; 21; 81; 4; 49; 49; 2
41; 41R; <; 1; 161; 4; 24; 24; 3
41; 41R; <; 2; 160; 4; 26; 26; 3
41; 41R; <; 3; 159; 4; 28; 28; 3
41; 41R; <; 4; 158; 4; 30; 30; 3
41; 41R; <; 5; 157; 4; 32; 32; 3
41; 41R; <; 6; 156; 4; 34; 34; 3
41; 41R; <; 7; 155; 4; 36; 36; 3
41; 41R; <; 8; 154; 4; 38; 38; 3
41; 41R; <; 9; 153; 4; 40; 40; 3
41; 41R; <; 10; 152; 4; 42; 42; 3
41; 41R; <; 11; 1; 4; 44; 44; 3
41; 41R; <; 12; 72; 4; 46; 46; 3
41; 41R; <; 13; 73; 4; 48; 48; 3
41; 41R; <; 14; 74; 4; 50; 50; 3
41; 41R; <; 15; 75; 4; 52; 52; 3
41; 41R; <; 16; 76; 4; 54; 54; 3
41; 41R; <; 17; 77; 4; 56; 56; 3
41; 41R; <; 18; 78; 4; 58; 58; 3
41; 41R; <; 19; 79; 4; 0; 0; 3
41; 41R; <; 20; 80; 4; 2; 2; 3
41; 41R; <; 21; 81; 4; 4; 4; 3
41; 41R; <; 1; 161; 4; 39; 39; 4
41; 41R; <; 2; 160; 4; 41; 41; 4
41; 41R; <; 3; 159; 4; 43; 43; 4
41; 41R; <; 4; 158; 4; 45; 45; 4
41; 41R; <; 5; 157; 4; 47; 47; 4
41; 41R; <; 6; 156; 4; 49; 49; 4
41; 41R; <; 7; 155; 4; 51; 51; 4
41; 41R; <; 8; 154; 4; 53; 53; 4
41; 41R; <; 9; 153; 4; 55; 55; 4
41; 41R; <; 10; 152; 4; 57; 57; 4
41; 41R; <; 11; 1; 4; 59; 59; 4
41; 41R; <; 12; 72; 4; 1; 1; 4
41; 41R; <; 13; 73; 4; 3; 3; 4
41; 41R; <; 14; 74; 4; 5; 5; 4
41; 41R; <; 15; 75; 4; 7; 7; 4
41; 41R; <; 16; 76; 4; 9; 9; 4
41; 41R; <; 17; 77; 4; 11; 11; 4
41; 41R; <; 18; 78; 4; 13; 13; 4
41; 41R; <; 19; 79; 4; 15; 15; 4
41; 41R; <; 20; 80; 4; 17; 17; 4
41; 41R; <; 21; 81; 4; 19; 19; 4
42; 42H; >; 1; 71; 3; 39; 39; 1
42; 42H; >; 2; 70; 3; 41; 41; 1
42; 42H; >; 3; 69; 3; 43; 43; 1
42; 42H; >; 4; 68; 3; 45; 45; 1
42; 42H; >; 5; 67; 3; 47; 47; 1
42; 42H; >; 6; 66; 3; 49; 49; 1
42; 42H; >; 7; 65; 3; 51; 51; 1
42; 42H; >; 8; 64; 3; 53; 53; 1
42; 42H; >; 9; 63; 3; 55; 55; 1
42; 42H; >; 10; 62; 3; 57; 57; 1
42; 42H; >; 11; 1; 3; 59; 59; 1
42; 42H; >; 12; 142; 3; 1; 1; 1
42; 42H; >; 13; 143; 3; 3; 3; 1
42; 42H; >; 14; 144; 3; 5; 5; 1
42; 42H; >; 15; 145; 3; 7; 7; 1
42; 42H; >; 16; 146; 3; 9; 9; 1
42; 42H; >; 17; 147; 3; 11; 11; 1
42; 42H; >; 18; 148; 3; 13; 13; 1
42; 42H; >; 19; 149; 3; 15; 15; 1
42; 42H; >; 20; 150; 3; 17; 17; 1
42; 42H; >; 21; 151; 3; 19; 19; 1
42; 42H; >; 1; 71; 3; 59; 59; 2
42; 42H; >; 2; 70; 3; 1; 1; 2
42; 42H; >; 3; 69; 3; 3; 3; 2
42; 42H; >; 4; 68; 3; 5; 5; 2
42; 42H; >; 5; 67; 3; 7; 7; 2
42; 42H; >; 6; 66; 3; 9; 9; 2
42; 42H; >; 7; 65; 3; 11; 11; 2
42; 42H; >; 8; 64; 3; 13; 13; 2
42; 42H; >; 9; 63; 3; 15; 15; 2
42; 42H; >; 10; 62; 3; 17; 17; 2
42; 42H; >; 11; 1; 3; 19; 19; 2
42; 42H; >; 12; 142; 3; 21; 21; 2
42; 42H; >; 13; 143; 3; 23; 23; 2
42; 42H; >; 14; 144; 3; 25; 25; 2
42; 42H; >; 15; 145; 3; 27; 27; 2
42; 42H; >; 16; 146; 3; 29; 29; 2
42; 42H; >; 17; 147; 3; 31; 31; 2
42; 42H; >; 18; 148; 3; 33; 33; 2
42; 42H; >; 19; 149; 3; 35; 35; 2
42; 42H; >; 20; 150; 3; 37; 37; 2
42; 42H; >; 21; 151; 3; 39; 39; 2
42; 42H; >; 1; 71; 3; 19; 19; 3
42; 42H; >; 2; 70; 3; 21; 21; 3
42; 42H; >; 3; 69; 3; 23; 23; 3
42; 42H; >; 4; 68; 3; 25; 25; 3
42; 42H; >; 5; 67; 3; 27; 27; 3
42; 42H; >; 6; 66; 3; 29; 29; 3
42; 42H; >; 7; 65; 3; 31; 31; 3
42; 42H; >; 8; 64; 3; 33; 33; 3
42; 42H; >; 9; 63; 3; 35; 35; 3
42; 42H; >; 10; 62; 3; 37; 37; 3
42; 42H; >; 11; 1; 3; 39; 39; 3
42; 42H; >; 12; 142; 3; 41; 41; 3
42; 42H; >; 13; 143; 3; 43; 43; 3
42; 42H; >; 14; 144; 3; 45; 45; 3
42; 42H; >; 15; 145; 3; 47; 47; 3
42; 42H; >; 16; 146; 3; 49; 49; 3
42; 42H; >; 17; 147; 3; 51; 51; 3
42; 42H; >; 18; 148; 3; 53; 53; 3
42; 42H; >; 19; 149; 3; 55; 55; 3
42; 42H; >; 20; 150; 3; 57; 57; 3
42; 42H; >; 21; 151; 3; 59; 59; 3
42; 42R; <; 1; 151; 3; 22; 22; 1
42; 42R; <; 2; 150; 3; 24; 24; 1
42; 42R; <; 3; 149; 3; 26; 26; 1
42; 42R; <; 4; 148; 3; 28; 28; 1
42; 42R; <; 5; 147; 3; 30; 30; 1
42; 42R; <; 6; 146; 3; 32; 32; 1
42; 42R; <; 7; 145; 3; 34; 34; 1
42; 42R; <; 8; 144; 3; 36; 36; 1
42; 42R; <; 9; 143; 3; 38; 38; 1
42; 42R; <; 10; 142; 3; 40; 40; 1
42; 42R; <; 11; 1; 3; 42; 42; 1
42; 42R; <; 12; 62; 3; 44; 44; 1
42; 42R; <; 13; 63; 3; 46; 46; 1
42; 42R; <; 14; 64; 3; 48; 48; 1
42; 42R; <; 15; 65; 3; 50; 50; 1
42; 42R; <; 16; 66; 3; 52; 52; 1
42; 42R; <; 17; 67; 3; 54; 54; 1
42; 42R; <; 18; 68; 3; 56; 56; 1
42; 42R; <; 19; 69; 3; 58; 58; 1
42; 42R; <; 20; 70; 3; 0; 0; 1
42; 42R; <; 21; 71; 3; 2; 2; 1
42; 42R; <; 1; 151; 3; 42; 42; 2
42; 42R; <; 2; 150; 3; 44; 44; 2
42; 42R; <; 3; 149; 3; 46; 46; 2
42; 42R; <; 4; 148; 3; 48; 48; 2
42; 42R; <; 5; 147; 3; 50; 50; 2
42; 42R; <; 6; 146; 3; 52; 52; 2
42; 42R; <; 7; 145; 3; 54; 54; 2
42; 42R; <; 8; 144; 3; 56; 56; 2
42; 42R; <; 9; 143; 3; 58; 58; 2
42; 42R; <; 10; 142; 3; 0; 0; 2
42; 42R; <; 11; 1; 3; 2; 2; 2
42; 42R; <; 12; 62; 3; 4; 4; 2
42; 42R; <; 13; 63; 3; 6; 6; 2
42; 42R; <; 14; 64; 3; 8; 8; 2
42; 42R; <; 15; 65; 3; 10; 10; 2
42; 42R; <; 16; 66; 3; 12; 12; 2
42; 42R; <; 17; 67; 3; 14; 14; 2
42; 42R; <; 18; 68; 3; 16; 16; 2
42; 42R; <; 19; 69; 3; 18; 18; 2
42; 42R; <; 20; 70; 3; 20; 20; 2
42; 42R; <; 21; 71; 3; 22; 22; 2
42; 42R; <; 1; 151; 3; 2; 2; 3
42; 42R; <; 2; 150; 3; 4; 4; 3
42; 42R; <; 3; 149; 3; 6; 6; 3
42; 42R; <; 4; 148; 3; 8; 8; 3
42; 42R; <; 5; 147; 3; 10; 10; 3
42; 42R; <; 6; 146; 3; 12; 12; 3
42; 42R; <; 7; 145; 3; 14; 14; 3
42; 42R; <; 8; 144; 3; 16; 16; 3
42; 42R; <; 9; 143; 3; 18; 18; 3
42; 42R; <; 10; 142; 3; 20; 20; 3
42; 42R; <; 11; 1; 3; 22; 22; 3
42; 42R; <; 12; 62; 3; 24; 24; 3
42; 42R; <; 13; 63; 3; 26; 26; 3
42; 42R; <; 14; 64; 3; 28; 28; 3
42; 42R; <; 15; 65; 3; 30; 30; 3
42; 42R; <; 16; 66; 3; 32; 32; 3
42; 42R; <; 17; 67; 3; 34; 34; 3
42; 42R; <; 18; 68; 3; 36; 36; 3
42; 42R; <; 19; 69; 3; 38; 38; 3
42; 42R; <; 20; 70; 3; 40; 40; 3
42; 42R; <; 21; 71; 3; 42; 42; 3
43; 43H; >; 1; 61; 6; 42; 42; 1
43; 43H; >; 2; 60; 6; 44; 44; 1
43; 43H; >; 3; 59; 6; 46; 46; 1
43; 43H; >; 4; 58; 6; 48; 48; 1
43; 43H; >; 5; 57; 6; 50; 50; 1
43; 43H; >; 6; 56; 6; 52; 52; 1
43; 43H; >; 7; 55; 6; 54; 54; 1
43; 43H; >; 8; 54; 6; 56; 56; 1
43; 43H; >; 9; 53; 6; 58; 58; 1
43; 43H; >; 10; 52; 6; 0; 0; 1
43; 43H; >; 11; 1; 6; 2; 2; 1
43; 43H; >; 12; 132; 6; 4; 4; 1
43; 43H; >; 13; 133; 6; 6; 6; 1
43; 43H; >; 14; 134; 6; 8; 8; 1
43; 43H; >; 15; 135; 6; 10; 10; 1
43; 43H; >; 16; 136; 6; 12; 12; 1
43; 43H; >; 17; 137; 6; 14; 14; 1
43; 43H; >; 18; 138; 6; 16; 16; 1
43; 43H; >; 19; 139; 6; 18; 18; 1
43; 43H; >; 20; 140; 6; 20; 20; 1
43; 43H; >; 21; 141; 6; 22; 22; 1
43; 43H; >; 1; 61; 6; 52; 52; 2
43; 43H; >; 2; 60; 6; 54; 54; 2
43; 43H; >; 3; 59; 6; 56; 56; 2
43; 43H; >; 4; 58; 6; 58; 58; 2
43; 43H; >; 5; 57; 6; 0; 0; 2
43; 43H; >; 6; 56; 6; 2; 2; 2
43; 43H; >; 7; 55; 6; 4; 4; 2
43; 43H; >; 8; 54; 6; 6; 6; 2
43; 43H; >; 9; 53; 6; 8; 8; 2
43; 43H; >; 10; 52; 6; 10; 10; 2
43; 43H; >; 11; 1; 6; 12; 12; 2
43; 43H; >; 12; 132; 6; 14; 14; 2
43; 43H; >; 13; 133; 6; 16; 16; 2
43; 43H; >; 14; 134; 6; 18; 18; 2
43; 43H; >; 15; 135; 6; 20; 20; 2
43; 43H; >; 16; 136; 6; 22; 22; 2
43; 43H; >; 17; 137; 6; 24; 24; 2
43; 43H; >; 18; 138; 6; 26; 26; 2
43; 43H; >; 19; 139; 6; 28; 28; 2
43; 43H; >; 20; 140; 6; 30; 30; 2
43; 43H; >; 21; 141; 6; 32; 32; 2
43; 43H; >; 1; 61; 6; 2; 2; 3
43; 43H; >; 2; 60; 6; 4; 4; 3
43; 43H; >; 3; 59; 6; 6; 6; 3
43; 43H; >; 4; 58; 6; 8; 8; 3
43; 43H; >; 5; 57; 6; 10; 10; 3
43; 43H; >; 6; 56; 6; 12; 12; 3
43; 43H; >; 7; 55; 6; 14; 14; 3
43; 43H; >; 8; 54; 6; 16; 16; 3
43; 43H; >; 9; 53; 6; 18; 18; 3
43; 43H; >; 10; 52; 6; 20; 20; 3
43; 43H; >; 11; 1; 6; 22; 22; 3
43; 43H; >; 12; 132; 6; 24; 24; 3
43; 43H; >; 13; 133; 6; 26; 26; 3
43; 43H; >; 14; 134; 6; 28; 28; 3
43; 43H; >; 15; 135; 6; 30; 30; 3
43; 43H; >; 16; 136; 6; 32; 32; 3
43; 43H; >; 17; 137; 6; 34; 34; 3
43; 43H; >; 18; 138; 6; 36; 36; 3
43; 43H; >; 19; 139; 6; 38; 38; 3
43; 43H; >; 20; 140; 6; 40; 40; 3
43; 43H; >; 21; 141; 6; 42; 42; 3
43; 43H; >; 1; 61; 6; 12; 12; 4
43; 43H; >; 2; 60; 6; 14; 14; 4
43; 43H; >; 3; 59; 6; 16; 16; 4
43; 43H; >; 4; 58; 6; 18; 18; 4
43; 43H; >; 5; 57; 6; 20; 20; 4
43; 43H; >; 6; 56; 6; 22; 22; 4
43; 43H; >; 7; 55; 6; 24; 24; 4
43; 43H; >; 8; 54; 6; 26; 26; 4
43; 43H; >; 9; 53; 6; 28; 28; 4
43; 43H; >; 10; 52; 6; 30; 30; 4
43; 43H; >; 11; 1; 6; 32; 32; 4
43; 43H; >; 12; 132; 6; 34; 34; 4
43; 43H; >; 13; 133; 6; 36; 36; 4
43; 43H; >; 14; 134; 6; 38; 38; 4
43; 43H; >; 15; 135; 6; 40; 40; 4
43; 43H; >; 16; 136; 6; 42; 42; 4
43; 43H; >; 17; 137; 6; 44; 44; 4
43; 43H; >; 18; 138; 6; 46; 46; 4
43; 43H; >; 19; 139; 6; 48; 48; 4
43; 43H; >; 20; 140; 6; 50; 50; 4
43; 43H; >; 21; 141; 6; 52; 52; 4
43; 43H; >; 1; 61; 6; 22; 22; 5
43; 43H; >; 2; 60; 6; 24; 24; 5
43; 43H; >; 3; 59; 6; 26; 26; 5
43; 43H; >; 4; 58; 6; 28; 28; 5
43; 43H; >; 5; 57; 6; 30; 30; 5
43; 43H; >; 6; 56; 6; 32; 32; 5
43; 43H; >; 7; 55; 6; 34; 34; 5
43; 43H; >; 8; 54; 6; 36; 36; 5
43; 43H; >; 9; 53; 6; 38; 38; 5
43; 43H; >; 10; 52; 6; 40; 40; 5
43; 43H; >; 11; 1; 6; 42; 42; 5
43; 43H; >; 12; 132; 6; 44; 44; 5
43; 43H; >; 13; 133; 6; 46; 46; 5
43; 43H; >; 14; 134; 6; 48; 48; 5
43; 43H; >; 15; 135; 6; 50; 50; 5
43; 43H; >; 16; 136; 6; 52; 52; 5
43; 43H; >; 17; 137; 6; 54; 54; 5
43; 43H; >; 18; 138; 6; 56; 56; 5
43; 43H; >; 19; 139; 6; 58; 58; 5
43; 43H; >; 20; 140; 6; 0; 0; 5
43; 43H; >; 21; 141; 6; 2; 2; 5
43; 43H; >; 1; 61; 6; 32; 32; 6
43; 43H; >; 2; 60; 6; 34; 34; 6
43; 43H; >; 3; 59; 6; 36; 36; 6
43; 43H; >; 4; 58; 6; 38; 38; 6
43; 43H; >; 5; 57; 6; 40; 40; 6
43; 43H; >; 6; 56; 6; 42; 42; 6
43; 43H; >; 7; 55; 6; 44; 44; 6
43; 43H; >; 8; 54; 6; 46; 46; 6
43; 43H; >; 9; 53; 6; 48; 48; 6
43; 43H; >; 10; 52; 6; 50; 50; 6
43; 43H; >; 11; 1; 6; 52; 52; 6
43; 43H; >; 12; 132; 6; 54; 54; 6
43; 43H; >; 13; 133; 6; 56; 56; 6
43; 43H; >; 14; 134; 6; 58; 58; 6
43; 43H; >; 15; 135; 6; 0; 0; 6
43; 43H; >; 16; 136; 6; 2; 2; 6
43; 43H; >; 17; 137; 6; 4; 4; 6
43; 43H; >; 18; 138; 6; 6; 6; 6
43; 43H; >; 19; 139; 6; 8; 8; 6
43; 43H; >; 20; 140; 6; 10; 10; 6
43; 43H; >; 21; 141; 6; 12; 12; 6
43; 43R; <; 1; 141; 6; 2; 2; 1
43; 43R; <; 2; 140; 6; 4; 4; 1
43; 43R; <; 3; 139; 6; 6; 6; 1
43; 43R; <; 4; 138; 6; 8; 8; 1
43; 43R; <; 5; 137; 6; 10; 10; 1
43; 43R; <; 6; 136; 6; 12; 12; 1
43; 43R; <; 7; 135; 6; 14; 14; 1
43; 43R; <; 8; 134; 6; 16; 16; 1
43; 43R; <; 9; 133; 6; 18; 18; 1
43; 43R; <; 10; 132; 6; 20; 20; 1
43; 43R; <; 11; 1; 6; 22; 22; 1
43; 43R; <; 12; 52; 6; 24; 24; 1
43; 43R; <; 13; 53; 6; 26; 26; 1
43; 43R; <; 14; 54; 6; 28; 28; 1
43; 43R; <; 15; 55; 6; 30; 30; 1
43; 43R; <; 16; 56; 6; 32; 32; 1
43; 43R; <; 17; 57; 6; 34; 34; 1
43; 43R; <; 18; 58; 6; 36; 36; 1
43; 43R; <; 19; 59; 6; 38; 38; 1
43; 43R; <; 20; 60; 6; 40; 40; 1
43; 43R; <; 21; 61; 6; 42; 42; 1
43; 43R; <; 1; 141; 6; 12; 12; 2
43; 43R; <; 2; 140; 6; 14; 14; 2
43; 43R; <; 3; 139; 6; 16; 16; 2
43; 43R; <; 4; 138; 6; 18; 18; 2
43; 43R; <; 5; 137; 6; 20; 20; 2
43; 43R; <; 6; 136; 6; 22; 22; 2
43; 43R; <; 7; 135; 6; 24; 24; 2
43; 43R; <; 8; 134; 6; 26; 26; 2
43; 43R; <; 9; 133; 6; 28; 28; 2
43; 43R; <; 10; 132; 6; 30; 30; 2
43; 43R; <; 11; 1; 6; 32; 32; 2
43; 43R; <; 12; 52; 6; 34; 34; 2
43; 43R; <; 13; 53; 6; 36; 36; 2
43; 43R; <; 14; 54; 6; 38; 38; 2
43; 43R; <; 15; 55; 6; 40; 40; 2
43; 43R; <; 16; 56; 6; 42; 42; 2
43; 43R; <; 17; 57; 6; 44; 44; 2
43; 43R; <; 18; 58; 6; 46; 46; 2
43; 43R; <; 19; 59; 6; 48; 48; 2
43; 43R; <; 20; 60; 6; 50; 50; 2
43; 43R; <; 21; 61; 6; 52; 52; 2
43; 43R; <; 1; 141; 6; 22; 22; 3
43; 43R; <; 2; 140; 6; 24; 24; 3
43; 43R; <; 3; 139; 6; 26; 26; 3
43; 43R; <; 4; 138; 6; 28; 28; 3
43; 43R; <; 5; 137; 6; 30; 30; 3
43; 43R; <; 6; 136; 6; 32; 32; 3
43; 43R; <; 7; 135; 6; 34; 34; 3
43; 43R; <; 8; 134; 6; 36; 36; 3
43; 43R; <; 9; 133; 6; 38; 38; 3
43; 43R; <; 10; 132; 6; 40; 40; 3
43; 43R; <; 11; 1; 6; 42; 42; 3
43; 43R; <; 12; 52; 6; 44; 44; 3
43; 43R; <; 13; 53; 6; 46; 46; 3
43; 43R; <; 14; 54; 6; 48; 48; 3
43; 43R; <; 15; 55; 6; 50; 50; 3
43; 43R; <; 16; 56; 6; 52; 52; 3
43; 43R; <; 17; 57; 6; 54; 54; 3
43; 43R; <; 18; 58; 6; 56; 56; 3
43; 43R; <; 19; 59; 6; 58; 58; 3
43; 43R; <; 20; 60; 6; 0; 0; 3
43; 43R; <; 21; 61; 6; 2; 2; 3
43; 43R; <; 1; 141; 6; 32; 32; 4
43; 43R; <; 2; 140; 6; 34; 34; 4
43; 43R; <; 3; 139; 6; 36; 36; 4
43; 43R; <; 4; 138; 6; 38; 38; 4
43; 43R; <; 5; 137; 6; 40; 40; 4
43; 43R; <; 6; 136; 6; 42; 42; 4
43; 43R; <; 7; 135; 6; 44; 44; 4
43; 43R; <; 8; 134; 6; 46; 46; 4
43; 43R; <; 9; 133; 6; 48; 48; 4
43; 43R; <; 10; 132; 6; 50; 50; 4
43; 43R; <; 11; 1; 6; 52; 52; 4
43; 43R; <; 12; 52; 6; 54; 54; 4
43; 43R; <; 13; 53; 6; 56; 56; 4
43; 43R; <; 14; 54; 6; 58; 58; 4
43; 43R; <; 15; 55; 6; 0; 0; 4
43; 43R; <; 16; 56; 6; 2; 2; 4
43; 43R; <; 17; 57; 6; 4; 4; 4
43; 43R; <; 18; 58; 6; 6; 6; 4
43; 43R; <; 19; 59; 6; 8; 8; 4
43; 43R; <; 20; 60; 6; 10; 10; 4
43; 43R; <; 21; 61; 6; 12; 12; 4
43; 43R; <; 1; 141; 6; 42; 42; 5
43; 43R; <; 2; 140; 6; 44; 44; 5
43; 43R; <; 3; 139; 6; 46; 46; 5
43; 43R; <; 4; 138; 6; 48; 48; 5
43; 43R; <; 5; 137; 6; 50; 50; 5
43; 43R; <; 6; 136; 6; 52; 52; 5
43; 43R; <; 7; 135; 6; 54; 54; 5
43; 43R; <; 8; 134; 6; 56; 56; 5
43; 43R; <; 9; 133; 6; 58; 58; 5
43; 43R; <; 10; 132; 6; 0; 0; 5
43; 43R; <; 11; 1; 6; 2; 2; 5
43; 43R; <; 12; 52; 6; 4; 4; 5
43; 43R; <; 13; 53; 6; 6; 6; 5
43; 43R; <; 14; 54; 6; 8; 8; 5
43; 43R; <; 15; 55; 6; 10; 10; 5
43; 43R; <; 16; 56; 6; 12; 12; 5
43; 43R; <; 17; 57; 6; 14; 14; 5
43; 43R; <; 18; 58; 6; 16; 16; 5
43; 43R; <; 19; 59; 6; 18; 18; 5
43; 43R; <; 20; 60; 6; 20; 20; 5
43; 43R; <; 21; 61; 6; 22; 22; 5
43; 43R; <; 1; 141; 6; 52; 52; 6
43; 43R; <; 2; 140; 6; 54; 54; 6
43; 43R; <; 3; 139; 6; 56; 56; 6
43; 43R; <; 4; 138; 6; 58; 58; 6
43; 43R; <; 5; 137; 6; 0; 0; 6
43; 43R; <; 6; 136; 6; 2; 2; 6
43; 43R; <; 7; 135; 6; 4; 4; 6
43; 43R; <; 8; 134; 6; 6; 6; 6
43; 43R; <; 9; 133; 6; 8; 8; 6
43; 43R; <; 10; 132; 6; 10; 10; 6
43; 43R; <; 11; 1; 6; 12; 12; 6
43; 43R; <; 12; 52; 6; 14; 14; 6
43; 43R; <; 13; 53; 6; 16; 16; 6
43; 43R; <; 14; 54; 6; 18; 18; 6
43; 43R; <; 15; 55; 6; 20; 20; 6
43; 43R; <; 16; 56; 6; 22; 22; 6
43; 43R; <; 17; 57; 6; 24; 24; 6
43; 43R; <; 18; 58; 6; 26; 26; 6
43; 43R; <; 19; 59; 6; 28; 28; 6
43; 43R; <; 20; 60; 6; 30; 30; 6
43; 43R; <; 21; 61; 6; 32; 32; 6
44; 44H; >; 1; 51; 3; 59; 59; 1
44; 44H; >; 2; 50; 3; 1; 1; 1
44; 44H; >; 3; 49; 3; 3; 3; 1
44; 44H; >; 4; 48; 3; 5; 5; 1
44; 44H; >; 5; 47; 3; 7; 7; 1
44; 44H; >; 6; 46; 3; 9; 9; 1
44; 44H; >; 7; 45; 3; 11; 11; 1
44; 44H; >; 8; 44; 3; 13; 13; 1
44; 44H; >; 9; 43; 3; 15; 15; 1
44; 44H; >; 10; 42; 3; 17; 17; 1
44; 44H; >; 11; 1; 3; 19; 19; 1
44; 44H; >; 12; 122; 3; 21; 21; 1
44; 44H; >; 13; 123; 3; 23; 23; 1
44; 44H; >; 14; 124; 3; 25; 25; 1
44; 44H; >; 15; 125; 3; 27; 27; 1
44; 44H; >; 16; 126; 3; 29; 29; 1
44; 44H; >; 17; 127; 3; 31; 31; 1
44; 44H; >; 18; 128; 3; 33; 33; 1
44; 44H; >; 19; 129; 3; 35; 35; 1
44; 44H; >; 20; 130; 3; 37; 37; 1
44; 44H; >; 21; 131; 3; 39; 39; 1
44; 44H; >; 1; 51; 3; 19; 19; 2
44; 44H; >; 2; 50; 3; 21; 21; 2
44; 44H; >; 3; 49; 3; 23; 23; 2
44; 44H; >; 4; 48; 3; 25; 25; 2
44; 44H; >; 5; 47; 3; 27; 27; 2
44; 44H; >; 6; 46; 3; 29; 29; 2
44; 44H; >; 7; 45; 3; 31; 31; 2
44; 44H; >; 8; 44; 3; 33; 33; 2
44; 44H; >; 9; 43; 3; 35; 35; 2
44; 44H; >; 10; 42; 3; 37; 37; 2
44; 44H; >; 11; 1; 3; 39; 39; 2
44; 44H; >; 12; 122; 3; 41; 41; 2
44; 44H; >; 13; 123; 3; 43; 43; 2
44; 44H; >; 14; 124; 3; 45; 45; 2
44; 44H; >; 15; 125; 3; 47; 47; 2
44; 44H; >; 16; 126; 3; 49; 49; 2
44; 44H; >; 17; 127; 3; 51; 51; 2
44; 44H; >; 18; 128; 3; 53; 53; 2
44; 44H; >; 19; 129; 3; 55; 55; 2
44; 44H; >; 20; 130; 3; 57; 57; 2
44; 44H; >; 21; 131; 3; 59; 59; 2
44; 44H; >; 1; 51; 3; 39; 39; 3
44; 44H; >; 2; 50; 3; 41; 41; 3
44; 44H; >; 3; 49; 3; 43; 43; 3
44; 44H; >; 4; 48; 3; 45; 45; 3
44; 44H; >; 5; 47; 3; 47; 47; 3
44; 44H; >; 6; 46; 3; 49; 49; 3
44; 44H; >; 7; 45; 3; 51; 51; 3
44; 44H; >; 8; 44; 3; 53; 53; 3
44; 44H; >; 9; 43; 3; 55; 55; 3
44; 44H; >; 10; 42; 3; 57; 57; 3
44; 44H; >; 11; 1; 3; 59; 59; 3
44; 44H; >; 12; 122; 3; 1; 1; 3
44; 44H; >; 13; 123; 3; 3; 3; 3
44; 44H; >; 14; 124; 3; 5; 5; 3
44; 44H; >; 15; 125; 3; 7; 7; 3
44; 44H; >; 16; 126; 3; 9; 9; 3
44; 44H; >; 17; 127; 3; 11; 11; 3
44; 44H; >; 18; 128; 3; 13; 13; 3
44; 44H; >; 19; 129; 3; 15; 15; 3
44; 44H; >; 20; 130; 3; 17; 17; 3
44; 44H; >; 21; 131; 3; 19; 19; 3
44; 44R; <; 1; 131; 3; 19; 19; 1
44; 44R; <; 2; 130; 3; 21; 21; 1
44; 44R; <; 3; 129; 3; 23; 23; 1
44; 44R; <; 4; 128; 3; 25; 25; 1
44; 44R; <; 5; 127; 3; 27; 27; 1
44; 44R; <; 6; 126; 3; 29; 29; 1
44; 44R; <; 7; 125; 3; 31; 31; 1
44; 44R; <; 8; 124; 3; 33; 33; 1
44; 44R; <; 9; 123; 3; 35; 35; 1
44; 44R; <; 10; 122; 3; 37; 37; 1
44; 44R; <; 11; 1; 3; 39; 39; 1
44; 44R; <; 12; 42; 3; 41; 41; 1
44; 44R; <; 13; 43; 3; 43; 43; 1
44; 44R; <; 14; 44; 3; 45; 45; 1
44; 44R; <; 15; 45; 3; 47; 47; 1
44; 44R; <; 16; 46; 3; 49; 49; 1
44; 44R; <; 17; 47; 3; 51; 51; 1
44; 44R; <; 18; 48; 3; 53; 53; 1
44; 44R; <; 19; 49; 3; 55; 55; 1
44; 44R; <; 20; 50; 3; 57; 57; 1
44; 44R; <; 21; 51; 3; 59; 59; 1
44; 44R; <; 1; 131; 3; 39; 39; 2
44; 44R; <; 2; 130; 3; 41; 41; 2
44; 44R; <; 3; 129; 3; 43; 43; 2
44; 44R; <; 4; 128; 3; 45; 45; 2
44; 44R; <; 5; 127; 3; 47; 47; 2
44; 44R; <; 6; 126; 3; 49; 49; 2
44; 44R; <; 7; 125; 3; 51; 51; 2
44; 44R; <; 8; 124; 3; 53; 53; 2
44; 44R; <; 9; 123; 3; 55; 55; 2
44; 44R; <; 10; 122; 3; 57; 57; 2
44; 44R; <; 11; 1; 3; 59; 59; 2
44; 44R; <; 12; 42; 3; 1; 1; 2
44; 44R; <; 13; 43; 3; 3; 3; 2
44; 44R; <; 14; 44; 3; 5; 5; 2
44; 44R; <; 15; 45; 3; 7; 7; 2
44; 44R; <; 16; 46; 3; 9; 9; 2
44; 44R; <; 17; 47; 3; 11; 11; 2
44; 44R; <; 18; 48; 3; 13; 13; 2
44; 44R; <; 19; 49; 3; 15; 15; 2
44; 44R; <; 20; 50; 3; 17; 17; 2
44; 44R; <; 21; 51; 3; 19; 19; 2
44; 44R; <; 1; 131; 3; 59; 59; 3
44; 44R; <; 2; 130; 3; 1; 1; 3
44; 44R; <; 3; 129; 3; 3; 3; 3
44; 44R; <; 4; 128; 3; 5; 5; 3
44; 44R; <; 5; 127; 3; 7; 7; 3
44; 44R; <; 6; 126; 3; 9; 9; 3
44; 44R; <; 7; 125; 3; 11; 11; 3
44; 44R; <; 8; 124; 3; 13; 13; 3
44; 44R; <; 9; 123; 3; 15; 15; 3
44; 44R; <; 10; 122; 3; 17; 17; 3
44; 44R; <; 11; 1; 3; 19; 19; 3
44; 44R; <; 12; 42; 3; 21; 21; 3
44; 44R; <; 13; 43; 3; 23; 23; 3
44; 44R; <; 14; 44; 3; 25; 25; 3
44; 44R; <; 15; 45; 3; 27; 27; 3
44; 44R; <; 16; 46; 3; 29; 29; 3
44; 44R; <; 17; 47; 3; 31; 31; 3
44; 44R; <; 18; 48; 3; 33; 33; 3
44; 44R; <; 19; 49; 3; 35; 35; 3
44; 44R; <; 20; 50; 3; 37; 37; 3
44; 44R; <; 21; 51; 3; 39; 39; 3
45; 45H; >; 1; 41; 1; 16; 16; 1
45; 45H; >; 2; 40; 1; 18; 18; 1
45; 45H; >; 3; 39; 1; 20; 20; 1
45; 45H; >; 4; 38; 1; 22; 22; 1
45; 45H; >; 5; 37; 1; 24; 24; 1
45; 45H; >; 6; 36; 1; 26; 26; 1
45; 45H; >; 7; 35; 1; 28; 28; 1
45; 45H; >; 8; 34; 1; 30; 30; 1
45; 45H; >; 9; 33; 1; 32; 32; 1
45; 45H; >; 10; 32; 1; 34; 34; 1
45; 45H; >; 11; 1; 1; 36; 36; 1
45; 45H; >; 12; 112; 1; 38; 38; 1
45; 45H; >; 13; 113; 1; 40; 40; 1
45; 45H; >; 14; 114; 1; 42; 42; 1
45; 45H; >; 15; 115; 1; 44; 44; 1
45; 45H; >; 16; 116; 1; 46; 46; 1
45; 45H; >; 17; 117; 1; 48; 48; 1
45; 45H; >; 18; 118; 1; 50; 50; 1
45; 45H; >; 19; 119; 1; 52; 52; 1
45; 45H; >; 20; 120; 1; 54; 54; 1
45; 45H; >; 21; 121; 1; 56; 56; 1
45; 45R; <; 1; 121; 1; 36; 36; 1
45; 45R; <; 2; 120; 1; 38; 38; 1
45; 45R; <; 3; 119; 1; 40; 40; 1
45; 45R; <; 4; 118; 1; 42; 42; 1
45; 45R; <; 5; 117; 1; 44; 44; 1
45; 45R; <; 6; 116; 1; 46; 46; 1
45; 45R; <; 7; 115; 1; 48; 48; 1
45; 45R; <; 8; 114; 1; 50; 50; 1
45; 45R; <; 9; 113; 1; 52; 52; 1
45; 45R; <; 10; 112; 1; 54; 54; 1
45; 45R; <; 11; 1; 1; 56; 56; 1
45; 45R; <; 12; 32; 1; 58; 58; 1
45; 45R; <; 13; 33; 1; 0; 0; 1
45; 45R; <; 14; 34; 1; 2; 2; 1
45; 45R; <; 15; 35; 1; 4; 4; 1
45; 45R; <; 16; 36; 1; 6; 6; 1
45; 45R; <; 17; 37; 1; 8; 8; 1
45; 45R; <; 18; 38; 1; 10; 10; 1
45; 45R; <; 19; 39; 1; 12; 12; 1
45; 45R; <; 20; 40; 1; 14; 14; 1
45; 45R; <; 21; 41; 1; 16; 16; 1
46; 46H; >; 1; 31; 3; 12; 12; 1
46; 46H; >; 2; 30; 3; 14; 14; 1
46; 46H; >; 3; 29; 3; 16; 16; 1
46; 46H; >; 4; 28; 3; 18; 18; 1
46; 46H; >; 5; 27; 3; 20; 20; 1
46; 46H; >; 6; 26; 3; 22; 22; 1
46; 46H; >; 7; 25; 3; 24; 24; 1
46; 46H; >; 8; 24; 3; 26; 26; 1
46; 46H; >; 9; 23; 3; 28; 28; 1
46; 46H; >; 10; 22; 3; 30; 30; 1
46; 46H; >; 11; 1; 3; 32; 32; 1
46; 46H; >; 12; 102; 3; 34; 34; 1
46; 46H; >; 13; 103; 3; 36; 36; 1
46; 46H; >; 14; 104; 3; 38; 38; 1
46; 46H; >; 15; 105; 3; 40; 40; 1
46; 46H; >; 16; 106; 3; 42; 42; 1
46; 46H; >; 17; 107; 3; 44; 44; 1
46; 46H; >; 18; 108; 3; 46; 46; 1
46; 46H; >; 19; 109; 3; 48; 48; 1
46; 46H; >; 20; 110; 3; 50; 50; 1
46; 46H; >; 21; 111; 3; 52; 52; 1
46; 46H; >; 1; 31; 3; 32; 32; 2
46; 46H; >; 2; 30; 3; 34; 34; 2
46; 46H; >; 3; 29; 3; 36; 36; 2
46; 46H; >; 4; 28; 3; 38; 38; 2
46; 46H; >; 5; 27; 3; 40; 40; 2
46; 46H; >; 6; 26; 3; 42; 42; 2
46; 46H; >; 7; 25; 3; 44; 44; 2
46; 46H; >; 8; 24; 3; 46; 46; 2
46; 46H; >; 9; 23; 3; 48; 48; 2
46; 46H; >; 10; 22; 3; 50; 50; 2
46; 46H; >; 11; 1; 3; 52; 52; 2
46; 46H; >; 12; 102; 3; 54; 54; 2
46; 46H; >; 13; 103; 3; 56; 56; 2
46; 46H; >; 14; 104; 3; 58; 58; 2
46; 46H; >; 15; 105; 3; 0; 0; 2
46; 46H; >; 16; 106; 3; 2; 2; 2
46; 46H; >; 17; 107; 3; 4; 4; 2
46; 46H; >; 18; 108; 3; 6; 6; 2
46; 46H; >; 19; 109; 3; 8; 8; 2
46; 46H; >; 20; 110; 3; 10; 10; 2
46; 46H; >; 21; 111; 3; 12; 12; 2
46; 46H; >; 1; 31; 3; 52; 52; 3
46; 46H; >; 2; 30; 3; 54; 54; 3
46; 46H; >; 3; 29; 3; 56; 56; 3
46; 46H; >; 4; 28; 3; 58; 58; 3
46; 46H; >; 5; 27; 3; 0; 0; 3
46; 46H; >; 6; 26; 3; 2; 2; 3
46; 46H; >; 7; 25; 3; 4; 4; 3
46; 46H; >; 8; 24; 3; 6; 6; 3
46; 46H; >; 9; 23; 3; 8; 8; 3
46; 46H; >; 10; 22; 3; 10; 10; 3
46; 46H; >; 11; 1; 3; 12; 12; 3
46; 46H; >; 12; 102; 3; 14; 14; 3
46; 46H; >; 13; 103; 3; 16; 16; 3
46; 46H; >; 14; 104; 3; 18; 18; 3
46; 46H; >; 15; 105; 3; 20; 20; 3
46; 46H; >; 16; 106; 3; 22; 22; 3
46; 46H; >; 17; 107; 3; 24; 24; 3
46; 46H; >; 18; 108; 3; 26; 26; 3
46; 46H; >; 19; 109; 3; 28; 28; 3
46; 46H; >; 20; 110; 3; 30; 30; 3
46; 46H; >; 21; 111; 3; 32; 32; 3
46; 46R; <; 1; 111; 3; 15; 15; 1
46; 46R; <; 2; 110; 3; 17; 17; 1
46; 46R; <; 3; 109; 3; 19; 19; 1
46; 46R; <; 4; 108; 3; 21; 21; 1
46; 46R; <; 5; 107; 3; 23; 23; 1
46; 46R; <; 6; 106; 3; 25; 25; 1
46; 46R; <; 7; 105; 3; 27; 27; 1
46; 46R; <; 8; 104; 3; 29; 29; 1
46; 46R; <; 9; 103; 3; 31; 31; 1
46; 46R; <; 10; 102; 3; 33; 33; 1
46; 46R; <; 11; 1; 3; 35; 35; 1
46; 46R; <; 12; 22; 3; 37; 37; 1
46; 46R; <; 13; 23; 3; 39; 39; 1
46; 46R; <; 14; 24; 3; 41; 41; 1
46; 46R; <; 15; 25; 3; 43; 43; 1
46; 46R; <; 16; 26; 3; 45; 45; 1
46; 46R; <; 17; 27; 3; 47; 47; 1
46; 46R; <; 18; 28; 3; 49; 49; 1
46; 46R; <; 19; 29; 3; 51; 51; 1
46; 46R; <; 20; 30; 3; 53; 53; 1
46; 46R; <; 21; 31; 3; 55; 55; 1
46; 46R; <; 1; 111; 3; 35; 35; 2
46; 46R; <; 2; 110; 3; 37; 37; 2
46; 46R; <; 3; 109; 3; 39; 39; 2
46; 46R; <; 4; 108; 3; 41; 41; 2
46; 46R; <; 5; 107; 3; 43; 43; 2
46; 46R; <; 6; 106; 3; 45; 45; 2
46; 46R; <; 7; 105; 3; 47; 47; 2
46; 46R; <; 8; 104; 3; 49; 49; 2
46; 46R; <; 9; 103; 3; 51; 51; 2
46; 46R; <; 10; 102; 3; 53; 53; 2
46; 46R; <; 11; 1; 3; 55; 55; 2
46; 46R; <; 12; 22; 3; 57; 57; 2
46; 46R; <; 13; 23; 3; 59; 59; 2
46; 46R; <; 14; 24; 3; 1; 1; 2
46; 46R; <; 15; 25; 3; 3; 3; 2
46; 46R; <; 16; 26; 3; 5; 5; 2
46; 46R; <; 17; 27; 3; 7; 7; 2
46; 46R; <; 18; 28; 3; 9; 9; 2
46; 46R; <; 19; 29; 3; 11; 11; 2
46; 46R; <; 20; 30; 3; 13; 13; 2
46; 46R; <; 21; 31; 3; 15; 15; 2
46; 46R; <; 1; 111; 3; 55; 55; 3
46; 46R; <; 2; 110; 3; 57; 57; 3
46; 46R; <; 3; 109; 3; 59; 59; 3
46; 46R; <; 4; 108; 3; 1; 1; 3
46; 46R; <; 5; 107; 3; 3; 3; 3
46; 46R; <; 6; 106; 3; 5; 5; 3
46; 46R; <; 7; 105; 3; 7; 7; 3
46; 46R; <; 8; 104; 3; 9; 9; 3
46; 46R; <; 9; 103; 3; 11; 11; 3
46; 46R; <; 10; 102; 3; 13; 13; 3
46; 46R; <; 11; 1; 3; 15; 15; 3
46; 46R; <; 12; 22; 3; 17; 17; 3
46; 46R; <; 13; 23; 3; 19; 19; 3
46; 46R; <; 14; 24; 3; 21; 21; 3
46; 46R; <; 15; 25; 3; 23; 23; 3
46; 46R; <; 16; 26; 3; 25; 25; 3
46; 46R; <; 17; 27; 3; 27; 27; 3
46; 46R; <; 18; 28; 3; 29; 29; 3
46; 46R; <; 19; 29; 3; 31; 31; 3
46; 46R; <; 20; 30; 3; 33; 33; 3
46; 46R; <; 21; 31; 3; 35; 35; 3
47; 47H; >; 1; 21; 3; 27; 27; 1
47; 47H; >; 2; 20; 3; 29; 29; 1
47; 47H; >; 3; 19; 3; 31; 31; 1
47; 47H; >; 4; 18; 3; 33; 33; 1
47; 47H; >; 5; 17; 3; 35; 35; 1
47; 47H; >; 6; 16; 3; 37; 37; 1
47; 47H; >; 7; 15; 3; 39; 39; 1
47; 47H; >; 8; 14; 3; 41; 41; 1
47; 47H; >; 9; 13; 3; 43; 43; 1
47; 47H; >; 10; 12; 3; 45; 45; 1
47; 47H; >; 11; 1; 3; 47; 47; 1
47; 47H; >; 12; 92; 3; 49; 49; 1
47; 47H; >; 13; 93; 3; 51; 51; 1
47; 47H; >; 14; 94; 3; 53; 53; 1
47; 47H; >; 15; 95; 3; 55; 55; 1
47; 47H; >; 16; 96; 3; 57; 57; 1
47; 47H; >; 17; 97; 3; 59; 59; 1
47; 47H; >; 18; 98; 3; 1; 1; 1
47; 47H; >; 19; 99; 3; 3; 3; 1
47; 47H; >; 20; 100; 3; 5; 5; 1
47; 47H; >; 21; 101; 3; 7; 7; 1
47; 47H; >; 1; 21; 3; 47; 47; 2
47; 47H; >; 2; 20; 3; 49; 49; 2
47; 47H; >; 3; 19; 3; 51; 51; 2
47; 47H; >; 4; 18; 3; 53; 53; 2
47; 47H; >; 5; 17; 3; 55; 55; 2
47; 47H; >; 6; 16; 3; 57; 57; 2
47; 47H; >; 7; 15; 3; 59; 59; 2
47; 47H; >; 8; 14; 3; 1; 1; 2
47; 47H; >; 9; 13; 3; 3; 3; 2
47; 47H; >; 10; 12; 3; 5; 5; 2
47; 47H; >; 11; 1; 3; 7; 7; 2
47; 47H; >; 12; 92; 3; 9; 9; 2
47; 47H; >; 13; 93; 3; 11; 11; 2
47; 47H; >; 14; 94; 3; 13; 13; 2
47; 47H; >; 15; 95; 3; 15; 15; 2
47; 47H; >; 16; 96; 3; 17; 17; 2
47; 47H; >; 17; 97; 3; 19; 19; 2
47; 47H; >; 18; 98; 3; 21; 21; 2
47; 47H; >; 19; 99; 3; 23; 23; 2
47; 47H; >; 20; 100; 3; 25; 25; 2
47; 47H; >; 21; 101; 3; 27; 27; 2
47; 47H; >; 1; 21; 3; 7; 7; 3
47; 47H; >; 2; 20; 3; 9; 9; 3
47; 47H; >; 3; 19; 3; 11; 11; 3
47; 47H; >; 4; 18; 3; 13; 13; 3
47; 47H; >; 5; 17; 3; 15; 15; 3
47; 47H; >; 6; 16; 3; 17; 17; 3
47; 47H; >; 7; 15; 3; 19; 19; 3
47; 47H; >; 8; 14; 3; 21; 21; 3
47; 47H; >; 9; 13; 3; 23; 23; 3
47; 47H; >; 10; 12; 3; 25; 25; 3
47; 47H; >; 11; 1; 3; 27; 27; 3
47; 47H; >; 12; 92; 3; 29; 29; 3
47; 47H; >; 13; 93; 3; 31; 31; 3
47; 47H; >; 14; 94; 3; 33; 33; 3
47; 47H; >; 15; 95; 3; 35; 35; 3
47; 47H; >; 16; 96; 3; 37; 37; 3
47; 47H; >; 17; 97; 3; 39; 39; 3
47; 47H; >; 18; 98; 3; 41; 41; 3
47; 47H; >; 19; 99; 3; 43; 43; 3
47; 47H; >; 20; 100; 3; 45; 45; 3
47; 47H; >; 21; 101; 3; 47; 47; 3
47; 47R; <; 1; 101; 3; 42; 42; 1
47; 47R; <; 2; 100; 3; 44; 44; 1
47; 47R; <; 3; 99; 3; 46; 46; 1
47; 47R; <; 4; 98; 3; 48; 48; 1
47; 47R; <; 5; 97; 3; 50; 50; 1
47; 47R; <; 6; 96; 3; 52; 52; 1
47; 47R; <; 7; 95; 3; 54; 54; 1
47; 47R; <; 8; 94; 3; 56; 56; 1
47; 47R; <; 9; 93; 3; 58; 58; 1
47; 47R; <; 10; 92; 3; 0; 0; 1
47; 47R; <; 11; 1; 3; 2; 2; 1
47; 47R; <; 12; 12; 3; 4; 4; 1
47; 47R; <; 13; 13; 3; 6; 6; 1
47; 47R; <; 14; 14; 3; 8; 8; 1
47; 47R; <; 15; 15; 3; 10; 10; 1
47; 47R; <; 16; 16; 3; 12; 12; 1
47; 47R; <; 17; 17; 3; 14; 14; 1
47; 47R; <; 18; 18; 3; 16; 16; 1
47; 47R; <; 19; 19; 3; 18; 18; 1
47; 47R; <; 20; 20; 3; 20; 20; 1
47; 47R; <; 21; 21; 3; 22; 22; 1
47; 47R; <; 1; 101; 3; 2; 2; 2
47; 47R; <; 2; 100; 3; 4; 4; 2
47; 47R; <; 3; 99; 3; 6; 6; 2
47; 47R; <; 4; 98; 3; 8; 8; 2
47; 47R; <; 5; 97; 3; 10; 10; 2
47; 47R; <; 6; 96; 3; 12; 12; 2
47; 47R; <; 7; 95; 3; 14; 14; 2
47; 47R; <; 8; 94; 3; 16; 16; 2
47; 47R; <; 9; 93; 3; 18; 18; 2
47; 47R; <; 10; 92; 3; 20; 20; 2
47; 47R; <; 11; 1; 3; 22; 22; 2
47; 47R; <; 12; 12; 3; 24; 24; 2
47; 47R; <; 13; 13; 3; 26; 26; 2
47; 47R; <; 14; 14; 3; 28; 28; 2
47; 47R; <; 15; 15; 3; 30; 30; 2
47; 47R; <; 16; 16; 3; 32; 32; 2
47; 47R; <; 17; 17; 3; 34; 34; 2
47; 47R; <; 18; 18; 3; 36; 36; 2
47; 47R; <; 19; 19; 3; 38; 38; 2
47; 47R; <; 20; 20; 3; 40; 40; 2
47; 47R; <; 21; 21; 3; 42; 42; 2
47; 47R; <; 1; 101; 3; 22; 22; 3
47; 47R; <; 2; 100; 3; 24; 24; 3
47; 47R; <; 3; 99; 3; 26; 26; 3
47; 47R; <; 4; 98; 3; 28; 28; 3
47; 47R; <; 5; 97; 3; 30; 30; 3
47; 47R; <; 6; 96; 3; 32; 32; 3
47; 47R; <; 7; 95; 3; 34; 34; 3
47; 47R; <; 8; 94; 3; 36; 36; 3
47; 47R; <; 9; 93; 3; 38; 38; 3
47; 47R; <; 10; 92; 3; 40; 40; 3
47; 47R; <; 11; 1; 3; 42; 42; 3
47; 47R; <; 12; 12; 3; 44; 44; 3
47; 47R; <; 13; 13; 3; 46; 46; 3
47; 47R; <; 14; 14; 3; 48; 48; 3
47; 47R; <; 15; 15; 3; 50; 50; 3
47; 47R; <; 16; 16; 3; 52; 52; 3
47; 47R; <; 17; 17; 3; 54; 54; 3
47; 47R; <; 18; 18; 3; 56; 56; 3
47; 47R; <; 19; 19; 3; 58; 58; 3
47; 47R; <; 20; 20; 3; 0; 0; 3
47; 47R; <; 21; 21; 3; 2; 2; 3
