#origin-stop-id;destination-stop-id;perceived-travel-time;passengers
1;2;6;21
1;3;12;15
1;4;26;10
1;5;43;8
1;6;6;5
1;7;12;11
1;8;30;19
1;9;44;7
1;10;53;3
1;11;12;3
1;12;18;6
1;13;24;82
1;14;38;8
1;15;47;4
1;16;44;3
1;17;24;7
1;18;41;11
1;19;53;4
1;20;65;2
1;21;70;2
1;22;30;2
1;23;44;5
1;24;50;4
1;25;56;15
2;1;6;5
2;3;6;4
2;4;12;3
2;5;29;2
2;6;12;1
2;7;6;3
2;8;24;5
2;9;38;2
2;10;44;1
2;11;18;1
2;12;12;2
2;13;18;20
2;14;32;2
2;15;41;1
2;16;38;1
2;17;18;2
2;18;32;3
2;19;46;1
2;20;56;0
2;21;61;0
2;22;24;1
2;23;38;1
2;24;44;1
2;25;50;4
3;1;12;3
3;2;6;3
3;4;6;4
3;5;23;3
3;6;18;1
3;7;12;3
3;8;6;7
3;9;12;3
3;10;18;1
3;11;24;1
3;12;18;3
3;13;20;30
3;14;26;2
3;15;24;1
3;16;70;1
3;17;41;2
3;18;34;4
3;19;32;2
3;20;30;1
3;21;64;1
3;22;58;1
3;23;44;2
3;24;38;1
3;25;47;4
4;1;41;2
4;2;12;2
4;3;6;4
4;5;6;4
4;6;46;1
4;7;18;2
4;8;20;5
4;9;6;3
4;10;32;1
4;11;56;1
4;12;24;3
4;13;30;19
4;14;12;1
4;15;38;1
4;16;62;0
4;17;41;1
4;18;24;3
4;19;18;2
4;20;32;1
4;21;73;1
4;22;67;1
4;23;50;1
4;24;44;1
4;25;38;2
5;1;94;2
5;2;65;2
5;3;59;3
5;4;6;4
5;6;52;1
5;7;46;1
5;8;26;4
5;9;12;2
5;10;80;1
5;11;62;1
5;12;50;2
5;13;44;16
5;14;18;1
5;15;71;0
5;16;68;0
5;17;47;1
5;18;30;2
5;19;24;1
5;20;38;1
5;21;121;1
5;22;76;1
5;23;90;1
5;24;50;0
5;25;44;2
6;1;6;1
6;2;12;1
6;3;18;1
6;4;32;1
6;5;49;1
6;7;6;8
6;8;12;5
6;9;32;4
6;10;38;2
6;11;6;1
6;12;12;1
6;13;18;20
6;14;32;2
6;15;44;1
6;16;70;1
6;17;30;1
6;18;24;3
6;19;47;2
6;20;50;1
6;21;64;0
6;22;50;0
6;23;41;1
6;24;53;1
6;25;62;3
7;1;12;2
7;2;6;3
7;3;12;3
7;4;18;2
7;5;35;1
7;6;6;7
7;8;6;11
7;9;24;9
7;10;32;4
7;11;26;1
7;12;6;3
7;13;12;47
7;14;18;4
7;15;35;2
7;16;32;1
7;17;12;3
7;18;18;7
7;19;24;6
7;20;38;2
7;21;55;1
7;22;18;1
7;23;32;2
7;24;30;2
7;25;44;7
8;1;30;4
8;2;24;4
8;3;6;7
8;4;38;4
8;5;44;3
8;6;12;4
8;7;6;10
8;9;6;11
8;10;12;5
8;11;26;3
8;12;12;6
8;13;6;78
8;14;12;7
8;15;18;3
8;16;47;2
8;17;18;6
8;18;12;11
8;19;18;6
8;20;24;3
8;21;50;2
8;22;41;3
8;23;32;4
8;24;24;3
8;25;38;10
9;1;44;1
9;2;38;2
9;3;12;3
9;4;6;3
9;5;12;2
9;6;32;3
9;7;20;8
9;8;6;11
9;10;6;7
9;11;35;2
9;12;18;5
9;13;12;46
9;14;6;6
9;15;12;3
9;16;41;2
9;17;32;5
9;18;18;6
9;19;12;3
9;20;18;1
9;21;76;1
9;22;44;2
9;23;58;2
9;24;38;1
9;25;32;4
10;1;50;1
10;2;44;1
10;3;18;1
10;4;20;1
10;5;26;1
10;6;52;1
10;7;26;4
10;8;12;5
10;9;6;7
10;11;46;1
10;12;32;2
10;13;26;19
10;14;40;3
10;15;6;1
10;16;88;1
10;17;38;2
10;18;32;3
10;19;50;1
10;20;12;1
10;21;82;1
10;22;76;1
10;23;64;1
10;24;35;0
10;25;29;2
11;1;12;1
11;2;18;1
11;3;24;1
11;4;38;1
11;5;55;1
11;6;6;1
11;7;20;2
11;8;26;3
11;9;44;1
11;10;65;1
11;12;6;7
11;13;12;25
11;14;38;4
11;15;62;2
11;16;6;1
11;17;26;1
11;18;18;3
11;19;32;2
11;20;77;1
11;21;47;1
11;22;41;1
11;23;24;1
11;24;76;1
11;25;82;3
12;1;18;1
12;2;12;1
12;3;18;1
12;4;24;1
12;5;41;1
12;6;12;1
12;7;6;2
12;8;12;4
12;9;18;2
12;10;38;1
12;11;6;4
12;13;6;29
12;14;12;5
12;15;18;2
12;16;12;1
12;17;6;2
12;18;12;4
12;19;26;3
12;20;41;1
12;21;41;1
12;22;12;1
12;23;18;2
12;24;32;1
12;25;38;3
13;1;24;14
13;2;18;4
13;3;24;7
13;4;30;5
13;5;44;4
13;6;18;5
13;7;12;11
13;8;6;18
13;9;12;11
13;10;32;5
13;11;12;6
13;12;6;9
13;14;6;14
13;15;12;6
13;16;18;5
13;17;12;11
13;18;6;18
13;19;12;11
13;20;18;5
13;21;35;4
13;22;26;5
13;23;12;7
13;24;18;5
13;25;24;8
14;1;47;1
14;2;41;1
14;3;53;2
14;4;12;2
14;5;18;2
14;6;35;2
14;7;18;6
14;8;12;7
14;9;6;4
14;10;38;2
14;11;29;4
14;12;12;9
14;13;6;55
14;15;6;7
14;16;35;2
14;17;18;4
14;18;12;7
14;19;6;6
14;20;20;3
14;21;38;1
14;22;32;1
14;23;26;3
14;24;12;2
14;25;26;8
15;1;56;0
15;2;50;0
15;3;24;1
15;4;26;1
15;5;32;1
15;6;41;1
15;7;32;3
15;8;18;3
15;9;12;2
15;10;6;1
15;11;52;2
15;12;18;4
15;13;12;23
15;14;6;7
15;16;61;1
15;17;24;2
15;18;26;3
15;19;23;3
15;20;6;1
15;21;55;0
15;22;49;1
15;23;32;1
15;24;29;1
15;25;23;3
16;1;29;1
16;2;32;1
16;3;41;1
16;4;50;0
16;5;62;0
16;6;23;1
16;7;26;1
16;8;32;3
16;9;50;2
16;10;82;1
16;11;6;1
16;12;12;2
16;13;18;19
16;14;44;3
16;15;68;1
16;17;32;8
16;18;24;5
16;19;38;4
16;20;65;2
16;21;6;1
16;22;12;1
16;23;18;2
16;24;24;1
16;25;30;5
17;1;24;1
17;2;18;2
17;3;32;2
17;4;41;1
17;5;53;1
17;6;30;1
17;7;12;3
17;8;18;6
17;9;38;5
17;10;60;2
17;11;20;2
17;12;6;4
17;13;12;45
17;14;18;6
17;15;24;3
17;16;26;7
17;18;6;11
17;19;20;9
17;20;26;4
17;21;49;1
17;22;6;2
17;23;20;4
17;24;26;3
17;25;32;11
18;1;50;2
18;2;32;2
18;3;38;4
18;4;24;2
18;5;30;2
18;6;24;2
18;7;18;5
18;8;12;10
18;9;18;6
18;10;46;2
18;11;18;3
18;12;12;6
18;13;6;75
18;14;12;7
18;15;30;3
18;16;24;4
18;17;6;11
18;19;6;11
18;20;12;5
18;21;29;3
18;22;23;4
18;23;6;7
18;24;24;4
18;25;18;17
19;1;53;1
19;2;38;1
19;3;44;2
19;4;18;2
19;5;24;1
19;6;44;2
19;7;24;5
19;8;18;6
19;9;12;3
19;10;44;1
19;11;38;1
19;12;26;3
19;13;12;45
19;14;6;4
19;15;35;2
19;16;38;4
19;17;23;9
19;18;6;11
19;20;6;7
19;21;32;2
19;22;26;3
19;23;20;3
19;24;6;2
19;25;12;7
20;1;62;0
20;2;44;0
20;3;30;1
20;4;32;1
20;5;38;1
20;6;50;1
20;7;38;2
20;8;24;2
20;9;18;1
20;10;12;1
20;11;58;0
20;12;32;1
20;13;18;18
20;14;50;2
20;15;6;1
20;16;70;2
20;17;38;4
20;18;12;5
20;19;6;7
20;21;64;1
20;22;58;1
20;23;41;1
20;24;12;1
20;25;6;3
21;1;46;0
21;2;49;0
21;3;58;1
21;4;67;1
21;5;79;1
21;6;40;0
21;7;43;1
21;8;49;2
21;9;67;1
21;10;82;1
21;11;23;0
21;12;29;1
21;13;35;15
21;14;44;2
21;15;73;1
21;16;6;1
21;17;49;1
21;18;41;4
21;19;38;2
21;20;59;1
21;22;6;5
21;23;12;3
21;24;18;2
21;25;24;8
22;1;30;0
22;2;24;0
22;3;38;1
22;4;47;1
22;5;64;1
22;6;41;0
22;7;18;1
22;8;50;2
22;9;70;2
22;10;76;1
22;11;29;1
22;12;12;1
22;13;41;18
22;14;38;2
22;15;65;1
22;16;12;1
22;17;6;2
22;18;35;5
22;19;32;3
22;20;53;1
22;21;6;4
22;23;6;4
22;24;12;3
22;25;18;9
23;1;56;1
23;2;50;1
23;3;70;2
23;4;79;1
23;5;91;1
23;6;52;1
23;7;32;2
23;8;26;4
23;9;46;2
23;10;52;1
23;11;24;1
23;12;18;3
23;13;12;28
23;14;32;2
23;15;38;1
23;16;18;1
23;17;32;3
23;18;6;7
23;19;26;3
23;20;47;1
23;21;12;3
23;22;6;4
23;24;6;4
23;25;12;13
24;1;59;1
24;2;53;1
24;3;62;1
24;4;68;0
24;5;80;0
24;6;58;1
24;7;30;2
24;8;24;2
24;9;44;1
24;10;50;0
24;11;41;1
24;12;41;2
24;13;18;17
24;14;12;1
24;15;41;0
24;16;24;1
24;17;44;3
24;18;24;4
24;19;6;2
24;20;12;1
24;21;18;2
24;22;12;2
24;23;6;4
24;25;6;19
25;1;70;1
25;2;50;1
25;3;56;1
25;4;62;0
25;5;74;0
25;6;56;0
25;7;44;1
25;8;44;2
25;9;59;1
25;10;53;0
25;11;47;1
25;12;38;2
25;13;24;13
25;14;56;1
25;15;47;0
25;16;30;1
25;17;44;2
25;18;18;3
25;19;12;1
25;20;6;1
25;21;24;1
25;22;18;2
25;23;12;3
25;24;6;4
