#timetable found by modulo network simplex algorithm
#Thu Jan  5 13:47:06 2017
1; 0
2; 6
3; 6
4; 12
5; 12
6; 18
7; 18
8; 24
9; 24
10; 30
11; 30
12; 36
13; 36
14; 42
15; 42
16; 48
17; 20
18; 26
19; 26
20; 32
21; 32
22; 38
23; 38
24; 44
25; 44
26; 50
27; 50
28; 56
29; 56
30; 2
31; 2
32; 8
33; 40
34; 46
35; 46
36; 52
37; 52
38; 58
39; 58
40; 4
41; 4
42; 10
43; 10
44; 16
45; 16
46; 22
47; 22
48; 28
49; 9
50; 15
51; 15
52; 21
53; 21
54; 27
55; 27
56; 33
57; 33
58; 39
59; 39
60; 45
61; 45
62; 51
63; 51
64; 57
65; 29
66; 35
67; 35
68; 41
69; 41
70; 47
71; 47
72; 53
73; 53
74; 59
75; 59
76; 5
77; 5
78; 11
79; 11
80; 17
81; 49
82; 55
83; 55
84; 1
85; 1
86; 7
87; 7
88; 13
89; 13
90; 19
91; 19
92; 25
93; 25
94; 31
95; 31
96; 37
97; 20
98; 26
99; 26
100; 32
101; 32
102; 38
103; 38
104; 44
105; 44
106; 50
107; 50
108; 58
109; 40
110; 46
111; 46
112; 52
113; 52
114; 58
115; 58
116; 4
117; 4
118; 10
119; 10
120; 16
121; 0
122; 6
123; 6
124; 12
125; 12
126; 18
127; 18
128; 24
129; 24
130; 30
131; 30
132; 36
133; 27
134; 33
135; 33
136; 39
137; 39
138; 45
139; 45
140; 51
141; 51
142; 57
143; 57
144; 3
145; 47
146; 53
147; 53
148; 59
149; 59
150; 5
151; 5
152; 11
153; 11
154; 17
155; 17
156; 23
157; 7
158; 13
159; 13
160; 19
161; 19
162; 25
163; 25
164; 31
165; 31
166; 37
167; 37
168; 43
169; 38
170; 44
171; 44
172; 50
173; 50
174; 56
175; 56
176; 2
177; 2
178; 8
179; 8
180; 14
181; 58
182; 4
183; 4
184; 10
185; 10
186; 16
187; 16
188; 22
189; 22
190; 28
191; 28
192; 34
193; 18
194; 24
195; 24
196; 30
197; 30
198; 36
199; 36
200; 42
201; 42
202; 48
203; 48
204; 54
205; 18
206; 24
207; 24
208; 30
209; 30
210; 36
211; 36
212; 42
213; 42
214; 48
215; 48
216; 54
217; 38
218; 44
219; 44
220; 50
221; 50
222; 56
223; 56
224; 2
225; 2
226; 8
227; 8
228; 14
229; 58
230; 4
231; 4
232; 10
233; 10
234; 16
235; 16
236; 22
237; 22
238; 28
239; 28
240; 34
241; 4
242; 10
243; 10
244; 16
245; 16
246; 22
247; 22
248; 28
249; 28
250; 34
251; 34
252; 40
253; 40
254; 46
255; 46
256; 52
257; 24
258; 30
259; 30
260; 36
261; 36
262; 42
263; 42
264; 48
265; 48
266; 54
267; 54
268; 0
269; 0
270; 6
271; 6
272; 12
273; 44
274; 50
275; 50
276; 56
277; 56
278; 2
279; 2
280; 8
281; 8
282; 14
283; 14
284; 20
285; 20
286; 26
287; 26
288; 32
289; 26
290; 32
291; 32
292; 38
293; 38
294; 44
295; 44
296; 50
297; 50
298; 56
299; 56
300; 2
301; 2
302; 8
303; 8
304; 14
305; 46
306; 52
307; 52
308; 58
309; 58
310; 4
311; 4
312; 10
313; 10
314; 16
315; 16
316; 22
317; 22
318; 28
319; 28
320; 34
321; 6
322; 12
323; 12
324; 18
325; 18
326; 24
327; 24
328; 30
329; 30
330; 36
331; 36
332; 42
333; 42
334; 48
335; 48
336; 54
337; 7
338; 13
339; 13
340; 19
341; 19
342; 25
343; 25
344; 31
345; 31
346; 37
347; 37
348; 43
349; 43
350; 49
351; 49
352; 55
353; 27
354; 33
355; 33
356; 39
357; 39
358; 45
359; 45
360; 51
361; 51
362; 57
363; 57
364; 3
365; 3
366; 9
367; 9
368; 15
369; 47
370; 53
371; 53
372; 59
373; 59
374; 5
375; 5
376; 11
377; 11
378; 17
379; 17
380; 23
381; 23
382; 29
383; 29
384; 35
385; 49
386; 55
387; 55
388; 1
389; 1
390; 7
391; 7
392; 13
393; 13
394; 19
395; 21
396; 27
397; 27
398; 33
399; 33
400; 39
401; 9
402; 15
403; 15
404; 21
405; 21
406; 27
407; 27
408; 33
409; 33
410; 39
411; 41
412; 47
413; 47
414; 53
415; 53
416; 59
417; 29
418; 35
419; 35
420; 41
421; 41
422; 47
423; 47
424; 53
425; 53
426; 59
427; 1
428; 7
429; 7
430; 13
431; 13
432; 19
