# line-id; line-code; direction; stop-order; stop-id; frequency; departure_time; arrival_time; line-repetition
23; 23H; >; 1; 25; 1; 0; 0
23; 23H; >; 2; 24; 1; 6; 6
23; 23H; >; 3; 19; 1; 12; 12
23; 23H; >; 4; 14; 1; 18; 18
23; 23H; >; 5; 9; 1; 24; 27
23; 23H; >; 6; 4; 1; 33; 33
23; 23R; <; 1; 4; 1; 45; 45
23; 23R; <; 2; 9; 1; 51; 51
23; 23R; <; 3; 14; 1; 57; 57
23; 23R; <; 4; 19; 1; 3; 3
23; 23R; <; 5; 24; 1; 9; 9
23; 23R; <; 6; 25; 1; 15; 15
36; 36H; >; 1; 22; 1; 8; 8
36; 36H; >; 2; 21; 1; 16; 19
36; 36H; >; 3; 16; 1; 27; 27
36; 36H; >; 4; 11; 1; 33; 36
36; 36H; >; 5; 6; 1; 42; 42
36; 36H; >; 6; 1; 1; 48; 48
36; 36R; <; 1; 1; 1; 39; 39
36; 36R; <; 2; 6; 1; 45; 45
36; 36R; <; 3; 11; 1; 51; 51
36; 36R; <; 4; 16; 1; 57; 57
36; 36R; <; 5; 21; 1; 3; 3
36; 36R; <; 6; 22; 1; 9; 9
46; 46H; >; 1; 23; 1; 46; 46
46; 46H; >; 2; 18; 1; 52; 54
46; 46H; >; 3; 13; 1; 0; 0
46; 46H; >; 4; 8; 1; 6; 6
46; 46H; >; 5; 7; 1; 12; 12
46; 46H; >; 6; 12; 1; 18; 18
46; 46R; <; 1; 12; 1; 3; 3
46; 46R; <; 2; 7; 1; 9; 9
46; 46R; <; 3; 8; 1; 15; 15
46; 46R; <; 4; 13; 1; 21; 21
46; 46R; <; 5; 18; 1; 27; 27
46; 46R; <; 6; 23; 1; 33; 33
58; 58H; >; 1; 17; 1; 57; 57
58; 58H; >; 2; 18; 1; 3; 3
58; 58H; >; 3; 13; 1; 9; 9
58; 58H; >; 4; 8; 1; 15; 15
58; 58H; >; 5; 3; 1; 21; 21
58; 58H; >; 6; 2; 1; 27; 27
58; 58R; <; 1; 2; 1; 39; 39
58; 58R; <; 2; 3; 1; 45; 45
58; 58R; <; 3; 8; 1; 51; 51
58; 58R; <; 4; 13; 1; 57; 57
58; 58R; <; 5; 18; 1; 3; 3
58; 58R; <; 6; 17; 1; 9; 9
61; 61H; >; 1; 17; 1; 24; 24
61; 61H; >; 2; 16; 1; 30; 30
61; 61H; >; 3; 11; 1; 36; 36
61; 61H; >; 4; 6; 1; 42; 42
61; 61H; >; 5; 1; 1; 48; 48
61; 61H; >; 6; 2; 1; 54; 54
61; 61R; <; 1; 2; 1; 15; 15
61; 61R; <; 2; 1; 1; 21; 21
61; 61R; <; 3; 6; 1; 27; 27
61; 61R; <; 4; 11; 1; 33; 33
61; 61R; <; 5; 16; 1; 39; 39
61; 61R; <; 6; 17; 1; 45; 45
62; 62H; >; 1; 20; 1; 12; 12
62; 62H; >; 2; 15; 1; 18; 18
62; 62H; >; 3; 10; 1; 24; 24
62; 62H; >; 4; 9; 1; 30; 30
62; 62H; >; 5; 4; 1; 36; 36
62; 62H; >; 6; 3; 1; 42; 42
62; 62R; <; 1; 3; 1; 32; 32
62; 62R; <; 2; 4; 1; 38; 38
62; 62R; <; 3; 9; 1; 44; 44
62; 62R; <; 4; 10; 1; 50; 50
62; 62R; <; 5; 15; 1; 56; 56
62; 62R; <; 6; 20; 1; 2; 2
73; 73H; >; 1; 18; 1; 57; 57
73; 73H; >; 2; 13; 1; 3; 3
73; 73H; >; 3; 8; 1; 9; 9
73; 73H; >; 4; 9; 1; 15; 16
73; 73H; >; 5; 14; 1; 22; 24
73; 73H; >; 6; 15; 1; 32; 32
73; 73R; <; 1; 15; 1; 15; 15
73; 73R; <; 2; 14; 1; 21; 24
73; 73R; <; 3; 9; 1; 30; 30
73; 73R; <; 4; 8; 1; 36; 36
73; 73R; <; 5; 13; 1; 42; 42
73; 73R; <; 6; 18; 1; 48; 48
78; 78H; >; 1; 18; 1; 6; 6
78; 78H; >; 2; 13; 1; 12; 12
78; 78H; >; 3; 8; 1; 18; 18
78; 78H; >; 4; 3; 1; 24; 24
78; 78H; >; 5; 2; 1; 30; 30
78; 78H; >; 6; 1; 1; 36; 36
78; 78R; <; 1; 1; 1; 51; 51
78; 78R; <; 2; 2; 1; 57; 57
78; 78R; <; 3; 3; 1; 3; 3
78; 78R; <; 4; 8; 1; 9; 9
78; 78R; <; 5; 13; 1; 15; 15
78; 78R; <; 6; 18; 1; 21; 21
83; 83H; >; 1; 14; 1; 54; 54
83; 83H; >; 2; 13; 1; 0; 0
83; 83H; >; 3; 8; 1; 6; 6
83; 83H; >; 4; 3; 1; 12; 12
83; 83H; >; 5; 2; 1; 18; 18
83; 83H; >; 6; 1; 1; 24; 24
83; 83R; <; 1; 1; 1; 35; 35
83; 83R; <; 2; 2; 1; 41; 41
83; 83R; <; 3; 3; 1; 47; 47
83; 83R; <; 4; 8; 1; 53; 53
83; 83R; <; 5; 13; 1; 59; 59
83; 83R; <; 6; 14; 1; 5; 5
104; 104H; >; 1; 9; 1; 27; 27
104; 104H; >; 2; 8; 1; 33; 33
104; 104H; >; 3; 3; 1; 39; 39
104; 104H; >; 4; 2; 1; 45; 45
104; 104H; >; 5; 1; 1; 51; 51
104; 104H; >; 6; 6; 1; 57; 57
104; 104R; <; 1; 6; 1; 45; 45
104; 104R; <; 2; 1; 1; 51; 51
104; 104R; <; 3; 2; 1; 57; 57
104; 104R; <; 4; 3; 1; 3; 3
104; 104R; <; 5; 8; 1; 9; 9
104; 104R; <; 6; 9; 1; 15; 15
105; 105H; >; 1; 12; 1; 24; 24
105; 105H; >; 2; 7; 1; 30; 30
105; 105H; >; 3; 8; 1; 36; 36
105; 105H; >; 4; 3; 1; 42; 42
105; 105H; >; 5; 4; 1; 48; 48
105; 105H; >; 6; 5; 1; 54; 54
105; 105R; <; 1; 5; 1; 30; 30
105; 105R; <; 2; 4; 1; 36; 36
105; 105R; <; 3; 3; 1; 42; 42
105; 105R; <; 4; 8; 1; 48; 48
105; 105R; <; 5; 7; 1; 54; 54
105; 105R; <; 6; 12; 1; 0; 0
117; 117H; >; 1; 6; 1; 33; 33
117; 117H; >; 2; 1; 1; 39; 39
117; 117H; >; 3; 2; 1; 45; 45
117; 117H; >; 4; 3; 1; 51; 51
117; 117H; >; 5; 4; 1; 57; 57
117; 117H; >; 6; 5; 1; 3; 3
117; 117R; <; 1; 5; 1; 33; 33
117; 117R; <; 2; 4; 1; 39; 39
117; 117R; <; 3; 3; 1; 45; 45
117; 117R; <; 4; 2; 1; 51; 51
117; 117R; <; 5; 1; 1; 57; 57
117; 117R; <; 6; 6; 1; 3; 3
126; 126H; >; 1; 1; 2; 6; 6
126; 126H; >; 2; 2; 2; 12; 12
126; 126H; >; 3; 3; 2; 18; 18
126; 126H; >; 4; 8; 2; 24; 24
126; 126H; >; 5; 13; 2; 30; 30
126; 126H; >; 6; 18; 2; 36; 36
126; 126H; >; 7; 23; 2; 42; 42
126; 126H; >; 8; 24; 2; 48; 48
126; 126H; >; 9; 25; 2; 54; 54
126; 126R; <; 1; 25; 2; 3; 3
126; 126R; <; 2; 24; 2; 9; 9
126; 126R; <; 3; 23; 2; 15; 15
126; 126R; <; 4; 18; 2; 21; 21
126; 126R; <; 5; 13; 2; 27; 27
126; 126R; <; 6; 8; 2; 33; 33
126; 126R; <; 7; 3; 2; 39; 39
126; 126R; <; 8; 2; 2; 45; 45
126; 126R; <; 9; 1; 2; 51; 51
131; 131H; >; 1; 5; 1; 30; 30
131; 131H; >; 2; 4; 1; 36; 36
131; 131H; >; 3; 3; 1; 42; 42
131; 131H; >; 4; 8; 1; 48; 48
131; 131H; >; 5; 13; 1; 54; 54
131; 131H; >; 6; 18; 1; 0; 0
131; 131H; >; 7; 23; 1; 6; 6
131; 131H; >; 8; 22; 1; 12; 12
131; 131H; >; 9; 21; 1; 18; 18
131; 131R; <; 1; 21; 1; 54; 54
131; 131R; <; 2; 22; 1; 0; 0
131; 131R; <; 3; 23; 1; 6; 6
131; 131R; <; 4; 18; 1; 12; 12
131; 131R; <; 5; 13; 1; 18; 18
131; 131R; <; 6; 8; 1; 24; 24
131; 131R; <; 7; 3; 1; 30; 30
131; 131R; <; 8; 4; 1; 36; 36
131; 131R; <; 9; 5; 1; 42; 42
137; 137H; >; 1; 21; 1; 54; 54
137; 137H; >; 2; 22; 1; 0; 0
137; 137H; >; 3; 17; 1; 6; 6
137; 137H; >; 4; 18; 1; 12; 12
137; 137H; >; 5; 19; 1; 18; 18
137; 137H; >; 6; 14; 1; 24; 24
137; 137H; >; 7; 9; 1; 30; 30
137; 137H; >; 8; 4; 1; 36; 36
137; 137H; >; 9; 5; 1; 42; 42
137; 137R; <; 1; 5; 1; 0; 0
137; 137R; <; 2; 4; 1; 6; 6
137; 137R; <; 3; 9; 1; 12; 12
137; 137R; <; 4; 14; 1; 18; 18
137; 137R; <; 5; 19; 1; 24; 24
137; 137R; <; 6; 18; 1; 30; 30
137; 137R; <; 7; 17; 1; 36; 36
137; 137R; <; 8; 22; 1; 42; 42
137; 137R; <; 9; 21; 1; 48; 48
140; 140H; >; 1; 1; 1; 9; 9
140; 140H; >; 2; 2; 1; 15; 15
140; 140H; >; 3; 7; 1; 21; 21
140; 140H; >; 4; 12; 1; 27; 27
140; 140H; >; 5; 13; 1; 33; 33
140; 140H; >; 6; 18; 1; 39; 39
140; 140H; >; 7; 19; 1; 45; 45
140; 140H; >; 8; 24; 1; 51; 51
140; 140H; >; 9; 25; 1; 57; 57
140; 140R; <; 1; 25; 1; 6; 6
140; 140R; <; 2; 24; 1; 12; 12
140; 140R; <; 3; 19; 1; 18; 18
140; 140R; <; 4; 18; 1; 24; 24
140; 140R; <; 5; 13; 1; 30; 30
140; 140R; <; 6; 12; 1; 36; 36
140; 140R; <; 7; 7; 1; 42; 42
140; 140R; <; 8; 2; 1; 48; 48
140; 140R; <; 9; 1; 1; 54; 54
142; 142H; >; 1; 21; 1; 45; 45
142; 142H; >; 2; 22; 1; 51; 51
142; 142H; >; 3; 17; 1; 57; 57
142; 142H; >; 4; 18; 1; 3; 3
142; 142H; >; 5; 19; 1; 9; 9
142; 142H; >; 6; 20; 1; 15; 15
142; 142H; >; 7; 15; 1; 21; 21
142; 142H; >; 8; 10; 1; 27; 27
142; 142R; <; 1; 10; 1; 57; 57
142; 142R; <; 2; 15; 1; 3; 3
142; 142R; <; 3; 20; 1; 9; 9
142; 142R; <; 4; 19; 1; 15; 15
142; 142R; <; 5; 18; 1; 21; 21
142; 142R; <; 6; 17; 1; 27; 27
142; 142R; <; 7; 22; 1; 33; 33
142; 142R; <; 8; 21; 1; 39; 39
143; 143H; >; 1; 6; 2; 15; 15
143; 143H; >; 2; 11; 2; 21; 21
143; 143H; >; 3; 12; 2; 27; 27
143; 143H; >; 4; 13; 2; 33; 33
143; 143H; >; 5; 18; 2; 39; 39
143; 143H; >; 6; 19; 2; 45; 45
143; 143H; >; 7; 24; 2; 51; 51
143; 143H; >; 8; 25; 2; 57; 57
143; 143R; <; 1; 25; 2; 9; 9
143; 143R; <; 2; 24; 2; 15; 18
143; 143R; <; 3; 19; 2; 24; 24
143; 143R; <; 4; 18; 2; 30; 30
143; 143R; <; 5; 13; 2; 36; 36
143; 143R; <; 6; 12; 2; 42; 42
143; 143R; <; 7; 11; 2; 48; 48
143; 143R; <; 8; 6; 2; 54; 54
148; 148H; >; 1; 1; 1; 39; 39
148; 148H; >; 2; 2; 1; 45; 45
148; 148H; >; 3; 7; 1; 51; 51
148; 148H; >; 4; 12; 1; 57; 57
148; 148H; >; 5; 13; 1; 3; 3
148; 148H; >; 6; 18; 1; 9; 9
148; 148H; >; 7; 19; 1; 15; 15
148; 148H; >; 8; 20; 1; 21; 21
148; 148R; <; 1; 20; 1; 9; 9
148; 148R; <; 2; 19; 1; 15; 15
148; 148R; <; 3; 18; 1; 21; 21
148; 148R; <; 4; 13; 1; 27; 27
148; 148R; <; 5; 12; 1; 33; 33
148; 148R; <; 6; 7; 1; 39; 39
148; 148R; <; 7; 2; 1; 45; 45
148; 148R; <; 8; 1; 1; 51; 51
149; 149H; >; 1; 23; 1; 3; 3
149; 149H; >; 2; 24; 1; 9; 9
149; 149H; >; 3; 19; 1; 15; 15
149; 149H; >; 4; 14; 1; 21; 21
149; 149H; >; 5; 9; 1; 27; 27
149; 149H; >; 6; 4; 1; 33; 33
149; 149H; >; 7; 5; 1; 39; 39
149; 149R; <; 1; 5; 1; 35; 35
149; 149R; <; 2; 4; 1; 42; 45
149; 149R; <; 3; 9; 1; 51; 51
149; 149R; <; 4; 14; 1; 57; 57
149; 149R; <; 5; 19; 1; 3; 3
149; 149R; <; 6; 24; 1; 9; 9
149; 149R; <; 7; 23; 1; 15; 15
152; 152H; >; 1; 21; 1; 3; 3
152; 152H; >; 2; 22; 1; 9; 9
152; 152H; >; 3; 17; 1; 15; 15
152; 152H; >; 4; 12; 1; 21; 21
152; 152H; >; 5; 7; 1; 27; 27
152; 152H; >; 6; 2; 1; 33; 33
152; 152H; >; 7; 3; 1; 39; 39
152; 152R; <; 1; 3; 1; 42; 42
152; 152R; <; 2; 2; 1; 48; 48
152; 152R; <; 3; 7; 1; 54; 54
152; 152R; <; 4; 12; 1; 0; 0
152; 152R; <; 5; 17; 1; 6; 6
152; 152R; <; 6; 22; 1; 12; 12
152; 152R; <; 7; 21; 1; 18; 18
153; 153H; >; 1; 16; 1; 6; 6
153; 153H; >; 2; 17; 1; 12; 12
153; 153H; >; 3; 18; 1; 18; 18
153; 153H; >; 4; 19; 1; 24; 24
153; 153H; >; 5; 20; 1; 30; 30
153; 153H; >; 6; 15; 1; 36; 36
153; 153H; >; 7; 10; 1; 42; 42
153; 153R; <; 1; 10; 1; 21; 21
153; 153R; <; 2; 15; 1; 27; 27
153; 153R; <; 3; 20; 1; 33; 33
153; 153R; <; 4; 19; 1; 39; 39
153; 153R; <; 5; 18; 1; 45; 45
153; 153R; <; 6; 17; 1; 51; 51
153; 153R; <; 7; 16; 1; 57; 57
156; 156H; >; 1; 11; 1; 48; 48
156; 156H; >; 2; 12; 1; 54; 54
156; 156H; >; 3; 17; 1; 0; 0
156; 156H; >; 4; 18; 1; 6; 6
156; 156H; >; 5; 19; 1; 12; 12
156; 156H; >; 6; 24; 1; 18; 18
156; 156H; >; 7; 25; 1; 24; 24
156; 156R; <; 1; 25; 1; 15; 15
156; 156R; <; 2; 24; 1; 21; 21
156; 156R; <; 3; 19; 1; 27; 27
156; 156R; <; 4; 18; 1; 33; 33
156; 156R; <; 5; 17; 1; 39; 39
156; 156R; <; 6; 12; 1; 45; 45
156; 156R; <; 7; 11; 1; 51; 51
158; 158H; >; 1; 11; 1; 6; 6
158; 158H; >; 2; 12; 1; 12; 12
158; 158H; >; 3; 13; 1; 18; 18
158; 158H; >; 4; 14; 1; 24; 24
158; 158H; >; 5; 9; 1; 30; 30
158; 158H; >; 6; 4; 1; 36; 36
158; 158H; >; 7; 5; 1; 42; 42
158; 158R; <; 1; 5; 1; 3; 3
158; 158R; <; 2; 4; 1; 9; 9
158; 158R; <; 3; 9; 1; 15; 15
158; 158R; <; 4; 14; 1; 21; 21
158; 158R; <; 5; 13; 1; 27; 27
158; 158R; <; 6; 12; 1; 33; 33
158; 158R; <; 7; 11; 1; 39; 39
161; 161H; >; 1; 6; 2; 51; 51
161; 161H; >; 2; 11; 2; 57; 57
161; 161H; >; 3; 12; 2; 3; 3
161; 161H; >; 4; 13; 2; 9; 9
161; 161H; >; 5; 18; 2; 15; 15
161; 161H; >; 6; 19; 2; 21; 21
161; 161H; >; 7; 20; 2; 27; 27
161; 161R; <; 1; 20; 2; 12; 12
161; 161R; <; 2; 19; 2; 18; 18
161; 161R; <; 3; 18; 2; 24; 24
161; 161R; <; 4; 13; 2; 30; 30
161; 161R; <; 5; 12; 2; 36; 36
161; 161R; <; 6; 11; 2; 42; 42
161; 161R; <; 7; 6; 2; 48; 48
177; 177H; >; 1; 1; 1; 3; 3
177; 177H; >; 2; 2; 1; 9; 9
177; 177H; >; 3; 3; 1; 15; 15
177; 177H; >; 4; 4; 1; 21; 21
177; 177H; >; 5; 5; 1; 27; 27
177; 177H; >; 6; 10; 1; 33; 33
177; 177H; >; 7; 15; 1; 39; 39
177; 177R; <; 1; 15; 1; 21; 21
177; 177R; <; 2; 10; 1; 27; 27
177; 177R; <; 3; 5; 1; 33; 33
177; 177R; <; 4; 4; 1; 39; 39
177; 177R; <; 5; 3; 1; 45; 45
177; 177R; <; 6; 2; 1; 51; 51
177; 177R; <; 7; 1; 1; 57; 57
178; 178H; >; 1; 23; 1; 3; 3
178; 178H; >; 2; 24; 1; 9; 9
178; 178H; >; 3; 19; 1; 15; 15
178; 178H; >; 4; 20; 1; 21; 21
178; 178H; >; 5; 15; 1; 27; 27
178; 178H; >; 6; 10; 1; 33; 33
178; 178R; <; 1; 10; 1; 54; 54
178; 178R; <; 2; 15; 1; 0; 0
178; 178R; <; 3; 20; 1; 6; 6
178; 178R; <; 4; 19; 1; 12; 12
178; 178R; <; 5; 24; 1; 18; 18
178; 178R; <; 6; 23; 1; 24; 24
180; 180H; >; 1; 16; 1; 48; 48
180; 180H; >; 2; 21; 1; 54; 54
180; 180H; >; 3; 22; 1; 0; 0
180; 180H; >; 4; 23; 1; 6; 6
180; 180H; >; 5; 24; 1; 12; 12
180; 180H; >; 6; 25; 1; 18; 18
180; 180R; <; 1; 25; 1; 3; 3
180; 180R; <; 2; 24; 1; 9; 9
180; 180R; <; 3; 23; 1; 15; 15
180; 180R; <; 4; 22; 1; 21; 21
180; 180R; <; 5; 21; 1; 27; 27
180; 180R; <; 6; 16; 1; 33; 33
182; 182H; >; 1; 16; 1; 57; 57
182; 182H; >; 2; 17; 1; 3; 3
182; 182H; >; 3; 18; 1; 9; 9
182; 182H; >; 4; 19; 1; 15; 15
182; 182H; >; 5; 14; 1; 21; 21
182; 182H; >; 6; 9; 1; 27; 27
182; 182R; <; 1; 9; 1; 15; 15
182; 182R; <; 2; 14; 1; 21; 21
182; 182R; <; 3; 19; 1; 27; 27
182; 182R; <; 4; 18; 1; 33; 33
182; 182R; <; 5; 17; 1; 39; 39
182; 182R; <; 6; 16; 1; 45; 45
187; 187H; >; 1; 10; 2; 9; 9
187; 187H; >; 2; 15; 2; 15; 15
187; 187H; >; 3; 14; 2; 21; 21
187; 187H; >; 4; 13; 2; 27; 27
187; 187H; >; 5; 12; 2; 33; 33
187; 187H; >; 6; 11; 2; 39; 39
187; 187R; <; 1; 11; 2; 9; 9
187; 187R; <; 2; 12; 2; 15; 15
187; 187R; <; 3; 13; 2; 21; 21
187; 187R; <; 4; 14; 2; 27; 27
187; 187R; <; 5; 15; 2; 33; 33
187; 187R; <; 6; 10; 2; 39; 39
189; 189H; >; 1; 7; 1; 51; 51
189; 189H; >; 2; 8; 1; 57; 0
189; 189H; >; 3; 13; 1; 6; 6
189; 189H; >; 4; 18; 1; 14; 16
189; 189H; >; 5; 19; 1; 24; 27
189; 189H; >; 6; 20; 1; 33; 33
189; 189R; <; 1; 20; 1; 27; 27
189; 189R; <; 2; 19; 1; 33; 33
189; 189R; <; 3; 18; 1; 39; 39
189; 189R; <; 4; 13; 1; 45; 45
189; 189R; <; 5; 8; 1; 51; 51
189; 189R; <; 6; 7; 1; 57; 57
190; 190H; >; 1; 6; 1; 30; 30
190; 190H; >; 2; 7; 1; 36; 36
190; 190H; >; 3; 12; 1; 42; 42
190; 190H; >; 4; 17; 1; 48; 48
190; 190H; >; 5; 22; 1; 54; 54
190; 190H; >; 6; 23; 1; 0; 0
190; 190R; <; 1; 23; 1; 0; 0
190; 190R; <; 2; 22; 1; 6; 6
190; 190R; <; 3; 17; 1; 12; 12
190; 190R; <; 4; 12; 1; 18; 18
190; 190R; <; 5; 7; 1; 24; 24
190; 190R; <; 6; 6; 1; 30; 30
191; 191H; >; 1; 6; 1; 57; 57
191; 191H; >; 2; 7; 1; 3; 3
191; 191H; >; 3; 12; 1; 9; 9
191; 191H; >; 4; 13; 1; 15; 15
191; 191H; >; 5; 14; 1; 21; 21
191; 191H; >; 6; 15; 1; 27; 27
191; 191R; <; 1; 15; 1; 15; 15
191; 191R; <; 2; 14; 1; 21; 21
191; 191R; <; 3; 13; 1; 27; 27
191; 191R; <; 4; 12; 1; 33; 33
191; 191R; <; 5; 7; 1; 39; 39
191; 191R; <; 6; 6; 1; 45; 45
192; 192H; >; 1; 6; 1; 21; 21
192; 192H; >; 2; 7; 1; 27; 27
192; 192H; >; 3; 8; 1; 33; 33
192; 192H; >; 4; 9; 1; 39; 39
192; 192H; >; 5; 10; 1; 45; 45
192; 192H; >; 6; 15; 1; 51; 51
192; 192R; <; 1; 15; 1; 54; 54
192; 192R; <; 2; 10; 1; 0; 0
192; 192R; <; 3; 9; 1; 6; 6
192; 192R; <; 4; 8; 1; 12; 12
192; 192R; <; 5; 7; 1; 18; 18
192; 192R; <; 6; 6; 1; 24; 24
196; 196H; >; 1; 4; 1; 12; 12
196; 196H; >; 2; 9; 1; 18; 18
196; 196H; >; 3; 14; 1; 24; 24
196; 196H; >; 4; 19; 1; 30; 30
196; 196H; >; 5; 24; 1; 36; 36
196; 196H; >; 6; 25; 1; 42; 42
196; 196R; <; 1; 25; 1; 6; 6
196; 196R; <; 2; 24; 1; 12; 12
196; 196R; <; 3; 19; 1; 18; 18
196; 196R; <; 4; 14; 1; 24; 24
196; 196R; <; 5; 9; 1; 30; 30
196; 196R; <; 6; 4; 1; 36; 36
201; 201H; >; 1; 3; 1; 51; 51
201; 201H; >; 2; 8; 1; 57; 57
201; 201H; >; 3; 13; 1; 3; 3
201; 201H; >; 4; 14; 1; 9; 9
201; 201H; >; 5; 19; 1; 15; 15
201; 201H; >; 6; 20; 1; 21; 21
201; 201R; <; 1; 20; 1; 9; 9
201; 201R; <; 2; 19; 1; 15; 15
201; 201R; <; 3; 14; 1; 21; 21
201; 201R; <; 4; 13; 1; 27; 27
201; 201R; <; 5; 8; 1; 33; 33
201; 201R; <; 6; 3; 1; 39; 39
203; 203H; >; 1; 3; 1; 45; 45
203; 203H; >; 2; 8; 1; 51; 51
203; 203H; >; 3; 13; 1; 57; 57
203; 203H; >; 4; 12; 1; 3; 3
203; 203H; >; 5; 17; 1; 9; 9
203; 203H; >; 6; 16; 1; 15; 15
203; 203R; <; 1; 16; 1; 36; 36
203; 203R; <; 2; 17; 1; 42; 42
203; 203R; <; 3; 12; 1; 48; 48
203; 203R; <; 4; 13; 1; 54; 54
203; 203R; <; 5; 8; 1; 0; 0
203; 203R; <; 6; 3; 1; 6; 6
215; 215H; >; 1; 11; 1; 54; 54
215; 215H; >; 2; 12; 1; 0; 0
215; 215H; >; 3; 17; 1; 6; 6
215; 215H; >; 4; 22; 1; 12; 12
215; 215H; >; 5; 23; 1; 18; 18
215; 215R; <; 1; 23; 1; 0; 0
215; 215R; <; 2; 22; 1; 6; 6
215; 215R; <; 3; 17; 1; 12; 12
215; 215R; <; 4; 12; 1; 18; 18
215; 215R; <; 5; 11; 1; 24; 24
220; 220H; >; 1; 6; 1; 57; 57
220; 220H; >; 2; 7; 1; 3; 3
220; 220H; >; 3; 12; 1; 9; 9
220; 220H; >; 4; 17; 1; 15; 15
220; 220H; >; 5; 16; 1; 21; 21
220; 220R; <; 1; 16; 1; 39; 39
220; 220R; <; 2; 17; 1; 45; 45
220; 220R; <; 3; 12; 1; 51; 51
220; 220R; <; 4; 7; 1; 57; 57
220; 220R; <; 5; 6; 1; 3; 3
222; 222H; >; 1; 5; 1; 3; 3
222; 222H; >; 2; 10; 1; 9; 9
222; 222H; >; 3; 15; 1; 15; 15
222; 222H; >; 4; 20; 1; 21; 21
222; 222H; >; 5; 25; 1; 27; 27
222; 222R; <; 1; 25; 1; 18; 18
222; 222R; <; 2; 20; 1; 24; 24
222; 222R; <; 3; 15; 1; 30; 30
222; 222R; <; 4; 10; 1; 36; 36
222; 222R; <; 5; 5; 1; 42; 42
227; 227H; >; 1; 3; 1; 6; 6
227; 227H; >; 2; 8; 1; 12; 12
227; 227H; >; 3; 7; 1; 18; 18
227; 227H; >; 4; 6; 1; 24; 24
227; 227H; >; 5; 11; 1; 30; 30
227; 227R; <; 1; 11; 1; 15; 15
227; 227R; <; 2; 6; 1; 21; 21
227; 227R; <; 3; 7; 1; 27; 27
227; 227R; <; 4; 8; 1; 33; 33
227; 227R; <; 5; 3; 1; 39; 39
