#line-id;line-code;direction;stop-order;stop-id;frequency;departure_time;arrival_time
3; 3H; >; 1; 25; 4; 0; 0
3; 3H; >; 2; 24; 4; 6; 6
3; 3H; >; 3; 23; 4; 12; 12
3; 3H; >; 4; 18; 4; 18; 18
3; 3H; >; 5; 13; 4; 24; 24
3; 3H; >; 6; 8; 4; 30; 30
3; 3H; >; 7; 3; 4; 36; 36
3; 3H; >; 8; 2; 4; 42; 42
3; 3H; >; 9; 1; 4; 48; 48
3; 3H; >; 10; 6; 4; 54; 54
3; 3H; >; 11; 11; 4; 60; 60
3; 3R; <; 1; 11; 4; 49; 49
3; 3R; <; 2; 6; 4; 55; 55
3; 3R; <; 3; 1; 4; 1; 1
3; 3R; <; 4; 2; 4; 7; 7
3; 3R; <; 5; 3; 4; 13; 13
3; 3R; <; 6; 8; 4; 19; 19
3; 3R; <; 7; 13; 4; 25; 25
3; 3R; <; 8; 18; 4; 31; 31
3; 3R; <; 9; 23; 4; 37; 37
3; 3R; <; 10; 24; 4; 43; 43
3; 3R; <; 11; 25; 4; 49; 49
7; 7H; >; 1; 21; 2; 19; 19
7; 7H; >; 2; 16; 2; 25; 25
7; 7H; >; 3; 11; 2; 31; 31
7; 7H; >; 4; 6; 2; 37; 37
7; 7H; >; 5; 1; 2; 43; 43
7; 7H; >; 6; 2; 2; 49; 49
7; 7H; >; 7; 3; 2; 55; 55
7; 7H; >; 8; 8; 2; 1; 1
7; 7H; >; 9; 13; 2; 7; 7
7; 7H; >; 10; 12; 2; 13; 13
7; 7H; >; 11; 7; 2; 19; 19
7; 7R; <; 1; 7; 2; 45; 45
7; 7R; <; 2; 12; 2; 51; 51
7; 7R; <; 3; 13; 2; 57; 57
7; 7R; <; 4; 8; 2; 3; 3
7; 7R; <; 5; 3; 2; 9; 9
7; 7R; <; 6; 2; 2; 15; 15
7; 7R; <; 7; 1; 2; 21; 21
7; 7R; <; 8; 6; 2; 27; 27
7; 7R; <; 9; 11; 2; 33; 33
7; 7R; <; 10; 16; 2; 39; 39
7; 7R; <; 11; 21; 2; 45; 45
9; 9H; >; 1; 24; 2; 33; 33
9; 9H; >; 2; 19; 2; 39; 39
9; 9H; >; 3; 14; 2; 45; 45
9; 9H; >; 4; 9; 2; 51; 51
9; 9H; >; 5; 8; 2; 57; 57
9; 9H; >; 6; 13; 2; 3; 3
9; 9H; >; 7; 18; 2; 9; 9
9; 9H; >; 8; 17; 2; 15; 15
9; 9H; >; 9; 22; 2; 21; 21
9; 9R; <; 1; 22; 2; 58; 58
9; 9R; <; 2; 17; 2; 4; 4
9; 9R; <; 3; 18; 2; 10; 10
9; 9R; <; 4; 13; 2; 16; 16
9; 9R; <; 5; 8; 2; 22; 22
9; 9R; <; 6; 9; 2; 28; 28
9; 9R; <; 7; 14; 2; 34; 34
9; 9R; <; 8; 19; 2; 40; 40
9; 9R; <; 9; 24; 2; 46; 46
10; 10H; >; 1; 22; 2; 28; 28
10; 10H; >; 2; 21; 2; 34; 37
10; 10H; >; 3; 16; 2; 43; 43
10; 10H; >; 4; 17; 2; 49; 49
10; 10H; >; 5; 12; 2; 55; 55
10; 10H; >; 6; 7; 2; 1; 1
10; 10H; >; 7; 6; 2; 7; 7
10; 10H; >; 8; 11; 2; 13; 13
10; 10R; <; 1; 11; 2; 36; 36
10; 10R; <; 2; 6; 2; 42; 42
10; 10R; <; 3; 7; 2; 48; 48
10; 10R; <; 4; 12; 2; 54; 54
10; 10R; <; 5; 17; 2; 0; 0
10; 10R; <; 6; 16; 2; 6; 6
10; 10R; <; 7; 21; 2; 12; 12
10; 10R; <; 8; 22; 2; 18; 18
12; 12H; >; 1; 24; 2; 33; 33
12; 12H; >; 2; 19; 2; 39; 39
12; 12H; >; 3; 14; 2; 45; 45
12; 12H; >; 4; 9; 2; 51; 51
12; 12H; >; 5; 8; 2; 57; 57
12; 12H; >; 6; 13; 2; 3; 3
12; 12H; >; 7; 12; 2; 9; 9
12; 12H; >; 8; 7; 2; 15; 15
12; 12R; <; 1; 7; 2; 34; 34
12; 12R; <; 2; 12; 2; 40; 40
12; 12R; <; 3; 13; 2; 46; 46
12; 12R; <; 4; 8; 2; 52; 52
12; 12R; <; 5; 9; 2; 58; 58
12; 12R; <; 6; 14; 2; 4; 4
12; 12R; <; 7; 19; 2; 10; 10
12; 12R; <; 8; 24; 2; 18; 18
13; 13H; >; 1; 20; 2; 0; 0
13; 13H; >; 2; 19; 2; 6; 6
13; 13H; >; 3; 14; 2; 12; 12
13; 13H; >; 4; 9; 2; 18; 18
13; 13H; >; 5; 4; 2; 24; 24
13; 13H; >; 6; 5; 2; 30; 30
13; 13R; <; 1; 5; 2; 54; 54
13; 13R; <; 2; 4; 2; 0; 0
13; 13R; <; 3; 9; 2; 6; 6
13; 13R; <; 4; 14; 2; 12; 12
13; 13R; <; 5; 19; 2; 18; 18
13; 13R; <; 6; 20; 2; 24; 24
14; 14H; >; 1; 22; 2; 16; 16
14; 14H; >; 2; 17; 2; 22; 22
14; 14H; >; 3; 18; 2; 28; 28
14; 14H; >; 4; 13; 2; 34; 34
14; 14H; >; 5; 12; 2; 40; 40
14; 14H; >; 6; 7; 2; 46; 46
14; 14R; <; 1; 7; 2; 55; 55
14; 14R; <; 2; 12; 2; 1; 1
14; 14R; <; 3; 13; 2; 7; 7
14; 14R; <; 4; 18; 2; 13; 13
14; 14R; <; 5; 17; 2; 19; 19
14; 14R; <; 6; 22; 2; 25; 25
18; 18H; >; 1; 15; 2; 6; 6
18; 18H; >; 2; 10; 2; 12; 12
18; 18H; >; 3; 9; 2; 18; 18
18; 18H; >; 4; 4; 2; 24; 24
18; 18H; >; 5; 5; 2; 30; 30
18; 18R; <; 1; 5; 2; 49; 49
18; 18R; <; 2; 4; 2; 55; 55
18; 18R; <; 3; 9; 2; 1; 1
18; 18R; <; 4; 10; 2; 7; 7
18; 18R; <; 5; 15; 2; 13; 13
27; 27H; >; 1; 13; 6; 33; 33
27; 27H; >; 2; 14; 6; 39; 39
27; 27R; <; 1; 14; 6; 15; 15
27; 27R; <; 2; 13; 6; 21; 21
28; 28H; >; 1; 12; 2; 35; 35
28; 28H; >; 2; 17; 2; 41; 41
28; 28R; <; 1; 17; 2; 33; 33
28; 28R; <; 2; 12; 2; 39; 39
