#timetable found by modulo network simplex algorithm
#Thu Apr 25 17:30:05 2019
1; 3
2; 5
3; 5
4; 6
5; 6
6; 14
7; 14
8; 18
9; 18
10; 28
11; 28
12; 32
13; 56
14; 0
15; 0
16; 10
17; 10
18; 14
19; 14
20; 22
21; 22
22; 23
23; 23
24; 25
25; 4
26; 7
27; 7
28; 14
29; 14
30; 22
31; 22
32; 23
33; 23
34; 25
35; 25
36; 31
37; 31
38; 39
39; 39
40; 42
41; 42
42; 47
43; 34
44; 37
45; 37
46; 44
47; 44
48; 52
49; 52
50; 53
51; 53
52; 55
53; 55
54; 1
55; 1
56; 9
57; 9
58; 12
59; 12
60; 17
61; 32
62; 37
63; 37
64; 40
65; 40
66; 48
67; 48
68; 54
69; 54
70; 56
71; 56
72; 57
73; 57
74; 5
75; 5
76; 12
77; 12
78; 15
79; 2
80; 7
81; 7
82; 10
83; 10
84; 18
85; 18
86; 24
87; 24
88; 26
89; 26
90; 27
91; 27
92; 35
93; 35
94; 42
95; 42
96; 45
97; 3
98; 5
99; 8
100; 9
101; 9
102; 20
103; 22
104; 28
105; 28
106; 34
107; 34
108; 41
109; 41
110; 50
111; 33
112; 35
113; 38
114; 39
115; 39
116; 50
117; 52
118; 58
119; 58
120; 4
121; 4
122; 11
123; 11
124; 20
125; 47
126; 56
127; 56
128; 3
129; 3
130; 9
131; 9
132; 15
133; 15
134; 26
135; 26
136; 27
137; 27
138; 29
139; 17
140; 26
141; 26
142; 33
143; 33
144; 39
145; 39
146; 45
147; 45
148; 56
149; 56
150; 57
151; 57
152; 0
153; 46
154; 55
155; 55
156; 58
157; 58
158; 4
159; 4
160; 14
161; 16
162; 25
163; 25
164; 28
165; 28
166; 34
167; 34
168; 44
169; 44
170; 54
171; 54
172; 0
173; 0
174; 3
175; 3
176; 12
177; 14
178; 24
179; 24
180; 30
181; 30
182; 33
183; 33
184; 42
185; 5
186; 7
187; 7
188; 9
189; 9
190; 15
191; 15
192; 24
193; 24
194; 27
195; 27
196; 38
197; 17
198; 19
199; 19
200; 21
201; 21
202; 27
203; 27
204; 36
205; 36
206; 39
207; 39
208; 50
209; 29
210; 31
211; 31
212; 33
213; 33
214; 39
215; 39
216; 48
217; 48
218; 51
219; 51
220; 2
221; 41
222; 43
223; 43
224; 45
225; 45
226; 51
227; 51
228; 0
229; 0
230; 3
231; 3
232; 14
233; 53
234; 55
235; 55
236; 57
237; 57
238; 3
239; 3
240; 12
241; 12
242; 15
243; 15
244; 26
245; 52
246; 3
247; 3
248; 6
249; 6
250; 15
251; 15
252; 21
253; 21
254; 23
255; 23
256; 25
257; 4
258; 15
259; 15
260; 18
261; 18
262; 27
263; 27
264; 33
265; 33
266; 35
267; 35
268; 37
269; 16
270; 27
271; 27
272; 30
273; 30
274; 39
275; 39
276; 45
277; 45
278; 47
279; 47
280; 50
281; 28
282; 39
283; 39
284; 42
285; 42
286; 51
287; 51
288; 57
289; 57
290; 59
291; 59
292; 1
293; 40
294; 51
295; 51
296; 54
297; 54
298; 3
299; 3
300; 9
301; 9
302; 11
303; 11
304; 14
305; 42
306; 49
307; 49
308; 53
309; 53
310; 55
311; 55
312; 57
313; 57
314; 59
315; 59
316; 3
317; 3
318; 6
319; 6
320; 10
321; 10
322; 14
323; 12
324; 19
325; 19
326; 23
327; 23
328; 25
329; 25
330; 27
331; 27
332; 29
333; 29
334; 33
335; 33
336; 36
337; 36
338; 40
339; 40
340; 44
341; 23
342; 27
343; 27
344; 31
345; 31
346; 34
347; 34
348; 38
349; 38
350; 40
351; 40
352; 42
353; 42
354; 44
355; 44
356; 48
357; 48
358; 55
359; 53
360; 57
361; 57
362; 1
363; 1
364; 4
365; 4
366; 8
367; 8
368; 10
369; 10
370; 12
371; 12
372; 14
373; 14
374; 18
375; 18
376; 25
377; 37
378; 40
379; 40
380; 53
381; 53
382; 58
383; 58
384; 0
385; 0
386; 13
387; 47
388; 50
389; 50
390; 3
391; 3
392; 8
393; 8
394; 10
395; 10
396; 23
397; 57
398; 0
399; 0
400; 13
401; 13
402; 18
403; 18
404; 20
405; 20
406; 30
407; 7
408; 10
409; 10
410; 23
411; 23
412; 28
413; 28
414; 30
415; 30
416; 43
417; 17
418; 20
419; 20
420; 33
421; 33
422; 38
423; 38
424; 40
425; 40
426; 53
427; 27
428; 30
429; 30
430; 43
431; 43
432; 48
433; 48
434; 50
435; 50
436; 0
437; 8
438; 18
439; 18
440; 20
441; 20
442; 25
443; 25
444; 38
445; 38
446; 42
447; 18
448; 28
449; 28
450; 30
451; 30
452; 35
453; 35
454; 48
455; 48
456; 51
457; 28
458; 38
459; 38
460; 40
461; 40
462; 45
463; 45
464; 58
465; 58
466; 1
467; 38
468; 48
469; 48
470; 50
471; 50
472; 55
473; 55
474; 8
475; 8
476; 11
477; 48
478; 58
479; 58
480; 0
481; 0
482; 5
483; 5
484; 18
485; 18
486; 21
487; 58
488; 8
489; 8
490; 10
491; 10
492; 15
493; 15
494; 28
495; 28
496; 31
497; 51
498; 54
499; 54
500; 58
501; 58
502; 1
503; 1
504; 3
505; 3
506; 5
507; 5
508; 7
509; 7
510; 10
511; 10
512; 12
513; 12
514; 14
515; 14
516; 17
517; 17
518; 19
519; 19
520; 20
521; 1
522; 4
523; 4
524; 8
525; 8
526; 11
527; 11
528; 13
529; 13
530; 15
531; 15
532; 17
533; 17
534; 20
535; 20
536; 22
537; 22
538; 24
539; 24
540; 27
541; 27
542; 29
543; 29
544; 31
545; 11
546; 14
547; 14
548; 18
549; 18
550; 21
551; 21
552; 23
553; 23
554; 25
555; 25
556; 27
557; 27
558; 30
559; 30
560; 32
561; 32
562; 34
563; 34
564; 37
565; 37
566; 39
567; 39
568; 40
569; 21
570; 24
571; 24
572; 28
573; 28
574; 31
575; 31
576; 33
577; 33
578; 35
579; 35
580; 37
581; 37
582; 40
583; 40
584; 42
585; 42
586; 44
587; 44
588; 47
589; 47
590; 49
591; 49
592; 50
593; 31
594; 34
595; 34
596; 38
597; 38
598; 41
599; 41
600; 43
601; 43
602; 45
603; 45
604; 47
605; 47
606; 50
607; 50
608; 52
609; 52
610; 54
611; 54
612; 57
613; 57
614; 59
615; 59
616; 1
617; 41
618; 44
619; 44
620; 48
621; 48
622; 51
623; 51
624; 53
625; 53
626; 55
627; 55
628; 57
629; 57
630; 0
631; 0
632; 2
633; 2
634; 4
635; 4
636; 7
637; 7
638; 9
639; 9
640; 11
641; 50
642; 51
643; 51
644; 53
645; 53
646; 56
647; 56
648; 58
649; 58
650; 0
651; 0
652; 3
653; 3
654; 5
655; 5
656; 7
657; 7
658; 9
659; 9
660; 12
661; 12
662; 16
663; 16
664; 19
665; 0
666; 1
667; 1
668; 3
669; 3
670; 6
671; 6
672; 8
673; 8
674; 10
675; 10
676; 13
677; 13
678; 15
679; 15
680; 17
681; 17
682; 19
683; 19
684; 22
685; 22
686; 26
687; 26
688; 29
689; 10
690; 11
691; 11
692; 13
693; 13
694; 16
695; 16
696; 18
697; 18
698; 20
699; 20
700; 23
701; 23
702; 25
703; 25
704; 27
705; 27
706; 29
707; 29
708; 32
709; 32
710; 36
711; 36
712; 39
713; 20
714; 21
715; 21
716; 23
717; 23
718; 26
719; 26
720; 28
721; 28
722; 30
723; 30
724; 33
725; 33
726; 35
727; 35
728; 37
729; 37
730; 39
731; 39
732; 42
733; 42
734; 46
735; 46
736; 50
737; 30
738; 31
739; 31
740; 33
741; 33
742; 36
743; 36
744; 38
745; 38
746; 40
747; 40
748; 43
749; 43
750; 45
751; 45
752; 47
753; 47
754; 49
755; 49
756; 52
757; 52
758; 56
759; 56
760; 0
761; 40
762; 41
763; 41
764; 43
765; 43
766; 46
767; 46
768; 48
769; 48
770; 50
771; 50
772; 53
773; 53
774; 55
775; 55
776; 57
777; 57
778; 59
779; 59
780; 2
781; 2
782; 6
783; 6
784; 9
785; 58
786; 1
787; 1
788; 8
789; 8
790; 18
791; 18
792; 21
793; 8
794; 11
795; 11
796; 18
797; 18
798; 28
799; 28
800; 31
801; 18
802; 21
803; 21
804; 28
805; 28
806; 38
807; 38
808; 41
809; 28
810; 31
811; 31
812; 38
813; 38
814; 48
815; 48
816; 51
817; 38
818; 41
819; 41
820; 48
821; 48
822; 58
823; 58
824; 2
825; 48
826; 51
827; 51
828; 58
829; 58
830; 8
831; 8
832; 12
833; 59
834; 2
835; 2
836; 12
837; 12
838; 19
839; 19
840; 23
841; 9
842; 12
843; 12
844; 22
845; 22
846; 29
847; 29
848; 32
849; 19
850; 22
851; 22
852; 32
853; 32
854; 39
855; 39
856; 43
857; 29
858; 32
859; 32
860; 42
861; 42
862; 49
863; 49
864; 52
865; 39
866; 42
867; 42
868; 52
869; 52
870; 59
871; 59
872; 2
873; 49
874; 52
875; 52
876; 2
877; 2
878; 9
879; 9
880; 13
