#timetable found by modulo network simplex algorithm
#Wed Dec 19 03:01:40 2018
1; 0
2; 3
3; 6
4; 8
5; 8
6; 10
7; 10
8; 12
9; 12
10; 14
11; 14
12; 16
13; 16
14; 18
15; 18
16; 20
17; 20
18; 22
19; 22
20; 24
21; 24
22; 26
23; 26
24; 28
25; 28
26; 30
27; 30
28; 33
29; 36
30; 38
31; 38
32; 40
33; 40
34; 42
35; 42
36; 44
37; 44
38; 46
39; 46
40; 48
41; 48
42; 50
43; 50
44; 52
45; 52
46; 54
47; 54
48; 56
49; 56
50; 58
51; 58
52; 60
53; 54
54; 56
55; 56
56; 58
57; 58
58; 0
59; 0
60; 2
61; 2
62; 4
63; 4
64; 6
65; 6
66; 8
67; 8
68; 10
69; 10
70; 12
71; 12
72; 14
73; 14
74; 16
75; 16
76; 18
77; 18
78; 20
79; 24
80; 26
81; 26
82; 28
83; 28
84; 30
85; 30
86; 32
87; 32
88; 34
89; 34
90; 36
91; 36
92; 38
93; 38
94; 40
95; 40
96; 42
97; 42
98; 44
99; 44
100; 46
101; 46
102; 48
103; 48
104; 50
105; 44
106; 49
107; 49
108; 54
109; 54
110; 59
111; 59
112; 4
113; 4
114; 9
115; 9
116; 14
117; 14
118; 19
119; 19
120; 21
121; 21
122; 23
123; 23
124; 25
125; 25
126; 27
127; 27
128; 29
129; 14
130; 19
131; 19
132; 24
133; 24
134; 29
135; 29
136; 34
137; 34
138; 39
139; 39
140; 44
141; 44
142; 49
143; 49
144; 51
145; 51
146; 53
147; 53
148; 55
149; 55
150; 57
151; 57
152; 59
153; 3
154; 5
155; 5
156; 7
157; 7
158; 9
159; 9
160; 11
161; 11
162; 13
163; 16
164; 21
165; 23
166; 28
167; 28
168; 33
169; 33
170; 38
171; 41
172; 46
173; 49
174; 54
175; 57
176; 4
177; 33
178; 35
179; 35
180; 37
181; 37
182; 39
183; 39
184; 41
185; 41
186; 43
187; 46
188; 51
189; 53
190; 58
191; 58
192; 3
193; 3
194; 10
195; 11
196; 18
197; 19
198; 24
199; 27
200; 34
201; 31
202; 34
203; 37
204; 40
205; 43
206; 46
207; 48
208; 50
209; 50
210; 52
211; 52
212; 54
213; 54
214; 56
215; 56
216; 58
217; 58
218; 0
219; 0
220; 2
221; 2
222; 4
223; 4
224; 6
225; 1
226; 4
227; 7
228; 10
229; 13
230; 16
231; 18
232; 20
233; 20
234; 22
235; 22
236; 24
237; 24
238; 26
239; 26
240; 28
241; 28
242; 30
243; 30
244; 32
245; 32
246; 34
247; 34
248; 36
249; 6
250; 8
251; 8
252; 10
253; 10
254; 12
255; 14
256; 16
257; 16
258; 18
259; 18
260; 20
261; 20
262; 22
263; 25
264; 27
265; 30
266; 33
267; 36
268; 39
269; 42
270; 45
271; 48
272; 51
273; 36
274; 38
275; 38
276; 40
277; 40
278; 42
279; 44
280; 46
281; 46
282; 48
283; 48
284; 50
285; 50
286; 52
287; 55
288; 57
289; 60
290; 3
291; 6
292; 9
293; 12
294; 15
295; 18
296; 21
297; 1
298; 3
299; 3
300; 5
301; 8
302; 10
303; 10
304; 12
305; 12
306; 14
307; 14
308; 16
309; 16
310; 18
311; 18
312; 20
313; 23
314; 25
315; 28
316; 31
317; 34
318; 37
319; 40
320; 43
321; 31
322; 33
323; 33
324; 35
325; 38
326; 40
327; 40
328; 42
329; 42
330; 44
331; 44
332; 46
333; 46
334; 48
335; 48
336; 50
337; 53
338; 55
339; 58
340; 1
341; 4
342; 7
343; 10
344; 13
345; 23
346; 26
347; 29
348; 31
349; 31
350; 33
351; 33
352; 35
353; 35
354; 37
355; 37
356; 39
357; 39
358; 41
359; 41
360; 43
361; 43
362; 45
363; 45
364; 47
365; 47
366; 49
367; 49
368; 51
369; 53
370; 56
371; 59
372; 1
373; 1
374; 3
375; 3
376; 5
377; 5
378; 7
379; 7
380; 9
381; 9
382; 11
383; 11
384; 13
385; 13
386; 15
387; 15
388; 17
389; 17
390; 19
391; 19
392; 21
393; 16
394; 19
395; 22
396; 25
397; 25
398; 27
399; 27
400; 29
401; 29
402; 31
403; 31
404; 33
405; 33
406; 35
407; 35
408; 37
409; 37
410; 39
411; 39
412; 41
413; 41
414; 43
415; 43
416; 45
417; 46
418; 49
419; 52
420; 55
421; 55
422; 57
423; 57
424; 59
425; 59
426; 1
427; 1
428; 3
429; 3
430; 5
431; 5
432; 7
433; 7
434; 9
435; 9
436; 11
437; 11
438; 13
439; 13
440; 15
441; 12
442; 14
443; 14
444; 16
445; 16
446; 18
447; 18
448; 20
449; 20
450; 22
451; 22
452; 24
453; 24
454; 26
455; 26
456; 28
457; 28
458; 30
459; 30
460; 32
461; 32
462; 34
463; 34
464; 36
465; 42
466; 44
467; 44
468; 46
469; 46
470; 48
471; 48
472; 50
473; 50
474; 52
475; 52
476; 54
477; 54
478; 56
479; 56
480; 58
481; 58
482; 0
483; 0
484; 2
485; 2
486; 4
487; 4
488; 6
489; 40
490; 42
491; 42
492; 44
493; 47
494; 49
495; 49
496; 51
497; 51
498; 53
499; 53
500; 55
501; 55
502; 57
503; 57
504; 59
505; 59
506; 1
507; 1
508; 3
509; 3
510; 5
511; 5
512; 7
513; 10
514; 12
515; 12
516; 14
517; 17
518; 19
519; 19
520; 21
521; 21
522; 23
523; 23
524; 25
525; 25
526; 27
527; 27
528; 29
529; 29
530; 31
531; 31
532; 33
533; 33
534; 35
535; 35
536; 37
537; 47
538; 50
539; 53
540; 55
541; 55
542; 57
543; 57
544; 59
545; 59
546; 1
547; 1
548; 3
549; 3
550; 5
551; 5
552; 7
553; 7
554; 9
555; 9
556; 11
557; 13
558; 15
559; 15
560; 17
561; 17
562; 20
563; 23
564; 25
565; 25
566; 27
567; 27
568; 29
569; 29
570; 31
571; 31
572; 33
573; 33
574; 35
575; 35
576; 37
577; 37
578; 39
579; 39
580; 41
581; 43
582; 45
583; 45
584; 47
585; 46
586; 50
587; 51
588; 54
589; 54
590; 57
591; 57
592; 0
593; 0
594; 3
595; 3
596; 6
597; 6
598; 9
599; 9
600; 12
601; 12
602; 14
603; 14
604; 16
605; 16
606; 19
607; 21
608; 24
609; 24
610; 27
611; 27
612; 30
613; 30
614; 33
615; 33
616; 36
617; 36
618; 39
619; 39
620; 42
621; 42
622; 44
623; 44
624; 46
625; 38
626; 40
627; 40
628; 42
629; 42
630; 45
631; 45
632; 48
633; 48
634; 51
635; 51
636; 54
637; 54
638; 57
639; 57
640; 0
641; 0
642; 3
643; 3
644; 6
645; 8
646; 10
647; 10
648; 12
649; 12
650; 15
651; 15
652; 18
653; 18
654; 21
655; 21
656; 24
657; 24
658; 27
659; 27
660; 30
661; 30
662; 33
663; 33
664; 36
665; 39
666; 42
667; 45
668; 48
669; 51
670; 54
671; 57
672; 0
673; 3
674; 6
675; 9
676; 12
677; 15
678; 18
679; 21
680; 28
681; 9
682; 12
683; 15
684; 18
685; 21
686; 24
687; 27
688; 30
689; 33
690; 36
691; 39
692; 42
693; 45
694; 48
695; 51
696; 58
697; 39
698; 44
699; 44
700; 46
701; 46
702; 48
703; 48
704; 50
705; 50
706; 52
707; 52
708; 54
709; 54
710; 57
711; 57
712; 1
713; 9
714; 14
715; 14
716; 16
717; 16
718; 18
719; 18
720; 20
721; 20
722; 22
723; 22
724; 24
725; 24
726; 27
727; 27
728; 30
729; 17
730; 20
731; 20
732; 23
733; 23
734; 26
735; 26
736; 29
737; 29
738; 32
739; 32
740; 35
741; 35
742; 38
743; 47
744; 50
745; 50
746; 53
747; 53
748; 56
749; 56
750; 59
751; 59
752; 2
753; 2
754; 5
755; 5
756; 8
757; 38
758; 41
759; 41
760; 44
761; 44
762; 47
763; 47
764; 50
765; 50
766; 53
767; 53
768; 56
769; 56
770; 59
771; 8
772; 11
773; 11
774; 14
775; 14
776; 17
777; 17
778; 20
779; 20
780; 23
781; 23
782; 26
783; 26
784; 29
785; 10
786; 11
787; 11
788; 12
789; 12
790; 13
791; 13
792; 14
793; 14
794; 15
795; 18
796; 20
797; 23
798; 25
799; 28
800; 30
801; 33
802; 35
803; 38
804; 41
805; 40
806; 41
807; 41
808; 42
809; 42
810; 43
811; 43
812; 44
813; 44
814; 45
815; 48
816; 50
817; 53
818; 55
819; 58
820; 0
821; 3
822; 5
823; 8
824; 11
825; 21
826; 24
827; 27
828; 29
829; 32
830; 33
831; 36
832; 37
833; 38
834; 39
835; 39
836; 40
837; 40
838; 41
839; 41
840; 42
841; 42
842; 43
843; 43
844; 44
845; 51
846; 54
847; 57
848; 59
849; 2
850; 3
851; 6
852; 8
853; 8
854; 9
855; 9
856; 10
857; 10
858; 11
859; 11
860; 12
861; 12
862; 13
863; 13
864; 15
865; 47
866; 49
867; 49
868; 51
869; 51
870; 53
871; 53
872; 55
873; 55
874; 57
875; 57
876; 59
877; 59
878; 1
879; 1
880; 3
881; 3
882; 5
883; 5
884; 7
885; 7
886; 9
887; 9
888; 11
889; 11
890; 13
891; 13
892; 15
893; 15
894; 17
895; 17
896; 19
897; 19
898; 21
899; 21
900; 23
901; 23
902; 25
903; 25
904; 27
905; 17
906; 19
907; 19
908; 21
909; 21
910; 23
911; 23
912; 25
913; 25
914; 27
915; 27
916; 29
917; 29
918; 31
919; 31
920; 33
921; 33
922; 35
923; 35
924; 37
925; 37
926; 39
927; 39
928; 41
929; 41
930; 43
931; 43
932; 45
933; 45
934; 47
935; 47
936; 49
937; 49
938; 51
939; 51
940; 53
941; 53
942; 55
943; 55
944; 57
945; 30
946; 32
947; 32
948; 34
949; 34
950; 36
951; 36
952; 38
953; 38
954; 40
955; 40
956; 42
957; 42
958; 44
959; 44
960; 46
961; 46
962; 48
963; 48
964; 50
965; 50
966; 52
967; 52
968; 54
969; 54
970; 56
971; 56
972; 58
973; 58
974; 0
975; 0
976; 2
977; 2
978; 4
979; 4
980; 6
981; 6
982; 8
983; 11
984; 14
985; 0
986; 2
987; 2
988; 4
989; 4
990; 6
991; 6
992; 8
993; 8
994; 10
995; 10
996; 12
997; 12
998; 14
999; 14
1000; 16
1001; 16
1002; 18
1003; 18
1004; 20
1005; 20
1006; 22
1007; 22
1008; 24
1009; 24
1010; 26
1011; 26
1012; 28
1013; 28
1014; 30
1015; 30
1016; 32
1017; 32
1018; 34
1019; 34
1020; 36
1021; 36
1022; 38
1023; 41
1024; 44
1025; 17
1026; 20
1027; 23
1028; 25
1029; 25
1030; 27
1031; 27
1032; 29
1033; 29
1034; 31
1035; 31
1036; 33
1037; 33
1038; 35
1039; 35
1040; 37
1041; 37
1042; 39
1043; 39
1044; 41
1045; 43
1046; 45
1047; 45
1048; 47
1049; 47
1050; 49
1051; 49
1052; 51
1053; 51
1054; 53
1055; 53
1056; 55
1057; 55
1058; 57
1059; 57
1060; 59
1061; 59
1062; 1
1063; 1
1064; 3
1065; 47
1066; 50
1067; 53
1068; 55
1069; 55
1070; 57
1071; 57
1072; 59
1073; 59
1074; 1
1075; 1
1076; 3
1077; 3
1078; 5
1079; 5
1080; 7
1081; 7
1082; 9
1083; 9
1084; 11
1085; 13
1086; 15
1087; 15
1088; 17
1089; 17
1090; 19
1091; 19
1092; 21
1093; 21
1094; 23
1095; 23
1096; 25
1097; 25
1098; 27
1099; 27
1100; 29
1101; 29
1102; 31
1103; 31
1104; 33
1105; 43
1106; 46
1107; 49
1108; 52
1109; 55
1110; 58
1111; 0
1112; 2
1113; 5
1114; 7
1115; 7
1116; 9
1117; 9
1118; 11
1119; 11
1120; 13
1121; 13
1122; 15
1123; 15
1124; 17
1125; 17
1126; 19
1127; 19
1128; 21
1129; 21
1130; 23
1131; 23
1132; 25
1133; 25
1134; 27
1135; 27
1136; 29
1137; 29
1138; 31
1139; 31
1140; 33
1141; 33
1142; 35
1143; 35
1144; 37
1145; 13
1146; 16
1147; 19
1148; 22
1149; 25
1150; 28
1151; 30
1152; 32
1153; 35
1154; 37
1155; 37
1156; 39
1157; 39
1158; 41
1159; 41
1160; 43
1161; 43
1162; 45
1163; 45
1164; 47
1165; 47
1166; 49
1167; 49
1168; 51
1169; 51
1170; 53
1171; 53
1172; 55
1173; 55
1174; 57
1175; 57
1176; 59
1177; 59
1178; 1
1179; 1
1180; 3
1181; 3
1182; 5
1183; 5
1184; 7
1185; 50
1186; 52
1187; 52
1188; 54
1189; 54
1190; 56
1191; 56
1192; 58
1193; 58
1194; 0
1195; 0
1196; 2
1197; 2
1198; 4
1199; 4
1200; 6
1201; 6
1202; 8
1203; 8
1204; 10
1205; 10
1206; 12
1207; 12
1208; 14
1209; 14
1210; 16
1211; 16
1212; 18
1213; 18
1214; 20
1215; 20
1216; 22
1217; 22
1218; 24
1219; 24
1220; 26
1221; 26
1222; 28
1223; 28
1224; 30
1225; 20
1226; 22
1227; 22
1228; 24
1229; 24
1230; 26
1231; 26
1232; 28
1233; 28
1234; 30
1235; 30
1236; 32
1237; 32
1238; 34
1239; 34
1240; 36
1241; 36
1242; 38
1243; 38
1244; 40
1245; 40
1246; 42
1247; 42
1248; 44
1249; 44
1250; 46
1251; 46
1252; 48
1253; 48
1254; 50
1255; 50
1256; 52
1257; 52
1258; 54
1259; 54
1260; 56
1261; 56
1262; 58
1263; 58
1264; 60
1265; 50
1266; 52
1267; 52
1268; 54
1269; 54
1270; 56
1271; 56
1272; 58
1273; 58
1274; 0
1275; 0
1276; 2
1277; 2
1278; 4
1279; 4
1280; 6
1281; 6
1282; 8
1283; 8
1284; 10
1285; 13
1286; 15
1287; 15
1288; 17
1289; 17
1290; 19
1291; 19
1292; 21
1293; 21
1294; 23
1295; 23
1296; 25
1297; 25
1298; 27
1299; 27
1300; 29
1301; 29
1302; 31
1303; 31
1304; 33
1305; 20
1306; 22
1307; 22
1308; 24
1309; 24
1310; 26
1311; 26
1312; 28
1313; 28
1314; 30
1315; 30
1316; 32
1317; 32
1318; 34
1319; 34
1320; 36
1321; 36
1322; 38
1323; 38
1324; 40
1325; 43
1326; 45
1327; 45
1328; 47
1329; 47
1330; 49
1331; 49
1332; 51
1333; 51
1334; 53
1335; 53
1336; 55
1337; 55
1338; 57
1339; 57
1340; 59
1341; 59
1342; 1
1343; 1
1344; 3
1345; 47
1346; 49
1347; 49
1348; 51
1349; 51
1350; 53
1351; 53
1352; 55
1353; 55
1354; 57
1355; 57
1356; 59
1357; 59
1358; 1
1359; 1
1360; 3
1361; 3
1362; 5
1363; 5
1364; 7
1365; 10
1366; 12
1367; 12
1368; 14
1369; 14
1370; 16
1371; 16
1372; 18
1373; 18
1374; 20
1375; 20
1376; 22
1377; 22
1378; 24
1379; 27
1380; 30
1381; 32
1382; 34
1383; 37
1384; 40
1385; 17
1386; 19
1387; 19
1388; 21
1389; 21
1390; 23
1391; 23
1392; 25
1393; 25
1394; 27
1395; 27
1396; 29
1397; 29
1398; 31
1399; 31
1400; 33
1401; 33
1402; 35
1403; 35
1404; 37
1405; 40
1406; 42
1407; 42
1408; 44
1409; 44
1410; 46
1411; 46
1412; 48
1413; 48
1414; 50
1415; 50
1416; 52
1417; 52
1418; 55
1419; 57
1420; 60
1421; 2
1422; 4
1423; 7
1424; 10
1425; 20
1426; 23
1427; 26
1428; 28
1429; 28
1430; 30
1431; 30
1432; 32
1433; 32
1434; 34
1435; 34
1436; 36
1437; 36
1438; 38
1439; 38
1440; 40
1441; 40
1442; 42
1443; 42
1444; 44
1445; 44
1446; 46
1447; 46
1448; 48
1449; 48
1450; 50
1451; 50
1452; 52
1453; 52
1454; 54
1455; 54
1456; 56
1457; 56
1458; 58
1459; 58
1460; 0
1461; 0
1462; 2
1463; 5
1464; 7
1465; 50
1466; 53
1467; 56
1468; 58
1469; 58
1470; 0
1471; 0
1472; 2
1473; 2
1474; 4
1475; 4
1476; 6
1477; 6
1478; 8
1479; 8
1480; 10
1481; 10
1482; 12
1483; 12
1484; 14
1485; 14
1486; 16
1487; 16
1488; 18
1489; 18
1490; 20
1491; 20
1492; 22
1493; 22
1494; 24
1495; 24
1496; 26
1497; 26
1498; 28
1499; 28
1500; 30
1501; 30
1502; 32
1503; 35
1504; 37
1505; 43
1506; 46
1507; 49
1508; 51
1509; 51
1510; 53
1511; 53
1512; 55
1513; 55
1514; 57
1515; 57
1516; 59
1517; 59
1518; 1
1519; 1
1520; 3
1521; 3
1522; 5
1523; 5
1524; 7
1525; 7
1526; 9
1527; 9
1528; 11
1529; 11
1530; 13
1531; 13
1532; 15
1533; 15
1534; 17
1535; 17
1536; 19
1537; 19
1538; 21
1539; 24
1540; 27
1541; 28
1542; 30
1543; 33
1544; 36
1545; 13
1546; 16
1547; 19
1548; 21
1549; 21
1550; 23
1551; 23
1552; 25
1553; 25
1554; 27
1555; 27
1556; 29
1557; 29
1558; 31
1559; 31
1560; 33
1561; 33
1562; 35
1563; 35
1564; 37
1565; 37
1566; 39
1567; 39
1568; 41
1569; 41
1570; 43
1571; 43
1572; 45
1573; 45
1574; 47
1575; 47
1576; 49
1577; 49
1578; 51
1579; 54
1580; 57
1581; 58
1582; 0
1583; 3
1584; 6
1585; 16
1586; 19
1587; 22
1588; 24
1589; 24
1590; 26
1591; 26
1592; 28
1593; 28
1594; 30
1595; 30
1596; 32
1597; 32
1598; 34
1599; 34
1600; 36
1601; 36
1602; 38
1603; 38
1604; 40
1605; 40
1606; 42
1607; 42
1608; 44
1609; 44
1610; 46
1611; 46
1612; 48
1613; 48
1614; 50
1615; 50
1616; 52
1617; 52
1618; 54
1619; 54
1620; 56
1621; 59
1622; 1
1623; 1
1624; 3
1625; 46
1626; 49
1627; 52
1628; 54
1629; 54
1630; 56
1631; 56
1632; 58
1633; 58
1634; 0
1635; 0
1636; 2
1637; 2
1638; 4
1639; 4
1640; 6
1641; 6
1642; 8
1643; 8
1644; 10
1645; 10
1646; 12
1647; 12
1648; 14
1649; 14
1650; 16
1651; 16
1652; 18
1653; 18
1654; 20
1655; 20
1656; 22
1657; 22
1658; 24
1659; 24
1660; 26
1661; 29
1662; 31
1663; 31
1664; 33
1665; 37
1666; 40
1667; 43
1668; 46
1669; 49
1670; 52
1671; 55
1672; 58
1673; 58
1674; 0
1675; 0
1676; 2
1677; 2
1678; 4
1679; 4
1680; 6
1681; 6
1682; 8
1683; 8
1684; 10
1685; 13
1686; 15
1687; 15
1688; 17
1689; 17
1690; 19
1691; 21
1692; 23
1693; 26
1694; 28
1695; 31
1696; 34
1697; 37
1698; 40
1699; 43
1700; 46
1701; 49
1702; 52
1703; 55
1704; 58
1705; 7
1706; 10
1707; 13
1708; 16
1709; 19
1710; 22
1711; 25
1712; 28
1713; 28
1714; 30
1715; 30
1716; 32
1717; 32
1718; 34
1719; 34
1720; 36
1721; 36
1722; 38
1723; 38
1724; 40
1725; 43
1726; 45
1727; 45
1728; 47
1729; 47
1730; 49
1731; 51
1732; 53
1733; 56
1734; 58
1735; 1
1736; 4
1737; 7
1738; 10
1739; 13
1740; 16
1741; 19
1742; 22
1743; 25
1744; 28
1745; 38
1746; 41
1747; 44
1748; 47
1749; 50
1750; 53
1751; 56
1752; 58
1753; 58
1754; 0
1755; 0
1756; 2
1757; 2
1758; 4
1759; 4
1760; 6
1761; 6
1762; 8
1763; 8
1764; 10
1765; 13
1766; 15
1767; 15
1768; 17
1769; 17
1770; 19
1771; 19
1772; 21
1773; 24
1774; 27
1775; 30
1776; 33
1777; 36
1778; 39
1779; 42
1780; 45
1781; 48
1782; 51
1783; 54
1784; 57
1785; 8
1786; 11
1787; 14
1788; 17
1789; 20
1790; 23
1791; 26
1792; 28
1793; 28
1794; 30
1795; 30
1796; 32
1797; 32
1798; 34
1799; 34
1800; 36
1801; 36
1802; 38
1803; 38
1804; 40
1805; 43
1806; 45
1807; 45
1808; 47
1809; 47
1810; 49
1811; 49
1812; 51
1813; 54
1814; 57
1815; 60
1816; 3
1817; 6
1818; 9
1819; 12
1820; 15
1821; 18
1822; 21
1823; 24
1824; 27
