#origin-stop-id;destination-stop-id;perceived-travel-time;passengers
1;2;6;21
1;3;12;15
1;4;18;10
1;5;24;8
1;6;50;5
1;7;44;11
1;8;26;19
1;9;49;7
1;10;55;3
1;11;57;3
1;12;51;6
1;13;32;82
1;14;47;8
1;15;53;4
1;16;61;3
1;17;55;7
1;18;39;11
1;19;55;4
1;20;61;2
1;21;70;2
1;22;64;2
1;23;45;5
1;24;59;4
1;25;65;15
2;1;6;5
2;3;6;4
2;4;12;3
2;5;18;2
2;6;44;1
2;7;38;3
2;8;20;5
2;9;43;2
2;10;49;1
2;11;51;1
2;12;45;2
2;13;26;20
2;14;41;2
2;15;47;1
2;16;55;1
2;17;49;2
2;18;33;3
2;19;49;1
2;20;55;0
2;21;64;0
2;22;58;1
2;23;39;1
2;24;53;1
2;25;59;4
3;1;12;3
3;2;6;3
3;4;6;4
3;5;12;3
3;6;30;1
3;7;24;3
3;8;6;7
3;9;24;3
3;10;30;1
3;11;32;1
3;12;26;3
3;13;12;30
3;14;27;2
3;15;33;1
3;16;41;1
3;17;35;2
3;18;19;4
3;19;35;2
3;20;41;1
3;21;45;1
3;22;39;1
3;23;25;2
3;24;39;1
3;25;45;4
4;1;18;2
4;2;12;2
4;3;6;4
4;5;6;4
4;6;44;1
4;7;38;2
4;8;20;5
4;9;43;3
4;10;49;1
4;11;51;1
4;12;45;3
4;13;26;19
4;14;41;1
4;15;47;1
4;16;55;0
4;17;49;1
4;18;33;3
4;19;49;2
4;20;55;1
4;21;64;1
4;22;58;1
4;23;39;1
4;24;53;1
4;25;59;2
5;1;24;2
5;2;18;2
5;3;12;3
5;4;6;4
5;6;50;1
5;7;44;1
5;8;26;4
5;9;49;2
5;10;55;1
5;11;57;1
5;12;51;2
5;13;32;16
5;14;47;1
5;15;53;0
5;16;61;0
5;17;55;1
5;18;39;2
5;19;55;1
5;20;61;1
5;21;70;1
5;22;64;1
5;23;45;1
5;24;59;0
5;25;65;2
6;1;53;1
6;2;47;1
6;3;26;1
6;4;47;1
6;5;53;1
6;7;6;8
6;8;12;5
6;9;18;4
6;10;24;2
6;11;56;1
6;12;50;1
6;13;26;20
6;14;56;2
6;15;62;1
6;16;70;1
6;17;64;1
6;18;33;3
6;19;64;2
6;20;70;1
6;21;59;0
6;22;53;0
6;23;39;1
6;24;68;1
6;25;74;3
7;1;47;2
7;2;41;3
7;3;20;3
7;4;41;2
7;5;47;1
7;6;6;7
7;8;6;11
7;9;12;9
7;10;18;4
7;11;50;1
7;12;44;3
7;13;20;47
7;14;50;4
7;15;56;2
7;16;64;1
7;17;58;3
7;18;27;7
7;19;58;6
7;20;64;2
7;21;53;1
7;22;47;1
7;23;33;2
7;24;62;2
7;25;68;7
8;1;28;4
8;2;22;4
8;3;6;7
8;4;22;4
8;5;28;3
8;6;12;4
8;7;6;10
8;9;6;11
8;10;12;5
8;11;26;3
8;12;20;6
8;13;6;78
8;14;21;7
8;15;27;3
8;16;35;2
8;17;29;6
8;18;13;11
8;19;29;6
8;20;35;3
8;21;39;2
8;22;33;3
8;23;19;4
8;24;33;3
8;25;39;10
9;1;42;1
9;2;36;2
9;3;20;3
9;4;36;3
9;5;42;2
9;6;18;3
9;7;12;8
9;8;6;11
9;10;6;7
9;11;45;2
9;12;39;5
9;13;20;46
9;14;45;6
9;15;51;3
9;16;59;2
9;17;53;5
9;18;27;6
9;19;53;3
9;20;59;1
9;21;68;1
9;22;62;2
9;23;33;2
9;24;57;1
9;25;63;4
10;1;48;1
10;2;42;1
10;3;26;1
10;4;42;1
10;5;48;1
10;6;24;1
10;7;18;4
10;8;12;5
10;9;6;7
10;11;51;1
10;12;45;2
10;13;26;19
10;14;51;3
10;15;57;1
10;16;65;1
10;17;59;2
10;18;33;3
10;19;59;1
10;20;65;1
10;21;74;1
10;22;68;1
10;23;39;1
10;24;63;0
10;25;69;2
11;1;56;1
11;2;50;1
11;3;34;1
11;4;50;1
11;5;56;1
11;6;52;1
11;7;46;2
11;8;28;3
11;9;61;1
11;10;67;1
11;12;6;7
11;13;12;25
11;14;19;4
11;15;25;2
11;16;63;1
11;17;57;1
11;18;26;3
11;19;57;2
11;20;63;1
11;21;52;1
11;22;46;1
11;23;32;1
11;24;61;1
11;25;67;3
12;1;50;1
12;2;44;1
12;3;28;1
12;4;44;1
12;5;50;1
12;6;46;1
12;7;40;2
12;8;22;4
12;9;55;2
12;10;61;1
12;11;6;4
12;13;6;29
12;14;13;5
12;15;19;2
12;16;57;1
12;17;51;2
12;18;20;4
12;19;51;3
12;20;57;1
12;21;46;1
12;22;40;1
12;23;26;2
12;24;55;1
12;25;61;3
13;1;34;14
13;2;28;4
13;3;12;7
13;4;28;5
13;5;34;4
13;6;30;5
13;7;24;11
13;8;6;18
13;9;24;11
13;10;30;5
13;11;12;6
13;12;6;9
13;14;6;14
13;15;12;6
13;16;28;5
13;17;22;11
13;18;6;18
13;19;22;11
13;20;28;5
13;21;32;4
13;22;26;5
13;23;12;7
13;24;26;5
13;25;32;8
14;1;55;1
14;2;49;1
14;3;28;2
14;4;49;2
14;5;55;2
14;6;51;2
14;7;45;6
14;8;22;7
14;9;40;4
14;10;46;2
14;11;18;4
14;12;12;9
14;13;6;55
14;15;6;7
14;16;42;2
14;17;36;4
14;18;20;7
14;19;36;6
14;20;42;3
14;21;51;1
14;22;45;1
14;23;26;3
14;24;40;2
14;25;46;8
15;1;61;0
15;2;55;0
15;3;34;1
15;4;55;1
15;5;61;1
15;6;57;1
15;7;51;3
15;8;28;3
15;9;46;2
15;10;52;1
15;11;24;2
15;12;18;4
15;13;12;23
15;14;6;7
15;16;48;1
15;17;42;2
15;18;26;3
15;19;42;3
15;20;48;1
15;21;57;0
15;22;51;1
15;23;32;1
15;24;46;1
15;25;52;3
16;1;67;1
16;2;61;1
16;3;40;1
16;4;61;0
16;5;67;0
16;6;63;1
16;7;57;1
16;8;34;3
16;9;52;2
16;10;58;1
16;11;60;1
16;12;54;2
16;13;26;19
16;14;40;3
16;15;46;1
16;17;6;8
16;18;12;5
16;19;18;4
16;20;24;2
16;21;63;1
16;22;57;1
16;23;28;2
16;24;52;1
16;25;58;5
17;1;61;1
17;2;55;2
17;3;34;2
17;4;55;1
17;5;61;1
17;6;57;1
17;7;51;3
17;8;28;6
17;9;46;5
17;10;52;2
17;11;54;2
17;12;48;4
17;13;20;45
17;14;34;6
17;15;40;3
17;16;6;7
17;18;6;11
17;19;12;9
17;20;18;4
17;21;57;1
17;22;51;2
17;23;22;4
17;24;46;3
17;25;52;11
18;1;42;2
18;2;36;2
18;3;20;4
18;4;36;2
18;5;42;2
18;6;38;2
18;7;32;5
18;8;14;10
18;9;32;6
18;10;38;2
18;11;30;3
18;12;24;6
18;13;6;75
18;14;20;7
18;15;26;3
18;16;12;4
18;17;6;11
18;19;6;11
18;20;12;5
18;21;26;3
18;22;20;4
18;23;6;7
18;24;20;4
18;25;26;17
19;1;61;1
19;2;55;1
19;3;34;2
19;4;55;2
19;5;61;1
19;6;57;2
19;7;51;5
19;8;28;6
19;9;46;3
19;10;52;1
19;11;54;1
19;12;48;3
19;13;20;45
19;14;34;4
19;15;40;2
19;16;18;4
19;17;12;9
19;18;6;11
19;20;6;7
19;21;57;2
19;22;51;3
19;23;22;3
19;24;46;2
19;25;52;7
20;1;67;0
20;2;61;0
20;3;40;1
20;4;61;1
20;5;67;1
20;6;63;1
20;7;57;2
20;8;34;2
20;9;52;1
20;10;58;1
20;11;60;0
20;12;54;1
20;13;26;18
20;14;40;2
20;15;46;1
20;16;24;2
20;17;18;4
20;18;12;5
20;19;6;7
20;21;63;1
20;22;57;1
20;23;28;1
20;24;52;1
20;25;58;3
21;1;73;0
21;2;67;0
21;3;46;1
21;4;67;1
21;5;73;1
21;6;79;0
21;7;73;1
21;8;40;2
21;9;68;1
21;10;74;1
21;11;56;0
21;12;50;1
21;13;32;15
21;14;56;2
21;15;62;1
21;16;50;1
21;17;44;1
21;18;26;4
21;19;44;2
21;20;50;1
21;22;6;5
21;23;12;3
21;24;18;2
21;25;24;8
22;1;67;0
22;2;61;0
22;3;40;1
22;4;61;1
22;5;67;1
22;6;73;0
22;7;67;1
22;8;34;2
22;9;62;2
22;10;68;1
22;11;50;1
22;12;44;1
22;13;26;18
22;14;50;2
22;15;56;1
22;16;44;1
22;17;38;2
22;18;20;5
22;19;38;3
22;20;44;1
22;21;6;4
22;23;6;4
22;24;12;3
22;25;18;9
23;1;48;1
23;2;42;1
23;3;26;2
23;4;42;1
23;5;48;1
23;6;44;1
23;7;38;2
23;8;20;4
23;9;38;2
23;10;44;1
23;11;36;1
23;12;30;3
23;13;12;28
23;14;26;2
23;15;32;1
23;16;30;1
23;17;24;3
23;18;6;7
23;19;24;3
23;20;30;1
23;21;12;3
23;22;6;4
23;24;6;4
23;25;12;13
24;1;62;1
24;2;56;1
24;3;40;1
24;4;56;0
24;5;62;0
24;6;68;1
24;7;62;2
24;8;34;2
24;9;57;1
24;10;63;0
24;11;65;1
24;12;59;2
24;13;26;17
24;14;45;1
24;15;51;0
24;16;59;1
24;17;53;3
24;18;20;4
24;19;53;2
24;20;59;1
24;21;18;2
24;22;12;2
24;23;6;4
24;25;6;19
25;1;68;1
25;2;62;1
25;3;46;1
25;4;62;0
25;5;68;0
25;6;74;0
25;7;68;1
25;8;40;2
25;9;63;1
25;10;69;0
25;11;71;1
25;12;65;2
25;13;32;13
25;14;51;1
25;15;57;0
25;16;65;1
25;17;59;2
25;18;26;3
25;19;59;1
25;20;65;1
25;21;24;1
25;22;18;2
25;23;12;3
25;24;6;4
