#line-id;line-code;direction;edge-order;edge-id;frequency;departure_time;arrival_time
1;1H;<;1;1;3;0;6
1;1H;<;2;2;3;6;12
1;1H;<;3;29;3;12;18
1;1H;<;4;30;3;18;24
1;1H;<;5;31;3;24;30
1;1H;<;6;32;3;30;36
1;1H;<;7;19;3;36;42
1;1H;<;8;20;3;42;48
1;1R;>;1;20;3;10;16
1;1R;>;2;19;3;16;22
1;1R;>;3;32;3;22;28
1;1R;>;4;31;3;28;34
1;1R;>;5;30;3;34;40
1;1R;>;6;29;3;40;46
1;1R;>;7;2;3;46;52
1;1R;>;8;1;3;52;58
2;2H;<;1;5;3;1;7
2;2H;<;2;6;3;7;13
2;2H;<;3;30;3;13;19
2;2H;<;4;31;3;19;25
2;2H;<;5;15;3;25;31
2;2H;<;6;16;3;31;37
2;2R;>;1;16;3;1;7
2;2R;>;2;15;3;7;13
2;2R;>;3;31;3;13;19
2;2R;>;4;30;3;19;25
2;2R;>;5;6;3;25;31
2;2R;>;6;5;3;31;37
3;3H;<;1;9;3;0;6
3;3H;<;2;10;3;6;12
3;3H;<;3;11;3;12;18
3;3H;<;4;12;3;18;24
3;3R;>;1;12;3;6;12
3;3R;>;2;11;3;12;18
3;3R;>;3;10;3;18;24
3;3R;>;4;9;3;24;30
4;4H;<;1;13;3;11;17
4;4H;<;2;14;3;17;23
4;4H;<;3;31;3;23;29
4;4H;<;4;30;3;29;35
4;4H;<;5;7;3;35;41
4;4H;<;6;8;3;41;47
4;4R;>;1;8;3;11;17
4;4R;>;2;7;3;17;23
4;4R;>;3;30;3;23;29
4;4R;>;4;31;3;29;35
4;4R;>;5;14;3;35;41
4;4R;>;6;13;3;41;47
5;5H;<;1;17;3;10;16
5;5H;<;2;18;3;16;22
5;5H;<;3;32;3;22;28
5;5H;<;4;31;3;28;34
5;5H;<;5;30;3;34;40
5;5H;<;6;29;3;40;46
5;5H;<;7;3;3;46;52
5;5H;<;8;4;3;52;58
5;5R;>;1;4;3;0;6
5;5R;>;2;3;3;6;12
5;5R;>;3;29;3;12;18
5;5R;>;4;30;3;18;24
5;5R;>;5;31;3;24;30
5;5R;>;6;32;3;30;36
5;5R;>;7;18;3;36;42
5;5R;>;8;17;3;42;48
6;6H;<;1;1;3;10;16
6;6H;<;2;2;3;16;22
6;6H;<;3;29;3;22;28
6;6H;<;4;30;3;28;34
6;6R;>;1;30;3;4;10
6;6R;>;2;29;3;10;16
6;6R;>;3;2;3;16;22
6;6R;>;4;1;3;22;28
