#line-id;line-code;direction;stop-order;stop-id;frequency;arrival_time;departure_time;line-repetition
3; 3H; >; 1; 21; 1; 0; 0; 1
3; 3H; >; 2; 22; 1; 6; 6; 1
3; 3H; >; 3; 17; 1; 12; 12; 1
3; 3H; >; 4; 12; 1; 18; 18; 1
3; 3H; >; 5; 13; 1; 24; 24; 1
3; 3H; >; 6; 14; 1; 30; 30; 1
3; 3H; >; 7; 15; 1; 36; 36; 1
3; 3H; >; 8; 10; 1; 42; 42; 1
3; 3H; >; 9; 5; 1; 48; 48; 1
3; 3R; <; 1; 5; 1; 0; 0; 1
3; 3R; <; 2; 10; 1; 6; 6; 1
3; 3R; <; 3; 15; 1; 12; 12; 1
3; 3R; <; 4; 14; 1; 18; 18; 1
3; 3R; <; 5; 13; 1; 24; 24; 1
3; 3R; <; 6; 12; 1; 30; 30; 1
3; 3R; <; 7; 17; 1; 36; 36; 1
3; 3R; <; 8; 22; 1; 42; 42; 1
3; 3R; <; 9; 21; 1; 48; 48; 1
4; 4H; >; 1; 1; 1; 0; 0; 1
4; 4H; >; 2; 2; 1; 6; 6; 1
4; 4H; >; 3; 7; 1; 12; 12; 1
4; 4H; >; 4; 8; 1; 18; 18; 1
4; 4H; >; 5; 13; 1; 24; 24; 1
4; 4H; >; 6; 14; 1; 30; 30; 1
4; 4H; >; 7; 19; 1; 36; 36; 1
4; 4H; >; 8; 24; 1; 42; 42; 1
4; 4H; >; 9; 25; 1; 48; 48; 1
4; 4R; <; 1; 25; 1; 0; 0; 1
4; 4R; <; 2; 24; 1; 6; 6; 1
4; 4R; <; 3; 19; 1; 12; 12; 1
4; 4R; <; 4; 14; 1; 18; 18; 1
4; 4R; <; 5; 13; 1; 24; 24; 1
4; 4R; <; 6; 8; 1; 30; 30; 1
4; 4R; <; 7; 7; 1; 36; 36; 1
4; 4R; <; 8; 2; 1; 42; 42; 1
4; 4R; <; 9; 1; 1; 48; 48; 1
5; 5H; >; 1; 4; 1; 0; 0; 1
5; 5H; >; 2; 9; 1; 6; 6; 1
5; 5H; >; 3; 14; 1; 12; 12; 1
5; 5H; >; 4; 13; 1; 18; 18; 1
5; 5H; >; 5; 12; 1; 24; 24; 1
5; 5H; >; 6; 17; 1; 30; 30; 1
5; 5H; >; 7; 22; 1; 36; 36; 1
5; 5H; >; 8; 21; 1; 42; 42; 1
5; 5R; <; 1; 21; 1; 0; 0; 1
5; 5R; <; 2; 22; 1; 6; 6; 1
5; 5R; <; 3; 17; 1; 12; 12; 1
5; 5R; <; 4; 12; 1; 18; 18; 1
5; 5R; <; 5; 13; 1; 24; 24; 1
5; 5R; <; 6; 14; 1; 30; 30; 1
5; 5R; <; 7; 9; 1; 36; 36; 1
5; 5R; <; 8; 4; 1; 42; 42; 1
6; 6H; >; 1; 6; 1; 0; 0; 1
6; 6H; >; 2; 11; 1; 6; 6; 1
6; 6H; >; 3; 12; 1; 12; 12; 1
6; 6H; >; 4; 13; 1; 18; 18; 1
6; 6H; >; 5; 14; 1; 24; 24; 1
6; 6H; >; 6; 19; 1; 30; 30; 1
6; 6H; >; 7; 24; 1; 36; 36; 1
6; 6H; >; 8; 25; 1; 42; 42; 1
6; 6R; <; 1; 25; 1; 0; 0; 1
6; 6R; <; 2; 24; 1; 6; 6; 1
6; 6R; <; 3; 19; 1; 12; 12; 1
6; 6R; <; 4; 14; 1; 18; 18; 1
6; 6R; <; 5; 13; 1; 24; 24; 1
6; 6R; <; 6; 12; 1; 30; 30; 1
6; 6R; <; 7; 11; 1; 36; 36; 1
6; 6R; <; 8; 6; 1; 42; 42; 1
7; 7H; >; 1; 1; 1; 0; 0; 1
7; 7H; >; 2; 6; 1; 6; 6; 1
7; 7H; >; 3; 7; 1; 12; 12; 1
7; 7H; >; 4; 8; 1; 18; 18; 1
7; 7H; >; 5; 13; 1; 24; 24; 1
7; 7H; >; 6; 14; 1; 30; 30; 1
7; 7H; >; 7; 15; 1; 36; 36; 1
7; 7H; >; 8; 20; 1; 42; 42; 1
7; 7R; <; 1; 20; 1; 0; 0; 1
7; 7R; <; 2; 15; 1; 6; 6; 1
7; 7R; <; 3; 14; 1; 12; 12; 1
7; 7R; <; 4; 13; 1; 18; 18; 1
7; 7R; <; 5; 8; 1; 24; 24; 1
7; 7R; <; 6; 7; 1; 30; 30; 1
7; 7R; <; 7; 6; 1; 36; 36; 1
7; 7R; <; 8; 1; 1; 42; 42; 1
8; 8H; >; 1; 21; 1; 0; 0; 1
8; 8H; >; 2; 22; 1; 6; 6; 1
8; 8H; >; 3; 17; 1; 12; 12; 1
8; 8H; >; 4; 12; 1; 18; 18; 1
8; 8H; >; 5; 13; 1; 24; 24; 1
8; 8H; >; 6; 8; 1; 30; 30; 1
8; 8H; >; 7; 3; 1; 36; 36; 1
8; 8H; >; 8; 4; 1; 42; 42; 1
8; 8R; <; 1; 4; 1; 0; 0; 1
8; 8R; <; 2; 3; 1; 6; 6; 1
8; 8R; <; 3; 8; 1; 12; 12; 1
8; 8R; <; 4; 13; 1; 18; 18; 1
8; 8R; <; 5; 12; 1; 24; 24; 1
8; 8R; <; 6; 17; 1; 30; 30; 1
8; 8R; <; 7; 22; 1; 36; 36; 1
8; 8R; <; 8; 21; 1; 42; 42; 1
9; 9H; >; 1; 2; 1; 0; 0; 1
9; 9H; >; 2; 3; 1; 6; 6; 1
9; 9H; >; 3; 8; 1; 12; 12; 1
9; 9H; >; 4; 13; 1; 18; 18; 1
9; 9H; >; 5; 14; 1; 24; 24; 1
9; 9H; >; 6; 19; 1; 30; 30; 1
9; 9H; >; 7; 24; 1; 36; 36; 1
9; 9H; >; 8; 25; 1; 42; 42; 1
9; 9R; <; 1; 25; 1; 0; 0; 1
9; 9R; <; 2; 24; 1; 6; 6; 1
9; 9R; <; 3; 19; 1; 12; 12; 1
9; 9R; <; 4; 14; 1; 18; 18; 1
9; 9R; <; 5; 13; 1; 24; 24; 1
9; 9R; <; 6; 8; 1; 30; 30; 1
9; 9R; <; 7; 3; 1; 36; 36; 1
9; 9R; <; 8; 2; 1; 42; 42; 1
10; 10H; >; 1; 1; 3; 0; 0; 1
10; 10H; >; 2; 2; 3; 6; 6; 1
10; 10H; >; 3; 7; 3; 12; 12; 1
10; 10H; >; 4; 8; 3; 18; 18; 1
10; 10H; >; 5; 13; 3; 24; 24; 1
10; 10H; >; 6; 14; 3; 30; 30; 1
10; 10H; >; 7; 15; 3; 36; 36; 1
10; 10H; >; 8; 20; 3; 42; 42; 1
10; 10H; >; 1; 1; 3; 20; 20; 2
10; 10H; >; 2; 2; 3; 26; 26; 2
10; 10H; >; 3; 7; 3; 32; 32; 2
10; 10H; >; 4; 8; 3; 38; 38; 2
10; 10H; >; 5; 13; 3; 44; 44; 2
10; 10H; >; 6; 14; 3; 50; 50; 2
10; 10H; >; 7; 15; 3; 56; 56; 2
10; 10H; >; 8; 20; 3; 2; 2; 2
10; 10H; >; 1; 1; 3; 40; 40; 3
10; 10H; >; 2; 2; 3; 46; 46; 3
10; 10H; >; 3; 7; 3; 52; 52; 3
10; 10H; >; 4; 8; 3; 58; 58; 3
10; 10H; >; 5; 13; 3; 4; 4; 3
10; 10H; >; 6; 14; 3; 10; 10; 3
10; 10H; >; 7; 15; 3; 16; 16; 3
10; 10H; >; 8; 20; 3; 22; 22; 3
10; 10R; <; 1; 20; 3; 0; 0; 1
10; 10R; <; 2; 15; 3; 6; 6; 1
10; 10R; <; 3; 14; 3; 12; 12; 1
10; 10R; <; 4; 13; 3; 18; 18; 1
10; 10R; <; 5; 8; 3; 24; 24; 1
10; 10R; <; 6; 7; 3; 30; 30; 1
10; 10R; <; 7; 2; 3; 36; 36; 1
10; 10R; <; 8; 1; 3; 42; 42; 1
10; 10R; <; 1; 20; 3; 20; 20; 2
10; 10R; <; 2; 15; 3; 26; 26; 2
10; 10R; <; 3; 14; 3; 32; 32; 2
10; 10R; <; 4; 13; 3; 38; 38; 2
10; 10R; <; 5; 8; 3; 44; 44; 2
10; 10R; <; 6; 7; 3; 50; 50; 2
10; 10R; <; 7; 2; 3; 56; 56; 2
10; 10R; <; 8; 1; 3; 2; 2; 2
10; 10R; <; 1; 20; 3; 40; 40; 3
10; 10R; <; 2; 15; 3; 46; 46; 3
10; 10R; <; 3; 14; 3; 52; 52; 3
10; 10R; <; 4; 13; 3; 58; 58; 3
10; 10R; <; 5; 8; 3; 4; 4; 3
10; 10R; <; 6; 7; 3; 10; 10; 3
10; 10R; <; 7; 2; 3; 16; 16; 3
10; 10R; <; 8; 1; 3; 22; 22; 3
12; 12H; >; 1; 10; 1; 0; 0; 1
12; 12H; >; 2; 15; 1; 6; 6; 1
12; 12H; >; 3; 14; 1; 12; 12; 1
12; 12H; >; 4; 13; 1; 18; 18; 1
12; 12H; >; 5; 12; 1; 24; 24; 1
12; 12H; >; 6; 11; 1; 30; 30; 1
12; 12H; >; 7; 6; 1; 36; 36; 1
12; 12R; <; 1; 6; 1; 0; 0; 1
12; 12R; <; 2; 11; 1; 6; 6; 1
12; 12R; <; 3; 12; 1; 12; 12; 1
12; 12R; <; 4; 13; 1; 18; 18; 1
12; 12R; <; 5; 14; 1; 24; 24; 1
12; 12R; <; 6; 15; 1; 30; 30; 1
12; 12R; <; 7; 10; 1; 36; 36; 1
14; 14H; >; 1; 5; 1; 0; 0; 1
14; 14H; >; 2; 10; 1; 6; 6; 1
14; 14H; >; 3; 9; 1; 12; 12; 1
14; 14H; >; 4; 14; 1; 18; 18; 1
14; 14H; >; 5; 19; 1; 24; 24; 1
14; 14H; >; 6; 24; 1; 30; 30; 1
14; 14H; >; 7; 23; 1; 36; 36; 1
14; 14R; <; 1; 23; 1; 0; 0; 1
14; 14R; <; 2; 24; 1; 6; 6; 1
14; 14R; <; 3; 19; 1; 12; 12; 1
14; 14R; <; 4; 14; 1; 18; 18; 1
14; 14R; <; 5; 9; 1; 24; 24; 1
14; 14R; <; 6; 10; 1; 30; 30; 1
14; 14R; <; 7; 5; 1; 36; 36; 1
15; 15H; >; 1; 3; 1; 0; 0; 1
15; 15H; >; 2; 8; 1; 6; 6; 1
15; 15H; >; 3; 13; 1; 12; 12; 1
15; 15H; >; 4; 12; 1; 18; 18; 1
15; 15H; >; 5; 17; 1; 24; 24; 1
15; 15H; >; 6; 22; 1; 30; 30; 1
15; 15H; >; 7; 23; 1; 36; 36; 1
15; 15R; <; 1; 23; 1; 0; 0; 1
15; 15R; <; 2; 22; 1; 6; 6; 1
15; 15R; <; 3; 17; 1; 12; 12; 1
15; 15R; <; 4; 12; 1; 18; 18; 1
15; 15R; <; 5; 13; 1; 24; 24; 1
15; 15R; <; 6; 8; 1; 30; 30; 1
15; 15R; <; 7; 3; 1; 36; 36; 1
19; 19H; >; 1; 2; 1; 0; 0; 1
19; 19H; >; 2; 7; 1; 6; 6; 1
19; 19H; >; 3; 12; 1; 12; 12; 1
19; 19H; >; 4; 11; 1; 18; 18; 1
19; 19H; >; 5; 16; 1; 24; 24; 1
19; 19H; >; 6; 21; 1; 30; 30; 1
19; 19H; >; 7; 22; 1; 36; 36; 1
19; 19R; <; 1; 22; 1; 0; 0; 1
19; 19R; <; 2; 21; 1; 6; 6; 1
19; 19R; <; 3; 16; 1; 12; 12; 1
19; 19R; <; 4; 11; 1; 18; 18; 1
19; 19R; <; 5; 12; 1; 24; 24; 1
19; 19R; <; 6; 7; 1; 30; 30; 1
19; 19R; <; 7; 2; 1; 36; 36; 1
21; 21H; >; 1; 1; 1; 0; 0; 1
21; 21H; >; 2; 6; 1; 6; 6; 1
21; 21H; >; 3; 11; 1; 12; 12; 1
21; 21H; >; 4; 16; 1; 18; 18; 1
21; 21H; >; 5; 21; 1; 24; 24; 1
21; 21H; >; 6; 22; 1; 30; 30; 1
21; 21H; >; 7; 23; 1; 36; 36; 1
21; 21R; <; 1; 23; 1; 0; 0; 1
21; 21R; <; 2; 22; 1; 6; 6; 1
21; 21R; <; 3; 21; 1; 12; 12; 1
21; 21R; <; 4; 16; 1; 18; 18; 1
21; 21R; <; 5; 11; 1; 24; 24; 1
21; 21R; <; 6; 6; 1; 30; 30; 1
21; 21R; <; 7; 1; 1; 36; 36; 1
22; 22H; >; 1; 1; 1; 0; 0; 1
22; 22H; >; 2; 6; 1; 6; 6; 1
22; 22H; >; 3; 11; 1; 12; 12; 1
22; 22H; >; 4; 12; 1; 18; 18; 1
22; 22H; >; 5; 17; 1; 24; 24; 1
22; 22H; >; 6; 22; 1; 30; 30; 1
22; 22H; >; 7; 23; 1; 36; 36; 1
22; 22R; <; 1; 23; 1; 0; 0; 1
22; 22R; <; 2; 22; 1; 6; 6; 1
22; 22R; <; 3; 17; 1; 12; 12; 1
22; 22R; <; 4; 12; 1; 18; 18; 1
22; 22R; <; 5; 11; 1; 24; 24; 1
22; 22R; <; 6; 6; 1; 30; 30; 1
22; 22R; <; 7; 1; 1; 36; 36; 1
23; 23H; >; 1; 1; 1; 0; 0; 1
23; 23H; >; 2; 6; 1; 6; 6; 1
23; 23H; >; 3; 11; 1; 12; 12; 1
23; 23H; >; 4; 12; 1; 18; 18; 1
23; 23H; >; 5; 17; 1; 24; 24; 1
23; 23H; >; 6; 22; 1; 30; 30; 1
23; 23H; >; 7; 21; 1; 36; 36; 1
23; 23R; <; 1; 21; 1; 0; 0; 1
23; 23R; <; 2; 22; 1; 6; 6; 1
23; 23R; <; 3; 17; 1; 12; 12; 1
23; 23R; <; 4; 12; 1; 18; 18; 1
23; 23R; <; 5; 11; 1; 24; 24; 1
23; 23R; <; 6; 6; 1; 30; 30; 1
23; 23R; <; 7; 1; 1; 36; 36; 1
24; 24H; >; 1; 23; 1; 0; 0; 1
24; 24H; >; 2; 24; 1; 6; 6; 1
24; 24H; >; 3; 19; 1; 12; 12; 1
24; 24H; >; 4; 14; 1; 18; 18; 1
24; 24H; >; 5; 15; 1; 24; 24; 1
24; 24H; >; 6; 10; 1; 30; 30; 1
24; 24H; >; 7; 5; 1; 36; 36; 1
24; 24R; <; 1; 5; 1; 0; 0; 1
24; 24R; <; 2; 10; 1; 6; 6; 1
24; 24R; <; 3; 15; 1; 12; 12; 1
24; 24R; <; 4; 14; 1; 18; 18; 1
24; 24R; <; 5; 19; 1; 24; 24; 1
24; 24R; <; 6; 24; 1; 30; 30; 1
24; 24R; <; 7; 23; 1; 36; 36; 1
28; 28H; >; 1; 16; 1; 0; 0; 1
28; 28H; >; 2; 17; 1; 6; 6; 1
28; 28H; >; 3; 12; 1; 12; 12; 1
28; 28H; >; 4; 13; 1; 18; 18; 1
28; 28H; >; 5; 14; 1; 24; 24; 1
28; 28H; >; 6; 15; 1; 30; 30; 1
28; 28H; >; 7; 10; 1; 36; 36; 1
28; 28R; <; 1; 10; 1; 0; 0; 1
28; 28R; <; 2; 15; 1; 6; 6; 1
28; 28R; <; 3; 14; 1; 12; 12; 1
28; 28R; <; 4; 13; 1; 18; 18; 1
28; 28R; <; 5; 12; 1; 24; 24; 1
28; 28R; <; 6; 17; 1; 30; 30; 1
28; 28R; <; 7; 16; 1; 36; 36; 1
30; 30H; >; 1; 11; 2; 0; 0; 1
30; 30H; >; 2; 12; 2; 6; 6; 1
30; 30H; >; 3; 7; 2; 12; 12; 1
30; 30H; >; 4; 8; 2; 18; 18; 1
30; 30H; >; 5; 13; 2; 24; 24; 1
30; 30H; >; 6; 14; 2; 30; 30; 1
30; 30H; >; 7; 15; 2; 36; 36; 1
30; 30H; >; 1; 11; 2; 30; 30; 2
30; 30H; >; 2; 12; 2; 36; 36; 2
30; 30H; >; 3; 7; 2; 42; 42; 2
30; 30H; >; 4; 8; 2; 48; 48; 2
30; 30H; >; 5; 13; 2; 54; 54; 2
30; 30H; >; 6; 14; 2; 0; 0; 2
30; 30H; >; 7; 15; 2; 6; 6; 2
30; 30R; <; 1; 15; 2; 0; 0; 1
30; 30R; <; 2; 14; 2; 6; 6; 1
30; 30R; <; 3; 13; 2; 12; 12; 1
30; 30R; <; 4; 8; 2; 18; 18; 1
30; 30R; <; 5; 7; 2; 24; 24; 1
30; 30R; <; 6; 12; 2; 30; 30; 1
30; 30R; <; 7; 11; 2; 36; 36; 1
30; 30R; <; 1; 15; 2; 30; 30; 2
30; 30R; <; 2; 14; 2; 36; 36; 2
30; 30R; <; 3; 13; 2; 42; 42; 2
30; 30R; <; 4; 8; 2; 48; 48; 2
30; 30R; <; 5; 7; 2; 54; 54; 2
30; 30R; <; 6; 12; 2; 0; 0; 2
30; 30R; <; 7; 11; 2; 6; 6; 2
31; 31H; >; 1; 11; 3; 0; 0; 1
31; 31H; >; 2; 12; 3; 6; 6; 1
31; 31H; >; 3; 13; 3; 12; 12; 1
31; 31H; >; 4; 14; 3; 18; 18; 1
31; 31H; >; 5; 9; 3; 24; 24; 1
31; 31H; >; 6; 10; 3; 30; 30; 1
31; 31H; >; 7; 5; 3; 36; 36; 1
31; 31H; >; 1; 11; 3; 20; 20; 2
31; 31H; >; 2; 12; 3; 26; 26; 2
31; 31H; >; 3; 13; 3; 32; 32; 2
31; 31H; >; 4; 14; 3; 38; 38; 2
31; 31H; >; 5; 9; 3; 44; 44; 2
31; 31H; >; 6; 10; 3; 50; 50; 2
31; 31H; >; 7; 5; 3; 56; 56; 2
31; 31H; >; 1; 11; 3; 40; 40; 3
31; 31H; >; 2; 12; 3; 46; 46; 3
31; 31H; >; 3; 13; 3; 52; 52; 3
31; 31H; >; 4; 14; 3; 58; 58; 3
31; 31H; >; 5; 9; 3; 4; 4; 3
31; 31H; >; 6; 10; 3; 10; 10; 3
31; 31H; >; 7; 5; 3; 16; 16; 3
31; 31R; <; 1; 5; 3; 0; 0; 1
31; 31R; <; 2; 10; 3; 6; 6; 1
31; 31R; <; 3; 9; 3; 12; 12; 1
31; 31R; <; 4; 14; 3; 18; 18; 1
31; 31R; <; 5; 13; 3; 24; 24; 1
31; 31R; <; 6; 12; 3; 30; 30; 1
31; 31R; <; 7; 11; 3; 36; 36; 1
31; 31R; <; 1; 5; 3; 20; 20; 2
31; 31R; <; 2; 10; 3; 26; 26; 2
31; 31R; <; 3; 9; 3; 32; 32; 2
31; 31R; <; 4; 14; 3; 38; 38; 2
31; 31R; <; 5; 13; 3; 44; 44; 2
31; 31R; <; 6; 12; 3; 50; 50; 2
31; 31R; <; 7; 11; 3; 56; 56; 2
31; 31R; <; 1; 5; 3; 40; 40; 3
31; 31R; <; 2; 10; 3; 46; 46; 3
31; 31R; <; 3; 9; 3; 52; 52; 3
31; 31R; <; 4; 14; 3; 58; 58; 3
31; 31R; <; 5; 13; 3; 4; 4; 3
31; 31R; <; 6; 12; 3; 10; 10; 3
31; 31R; <; 7; 11; 3; 16; 16; 3
33; 33H; >; 1; 6; 1; 0; 0; 1
33; 33H; >; 2; 7; 1; 6; 6; 1
33; 33H; >; 3; 8; 1; 12; 12; 1
33; 33H; >; 4; 3; 1; 18; 18; 1
33; 33H; >; 5; 4; 1; 24; 24; 1
33; 33H; >; 6; 5; 1; 30; 30; 1
33; 33H; >; 7; 10; 1; 36; 36; 1
33; 33R; <; 1; 10; 1; 0; 0; 1
33; 33R; <; 2; 5; 1; 6; 6; 1
33; 33R; <; 3; 4; 1; 12; 12; 1
33; 33R; <; 4; 3; 1; 18; 18; 1
33; 33R; <; 5; 8; 1; 24; 24; 1
33; 33R; <; 6; 7; 1; 30; 30; 1
33; 33R; <; 7; 6; 1; 36; 36; 1
39; 39H; >; 1; 9; 1; 0; 0; 1
39; 39H; >; 2; 14; 1; 6; 6; 1
39; 39H; >; 3; 13; 1; 12; 12; 1
39; 39H; >; 4; 12; 1; 18; 18; 1
39; 39H; >; 5; 11; 1; 24; 24; 1
39; 39H; >; 6; 16; 1; 30; 30; 1
39; 39R; <; 1; 16; 1; 30; 30; 1
39; 39R; <; 2; 11; 1; 36; 36; 1
39; 39R; <; 3; 12; 1; 42; 42; 1
39; 39R; <; 4; 13; 1; 48; 48; 1
39; 39R; <; 5; 14; 1; 54; 54; 1
39; 39R; <; 6; 9; 1; 0; 0; 1
42; 42H; >; 1; 4; 1; 0; 0; 1
42; 42H; >; 2; 9; 1; 6; 6; 1
42; 42H; >; 3; 14; 1; 12; 12; 1
42; 42H; >; 4; 19; 1; 18; 18; 1
42; 42H; >; 5; 24; 1; 24; 24; 1
42; 42H; >; 6; 23; 1; 30; 30; 1
42; 42R; <; 1; 23; 1; 30; 30; 1
42; 42R; <; 2; 24; 1; 36; 36; 1
42; 42R; <; 3; 19; 1; 42; 42; 1
42; 42R; <; 4; 14; 1; 48; 48; 1
42; 42R; <; 5; 9; 1; 54; 54; 1
42; 42R; <; 6; 4; 1; 0; 0; 1
43; 43H; >; 1; 4; 1; 0; 0; 1
43; 43H; >; 2; 9; 1; 6; 6; 1
43; 43H; >; 3; 14; 1; 12; 12; 1
43; 43H; >; 4; 15; 1; 18; 18; 1
43; 43H; >; 5; 20; 1; 24; 24; 1
43; 43H; >; 6; 25; 1; 30; 30; 1
43; 43R; <; 1; 25; 1; 30; 30; 1
43; 43R; <; 2; 20; 1; 36; 36; 1
43; 43R; <; 3; 15; 1; 42; 42; 1
43; 43R; <; 4; 14; 1; 48; 48; 1
43; 43R; <; 5; 9; 1; 54; 54; 1
43; 43R; <; 6; 4; 1; 0; 0; 1
44; 44H; >; 1; 4; 1; 0; 0; 1
44; 44H; >; 2; 9; 1; 6; 6; 1
44; 44H; >; 3; 14; 1; 12; 12; 1
44; 44H; >; 4; 13; 1; 18; 18; 1
44; 44H; >; 5; 18; 1; 24; 24; 1
44; 44H; >; 6; 23; 1; 30; 30; 1
44; 44R; <; 1; 23; 1; 30; 30; 1
44; 44R; <; 2; 18; 1; 36; 36; 1
44; 44R; <; 3; 13; 1; 42; 42; 1
44; 44R; <; 4; 14; 1; 48; 48; 1
44; 44R; <; 5; 9; 1; 54; 54; 1
44; 44R; <; 6; 4; 1; 0; 0; 1
45; 45H; >; 1; 4; 1; 0; 0; 1
45; 45H; >; 2; 9; 1; 6; 6; 1
45; 45H; >; 3; 14; 1; 12; 12; 1
45; 45H; >; 4; 13; 1; 18; 18; 1
45; 45H; >; 5; 12; 1; 24; 24; 1
45; 45H; >; 6; 11; 1; 30; 30; 1
45; 45R; <; 1; 11; 1; 30; 30; 1
45; 45R; <; 2; 12; 1; 36; 36; 1
45; 45R; <; 3; 13; 1; 42; 42; 1
45; 45R; <; 4; 14; 1; 48; 48; 1
45; 45R; <; 5; 9; 1; 54; 54; 1
45; 45R; <; 6; 4; 1; 0; 0; 1
46; 46H; >; 1; 3; 1; 0; 0; 1
46; 46H; >; 2; 8; 1; 6; 6; 1
46; 46H; >; 3; 13; 1; 12; 12; 1
46; 46H; >; 4; 14; 1; 18; 18; 1
46; 46H; >; 5; 15; 1; 24; 24; 1
46; 46H; >; 6; 20; 1; 30; 30; 1
46; 46R; <; 1; 20; 1; 30; 30; 1
46; 46R; <; 2; 15; 1; 36; 36; 1
46; 46R; <; 3; 14; 1; 42; 42; 1
46; 46R; <; 4; 13; 1; 48; 48; 1
46; 46R; <; 5; 8; 1; 54; 54; 1
46; 46R; <; 6; 3; 1; 0; 0; 1
53; 53H; >; 1; 2; 1; 0; 0; 1
53; 53H; >; 2; 7; 1; 6; 6; 1
53; 53H; >; 3; 12; 1; 12; 12; 1
53; 53H; >; 4; 17; 1; 18; 18; 1
53; 53H; >; 5; 18; 1; 24; 24; 1
53; 53H; >; 6; 23; 1; 30; 30; 1
53; 53R; <; 1; 23; 1; 30; 30; 1
53; 53R; <; 2; 18; 1; 36; 36; 1
53; 53R; <; 3; 17; 1; 42; 42; 1
53; 53R; <; 4; 12; 1; 48; 48; 1
53; 53R; <; 5; 7; 1; 54; 54; 1
53; 53R; <; 6; 2; 1; 0; 0; 1
54; 54H; >; 1; 16; 1; 0; 0; 1
54; 54H; >; 2; 21; 1; 6; 6; 1
54; 54H; >; 3; 22; 1; 12; 12; 1
54; 54H; >; 4; 23; 1; 18; 18; 1
54; 54H; >; 5; 24; 1; 24; 24; 1
54; 54H; >; 6; 25; 1; 30; 30; 1
54; 54R; <; 1; 25; 1; 30; 30; 1
54; 54R; <; 2; 24; 1; 36; 36; 1
54; 54R; <; 3; 23; 1; 42; 42; 1
54; 54R; <; 4; 22; 1; 48; 48; 1
54; 54R; <; 5; 21; 1; 54; 54; 1
54; 54R; <; 6; 16; 1; 0; 0; 1
55; 55H; >; 1; 1; 1; 0; 0; 1
55; 55H; >; 2; 6; 1; 6; 6; 1
55; 55H; >; 3; 11; 1; 12; 12; 1
55; 55H; >; 4; 12; 1; 18; 18; 1
55; 55H; >; 5; 17; 1; 24; 24; 1
55; 55H; >; 6; 18; 1; 30; 30; 1
55; 55R; <; 1; 18; 1; 30; 30; 1
55; 55R; <; 2; 17; 1; 36; 36; 1
55; 55R; <; 3; 12; 1; 42; 42; 1
55; 55R; <; 4; 11; 1; 48; 48; 1
55; 55R; <; 5; 6; 1; 54; 54; 1
55; 55R; <; 6; 1; 1; 0; 0; 1
57; 57H; >; 1; 21; 1; 0; 0; 1
57; 57H; >; 2; 22; 1; 6; 6; 1
57; 57H; >; 3; 23; 1; 12; 12; 1
57; 57H; >; 4; 24; 1; 18; 18; 1
57; 57H; >; 5; 19; 1; 24; 24; 1
57; 57H; >; 6; 20; 1; 30; 30; 1
57; 57R; <; 1; 20; 1; 30; 30; 1
57; 57R; <; 2; 19; 1; 36; 36; 1
57; 57R; <; 3; 24; 1; 42; 42; 1
57; 57R; <; 4; 23; 1; 48; 48; 1
57; 57R; <; 5; 22; 1; 54; 54; 1
57; 57R; <; 6; 21; 1; 0; 0; 1
58; 58H; >; 1; 18; 1; 0; 0; 1
58; 58H; >; 2; 19; 1; 6; 6; 1
58; 58H; >; 3; 14; 1; 12; 12; 1
58; 58H; >; 4; 15; 1; 18; 18; 1
58; 58H; >; 5; 10; 1; 24; 24; 1
58; 58H; >; 6; 5; 1; 30; 30; 1
58; 58R; <; 1; 5; 1; 30; 30; 1
58; 58R; <; 2; 10; 1; 36; 36; 1
58; 58R; <; 3; 15; 1; 42; 42; 1
58; 58R; <; 4; 14; 1; 48; 48; 1
58; 58R; <; 5; 19; 1; 54; 54; 1
58; 58R; <; 6; 18; 1; 0; 0; 1
59; 59H; >; 1; 18; 1; 0; 0; 1
59; 59H; >; 2; 19; 1; 6; 6; 1
59; 59H; >; 3; 14; 1; 12; 12; 1
59; 59H; >; 4; 13; 1; 18; 18; 1
59; 59H; >; 5; 8; 1; 24; 24; 1
59; 59H; >; 6; 3; 1; 30; 30; 1
59; 59R; <; 1; 3; 1; 30; 30; 1
59; 59R; <; 2; 8; 1; 36; 36; 1
59; 59R; <; 3; 13; 1; 42; 42; 1
59; 59R; <; 4; 14; 1; 48; 48; 1
59; 59R; <; 5; 19; 1; 54; 54; 1
59; 59R; <; 6; 18; 1; 0; 0; 1
60; 60H; >; 1; 17; 1; 0; 0; 1
60; 60H; >; 2; 18; 1; 6; 6; 1
60; 60H; >; 3; 13; 1; 12; 12; 1
60; 60H; >; 4; 8; 1; 18; 18; 1
60; 60H; >; 5; 3; 1; 24; 24; 1
60; 60H; >; 6; 4; 1; 30; 30; 1
60; 60R; <; 1; 4; 1; 30; 30; 1
60; 60R; <; 2; 3; 1; 36; 36; 1
60; 60R; <; 3; 8; 1; 42; 42; 1
60; 60R; <; 4; 13; 1; 48; 48; 1
60; 60R; <; 5; 18; 1; 54; 54; 1
60; 60R; <; 6; 17; 1; 0; 0; 1
61; 61H; >; 1; 16; 3; 0; 0; 1
61; 61H; >; 2; 17; 3; 6; 6; 1
61; 61H; >; 3; 12; 3; 12; 12; 1
61; 61H; >; 4; 13; 3; 18; 18; 1
61; 61H; >; 5; 8; 3; 24; 24; 1
61; 61H; >; 6; 3; 3; 30; 30; 1
61; 61H; >; 1; 16; 3; 20; 20; 2
61; 61H; >; 2; 17; 3; 26; 26; 2
61; 61H; >; 3; 12; 3; 32; 32; 2
61; 61H; >; 4; 13; 3; 38; 38; 2
61; 61H; >; 5; 8; 3; 44; 44; 2
61; 61H; >; 6; 3; 3; 50; 50; 2
61; 61H; >; 1; 16; 3; 40; 40; 3
61; 61H; >; 2; 17; 3; 46; 46; 3
61; 61H; >; 3; 12; 3; 52; 52; 3
61; 61H; >; 4; 13; 3; 58; 58; 3
61; 61H; >; 5; 8; 3; 4; 4; 3
61; 61H; >; 6; 3; 3; 10; 10; 3
61; 61R; <; 1; 3; 3; 30; 30; 1
61; 61R; <; 2; 8; 3; 36; 36; 1
61; 61R; <; 3; 13; 3; 42; 42; 1
61; 61R; <; 4; 12; 3; 48; 48; 1
61; 61R; <; 5; 17; 3; 54; 54; 1
61; 61R; <; 6; 16; 3; 0; 0; 1
61; 61R; <; 1; 3; 3; 50; 50; 2
61; 61R; <; 2; 8; 3; 56; 56; 2
61; 61R; <; 3; 13; 3; 2; 2; 2
61; 61R; <; 4; 12; 3; 8; 8; 2
61; 61R; <; 5; 17; 3; 14; 14; 2
61; 61R; <; 6; 16; 3; 20; 20; 2
61; 61R; <; 1; 3; 3; 10; 10; 3
61; 61R; <; 2; 8; 3; 16; 16; 3
61; 61R; <; 3; 13; 3; 22; 22; 3
61; 61R; <; 4; 12; 3; 28; 28; 3
61; 61R; <; 5; 17; 3; 34; 34; 3
61; 61R; <; 6; 16; 3; 40; 40; 3
62; 62H; >; 1; 16; 2; 0; 0; 1
62; 62H; >; 2; 17; 2; 6; 6; 1
62; 62H; >; 3; 12; 2; 12; 12; 1
62; 62H; >; 4; 13; 2; 18; 18; 1
62; 62H; >; 5; 14; 2; 24; 24; 1
62; 62H; >; 6; 9; 2; 30; 30; 1
62; 62H; >; 1; 16; 2; 30; 30; 2
62; 62H; >; 2; 17; 2; 36; 36; 2
62; 62H; >; 3; 12; 2; 42; 42; 2
62; 62H; >; 4; 13; 2; 48; 48; 2
62; 62H; >; 5; 14; 2; 54; 54; 2
62; 62H; >; 6; 9; 2; 0; 0; 2
62; 62R; <; 1; 9; 2; 30; 30; 1
62; 62R; <; 2; 14; 2; 36; 36; 1
62; 62R; <; 3; 13; 2; 42; 42; 1
62; 62R; <; 4; 12; 2; 48; 48; 1
62; 62R; <; 5; 17; 2; 54; 54; 1
62; 62R; <; 6; 16; 2; 0; 0; 1
62; 62R; <; 1; 9; 2; 0; 0; 2
62; 62R; <; 2; 14; 2; 6; 6; 2
62; 62R; <; 3; 13; 2; 12; 12; 2
62; 62R; <; 4; 12; 2; 18; 18; 2
62; 62R; <; 5; 17; 2; 24; 24; 2
62; 62R; <; 6; 16; 2; 30; 30; 2
63; 63H; >; 1; 16; 1; 0; 0; 1
63; 63H; >; 2; 17; 1; 6; 6; 1
63; 63H; >; 3; 18; 1; 12; 12; 1
63; 63H; >; 4; 19; 1; 18; 18; 1
63; 63H; >; 5; 24; 1; 24; 24; 1
63; 63H; >; 6; 25; 1; 30; 30; 1
63; 63R; <; 1; 25; 1; 30; 30; 1
63; 63R; <; 2; 24; 1; 36; 36; 1
63; 63R; <; 3; 19; 1; 42; 42; 1
63; 63R; <; 4; 18; 1; 48; 48; 1
63; 63R; <; 5; 17; 1; 54; 54; 1
63; 63R; <; 6; 16; 1; 0; 0; 1
64; 64H; >; 1; 11; 1; 0; 0; 1
64; 64H; >; 2; 12; 1; 6; 6; 1
64; 64H; >; 3; 7; 1; 12; 12; 1
64; 64H; >; 4; 8; 1; 18; 18; 1
64; 64H; >; 5; 3; 1; 24; 24; 1
64; 64H; >; 6; 4; 1; 30; 30; 1
64; 64R; <; 1; 4; 1; 30; 30; 1
64; 64R; <; 2; 3; 1; 36; 36; 1
64; 64R; <; 3; 8; 1; 42; 42; 1
64; 64R; <; 4; 7; 1; 48; 48; 1
64; 64R; <; 5; 12; 1; 54; 54; 1
64; 64R; <; 6; 11; 1; 0; 0; 1
66; 66H; >; 1; 11; 1; 0; 0; 1
66; 66H; >; 2; 12; 1; 6; 6; 1
66; 66H; >; 3; 13; 1; 12; 12; 1
66; 66H; >; 4; 14; 1; 18; 18; 1
66; 66H; >; 5; 19; 1; 24; 24; 1
66; 66H; >; 6; 20; 1; 30; 30; 1
66; 66R; <; 1; 20; 1; 30; 30; 1
66; 66R; <; 2; 19; 1; 36; 36; 1
66; 66R; <; 3; 14; 1; 42; 42; 1
66; 66R; <; 4; 13; 1; 48; 48; 1
66; 66R; <; 5; 12; 1; 54; 54; 1
66; 66R; <; 6; 11; 1; 0; 0; 1
67; 67H; >; 1; 9; 1; 0; 0; 1
67; 67H; >; 2; 10; 1; 6; 6; 1
67; 67H; >; 3; 15; 1; 12; 12; 1
67; 67H; >; 4; 14; 1; 18; 18; 1
67; 67H; >; 5; 19; 1; 24; 24; 1
67; 67H; >; 6; 24; 1; 30; 30; 1
67; 67R; <; 1; 24; 1; 30; 30; 1
67; 67R; <; 2; 19; 1; 36; 36; 1
67; 67R; <; 3; 14; 1; 42; 42; 1
67; 67R; <; 4; 15; 1; 48; 48; 1
67; 67R; <; 5; 10; 1; 54; 54; 1
67; 67R; <; 6; 9; 1; 0; 0; 1
69; 69H; >; 1; 6; 1; 0; 0; 1
69; 69H; >; 2; 7; 1; 6; 6; 1
69; 69H; >; 3; 8; 1; 12; 12; 1
69; 69H; >; 4; 9; 1; 18; 18; 1
69; 69H; >; 5; 10; 1; 24; 24; 1
69; 69H; >; 6; 5; 1; 30; 30; 1
69; 69R; <; 1; 5; 1; 30; 30; 1
69; 69R; <; 2; 10; 1; 36; 36; 1
69; 69R; <; 3; 9; 1; 42; 42; 1
69; 69R; <; 4; 8; 1; 48; 48; 1
69; 69R; <; 5; 7; 1; 54; 54; 1
69; 69R; <; 6; 6; 1; 0; 0; 1
73; 73H; >; 1; 1; 1; 0; 0; 1
73; 73H; >; 2; 2; 1; 6; 6; 1
73; 73H; >; 3; 7; 1; 12; 12; 1
73; 73H; >; 4; 8; 1; 18; 18; 1
73; 73H; >; 5; 3; 1; 24; 24; 1
73; 73H; >; 6; 4; 1; 30; 30; 1
73; 73R; <; 1; 4; 1; 30; 30; 1
73; 73R; <; 2; 3; 1; 36; 36; 1
73; 73R; <; 3; 8; 1; 42; 42; 1
73; 73R; <; 4; 7; 1; 48; 48; 1
73; 73R; <; 5; 2; 1; 54; 54; 1
73; 73R; <; 6; 1; 1; 0; 0; 1
74; 74H; >; 1; 1; 1; 0; 0; 1
74; 74H; >; 2; 2; 1; 6; 6; 1
74; 74H; >; 3; 3; 1; 12; 12; 1
74; 74H; >; 4; 4; 1; 18; 18; 1
74; 74H; >; 5; 5; 1; 24; 24; 1
74; 74H; >; 6; 10; 1; 30; 30; 1
74; 74R; <; 1; 10; 1; 30; 30; 1
74; 74R; <; 2; 5; 1; 36; 36; 1
74; 74R; <; 3; 4; 1; 42; 42; 1
74; 74R; <; 4; 3; 1; 48; 48; 1
74; 74R; <; 5; 2; 1; 54; 54; 1
74; 74R; <; 6; 1; 1; 0; 0; 1
79; 79H; >; 1; 13; 2; 0; 0; 1
79; 79H; >; 2; 18; 2; 6; 6; 1
79; 79H; >; 3; 19; 2; 12; 12; 1
79; 79H; >; 4; 24; 2; 18; 18; 1
79; 79H; >; 5; 25; 2; 24; 24; 1
79; 79H; >; 1; 13; 2; 30; 30; 2
79; 79H; >; 2; 18; 2; 36; 36; 2
79; 79H; >; 3; 19; 2; 42; 42; 2
79; 79H; >; 4; 24; 2; 48; 48; 2
79; 79H; >; 5; 25; 2; 54; 54; 2
79; 79R; <; 1; 25; 2; 30; 30; 1
79; 79R; <; 2; 24; 2; 36; 36; 1
79; 79R; <; 3; 19; 2; 42; 42; 1
79; 79R; <; 4; 18; 2; 48; 48; 1
79; 79R; <; 5; 13; 2; 54; 54; 1
79; 79R; <; 1; 25; 2; 0; 0; 2
79; 79R; <; 2; 24; 2; 6; 6; 2
79; 79R; <; 3; 19; 2; 12; 12; 2
79; 79R; <; 4; 18; 2; 18; 18; 2
79; 79R; <; 5; 13; 2; 24; 24; 2
86; 86H; >; 1; 17; 1; 0; 0; 1
86; 86H; >; 2; 22; 1; 6; 6; 1
86; 86H; >; 3; 23; 1; 12; 12; 1
86; 86H; >; 4; 24; 1; 18; 18; 1
86; 86H; >; 5; 25; 1; 24; 24; 1
86; 86R; <; 1; 25; 1; 30; 30; 1
86; 86R; <; 2; 24; 1; 36; 36; 1
86; 86R; <; 3; 23; 1; 42; 42; 1
86; 86R; <; 4; 22; 1; 48; 48; 1
86; 86R; <; 5; 17; 1; 54; 54; 1
87; 87H; >; 1; 2; 1; 0; 0; 1
87; 87H; >; 2; 7; 1; 6; 6; 1
87; 87H; >; 3; 8; 1; 12; 12; 1
87; 87H; >; 4; 13; 1; 18; 18; 1
87; 87H; >; 5; 18; 1; 24; 24; 1
87; 87R; <; 1; 18; 1; 30; 30; 1
87; 87R; <; 2; 13; 1; 36; 36; 1
87; 87R; <; 3; 8; 1; 42; 42; 1
87; 87R; <; 4; 7; 1; 48; 48; 1
87; 87R; <; 5; 2; 1; 54; 54; 1
88; 88H; >; 1; 16; 1; 0; 0; 1
88; 88H; >; 2; 21; 1; 6; 6; 1
88; 88H; >; 3; 22; 1; 12; 12; 1
88; 88H; >; 4; 17; 1; 18; 18; 1
88; 88H; >; 5; 18; 1; 24; 24; 1
88; 88R; <; 1; 18; 1; 30; 30; 1
88; 88R; <; 2; 17; 1; 36; 36; 1
88; 88R; <; 3; 22; 1; 42; 42; 1
88; 88R; <; 4; 21; 1; 48; 48; 1
88; 88R; <; 5; 16; 1; 54; 54; 1
90; 90H; >; 1; 1; 1; 0; 0; 1
90; 90H; >; 2; 6; 1; 6; 6; 1
90; 90H; >; 3; 7; 1; 12; 12; 1
90; 90H; >; 4; 8; 1; 18; 18; 1
90; 90H; >; 5; 9; 1; 24; 24; 1
90; 90R; <; 1; 9; 1; 30; 30; 1
90; 90R; <; 2; 8; 1; 36; 36; 1
90; 90R; <; 3; 7; 1; 42; 42; 1
90; 90R; <; 4; 6; 1; 48; 48; 1
90; 90R; <; 5; 1; 1; 54; 54; 1
95; 95H; >; 1; 16; 2; 0; 0; 1
95; 95H; >; 2; 17; 2; 6; 6; 1
95; 95H; >; 3; 18; 2; 12; 12; 1
95; 95H; >; 4; 19; 2; 18; 18; 1
95; 95H; >; 5; 20; 2; 24; 24; 1
95; 95H; >; 1; 16; 2; 30; 30; 2
95; 95H; >; 2; 17; 2; 36; 36; 2
95; 95H; >; 3; 18; 2; 42; 42; 2
95; 95H; >; 4; 19; 2; 48; 48; 2
95; 95H; >; 5; 20; 2; 54; 54; 2
95; 95R; <; 1; 20; 2; 30; 30; 1
95; 95R; <; 2; 19; 2; 36; 36; 1
95; 95R; <; 3; 18; 2; 42; 42; 1
95; 95R; <; 4; 17; 2; 48; 48; 1
95; 95R; <; 5; 16; 2; 54; 54; 1
95; 95R; <; 1; 20; 2; 0; 0; 2
95; 95R; <; 2; 19; 2; 6; 6; 2
95; 95R; <; 3; 18; 2; 12; 12; 2
95; 95R; <; 4; 17; 2; 18; 18; 2
95; 95R; <; 5; 16; 2; 24; 24; 2
105; 105H; >; 1; 18; 1; 0; 0; 1
105; 105H; >; 2; 23; 1; 6; 6; 1
105; 105H; >; 3; 24; 1; 12; 12; 1
105; 105H; >; 4; 25; 1; 18; 18; 1
105; 105R; <; 1; 25; 1; 30; 30; 1
105; 105R; <; 2; 24; 1; 36; 36; 1
105; 105R; <; 3; 23; 1; 42; 42; 1
105; 105R; <; 4; 18; 1; 48; 48; 1
112; 112H; >; 1; 6; 1; 0; 0; 1
112; 112H; >; 2; 11; 1; 6; 6; 1
112; 112H; >; 3; 12; 1; 12; 12; 1
112; 112H; >; 4; 7; 1; 18; 18; 1
112; 112R; <; 1; 7; 1; 30; 30; 1
112; 112R; <; 2; 12; 1; 36; 36; 1
112; 112R; <; 3; 11; 1; 42; 42; 1
112; 112R; <; 4; 6; 1; 48; 48; 1
122; 122H; >; 1; 2; 1; 0; 0; 1
122; 122H; >; 2; 3; 1; 6; 6; 1
122; 122H; >; 3; 8; 1; 12; 12; 1
122; 122H; >; 4; 9; 1; 18; 18; 1
122; 122R; <; 1; 9; 1; 30; 30; 1
122; 122R; <; 2; 8; 1; 36; 36; 1
122; 122R; <; 3; 3; 1; 42; 42; 1
122; 122R; <; 4; 2; 1; 48; 48; 1
123; 123H; >; 1; 2; 1; 0; 0; 1
123; 123H; >; 2; 3; 1; 6; 6; 1
123; 123H; >; 3; 8; 1; 12; 12; 1
123; 123H; >; 4; 7; 1; 18; 18; 1
123; 123R; <; 1; 7; 1; 30; 30; 1
123; 123R; <; 2; 8; 1; 36; 36; 1
123; 123R; <; 3; 3; 1; 42; 42; 1
123; 123R; <; 4; 2; 1; 48; 48; 1
124; 124H; >; 1; 1; 1; 0; 0; 1
124; 124H; >; 2; 2; 1; 6; 6; 1
124; 124H; >; 3; 7; 1; 12; 12; 1
124; 124H; >; 4; 6; 1; 18; 18; 1
124; 124R; <; 1; 6; 1; 30; 30; 1
124; 124R; <; 2; 7; 1; 36; 36; 1
124; 124R; <; 3; 2; 1; 42; 42; 1
124; 124R; <; 4; 1; 1; 48; 48; 1
125; 125H; >; 1; 12; 2; 0; 0; 1
125; 125H; >; 2; 13; 2; 6; 6; 1
125; 125H; >; 3; 18; 2; 12; 12; 1
125; 125H; >; 1; 12; 2; 30; 30; 2
125; 125H; >; 2; 13; 2; 36; 36; 2
125; 125H; >; 3; 18; 2; 42; 42; 2
125; 125R; <; 1; 18; 2; 30; 30; 1
125; 125R; <; 2; 13; 2; 36; 36; 1
125; 125R; <; 3; 12; 2; 42; 42; 1
125; 125R; <; 1; 18; 2; 0; 0; 2
125; 125R; <; 2; 13; 2; 6; 6; 2
125; 125R; <; 3; 12; 2; 12; 12; 2
126; 126H; >; 1; 3; 1; 0; 0; 1
126; 126H; >; 2; 4; 1; 6; 6; 1
126; 126H; >; 3; 9; 1; 12; 12; 1
126; 126R; <; 1; 9; 1; 30; 30; 1
126; 126R; <; 2; 4; 1; 36; 36; 1
126; 126R; <; 3; 3; 1; 42; 42; 1
127; 127H; >; 1; 25; 1; 0; 0; 1
127; 127H; >; 2; 20; 1; 6; 6; 1
127; 127H; >; 3; 15; 1; 12; 12; 1
127; 127H; >; 4; 10; 1; 18; 18; 1
127; 127H; >; 5; 5; 1; 24; 24; 1
127; 127H; >; 6; 4; 1; 30; 30; 1
127; 127H; >; 7; 3; 1; 36; 36; 1
127; 127R; <; 1; 3; 1; 0; 0; 1
127; 127R; <; 2; 4; 1; 6; 6; 1
127; 127R; <; 3; 5; 1; 12; 12; 1
127; 127R; <; 4; 10; 1; 18; 18; 1
127; 127R; <; 5; 15; 1; 24; 24; 1
127; 127R; <; 6; 20; 1; 30; 30; 1
127; 127R; <; 7; 25; 1; 36; 36; 1
133; 133H; >; 1; 18; 1; 0; 0; 1
133; 133H; >; 2; 13; 1; 6; 6; 1
133; 133H; >; 3; 8; 1; 12; 12; 1
133; 133H; >; 4; 9; 1; 18; 18; 1
133; 133H; >; 5; 4; 1; 24; 24; 1
133; 133H; >; 6; 5; 1; 30; 30; 1
133; 133R; <; 1; 5; 1; 30; 30; 1
133; 133R; <; 2; 4; 1; 36; 36; 1
133; 133R; <; 3; 9; 1; 42; 42; 1
133; 133R; <; 4; 8; 1; 48; 48; 1
133; 133R; <; 5; 13; 1; 54; 54; 1
133; 133R; <; 6; 18; 1; 0; 0; 1
139; 139H; >; 1; 22; 1; 0; 0; 1
139; 139H; >; 2; 23; 1; 6; 6; 1
139; 139H; >; 3; 18; 1; 12; 12; 1
139; 139H; >; 4; 17; 1; 18; 18; 1
139; 139H; >; 5; 12; 1; 24; 24; 1
139; 139H; >; 6; 7; 1; 30; 30; 1
139; 139R; <; 1; 7; 1; 30; 30; 1
139; 139R; <; 2; 12; 1; 36; 36; 1
139; 139R; <; 3; 17; 1; 42; 42; 1
139; 139R; <; 4; 18; 1; 48; 48; 1
139; 139R; <; 5; 23; 1; 54; 54; 1
139; 139R; <; 6; 22; 1; 0; 0; 1
141; 141H; >; 1; 20; 1; 0; 0; 1
141; 141H; >; 2; 19; 1; 6; 6; 1
141; 141H; >; 3; 18; 1; 12; 12; 1
141; 141H; >; 4; 17; 1; 18; 18; 1
141; 141H; >; 5; 16; 1; 24; 24; 1
141; 141H; >; 6; 11; 1; 30; 30; 1
141; 141R; <; 1; 11; 1; 30; 30; 1
141; 141R; <; 2; 16; 1; 36; 36; 1
141; 141R; <; 3; 17; 1; 42; 42; 1
141; 141R; <; 4; 18; 1; 48; 48; 1
141; 141R; <; 5; 19; 1; 54; 54; 1
141; 141R; <; 6; 20; 1; 0; 0; 1
142; 142H; >; 1; 18; 2; 0; 0; 1
142; 142H; >; 2; 19; 2; 6; 6; 1
142; 142H; >; 3; 14; 2; 12; 12; 1
142; 142H; >; 4; 9; 2; 18; 18; 1
142; 142H; >; 5; 8; 2; 24; 24; 1
142; 142H; >; 6; 7; 2; 30; 30; 1
142; 142H; >; 1; 18; 2; 30; 30; 2
142; 142H; >; 2; 19; 2; 36; 36; 2
142; 142H; >; 3; 14; 2; 42; 42; 2
142; 142H; >; 4; 9; 2; 48; 48; 2
142; 142H; >; 5; 8; 2; 54; 54; 2
142; 142H; >; 6; 7; 2; 0; 0; 2
142; 142R; <; 1; 7; 2; 30; 30; 1
142; 142R; <; 2; 8; 2; 36; 36; 1
142; 142R; <; 3; 9; 2; 42; 42; 1
142; 142R; <; 4; 14; 2; 48; 48; 1
142; 142R; <; 5; 19; 2; 54; 54; 1
142; 142R; <; 6; 18; 2; 0; 0; 1
142; 142R; <; 1; 7; 2; 0; 0; 2
142; 142R; <; 2; 8; 2; 6; 6; 2
142; 142R; <; 3; 9; 2; 12; 12; 2
142; 142R; <; 4; 14; 2; 18; 18; 2
142; 142R; <; 5; 19; 2; 24; 24; 2
142; 142R; <; 6; 18; 2; 30; 30; 2
143; 143H; >; 1; 19; 1; 0; 0; 1
143; 143H; >; 2; 18; 1; 6; 6; 1
143; 143H; >; 3; 17; 1; 12; 12; 1
143; 143H; >; 4; 12; 1; 18; 18; 1
143; 143H; >; 5; 13; 1; 24; 24; 1
143; 143H; >; 6; 8; 1; 30; 30; 1
143; 143R; <; 1; 8; 1; 30; 30; 1
143; 143R; <; 2; 13; 1; 36; 36; 1
143; 143R; <; 3; 12; 1; 42; 42; 1
143; 143R; <; 4; 17; 1; 48; 48; 1
143; 143R; <; 5; 18; 1; 54; 54; 1
143; 143R; <; 6; 19; 1; 0; 0; 1
167; 167H; >; 1; 2; 1; 0; 0; 1
167; 167H; >; 2; 7; 1; 6; 6; 1
167; 167H; >; 3; 12; 1; 12; 12; 1
167; 167H; >; 4; 17; 1; 18; 18; 1
167; 167H; >; 5; 22; 1; 24; 24; 1
167; 167R; <; 1; 22; 1; 30; 30; 1
167; 167R; <; 2; 17; 1; 36; 36; 1
167; 167R; <; 3; 12; 1; 42; 42; 1
167; 167R; <; 4; 7; 1; 48; 48; 1
167; 167R; <; 5; 2; 1; 54; 54; 1
168; 168H; >; 1; 3; 1; 0; 0; 1
168; 168H; >; 2; 8; 1; 6; 6; 1
168; 168H; >; 3; 13; 1; 12; 12; 1
168; 168H; >; 4; 18; 1; 18; 18; 1
168; 168H; >; 5; 23; 1; 24; 24; 1
168; 168R; <; 1; 23; 1; 30; 30; 1
168; 168R; <; 2; 18; 1; 36; 36; 1
168; 168R; <; 3; 13; 1; 42; 42; 1
168; 168R; <; 4; 8; 1; 48; 48; 1
168; 168R; <; 5; 3; 1; 54; 54; 1
