#timetable found by modulo network simplex algorithm
#Thu Apr 25 20:11:08 2019
1; 0
2; 3
3; 3
4; 27
5; 27
6; 29
7; 29
8; 31
9; 31
10; 33
11; 33
12; 37
13; 37
14; 40
15; 40
16; 44
17; 44
18; 48
19; 48
20; 52
21; 0
22; 4
23; 4
24; 8
25; 8
26; 12
27; 12
28; 15
29; 15
30; 19
31; 19
32; 21
33; 21
34; 23
35; 23
36; 25
37; 25
38; 49
39; 49
40; 52
41; 56
42; 2
43; 2
44; 8
45; 8
46; 23
47; 23
48; 33
49; 33
50; 44
51; 44
52; 46
53; 46
54; 48
55; 48
56; 52
57; 56
58; 0
59; 0
60; 2
61; 2
62; 4
63; 4
64; 15
65; 15
66; 25
67; 25
68; 40
69; 40
70; 46
71; 46
72; 52
73; 38
74; 49
75; 49
76; 52
77; 52
78; 1
79; 1
80; 7
81; 7
82; 9
83; 9
84; 11
85; 11
86; 15
87; 18
88; 25
89; 48
90; 59
91; 59
92; 2
93; 2
94; 11
95; 11
96; 17
97; 17
98; 19
99; 19
100; 21
101; 21
102; 26
103; 28
104; 35
105; 58
106; 9
107; 9
108; 12
109; 12
110; 21
111; 21
112; 27
113; 27
114; 29
115; 29
116; 31
117; 31
118; 36
119; 38
120; 45
121; 8
122; 19
123; 19
124; 22
125; 22
126; 31
127; 31
128; 37
129; 37
130; 39
131; 39
132; 41
133; 41
134; 46
135; 48
136; 55
137; 18
138; 29
139; 29
140; 32
141; 32
142; 41
143; 41
144; 47
145; 47
146; 49
147; 49
148; 51
149; 51
150; 56
151; 58
152; 5
153; 28
154; 39
155; 39
156; 42
157; 42
158; 51
159; 51
160; 57
161; 57
162; 59
163; 59
164; 1
165; 1
166; 6
167; 8
168; 15
169; 45
170; 50
171; 50
172; 54
173; 54
174; 56
175; 56
176; 58
177; 58
178; 4
179; 4
180; 13
181; 13
182; 16
183; 16
184; 27
185; 55
186; 60
187; 60
188; 4
189; 4
190; 6
191; 6
192; 8
193; 8
194; 14
195; 14
196; 23
197; 23
198; 26
199; 26
200; 37
201; 5
202; 10
203; 10
204; 14
205; 14
206; 16
207; 16
208; 18
209; 18
210; 24
211; 24
212; 33
213; 33
214; 36
215; 36
216; 47
217; 15
218; 20
219; 20
220; 24
221; 24
222; 26
223; 26
224; 28
225; 28
226; 34
227; 34
228; 43
229; 43
230; 46
231; 46
232; 57
233; 25
234; 30
235; 30
236; 34
237; 34
238; 36
239; 36
240; 38
241; 38
242; 44
243; 44
244; 53
245; 53
246; 56
247; 56
248; 7
249; 35
250; 40
251; 40
252; 44
253; 44
254; 46
255; 46
256; 48
257; 48
258; 54
259; 54
260; 3
261; 3
262; 6
263; 6
264; 17
265; 5
266; 13
267; 13
268; 19
269; 19
270; 21
271; 21
272; 22
273; 22
274; 30
275; 33
276; 42
277; 45
278; 7
279; 51
280; 8
281; 8
282; 15
283; 15
284; 23
285; 23
286; 24
287; 24
288; 26
289; 26
290; 32
291; 35
292; 45
293; 16
294; 35
295; 35
296; 42
297; 42
298; 48
299; 48
300; 50
301; 50
302; 53
303; 55
304; 0
305; 36
306; 55
307; 55
308; 2
309; 2
310; 8
311; 8
312; 10
313; 10
314; 13
315; 15
316; 20
317; 56
318; 15
319; 15
320; 22
321; 22
322; 28
323; 28
324; 30
325; 30
326; 32
327; 35
328; 40
329; 49
330; 53
331; 53
332; 55
333; 55
334; 57
335; 57
336; 3
337; 3
338; 10
339; 10
340; 34
341; 9
342; 13
343; 13
344; 15
345; 15
346; 17
347; 17
348; 23
349; 23
350; 30
351; 30
352; 54
353; 29
354; 33
355; 33
356; 35
357; 35
358; 37
359; 37
360; 43
361; 43
362; 50
363; 50
364; 9
365; 4
366; 10
367; 10
368; 12
369; 12
370; 25
371; 25
372; 34
373; 34
374; 56
375; 56
376; 17
377; 8
378; 29
379; 32
380; 0
381; 3
382; 15
383; 18
384; 35
385; 38
386; 41
387; 44
388; 52
389; 12
390; 15
391; 15
392; 28
393; 28
394; 43
395; 43
396; 44
397; 44
398; 46
399; 46
400; 52
401; 12
402; 18
403; 18
404; 20
405; 20
406; 21
407; 21
408; 36
409; 36
410; 49
411; 49
412; 52
413; 3
414; 16
415; 16
416; 24
417; 24
418; 28
419; 28
420; 36
421; 36
422; 52
423; 3
424; 19
425; 19
426; 27
427; 27
428; 31
429; 31
430; 39
431; 39
432; 52
433; 55
434; 5
435; 8
436; 22
437; 25
438; 33
439; 36
440; 45
441; 48
442; 58
443; 16
444; 26
445; 26
446; 33
447; 33
448; 39
449; 39
450; 50
451; 50
452; 60
453; 7
454; 16
455; 16
456; 29
457; 29
458; 31
459; 31
460; 41
461; 41
462; 52
463; 7
464; 18
465; 18
466; 28
467; 28
468; 30
469; 30
470; 43
471; 43
472; 52
473; 15
474; 23
475; 23
476; 30
477; 30
478; 33
479; 33
480; 43
481; 43
482; 52
483; 15
484; 24
485; 24
486; 34
487; 34
488; 37
489; 37
490; 44
491; 44
492; 52
493; 4
494; 13
495; 13
496; 28
497; 28
498; 30
499; 30
500; 43
501; 43
502; 52
503; 4
504; 13
505; 13
506; 26
507; 26
508; 28
509; 28
510; 43
511; 43
512; 52
513; 24
514; 27
515; 27
516; 32
517; 32
518; 34
519; 37
520; 51
521; 54
522; 57
523; 29
524; 31
525; 31
526; 42
527; 42
528; 44
529; 44
530; 49
531; 49
532; 52
533; 40
534; 51
535; 51
536; 54
537; 54
538; 3
539; 3
540; 30
541; 30
542; 52
543; 40
544; 2
545; 2
546; 29
547; 29
548; 38
549; 38
550; 41
551; 41
552; 52
553; 14
554; 17
555; 17
556; 27
557; 27
558; 36
559; 36
560; 42
561; 42
562; 52
563; 14
564; 24
565; 24
566; 30
567; 30
568; 39
569; 39
570; 49
571; 49
572; 52
573; 5
574; 27
575; 27
576; 34
577; 34
578; 38
579; 38
580; 52
581; 5
582; 19
583; 19
584; 23
585; 23
586; 30
587; 30
588; 52
589; 12
590; 31
591; 31
592; 40
593; 40
594; 49
595; 49
596; 52
597; 12
598; 15
599; 15
600; 24
601; 24
602; 33
603; 33
604; 52
605; 25
606; 41
607; 44
608; 48
609; 51
610; 59
611; 2
612; 14
613; 16
614; 25
615; 25
616; 31
617; 31
618; 34
619; 34
620; 50
621; 9
622; 33
623; 33
624; 36
625; 36
626; 40
627; 40
628; 52
629; 9
630; 21
631; 21
632; 25
633; 25
634; 28
635; 28
636; 52
637; 30
638; 33
639; 33
640; 39
641; 39
642; 49
643; 49
644; 52
645; 30
646; 33
647; 33
648; 43
649; 43
650; 49
651; 49
652; 52
653; 14
654; 21
655; 21
656; 25
657; 25
658; 49
659; 49
660; 52
661; 14
662; 17
663; 17
664; 41
665; 41
666; 45
667; 45
668; 52
669; 60
670; 2
671; 2
672; 18
673; 18
674; 27
675; 27
676; 41
677; 14
678; 28
679; 28
680; 37
681; 40
682; 60
683; 3
684; 6
685; 28
686; 30
687; 30
688; 39
689; 39
690; 46
691; 46
692; 52
693; 28
694; 34
695; 34
696; 41
697; 41
698; 50
699; 50
700; 52
701; 18
702; 24
703; 24
704; 33
705; 33
706; 50
707; 50
708; 52
709; 18
710; 20
711; 20
712; 37
713; 37
714; 46
715; 46
716; 52
717; 36
718; 40
719; 40
720; 47
721; 47
722; 52
723; 36
724; 41
725; 41
726; 48
727; 48
728; 52
729; 55
730; 6
731; 9
732; 17
733; 20
734; 23
735; 31
736; 33
737; 33
738; 39
739; 39
740; 50
741; 26
742; 29
743; 29
744; 37
745; 37
746; 43
747; 52
748; 58
749; 58
750; 6
751; 6
752; 9
753; 49
754; 55
755; 55
756; 9
757; 9
758; 13
759; 9
760; 15
761; 15
762; 29
763; 29
764; 33
765; 29
766; 35
767; 35
768; 49
769; 49
770; 52
771; 49
772; 52
773; 52
774; 6
775; 6
776; 12
777; 9
778; 12
779; 12
780; 26
781; 26
782; 32
783; 29
784; 32
785; 32
786; 46
787; 46
788; 52
789; 39
790; 46
791; 46
792; 52
793; 39
794; 45
795; 45
796; 52
797; 35
798; 46
799; 46
800; 52
801; 35
802; 41
803; 41
804; 52
805; 32
806; 34
807; 34
808; 35
809; 35
810; 43
811; 43
812; 47
813; 47
814; 57
815; 57
816; 1
817; 14
818; 18
819; 18
820; 28
821; 28
822; 32
823; 32
824; 40
825; 40
826; 41
827; 41
828; 43
829; 49
830; 52
831; 52
832; 59
833; 59
834; 7
835; 7
836; 8
837; 8
838; 10
839; 10
840; 16
841; 16
842; 24
843; 24
844; 27
845; 27
846; 32
847; 35
848; 40
849; 40
850; 43
851; 43
852; 51
853; 51
854; 57
855; 57
856; 59
857; 59
858; 0
859; 0
860; 8
861; 8
862; 15
863; 15
864; 18
865; 35
866; 37
867; 37
868; 38
869; 38
870; 49
871; 49
872; 55
873; 55
874; 1
875; 1
876; 8
877; 11
878; 20
879; 18
880; 27
881; 27
882; 34
883; 34
884; 40
885; 40
886; 46
887; 46
888; 57
889; 57
890; 58
891; 58
892; 60
893; 8
894; 17
895; 17
896; 20
897; 20
898; 26
899; 26
900; 36
901; 29
902; 39
903; 39
904; 45
905; 45
906; 48
907; 48
908; 57
909; 19
910; 21
911; 21
912; 23
913; 23
914; 29
915; 29
916; 38
917; 38
918; 41
919; 41
920; 52
921; 19
922; 30
923; 30
924; 33
925; 33
926; 42
927; 42
928; 48
929; 48
930; 50
931; 50
932; 52
933; 18
934; 25
935; 25
936; 29
937; 29
938; 31
939; 31
940; 33
941; 33
942; 35
943; 35
944; 39
945; 39
946; 42
947; 42
948; 46
949; 46
950; 50
951; 48
952; 55
953; 55
954; 59
955; 59
956; 1
957; 1
958; 3
959; 3
960; 5
961; 5
962; 9
963; 9
964; 12
965; 12
966; 16
967; 16
968; 21
969; 54
970; 58
971; 58
972; 2
973; 2
974; 5
975; 5
976; 9
977; 9
978; 11
979; 11
980; 13
981; 13
982; 15
983; 15
984; 19
985; 19
986; 26
987; 24
988; 28
989; 28
990; 32
991; 32
992; 35
993; 35
994; 39
995; 39
996; 41
997; 41
998; 43
999; 43
1000; 45
1001; 45
1002; 49
1003; 49
1004; 58
1005; 29
1006; 32
1007; 32
1008; 45
1009; 45
1010; 50
1011; 50
1012; 52
1013; 52
1014; 5
1015; 39
1016; 42
1017; 42
1018; 55
1019; 55
1020; 60
1021; 60
1022; 2
1023; 2
1024; 15
1025; 49
1026; 52
1027; 52
1028; 5
1029; 5
1030; 10
1031; 10
1032; 12
1033; 12
1034; 22
1035; 59
1036; 2
1037; 2
1038; 15
1039; 15
1040; 20
1041; 20
1042; 22
1043; 22
1044; 32
1045; 9
1046; 12
1047; 12
1048; 25
1049; 25
1050; 30
1051; 30
1052; 32
1053; 32
1054; 45
1055; 19
1056; 22
1057; 22
1058; 35
1059; 35
1060; 40
1061; 40
1062; 42
1063; 42
1064; 52
1065; 23
1066; 33
1067; 33
1068; 35
1069; 35
1070; 40
1071; 40
1072; 53
1073; 53
1074; 56
1075; 33
1076; 43
1077; 43
1078; 45
1079; 45
1080; 50
1081; 50
1082; 3
1083; 3
1084; 6
1085; 43
1086; 53
1087; 53
1088; 55
1089; 55
1090; 60
1091; 60
1092; 13
1093; 13
1094; 16
1095; 53
1096; 3
1097; 3
1098; 5
1099; 5
1100; 10
1101; 10
1102; 23
1103; 23
1104; 26
1105; 3
1106; 13
1107; 13
1108; 15
1109; 15
1110; 20
1111; 20
1112; 33
1113; 33
1114; 36
1115; 13
1116; 23
1117; 23
1118; 25
1119; 25
1120; 30
1121; 30
1122; 43
1123; 43
1124; 47
1125; 22
1126; 25
1127; 25
1128; 29
1129; 29
1130; 32
1131; 32
1132; 34
1133; 34
1134; 36
1135; 36
1136; 38
1137; 38
1138; 41
1139; 41
1140; 43
1141; 43
1142; 45
1143; 45
1144; 48
1145; 48
1146; 50
1147; 50
1148; 52
1149; 32
1150; 35
1151; 35
1152; 39
1153; 39
1154; 42
1155; 42
1156; 44
1157; 44
1158; 46
1159; 46
1160; 48
1161; 48
1162; 51
1163; 51
1164; 53
1165; 53
1166; 55
1167; 55
1168; 58
1169; 58
1170; 60
1171; 60
1172; 2
1173; 42
1174; 45
1175; 45
1176; 49
1177; 49
1178; 52
1179; 52
1180; 54
1181; 54
1182; 56
1183; 56
1184; 58
1185; 58
1186; 1
1187; 1
1188; 3
1189; 3
1190; 5
1191; 5
1192; 8
1193; 8
1194; 10
1195; 10
1196; 11
1197; 52
1198; 55
1199; 55
1200; 59
1201; 59
1202; 2
1203; 2
1204; 4
1205; 4
1206; 6
1207; 6
1208; 8
1209; 8
1210; 11
1211; 11
1212; 13
1213; 13
1214; 15
1215; 15
1216; 18
1217; 18
1218; 20
1219; 20
1220; 21
1221; 2
1222; 5
1223; 5
1224; 9
1225; 9
1226; 12
1227; 12
1228; 14
1229; 14
1230; 16
1231; 16
1232; 18
1233; 18
1234; 21
1235; 21
1236; 23
1237; 23
1238; 25
1239; 25
1240; 28
1241; 28
1242; 30
1243; 30
1244; 32
1245; 12
1246; 15
1247; 15
1248; 19
1249; 19
1250; 22
1251; 22
1252; 24
1253; 24
1254; 26
1255; 26
1256; 28
1257; 28
1258; 31
1259; 31
1260; 33
1261; 33
1262; 35
1263; 35
1264; 38
1265; 38
1266; 40
1267; 40
1268; 41
1269; 24
1270; 25
1271; 25
1272; 27
1273; 27
1274; 30
1275; 30
1276; 32
1277; 32
1278; 34
1279; 34
1280; 37
1281; 37
1282; 39
1283; 39
1284; 41
1285; 41
1286; 43
1287; 43
1288; 46
1289; 46
1290; 50
1291; 50
1292; 53
1293; 34
1294; 35
1295; 35
1296; 37
1297; 37
1298; 40
1299; 40
1300; 42
1301; 42
1302; 44
1303; 44
1304; 47
1305; 47
1306; 49
1307; 49
1308; 51
1309; 51
1310; 53
1311; 53
1312; 56
1313; 56
1314; 60
1315; 60
1316; 3
1317; 44
1318; 45
1319; 45
1320; 47
1321; 47
1322; 50
1323; 50
1324; 52
1325; 52
1326; 54
1327; 54
1328; 57
1329; 57
1330; 59
1331; 59
1332; 1
1333; 1
1334; 3
1335; 3
1336; 6
1337; 6
1338; 10
1339; 10
1340; 13
1341; 54
1342; 55
1343; 55
1344; 57
1345; 57
1346; 60
1347; 60
1348; 2
1349; 2
1350; 4
1351; 4
1352; 7
1353; 7
1354; 9
1355; 9
1356; 11
1357; 11
1358; 13
1359; 13
1360; 16
1361; 16
1362; 20
1363; 20
1364; 23
1365; 4
1366; 5
1367; 5
1368; 7
1369; 7
1370; 10
1371; 10
1372; 12
1373; 12
1374; 14
1375; 14
1376; 17
1377; 17
1378; 19
1379; 19
1380; 21
1381; 21
1382; 23
1383; 23
1384; 26
1385; 26
1386; 30
1387; 30
1388; 33
1389; 14
1390; 15
1391; 15
1392; 17
1393; 17
1394; 20
1395; 20
1396; 22
1397; 22
1398; 24
1399; 24
1400; 27
1401; 27
1402; 29
1403; 29
1404; 31
1405; 31
1406; 33
1407; 33
1408; 36
1409; 36
1410; 40
1411; 40
1412; 44
1413; 43
1414; 46
1415; 46
1416; 53
1417; 53
1418; 3
1419; 3
1420; 6
1421; 53
1422; 56
1423; 56
1424; 3
1425; 3
1426; 13
1427; 13
1428; 17
1429; 3
1430; 6
1431; 6
1432; 13
1433; 13
1434; 23
1435; 23
1436; 26
1437; 13
1438; 16
1439; 16
1440; 23
1441; 23
1442; 33
1443; 33
1444; 36
1445; 23
1446; 26
1447; 26
1448; 33
1449; 33
1450; 43
1451; 43
1452; 46
1453; 33
1454; 36
1455; 36
1456; 43
1457; 43
1458; 53
1459; 53
1460; 56
1461; 39
1462; 42
1463; 42
1464; 52
1465; 52
1466; 59
1467; 59
1468; 3
1469; 49
1470; 52
1471; 52
1472; 2
1473; 2
1474; 9
1475; 9
1476; 13
1477; 59
1478; 2
1479; 2
1480; 12
1481; 12
1482; 19
1483; 19
1484; 22
1485; 9
1486; 12
1487; 12
1488; 22
1489; 22
1490; 29
1491; 29
1492; 33
1493; 19
1494; 22
1495; 22
1496; 32
1497; 32
1498; 39
1499; 39
1500; 42
1501; 29
1502; 32
1503; 32
1504; 42
1505; 42
1506; 49
1507; 49
1508; 52
