#event-id; time
1; 0
2; 5
3; 5
4; 9
5; 9
6; 14
7; 14
8; 22
9; 22
10; 30
11; 30
12; 34
13; 34
14; 38
15; 38
16; 44
17; 44
18; 48
19; 30
20; 35
21; 35
22; 39
23; 39
24; 44
25; 44
26; 52
27; 52
28; 0
29; 0
30; 4
31; 4
32; 8
33; 8
34; 14
35; 14
36; 18
37; 0
38; 4
39; 4
40; 10
41; 10
42; 14
43; 14
44; 18
45; 18
46; 26
47; 26
48; 34
49; 34
50; 39
51; 39
52; 43
53; 43
54; 48
55; 30
56; 34
57; 34
58; 40
59; 40
60; 44
61; 44
62; 48
63; 48
64; 56
65; 56
66; 4
67; 4
68; 9
69; 9
70; 13
71; 13
72; 18
73; 0
74; 5
75; 5
76; 10
77; 10
78; 15
79; 15
80; 23
81; 23
82; 31
83; 31
84; 35
85; 35
86; 39
87; 39
88; 45
89; 45
90; 49
91; 0
92; 4
93; 4
94; 10
95; 10
96; 14
97; 14
98; 18
99; 18
100; 26
101; 26
102; 34
103; 34
104; 39
105; 39
106; 44
107; 44
108; 49
109; 0
110; 4
111; 4
112; 12
113; 12
114; 19
115; 19
116; 24
117; 24
118; 28
119; 28
120; 32
121; 32
122; 40
123; 40
124; 46
125; 0
126; 6
127; 6
128; 14
129; 14
130; 18
131; 18
132; 22
133; 22
134; 27
135; 27
136; 34
137; 34
138; 42
139; 42
140; 46
141; 5
142; 10
143; 10
144; 26
145; 26
146; 33
147; 33
148; 37
149; 37
150; 53
151; 53
152; 57
153; 57
154; 1
155; 1
156; 5
157; 5
158; 9
159; 9
160; 13
161; 13
162; 17
163; 17
164; 33
165; 33
166; 37
167; 37
168; 44
169; 44
170; 0
171; 0
172; 5
173; 0
174; 6
175; 6
176; 11
177; 11
178; 15
179; 15
180; 20
181; 20
182; 24
183; 24
184; 29
185; 29
186; 34
187; 0
188; 5
189; 5
190; 10
191; 10
192; 14
193; 14
194; 19
195; 19
196; 23
197; 23
198; 28
199; 28
200; 34
201; 11
202; 15
203; 15
204; 23
205; 23
206; 30
207; 30
208; 35
209; 35
210; 39
211; 39
212; 43
213; 43
214; 50
215; 11
216; 18
217; 18
218; 22
219; 22
220; 26
221; 26
222; 31
223; 31
224; 38
225; 38
226; 46
227; 46
228; 50
229; 14
230; 19
231; 19
232; 35
233; 35
234; 42
235; 42
236; 47
237; 47
238; 54
239; 54
240; 2
241; 2
242; 6
243; 14
244; 18
245; 18
246; 26
247; 26
248; 33
249; 33
250; 38
251; 38
252; 45
253; 45
254; 1
255; 1
256; 6
257; 42
258; 46
259; 46
260; 52
261; 52
262; 56
263; 56
264; 2
265; 2
266; 6
267; 6
268; 12
269; 12
270; 16
271; 42
272; 46
273; 46
274; 52
275; 52
276; 56
277; 56
278; 2
279; 2
280; 6
281; 6
282; 12
283; 12
284; 16
285; 22
286; 28
287; 28
288; 33
289; 33
290; 37
291; 37
292; 45
293; 45
294; 50
295; 50
296; 55
297; 52
298; 58
299; 58
300; 3
301; 3
302; 7
303; 7
304; 15
305; 15
306; 20
307; 20
308; 25
309; 22
310; 27
311; 27
312; 32
313; 32
314; 40
315; 40
316; 44
317; 44
318; 49
319; 49
320; 55
321; 52
322; 57
323; 57
324; 2
325; 2
326; 10
327; 10
328; 14
329; 14
330; 19
331; 19
332; 25
333; 0
334; 6
335; 6
336; 11
337; 11
338; 15
339; 15
340; 23
341; 23
342; 27
343; 27
344; 31
345; 0
346; 4
347; 4
348; 8
349; 8
350; 16
351; 16
352; 20
353; 20
354; 25
355; 25
356; 31
357; 0
358; 8
359; 8
360; 13
361; 13
362; 19
363; 19
364; 23
365; 23
366; 27
367; 27
368; 31
369; 30
370; 38
371; 38
372; 43
373; 43
374; 49
375; 49
376; 53
377; 53
378; 57
379; 57
380; 1
381; 0
382; 4
383; 4
384; 8
385; 8
386; 12
387; 12
388; 18
389; 18
390; 23
391; 23
392; 31
393; 30
394; 34
395; 34
396; 38
397; 38
398; 42
399; 42
400; 48
401; 48
402; 53
403; 53
404; 1
405; 0
406; 6
407; 6
408; 11
409; 11
410; 16
411; 16
412; 21
413; 21
414; 26
415; 30
416; 35
417; 35
418; 40
419; 40
420; 45
421; 45
422; 50
423; 50
424; 56
425; 0
426; 6
427; 6
428; 23
429; 23
430; 27
431; 27
432; 33
433; 33
434; 37
435; 0
436; 4
437; 4
438; 10
439; 10
440; 14
441; 14
442; 31
443; 31
444; 37
445; 0
446; 4
447; 4
448; 8
449; 8
450; 14
451; 14
452; 19
453; 19
454; 24
455; 30
456; 35
457; 35
458; 40
459; 40
460; 46
461; 46
462; 50
463; 50
464; 54
465; 0
466; 4
467; 4
468; 8
469; 8
470; 14
471; 14
472; 18
473; 18
474; 22
475; 30
476; 34
477; 34
478; 38
479; 38
480; 44
481; 44
482; 48
483; 48
484; 52
485; 0
486; 4
487; 4
488; 8
489; 8
490; 12
491; 12
492; 18
493; 18
494; 22
495; 30
496; 34
497; 34
498; 40
499; 40
500; 44
501; 44
502; 48
503; 48
504; 52
505; 14
506; 19
507; 19
508; 24
509; 24
510; 30
511; 30
512; 36
513; 36
514; 40
515; 44
516; 48
517; 48
518; 54
519; 54
520; 0
521; 0
522; 5
523; 5
524; 10
525; 29
526; 33
527; 33
528; 39
529; 39
530; 44
531; 44
532; 49
533; 49
534; 53
535; 59
536; 3
537; 3
538; 9
539; 9
540; 14
541; 14
542; 19
543; 19
544; 23
545; 59
546; 3
547; 3
548; 8
549; 8
550; 13
551; 13
552; 19
553; 19
554; 23
555; 29
556; 33
557; 33
558; 38
559; 38
560; 43
561; 43
562; 49
563; 49
564; 53
565; 0
566; 8
567; 8
568; 13
569; 13
570; 17
571; 17
572; 21
573; 30
574; 38
575; 38
576; 43
577; 43
578; 47
579; 47
580; 51
581; 30
582; 34
583; 34
584; 38
585; 38
586; 43
587; 43
588; 51
589; 0
590; 4
591; 4
592; 8
593; 8
594; 13
595; 13
596; 21
597; 0
598; 8
599; 8
600; 15
601; 15
602; 20
603; 20
604; 24
605; 30
606; 34
607; 34
608; 39
609; 39
610; 46
611; 46
612; 54
613; 0
614; 5
615; 5
616; 10
617; 10
618; 14
619; 14
620; 18
621; 30
622; 34
623; 34
624; 38
625; 38
626; 43
627; 43
628; 48
629; 48
630; 52
631; 52
632; 58
633; 58
634; 2
635; 2
636; 6
637; 18
638; 22
639; 22
640; 26
641; 26
642; 32
643; 32
644; 36
645; 0
646; 4
647; 4
648; 8
649; 8
650; 12
651; 30
652; 34
653; 34
654; 38
655; 38
656; 42
657; 0
658; 4
659; 4
660; 11
661; 11
662; 16
663; 30
664; 34
665; 34
666; 41
667; 41
668; 46
669; 30
670; 35
671; 35
672; 42
673; 42
674; 46
675; 0
676; 5
677; 5
678; 12
679; 12
680; 16
681; 0
682; 5
683; 5
684; 10
685; 30
686; 35
687; 35
688; 40
689; 0
690; 4
691; 4
692; 10
693; 30
694; 36
695; 36
696; 40
697; 0
698; 8
699; 8
700; 13
701; 30
702; 35
703; 35
704; 43
705; 0
706; 5
707; 5
708; 10
709; 30
710; 35
711; 35
712; 40
713; 0
714; 5
715; 30
716; 35
717; 30
718; 35
719; 0
720; 5
721; 0
722; 7
723; 20
724; 27
725; 40
726; 47
727; 30
728; 37
729; 50
730; 57
731; 10
732; 17
733; 0
734; 6
735; 30
736; 36
737; 0
738; 4
739; 30
740; 34
741; 58
742; 2
743; 2
744; 6
745; 6
746; 10
747; 10
748; 14
749; 14
750; 18
751; 18
752; 26
753; 18
754; 22
755; 22
756; 26
757; 26
758; 30
759; 30
760; 34
761; 34
762; 38
763; 38
764; 46
765; 38
766; 42
767; 42
768; 46
769; 46
770; 50
771; 50
772; 54
773; 54
774; 58
775; 58
776; 6
777; 28
778; 36
779; 36
780; 40
781; 40
782; 44
783; 44
784; 48
785; 48
786; 52
787; 52
788; 56
789; 48
790; 56
791; 56
792; 0
793; 0
794; 4
795; 4
796; 8
797; 8
798; 12
799; 12
800; 16
801; 8
802; 16
803; 16
804; 20
805; 20
806; 24
807; 24
808; 28
809; 28
810; 32
811; 32
812; 36
813; 0
814; 5
815; 5
816; 9
817; 9
818; 15
819; 15
820; 19
821; 19
822; 23
823; 23
824; 27
825; 27
826; 33
827; 20
828; 25
829; 25
830; 29
831; 29
832; 35
833; 35
834; 39
835; 39
836; 43
837; 43
838; 47
839; 47
840; 53
841; 40
842; 45
843; 45
844; 49
845; 49
846; 55
847; 55
848; 59
849; 59
850; 3
851; 3
852; 7
853; 7
854; 13
855; 0
856; 6
857; 6
858; 10
859; 10
860; 14
861; 14
862; 18
863; 18
864; 24
865; 24
866; 28
867; 28
868; 33
869; 20
870; 26
871; 26
872; 30
873; 30
874; 34
875; 34
876; 38
877; 38
878; 44
879; 44
880; 48
881; 48
882; 53
883; 40
884; 46
885; 46
886; 50
887; 50
888; 54
889; 54
890; 58
891; 58
892; 4
893; 4
894; 8
895; 8
896; 13
897; 50
898; 56
899; 56
900; 0
901; 0
902; 4
903; 4
904; 12
905; 12
906; 16
907; 16
908; 21
909; 10
910; 16
911; 16
912; 20
913; 20
914; 24
915; 24
916; 32
917; 32
918; 36
919; 36
920; 41
921; 30
922; 36
923; 36
924; 40
925; 40
926; 44
927; 44
928; 52
929; 52
930; 56
931; 56
932; 1
933; 50
934; 55
935; 55
936; 59
937; 59
938; 7
939; 7
940; 11
941; 11
942; 15
943; 15
944; 21
945; 10
946; 15
947; 15
948; 19
949; 19
950; 27
951; 27
952; 31
953; 31
954; 35
955; 35
956; 41
957; 30
958; 35
959; 35
960; 39
961; 39
962; 47
963; 47
964; 51
965; 51
966; 55
967; 55
968; 1
969; 0
970; 5
971; 5
972; 10
973; 10
974; 16
975; 16
976; 22
977; 30
978; 36
979; 36
980; 42
981; 42
982; 47
983; 47
984; 52
985; 0
986; 4
987; 4
988; 9
989; 9
990; 16
991; 30
992; 37
993; 37
994; 42
995; 42
996; 46
997; 57
998; 3
999; 3
1000; 8
1001; 8
1002; 16
1003; 16
1004; 20
1005; 20
1006; 25
1007; 25
1008; 30
1009; 57
1010; 2
1011; 2
1012; 7
1013; 7
1014; 11
1015; 11
1016; 19
1017; 19
1018; 24
1019; 24
1020; 30
1021; 49
1022; 57
1023; 57
1024; 1
1025; 1
1026; 6
1027; 6
1028; 11
1029; 11
1030; 17
1031; 19
1032; 27
1033; 27
1034; 31
1035; 31
1036; 36
1037; 36
1038; 41
1039; 41
1040; 47
1041; 19
1042; 25
1043; 25
1044; 30
1045; 30
1046; 35
1047; 35
1048; 39
1049; 39
1050; 47
1051; 49
1052; 55
1053; 55
1054; 0
1055; 0
1056; 5
1057; 5
1058; 9
1059; 9
1060; 17
