# line-id; line-code; direction; stop-order; stop-id; frequency; arrival_time; departure_time; line-repetition
1; 1H; >; 1; 21; 4; 25; 25; 1
1; 1H; >; 2; 24; 4; 30; 30; 1
1; 1H; >; 3; 13; 4; 35; 35; 1
1; 1H; >; 4; 12; 4; 51; 51; 1
1; 1H; >; 5; 3; 4; 58; 58; 1
1; 1H; >; 6; 4; 4; 3; 3; 1
1; 1H; >; 7; 5; 4; 8; 8; 1
1; 1H; >; 8; 6; 4; 14; 14; 1
1; 1H; >; 9; 2; 4; 18; 18; 1
1; 1H; >; 1; 21; 4; 40; 40; 2
1; 1H; >; 2; 24; 4; 45; 45; 2
1; 1H; >; 3; 13; 4; 50; 50; 2
1; 1H; >; 4; 12; 4; 6; 6; 2
1; 1H; >; 5; 3; 4; 13; 13; 2
1; 1H; >; 6; 4; 4; 18; 18; 2
1; 1H; >; 7; 5; 4; 23; 23; 2
1; 1H; >; 8; 6; 4; 29; 29; 2
1; 1H; >; 9; 2; 4; 33; 33; 2
1; 1H; >; 1; 21; 4; 55; 55; 3
1; 1H; >; 2; 24; 4; 0; 0; 3
1; 1H; >; 3; 13; 4; 5; 5; 3
1; 1H; >; 4; 12; 4; 21; 21; 3
1; 1H; >; 5; 3; 4; 28; 28; 3
1; 1H; >; 6; 4; 4; 33; 33; 3
1; 1H; >; 7; 5; 4; 38; 38; 3
1; 1H; >; 8; 6; 4; 44; 44; 3
1; 1H; >; 9; 2; 4; 48; 48; 3
1; 1H; >; 1; 21; 4; 10; 10; 4
1; 1H; >; 2; 24; 4; 15; 15; 4
1; 1H; >; 3; 13; 4; 20; 20; 4
1; 1H; >; 4; 12; 4; 36; 36; 4
1; 1H; >; 5; 3; 4; 43; 43; 4
1; 1H; >; 6; 4; 4; 48; 48; 4
1; 1H; >; 7; 5; 4; 53; 53; 4
1; 1H; >; 8; 6; 4; 59; 59; 4
1; 1H; >; 9; 2; 4; 3; 3; 4
1; 1R; <; 1; 2; 4; 0; 0; 1
1; 1R; <; 2; 6; 4; 4; 4; 1
1; 1R; <; 3; 5; 4; 10; 10; 1
1; 1R; <; 4; 4; 4; 15; 15; 1
1; 1R; <; 5; 3; 4; 20; 20; 1
1; 1R; <; 6; 12; 4; 27; 27; 1
1; 1R; <; 7; 13; 4; 43; 43; 1
1; 1R; <; 8; 24; 4; 48; 48; 1
1; 1R; <; 9; 21; 4; 53; 53; 1
1; 1R; <; 1; 2; 4; 15; 15; 2
1; 1R; <; 2; 6; 4; 19; 19; 2
1; 1R; <; 3; 5; 4; 25; 25; 2
1; 1R; <; 4; 4; 4; 30; 30; 2
1; 1R; <; 5; 3; 4; 35; 35; 2
1; 1R; <; 6; 12; 4; 42; 42; 2
1; 1R; <; 7; 13; 4; 58; 58; 2
1; 1R; <; 8; 24; 4; 3; 3; 2
1; 1R; <; 9; 21; 4; 8; 8; 2
1; 1R; <; 1; 2; 4; 30; 30; 3
1; 1R; <; 2; 6; 4; 34; 34; 3
1; 1R; <; 3; 5; 4; 40; 40; 3
1; 1R; <; 4; 4; 4; 45; 45; 3
1; 1R; <; 5; 3; 4; 50; 50; 3
1; 1R; <; 6; 12; 4; 57; 57; 3
1; 1R; <; 7; 13; 4; 13; 13; 3
1; 1R; <; 8; 24; 4; 18; 18; 3
1; 1R; <; 9; 21; 4; 23; 23; 3
1; 1R; <; 1; 2; 4; 45; 45; 4
1; 1R; <; 2; 6; 4; 49; 49; 4
1; 1R; <; 3; 5; 4; 55; 55; 4
1; 1R; <; 4; 4; 4; 0; 0; 4
1; 1R; <; 5; 3; 4; 5; 5; 4
1; 1R; <; 6; 12; 4; 12; 12; 4
1; 1R; <; 7; 13; 4; 28; 28; 4
1; 1R; <; 8; 24; 4; 33; 33; 4
1; 1R; <; 9; 21; 4; 38; 38; 4
2; 2H; >; 1; 20; 3; 8; 8; 1
2; 2H; >; 2; 22; 3; 16; 16; 1
2; 2H; >; 3; 15; 3; 20; 20; 1
2; 2H; >; 4; 19; 3; 26; 26; 1
2; 2H; >; 5; 17; 3; 30; 30; 1
2; 2H; >; 6; 16; 3; 34; 34; 1
2; 2H; >; 7; 18; 3; 40; 40; 1
2; 2H; >; 8; 7; 3; 44; 44; 1
2; 2H; >; 1; 20; 3; 28; 28; 2
2; 2H; >; 2; 22; 3; 36; 36; 2
2; 2H; >; 3; 15; 3; 40; 40; 2
2; 2H; >; 4; 19; 3; 46; 46; 2
2; 2H; >; 5; 17; 3; 50; 50; 2
2; 2H; >; 6; 16; 3; 54; 54; 2
2; 2H; >; 7; 18; 3; 0; 0; 2
2; 2H; >; 8; 7; 3; 4; 4; 2
2; 2H; >; 1; 20; 3; 48; 48; 3
2; 2H; >; 2; 22; 3; 56; 56; 3
2; 2H; >; 3; 15; 3; 0; 0; 3
2; 2H; >; 4; 19; 3; 6; 6; 3
2; 2H; >; 5; 17; 3; 10; 10; 3
2; 2H; >; 6; 16; 3; 14; 14; 3
2; 2H; >; 7; 18; 3; 20; 20; 3
2; 2H; >; 8; 7; 3; 24; 24; 3
2; 2R; <; 1; 7; 3; 5; 5; 1
2; 2R; <; 2; 18; 3; 9; 9; 1
2; 2R; <; 3; 16; 3; 15; 15; 1
2; 2R; <; 4; 17; 3; 19; 19; 1
2; 2R; <; 5; 19; 3; 23; 23; 1
2; 2R; <; 6; 15; 3; 29; 29; 1
2; 2R; <; 7; 22; 3; 33; 33; 1
2; 2R; <; 8; 20; 3; 41; 41; 1
2; 2R; <; 1; 7; 3; 25; 25; 2
2; 2R; <; 2; 18; 3; 29; 29; 2
2; 2R; <; 3; 16; 3; 35; 35; 2
2; 2R; <; 4; 17; 3; 39; 39; 2
2; 2R; <; 5; 19; 3; 43; 43; 2
2; 2R; <; 6; 15; 3; 49; 49; 2
2; 2R; <; 7; 22; 3; 53; 53; 2
2; 2R; <; 8; 20; 3; 1; 1; 2
2; 2R; <; 1; 7; 3; 45; 45; 3
2; 2R; <; 2; 18; 3; 49; 49; 3
2; 2R; <; 3; 16; 3; 55; 55; 3
2; 2R; <; 4; 17; 3; 59; 59; 3
2; 2R; <; 5; 19; 3; 3; 3; 3
2; 2R; <; 6; 15; 3; 9; 9; 3
2; 2R; <; 7; 22; 3; 13; 13; 3
2; 2R; <; 8; 20; 3; 21; 21; 3
3; 3H; >; 1; 20; 8; 1; 1; 1
3; 3H; >; 2; 21; 8; 7; 7; 1
3; 3H; >; 3; 22; 8; 12; 12; 1
3; 3H; >; 4; 15; 8; 16; 16; 1
3; 3H; >; 5; 10; 8; 24; 24; 1
3; 3H; >; 6; 11; 8; 29; 29; 1
3; 3H; >; 7; 12; 8; 34; 34; 1
3; 3H; >; 1; 20; 8; 8; 8; 2
3; 3H; >; 2; 21; 8; 14; 14; 2
3; 3H; >; 3; 22; 8; 19; 19; 2
3; 3H; >; 4; 15; 8; 23; 23; 2
3; 3H; >; 5; 10; 8; 31; 31; 2
3; 3H; >; 6; 11; 8; 36; 36; 2
3; 3H; >; 7; 12; 8; 41; 41; 2
3; 3H; >; 1; 20; 8; 16; 16; 3
3; 3H; >; 2; 21; 8; 22; 22; 3
3; 3H; >; 3; 22; 8; 27; 27; 3
3; 3H; >; 4; 15; 8; 31; 31; 3
3; 3H; >; 5; 10; 8; 39; 39; 3
3; 3H; >; 6; 11; 8; 44; 44; 3
3; 3H; >; 7; 12; 8; 49; 49; 3
3; 3H; >; 1; 20; 8; 23; 23; 4
3; 3H; >; 2; 21; 8; 29; 29; 4
3; 3H; >; 3; 22; 8; 34; 34; 4
3; 3H; >; 4; 15; 8; 38; 38; 4
3; 3H; >; 5; 10; 8; 46; 46; 4
3; 3H; >; 6; 11; 8; 51; 51; 4
3; 3H; >; 7; 12; 8; 56; 56; 4
3; 3H; >; 1; 20; 8; 31; 31; 5
3; 3H; >; 2; 21; 8; 37; 37; 5
3; 3H; >; 3; 22; 8; 42; 42; 5
3; 3H; >; 4; 15; 8; 46; 46; 5
3; 3H; >; 5; 10; 8; 54; 54; 5
3; 3H; >; 6; 11; 8; 59; 59; 5
3; 3H; >; 7; 12; 8; 4; 4; 5
3; 3H; >; 1; 20; 8; 38; 38; 6
3; 3H; >; 2; 21; 8; 44; 44; 6
3; 3H; >; 3; 22; 8; 49; 49; 6
3; 3H; >; 4; 15; 8; 53; 53; 6
3; 3H; >; 5; 10; 8; 1; 1; 6
3; 3H; >; 6; 11; 8; 6; 6; 6
3; 3H; >; 7; 12; 8; 11; 11; 6
3; 3H; >; 1; 20; 8; 46; 46; 7
3; 3H; >; 2; 21; 8; 52; 52; 7
3; 3H; >; 3; 22; 8; 57; 57; 7
3; 3H; >; 4; 15; 8; 1; 1; 7
3; 3H; >; 5; 10; 8; 9; 9; 7
3; 3H; >; 6; 11; 8; 14; 14; 7
3; 3H; >; 7; 12; 8; 19; 19; 7
3; 3H; >; 1; 20; 8; 53; 53; 8
3; 3H; >; 2; 21; 8; 59; 59; 8
3; 3H; >; 3; 22; 8; 4; 4; 8
3; 3H; >; 4; 15; 8; 8; 8; 8
3; 3H; >; 5; 10; 8; 16; 16; 8
3; 3H; >; 6; 11; 8; 21; 21; 8
3; 3H; >; 7; 12; 8; 26; 26; 8
3; 3R; <; 1; 12; 8; 24; 24; 1
3; 3R; <; 2; 11; 8; 29; 29; 1
3; 3R; <; 3; 10; 8; 34; 34; 1
3; 3R; <; 4; 15; 8; 42; 42; 1
3; 3R; <; 5; 22; 8; 46; 46; 1
3; 3R; <; 6; 21; 8; 51; 51; 1
3; 3R; <; 7; 20; 8; 57; 57; 1
3; 3R; <; 1; 12; 8; 31; 31; 2
3; 3R; <; 2; 11; 8; 36; 36; 2
3; 3R; <; 3; 10; 8; 41; 41; 2
3; 3R; <; 4; 15; 8; 49; 49; 2
3; 3R; <; 5; 22; 8; 53; 53; 2
3; 3R; <; 6; 21; 8; 58; 58; 2
3; 3R; <; 7; 20; 8; 4; 4; 2
3; 3R; <; 1; 12; 8; 39; 39; 3
3; 3R; <; 2; 11; 8; 44; 44; 3
3; 3R; <; 3; 10; 8; 49; 49; 3
3; 3R; <; 4; 15; 8; 57; 57; 3
3; 3R; <; 5; 22; 8; 1; 1; 3
3; 3R; <; 6; 21; 8; 6; 6; 3
3; 3R; <; 7; 20; 8; 12; 12; 3
3; 3R; <; 1; 12; 8; 46; 46; 4
3; 3R; <; 2; 11; 8; 51; 51; 4
3; 3R; <; 3; 10; 8; 56; 56; 4
3; 3R; <; 4; 15; 8; 4; 4; 4
3; 3R; <; 5; 22; 8; 8; 8; 4
3; 3R; <; 6; 21; 8; 13; 13; 4
3; 3R; <; 7; 20; 8; 19; 19; 4
3; 3R; <; 1; 12; 8; 54; 54; 5
3; 3R; <; 2; 11; 8; 59; 59; 5
3; 3R; <; 3; 10; 8; 4; 4; 5
3; 3R; <; 4; 15; 8; 12; 12; 5
3; 3R; <; 5; 22; 8; 16; 16; 5
3; 3R; <; 6; 21; 8; 21; 21; 5
3; 3R; <; 7; 20; 8; 27; 27; 5
3; 3R; <; 1; 12; 8; 1; 1; 6
3; 3R; <; 2; 11; 8; 6; 6; 6
3; 3R; <; 3; 10; 8; 11; 11; 6
3; 3R; <; 4; 15; 8; 19; 19; 6
3; 3R; <; 5; 22; 8; 23; 23; 6
3; 3R; <; 6; 21; 8; 28; 28; 6
3; 3R; <; 7; 20; 8; 34; 34; 6
3; 3R; <; 1; 12; 8; 9; 9; 7
3; 3R; <; 2; 11; 8; 14; 14; 7
3; 3R; <; 3; 10; 8; 19; 19; 7
3; 3R; <; 4; 15; 8; 27; 27; 7
3; 3R; <; 5; 22; 8; 31; 31; 7
3; 3R; <; 6; 21; 8; 36; 36; 7
3; 3R; <; 7; 20; 8; 42; 42; 7
3; 3R; <; 1; 12; 8; 16; 16; 8
3; 3R; <; 2; 11; 8; 21; 21; 8
3; 3R; <; 3; 10; 8; 26; 26; 8
3; 3R; <; 4; 15; 8; 34; 34; 8
3; 3R; <; 5; 22; 8; 38; 38; 8
3; 3R; <; 6; 21; 8; 43; 43; 8
3; 3R; <; 7; 20; 8; 49; 49; 8
4; 4H; >; 1; 20; 5; 32; 32; 1
4; 4H; >; 2; 21; 5; 38; 38; 1
4; 4H; >; 3; 22; 5; 43; 43; 1
4; 4H; >; 4; 15; 5; 47; 47; 1
4; 4H; >; 5; 10; 5; 55; 55; 1
4; 4H; >; 6; 9; 5; 59; 59; 1
4; 4H; >; 7; 5; 5; 3; 3; 1
4; 4H; >; 1; 20; 5; 44; 44; 2
4; 4H; >; 2; 21; 5; 50; 50; 2
4; 4H; >; 3; 22; 5; 55; 55; 2
4; 4H; >; 4; 15; 5; 59; 59; 2
4; 4H; >; 5; 10; 5; 7; 7; 2
4; 4H; >; 6; 9; 5; 11; 11; 2
4; 4H; >; 7; 5; 5; 15; 15; 2
4; 4H; >; 1; 20; 5; 56; 56; 3
4; 4H; >; 2; 21; 5; 2; 2; 3
4; 4H; >; 3; 22; 5; 7; 7; 3
4; 4H; >; 4; 15; 5; 11; 11; 3
4; 4H; >; 5; 10; 5; 19; 19; 3
4; 4H; >; 6; 9; 5; 23; 23; 3
4; 4H; >; 7; 5; 5; 27; 27; 3
4; 4H; >; 1; 20; 5; 8; 8; 4
4; 4H; >; 2; 21; 5; 14; 14; 4
4; 4H; >; 3; 22; 5; 19; 19; 4
4; 4H; >; 4; 15; 5; 23; 23; 4
4; 4H; >; 5; 10; 5; 31; 31; 4
4; 4H; >; 6; 9; 5; 35; 35; 4
4; 4H; >; 7; 5; 5; 39; 39; 4
4; 4H; >; 1; 20; 5; 20; 20; 5
4; 4H; >; 2; 21; 5; 26; 26; 5
4; 4H; >; 3; 22; 5; 31; 31; 5
4; 4H; >; 4; 15; 5; 35; 35; 5
4; 4H; >; 5; 10; 5; 43; 43; 5
4; 4H; >; 6; 9; 5; 47; 47; 5
4; 4H; >; 7; 5; 5; 51; 51; 5
4; 4R; <; 1; 5; 5; 3; 3; 1
4; 4R; <; 2; 9; 5; 7; 7; 1
4; 4R; <; 3; 10; 5; 11; 11; 1
4; 4R; <; 4; 15; 5; 19; 19; 1
4; 4R; <; 5; 22; 5; 23; 23; 1
4; 4R; <; 6; 21; 5; 28; 28; 1
4; 4R; <; 7; 20; 5; 34; 34; 1
4; 4R; <; 1; 5; 5; 15; 15; 2
4; 4R; <; 2; 9; 5; 19; 19; 2
4; 4R; <; 3; 10; 5; 23; 23; 2
4; 4R; <; 4; 15; 5; 31; 31; 2
4; 4R; <; 5; 22; 5; 35; 35; 2
4; 4R; <; 6; 21; 5; 40; 40; 2
4; 4R; <; 7; 20; 5; 46; 46; 2
4; 4R; <; 1; 5; 5; 27; 27; 3
4; 4R; <; 2; 9; 5; 31; 31; 3
4; 4R; <; 3; 10; 5; 35; 35; 3
4; 4R; <; 4; 15; 5; 43; 43; 3
4; 4R; <; 5; 22; 5; 47; 47; 3
4; 4R; <; 6; 21; 5; 52; 52; 3
4; 4R; <; 7; 20; 5; 58; 58; 3
4; 4R; <; 1; 5; 5; 39; 39; 4
4; 4R; <; 2; 9; 5; 43; 43; 4
4; 4R; <; 3; 10; 5; 47; 47; 4
4; 4R; <; 4; 15; 5; 55; 55; 4
4; 4R; <; 5; 22; 5; 59; 59; 4
4; 4R; <; 6; 21; 5; 4; 4; 4
4; 4R; <; 7; 20; 5; 10; 10; 4
4; 4R; <; 1; 5; 5; 51; 51; 5
4; 4R; <; 2; 9; 5; 55; 55; 5
4; 4R; <; 3; 10; 5; 59; 59; 5
4; 4R; <; 4; 15; 5; 7; 7; 5
4; 4R; <; 5; 22; 5; 11; 11; 5
4; 4R; <; 6; 21; 5; 16; 16; 5
4; 4R; <; 7; 20; 5; 22; 22; 5
5; 5H; >; 1; 23; 6; 40; 40; 1
5; 5H; >; 2; 14; 6; 44; 44; 1
5; 5H; >; 3; 11; 6; 52; 52; 1
5; 5H; >; 4; 4; 6; 59; 59; 1
5; 5H; >; 5; 5; 6; 4; 4; 1
5; 5H; >; 6; 6; 6; 10; 10; 1
5; 5H; >; 7; 2; 6; 14; 14; 1
5; 5H; >; 1; 23; 6; 50; 50; 2
5; 5H; >; 2; 14; 6; 54; 54; 2
5; 5H; >; 3; 11; 6; 2; 2; 2
5; 5H; >; 4; 4; 6; 9; 9; 2
5; 5H; >; 5; 5; 6; 14; 14; 2
5; 5H; >; 6; 6; 6; 20; 20; 2
5; 5H; >; 7; 2; 6; 24; 24; 2
5; 5H; >; 1; 23; 6; 0; 0; 3
5; 5H; >; 2; 14; 6; 4; 4; 3
5; 5H; >; 3; 11; 6; 12; 12; 3
5; 5H; >; 4; 4; 6; 19; 19; 3
5; 5H; >; 5; 5; 6; 24; 24; 3
5; 5H; >; 6; 6; 6; 30; 30; 3
5; 5H; >; 7; 2; 6; 34; 34; 3
5; 5H; >; 1; 23; 6; 10; 10; 4
5; 5H; >; 2; 14; 6; 14; 14; 4
5; 5H; >; 3; 11; 6; 22; 22; 4
5; 5H; >; 4; 4; 6; 29; 29; 4
5; 5H; >; 5; 5; 6; 34; 34; 4
5; 5H; >; 6; 6; 6; 40; 40; 4
5; 5H; >; 7; 2; 6; 44; 44; 4
5; 5H; >; 1; 23; 6; 20; 20; 5
5; 5H; >; 2; 14; 6; 24; 24; 5
5; 5H; >; 3; 11; 6; 32; 32; 5
5; 5H; >; 4; 4; 6; 39; 39; 5
5; 5H; >; 5; 5; 6; 44; 44; 5
5; 5H; >; 6; 6; 6; 50; 50; 5
5; 5H; >; 7; 2; 6; 54; 54; 5
5; 5H; >; 1; 23; 6; 30; 30; 6
5; 5H; >; 2; 14; 6; 34; 34; 6
5; 5H; >; 3; 11; 6; 42; 42; 6
5; 5H; >; 4; 4; 6; 49; 49; 6
5; 5H; >; 5; 5; 6; 54; 54; 6
5; 5H; >; 6; 6; 6; 0; 0; 6
5; 5H; >; 7; 2; 6; 4; 4; 6
5; 5R; <; 1; 2; 6; 16; 16; 1
5; 5R; <; 2; 6; 6; 20; 20; 1
5; 5R; <; 3; 5; 6; 26; 26; 1
5; 5R; <; 4; 4; 6; 31; 31; 1
5; 5R; <; 5; 11; 6; 38; 38; 1
5; 5R; <; 6; 14; 6; 46; 46; 1
5; 5R; <; 7; 23; 6; 50; 50; 1
5; 5R; <; 1; 2; 6; 26; 26; 2
5; 5R; <; 2; 6; 6; 30; 30; 2
5; 5R; <; 3; 5; 6; 36; 36; 2
5; 5R; <; 4; 4; 6; 41; 41; 2
5; 5R; <; 5; 11; 6; 48; 48; 2
5; 5R; <; 6; 14; 6; 56; 56; 2
5; 5R; <; 7; 23; 6; 0; 0; 2
5; 5R; <; 1; 2; 6; 36; 36; 3
5; 5R; <; 2; 6; 6; 40; 40; 3
5; 5R; <; 3; 5; 6; 46; 46; 3
5; 5R; <; 4; 4; 6; 51; 51; 3
5; 5R; <; 5; 11; 6; 58; 58; 3
5; 5R; <; 6; 14; 6; 6; 6; 3
5; 5R; <; 7; 23; 6; 10; 10; 3
5; 5R; <; 1; 2; 6; 46; 46; 4
5; 5R; <; 2; 6; 6; 50; 50; 4
5; 5R; <; 3; 5; 6; 56; 56; 4
5; 5R; <; 4; 4; 6; 1; 1; 4
5; 5R; <; 5; 11; 6; 8; 8; 4
5; 5R; <; 6; 14; 6; 16; 16; 4
5; 5R; <; 7; 23; 6; 20; 20; 4
5; 5R; <; 1; 2; 6; 56; 56; 5
5; 5R; <; 2; 6; 6; 0; 0; 5
5; 5R; <; 3; 5; 6; 6; 6; 5
5; 5R; <; 4; 4; 6; 11; 11; 5
5; 5R; <; 5; 11; 6; 18; 18; 5
5; 5R; <; 6; 14; 6; 26; 26; 5
5; 5R; <; 7; 23; 6; 30; 30; 5
5; 5R; <; 1; 2; 6; 6; 6; 6
5; 5R; <; 2; 6; 6; 10; 10; 6
5; 5R; <; 3; 5; 6; 16; 16; 6
5; 5R; <; 4; 4; 6; 21; 21; 6
5; 5R; <; 5; 11; 6; 28; 28; 6
5; 5R; <; 6; 14; 6; 36; 36; 6
5; 5R; <; 7; 23; 6; 40; 40; 6
6; 6H; >; 1; 17; 4; 50; 50; 1
6; 6H; >; 2; 10; 4; 57; 57; 1
6; 6H; >; 3; 9; 4; 1; 1; 1
6; 6H; >; 4; 5; 4; 5; 5; 1
6; 6H; >; 5; 4; 4; 10; 10; 1
6; 6H; >; 6; 3; 4; 15; 15; 1
6; 6H; >; 7; 1; 4; 19; 19; 1
6; 6H; >; 1; 17; 4; 5; 5; 2
6; 6H; >; 2; 10; 4; 12; 12; 2
6; 6H; >; 3; 9; 4; 16; 16; 2
6; 6H; >; 4; 5; 4; 20; 20; 2
6; 6H; >; 5; 4; 4; 25; 25; 2
6; 6H; >; 6; 3; 4; 30; 30; 2
6; 6H; >; 7; 1; 4; 34; 34; 2
6; 6H; >; 1; 17; 4; 20; 20; 3
6; 6H; >; 2; 10; 4; 27; 27; 3
6; 6H; >; 3; 9; 4; 31; 31; 3
6; 6H; >; 4; 5; 4; 35; 35; 3
6; 6H; >; 5; 4; 4; 40; 40; 3
6; 6H; >; 6; 3; 4; 45; 45; 3
6; 6H; >; 7; 1; 4; 49; 49; 3
6; 6H; >; 1; 17; 4; 35; 35; 4
6; 6H; >; 2; 10; 4; 42; 42; 4
6; 6H; >; 3; 9; 4; 46; 46; 4
6; 6H; >; 4; 5; 4; 50; 50; 4
6; 6H; >; 5; 4; 4; 55; 55; 4
6; 6H; >; 6; 3; 4; 0; 0; 4
6; 6H; >; 7; 1; 4; 4; 4; 4
6; 6R; <; 1; 1; 4; 17; 17; 1
6; 6R; <; 2; 3; 4; 21; 21; 1
6; 6R; <; 3; 4; 4; 26; 26; 1
6; 6R; <; 4; 5; 4; 31; 31; 1
6; 6R; <; 5; 9; 4; 35; 35; 1
6; 6R; <; 6; 10; 4; 39; 39; 1
6; 6R; <; 7; 17; 4; 46; 46; 1
6; 6R; <; 1; 1; 4; 32; 32; 2
6; 6R; <; 2; 3; 4; 36; 36; 2
6; 6R; <; 3; 4; 4; 41; 41; 2
6; 6R; <; 4; 5; 4; 46; 46; 2
6; 6R; <; 5; 9; 4; 50; 50; 2
6; 6R; <; 6; 10; 4; 54; 54; 2
6; 6R; <; 7; 17; 4; 1; 1; 2
6; 6R; <; 1; 1; 4; 47; 47; 3
6; 6R; <; 2; 3; 4; 51; 51; 3
6; 6R; <; 3; 4; 4; 56; 56; 3
6; 6R; <; 4; 5; 4; 1; 1; 3
6; 6R; <; 5; 9; 4; 5; 5; 3
6; 6R; <; 6; 10; 4; 9; 9; 3
6; 6R; <; 7; 17; 4; 16; 16; 3
6; 6R; <; 1; 1; 4; 2; 2; 4
6; 6R; <; 2; 3; 4; 6; 6; 4
6; 6R; <; 3; 4; 4; 11; 11; 4
6; 6R; <; 4; 5; 4; 16; 16; 4
6; 6R; <; 5; 9; 4; 20; 20; 4
6; 6R; <; 6; 10; 4; 24; 24; 4
6; 6R; <; 7; 17; 4; 31; 31; 4
7; 7H; >; 1; 18; 6; 35; 35; 1
7; 7H; >; 2; 7; 6; 39; 39; 1
7; 7H; >; 3; 8; 6; 45; 45; 1
7; 7H; >; 4; 16; 6; 49; 49; 1
7; 7H; >; 5; 10; 6; 55; 55; 1
7; 7H; >; 6; 9; 6; 59; 59; 1
7; 7H; >; 7; 5; 6; 3; 3; 1
7; 7H; >; 1; 18; 6; 45; 45; 2
7; 7H; >; 2; 7; 6; 49; 49; 2
7; 7H; >; 3; 8; 6; 55; 55; 2
7; 7H; >; 4; 16; 6; 59; 59; 2
7; 7H; >; 5; 10; 6; 5; 5; 2
7; 7H; >; 6; 9; 6; 9; 9; 2
7; 7H; >; 7; 5; 6; 13; 13; 2
7; 7H; >; 1; 18; 6; 55; 55; 3
7; 7H; >; 2; 7; 6; 59; 59; 3
7; 7H; >; 3; 8; 6; 5; 5; 3
7; 7H; >; 4; 16; 6; 9; 9; 3
7; 7H; >; 5; 10; 6; 15; 15; 3
7; 7H; >; 6; 9; 6; 19; 19; 3
7; 7H; >; 7; 5; 6; 23; 23; 3
7; 7H; >; 1; 18; 6; 5; 5; 4
7; 7H; >; 2; 7; 6; 9; 9; 4
7; 7H; >; 3; 8; 6; 15; 15; 4
7; 7H; >; 4; 16; 6; 19; 19; 4
7; 7H; >; 5; 10; 6; 25; 25; 4
7; 7H; >; 6; 9; 6; 29; 29; 4
7; 7H; >; 7; 5; 6; 33; 33; 4
7; 7H; >; 1; 18; 6; 15; 15; 5
7; 7H; >; 2; 7; 6; 19; 19; 5
7; 7H; >; 3; 8; 6; 25; 25; 5
7; 7H; >; 4; 16; 6; 29; 29; 5
7; 7H; >; 5; 10; 6; 35; 35; 5
7; 7H; >; 6; 9; 6; 39; 39; 5
7; 7H; >; 7; 5; 6; 43; 43; 5
7; 7H; >; 1; 18; 6; 25; 25; 6
7; 7H; >; 2; 7; 6; 29; 29; 6
7; 7H; >; 3; 8; 6; 35; 35; 6
7; 7H; >; 4; 16; 6; 39; 39; 6
7; 7H; >; 5; 10; 6; 45; 45; 6
7; 7H; >; 6; 9; 6; 49; 49; 6
7; 7H; >; 7; 5; 6; 53; 53; 6
7; 7R; <; 1; 5; 6; 39; 39; 1
7; 7R; <; 2; 9; 6; 43; 43; 1
7; 7R; <; 3; 10; 6; 47; 47; 1
7; 7R; <; 4; 16; 6; 53; 53; 1
7; 7R; <; 5; 8; 6; 57; 57; 1
7; 7R; <; 6; 7; 6; 3; 3; 1
7; 7R; <; 7; 18; 6; 7; 7; 1
7; 7R; <; 1; 5; 6; 49; 49; 2
7; 7R; <; 2; 9; 6; 53; 53; 2
7; 7R; <; 3; 10; 6; 57; 57; 2
7; 7R; <; 4; 16; 6; 3; 3; 2
7; 7R; <; 5; 8; 6; 7; 7; 2
7; 7R; <; 6; 7; 6; 13; 13; 2
7; 7R; <; 7; 18; 6; 17; 17; 2
7; 7R; <; 1; 5; 6; 59; 59; 3
7; 7R; <; 2; 9; 6; 3; 3; 3
7; 7R; <; 3; 10; 6; 7; 7; 3
7; 7R; <; 4; 16; 6; 13; 13; 3
7; 7R; <; 5; 8; 6; 17; 17; 3
7; 7R; <; 6; 7; 6; 23; 23; 3
7; 7R; <; 7; 18; 6; 27; 27; 3
7; 7R; <; 1; 5; 6; 9; 9; 4
7; 7R; <; 2; 9; 6; 13; 13; 4
7; 7R; <; 3; 10; 6; 17; 17; 4
7; 7R; <; 4; 16; 6; 23; 23; 4
7; 7R; <; 5; 8; 6; 27; 27; 4
7; 7R; <; 6; 7; 6; 33; 33; 4
7; 7R; <; 7; 18; 6; 37; 37; 4
7; 7R; <; 1; 5; 6; 19; 19; 5
7; 7R; <; 2; 9; 6; 23; 23; 5
7; 7R; <; 3; 10; 6; 27; 27; 5
7; 7R; <; 4; 16; 6; 33; 33; 5
7; 7R; <; 5; 8; 6; 37; 37; 5
7; 7R; <; 6; 7; 6; 43; 43; 5
7; 7R; <; 7; 18; 6; 47; 47; 5
7; 7R; <; 1; 5; 6; 29; 29; 6
7; 7R; <; 2; 9; 6; 33; 33; 6
7; 7R; <; 3; 10; 6; 37; 37; 6
7; 7R; <; 4; 16; 6; 43; 43; 6
7; 7R; <; 5; 8; 6; 47; 47; 6
7; 7R; <; 6; 7; 6; 53; 53; 6
7; 7R; <; 7; 18; 6; 57; 57; 6
8; 8H; >; 1; 5; 8; 12; 12; 1
8; 8H; >; 2; 9; 8; 16; 16; 1
8; 8H; >; 3; 10; 8; 20; 20; 1
8; 8H; >; 4; 16; 8; 26; 26; 1
8; 8H; >; 5; 8; 8; 30; 30; 1
8; 8H; >; 6; 6; 8; 34; 34; 1
8; 8H; >; 7; 2; 8; 38; 38; 1
8; 8H; >; 1; 5; 8; 19; 19; 2
8; 8H; >; 2; 9; 8; 23; 23; 2
8; 8H; >; 3; 10; 8; 27; 27; 2
8; 8H; >; 4; 16; 8; 33; 33; 2
8; 8H; >; 5; 8; 8; 37; 37; 2
8; 8H; >; 6; 6; 8; 41; 41; 2
8; 8H; >; 7; 2; 8; 45; 45; 2
8; 8H; >; 1; 5; 8; 27; 27; 3
8; 8H; >; 2; 9; 8; 31; 31; 3
8; 8H; >; 3; 10; 8; 35; 35; 3
8; 8H; >; 4; 16; 8; 41; 41; 3
8; 8H; >; 5; 8; 8; 45; 45; 3
8; 8H; >; 6; 6; 8; 49; 49; 3
8; 8H; >; 7; 2; 8; 53; 53; 3
8; 8H; >; 1; 5; 8; 34; 34; 4
8; 8H; >; 2; 9; 8; 38; 38; 4
8; 8H; >; 3; 10; 8; 42; 42; 4
8; 8H; >; 4; 16; 8; 48; 48; 4
8; 8H; >; 5; 8; 8; 52; 52; 4
8; 8H; >; 6; 6; 8; 56; 56; 4
8; 8H; >; 7; 2; 8; 0; 0; 4
8; 8H; >; 1; 5; 8; 42; 42; 5
8; 8H; >; 2; 9; 8; 46; 46; 5
8; 8H; >; 3; 10; 8; 50; 50; 5
8; 8H; >; 4; 16; 8; 56; 56; 5
8; 8H; >; 5; 8; 8; 0; 0; 5
8; 8H; >; 6; 6; 8; 4; 4; 5
8; 8H; >; 7; 2; 8; 8; 8; 5
8; 8H; >; 1; 5; 8; 49; 49; 6
8; 8H; >; 2; 9; 8; 53; 53; 6
8; 8H; >; 3; 10; 8; 57; 57; 6
8; 8H; >; 4; 16; 8; 3; 3; 6
8; 8H; >; 5; 8; 8; 7; 7; 6
8; 8H; >; 6; 6; 8; 11; 11; 6
8; 8H; >; 7; 2; 8; 15; 15; 6
8; 8H; >; 1; 5; 8; 57; 57; 7
8; 8H; >; 2; 9; 8; 1; 1; 7
8; 8H; >; 3; 10; 8; 5; 5; 7
8; 8H; >; 4; 16; 8; 11; 11; 7
8; 8H; >; 5; 8; 8; 15; 15; 7
8; 8H; >; 6; 6; 8; 19; 19; 7
8; 8H; >; 7; 2; 8; 23; 23; 7
8; 8H; >; 1; 5; 8; 4; 4; 8
8; 8H; >; 2; 9; 8; 8; 8; 8
8; 8H; >; 3; 10; 8; 12; 12; 8
8; 8H; >; 4; 16; 8; 18; 18; 8
8; 8H; >; 5; 8; 8; 22; 22; 8
8; 8H; >; 6; 6; 8; 26; 26; 8
8; 8H; >; 7; 2; 8; 30; 30; 8
8; 8R; <; 1; 2; 8; 6; 6; 1
8; 8R; <; 2; 6; 8; 10; 10; 1
8; 8R; <; 3; 8; 8; 14; 14; 1
8; 8R; <; 4; 16; 8; 18; 18; 1
8; 8R; <; 5; 10; 8; 24; 24; 1
8; 8R; <; 6; 9; 8; 28; 28; 1
8; 8R; <; 7; 5; 8; 32; 32; 1
8; 8R; <; 1; 2; 8; 13; 13; 2
8; 8R; <; 2; 6; 8; 17; 17; 2
8; 8R; <; 3; 8; 8; 21; 21; 2
8; 8R; <; 4; 16; 8; 25; 25; 2
8; 8R; <; 5; 10; 8; 31; 31; 2
8; 8R; <; 6; 9; 8; 35; 35; 2
8; 8R; <; 7; 5; 8; 39; 39; 2
8; 8R; <; 1; 2; 8; 21; 21; 3
8; 8R; <; 2; 6; 8; 25; 25; 3
8; 8R; <; 3; 8; 8; 29; 29; 3
8; 8R; <; 4; 16; 8; 33; 33; 3
8; 8R; <; 5; 10; 8; 39; 39; 3
8; 8R; <; 6; 9; 8; 43; 43; 3
8; 8R; <; 7; 5; 8; 47; 47; 3
8; 8R; <; 1; 2; 8; 28; 28; 4
8; 8R; <; 2; 6; 8; 32; 32; 4
8; 8R; <; 3; 8; 8; 36; 36; 4
8; 8R; <; 4; 16; 8; 40; 40; 4
8; 8R; <; 5; 10; 8; 46; 46; 4
8; 8R; <; 6; 9; 8; 50; 50; 4
8; 8R; <; 7; 5; 8; 54; 54; 4
8; 8R; <; 1; 2; 8; 36; 36; 5
8; 8R; <; 2; 6; 8; 40; 40; 5
8; 8R; <; 3; 8; 8; 44; 44; 5
8; 8R; <; 4; 16; 8; 48; 48; 5
8; 8R; <; 5; 10; 8; 54; 54; 5
8; 8R; <; 6; 9; 8; 58; 58; 5
8; 8R; <; 7; 5; 8; 2; 2; 5
8; 8R; <; 1; 2; 8; 43; 43; 6
8; 8R; <; 2; 6; 8; 47; 47; 6
8; 8R; <; 3; 8; 8; 51; 51; 6
8; 8R; <; 4; 16; 8; 55; 55; 6
8; 8R; <; 5; 10; 8; 1; 1; 6
8; 8R; <; 6; 9; 8; 5; 5; 6
8; 8R; <; 7; 5; 8; 9; 9; 6
8; 8R; <; 1; 2; 8; 51; 51; 7
8; 8R; <; 2; 6; 8; 55; 55; 7
8; 8R; <; 3; 8; 8; 59; 59; 7
8; 8R; <; 4; 16; 8; 3; 3; 7
8; 8R; <; 5; 10; 8; 9; 9; 7
8; 8R; <; 6; 9; 8; 13; 13; 7
8; 8R; <; 7; 5; 8; 17; 17; 7
8; 8R; <; 1; 2; 8; 58; 58; 8
8; 8R; <; 2; 6; 8; 2; 2; 8
8; 8R; <; 3; 8; 8; 6; 6; 8
8; 8R; <; 4; 16; 8; 10; 10; 8
8; 8R; <; 5; 10; 8; 16; 16; 8
8; 8R; <; 6; 9; 8; 20; 20; 8
8; 8R; <; 7; 5; 8; 24; 24; 8
9; 9H; >; 1; 21; 4; 24; 24; 1
9; 9H; >; 2; 24; 4; 29; 29; 1
9; 9H; >; 3; 13; 4; 34; 34; 1
9; 9H; >; 4; 12; 4; 50; 50; 1
9; 9H; >; 5; 3; 4; 57; 57; 1
9; 9H; >; 6; 1; 4; 1; 1; 1
9; 9H; >; 1; 21; 4; 39; 39; 2
9; 9H; >; 2; 24; 4; 44; 44; 2
9; 9H; >; 3; 13; 4; 49; 49; 2
9; 9H; >; 4; 12; 4; 5; 5; 2
9; 9H; >; 5; 3; 4; 12; 12; 2
9; 9H; >; 6; 1; 4; 16; 16; 2
9; 9H; >; 1; 21; 4; 54; 54; 3
9; 9H; >; 2; 24; 4; 59; 59; 3
9; 9H; >; 3; 13; 4; 4; 4; 3
9; 9H; >; 4; 12; 4; 20; 20; 3
9; 9H; >; 5; 3; 4; 27; 27; 3
9; 9H; >; 6; 1; 4; 31; 31; 3
9; 9H; >; 1; 21; 4; 9; 9; 4
9; 9H; >; 2; 24; 4; 14; 14; 4
9; 9H; >; 3; 13; 4; 19; 19; 4
9; 9H; >; 4; 12; 4; 35; 35; 4
9; 9H; >; 5; 3; 4; 42; 42; 4
9; 9H; >; 6; 1; 4; 46; 46; 4
9; 9R; <; 1; 1; 4; 53; 53; 1
9; 9R; <; 2; 3; 4; 57; 57; 1
9; 9R; <; 3; 12; 4; 4; 4; 1
9; 9R; <; 4; 13; 4; 20; 20; 1
9; 9R; <; 5; 24; 4; 25; 25; 1
9; 9R; <; 6; 21; 4; 30; 30; 1
9; 9R; <; 1; 1; 4; 8; 8; 2
9; 9R; <; 2; 3; 4; 12; 12; 2
9; 9R; <; 3; 12; 4; 19; 19; 2
9; 9R; <; 4; 13; 4; 35; 35; 2
9; 9R; <; 5; 24; 4; 40; 40; 2
9; 9R; <; 6; 21; 4; 45; 45; 2
9; 9R; <; 1; 1; 4; 23; 23; 3
9; 9R; <; 2; 3; 4; 27; 27; 3
9; 9R; <; 3; 12; 4; 34; 34; 3
9; 9R; <; 4; 13; 4; 50; 50; 3
9; 9R; <; 5; 24; 4; 55; 55; 3
9; 9R; <; 6; 21; 4; 0; 0; 3
9; 9R; <; 1; 1; 4; 38; 38; 4
9; 9R; <; 2; 3; 4; 42; 42; 4
9; 9R; <; 3; 12; 4; 49; 49; 4
9; 9R; <; 4; 13; 4; 5; 5; 4
9; 9R; <; 5; 24; 4; 10; 10; 4
9; 9R; <; 6; 21; 4; 15; 15; 4
10; 10H; >; 1; 20; 4; 35; 35; 1
10; 10H; >; 2; 21; 4; 41; 41; 1
10; 10H; >; 3; 22; 4; 46; 46; 1
10; 10H; >; 4; 23; 4; 51; 51; 1
10; 10H; >; 5; 24; 4; 56; 56; 1
10; 10H; >; 6; 13; 4; 1; 1; 1
10; 10H; >; 1; 20; 4; 50; 50; 2
10; 10H; >; 2; 21; 4; 56; 56; 2
10; 10H; >; 3; 22; 4; 1; 1; 2
10; 10H; >; 4; 23; 4; 6; 6; 2
10; 10H; >; 5; 24; 4; 11; 11; 2
10; 10H; >; 6; 13; 4; 16; 16; 2
10; 10H; >; 1; 20; 4; 5; 5; 3
10; 10H; >; 2; 21; 4; 11; 11; 3
10; 10H; >; 3; 22; 4; 16; 16; 3
10; 10H; >; 4; 23; 4; 21; 21; 3
10; 10H; >; 5; 24; 4; 26; 26; 3
10; 10H; >; 6; 13; 4; 31; 31; 3
10; 10H; >; 1; 20; 4; 20; 20; 4
10; 10H; >; 2; 21; 4; 26; 26; 4
10; 10H; >; 3; 22; 4; 31; 31; 4
10; 10H; >; 4; 23; 4; 36; 36; 4
10; 10H; >; 5; 24; 4; 41; 41; 4
10; 10H; >; 6; 13; 4; 46; 46; 4
10; 10R; <; 1; 13; 4; 46; 46; 1
10; 10R; <; 2; 24; 4; 51; 51; 1
10; 10R; <; 3; 23; 4; 56; 56; 1
10; 10R; <; 4; 22; 4; 1; 1; 1
10; 10R; <; 5; 21; 4; 6; 6; 1
10; 10R; <; 6; 20; 4; 12; 12; 1
10; 10R; <; 1; 13; 4; 1; 1; 2
10; 10R; <; 2; 24; 4; 6; 6; 2
10; 10R; <; 3; 23; 4; 11; 11; 2
10; 10R; <; 4; 22; 4; 16; 16; 2
10; 10R; <; 5; 21; 4; 21; 21; 2
10; 10R; <; 6; 20; 4; 27; 27; 2
10; 10R; <; 1; 13; 4; 16; 16; 3
10; 10R; <; 2; 24; 4; 21; 21; 3
10; 10R; <; 3; 23; 4; 26; 26; 3
10; 10R; <; 4; 22; 4; 31; 31; 3
10; 10R; <; 5; 21; 4; 36; 36; 3
10; 10R; <; 6; 20; 4; 42; 42; 3
10; 10R; <; 1; 13; 4; 31; 31; 4
10; 10R; <; 2; 24; 4; 36; 36; 4
10; 10R; <; 3; 23; 4; 41; 41; 4
10; 10R; <; 4; 22; 4; 46; 46; 4
10; 10R; <; 5; 21; 4; 51; 51; 4
10; 10R; <; 6; 20; 4; 57; 57; 4
11; 11H; >; 1; 19; 8; 21; 21; 1
11; 11H; >; 2; 17; 8; 25; 25; 1
11; 11H; >; 3; 16; 8; 29; 29; 1
11; 11H; >; 4; 10; 8; 35; 35; 1
11; 11H; >; 5; 11; 8; 40; 40; 1
11; 11H; >; 6; 14; 8; 48; 48; 1
11; 11H; >; 1; 19; 8; 28; 28; 2
11; 11H; >; 2; 17; 8; 32; 32; 2
11; 11H; >; 3; 16; 8; 36; 36; 2
11; 11H; >; 4; 10; 8; 42; 42; 2
11; 11H; >; 5; 11; 8; 47; 47; 2
11; 11H; >; 6; 14; 8; 55; 55; 2
11; 11H; >; 1; 19; 8; 36; 36; 3
11; 11H; >; 2; 17; 8; 40; 40; 3
11; 11H; >; 3; 16; 8; 44; 44; 3
11; 11H; >; 4; 10; 8; 50; 50; 3
11; 11H; >; 5; 11; 8; 55; 55; 3
11; 11H; >; 6; 14; 8; 3; 3; 3
11; 11H; >; 1; 19; 8; 43; 43; 4
11; 11H; >; 2; 17; 8; 47; 47; 4
11; 11H; >; 3; 16; 8; 51; 51; 4
11; 11H; >; 4; 10; 8; 57; 57; 4
11; 11H; >; 5; 11; 8; 2; 2; 4
11; 11H; >; 6; 14; 8; 10; 10; 4
11; 11H; >; 1; 19; 8; 51; 51; 5
11; 11H; >; 2; 17; 8; 55; 55; 5
11; 11H; >; 3; 16; 8; 59; 59; 5
11; 11H; >; 4; 10; 8; 5; 5; 5
11; 11H; >; 5; 11; 8; 10; 10; 5
11; 11H; >; 6; 14; 8; 18; 18; 5
11; 11H; >; 1; 19; 8; 58; 58; 6
11; 11H; >; 2; 17; 8; 2; 2; 6
11; 11H; >; 3; 16; 8; 6; 6; 6
11; 11H; >; 4; 10; 8; 12; 12; 6
11; 11H; >; 5; 11; 8; 17; 17; 6
11; 11H; >; 6; 14; 8; 25; 25; 6
11; 11H; >; 1; 19; 8; 6; 6; 7
11; 11H; >; 2; 17; 8; 10; 10; 7
11; 11H; >; 3; 16; 8; 14; 14; 7
11; 11H; >; 4; 10; 8; 20; 20; 7
11; 11H; >; 5; 11; 8; 25; 25; 7
11; 11H; >; 6; 14; 8; 33; 33; 7
11; 11H; >; 1; 19; 8; 13; 13; 8
11; 11H; >; 2; 17; 8; 17; 17; 8
11; 11H; >; 3; 16; 8; 21; 21; 8
11; 11H; >; 4; 10; 8; 27; 27; 8
11; 11H; >; 5; 11; 8; 32; 32; 8
11; 11H; >; 6; 14; 8; 40; 40; 8
11; 11R; <; 1; 14; 8; 20; 20; 1
11; 11R; <; 2; 11; 8; 28; 28; 1
11; 11R; <; 3; 10; 8; 33; 33; 1
11; 11R; <; 4; 16; 8; 39; 39; 1
11; 11R; <; 5; 17; 8; 43; 43; 1
11; 11R; <; 6; 19; 8; 47; 47; 1
11; 11R; <; 1; 14; 8; 27; 27; 2
11; 11R; <; 2; 11; 8; 35; 35; 2
11; 11R; <; 3; 10; 8; 40; 40; 2
11; 11R; <; 4; 16; 8; 46; 46; 2
11; 11R; <; 5; 17; 8; 50; 50; 2
11; 11R; <; 6; 19; 8; 54; 54; 2
11; 11R; <; 1; 14; 8; 35; 35; 3
11; 11R; <; 2; 11; 8; 43; 43; 3
11; 11R; <; 3; 10; 8; 48; 48; 3
11; 11R; <; 4; 16; 8; 54; 54; 3
11; 11R; <; 5; 17; 8; 58; 58; 3
11; 11R; <; 6; 19; 8; 2; 2; 3
11; 11R; <; 1; 14; 8; 42; 42; 4
11; 11R; <; 2; 11; 8; 50; 50; 4
11; 11R; <; 3; 10; 8; 55; 55; 4
11; 11R; <; 4; 16; 8; 1; 1; 4
11; 11R; <; 5; 17; 8; 5; 5; 4
11; 11R; <; 6; 19; 8; 9; 9; 4
11; 11R; <; 1; 14; 8; 50; 50; 5
11; 11R; <; 2; 11; 8; 58; 58; 5
11; 11R; <; 3; 10; 8; 3; 3; 5
11; 11R; <; 4; 16; 8; 9; 9; 5
11; 11R; <; 5; 17; 8; 13; 13; 5
11; 11R; <; 6; 19; 8; 17; 17; 5
11; 11R; <; 1; 14; 8; 57; 57; 6
11; 11R; <; 2; 11; 8; 5; 5; 6
11; 11R; <; 3; 10; 8; 10; 10; 6
11; 11R; <; 4; 16; 8; 16; 16; 6
11; 11R; <; 5; 17; 8; 20; 20; 6
11; 11R; <; 6; 19; 8; 24; 24; 6
11; 11R; <; 1; 14; 8; 5; 5; 7
11; 11R; <; 2; 11; 8; 13; 13; 7
11; 11R; <; 3; 10; 8; 18; 18; 7
11; 11R; <; 4; 16; 8; 24; 24; 7
11; 11R; <; 5; 17; 8; 28; 28; 7
11; 11R; <; 6; 19; 8; 32; 32; 7
11; 11R; <; 1; 14; 8; 12; 12; 8
11; 11R; <; 2; 11; 8; 20; 20; 8
11; 11R; <; 3; 10; 8; 25; 25; 8
11; 11R; <; 4; 16; 8; 31; 31; 8
11; 11R; <; 5; 17; 8; 35; 35; 8
11; 11R; <; 6; 19; 8; 39; 39; 8
12; 12H; >; 1; 19; 8; 45; 45; 1
12; 12H; >; 2; 17; 8; 49; 49; 1
12; 12H; >; 3; 16; 8; 53; 53; 1
12; 12H; >; 4; 10; 8; 59; 59; 1
12; 12H; >; 5; 11; 8; 4; 4; 1
12; 12H; >; 6; 12; 8; 9; 9; 1
12; 12H; >; 1; 19; 8; 52; 52; 2
12; 12H; >; 2; 17; 8; 56; 56; 2
12; 12H; >; 3; 16; 8; 0; 0; 2
12; 12H; >; 4; 10; 8; 6; 6; 2
12; 12H; >; 5; 11; 8; 11; 11; 2
12; 12H; >; 6; 12; 8; 16; 16; 2
12; 12H; >; 1; 19; 8; 0; 0; 3
12; 12H; >; 2; 17; 8; 4; 4; 3
12; 12H; >; 3; 16; 8; 8; 8; 3
12; 12H; >; 4; 10; 8; 14; 14; 3
12; 12H; >; 5; 11; 8; 19; 19; 3
12; 12H; >; 6; 12; 8; 24; 24; 3
12; 12H; >; 1; 19; 8; 7; 7; 4
12; 12H; >; 2; 17; 8; 11; 11; 4
12; 12H; >; 3; 16; 8; 15; 15; 4
12; 12H; >; 4; 10; 8; 21; 21; 4
12; 12H; >; 5; 11; 8; 26; 26; 4
12; 12H; >; 6; 12; 8; 31; 31; 4
12; 12H; >; 1; 19; 8; 15; 15; 5
12; 12H; >; 2; 17; 8; 19; 19; 5
12; 12H; >; 3; 16; 8; 23; 23; 5
12; 12H; >; 4; 10; 8; 29; 29; 5
12; 12H; >; 5; 11; 8; 34; 34; 5
12; 12H; >; 6; 12; 8; 39; 39; 5
12; 12H; >; 1; 19; 8; 22; 22; 6
12; 12H; >; 2; 17; 8; 26; 26; 6
12; 12H; >; 3; 16; 8; 30; 30; 6
12; 12H; >; 4; 10; 8; 36; 36; 6
12; 12H; >; 5; 11; 8; 41; 41; 6
12; 12H; >; 6; 12; 8; 46; 46; 6
12; 12H; >; 1; 19; 8; 30; 30; 7
12; 12H; >; 2; 17; 8; 34; 34; 7
12; 12H; >; 3; 16; 8; 38; 38; 7
12; 12H; >; 4; 10; 8; 44; 44; 7
12; 12H; >; 5; 11; 8; 49; 49; 7
12; 12H; >; 6; 12; 8; 54; 54; 7
12; 12H; >; 1; 19; 8; 37; 37; 8
12; 12H; >; 2; 17; 8; 41; 41; 8
12; 12H; >; 3; 16; 8; 45; 45; 8
12; 12H; >; 4; 10; 8; 51; 51; 8
12; 12H; >; 5; 11; 8; 56; 56; 8
12; 12H; >; 6; 12; 8; 1; 1; 8
12; 12R; <; 1; 12; 8; 32; 32; 1
12; 12R; <; 2; 11; 8; 37; 37; 1
12; 12R; <; 3; 10; 8; 42; 42; 1
12; 12R; <; 4; 16; 8; 48; 48; 1
12; 12R; <; 5; 17; 8; 52; 52; 1
12; 12R; <; 6; 19; 8; 56; 56; 1
12; 12R; <; 1; 12; 8; 39; 39; 2
12; 12R; <; 2; 11; 8; 44; 44; 2
12; 12R; <; 3; 10; 8; 49; 49; 2
12; 12R; <; 4; 16; 8; 55; 55; 2
12; 12R; <; 5; 17; 8; 59; 59; 2
12; 12R; <; 6; 19; 8; 3; 3; 2
12; 12R; <; 1; 12; 8; 47; 47; 3
12; 12R; <; 2; 11; 8; 52; 52; 3
12; 12R; <; 3; 10; 8; 57; 57; 3
12; 12R; <; 4; 16; 8; 3; 3; 3
12; 12R; <; 5; 17; 8; 7; 7; 3
12; 12R; <; 6; 19; 8; 11; 11; 3
12; 12R; <; 1; 12; 8; 54; 54; 4
12; 12R; <; 2; 11; 8; 59; 59; 4
12; 12R; <; 3; 10; 8; 4; 4; 4
12; 12R; <; 4; 16; 8; 10; 10; 4
12; 12R; <; 5; 17; 8; 14; 14; 4
12; 12R; <; 6; 19; 8; 18; 18; 4
12; 12R; <; 1; 12; 8; 2; 2; 5
12; 12R; <; 2; 11; 8; 7; 7; 5
12; 12R; <; 3; 10; 8; 12; 12; 5
12; 12R; <; 4; 16; 8; 18; 18; 5
12; 12R; <; 5; 17; 8; 22; 22; 5
12; 12R; <; 6; 19; 8; 26; 26; 5
12; 12R; <; 1; 12; 8; 9; 9; 6
12; 12R; <; 2; 11; 8; 14; 14; 6
12; 12R; <; 3; 10; 8; 19; 19; 6
12; 12R; <; 4; 16; 8; 25; 25; 6
12; 12R; <; 5; 17; 8; 29; 29; 6
12; 12R; <; 6; 19; 8; 33; 33; 6
12; 12R; <; 1; 12; 8; 17; 17; 7
12; 12R; <; 2; 11; 8; 22; 22; 7
12; 12R; <; 3; 10; 8; 27; 27; 7
12; 12R; <; 4; 16; 8; 33; 33; 7
12; 12R; <; 5; 17; 8; 37; 37; 7
12; 12R; <; 6; 19; 8; 41; 41; 7
12; 12R; <; 1; 12; 8; 24; 24; 8
12; 12R; <; 2; 11; 8; 29; 29; 8
12; 12R; <; 3; 10; 8; 34; 34; 8
12; 12R; <; 4; 16; 8; 40; 40; 8
12; 12R; <; 5; 17; 8; 44; 44; 8
12; 12R; <; 6; 19; 8; 48; 48; 8
13; 13H; >; 1; 19; 6; 0; 0; 1
13; 13H; >; 2; 17; 6; 4; 4; 1
13; 13H; >; 3; 16; 6; 8; 8; 1
13; 13H; >; 4; 10; 6; 14; 14; 1
13; 13H; >; 5; 9; 6; 18; 18; 1
13; 13H; >; 6; 5; 6; 22; 22; 1
13; 13H; >; 1; 19; 6; 10; 10; 2
13; 13H; >; 2; 17; 6; 14; 14; 2
13; 13H; >; 3; 16; 6; 18; 18; 2
13; 13H; >; 4; 10; 6; 24; 24; 2
13; 13H; >; 5; 9; 6; 28; 28; 2
13; 13H; >; 6; 5; 6; 32; 32; 2
13; 13H; >; 1; 19; 6; 20; 20; 3
13; 13H; >; 2; 17; 6; 24; 24; 3
13; 13H; >; 3; 16; 6; 28; 28; 3
13; 13H; >; 4; 10; 6; 34; 34; 3
13; 13H; >; 5; 9; 6; 38; 38; 3
13; 13H; >; 6; 5; 6; 42; 42; 3
13; 13H; >; 1; 19; 6; 30; 30; 4
13; 13H; >; 2; 17; 6; 34; 34; 4
13; 13H; >; 3; 16; 6; 38; 38; 4
13; 13H; >; 4; 10; 6; 44; 44; 4
13; 13H; >; 5; 9; 6; 48; 48; 4
13; 13H; >; 6; 5; 6; 52; 52; 4
13; 13H; >; 1; 19; 6; 40; 40; 5
13; 13H; >; 2; 17; 6; 44; 44; 5
13; 13H; >; 3; 16; 6; 48; 48; 5
13; 13H; >; 4; 10; 6; 54; 54; 5
13; 13H; >; 5; 9; 6; 58; 58; 5
13; 13H; >; 6; 5; 6; 2; 2; 5
13; 13H; >; 1; 19; 6; 50; 50; 6
13; 13H; >; 2; 17; 6; 54; 54; 6
13; 13H; >; 3; 16; 6; 58; 58; 6
13; 13H; >; 4; 10; 6; 4; 4; 6
13; 13H; >; 5; 9; 6; 8; 8; 6
13; 13H; >; 6; 5; 6; 12; 12; 6
13; 13R; <; 1; 5; 6; 0; 0; 1
13; 13R; <; 2; 9; 6; 4; 4; 1
13; 13R; <; 3; 10; 6; 8; 8; 1
13; 13R; <; 4; 16; 6; 14; 14; 1
13; 13R; <; 5; 17; 6; 18; 18; 1
13; 13R; <; 6; 19; 6; 22; 22; 1
13; 13R; <; 1; 5; 6; 10; 10; 2
13; 13R; <; 2; 9; 6; 14; 14; 2
13; 13R; <; 3; 10; 6; 18; 18; 2
13; 13R; <; 4; 16; 6; 24; 24; 2
13; 13R; <; 5; 17; 6; 28; 28; 2
13; 13R; <; 6; 19; 6; 32; 32; 2
13; 13R; <; 1; 5; 6; 20; 20; 3
13; 13R; <; 2; 9; 6; 24; 24; 3
13; 13R; <; 3; 10; 6; 28; 28; 3
13; 13R; <; 4; 16; 6; 34; 34; 3
13; 13R; <; 5; 17; 6; 38; 38; 3
13; 13R; <; 6; 19; 6; 42; 42; 3
13; 13R; <; 1; 5; 6; 30; 30; 4
13; 13R; <; 2; 9; 6; 34; 34; 4
13; 13R; <; 3; 10; 6; 38; 38; 4
13; 13R; <; 4; 16; 6; 44; 44; 4
13; 13R; <; 5; 17; 6; 48; 48; 4
13; 13R; <; 6; 19; 6; 52; 52; 4
13; 13R; <; 1; 5; 6; 40; 40; 5
13; 13R; <; 2; 9; 6; 44; 44; 5
13; 13R; <; 3; 10; 6; 48; 48; 5
13; 13R; <; 4; 16; 6; 54; 54; 5
13; 13R; <; 5; 17; 6; 58; 58; 5
13; 13R; <; 6; 19; 6; 2; 2; 5
13; 13R; <; 1; 5; 6; 50; 50; 6
13; 13R; <; 2; 9; 6; 54; 54; 6
13; 13R; <; 3; 10; 6; 58; 58; 6
13; 13R; <; 4; 16; 6; 4; 4; 6
13; 13R; <; 5; 17; 6; 8; 8; 6
13; 13R; <; 6; 19; 6; 12; 12; 6
14; 14H; >; 1; 19; 1; 0; 0; 1
14; 14H; >; 2; 17; 1; 4; 4; 1
14; 14H; >; 3; 16; 1; 8; 8; 1
14; 14H; >; 4; 8; 1; 12; 12; 1
14; 14H; >; 5; 7; 1; 18; 18; 1
14; 14H; >; 6; 18; 1; 22; 22; 1
14; 14R; <; 1; 18; 1; 0; 0; 1
14; 14R; <; 2; 7; 1; 4; 4; 1
14; 14R; <; 3; 8; 1; 10; 10; 1
14; 14R; <; 4; 16; 1; 14; 14; 1
14; 14R; <; 5; 17; 1; 18; 18; 1
14; 14R; <; 6; 19; 1; 22; 22; 1
15; 15H; >; 1; 19; 4; 33; 33; 1
15; 15H; >; 2; 17; 4; 37; 37; 1
15; 15H; >; 3; 16; 4; 41; 41; 1
15; 15H; >; 4; 8; 4; 45; 45; 1
15; 15H; >; 5; 6; 4; 49; 49; 1
15; 15H; >; 6; 2; 4; 53; 53; 1
15; 15H; >; 1; 19; 4; 48; 48; 2
15; 15H; >; 2; 17; 4; 52; 52; 2
15; 15H; >; 3; 16; 4; 56; 56; 2
15; 15H; >; 4; 8; 4; 0; 0; 2
15; 15H; >; 5; 6; 4; 4; 4; 2
15; 15H; >; 6; 2; 4; 8; 8; 2
15; 15H; >; 1; 19; 4; 3; 3; 3
15; 15H; >; 2; 17; 4; 7; 7; 3
15; 15H; >; 3; 16; 4; 11; 11; 3
15; 15H; >; 4; 8; 4; 15; 15; 3
15; 15H; >; 5; 6; 4; 19; 19; 3
15; 15H; >; 6; 2; 4; 23; 23; 3
15; 15H; >; 1; 19; 4; 18; 18; 4
15; 15H; >; 2; 17; 4; 22; 22; 4
15; 15H; >; 3; 16; 4; 26; 26; 4
15; 15H; >; 4; 8; 4; 30; 30; 4
15; 15H; >; 5; 6; 4; 34; 34; 4
15; 15H; >; 6; 2; 4; 38; 38; 4
15; 15R; <; 1; 2; 4; 27; 27; 1
15; 15R; <; 2; 6; 4; 31; 31; 1
15; 15R; <; 3; 8; 4; 35; 35; 1
15; 15R; <; 4; 16; 4; 39; 39; 1
15; 15R; <; 5; 17; 4; 43; 43; 1
15; 15R; <; 6; 19; 4; 47; 47; 1
15; 15R; <; 1; 2; 4; 42; 42; 2
15; 15R; <; 2; 6; 4; 46; 46; 2
15; 15R; <; 3; 8; 4; 50; 50; 2
15; 15R; <; 4; 16; 4; 54; 54; 2
15; 15R; <; 5; 17; 4; 58; 58; 2
15; 15R; <; 6; 19; 4; 2; 2; 2
15; 15R; <; 1; 2; 4; 57; 57; 3
15; 15R; <; 2; 6; 4; 1; 1; 3
15; 15R; <; 3; 8; 4; 5; 5; 3
15; 15R; <; 4; 16; 4; 9; 9; 3
15; 15R; <; 5; 17; 4; 13; 13; 3
15; 15R; <; 6; 19; 4; 17; 17; 3
15; 15R; <; 1; 2; 4; 12; 12; 4
15; 15R; <; 2; 6; 4; 16; 16; 4
15; 15R; <; 3; 8; 4; 20; 20; 4
15; 15R; <; 4; 16; 4; 24; 24; 4
15; 15R; <; 5; 17; 4; 28; 28; 4
15; 15R; <; 6; 19; 4; 32; 32; 4
16; 16H; >; 1; 23; 6; 54; 54; 1
16; 16H; >; 2; 14; 6; 58; 58; 1
16; 16H; >; 3; 11; 6; 6; 6; 1
16; 16H; >; 4; 4; 6; 13; 13; 1
16; 16H; >; 5; 3; 6; 18; 18; 1
16; 16H; >; 6; 1; 6; 22; 22; 1
16; 16H; >; 1; 23; 6; 4; 4; 2
16; 16H; >; 2; 14; 6; 8; 8; 2
16; 16H; >; 3; 11; 6; 16; 16; 2
16; 16H; >; 4; 4; 6; 23; 23; 2
16; 16H; >; 5; 3; 6; 28; 28; 2
16; 16H; >; 6; 1; 6; 32; 32; 2
16; 16H; >; 1; 23; 6; 14; 14; 3
16; 16H; >; 2; 14; 6; 18; 18; 3
16; 16H; >; 3; 11; 6; 26; 26; 3
16; 16H; >; 4; 4; 6; 33; 33; 3
16; 16H; >; 5; 3; 6; 38; 38; 3
16; 16H; >; 6; 1; 6; 42; 42; 3
16; 16H; >; 1; 23; 6; 24; 24; 4
16; 16H; >; 2; 14; 6; 28; 28; 4
16; 16H; >; 3; 11; 6; 36; 36; 4
16; 16H; >; 4; 4; 6; 43; 43; 4
16; 16H; >; 5; 3; 6; 48; 48; 4
16; 16H; >; 6; 1; 6; 52; 52; 4
16; 16H; >; 1; 23; 6; 34; 34; 5
16; 16H; >; 2; 14; 6; 38; 38; 5
16; 16H; >; 3; 11; 6; 46; 46; 5
16; 16H; >; 4; 4; 6; 53; 53; 5
16; 16H; >; 5; 3; 6; 58; 58; 5
16; 16H; >; 6; 1; 6; 2; 2; 5
16; 16H; >; 1; 23; 6; 44; 44; 6
16; 16H; >; 2; 14; 6; 48; 48; 6
16; 16H; >; 3; 11; 6; 56; 56; 6
16; 16H; >; 4; 4; 6; 3; 3; 6
16; 16H; >; 5; 3; 6; 8; 8; 6
16; 16H; >; 6; 1; 6; 12; 12; 6
16; 16R; <; 1; 1; 6; 29; 29; 1
16; 16R; <; 2; 3; 6; 33; 33; 1
16; 16R; <; 3; 4; 6; 38; 38; 1
16; 16R; <; 4; 11; 6; 45; 45; 1
16; 16R; <; 5; 14; 6; 53; 53; 1
16; 16R; <; 6; 23; 6; 57; 57; 1
16; 16R; <; 1; 1; 6; 39; 39; 2
16; 16R; <; 2; 3; 6; 43; 43; 2
16; 16R; <; 3; 4; 6; 48; 48; 2
16; 16R; <; 4; 11; 6; 55; 55; 2
16; 16R; <; 5; 14; 6; 3; 3; 2
16; 16R; <; 6; 23; 6; 7; 7; 2
16; 16R; <; 1; 1; 6; 49; 49; 3
16; 16R; <; 2; 3; 6; 53; 53; 3
16; 16R; <; 3; 4; 6; 58; 58; 3
16; 16R; <; 4; 11; 6; 5; 5; 3
16; 16R; <; 5; 14; 6; 13; 13; 3
16; 16R; <; 6; 23; 6; 17; 17; 3
16; 16R; <; 1; 1; 6; 59; 59; 4
16; 16R; <; 2; 3; 6; 3; 3; 4
16; 16R; <; 3; 4; 6; 8; 8; 4
16; 16R; <; 4; 11; 6; 15; 15; 4
16; 16R; <; 5; 14; 6; 23; 23; 4
16; 16R; <; 6; 23; 6; 27; 27; 4
16; 16R; <; 1; 1; 6; 9; 9; 5
16; 16R; <; 2; 3; 6; 13; 13; 5
16; 16R; <; 3; 4; 6; 18; 18; 5
16; 16R; <; 4; 11; 6; 25; 25; 5
16; 16R; <; 5; 14; 6; 33; 33; 5
16; 16R; <; 6; 23; 6; 37; 37; 5
16; 16R; <; 1; 1; 6; 19; 19; 6
16; 16R; <; 2; 3; 6; 23; 23; 6
16; 16R; <; 3; 4; 6; 28; 28; 6
16; 16R; <; 4; 11; 6; 35; 35; 6
16; 16R; <; 5; 14; 6; 43; 43; 6
16; 16R; <; 6; 23; 6; 47; 47; 6
17; 17H; >; 1; 12; 2; 0; 0; 1
17; 17H; >; 2; 11; 2; 5; 5; 1
17; 17H; >; 3; 10; 2; 10; 10; 1
17; 17H; >; 4; 16; 2; 16; 16; 1
17; 17H; >; 5; 18; 2; 22; 22; 1
17; 17H; >; 6; 7; 2; 26; 26; 1
17; 17H; >; 1; 12; 2; 30; 30; 2
17; 17H; >; 2; 11; 2; 35; 35; 2
17; 17H; >; 3; 10; 2; 40; 40; 2
17; 17H; >; 4; 16; 2; 46; 46; 2
17; 17H; >; 5; 18; 2; 52; 52; 2
17; 17H; >; 6; 7; 2; 56; 56; 2
17; 17R; <; 1; 7; 2; 0; 0; 1
17; 17R; <; 2; 18; 2; 4; 4; 1
17; 17R; <; 3; 16; 2; 10; 10; 1
17; 17R; <; 4; 10; 2; 16; 16; 1
17; 17R; <; 5; 11; 2; 21; 21; 1
17; 17R; <; 6; 12; 2; 26; 26; 1
17; 17R; <; 1; 7; 2; 30; 30; 2
17; 17R; <; 2; 18; 2; 34; 34; 2
17; 17R; <; 3; 16; 2; 40; 40; 2
17; 17R; <; 4; 10; 2; 46; 46; 2
17; 17R; <; 5; 11; 2; 51; 51; 2
17; 17R; <; 6; 12; 2; 56; 56; 2
18; 18H; >; 1; 17; 1; 0; 0; 1
18; 18H; >; 2; 10; 1; 7; 7; 1
18; 18H; >; 3; 9; 1; 11; 11; 1
18; 18H; >; 4; 5; 1; 15; 15; 1
18; 18H; >; 5; 6; 1; 21; 21; 1
18; 18H; >; 6; 2; 1; 25; 25; 1
18; 18R; <; 1; 2; 1; 0; 0; 1
18; 18R; <; 2; 6; 1; 4; 4; 1
18; 18R; <; 3; 5; 1; 10; 10; 1
18; 18R; <; 4; 9; 1; 14; 14; 1
18; 18R; <; 5; 10; 1; 18; 18; 1
18; 18R; <; 6; 17; 1; 25; 25; 1
20; 20H; >; 1; 2; 1; 0; 0; 1
20; 20H; >; 2; 6; 1; 4; 4; 1
20; 20H; >; 3; 5; 1; 10; 10; 1
20; 20H; >; 4; 4; 1; 15; 15; 1
20; 20H; >; 5; 3; 1; 20; 20; 1
20; 20H; >; 6; 1; 1; 24; 24; 1
20; 20R; <; 1; 1; 1; 0; 0; 1
20; 20R; <; 2; 3; 1; 4; 4; 1
20; 20R; <; 3; 4; 1; 9; 9; 1
20; 20R; <; 4; 5; 1; 14; 14; 1
20; 20R; <; 5; 6; 1; 20; 20; 1
20; 20R; <; 6; 2; 1; 24; 24; 1
21; 21H; >; 1; 23; 1; 0; 0; 1
21; 21H; >; 2; 14; 1; 4; 4; 1
21; 21H; >; 3; 15; 1; 9; 9; 1
21; 21H; >; 4; 19; 1; 15; 15; 1
21; 21H; >; 5; 20; 1; 23; 23; 1
21; 21R; <; 1; 20; 1; 0; 0; 1
21; 21R; <; 2; 19; 1; 8; 8; 1
21; 21R; <; 3; 15; 1; 14; 14; 1
21; 21R; <; 4; 14; 1; 19; 19; 1
21; 21R; <; 5; 23; 1; 23; 23; 1
22; 22H; >; 1; 14; 1; 0; 0; 1
22; 22H; >; 2; 11; 1; 8; 8; 1
22; 22H; >; 3; 10; 1; 13; 13; 1
22; 22H; >; 4; 9; 1; 17; 17; 1
22; 22H; >; 5; 5; 1; 21; 21; 1
22; 22R; <; 1; 5; 1; 0; 0; 1
22; 22R; <; 2; 9; 1; 4; 4; 1
22; 22R; <; 3; 10; 1; 8; 8; 1
22; 22R; <; 4; 11; 1; 13; 13; 1
22; 22R; <; 5; 14; 1; 21; 21; 1
23; 23H; >; 1; 14; 1; 0; 0; 1
23; 23H; >; 2; 11; 1; 8; 8; 1
23; 23H; >; 3; 4; 1; 15; 15; 1
23; 23H; >; 4; 3; 1; 20; 20; 1
23; 23H; >; 5; 1; 1; 24; 24; 1
23; 23R; <; 1; 1; 1; 0; 0; 1
23; 23R; <; 2; 3; 1; 4; 4; 1
23; 23R; <; 3; 4; 1; 9; 9; 1
23; 23R; <; 4; 11; 1; 16; 16; 1
23; 23R; <; 5; 14; 1; 24; 24; 1
24; 24H; >; 1; 12; 1; 0; 0; 1
24; 24H; >; 2; 11; 1; 5; 5; 1
24; 24H; >; 3; 10; 1; 10; 10; 1
24; 24H; >; 4; 9; 1; 14; 14; 1
24; 24H; >; 5; 5; 1; 18; 18; 1
24; 24R; <; 1; 5; 1; 0; 0; 1
24; 24R; <; 2; 9; 1; 4; 4; 1
24; 24R; <; 3; 10; 1; 8; 8; 1
24; 24R; <; 4; 11; 1; 13; 13; 1
24; 24R; <; 5; 12; 1; 18; 18; 1
25; 25H; >; 1; 12; 3; 0; 0; 1
25; 25H; >; 2; 11; 3; 5; 5; 1
25; 25H; >; 3; 4; 3; 12; 12; 1
25; 25H; >; 4; 3; 3; 17; 17; 1
25; 25H; >; 5; 1; 3; 21; 21; 1
25; 25H; >; 1; 12; 3; 20; 20; 2
25; 25H; >; 2; 11; 3; 25; 25; 2
25; 25H; >; 3; 4; 3; 32; 32; 2
25; 25H; >; 4; 3; 3; 37; 37; 2
25; 25H; >; 5; 1; 3; 41; 41; 2
25; 25H; >; 1; 12; 3; 40; 40; 3
25; 25H; >; 2; 11; 3; 45; 45; 3
25; 25H; >; 3; 4; 3; 52; 52; 3
25; 25H; >; 4; 3; 3; 57; 57; 3
25; 25H; >; 5; 1; 3; 1; 1; 3
25; 25R; <; 1; 1; 3; 0; 0; 1
25; 25R; <; 2; 3; 3; 4; 4; 1
25; 25R; <; 3; 4; 3; 9; 9; 1
25; 25R; <; 4; 11; 3; 16; 16; 1
25; 25R; <; 5; 12; 3; 21; 21; 1
25; 25R; <; 1; 1; 3; 20; 20; 2
25; 25R; <; 2; 3; 3; 24; 24; 2
25; 25R; <; 3; 4; 3; 29; 29; 2
25; 25R; <; 4; 11; 3; 36; 36; 2
25; 25R; <; 5; 12; 3; 41; 41; 2
25; 25R; <; 1; 1; 3; 40; 40; 3
25; 25R; <; 2; 3; 3; 44; 44; 3
25; 25R; <; 3; 4; 3; 49; 49; 3
25; 25R; <; 4; 11; 3; 56; 56; 3
25; 25R; <; 5; 12; 3; 1; 1; 3
26; 26H; >; 1; 18; 1; 0; 0; 1
26; 26H; >; 2; 7; 1; 4; 4; 1
26; 26H; >; 3; 8; 1; 10; 10; 1
26; 26H; >; 4; 6; 1; 14; 14; 1
26; 26H; >; 5; 2; 1; 18; 18; 1
26; 26R; <; 1; 2; 1; 0; 0; 1
26; 26R; <; 2; 6; 1; 4; 4; 1
26; 26R; <; 3; 8; 1; 8; 8; 1
26; 26R; <; 4; 7; 1; 14; 14; 1
26; 26R; <; 5; 18; 1; 18; 18; 1
27; 27H; >; 1; 20; 2; 0; 0; 1
27; 27H; >; 2; 22; 2; 8; 8; 1
27; 27H; >; 3; 23; 2; 13; 13; 1
27; 27H; >; 4; 14; 2; 17; 17; 1
27; 27H; >; 1; 20; 2; 30; 30; 2
27; 27H; >; 2; 22; 2; 38; 38; 2
27; 27H; >; 3; 23; 2; 43; 43; 2
27; 27H; >; 4; 14; 2; 47; 47; 2
27; 27R; <; 1; 14; 2; 0; 0; 1
27; 27R; <; 2; 23; 2; 4; 4; 1
27; 27R; <; 3; 22; 2; 9; 9; 1
27; 27R; <; 4; 20; 2; 17; 17; 1
27; 27R; <; 1; 14; 2; 30; 30; 2
27; 27R; <; 2; 23; 2; 34; 34; 2
27; 27R; <; 3; 22; 2; 39; 39; 2
27; 27R; <; 4; 20; 2; 47; 47; 2
28; 28H; >; 1; 22; 1; 0; 0; 1
28; 28H; >; 2; 15; 1; 4; 4; 1
28; 28H; >; 3; 19; 1; 10; 10; 1
28; 28H; >; 4; 20; 1; 18; 18; 1
28; 28R; <; 1; 20; 1; 0; 0; 1
28; 28R; <; 2; 19; 1; 8; 8; 1
28; 28R; <; 3; 15; 1; 14; 14; 1
28; 28R; <; 4; 22; 1; 18; 18; 1
29; 29H; >; 1; 14; 2; 0; 0; 1
29; 29H; >; 2; 23; 2; 4; 4; 1
29; 29H; >; 3; 24; 2; 9; 9; 1
29; 29H; >; 4; 13; 2; 14; 14; 1
29; 29H; >; 1; 14; 2; 30; 30; 2
29; 29H; >; 2; 23; 2; 34; 34; 2
29; 29H; >; 3; 24; 2; 39; 39; 2
29; 29H; >; 4; 13; 2; 44; 44; 2
29; 29R; <; 1; 13; 2; 0; 0; 1
29; 29R; <; 2; 24; 2; 5; 5; 1
29; 29R; <; 3; 23; 2; 10; 10; 1
29; 29R; <; 4; 14; 2; 14; 14; 1
29; 29R; <; 1; 13; 2; 30; 30; 2
29; 29R; <; 2; 24; 2; 35; 35; 2
29; 29R; <; 3; 23; 2; 40; 40; 2
29; 29R; <; 4; 14; 2; 44; 44; 2
30; 30H; >; 1; 23; 2; 0; 0; 1
30; 30H; >; 2; 14; 2; 4; 4; 1
30; 30H; >; 3; 15; 2; 9; 9; 1
30; 30H; >; 4; 22; 2; 13; 13; 1
30; 30H; >; 1; 23; 2; 30; 30; 2
30; 30H; >; 2; 14; 2; 34; 34; 2
30; 30H; >; 3; 15; 2; 39; 39; 2
30; 30H; >; 4; 22; 2; 43; 43; 2
30; 30R; <; 1; 22; 2; 0; 0; 1
30; 30R; <; 2; 15; 2; 4; 4; 1
30; 30R; <; 3; 14; 2; 9; 9; 1
30; 30R; <; 4; 23; 2; 13; 13; 1
30; 30R; <; 1; 22; 2; 30; 30; 2
30; 30R; <; 2; 15; 2; 34; 34; 2
30; 30R; <; 3; 14; 2; 39; 39; 2
30; 30R; <; 4; 23; 2; 43; 43; 2
31; 31H; >; 1; 16; 4; 0; 0; 1
31; 31H; >; 2; 8; 4; 4; 4; 1
31; 31H; >; 3; 6; 4; 8; 8; 1
31; 31H; >; 4; 2; 4; 12; 12; 1
31; 31H; >; 1; 16; 4; 15; 15; 2
31; 31H; >; 2; 8; 4; 19; 19; 2
31; 31H; >; 3; 6; 4; 23; 23; 2
31; 31H; >; 4; 2; 4; 27; 27; 2
31; 31H; >; 1; 16; 4; 30; 30; 3
31; 31H; >; 2; 8; 4; 34; 34; 3
31; 31H; >; 3; 6; 4; 38; 38; 3
31; 31H; >; 4; 2; 4; 42; 42; 3
31; 31H; >; 1; 16; 4; 45; 45; 4
31; 31H; >; 2; 8; 4; 49; 49; 4
31; 31H; >; 3; 6; 4; 53; 53; 4
31; 31H; >; 4; 2; 4; 57; 57; 4
31; 31R; <; 1; 2; 4; 0; 0; 1
31; 31R; <; 2; 6; 4; 4; 4; 1
31; 31R; <; 3; 8; 4; 8; 8; 1
31; 31R; <; 4; 16; 4; 12; 12; 1
31; 31R; <; 1; 2; 4; 15; 15; 2
31; 31R; <; 2; 6; 4; 19; 19; 2
31; 31R; <; 3; 8; 4; 23; 23; 2
31; 31R; <; 4; 16; 4; 27; 27; 2
31; 31R; <; 1; 2; 4; 30; 30; 3
31; 31R; <; 2; 6; 4; 34; 34; 3
31; 31R; <; 3; 8; 4; 38; 38; 3
31; 31R; <; 4; 16; 4; 42; 42; 3
31; 31R; <; 1; 2; 4; 45; 45; 4
31; 31R; <; 2; 6; 4; 49; 49; 4
31; 31R; <; 3; 8; 4; 53; 53; 4
31; 31R; <; 4; 16; 4; 57; 57; 4
38; 38H; >; 1; 14; 1; 0; 0; 1
38; 38H; >; 2; 15; 1; 5; 5; 1
38; 38H; >; 3; 22; 1; 9; 9; 1
38; 38R; <; 1; 22; 1; 0; 0; 1
38; 38R; <; 2; 15; 1; 4; 4; 1
38; 38R; <; 3; 14; 1; 9; 9; 1
39; 39H; >; 1; 14; 1; 0; 0; 1
39; 39H; >; 2; 11; 1; 8; 8; 1
39; 39H; >; 3; 12; 1; 13; 13; 1
39; 39R; <; 1; 12; 1; 0; 0; 1
39; 39R; <; 2; 11; 1; 5; 5; 1
39; 39R; <; 3; 14; 1; 13; 13; 1
44; 44H; >; 1; 19; 4; 35; 35; 1
44; 44H; >; 2; 20; 4; 43; 43; 1
44; 44H; >; 1; 19; 4; 50; 50; 2
44; 44H; >; 2; 20; 4; 58; 58; 2
44; 44H; >; 1; 19; 4; 5; 5; 3
44; 44H; >; 2; 20; 4; 13; 13; 3
44; 44H; >; 1; 19; 4; 20; 20; 4
44; 44H; >; 2; 20; 4; 28; 28; 4
44; 44R; <; 1; 20; 4; 7; 7; 1
44; 44R; <; 2; 19; 4; 15; 15; 1
44; 44R; <; 1; 20; 4; 22; 22; 2
44; 44R; <; 2; 19; 4; 30; 30; 2
44; 44R; <; 1; 20; 4; 37; 37; 3
44; 44R; <; 2; 19; 4; 45; 45; 3
44; 44R; <; 1; 20; 4; 52; 52; 4
44; 44R; <; 2; 19; 4; 0; 0; 4
45; 45H; >; 1; 16; 1; 0; 0; 1
45; 45H; >; 2; 18; 1; 6; 6; 1
45; 45R; <; 1; 18; 1; 0; 0; 1
45; 45R; <; 2; 16; 1; 6; 6; 1
47; 47H; >; 1; 14; 1; 0; 0; 1
47; 47H; >; 2; 23; 1; 4; 4; 1
47; 47R; <; 1; 23; 1; 0; 0; 1
47; 47R; <; 2; 14; 1; 4; 4; 1
50; 50H; >; 1; 10; 2; 0; 0; 1
50; 50H; >; 2; 17; 2; 7; 7; 1
50; 50H; >; 1; 10; 2; 30; 30; 2
50; 50H; >; 2; 17; 2; 37; 37; 2
50; 50R; <; 1; 17; 2; 0; 0; 1
50; 50R; <; 2; 10; 2; 7; 7; 1
50; 50R; <; 1; 17; 2; 30; 30; 2
50; 50R; <; 2; 10; 2; 37; 37; 2
