#event-id; time
1; 25
2; 30
3; 30
4; 35
5; 35
6; 51
7; 51
8; 58
9; 58
10; 3
11; 3
12; 8
13; 8
14; 14
15; 14
16; 18
17; 40
18; 45
19; 45
20; 50
21; 50
22; 6
23; 6
24; 13
25; 13
26; 18
27; 18
28; 23
29; 23
30; 29
31; 29
32; 33
33; 55
34; 0
35; 0
36; 5
37; 5
38; 21
39; 21
40; 28
41; 28
42; 33
43; 33
44; 38
45; 38
46; 44
47; 44
48; 48
49; 10
50; 15
51; 15
52; 20
53; 20
54; 36
55; 36
56; 43
57; 43
58; 48
59; 48
60; 53
61; 53
62; 59
63; 59
64; 3
65; 0
66; 4
67; 4
68; 10
69; 10
70; 15
71; 15
72; 20
73; 20
74; 27
75; 27
76; 43
77; 43
78; 48
79; 48
80; 53
81; 15
82; 19
83; 19
84; 25
85; 25
86; 30
87; 30
88; 35
89; 35
90; 42
91; 42
92; 58
93; 58
94; 3
95; 3
96; 8
97; 30
98; 34
99; 34
100; 40
101; 40
102; 45
103; 45
104; 50
105; 50
106; 57
107; 57
108; 13
109; 13
110; 18
111; 18
112; 23
113; 45
114; 49
115; 49
116; 55
117; 55
118; 0
119; 0
120; 5
121; 5
122; 12
123; 12
124; 28
125; 28
126; 33
127; 33
128; 38
129; 8
130; 16
131; 16
132; 20
133; 20
134; 26
135; 26
136; 30
137; 30
138; 34
139; 34
140; 40
141; 40
142; 44
143; 28
144; 36
145; 36
146; 40
147; 40
148; 46
149; 46
150; 50
151; 50
152; 54
153; 54
154; 0
155; 0
156; 4
157; 48
158; 56
159; 56
160; 0
161; 0
162; 6
163; 6
164; 10
165; 10
166; 14
167; 14
168; 20
169; 20
170; 24
171; 5
172; 9
173; 9
174; 15
175; 15
176; 19
177; 19
178; 23
179; 23
180; 29
181; 29
182; 33
183; 33
184; 41
185; 25
186; 29
187; 29
188; 35
189; 35
190; 39
191; 39
192; 43
193; 43
194; 49
195; 49
196; 53
197; 53
198; 1
199; 45
200; 49
201; 49
202; 55
203; 55
204; 59
205; 59
206; 3
207; 3
208; 9
209; 9
210; 13
211; 13
212; 21
213; 1
214; 7
215; 7
216; 12
217; 12
218; 16
219; 16
220; 24
221; 24
222; 29
223; 29
224; 34
225; 8
226; 14
227; 14
228; 19
229; 19
230; 23
231; 23
232; 31
233; 31
234; 36
235; 36
236; 41
237; 16
238; 22
239; 22
240; 27
241; 27
242; 31
243; 31
244; 39
245; 39
246; 44
247; 44
248; 49
249; 23
250; 29
251; 29
252; 34
253; 34
254; 38
255; 38
256; 46
257; 46
258; 51
259; 51
260; 56
261; 31
262; 37
263; 37
264; 42
265; 42
266; 46
267; 46
268; 54
269; 54
270; 59
271; 59
272; 4
273; 38
274; 44
275; 44
276; 49
277; 49
278; 53
279; 53
280; 1
281; 1
282; 6
283; 6
284; 11
285; 46
286; 52
287; 52
288; 57
289; 57
290; 1
291; 1
292; 9
293; 9
294; 14
295; 14
296; 19
297; 53
298; 59
299; 59
300; 4
301; 4
302; 8
303; 8
304; 16
305; 16
306; 21
307; 21
308; 26
309; 24
310; 29
311; 29
312; 34
313; 34
314; 42
315; 42
316; 46
317; 46
318; 51
319; 51
320; 57
321; 31
322; 36
323; 36
324; 41
325; 41
326; 49
327; 49
328; 53
329; 53
330; 58
331; 58
332; 4
333; 39
334; 44
335; 44
336; 49
337; 49
338; 57
339; 57
340; 1
341; 1
342; 6
343; 6
344; 12
345; 46
346; 51
347; 51
348; 56
349; 56
350; 4
351; 4
352; 8
353; 8
354; 13
355; 13
356; 19
357; 54
358; 59
359; 59
360; 4
361; 4
362; 12
363; 12
364; 16
365; 16
366; 21
367; 21
368; 27
369; 1
370; 6
371; 6
372; 11
373; 11
374; 19
375; 19
376; 23
377; 23
378; 28
379; 28
380; 34
381; 9
382; 14
383; 14
384; 19
385; 19
386; 27
387; 27
388; 31
389; 31
390; 36
391; 36
392; 42
393; 16
394; 21
395; 21
396; 26
397; 26
398; 34
399; 34
400; 38
401; 38
402; 43
403; 43
404; 49
405; 32
406; 38
407; 38
408; 43
409; 43
410; 47
411; 47
412; 55
413; 55
414; 59
415; 59
416; 3
417; 44
418; 50
419; 50
420; 55
421; 55
422; 59
423; 59
424; 7
425; 7
426; 11
427; 11
428; 15
429; 56
430; 2
431; 2
432; 7
433; 7
434; 11
435; 11
436; 19
437; 19
438; 23
439; 23
440; 27
441; 8
442; 14
443; 14
444; 19
445; 19
446; 23
447; 23
448; 31
449; 31
450; 35
451; 35
452; 39
453; 20
454; 26
455; 26
456; 31
457; 31
458; 35
459; 35
460; 43
461; 43
462; 47
463; 47
464; 51
465; 3
466; 7
467; 7
468; 11
469; 11
470; 19
471; 19
472; 23
473; 23
474; 28
475; 28
476; 34
477; 15
478; 19
479; 19
480; 23
481; 23
482; 31
483; 31
484; 35
485; 35
486; 40
487; 40
488; 46
489; 27
490; 31
491; 31
492; 35
493; 35
494; 43
495; 43
496; 47
497; 47
498; 52
499; 52
500; 58
501; 39
502; 43
503; 43
504; 47
505; 47
506; 55
507; 55
508; 59
509; 59
510; 4
511; 4
512; 10
513; 51
514; 55
515; 55
516; 59
517; 59
518; 7
519; 7
520; 11
521; 11
522; 16
523; 16
524; 22
525; 40
526; 44
527; 44
528; 52
529; 52
530; 59
531; 59
532; 4
533; 4
534; 10
535; 10
536; 14
537; 50
538; 54
539; 54
540; 2
541; 2
542; 9
543; 9
544; 14
545; 14
546; 20
547; 20
548; 24
549; 0
550; 4
551; 4
552; 12
553; 12
554; 19
555; 19
556; 24
557; 24
558; 30
559; 30
560; 34
561; 10
562; 14
563; 14
564; 22
565; 22
566; 29
567; 29
568; 34
569; 34
570; 40
571; 40
572; 44
573; 20
574; 24
575; 24
576; 32
577; 32
578; 39
579; 39
580; 44
581; 44
582; 50
583; 50
584; 54
585; 30
586; 34
587; 34
588; 42
589; 42
590; 49
591; 49
592; 54
593; 54
594; 0
595; 0
596; 4
597; 16
598; 20
599; 20
600; 26
601; 26
602; 31
603; 31
604; 38
605; 38
606; 46
607; 46
608; 50
609; 26
610; 30
611; 30
612; 36
613; 36
614; 41
615; 41
616; 48
617; 48
618; 56
619; 56
620; 0
621; 36
622; 40
623; 40
624; 46
625; 46
626; 51
627; 51
628; 58
629; 58
630; 6
631; 6
632; 10
633; 46
634; 50
635; 50
636; 56
637; 56
638; 1
639; 1
640; 8
641; 8
642; 16
643; 16
644; 20
645; 56
646; 0
647; 0
648; 6
649; 6
650; 11
651; 11
652; 18
653; 18
654; 26
655; 26
656; 30
657; 6
658; 10
659; 10
660; 16
661; 16
662; 21
663; 21
664; 28
665; 28
666; 36
667; 36
668; 40
669; 50
670; 57
671; 57
672; 1
673; 1
674; 5
675; 5
676; 10
677; 10
678; 15
679; 15
680; 19
681; 5
682; 12
683; 12
684; 16
685; 16
686; 20
687; 20
688; 25
689; 25
690; 30
691; 30
692; 34
693; 20
694; 27
695; 27
696; 31
697; 31
698; 35
699; 35
700; 40
701; 40
702; 45
703; 45
704; 49
705; 35
706; 42
707; 42
708; 46
709; 46
710; 50
711; 50
712; 55
713; 55
714; 0
715; 0
716; 4
717; 17
718; 21
719; 21
720; 26
721; 26
722; 31
723; 31
724; 35
725; 35
726; 39
727; 39
728; 46
729; 32
730; 36
731; 36
732; 41
733; 41
734; 46
735; 46
736; 50
737; 50
738; 54
739; 54
740; 1
741; 47
742; 51
743; 51
744; 56
745; 56
746; 1
747; 1
748; 5
749; 5
750; 9
751; 9
752; 16
753; 2
754; 6
755; 6
756; 11
757; 11
758; 16
759; 16
760; 20
761; 20
762; 24
763; 24
764; 31
765; 35
766; 39
767; 39
768; 45
769; 45
770; 49
771; 49
772; 55
773; 55
774; 59
775; 59
776; 3
777; 45
778; 49
779; 49
780; 55
781; 55
782; 59
783; 59
784; 5
785; 5
786; 9
787; 9
788; 13
789; 55
790; 59
791; 59
792; 5
793; 5
794; 9
795; 9
796; 15
797; 15
798; 19
799; 19
800; 23
801; 5
802; 9
803; 9
804; 15
805; 15
806; 19
807; 19
808; 25
809; 25
810; 29
811; 29
812; 33
813; 15
814; 19
815; 19
816; 25
817; 25
818; 29
819; 29
820; 35
821; 35
822; 39
823; 39
824; 43
825; 25
826; 29
827; 29
828; 35
829; 35
830; 39
831; 39
832; 45
833; 45
834; 49
835; 49
836; 53
837; 39
838; 43
839; 43
840; 47
841; 47
842; 53
843; 53
844; 57
845; 57
846; 3
847; 3
848; 7
849; 49
850; 53
851; 53
852; 57
853; 57
854; 3
855; 3
856; 7
857; 7
858; 13
859; 13
860; 17
861; 59
862; 3
863; 3
864; 7
865; 7
866; 13
867; 13
868; 17
869; 17
870; 23
871; 23
872; 27
873; 9
874; 13
875; 13
876; 17
877; 17
878; 23
879; 23
880; 27
881; 27
882; 33
883; 33
884; 37
885; 19
886; 23
887; 23
888; 27
889; 27
890; 33
891; 33
892; 37
893; 37
894; 43
895; 43
896; 47
897; 29
898; 33
899; 33
900; 37
901; 37
902; 43
903; 43
904; 47
905; 47
906; 53
907; 53
908; 57
909; 12
910; 16
911; 16
912; 20
913; 20
914; 26
915; 26
916; 30
917; 30
918; 34
919; 34
920; 38
921; 19
922; 23
923; 23
924; 27
925; 27
926; 33
927; 33
928; 37
929; 37
930; 41
931; 41
932; 45
933; 27
934; 31
935; 31
936; 35
937; 35
938; 41
939; 41
940; 45
941; 45
942; 49
943; 49
944; 53
945; 34
946; 38
947; 38
948; 42
949; 42
950; 48
951; 48
952; 52
953; 52
954; 56
955; 56
956; 0
957; 42
958; 46
959; 46
960; 50
961; 50
962; 56
963; 56
964; 0
965; 0
966; 4
967; 4
968; 8
969; 49
970; 53
971; 53
972; 57
973; 57
974; 3
975; 3
976; 7
977; 7
978; 11
979; 11
980; 15
981; 57
982; 1
983; 1
984; 5
985; 5
986; 11
987; 11
988; 15
989; 15
990; 19
991; 19
992; 23
993; 4
994; 8
995; 8
996; 12
997; 12
998; 18
999; 18
1000; 22
1001; 22
1002; 26
1003; 26
1004; 30
1005; 6
1006; 10
1007; 10
1008; 14
1009; 14
1010; 18
1011; 18
1012; 24
1013; 24
1014; 28
1015; 28
1016; 32
1017; 13
1018; 17
1019; 17
1020; 21
1021; 21
1022; 25
1023; 25
1024; 31
1025; 31
1026; 35
1027; 35
1028; 39
1029; 21
1030; 25
1031; 25
1032; 29
1033; 29
1034; 33
1035; 33
1036; 39
1037; 39
1038; 43
1039; 43
1040; 47
1041; 28
1042; 32
1043; 32
1044; 36
1045; 36
1046; 40
1047; 40
1048; 46
1049; 46
1050; 50
1051; 50
1052; 54
1053; 36
1054; 40
1055; 40
1056; 44
1057; 44
1058; 48
1059; 48
1060; 54
1061; 54
1062; 58
1063; 58
1064; 2
1065; 43
1066; 47
1067; 47
1068; 51
1069; 51
1070; 55
1071; 55
1072; 1
1073; 1
1074; 5
1075; 5
1076; 9
1077; 51
1078; 55
1079; 55
1080; 59
1081; 59
1082; 3
1083; 3
1084; 9
1085; 9
1086; 13
1087; 13
1088; 17
1089; 58
1090; 2
1091; 2
1092; 6
1093; 6
1094; 10
1095; 10
1096; 16
1097; 16
1098; 20
1099; 20
1100; 24
1101; 24
1102; 29
1103; 29
1104; 34
1105; 34
1106; 50
1107; 50
1108; 57
1109; 57
1110; 1
1111; 39
1112; 44
1113; 44
1114; 49
1115; 49
1116; 5
1117; 5
1118; 12
1119; 12
1120; 16
1121; 54
1122; 59
1123; 59
1124; 4
1125; 4
1126; 20
1127; 20
1128; 27
1129; 27
1130; 31
1131; 9
1132; 14
1133; 14
1134; 19
1135; 19
1136; 35
1137; 35
1138; 42
1139; 42
1140; 46
1141; 53
1142; 57
1143; 57
1144; 4
1145; 4
1146; 20
1147; 20
1148; 25
1149; 25
1150; 30
1151; 8
1152; 12
1153; 12
1154; 19
1155; 19
1156; 35
1157; 35
1158; 40
1159; 40
1160; 45
1161; 23
1162; 27
1163; 27
1164; 34
1165; 34
1166; 50
1167; 50
1168; 55
1169; 55
1170; 0
1171; 38
1172; 42
1173; 42
1174; 49
1175; 49
1176; 5
1177; 5
1178; 10
1179; 10
1180; 15
1181; 35
1182; 41
1183; 41
1184; 46
1185; 46
1186; 51
1187; 51
1188; 56
1189; 56
1190; 1
1191; 50
1192; 56
1193; 56
1194; 1
1195; 1
1196; 6
1197; 6
1198; 11
1199; 11
1200; 16
1201; 5
1202; 11
1203; 11
1204; 16
1205; 16
1206; 21
1207; 21
1208; 26
1209; 26
1210; 31
1211; 20
1212; 26
1213; 26
1214; 31
1215; 31
1216; 36
1217; 36
1218; 41
1219; 41
1220; 46
1221; 46
1222; 51
1223; 51
1224; 56
1225; 56
1226; 1
1227; 1
1228; 6
1229; 6
1230; 12
1231; 1
1232; 6
1233; 6
1234; 11
1235; 11
1236; 16
1237; 16
1238; 21
1239; 21
1240; 27
1241; 16
1242; 21
1243; 21
1244; 26
1245; 26
1246; 31
1247; 31
1248; 36
1249; 36
1250; 42
1251; 31
1252; 36
1253; 36
1254; 41
1255; 41
1256; 46
1257; 46
1258; 51
1259; 51
1260; 57
1261; 21
1262; 25
1263; 25
1264; 29
1265; 29
1266; 35
1267; 35
1268; 40
1269; 40
1270; 48
1271; 28
1272; 32
1273; 32
1274; 36
1275; 36
1276; 42
1277; 42
1278; 47
1279; 47
1280; 55
1281; 36
1282; 40
1283; 40
1284; 44
1285; 44
1286; 50
1287; 50
1288; 55
1289; 55
1290; 3
1291; 43
1292; 47
1293; 47
1294; 51
1295; 51
1296; 57
1297; 57
1298; 2
1299; 2
1300; 10
1301; 51
1302; 55
1303; 55
1304; 59
1305; 59
1306; 5
1307; 5
1308; 10
1309; 10
1310; 18
1311; 58
1312; 2
1313; 2
1314; 6
1315; 6
1316; 12
1317; 12
1318; 17
1319; 17
1320; 25
1321; 6
1322; 10
1323; 10
1324; 14
1325; 14
1326; 20
1327; 20
1328; 25
1329; 25
1330; 33
1331; 13
1332; 17
1333; 17
1334; 21
1335; 21
1336; 27
1337; 27
1338; 32
1339; 32
1340; 40
1341; 20
1342; 28
1343; 28
1344; 33
1345; 33
1346; 39
1347; 39
1348; 43
1349; 43
1350; 47
1351; 27
1352; 35
1353; 35
1354; 40
1355; 40
1356; 46
1357; 46
1358; 50
1359; 50
1360; 54
1361; 35
1362; 43
1363; 43
1364; 48
1365; 48
1366; 54
1367; 54
1368; 58
1369; 58
1370; 2
1371; 42
1372; 50
1373; 50
1374; 55
1375; 55
1376; 1
1377; 1
1378; 5
1379; 5
1380; 9
1381; 50
1382; 58
1383; 58
1384; 3
1385; 3
1386; 9
1387; 9
1388; 13
1389; 13
1390; 17
1391; 57
1392; 5
1393; 5
1394; 10
1395; 10
1396; 16
1397; 16
1398; 20
1399; 20
1400; 24
1401; 5
1402; 13
1403; 13
1404; 18
1405; 18
1406; 24
1407; 24
1408; 28
1409; 28
1410; 32
1411; 12
1412; 20
1413; 20
1414; 25
1415; 25
1416; 31
1417; 31
1418; 35
1419; 35
1420; 39
1421; 45
1422; 49
1423; 49
1424; 53
1425; 53
1426; 59
1427; 59
1428; 4
1429; 4
1430; 9
1431; 52
1432; 56
1433; 56
1434; 0
1435; 0
1436; 6
1437; 6
1438; 11
1439; 11
1440; 16
1441; 0
1442; 4
1443; 4
1444; 8
1445; 8
1446; 14
1447; 14
1448; 19
1449; 19
1450; 24
1451; 7
1452; 11
1453; 11
1454; 15
1455; 15
1456; 21
1457; 21
1458; 26
1459; 26
1460; 31
1461; 15
1462; 19
1463; 19
1464; 23
1465; 23
1466; 29
1467; 29
1468; 34
1469; 34
1470; 39
1471; 22
1472; 26
1473; 26
1474; 30
1475; 30
1476; 36
1477; 36
1478; 41
1479; 41
1480; 46
1481; 30
1482; 34
1483; 34
1484; 38
1485; 38
1486; 44
1487; 44
1488; 49
1489; 49
1490; 54
1491; 37
1492; 41
1493; 41
1494; 45
1495; 45
1496; 51
1497; 51
1498; 56
1499; 56
1500; 1
1501; 32
1502; 37
1503; 37
1504; 42
1505; 42
1506; 48
1507; 48
1508; 52
1509; 52
1510; 56
1511; 39
1512; 44
1513; 44
1514; 49
1515; 49
1516; 55
1517; 55
1518; 59
1519; 59
1520; 3
1521; 47
1522; 52
1523; 52
1524; 57
1525; 57
1526; 3
1527; 3
1528; 7
1529; 7
1530; 11
1531; 54
1532; 59
1533; 59
1534; 4
1535; 4
1536; 10
1537; 10
1538; 14
1539; 14
1540; 18
1541; 2
1542; 7
1543; 7
1544; 12
1545; 12
1546; 18
1547; 18
1548; 22
1549; 22
1550; 26
1551; 9
1552; 14
1553; 14
1554; 19
1555; 19
1556; 25
1557; 25
1558; 29
1559; 29
1560; 33
1561; 17
1562; 22
1563; 22
1564; 27
1565; 27
1566; 33
1567; 33
1568; 37
1569; 37
1570; 41
1571; 24
1572; 29
1573; 29
1574; 34
1575; 34
1576; 40
1577; 40
1578; 44
1579; 44
1580; 48
1581; 0
1582; 4
1583; 4
1584; 8
1585; 8
1586; 14
1587; 14
1588; 18
1589; 18
1590; 22
1591; 10
1592; 14
1593; 14
1594; 18
1595; 18
1596; 24
1597; 24
1598; 28
1599; 28
1600; 32
1601; 20
1602; 24
1603; 24
1604; 28
1605; 28
1606; 34
1607; 34
1608; 38
1609; 38
1610; 42
1611; 30
1612; 34
1613; 34
1614; 38
1615; 38
1616; 44
1617; 44
1618; 48
1619; 48
1620; 52
1621; 40
1622; 44
1623; 44
1624; 48
1625; 48
1626; 54
1627; 54
1628; 58
1629; 58
1630; 2
1631; 50
1632; 54
1633; 54
1634; 58
1635; 58
1636; 4
1637; 4
1638; 8
1639; 8
1640; 12
1641; 0
1642; 4
1643; 4
1644; 8
1645; 8
1646; 14
1647; 14
1648; 18
1649; 18
1650; 22
1651; 10
1652; 14
1653; 14
1654; 18
1655; 18
1656; 24
1657; 24
1658; 28
1659; 28
1660; 32
1661; 20
1662; 24
1663; 24
1664; 28
1665; 28
1666; 34
1667; 34
1668; 38
1669; 38
1670; 42
1671; 30
1672; 34
1673; 34
1674; 38
1675; 38
1676; 44
1677; 44
1678; 48
1679; 48
1680; 52
1681; 40
1682; 44
1683; 44
1684; 48
1685; 48
1686; 54
1687; 54
1688; 58
1689; 58
1690; 2
1691; 50
1692; 54
1693; 54
1694; 58
1695; 58
1696; 4
1697; 4
1698; 8
1699; 8
1700; 12
1701; 0
1702; 4
1703; 4
1704; 8
1705; 8
1706; 12
1707; 12
1708; 18
1709; 18
1710; 22
1711; 0
1712; 4
1713; 4
1714; 10
1715; 10
1716; 14
1717; 14
1718; 18
1719; 18
1720; 22
1721; 33
1722; 37
1723; 37
1724; 41
1725; 41
1726; 45
1727; 45
1728; 49
1729; 49
1730; 53
1731; 48
1732; 52
1733; 52
1734; 56
1735; 56
1736; 0
1737; 0
1738; 4
1739; 4
1740; 8
1741; 3
1742; 7
1743; 7
1744; 11
1745; 11
1746; 15
1747; 15
1748; 19
1749; 19
1750; 23
1751; 18
1752; 22
1753; 22
1754; 26
1755; 26
1756; 30
1757; 30
1758; 34
1759; 34
1760; 38
1761; 27
1762; 31
1763; 31
1764; 35
1765; 35
1766; 39
1767; 39
1768; 43
1769; 43
1770; 47
1771; 42
1772; 46
1773; 46
1774; 50
1775; 50
1776; 54
1777; 54
1778; 58
1779; 58
1780; 2
1781; 57
1782; 1
1783; 1
1784; 5
1785; 5
1786; 9
1787; 9
1788; 13
1789; 13
1790; 17
1791; 12
1792; 16
1793; 16
1794; 20
1795; 20
1796; 24
1797; 24
1798; 28
1799; 28
1800; 32
1801; 54
1802; 58
1803; 58
1804; 6
1805; 6
1806; 13
1807; 13
1808; 18
1809; 18
1810; 22
1811; 4
1812; 8
1813; 8
1814; 16
1815; 16
1816; 23
1817; 23
1818; 28
1819; 28
1820; 32
1821; 14
1822; 18
1823; 18
1824; 26
1825; 26
1826; 33
1827; 33
1828; 38
1829; 38
1830; 42
1831; 24
1832; 28
1833; 28
1834; 36
1835; 36
1836; 43
1837; 43
1838; 48
1839; 48
1840; 52
1841; 34
1842; 38
1843; 38
1844; 46
1845; 46
1846; 53
1847; 53
1848; 58
1849; 58
1850; 2
1851; 44
1852; 48
1853; 48
1854; 56
1855; 56
1856; 3
1857; 3
1858; 8
1859; 8
1860; 12
1861; 29
1862; 33
1863; 33
1864; 38
1865; 38
1866; 45
1867; 45
1868; 53
1869; 53
1870; 57
1871; 39
1872; 43
1873; 43
1874; 48
1875; 48
1876; 55
1877; 55
1878; 3
1879; 3
1880; 7
1881; 49
1882; 53
1883; 53
1884; 58
1885; 58
1886; 5
1887; 5
1888; 13
1889; 13
1890; 17
1891; 59
1892; 3
1893; 3
1894; 8
1895; 8
1896; 15
1897; 15
1898; 23
1899; 23
1900; 27
1901; 9
1902; 13
1903; 13
1904; 18
1905; 18
1906; 25
1907; 25
1908; 33
1909; 33
1910; 37
1911; 19
1912; 23
1913; 23
1914; 28
1915; 28
1916; 35
1917; 35
1918; 43
1919; 43
1920; 47
1921; 0
1922; 5
1923; 5
1924; 10
1925; 10
1926; 16
1927; 16
1928; 22
1929; 22
1930; 26
1931; 30
1932; 35
1933; 35
1934; 40
1935; 40
1936; 46
1937; 46
1938; 52
1939; 52
1940; 56
1941; 0
1942; 4
1943; 4
1944; 10
1945; 10
1946; 16
1947; 16
1948; 21
1949; 21
1950; 26
1951; 30
1952; 34
1953; 34
1954; 40
1955; 40
1956; 46
1957; 46
1958; 51
1959; 51
1960; 56
1961; 0
1962; 7
1963; 7
1964; 11
1965; 11
1966; 15
1967; 15
1968; 21
1969; 21
1970; 25
1971; 0
1972; 4
1973; 4
1974; 10
1975; 10
1976; 14
1977; 14
1978; 18
1979; 18
1980; 25
1981; 0
1982; 4
1983; 4
1984; 10
1985; 10
1986; 15
1987; 15
1988; 20
1989; 20
1990; 24
1991; 0
1992; 4
1993; 4
1994; 9
1995; 9
1996; 14
1997; 14
1998; 20
1999; 20
2000; 24
2001; 0
2002; 4
2003; 4
2004; 9
2005; 9
2006; 15
2007; 15
2008; 23
2009; 0
2010; 8
2011; 8
2012; 14
2013; 14
2014; 19
2015; 19
2016; 23
2017; 0
2018; 8
2019; 8
2020; 13
2021; 13
2022; 17
2023; 17
2024; 21
2025; 0
2026; 4
2027; 4
2028; 8
2029; 8
2030; 13
2031; 13
2032; 21
2033; 0
2034; 8
2035; 8
2036; 15
2037; 15
2038; 20
2039; 20
2040; 24
2041; 0
2042; 4
2043; 4
2044; 9
2045; 9
2046; 16
2047; 16
2048; 24
2049; 0
2050; 5
2051; 5
2052; 10
2053; 10
2054; 14
2055; 14
2056; 18
2057; 0
2058; 4
2059; 4
2060; 8
2061; 8
2062; 13
2063; 13
2064; 18
2065; 0
2066; 5
2067; 5
2068; 12
2069; 12
2070; 17
2071; 17
2072; 21
2073; 20
2074; 25
2075; 25
2076; 32
2077; 32
2078; 37
2079; 37
2080; 41
2081; 40
2082; 45
2083; 45
2084; 52
2085; 52
2086; 57
2087; 57
2088; 1
2089; 0
2090; 4
2091; 4
2092; 9
2093; 9
2094; 16
2095; 16
2096; 21
2097; 20
2098; 24
2099; 24
2100; 29
2101; 29
2102; 36
2103; 36
2104; 41
2105; 40
2106; 44
2107; 44
2108; 49
2109; 49
2110; 56
2111; 56
2112; 1
2113; 0
2114; 4
2115; 4
2116; 10
2117; 10
2118; 14
2119; 14
2120; 18
2121; 0
2122; 4
2123; 4
2124; 8
2125; 8
2126; 14
2127; 14
2128; 18
2129; 0
2130; 8
2131; 8
2132; 13
2133; 13
2134; 17
2135; 30
2136; 38
2137; 38
2138; 43
2139; 43
2140; 47
2141; 0
2142; 4
2143; 4
2144; 9
2145; 9
2146; 17
2147; 30
2148; 34
2149; 34
2150; 39
2151; 39
2152; 47
2153; 0
2154; 4
2155; 4
2156; 10
2157; 10
2158; 18
2159; 0
2160; 8
2161; 8
2162; 14
2163; 14
2164; 18
2165; 0
2166; 4
2167; 4
2168; 9
2169; 9
2170; 14
2171; 30
2172; 34
2173; 34
2174; 39
2175; 39
2176; 44
2177; 0
2178; 5
2179; 5
2180; 10
2181; 10
2182; 14
2183; 30
2184; 35
2185; 35
2186; 40
2187; 40
2188; 44
2189; 0
2190; 4
2191; 4
2192; 9
2193; 9
2194; 13
2195; 30
2196; 34
2197; 34
2198; 39
2199; 39
2200; 43
2201; 0
2202; 4
2203; 4
2204; 9
2205; 9
2206; 13
2207; 30
2208; 34
2209; 34
2210; 39
2211; 39
2212; 43
2213; 0
2214; 4
2215; 4
2216; 8
2217; 8
2218; 12
2219; 15
2220; 19
2221; 19
2222; 23
2223; 23
2224; 27
2225; 30
2226; 34
2227; 34
2228; 38
2229; 38
2230; 42
2231; 45
2232; 49
2233; 49
2234; 53
2235; 53
2236; 57
2237; 0
2238; 4
2239; 4
2240; 8
2241; 8
2242; 12
2243; 15
2244; 19
2245; 19
2246; 23
2247; 23
2248; 27
2249; 30
2250; 34
2251; 34
2252; 38
2253; 38
2254; 42
2255; 45
2256; 49
2257; 49
2258; 53
2259; 53
2260; 57
2261; 0
2262; 5
2263; 5
2264; 9
2265; 0
2266; 4
2267; 4
2268; 9
2269; 0
2270; 8
2271; 8
2272; 13
2273; 0
2274; 5
2275; 5
2276; 13
2277; 35
2278; 43
2279; 50
2280; 58
2281; 5
2282; 13
2283; 20
2284; 28
2285; 7
2286; 15
2287; 22
2288; 30
2289; 37
2290; 45
2291; 52
2292; 0
2293; 0
2294; 6
2295; 0
2296; 6
2297; 0
2298; 4
2299; 0
2300; 4
2301; 0
2302; 7
2303; 30
2304; 37
2305; 0
2306; 7
2307; 30
2308; 37
