# line-id; line-code; direction; stop-order; stop-id; frequency; arrival_time; departure_time; line-repetition
1; 1H; >; 1; 21; 2; 56; 56; 1
1; 1H; >; 2; 24; 2; 1; 1; 1
1; 1H; >; 3; 13; 2; 6; 6; 1
1; 1H; >; 4; 12; 2; 22; 22; 1
1; 1H; >; 5; 3; 2; 29; 29; 1
1; 1H; >; 6; 4; 2; 34; 34; 1
1; 1H; >; 7; 5; 2; 39; 39; 1
1; 1H; >; 8; 6; 2; 45; 45; 1
1; 1H; >; 9; 2; 2; 49; 49; 1
1; 1H; >; 1; 21; 2; 26; 26; 2
1; 1H; >; 2; 24; 2; 31; 31; 2
1; 1H; >; 3; 13; 2; 36; 36; 2
1; 1H; >; 4; 12; 2; 52; 52; 2
1; 1H; >; 5; 3; 2; 59; 59; 2
1; 1H; >; 6; 4; 2; 4; 4; 2
1; 1H; >; 7; 5; 2; 9; 9; 2
1; 1H; >; 8; 6; 2; 15; 15; 2
1; 1H; >; 9; 2; 2; 19; 19; 2
1; 1R; <; 1; 2; 2; 0; 0; 1
1; 1R; <; 2; 6; 2; 4; 4; 1
1; 1R; <; 3; 5; 2; 10; 10; 1
1; 1R; <; 4; 4; 2; 15; 15; 1
1; 1R; <; 5; 3; 2; 20; 20; 1
1; 1R; <; 6; 12; 2; 27; 27; 1
1; 1R; <; 7; 13; 2; 43; 43; 1
1; 1R; <; 8; 24; 2; 48; 48; 1
1; 1R; <; 9; 21; 2; 53; 53; 1
1; 1R; <; 1; 2; 2; 30; 30; 2
1; 1R; <; 2; 6; 2; 34; 34; 2
1; 1R; <; 3; 5; 2; 40; 40; 2
1; 1R; <; 4; 4; 2; 45; 45; 2
1; 1R; <; 5; 3; 2; 50; 50; 2
1; 1R; <; 6; 12; 2; 57; 57; 2
1; 1R; <; 7; 13; 2; 13; 13; 2
1; 1R; <; 8; 24; 2; 18; 18; 2
1; 1R; <; 9; 21; 2; 23; 23; 2
2; 2H; >; 1; 20; 2; 17; 17; 1
2; 2H; >; 2; 22; 2; 25; 25; 1
2; 2H; >; 3; 15; 2; 29; 29; 1
2; 2H; >; 4; 19; 2; 35; 35; 1
2; 2H; >; 5; 17; 2; 39; 39; 1
2; 2H; >; 6; 16; 2; 43; 43; 1
2; 2H; >; 7; 18; 2; 49; 49; 1
2; 2H; >; 8; 7; 2; 53; 53; 1
2; 2H; >; 1; 20; 2; 47; 47; 2
2; 2H; >; 2; 22; 2; 55; 55; 2
2; 2H; >; 3; 15; 2; 59; 59; 2
2; 2H; >; 4; 19; 2; 5; 5; 2
2; 2H; >; 5; 17; 2; 9; 9; 2
2; 2H; >; 6; 16; 2; 13; 13; 2
2; 2H; >; 7; 18; 2; 19; 19; 2
2; 2H; >; 8; 7; 2; 23; 23; 2
2; 2R; <; 1; 7; 2; 0; 0; 1
2; 2R; <; 2; 18; 2; 4; 4; 1
2; 2R; <; 3; 16; 2; 10; 10; 1
2; 2R; <; 4; 17; 2; 14; 14; 1
2; 2R; <; 5; 19; 2; 18; 18; 1
2; 2R; <; 6; 15; 2; 24; 24; 1
2; 2R; <; 7; 22; 2; 28; 28; 1
2; 2R; <; 8; 20; 2; 36; 36; 1
2; 2R; <; 1; 7; 2; 30; 30; 2
2; 2R; <; 2; 18; 2; 34; 34; 2
2; 2R; <; 3; 16; 2; 40; 40; 2
2; 2R; <; 4; 17; 2; 44; 44; 2
2; 2R; <; 5; 19; 2; 48; 48; 2
2; 2R; <; 6; 15; 2; 54; 54; 2
2; 2R; <; 7; 22; 2; 58; 58; 2
2; 2R; <; 8; 20; 2; 6; 6; 2
3; 3H; >; 1; 20; 2; 31; 31; 1
3; 3H; >; 2; 21; 2; 37; 37; 1
3; 3H; >; 3; 22; 2; 42; 42; 1
3; 3H; >; 4; 15; 2; 46; 46; 1
3; 3H; >; 5; 10; 2; 54; 54; 1
3; 3H; >; 6; 11; 2; 59; 59; 1
3; 3H; >; 7; 12; 2; 4; 4; 1
3; 3H; >; 1; 20; 2; 1; 1; 2
3; 3H; >; 2; 21; 2; 7; 7; 2
3; 3H; >; 3; 22; 2; 12; 12; 2
3; 3H; >; 4; 15; 2; 16; 16; 2
3; 3H; >; 5; 10; 2; 24; 24; 2
3; 3H; >; 6; 11; 2; 29; 29; 2
3; 3H; >; 7; 12; 2; 34; 34; 2
3; 3R; <; 1; 12; 2; 48; 48; 1
3; 3R; <; 2; 11; 2; 53; 53; 1
3; 3R; <; 3; 10; 2; 58; 58; 1
3; 3R; <; 4; 15; 2; 6; 6; 1
3; 3R; <; 5; 22; 2; 10; 10; 1
3; 3R; <; 6; 21; 2; 15; 15; 1
3; 3R; <; 7; 20; 2; 21; 21; 1
3; 3R; <; 1; 12; 2; 18; 18; 2
3; 3R; <; 2; 11; 2; 23; 23; 2
3; 3R; <; 3; 10; 2; 28; 28; 2
3; 3R; <; 4; 15; 2; 36; 36; 2
3; 3R; <; 5; 22; 2; 40; 40; 2
3; 3R; <; 6; 21; 2; 45; 45; 2
3; 3R; <; 7; 20; 2; 51; 51; 2
4; 4H; >; 1; 20; 5; 14; 14; 1
4; 4H; >; 2; 21; 5; 20; 20; 1
4; 4H; >; 3; 22; 5; 25; 25; 1
4; 4H; >; 4; 15; 5; 29; 29; 1
4; 4H; >; 5; 10; 5; 37; 37; 1
4; 4H; >; 6; 9; 5; 41; 41; 1
4; 4H; >; 7; 5; 5; 45; 45; 1
4; 4H; >; 1; 20; 5; 26; 26; 2
4; 4H; >; 2; 21; 5; 32; 32; 2
4; 4H; >; 3; 22; 5; 37; 37; 2
4; 4H; >; 4; 15; 5; 41; 41; 2
4; 4H; >; 5; 10; 5; 49; 49; 2
4; 4H; >; 6; 9; 5; 53; 53; 2
4; 4H; >; 7; 5; 5; 57; 57; 2
4; 4H; >; 1; 20; 5; 38; 38; 3
4; 4H; >; 2; 21; 5; 44; 44; 3
4; 4H; >; 3; 22; 5; 49; 49; 3
4; 4H; >; 4; 15; 5; 53; 53; 3
4; 4H; >; 5; 10; 5; 1; 1; 3
4; 4H; >; 6; 9; 5; 5; 5; 3
4; 4H; >; 7; 5; 5; 9; 9; 3
4; 4H; >; 1; 20; 5; 50; 50; 4
4; 4H; >; 2; 21; 5; 56; 56; 4
4; 4H; >; 3; 22; 5; 1; 1; 4
4; 4H; >; 4; 15; 5; 5; 5; 4
4; 4H; >; 5; 10; 5; 13; 13; 4
4; 4H; >; 6; 9; 5; 17; 17; 4
4; 4H; >; 7; 5; 5; 21; 21; 4
4; 4H; >; 1; 20; 5; 2; 2; 5
4; 4H; >; 2; 21; 5; 8; 8; 5
4; 4H; >; 3; 22; 5; 13; 13; 5
4; 4H; >; 4; 15; 5; 17; 17; 5
4; 4H; >; 5; 10; 5; 25; 25; 5
4; 4H; >; 6; 9; 5; 29; 29; 5
4; 4H; >; 7; 5; 5; 33; 33; 5
4; 4R; <; 1; 5; 5; 44; 44; 1
4; 4R; <; 2; 9; 5; 48; 48; 1
4; 4R; <; 3; 10; 5; 52; 52; 1
4; 4R; <; 4; 15; 5; 0; 0; 1
4; 4R; <; 5; 22; 5; 4; 4; 1
4; 4R; <; 6; 21; 5; 9; 9; 1
4; 4R; <; 7; 20; 5; 15; 15; 1
4; 4R; <; 1; 5; 5; 56; 56; 2
4; 4R; <; 2; 9; 5; 0; 0; 2
4; 4R; <; 3; 10; 5; 4; 4; 2
4; 4R; <; 4; 15; 5; 12; 12; 2
4; 4R; <; 5; 22; 5; 16; 16; 2
4; 4R; <; 6; 21; 5; 21; 21; 2
4; 4R; <; 7; 20; 5; 27; 27; 2
4; 4R; <; 1; 5; 5; 8; 8; 3
4; 4R; <; 2; 9; 5; 12; 12; 3
4; 4R; <; 3; 10; 5; 16; 16; 3
4; 4R; <; 4; 15; 5; 24; 24; 3
4; 4R; <; 5; 22; 5; 28; 28; 3
4; 4R; <; 6; 21; 5; 33; 33; 3
4; 4R; <; 7; 20; 5; 39; 39; 3
4; 4R; <; 1; 5; 5; 20; 20; 4
4; 4R; <; 2; 9; 5; 24; 24; 4
4; 4R; <; 3; 10; 5; 28; 28; 4
4; 4R; <; 4; 15; 5; 36; 36; 4
4; 4R; <; 5; 22; 5; 40; 40; 4
4; 4R; <; 6; 21; 5; 45; 45; 4
4; 4R; <; 7; 20; 5; 51; 51; 4
4; 4R; <; 1; 5; 5; 32; 32; 5
4; 4R; <; 2; 9; 5; 36; 36; 5
4; 4R; <; 3; 10; 5; 40; 40; 5
4; 4R; <; 4; 15; 5; 48; 48; 5
4; 4R; <; 5; 22; 5; 52; 52; 5
4; 4R; <; 6; 21; 5; 57; 57; 5
4; 4R; <; 7; 20; 5; 3; 3; 5
5; 5H; >; 1; 23; 6; 45; 45; 1
5; 5H; >; 2; 14; 6; 49; 49; 1
5; 5H; >; 3; 11; 6; 57; 57; 1
5; 5H; >; 4; 4; 6; 4; 4; 1
5; 5H; >; 5; 5; 6; 9; 9; 1
5; 5H; >; 6; 6; 6; 15; 15; 1
5; 5H; >; 7; 2; 6; 19; 19; 1
5; 5H; >; 1; 23; 6; 55; 55; 2
5; 5H; >; 2; 14; 6; 59; 59; 2
5; 5H; >; 3; 11; 6; 7; 7; 2
5; 5H; >; 4; 4; 6; 14; 14; 2
5; 5H; >; 5; 5; 6; 19; 19; 2
5; 5H; >; 6; 6; 6; 25; 25; 2
5; 5H; >; 7; 2; 6; 29; 29; 2
5; 5H; >; 1; 23; 6; 5; 5; 3
5; 5H; >; 2; 14; 6; 9; 9; 3
5; 5H; >; 3; 11; 6; 17; 17; 3
5; 5H; >; 4; 4; 6; 24; 24; 3
5; 5H; >; 5; 5; 6; 29; 29; 3
5; 5H; >; 6; 6; 6; 35; 35; 3
5; 5H; >; 7; 2; 6; 39; 39; 3
5; 5H; >; 1; 23; 6; 15; 15; 4
5; 5H; >; 2; 14; 6; 19; 19; 4
5; 5H; >; 3; 11; 6; 27; 27; 4
5; 5H; >; 4; 4; 6; 34; 34; 4
5; 5H; >; 5; 5; 6; 39; 39; 4
5; 5H; >; 6; 6; 6; 45; 45; 4
5; 5H; >; 7; 2; 6; 49; 49; 4
5; 5H; >; 1; 23; 6; 25; 25; 5
5; 5H; >; 2; 14; 6; 29; 29; 5
5; 5H; >; 3; 11; 6; 37; 37; 5
5; 5H; >; 4; 4; 6; 44; 44; 5
5; 5H; >; 5; 5; 6; 49; 49; 5
5; 5H; >; 6; 6; 6; 55; 55; 5
5; 5H; >; 7; 2; 6; 59; 59; 5
5; 5H; >; 1; 23; 6; 35; 35; 6
5; 5H; >; 2; 14; 6; 39; 39; 6
5; 5H; >; 3; 11; 6; 47; 47; 6
5; 5H; >; 4; 4; 6; 54; 54; 6
5; 5H; >; 5; 5; 6; 59; 59; 6
5; 5H; >; 6; 6; 6; 5; 5; 6
5; 5H; >; 7; 2; 6; 9; 9; 6
5; 5R; <; 1; 2; 6; 1; 1; 1
5; 5R; <; 2; 6; 6; 5; 5; 1
5; 5R; <; 3; 5; 6; 11; 11; 1
5; 5R; <; 4; 4; 6; 16; 16; 1
5; 5R; <; 5; 11; 6; 23; 23; 1
5; 5R; <; 6; 14; 6; 31; 31; 1
5; 5R; <; 7; 23; 6; 35; 35; 1
5; 5R; <; 1; 2; 6; 11; 11; 2
5; 5R; <; 2; 6; 6; 15; 15; 2
5; 5R; <; 3; 5; 6; 21; 21; 2
5; 5R; <; 4; 4; 6; 26; 26; 2
5; 5R; <; 5; 11; 6; 33; 33; 2
5; 5R; <; 6; 14; 6; 41; 41; 2
5; 5R; <; 7; 23; 6; 45; 45; 2
5; 5R; <; 1; 2; 6; 21; 21; 3
5; 5R; <; 2; 6; 6; 25; 25; 3
5; 5R; <; 3; 5; 6; 31; 31; 3
5; 5R; <; 4; 4; 6; 36; 36; 3
5; 5R; <; 5; 11; 6; 43; 43; 3
5; 5R; <; 6; 14; 6; 51; 51; 3
5; 5R; <; 7; 23; 6; 55; 55; 3
5; 5R; <; 1; 2; 6; 31; 31; 4
5; 5R; <; 2; 6; 6; 35; 35; 4
5; 5R; <; 3; 5; 6; 41; 41; 4
5; 5R; <; 4; 4; 6; 46; 46; 4
5; 5R; <; 5; 11; 6; 53; 53; 4
5; 5R; <; 6; 14; 6; 1; 1; 4
5; 5R; <; 7; 23; 6; 5; 5; 4
5; 5R; <; 1; 2; 6; 41; 41; 5
5; 5R; <; 2; 6; 6; 45; 45; 5
5; 5R; <; 3; 5; 6; 51; 51; 5
5; 5R; <; 4; 4; 6; 56; 56; 5
5; 5R; <; 5; 11; 6; 3; 3; 5
5; 5R; <; 6; 14; 6; 11; 11; 5
5; 5R; <; 7; 23; 6; 15; 15; 5
5; 5R; <; 1; 2; 6; 51; 51; 6
5; 5R; <; 2; 6; 6; 55; 55; 6
5; 5R; <; 3; 5; 6; 1; 1; 6
5; 5R; <; 4; 4; 6; 6; 6; 6
5; 5R; <; 5; 11; 6; 13; 13; 6
5; 5R; <; 6; 14; 6; 21; 21; 6
5; 5R; <; 7; 23; 6; 25; 25; 6
6; 6H; >; 1; 17; 1; 0; 0; 1
6; 6H; >; 2; 10; 1; 7; 7; 1
6; 6H; >; 3; 9; 1; 11; 11; 1
6; 6H; >; 4; 5; 1; 15; 15; 1
6; 6H; >; 5; 4; 1; 20; 20; 1
6; 6H; >; 6; 3; 1; 25; 25; 1
6; 6H; >; 7; 1; 1; 29; 29; 1
6; 6R; <; 1; 1; 1; 0; 0; 1
6; 6R; <; 2; 3; 1; 4; 4; 1
6; 6R; <; 3; 4; 1; 9; 9; 1
6; 6R; <; 4; 5; 1; 14; 14; 1
6; 6R; <; 5; 9; 1; 18; 18; 1
6; 6R; <; 6; 10; 1; 22; 22; 1
6; 6R; <; 7; 17; 1; 29; 29; 1
7; 7H; >; 1; 18; 1; 0; 0; 1
7; 7H; >; 2; 7; 1; 4; 4; 1
7; 7H; >; 3; 8; 1; 10; 10; 1
7; 7H; >; 4; 16; 1; 14; 14; 1
7; 7H; >; 5; 10; 1; 20; 20; 1
7; 7H; >; 6; 9; 1; 24; 24; 1
7; 7H; >; 7; 5; 1; 28; 28; 1
7; 7R; <; 1; 5; 1; 0; 0; 1
7; 7R; <; 2; 9; 1; 4; 4; 1
7; 7R; <; 3; 10; 1; 8; 8; 1
7; 7R; <; 4; 16; 1; 14; 14; 1
7; 7R; <; 5; 8; 1; 18; 18; 1
7; 7R; <; 6; 7; 1; 24; 24; 1
7; 7R; <; 7; 18; 1; 28; 28; 1
8; 8H; >; 1; 5; 8; 46; 46; 1
8; 8H; >; 2; 9; 8; 50; 50; 1
8; 8H; >; 3; 10; 8; 54; 54; 1
8; 8H; >; 4; 16; 8; 0; 0; 1
8; 8H; >; 5; 8; 8; 4; 4; 1
8; 8H; >; 6; 6; 8; 8; 8; 1
8; 8H; >; 7; 2; 8; 12; 12; 1
8; 8H; >; 1; 5; 8; 53; 53; 2
8; 8H; >; 2; 9; 8; 57; 57; 2
8; 8H; >; 3; 10; 8; 1; 1; 2
8; 8H; >; 4; 16; 8; 7; 7; 2
8; 8H; >; 5; 8; 8; 11; 11; 2
8; 8H; >; 6; 6; 8; 15; 15; 2
8; 8H; >; 7; 2; 8; 19; 19; 2
8; 8H; >; 1; 5; 8; 1; 1; 3
8; 8H; >; 2; 9; 8; 5; 5; 3
8; 8H; >; 3; 10; 8; 9; 9; 3
8; 8H; >; 4; 16; 8; 15; 15; 3
8; 8H; >; 5; 8; 8; 19; 19; 3
8; 8H; >; 6; 6; 8; 23; 23; 3
8; 8H; >; 7; 2; 8; 27; 27; 3
8; 8H; >; 1; 5; 8; 8; 8; 4
8; 8H; >; 2; 9; 8; 12; 12; 4
8; 8H; >; 3; 10; 8; 16; 16; 4
8; 8H; >; 4; 16; 8; 22; 22; 4
8; 8H; >; 5; 8; 8; 26; 26; 4
8; 8H; >; 6; 6; 8; 30; 30; 4
8; 8H; >; 7; 2; 8; 34; 34; 4
8; 8H; >; 1; 5; 8; 16; 16; 5
8; 8H; >; 2; 9; 8; 20; 20; 5
8; 8H; >; 3; 10; 8; 24; 24; 5
8; 8H; >; 4; 16; 8; 30; 30; 5
8; 8H; >; 5; 8; 8; 34; 34; 5
8; 8H; >; 6; 6; 8; 38; 38; 5
8; 8H; >; 7; 2; 8; 42; 42; 5
8; 8H; >; 1; 5; 8; 23; 23; 6
8; 8H; >; 2; 9; 8; 27; 27; 6
8; 8H; >; 3; 10; 8; 31; 31; 6
8; 8H; >; 4; 16; 8; 37; 37; 6
8; 8H; >; 5; 8; 8; 41; 41; 6
8; 8H; >; 6; 6; 8; 45; 45; 6
8; 8H; >; 7; 2; 8; 49; 49; 6
8; 8H; >; 1; 5; 8; 31; 31; 7
8; 8H; >; 2; 9; 8; 35; 35; 7
8; 8H; >; 3; 10; 8; 39; 39; 7
8; 8H; >; 4; 16; 8; 45; 45; 7
8; 8H; >; 5; 8; 8; 49; 49; 7
8; 8H; >; 6; 6; 8; 53; 53; 7
8; 8H; >; 7; 2; 8; 57; 57; 7
8; 8H; >; 1; 5; 8; 38; 38; 8
8; 8H; >; 2; 9; 8; 42; 42; 8
8; 8H; >; 3; 10; 8; 46; 46; 8
8; 8H; >; 4; 16; 8; 52; 52; 8
8; 8H; >; 5; 8; 8; 56; 56; 8
8; 8H; >; 6; 6; 8; 0; 0; 8
8; 8H; >; 7; 2; 8; 4; 4; 8
8; 8R; <; 1; 2; 8; 57; 57; 1
8; 8R; <; 2; 6; 8; 1; 1; 1
8; 8R; <; 3; 8; 8; 5; 5; 1
8; 8R; <; 4; 16; 8; 9; 9; 1
8; 8R; <; 5; 10; 8; 15; 15; 1
8; 8R; <; 6; 9; 8; 19; 19; 1
8; 8R; <; 7; 5; 8; 23; 23; 1
8; 8R; <; 1; 2; 8; 4; 4; 2
8; 8R; <; 2; 6; 8; 8; 8; 2
8; 8R; <; 3; 8; 8; 12; 12; 2
8; 8R; <; 4; 16; 8; 16; 16; 2
8; 8R; <; 5; 10; 8; 22; 22; 2
8; 8R; <; 6; 9; 8; 26; 26; 2
8; 8R; <; 7; 5; 8; 30; 30; 2
8; 8R; <; 1; 2; 8; 12; 12; 3
8; 8R; <; 2; 6; 8; 16; 16; 3
8; 8R; <; 3; 8; 8; 20; 20; 3
8; 8R; <; 4; 16; 8; 24; 24; 3
8; 8R; <; 5; 10; 8; 30; 30; 3
8; 8R; <; 6; 9; 8; 34; 34; 3
8; 8R; <; 7; 5; 8; 38; 38; 3
8; 8R; <; 1; 2; 8; 19; 19; 4
8; 8R; <; 2; 6; 8; 23; 23; 4
8; 8R; <; 3; 8; 8; 27; 27; 4
8; 8R; <; 4; 16; 8; 31; 31; 4
8; 8R; <; 5; 10; 8; 37; 37; 4
8; 8R; <; 6; 9; 8; 41; 41; 4
8; 8R; <; 7; 5; 8; 45; 45; 4
8; 8R; <; 1; 2; 8; 27; 27; 5
8; 8R; <; 2; 6; 8; 31; 31; 5
8; 8R; <; 3; 8; 8; 35; 35; 5
8; 8R; <; 4; 16; 8; 39; 39; 5
8; 8R; <; 5; 10; 8; 45; 45; 5
8; 8R; <; 6; 9; 8; 49; 49; 5
8; 8R; <; 7; 5; 8; 53; 53; 5
8; 8R; <; 1; 2; 8; 34; 34; 6
8; 8R; <; 2; 6; 8; 38; 38; 6
8; 8R; <; 3; 8; 8; 42; 42; 6
8; 8R; <; 4; 16; 8; 46; 46; 6
8; 8R; <; 5; 10; 8; 52; 52; 6
8; 8R; <; 6; 9; 8; 56; 56; 6
8; 8R; <; 7; 5; 8; 0; 0; 6
8; 8R; <; 1; 2; 8; 42; 42; 7
8; 8R; <; 2; 6; 8; 46; 46; 7
8; 8R; <; 3; 8; 8; 50; 50; 7
8; 8R; <; 4; 16; 8; 54; 54; 7
8; 8R; <; 5; 10; 8; 0; 0; 7
8; 8R; <; 6; 9; 8; 4; 4; 7
8; 8R; <; 7; 5; 8; 8; 8; 7
8; 8R; <; 1; 2; 8; 49; 49; 8
8; 8R; <; 2; 6; 8; 53; 53; 8
8; 8R; <; 3; 8; 8; 57; 57; 8
8; 8R; <; 4; 16; 8; 1; 1; 8
8; 8R; <; 5; 10; 8; 7; 7; 8
8; 8R; <; 6; 9; 8; 11; 11; 8
8; 8R; <; 7; 5; 8; 15; 15; 8
9; 9H; >; 1; 21; 2; 0; 0; 1
9; 9H; >; 2; 24; 2; 5; 5; 1
9; 9H; >; 3; 13; 2; 10; 10; 1
9; 9H; >; 4; 12; 2; 26; 26; 1
9; 9H; >; 5; 3; 2; 33; 33; 1
9; 9H; >; 6; 1; 2; 37; 37; 1
9; 9H; >; 1; 21; 2; 30; 30; 2
9; 9H; >; 2; 24; 2; 35; 35; 2
9; 9H; >; 3; 13; 2; 40; 40; 2
9; 9H; >; 4; 12; 2; 56; 56; 2
9; 9H; >; 5; 3; 2; 3; 3; 2
9; 9H; >; 6; 1; 2; 7; 7; 2
9; 9R; <; 1; 1; 2; 0; 0; 1
9; 9R; <; 2; 3; 2; 4; 4; 1
9; 9R; <; 3; 12; 2; 11; 11; 1
9; 9R; <; 4; 13; 2; 27; 27; 1
9; 9R; <; 5; 24; 2; 32; 32; 1
9; 9R; <; 6; 21; 2; 37; 37; 1
9; 9R; <; 1; 1; 2; 30; 30; 2
9; 9R; <; 2; 3; 2; 34; 34; 2
9; 9R; <; 3; 12; 2; 41; 41; 2
9; 9R; <; 4; 13; 2; 57; 57; 2
9; 9R; <; 5; 24; 2; 2; 2; 2
9; 9R; <; 6; 21; 2; 7; 7; 2
10; 10H; >; 1; 20; 4; 35; 35; 1
10; 10H; >; 2; 21; 4; 41; 41; 1
10; 10H; >; 3; 22; 4; 46; 46; 1
10; 10H; >; 4; 23; 4; 51; 51; 1
10; 10H; >; 5; 24; 4; 56; 56; 1
10; 10H; >; 6; 13; 4; 1; 1; 1
10; 10H; >; 1; 20; 4; 50; 50; 2
10; 10H; >; 2; 21; 4; 56; 56; 2
10; 10H; >; 3; 22; 4; 1; 1; 2
10; 10H; >; 4; 23; 4; 6; 6; 2
10; 10H; >; 5; 24; 4; 11; 11; 2
10; 10H; >; 6; 13; 4; 16; 16; 2
10; 10H; >; 1; 20; 4; 5; 5; 3
10; 10H; >; 2; 21; 4; 11; 11; 3
10; 10H; >; 3; 22; 4; 16; 16; 3
10; 10H; >; 4; 23; 4; 21; 21; 3
10; 10H; >; 5; 24; 4; 26; 26; 3
10; 10H; >; 6; 13; 4; 31; 31; 3
10; 10H; >; 1; 20; 4; 20; 20; 4
10; 10H; >; 2; 21; 4; 26; 26; 4
10; 10H; >; 3; 22; 4; 31; 31; 4
10; 10H; >; 4; 23; 4; 36; 36; 4
10; 10H; >; 5; 24; 4; 41; 41; 4
10; 10H; >; 6; 13; 4; 46; 46; 4
10; 10R; <; 1; 13; 4; 7; 7; 1
10; 10R; <; 2; 24; 4; 12; 12; 1
10; 10R; <; 3; 23; 4; 17; 17; 1
10; 10R; <; 4; 22; 4; 22; 22; 1
10; 10R; <; 5; 21; 4; 27; 27; 1
10; 10R; <; 6; 20; 4; 33; 33; 1
10; 10R; <; 1; 13; 4; 22; 22; 2
10; 10R; <; 2; 24; 4; 27; 27; 2
10; 10R; <; 3; 23; 4; 32; 32; 2
10; 10R; <; 4; 22; 4; 37; 37; 2
10; 10R; <; 5; 21; 4; 42; 42; 2
10; 10R; <; 6; 20; 4; 48; 48; 2
10; 10R; <; 1; 13; 4; 37; 37; 3
10; 10R; <; 2; 24; 4; 42; 42; 3
10; 10R; <; 3; 23; 4; 47; 47; 3
10; 10R; <; 4; 22; 4; 52; 52; 3
10; 10R; <; 5; 21; 4; 57; 57; 3
10; 10R; <; 6; 20; 4; 3; 3; 3
10; 10R; <; 1; 13; 4; 52; 52; 4
10; 10R; <; 2; 24; 4; 57; 57; 4
10; 10R; <; 3; 23; 4; 2; 2; 4
10; 10R; <; 4; 22; 4; 7; 7; 4
10; 10R; <; 5; 21; 4; 12; 12; 4
10; 10R; <; 6; 20; 4; 18; 18; 4
11; 11H; >; 1; 19; 8; 14; 14; 1
11; 11H; >; 2; 17; 8; 18; 18; 1
11; 11H; >; 3; 16; 8; 22; 22; 1
11; 11H; >; 4; 10; 8; 28; 28; 1
11; 11H; >; 5; 11; 8; 33; 33; 1
11; 11H; >; 6; 14; 8; 41; 41; 1
11; 11H; >; 1; 19; 8; 21; 21; 2
11; 11H; >; 2; 17; 8; 25; 25; 2
11; 11H; >; 3; 16; 8; 29; 29; 2
11; 11H; >; 4; 10; 8; 35; 35; 2
11; 11H; >; 5; 11; 8; 40; 40; 2
11; 11H; >; 6; 14; 8; 48; 48; 2
11; 11H; >; 1; 19; 8; 29; 29; 3
11; 11H; >; 2; 17; 8; 33; 33; 3
11; 11H; >; 3; 16; 8; 37; 37; 3
11; 11H; >; 4; 10; 8; 43; 43; 3
11; 11H; >; 5; 11; 8; 48; 48; 3
11; 11H; >; 6; 14; 8; 56; 56; 3
11; 11H; >; 1; 19; 8; 36; 36; 4
11; 11H; >; 2; 17; 8; 40; 40; 4
11; 11H; >; 3; 16; 8; 44; 44; 4
11; 11H; >; 4; 10; 8; 50; 50; 4
11; 11H; >; 5; 11; 8; 55; 55; 4
11; 11H; >; 6; 14; 8; 3; 3; 4
11; 11H; >; 1; 19; 8; 44; 44; 5
11; 11H; >; 2; 17; 8; 48; 48; 5
11; 11H; >; 3; 16; 8; 52; 52; 5
11; 11H; >; 4; 10; 8; 58; 58; 5
11; 11H; >; 5; 11; 8; 3; 3; 5
11; 11H; >; 6; 14; 8; 11; 11; 5
11; 11H; >; 1; 19; 8; 51; 51; 6
11; 11H; >; 2; 17; 8; 55; 55; 6
11; 11H; >; 3; 16; 8; 59; 59; 6
11; 11H; >; 4; 10; 8; 5; 5; 6
11; 11H; >; 5; 11; 8; 10; 10; 6
11; 11H; >; 6; 14; 8; 18; 18; 6
11; 11H; >; 1; 19; 8; 59; 59; 7
11; 11H; >; 2; 17; 8; 3; 3; 7
11; 11H; >; 3; 16; 8; 7; 7; 7
11; 11H; >; 4; 10; 8; 13; 13; 7
11; 11H; >; 5; 11; 8; 18; 18; 7
11; 11H; >; 6; 14; 8; 26; 26; 7
11; 11H; >; 1; 19; 8; 6; 6; 8
11; 11H; >; 2; 17; 8; 10; 10; 8
11; 11H; >; 3; 16; 8; 14; 14; 8
11; 11H; >; 4; 10; 8; 20; 20; 8
11; 11H; >; 5; 11; 8; 25; 25; 8
11; 11H; >; 6; 14; 8; 33; 33; 8
11; 11R; <; 1; 14; 8; 30; 30; 1
11; 11R; <; 2; 11; 8; 38; 38; 1
11; 11R; <; 3; 10; 8; 43; 43; 1
11; 11R; <; 4; 16; 8; 49; 49; 1
11; 11R; <; 5; 17; 8; 53; 53; 1
11; 11R; <; 6; 19; 8; 57; 57; 1
11; 11R; <; 1; 14; 8; 37; 37; 2
11; 11R; <; 2; 11; 8; 45; 45; 2
11; 11R; <; 3; 10; 8; 50; 50; 2
11; 11R; <; 4; 16; 8; 56; 56; 2
11; 11R; <; 5; 17; 8; 0; 0; 2
11; 11R; <; 6; 19; 8; 4; 4; 2
11; 11R; <; 1; 14; 8; 45; 45; 3
11; 11R; <; 2; 11; 8; 53; 53; 3
11; 11R; <; 3; 10; 8; 58; 58; 3
11; 11R; <; 4; 16; 8; 4; 4; 3
11; 11R; <; 5; 17; 8; 8; 8; 3
11; 11R; <; 6; 19; 8; 12; 12; 3
11; 11R; <; 1; 14; 8; 52; 52; 4
11; 11R; <; 2; 11; 8; 0; 0; 4
11; 11R; <; 3; 10; 8; 5; 5; 4
11; 11R; <; 4; 16; 8; 11; 11; 4
11; 11R; <; 5; 17; 8; 15; 15; 4
11; 11R; <; 6; 19; 8; 19; 19; 4
11; 11R; <; 1; 14; 8; 0; 0; 5
11; 11R; <; 2; 11; 8; 8; 8; 5
11; 11R; <; 3; 10; 8; 13; 13; 5
11; 11R; <; 4; 16; 8; 19; 19; 5
11; 11R; <; 5; 17; 8; 23; 23; 5
11; 11R; <; 6; 19; 8; 27; 27; 5
11; 11R; <; 1; 14; 8; 7; 7; 6
11; 11R; <; 2; 11; 8; 15; 15; 6
11; 11R; <; 3; 10; 8; 20; 20; 6
11; 11R; <; 4; 16; 8; 26; 26; 6
11; 11R; <; 5; 17; 8; 30; 30; 6
11; 11R; <; 6; 19; 8; 34; 34; 6
11; 11R; <; 1; 14; 8; 15; 15; 7
11; 11R; <; 2; 11; 8; 23; 23; 7
11; 11R; <; 3; 10; 8; 28; 28; 7
11; 11R; <; 4; 16; 8; 34; 34; 7
11; 11R; <; 5; 17; 8; 38; 38; 7
11; 11R; <; 6; 19; 8; 42; 42; 7
11; 11R; <; 1; 14; 8; 22; 22; 8
11; 11R; <; 2; 11; 8; 30; 30; 8
11; 11R; <; 3; 10; 8; 35; 35; 8
11; 11R; <; 4; 16; 8; 41; 41; 8
11; 11R; <; 5; 17; 8; 45; 45; 8
11; 11R; <; 6; 19; 8; 49; 49; 8
12; 12H; >; 1; 19; 4; 29; 29; 1
12; 12H; >; 2; 17; 4; 33; 33; 1
12; 12H; >; 3; 16; 4; 37; 37; 1
12; 12H; >; 4; 10; 4; 43; 43; 1
12; 12H; >; 5; 11; 4; 48; 48; 1
12; 12H; >; 6; 12; 4; 53; 53; 1
12; 12H; >; 1; 19; 4; 44; 44; 2
12; 12H; >; 2; 17; 4; 48; 48; 2
12; 12H; >; 3; 16; 4; 52; 52; 2
12; 12H; >; 4; 10; 4; 58; 58; 2
12; 12H; >; 5; 11; 4; 3; 3; 2
12; 12H; >; 6; 12; 4; 8; 8; 2
12; 12H; >; 1; 19; 4; 59; 59; 3
12; 12H; >; 2; 17; 4; 3; 3; 3
12; 12H; >; 3; 16; 4; 7; 7; 3
12; 12H; >; 4; 10; 4; 13; 13; 3
12; 12H; >; 5; 11; 4; 18; 18; 3
12; 12H; >; 6; 12; 4; 23; 23; 3
12; 12H; >; 1; 19; 4; 14; 14; 4
12; 12H; >; 2; 17; 4; 18; 18; 4
12; 12H; >; 3; 16; 4; 22; 22; 4
12; 12H; >; 4; 10; 4; 28; 28; 4
12; 12H; >; 5; 11; 4; 33; 33; 4
12; 12H; >; 6; 12; 4; 38; 38; 4
12; 12R; <; 1; 12; 4; 39; 39; 1
12; 12R; <; 2; 11; 4; 44; 44; 1
12; 12R; <; 3; 10; 4; 49; 49; 1
12; 12R; <; 4; 16; 4; 55; 55; 1
12; 12R; <; 5; 17; 4; 59; 59; 1
12; 12R; <; 6; 19; 4; 3; 3; 1
12; 12R; <; 1; 12; 4; 54; 54; 2
12; 12R; <; 2; 11; 4; 59; 59; 2
12; 12R; <; 3; 10; 4; 4; 4; 2
12; 12R; <; 4; 16; 4; 10; 10; 2
12; 12R; <; 5; 17; 4; 14; 14; 2
12; 12R; <; 6; 19; 4; 18; 18; 2
12; 12R; <; 1; 12; 4; 9; 9; 3
12; 12R; <; 2; 11; 4; 14; 14; 3
12; 12R; <; 3; 10; 4; 19; 19; 3
12; 12R; <; 4; 16; 4; 25; 25; 3
12; 12R; <; 5; 17; 4; 29; 29; 3
12; 12R; <; 6; 19; 4; 33; 33; 3
12; 12R; <; 1; 12; 4; 24; 24; 4
12; 12R; <; 2; 11; 4; 29; 29; 4
12; 12R; <; 3; 10; 4; 34; 34; 4
12; 12R; <; 4; 16; 4; 40; 40; 4
12; 12R; <; 5; 17; 4; 44; 44; 4
12; 12R; <; 6; 19; 4; 48; 48; 4
13; 13H; >; 1; 19; 3; 0; 0; 1
13; 13H; >; 2; 17; 3; 4; 4; 1
13; 13H; >; 3; 16; 3; 8; 8; 1
13; 13H; >; 4; 10; 3; 14; 14; 1
13; 13H; >; 5; 9; 3; 18; 18; 1
13; 13H; >; 6; 5; 3; 22; 22; 1
13; 13H; >; 1; 19; 3; 20; 20; 2
13; 13H; >; 2; 17; 3; 24; 24; 2
13; 13H; >; 3; 16; 3; 28; 28; 2
13; 13H; >; 4; 10; 3; 34; 34; 2
13; 13H; >; 5; 9; 3; 38; 38; 2
13; 13H; >; 6; 5; 3; 42; 42; 2
13; 13H; >; 1; 19; 3; 40; 40; 3
13; 13H; >; 2; 17; 3; 44; 44; 3
13; 13H; >; 3; 16; 3; 48; 48; 3
13; 13H; >; 4; 10; 3; 54; 54; 3
13; 13H; >; 5; 9; 3; 58; 58; 3
13; 13H; >; 6; 5; 3; 2; 2; 3
13; 13R; <; 1; 5; 3; 0; 0; 1
13; 13R; <; 2; 9; 3; 4; 4; 1
13; 13R; <; 3; 10; 3; 8; 8; 1
13; 13R; <; 4; 16; 3; 14; 14; 1
13; 13R; <; 5; 17; 3; 18; 18; 1
13; 13R; <; 6; 19; 3; 22; 22; 1
13; 13R; <; 1; 5; 3; 20; 20; 2
13; 13R; <; 2; 9; 3; 24; 24; 2
13; 13R; <; 3; 10; 3; 28; 28; 2
13; 13R; <; 4; 16; 3; 34; 34; 2
13; 13R; <; 5; 17; 3; 38; 38; 2
13; 13R; <; 6; 19; 3; 42; 42; 2
13; 13R; <; 1; 5; 3; 40; 40; 3
13; 13R; <; 2; 9; 3; 44; 44; 3
13; 13R; <; 3; 10; 3; 48; 48; 3
13; 13R; <; 4; 16; 3; 54; 54; 3
13; 13R; <; 5; 17; 3; 58; 58; 3
13; 13R; <; 6; 19; 3; 2; 2; 3
14; 14H; >; 1; 19; 1; 0; 0; 1
14; 14H; >; 2; 17; 1; 4; 4; 1
14; 14H; >; 3; 16; 1; 8; 8; 1
14; 14H; >; 4; 8; 1; 12; 12; 1
14; 14H; >; 5; 7; 1; 18; 18; 1
14; 14H; >; 6; 18; 1; 22; 22; 1
14; 14R; <; 1; 18; 1; 0; 0; 1
14; 14R; <; 2; 7; 1; 4; 4; 1
14; 14R; <; 3; 8; 1; 10; 10; 1
14; 14R; <; 4; 16; 1; 14; 14; 1
14; 14R; <; 5; 17; 1; 18; 18; 1
14; 14R; <; 6; 19; 1; 22; 22; 1
15; 15H; >; 1; 19; 4; 0; 0; 1
15; 15H; >; 2; 17; 4; 4; 4; 1
15; 15H; >; 3; 16; 4; 8; 8; 1
15; 15H; >; 4; 8; 4; 12; 12; 1
15; 15H; >; 5; 6; 4; 16; 16; 1
15; 15H; >; 6; 2; 4; 20; 20; 1
15; 15H; >; 1; 19; 4; 15; 15; 2
15; 15H; >; 2; 17; 4; 19; 19; 2
15; 15H; >; 3; 16; 4; 23; 23; 2
15; 15H; >; 4; 8; 4; 27; 27; 2
15; 15H; >; 5; 6; 4; 31; 31; 2
15; 15H; >; 6; 2; 4; 35; 35; 2
15; 15H; >; 1; 19; 4; 30; 30; 3
15; 15H; >; 2; 17; 4; 34; 34; 3
15; 15H; >; 3; 16; 4; 38; 38; 3
15; 15H; >; 4; 8; 4; 42; 42; 3
15; 15H; >; 5; 6; 4; 46; 46; 3
15; 15H; >; 6; 2; 4; 50; 50; 3
15; 15H; >; 1; 19; 4; 45; 45; 4
15; 15H; >; 2; 17; 4; 49; 49; 4
15; 15H; >; 3; 16; 4; 53; 53; 4
15; 15H; >; 4; 8; 4; 57; 57; 4
15; 15H; >; 5; 6; 4; 1; 1; 4
15; 15H; >; 6; 2; 4; 5; 5; 4
15; 15R; <; 1; 2; 4; 0; 0; 1
15; 15R; <; 2; 6; 4; 4; 4; 1
15; 15R; <; 3; 8; 4; 8; 8; 1
15; 15R; <; 4; 16; 4; 12; 12; 1
15; 15R; <; 5; 17; 4; 16; 16; 1
15; 15R; <; 6; 19; 4; 20; 20; 1
15; 15R; <; 1; 2; 4; 15; 15; 2
15; 15R; <; 2; 6; 4; 19; 19; 2
15; 15R; <; 3; 8; 4; 23; 23; 2
15; 15R; <; 4; 16; 4; 27; 27; 2
15; 15R; <; 5; 17; 4; 31; 31; 2
15; 15R; <; 6; 19; 4; 35; 35; 2
15; 15R; <; 1; 2; 4; 30; 30; 3
15; 15R; <; 2; 6; 4; 34; 34; 3
15; 15R; <; 3; 8; 4; 38; 38; 3
15; 15R; <; 4; 16; 4; 42; 42; 3
15; 15R; <; 5; 17; 4; 46; 46; 3
15; 15R; <; 6; 19; 4; 50; 50; 3
15; 15R; <; 1; 2; 4; 45; 45; 4
15; 15R; <; 2; 6; 4; 49; 49; 4
15; 15R; <; 3; 8; 4; 53; 53; 4
15; 15R; <; 4; 16; 4; 57; 57; 4
15; 15R; <; 5; 17; 4; 1; 1; 4
15; 15R; <; 6; 19; 4; 5; 5; 4
16; 16H; >; 1; 23; 1; 0; 0; 1
16; 16H; >; 2; 14; 1; 4; 4; 1
16; 16H; >; 3; 11; 1; 12; 12; 1
16; 16H; >; 4; 4; 1; 19; 19; 1
16; 16H; >; 5; 3; 1; 24; 24; 1
16; 16H; >; 6; 1; 1; 28; 28; 1
16; 16R; <; 1; 1; 1; 0; 0; 1
16; 16R; <; 2; 3; 1; 4; 4; 1
16; 16R; <; 3; 4; 1; 9; 9; 1
16; 16R; <; 4; 11; 1; 16; 16; 1
16; 16R; <; 5; 14; 1; 24; 24; 1
16; 16R; <; 6; 23; 1; 28; 28; 1
17; 17H; >; 1; 12; 1; 0; 0; 1
17; 17H; >; 2; 11; 1; 5; 5; 1
17; 17H; >; 3; 10; 1; 10; 10; 1
17; 17H; >; 4; 16; 1; 16; 16; 1
17; 17H; >; 5; 18; 1; 22; 22; 1
17; 17H; >; 6; 7; 1; 26; 26; 1
17; 17R; <; 1; 7; 1; 0; 0; 1
17; 17R; <; 2; 18; 1; 4; 4; 1
17; 17R; <; 3; 16; 1; 10; 10; 1
17; 17R; <; 4; 10; 1; 16; 16; 1
17; 17R; <; 5; 11; 1; 21; 21; 1
17; 17R; <; 6; 12; 1; 26; 26; 1
18; 18H; >; 1; 17; 2; 0; 0; 1
18; 18H; >; 2; 10; 2; 7; 7; 1
18; 18H; >; 3; 9; 2; 11; 11; 1
18; 18H; >; 4; 5; 2; 15; 15; 1
18; 18H; >; 5; 6; 2; 21; 21; 1
18; 18H; >; 6; 2; 2; 25; 25; 1
18; 18H; >; 1; 17; 2; 30; 30; 2
18; 18H; >; 2; 10; 2; 37; 37; 2
18; 18H; >; 3; 9; 2; 41; 41; 2
18; 18H; >; 4; 5; 2; 45; 45; 2
18; 18H; >; 5; 6; 2; 51; 51; 2
18; 18H; >; 6; 2; 2; 55; 55; 2
18; 18R; <; 1; 2; 2; 0; 0; 1
18; 18R; <; 2; 6; 2; 4; 4; 1
18; 18R; <; 3; 5; 2; 10; 10; 1
18; 18R; <; 4; 9; 2; 14; 14; 1
18; 18R; <; 5; 10; 2; 18; 18; 1
18; 18R; <; 6; 17; 2; 25; 25; 1
18; 18R; <; 1; 2; 2; 30; 30; 2
18; 18R; <; 2; 6; 2; 34; 34; 2
18; 18R; <; 3; 5; 2; 40; 40; 2
18; 18R; <; 4; 9; 2; 44; 44; 2
18; 18R; <; 5; 10; 2; 48; 48; 2
18; 18R; <; 6; 17; 2; 55; 55; 2
21; 21H; >; 1; 23; 1; 0; 0; 1
21; 21H; >; 2; 14; 1; 4; 4; 1
21; 21H; >; 3; 15; 1; 9; 9; 1
21; 21H; >; 4; 19; 1; 15; 15; 1
21; 21H; >; 5; 20; 1; 23; 23; 1
21; 21R; <; 1; 20; 1; 0; 0; 1
21; 21R; <; 2; 19; 1; 8; 8; 1
21; 21R; <; 3; 15; 1; 14; 14; 1
21; 21R; <; 4; 14; 1; 19; 19; 1
21; 21R; <; 5; 23; 1; 23; 23; 1
22; 22H; >; 1; 14; 1; 0; 0; 1
22; 22H; >; 2; 11; 1; 8; 8; 1
22; 22H; >; 3; 10; 1; 13; 13; 1
22; 22H; >; 4; 9; 1; 17; 17; 1
22; 22H; >; 5; 5; 1; 21; 21; 1
22; 22R; <; 1; 5; 1; 0; 0; 1
22; 22R; <; 2; 9; 1; 4; 4; 1
22; 22R; <; 3; 10; 1; 8; 8; 1
22; 22R; <; 4; 11; 1; 13; 13; 1
22; 22R; <; 5; 14; 1; 21; 21; 1
23; 23H; >; 1; 14; 1; 0; 0; 1
23; 23H; >; 2; 11; 1; 8; 8; 1
23; 23H; >; 3; 4; 1; 15; 15; 1
23; 23H; >; 4; 3; 1; 20; 20; 1
23; 23H; >; 5; 1; 1; 24; 24; 1
23; 23R; <; 1; 1; 1; 0; 0; 1
23; 23R; <; 2; 3; 1; 4; 4; 1
23; 23R; <; 3; 4; 1; 9; 9; 1
23; 23R; <; 4; 11; 1; 16; 16; 1
23; 23R; <; 5; 14; 1; 24; 24; 1
24; 24H; >; 1; 12; 1; 0; 0; 1
24; 24H; >; 2; 11; 1; 5; 5; 1
24; 24H; >; 3; 10; 1; 10; 10; 1
24; 24H; >; 4; 9; 1; 14; 14; 1
24; 24H; >; 5; 5; 1; 18; 18; 1
24; 24R; <; 1; 5; 1; 0; 0; 1
24; 24R; <; 2; 9; 1; 4; 4; 1
24; 24R; <; 3; 10; 1; 8; 8; 1
24; 24R; <; 4; 11; 1; 13; 13; 1
24; 24R; <; 5; 12; 1; 18; 18; 1
25; 25H; >; 1; 12; 8; 20; 20; 1
25; 25H; >; 2; 11; 8; 25; 25; 1
25; 25H; >; 3; 4; 8; 32; 32; 1
25; 25H; >; 4; 3; 8; 37; 37; 1
25; 25H; >; 5; 1; 8; 41; 41; 1
25; 25H; >; 1; 12; 8; 27; 27; 2
25; 25H; >; 2; 11; 8; 32; 32; 2
25; 25H; >; 3; 4; 8; 39; 39; 2
25; 25H; >; 4; 3; 8; 44; 44; 2
25; 25H; >; 5; 1; 8; 48; 48; 2
25; 25H; >; 1; 12; 8; 35; 35; 3
25; 25H; >; 2; 11; 8; 40; 40; 3
25; 25H; >; 3; 4; 8; 47; 47; 3
25; 25H; >; 4; 3; 8; 52; 52; 3
25; 25H; >; 5; 1; 8; 56; 56; 3
25; 25H; >; 1; 12; 8; 42; 42; 4
25; 25H; >; 2; 11; 8; 47; 47; 4
25; 25H; >; 3; 4; 8; 54; 54; 4
25; 25H; >; 4; 3; 8; 59; 59; 4
25; 25H; >; 5; 1; 8; 3; 3; 4
25; 25H; >; 1; 12; 8; 50; 50; 5
25; 25H; >; 2; 11; 8; 55; 55; 5
25; 25H; >; 3; 4; 8; 2; 2; 5
25; 25H; >; 4; 3; 8; 7; 7; 5
25; 25H; >; 5; 1; 8; 11; 11; 5
25; 25H; >; 1; 12; 8; 57; 57; 6
25; 25H; >; 2; 11; 8; 2; 2; 6
25; 25H; >; 3; 4; 8; 9; 9; 6
25; 25H; >; 4; 3; 8; 14; 14; 6
25; 25H; >; 5; 1; 8; 18; 18; 6
25; 25H; >; 1; 12; 8; 5; 5; 7
25; 25H; >; 2; 11; 8; 10; 10; 7
25; 25H; >; 3; 4; 8; 17; 17; 7
25; 25H; >; 4; 3; 8; 22; 22; 7
25; 25H; >; 5; 1; 8; 26; 26; 7
25; 25H; >; 1; 12; 8; 12; 12; 8
25; 25H; >; 2; 11; 8; 17; 17; 8
25; 25H; >; 3; 4; 8; 24; 24; 8
25; 25H; >; 4; 3; 8; 29; 29; 8
25; 25H; >; 5; 1; 8; 33; 33; 8
25; 25R; <; 1; 1; 8; 42; 42; 1
25; 25R; <; 2; 3; 8; 46; 46; 1
25; 25R; <; 3; 4; 8; 51; 51; 1
25; 25R; <; 4; 11; 8; 58; 58; 1
25; 25R; <; 5; 12; 8; 3; 3; 1
25; 25R; <; 1; 1; 8; 49; 49; 2
25; 25R; <; 2; 3; 8; 53; 53; 2
25; 25R; <; 3; 4; 8; 58; 58; 2
25; 25R; <; 4; 11; 8; 5; 5; 2
25; 25R; <; 5; 12; 8; 10; 10; 2
25; 25R; <; 1; 1; 8; 57; 57; 3
25; 25R; <; 2; 3; 8; 1; 1; 3
25; 25R; <; 3; 4; 8; 6; 6; 3
25; 25R; <; 4; 11; 8; 13; 13; 3
25; 25R; <; 5; 12; 8; 18; 18; 3
25; 25R; <; 1; 1; 8; 4; 4; 4
25; 25R; <; 2; 3; 8; 8; 8; 4
25; 25R; <; 3; 4; 8; 13; 13; 4
25; 25R; <; 4; 11; 8; 20; 20; 4
25; 25R; <; 5; 12; 8; 25; 25; 4
25; 25R; <; 1; 1; 8; 12; 12; 5
25; 25R; <; 2; 3; 8; 16; 16; 5
25; 25R; <; 3; 4; 8; 21; 21; 5
25; 25R; <; 4; 11; 8; 28; 28; 5
25; 25R; <; 5; 12; 8; 33; 33; 5
25; 25R; <; 1; 1; 8; 19; 19; 6
25; 25R; <; 2; 3; 8; 23; 23; 6
25; 25R; <; 3; 4; 8; 28; 28; 6
25; 25R; <; 4; 11; 8; 35; 35; 6
25; 25R; <; 5; 12; 8; 40; 40; 6
25; 25R; <; 1; 1; 8; 27; 27; 7
25; 25R; <; 2; 3; 8; 31; 31; 7
25; 25R; <; 3; 4; 8; 36; 36; 7
25; 25R; <; 4; 11; 8; 43; 43; 7
25; 25R; <; 5; 12; 8; 48; 48; 7
25; 25R; <; 1; 1; 8; 34; 34; 8
25; 25R; <; 2; 3; 8; 38; 38; 8
25; 25R; <; 3; 4; 8; 43; 43; 8
25; 25R; <; 4; 11; 8; 50; 50; 8
25; 25R; <; 5; 12; 8; 55; 55; 8
26; 26H; >; 1; 18; 1; 0; 0; 1
26; 26H; >; 2; 7; 1; 4; 4; 1
26; 26H; >; 3; 8; 1; 10; 10; 1
26; 26H; >; 4; 6; 1; 14; 14; 1
26; 26H; >; 5; 2; 1; 18; 18; 1
26; 26R; <; 1; 2; 1; 0; 0; 1
26; 26R; <; 2; 6; 1; 4; 4; 1
26; 26R; <; 3; 8; 1; 8; 8; 1
26; 26R; <; 4; 7; 1; 14; 14; 1
26; 26R; <; 5; 18; 1; 18; 18; 1
27; 27H; >; 1; 20; 1; 0; 0; 1
27; 27H; >; 2; 22; 1; 8; 8; 1
27; 27H; >; 3; 23; 1; 13; 13; 1
27; 27H; >; 4; 14; 1; 17; 17; 1
27; 27R; <; 1; 14; 1; 0; 0; 1
27; 27R; <; 2; 23; 1; 4; 4; 1
27; 27R; <; 3; 22; 1; 9; 9; 1
27; 27R; <; 4; 20; 1; 17; 17; 1
28; 28H; >; 1; 22; 1; 0; 0; 1
28; 28H; >; 2; 15; 1; 4; 4; 1
28; 28H; >; 3; 19; 1; 10; 10; 1
28; 28H; >; 4; 20; 1; 18; 18; 1
28; 28R; <; 1; 20; 1; 0; 0; 1
28; 28R; <; 2; 19; 1; 8; 8; 1
28; 28R; <; 3; 15; 1; 14; 14; 1
28; 28R; <; 4; 22; 1; 18; 18; 1
29; 29H; >; 1; 14; 1; 0; 0; 1
29; 29H; >; 2; 23; 1; 4; 4; 1
29; 29H; >; 3; 24; 1; 9; 9; 1
29; 29H; >; 4; 13; 1; 14; 14; 1
29; 29R; <; 1; 13; 1; 0; 0; 1
29; 29R; <; 2; 24; 1; 5; 5; 1
29; 29R; <; 3; 23; 1; 10; 10; 1
29; 29R; <; 4; 14; 1; 14; 14; 1
30; 30H; >; 1; 23; 2; 0; 0; 1
30; 30H; >; 2; 14; 2; 4; 4; 1
30; 30H; >; 3; 15; 2; 9; 9; 1
30; 30H; >; 4; 22; 2; 13; 13; 1
30; 30H; >; 1; 23; 2; 30; 30; 2
30; 30H; >; 2; 14; 2; 34; 34; 2
30; 30H; >; 3; 15; 2; 39; 39; 2
30; 30H; >; 4; 22; 2; 43; 43; 2
30; 30R; <; 1; 22; 2; 0; 0; 1
30; 30R; <; 2; 15; 2; 4; 4; 1
30; 30R; <; 3; 14; 2; 9; 9; 1
30; 30R; <; 4; 23; 2; 13; 13; 1
30; 30R; <; 1; 22; 2; 30; 30; 2
30; 30R; <; 2; 15; 2; 34; 34; 2
30; 30R; <; 3; 14; 2; 39; 39; 2
30; 30R; <; 4; 23; 2; 43; 43; 2
31; 31H; >; 1; 16; 4; 0; 0; 1
31; 31H; >; 2; 8; 4; 4; 4; 1
31; 31H; >; 3; 6; 4; 8; 8; 1
31; 31H; >; 4; 2; 4; 12; 12; 1
31; 31H; >; 1; 16; 4; 15; 15; 2
31; 31H; >; 2; 8; 4; 19; 19; 2
31; 31H; >; 3; 6; 4; 23; 23; 2
31; 31H; >; 4; 2; 4; 27; 27; 2
31; 31H; >; 1; 16; 4; 30; 30; 3
31; 31H; >; 2; 8; 4; 34; 34; 3
31; 31H; >; 3; 6; 4; 38; 38; 3
31; 31H; >; 4; 2; 4; 42; 42; 3
31; 31H; >; 1; 16; 4; 45; 45; 4
31; 31H; >; 2; 8; 4; 49; 49; 4
31; 31H; >; 3; 6; 4; 53; 53; 4
31; 31H; >; 4; 2; 4; 57; 57; 4
31; 31R; <; 1; 2; 4; 0; 0; 1
31; 31R; <; 2; 6; 4; 4; 4; 1
31; 31R; <; 3; 8; 4; 8; 8; 1
31; 31R; <; 4; 16; 4; 12; 12; 1
31; 31R; <; 1; 2; 4; 15; 15; 2
31; 31R; <; 2; 6; 4; 19; 19; 2
31; 31R; <; 3; 8; 4; 23; 23; 2
31; 31R; <; 4; 16; 4; 27; 27; 2
31; 31R; <; 1; 2; 4; 30; 30; 3
31; 31R; <; 2; 6; 4; 34; 34; 3
31; 31R; <; 3; 8; 4; 38; 38; 3
31; 31R; <; 4; 16; 4; 42; 42; 3
31; 31R; <; 1; 2; 4; 45; 45; 4
31; 31R; <; 2; 6; 4; 49; 49; 4
31; 31R; <; 3; 8; 4; 53; 53; 4
31; 31R; <; 4; 16; 4; 57; 57; 4
35; 35H; >; 1; 1; 1; 0; 0; 1
35; 35H; >; 2; 3; 1; 4; 4; 1
35; 35H; >; 3; 12; 1; 11; 11; 1
35; 35H; >; 4; 11; 1; 16; 16; 1
35; 35R; <; 1; 11; 1; 0; 0; 1
35; 35R; <; 2; 12; 1; 5; 5; 1
35; 35R; <; 3; 3; 1; 12; 12; 1
35; 35R; <; 4; 1; 1; 16; 16; 1
39; 39H; >; 1; 14; 1; 0; 0; 1
39; 39H; >; 2; 11; 1; 8; 8; 1
39; 39H; >; 3; 12; 1; 13; 13; 1
39; 39R; <; 1; 12; 1; 0; 0; 1
39; 39R; <; 2; 11; 1; 5; 5; 1
39; 39R; <; 3; 14; 1; 13; 13; 1
44; 44H; >; 1; 19; 1; 0; 0; 1
44; 44H; >; 2; 20; 1; 8; 8; 1
44; 44R; <; 1; 20; 1; 0; 0; 1
44; 44R; <; 2; 19; 1; 8; 8; 1
45; 45H; >; 1; 16; 1; 0; 0; 1
45; 45H; >; 2; 18; 1; 6; 6; 1
45; 45R; <; 1; 18; 1; 0; 0; 1
45; 45R; <; 2; 16; 1; 6; 6; 1
54; 54H; >; 1; 1; 1; 0; 0; 1
54; 54H; >; 2; 2; 1; 16; 16; 1
54; 54R; <; 1; 2; 1; 0; 0; 1
54; 54R; <; 2; 1; 1; 16; 16; 1
55; 55H; >; 1; 3; 1; 0; 0; 1
55; 55H; >; 2; 4; 1; 5; 5; 1
55; 55H; >; 3; 5; 1; 10; 10; 1
55; 55H; >; 4; 6; 1; 16; 16; 1
55; 55R; <; 1; 6; 1; 0; 0; 1
55; 55R; <; 2; 5; 1; 6; 6; 1
55; 55R; <; 3; 4; 1; 11; 11; 1
55; 55R; <; 4; 3; 1; 16; 16; 1
56; 56H; >; 1; 12; 1; 0; 0; 1
56; 56H; >; 2; 11; 1; 5; 5; 1
56; 56H; >; 3; 10; 1; 10; 10; 1
56; 56H; >; 4; 16; 1; 16; 16; 1
56; 56H; >; 5; 18; 1; 22; 22; 1
56; 56R; <; 1; 18; 1; 0; 0; 1
56; 56R; <; 2; 16; 1; 6; 6; 1
56; 56R; <; 3; 10; 1; 12; 12; 1
56; 56R; <; 4; 11; 1; 17; 17; 1
56; 56R; <; 5; 12; 1; 22; 22; 1
57; 57H; >; 1; 9; 1; 0; 0; 1
57; 57H; >; 2; 8; 1; 6; 6; 1
57; 57H; >; 3; 7; 1; 12; 12; 1
57; 57R; <; 1; 7; 1; 0; 0; 1
57; 57R; <; 2; 8; 1; 6; 6; 1
57; 57R; <; 3; 9; 1; 12; 12; 1
58; 58H; >; 1; 12; 7; 29; 29; 1
58; 58H; >; 2; 11; 7; 34; 34; 1
58; 58H; >; 3; 10; 7; 39; 39; 1
58; 58H; >; 4; 17; 7; 46; 46; 1
58; 58H; >; 1; 12; 7; 37; 37; 2
58; 58H; >; 2; 11; 7; 42; 42; 2
58; 58H; >; 3; 10; 7; 47; 47; 2
58; 58H; >; 4; 17; 7; 54; 54; 2
58; 58H; >; 1; 12; 7; 46; 46; 3
58; 58H; >; 2; 11; 7; 51; 51; 3
58; 58H; >; 3; 10; 7; 56; 56; 3
58; 58H; >; 4; 17; 7; 3; 3; 3
58; 58H; >; 1; 12; 7; 54; 54; 4
58; 58H; >; 2; 11; 7; 59; 59; 4
58; 58H; >; 3; 10; 7; 4; 4; 4
58; 58H; >; 4; 17; 7; 11; 11; 4
58; 58H; >; 1; 12; 7; 3; 3; 5
58; 58H; >; 2; 11; 7; 8; 8; 5
58; 58H; >; 3; 10; 7; 13; 13; 5
58; 58H; >; 4; 17; 7; 20; 20; 5
58; 58H; >; 1; 12; 7; 11; 11; 6
58; 58H; >; 2; 11; 7; 16; 16; 6
58; 58H; >; 3; 10; 7; 21; 21; 6
58; 58H; >; 4; 17; 7; 28; 28; 6
58; 58H; >; 1; 12; 7; 20; 20; 7
58; 58H; >; 2; 11; 7; 25; 25; 7
58; 58H; >; 3; 10; 7; 30; 30; 7
58; 58H; >; 4; 17; 7; 37; 37; 7
58; 58R; <; 1; 17; 7; 6; 6; 1
58; 58R; <; 2; 10; 7; 13; 13; 1
58; 58R; <; 3; 11; 7; 18; 18; 1
58; 58R; <; 4; 12; 7; 23; 23; 1
58; 58R; <; 1; 17; 7; 14; 14; 2
58; 58R; <; 2; 10; 7; 21; 21; 2
58; 58R; <; 3; 11; 7; 26; 26; 2
58; 58R; <; 4; 12; 7; 31; 31; 2
58; 58R; <; 1; 17; 7; 23; 23; 3
58; 58R; <; 2; 10; 7; 30; 30; 3
58; 58R; <; 3; 11; 7; 35; 35; 3
58; 58R; <; 4; 12; 7; 40; 40; 3
58; 58R; <; 1; 17; 7; 31; 31; 4
58; 58R; <; 2; 10; 7; 38; 38; 4
58; 58R; <; 3; 11; 7; 43; 43; 4
58; 58R; <; 4; 12; 7; 48; 48; 4
58; 58R; <; 1; 17; 7; 40; 40; 5
58; 58R; <; 2; 10; 7; 47; 47; 5
58; 58R; <; 3; 11; 7; 52; 52; 5
58; 58R; <; 4; 12; 7; 57; 57; 5
58; 58R; <; 1; 17; 7; 48; 48; 6
58; 58R; <; 2; 10; 7; 55; 55; 6
58; 58R; <; 3; 11; 7; 0; 0; 6
58; 58R; <; 4; 12; 7; 5; 5; 6
58; 58R; <; 1; 17; 7; 57; 57; 7
58; 58R; <; 2; 10; 7; 4; 4; 7
58; 58R; <; 3; 11; 7; 9; 9; 7
58; 58R; <; 4; 12; 7; 14; 14; 7
59; 59H; >; 1; 14; 1; 0; 0; 1
59; 59H; >; 2; 15; 1; 5; 5; 1
59; 59H; >; 3; 19; 1; 11; 11; 1
59; 59R; <; 1; 19; 1; 0; 0; 1
59; 59R; <; 2; 15; 1; 6; 6; 1
59; 59R; <; 3; 14; 1; 11; 11; 1
60; 60H; >; 1; 23; 2; 0; 0; 1
60; 60H; >; 2; 22; 2; 5; 5; 1
60; 60H; >; 3; 20; 2; 13; 13; 1
60; 60H; >; 1; 23; 2; 30; 30; 2
60; 60H; >; 2; 22; 2; 35; 35; 2
60; 60H; >; 3; 20; 2; 43; 43; 2
60; 60R; <; 1; 20; 2; 0; 0; 1
60; 60R; <; 2; 22; 2; 8; 8; 1
60; 60R; <; 3; 23; 2; 13; 13; 1
60; 60R; <; 1; 20; 2; 30; 30; 2
60; 60R; <; 2; 22; 2; 38; 38; 2
60; 60R; <; 3; 23; 2; 43; 43; 2
61; 61H; >; 1; 13; 2; 31; 31; 1
61; 61H; >; 2; 24; 2; 36; 36; 1
61; 61H; >; 3; 21; 2; 41; 41; 1
61; 61H; >; 4; 20; 2; 47; 47; 1
61; 61H; >; 1; 13; 2; 1; 1; 2
61; 61H; >; 2; 24; 2; 6; 6; 2
61; 61H; >; 3; 21; 2; 11; 11; 2
61; 61H; >; 4; 20; 2; 17; 17; 2
61; 61R; <; 1; 20; 2; 11; 11; 1
61; 61R; <; 2; 21; 2; 17; 17; 1
61; 61R; <; 3; 24; 2; 22; 22; 1
61; 61R; <; 4; 13; 2; 27; 27; 1
61; 61R; <; 1; 20; 2; 41; 41; 2
61; 61R; <; 2; 21; 2; 47; 47; 2
61; 61R; <; 3; 24; 2; 52; 52; 2
61; 61R; <; 4; 13; 2; 57; 57; 2
62; 62H; >; 1; 1; 4; 15; 15; 1
62; 62H; >; 2; 3; 4; 19; 19; 1
62; 62H; >; 3; 12; 4; 26; 26; 1
62; 62H; >; 4; 13; 4; 42; 42; 1
62; 62H; >; 1; 1; 4; 30; 30; 2
62; 62H; >; 2; 3; 4; 34; 34; 2
62; 62H; >; 3; 12; 4; 41; 41; 2
62; 62H; >; 4; 13; 4; 57; 57; 2
62; 62H; >; 1; 1; 4; 45; 45; 3
62; 62H; >; 2; 3; 4; 49; 49; 3
62; 62H; >; 3; 12; 4; 56; 56; 3
62; 62H; >; 4; 13; 4; 12; 12; 3
62; 62H; >; 1; 1; 4; 0; 0; 4
62; 62H; >; 2; 3; 4; 4; 4; 4
62; 62H; >; 3; 12; 4; 11; 11; 4
62; 62H; >; 4; 13; 4; 27; 27; 4
62; 62R; <; 1; 13; 4; 5; 5; 1
62; 62R; <; 2; 12; 4; 21; 21; 1
62; 62R; <; 3; 3; 4; 28; 28; 1
62; 62R; <; 4; 1; 4; 32; 32; 1
62; 62R; <; 1; 13; 4; 20; 20; 2
62; 62R; <; 2; 12; 4; 36; 36; 2
62; 62R; <; 3; 3; 4; 43; 43; 2
62; 62R; <; 4; 1; 4; 47; 47; 2
62; 62R; <; 1; 13; 4; 35; 35; 3
62; 62R; <; 2; 12; 4; 51; 51; 3
62; 62R; <; 3; 3; 4; 58; 58; 3
62; 62R; <; 4; 1; 4; 2; 2; 3
62; 62R; <; 1; 13; 4; 50; 50; 4
62; 62R; <; 2; 12; 4; 6; 6; 4
62; 62R; <; 3; 3; 4; 13; 13; 4
62; 62R; <; 4; 1; 4; 17; 17; 4
63; 63H; >; 1; 4; 5; 42; 42; 1
63; 63H; >; 2; 11; 5; 49; 49; 1
63; 63H; >; 3; 14; 5; 57; 57; 1
63; 63H; >; 4; 23; 5; 1; 1; 1
63; 63H; >; 5; 24; 5; 6; 6; 1
63; 63H; >; 1; 4; 5; 54; 54; 2
63; 63H; >; 2; 11; 5; 1; 1; 2
63; 63H; >; 3; 14; 5; 9; 9; 2
63; 63H; >; 4; 23; 5; 13; 13; 2
63; 63H; >; 5; 24; 5; 18; 18; 2
63; 63H; >; 1; 4; 5; 6; 6; 3
63; 63H; >; 2; 11; 5; 13; 13; 3
63; 63H; >; 3; 14; 5; 21; 21; 3
63; 63H; >; 4; 23; 5; 25; 25; 3
63; 63H; >; 5; 24; 5; 30; 30; 3
63; 63H; >; 1; 4; 5; 18; 18; 4
63; 63H; >; 2; 11; 5; 25; 25; 4
63; 63H; >; 3; 14; 5; 33; 33; 4
63; 63H; >; 4; 23; 5; 37; 37; 4
63; 63H; >; 5; 24; 5; 42; 42; 4
63; 63H; >; 1; 4; 5; 30; 30; 5
63; 63H; >; 2; 11; 5; 37; 37; 5
63; 63H; >; 3; 14; 5; 45; 45; 5
63; 63H; >; 4; 23; 5; 49; 49; 5
63; 63H; >; 5; 24; 5; 54; 54; 5
63; 63R; <; 1; 24; 5; 22; 22; 1
63; 63R; <; 2; 23; 5; 27; 27; 1
63; 63R; <; 3; 14; 5; 31; 31; 1
63; 63R; <; 4; 11; 5; 39; 39; 1
63; 63R; <; 5; 4; 5; 46; 46; 1
63; 63R; <; 1; 24; 5; 34; 34; 2
63; 63R; <; 2; 23; 5; 39; 39; 2
63; 63R; <; 3; 14; 5; 43; 43; 2
63; 63R; <; 4; 11; 5; 51; 51; 2
63; 63R; <; 5; 4; 5; 58; 58; 2
63; 63R; <; 1; 24; 5; 46; 46; 3
63; 63R; <; 2; 23; 5; 51; 51; 3
63; 63R; <; 3; 14; 5; 55; 55; 3
63; 63R; <; 4; 11; 5; 3; 3; 3
63; 63R; <; 5; 4; 5; 10; 10; 3
63; 63R; <; 1; 24; 5; 58; 58; 4
63; 63R; <; 2; 23; 5; 3; 3; 4
63; 63R; <; 3; 14; 5; 7; 7; 4
63; 63R; <; 4; 11; 5; 15; 15; 4
63; 63R; <; 5; 4; 5; 22; 22; 4
63; 63R; <; 1; 24; 5; 10; 10; 5
63; 63R; <; 2; 23; 5; 15; 15; 5
63; 63R; <; 3; 14; 5; 19; 19; 5
63; 63R; <; 4; 11; 5; 27; 27; 5
63; 63R; <; 5; 4; 5; 34; 34; 5
65; 65H; >; 1; 2; 9; 14; 14; 1
65; 65H; >; 2; 6; 9; 18; 18; 1
65; 65H; >; 3; 8; 9; 22; 22; 1
65; 65H; >; 4; 16; 9; 26; 26; 1
65; 65H; >; 5; 17; 9; 30; 30; 1
65; 65H; >; 6; 19; 9; 34; 34; 1
65; 65H; >; 7; 20; 9; 42; 42; 1
65; 65H; >; 1; 2; 9; 20; 20; 2
65; 65H; >; 2; 6; 9; 24; 24; 2
65; 65H; >; 3; 8; 9; 28; 28; 2
65; 65H; >; 4; 16; 9; 32; 32; 2
65; 65H; >; 5; 17; 9; 36; 36; 2
65; 65H; >; 6; 19; 9; 40; 40; 2
65; 65H; >; 7; 20; 9; 48; 48; 2
65; 65H; >; 1; 2; 9; 27; 27; 3
65; 65H; >; 2; 6; 9; 31; 31; 3
65; 65H; >; 3; 8; 9; 35; 35; 3
65; 65H; >; 4; 16; 9; 39; 39; 3
65; 65H; >; 5; 17; 9; 43; 43; 3
65; 65H; >; 6; 19; 9; 47; 47; 3
65; 65H; >; 7; 20; 9; 55; 55; 3
65; 65H; >; 1; 2; 9; 33; 33; 4
65; 65H; >; 2; 6; 9; 37; 37; 4
65; 65H; >; 3; 8; 9; 41; 41; 4
65; 65H; >; 4; 16; 9; 45; 45; 4
65; 65H; >; 5; 17; 9; 49; 49; 4
65; 65H; >; 6; 19; 9; 53; 53; 4
65; 65H; >; 7; 20; 9; 1; 1; 4
65; 65H; >; 1; 2; 9; 40; 40; 5
65; 65H; >; 2; 6; 9; 44; 44; 5
65; 65H; >; 3; 8; 9; 48; 48; 5
65; 65H; >; 4; 16; 9; 52; 52; 5
65; 65H; >; 5; 17; 9; 56; 56; 5
65; 65H; >; 6; 19; 9; 0; 0; 5
65; 65H; >; 7; 20; 9; 8; 8; 5
65; 65H; >; 1; 2; 9; 47; 47; 6
65; 65H; >; 2; 6; 9; 51; 51; 6
65; 65H; >; 3; 8; 9; 55; 55; 6
65; 65H; >; 4; 16; 9; 59; 59; 6
65; 65H; >; 5; 17; 9; 3; 3; 6
65; 65H; >; 6; 19; 9; 7; 7; 6
65; 65H; >; 7; 20; 9; 15; 15; 6
65; 65H; >; 1; 2; 9; 53; 53; 7
65; 65H; >; 2; 6; 9; 57; 57; 7
65; 65H; >; 3; 8; 9; 1; 1; 7
65; 65H; >; 4; 16; 9; 5; 5; 7
65; 65H; >; 5; 17; 9; 9; 9; 7
65; 65H; >; 6; 19; 9; 13; 13; 7
65; 65H; >; 7; 20; 9; 21; 21; 7
65; 65H; >; 1; 2; 9; 0; 0; 8
65; 65H; >; 2; 6; 9; 4; 4; 8
65; 65H; >; 3; 8; 9; 8; 8; 8
65; 65H; >; 4; 16; 9; 12; 12; 8
65; 65H; >; 5; 17; 9; 16; 16; 8
65; 65H; >; 6; 19; 9; 20; 20; 8
65; 65H; >; 7; 20; 9; 28; 28; 8
65; 65H; >; 1; 2; 9; 7; 7; 9
65; 65H; >; 2; 6; 9; 11; 11; 9
65; 65H; >; 3; 8; 9; 15; 15; 9
65; 65H; >; 4; 16; 9; 19; 19; 9
65; 65H; >; 5; 17; 9; 23; 23; 9
65; 65H; >; 6; 19; 9; 27; 27; 9
65; 65H; >; 7; 20; 9; 35; 35; 9
65; 65R; <; 1; 20; 9; 20; 20; 1
65; 65R; <; 2; 19; 9; 28; 28; 1
65; 65R; <; 3; 17; 9; 32; 32; 1
65; 65R; <; 4; 16; 9; 36; 36; 1
65; 65R; <; 5; 8; 9; 40; 40; 1
65; 65R; <; 6; 6; 9; 44; 44; 1
65; 65R; <; 7; 2; 9; 48; 48; 1
65; 65R; <; 1; 20; 9; 26; 26; 2
65; 65R; <; 2; 19; 9; 34; 34; 2
65; 65R; <; 3; 17; 9; 38; 38; 2
65; 65R; <; 4; 16; 9; 42; 42; 2
65; 65R; <; 5; 8; 9; 46; 46; 2
65; 65R; <; 6; 6; 9; 50; 50; 2
65; 65R; <; 7; 2; 9; 54; 54; 2
65; 65R; <; 1; 20; 9; 33; 33; 3
65; 65R; <; 2; 19; 9; 41; 41; 3
65; 65R; <; 3; 17; 9; 45; 45; 3
65; 65R; <; 4; 16; 9; 49; 49; 3
65; 65R; <; 5; 8; 9; 53; 53; 3
65; 65R; <; 6; 6; 9; 57; 57; 3
65; 65R; <; 7; 2; 9; 1; 1; 3
65; 65R; <; 1; 20; 9; 39; 39; 4
65; 65R; <; 2; 19; 9; 47; 47; 4
65; 65R; <; 3; 17; 9; 51; 51; 4
65; 65R; <; 4; 16; 9; 55; 55; 4
65; 65R; <; 5; 8; 9; 59; 59; 4
65; 65R; <; 6; 6; 9; 3; 3; 4
65; 65R; <; 7; 2; 9; 7; 7; 4
65; 65R; <; 1; 20; 9; 46; 46; 5
65; 65R; <; 2; 19; 9; 54; 54; 5
65; 65R; <; 3; 17; 9; 58; 58; 5
65; 65R; <; 4; 16; 9; 2; 2; 5
65; 65R; <; 5; 8; 9; 6; 6; 5
65; 65R; <; 6; 6; 9; 10; 10; 5
65; 65R; <; 7; 2; 9; 14; 14; 5
65; 65R; <; 1; 20; 9; 53; 53; 6
65; 65R; <; 2; 19; 9; 1; 1; 6
65; 65R; <; 3; 17; 9; 5; 5; 6
65; 65R; <; 4; 16; 9; 9; 9; 6
65; 65R; <; 5; 8; 9; 13; 13; 6
65; 65R; <; 6; 6; 9; 17; 17; 6
65; 65R; <; 7; 2; 9; 21; 21; 6
65; 65R; <; 1; 20; 9; 59; 59; 7
65; 65R; <; 2; 19; 9; 7; 7; 7
65; 65R; <; 3; 17; 9; 11; 11; 7
65; 65R; <; 4; 16; 9; 15; 15; 7
65; 65R; <; 5; 8; 9; 19; 19; 7
65; 65R; <; 6; 6; 9; 23; 23; 7
65; 65R; <; 7; 2; 9; 27; 27; 7
65; 65R; <; 1; 20; 9; 6; 6; 8
65; 65R; <; 2; 19; 9; 14; 14; 8
65; 65R; <; 3; 17; 9; 18; 18; 8
65; 65R; <; 4; 16; 9; 22; 22; 8
65; 65R; <; 5; 8; 9; 26; 26; 8
65; 65R; <; 6; 6; 9; 30; 30; 8
65; 65R; <; 7; 2; 9; 34; 34; 8
65; 65R; <; 1; 20; 9; 13; 13; 9
65; 65R; <; 2; 19; 9; 21; 21; 9
65; 65R; <; 3; 17; 9; 25; 25; 9
65; 65R; <; 4; 16; 9; 29; 29; 9
65; 65R; <; 5; 8; 9; 33; 33; 9
65; 65R; <; 6; 6; 9; 37; 37; 9
65; 65R; <; 7; 2; 9; 41; 41; 9
66; 66H; >; 1; 7; 1; 0; 0; 1
66; 66H; >; 2; 18; 1; 4; 4; 1
66; 66H; >; 3; 20; 1; 21; 21; 1
66; 66R; <; 1; 20; 1; 0; 0; 1
66; 66R; <; 2; 18; 1; 17; 17; 1
66; 66R; <; 3; 7; 1; 21; 21; 1
