#event-id; time
1; 56
2; 1
3; 1
4; 6
5; 6
6; 22
7; 22
8; 29
9; 29
10; 34
11; 34
12; 39
13; 39
14; 45
15; 45
16; 49
17; 26
18; 31
19; 31
20; 36
21; 36
22; 52
23; 52
24; 59
25; 59
26; 4
27; 4
28; 9
29; 9
30; 15
31; 15
32; 19
33; 0
34; 4
35; 4
36; 10
37; 10
38; 15
39; 15
40; 20
41; 20
42; 27
43; 27
44; 43
45; 43
46; 48
47; 48
48; 53
49; 30
50; 34
51; 34
52; 40
53; 40
54; 45
55; 45
56; 50
57; 50
58; 57
59; 57
60; 13
61; 13
62; 18
63; 18
64; 23
65; 17
66; 25
67; 25
68; 29
69; 29
70; 35
71; 35
72; 39
73; 39
74; 43
75; 43
76; 49
77; 49
78; 53
79; 47
80; 55
81; 55
82; 59
83; 59
84; 5
85; 5
86; 9
87; 9
88; 13
89; 13
90; 19
91; 19
92; 23
93; 0
94; 4
95; 4
96; 10
97; 10
98; 14
99; 14
100; 18
101; 18
102; 24
103; 24
104; 28
105; 28
106; 36
107; 30
108; 34
109; 34
110; 40
111; 40
112; 44
113; 44
114; 48
115; 48
116; 54
117; 54
118; 58
119; 58
120; 6
121; 31
122; 37
123; 37
124; 42
125; 42
126; 46
127; 46
128; 54
129; 54
130; 59
131; 59
132; 4
133; 1
134; 7
135; 7
136; 12
137; 12
138; 16
139; 16
140; 24
141; 24
142; 29
143; 29
144; 34
145; 48
146; 53
147; 53
148; 58
149; 58
150; 6
151; 6
152; 10
153; 10
154; 15
155; 15
156; 21
157; 18
158; 23
159; 23
160; 28
161; 28
162; 36
163; 36
164; 40
165; 40
166; 45
167; 45
168; 51
169; 14
170; 20
171; 20
172; 25
173; 25
174; 29
175; 29
176; 37
177; 37
178; 41
179; 41
180; 45
181; 26
182; 32
183; 32
184; 37
185; 37
186; 41
187; 41
188; 49
189; 49
190; 53
191; 53
192; 57
193; 38
194; 44
195; 44
196; 49
197; 49
198; 53
199; 53
200; 1
201; 1
202; 5
203; 5
204; 9
205; 50
206; 56
207; 56
208; 1
209; 1
210; 5
211; 5
212; 13
213; 13
214; 17
215; 17
216; 21
217; 2
218; 8
219; 8
220; 13
221; 13
222; 17
223; 17
224; 25
225; 25
226; 29
227; 29
228; 33
229; 44
230; 48
231; 48
232; 52
233; 52
234; 0
235; 0
236; 4
237; 4
238; 9
239; 9
240; 15
241; 56
242; 0
243; 0
244; 4
245; 4
246; 12
247; 12
248; 16
249; 16
250; 21
251; 21
252; 27
253; 8
254; 12
255; 12
256; 16
257; 16
258; 24
259; 24
260; 28
261; 28
262; 33
263; 33
264; 39
265; 20
266; 24
267; 24
268; 28
269; 28
270; 36
271; 36
272; 40
273; 40
274; 45
275; 45
276; 51
277; 32
278; 36
279; 36
280; 40
281; 40
282; 48
283; 48
284; 52
285; 52
286; 57
287; 57
288; 3
289; 45
290; 49
291; 49
292; 57
293; 57
294; 4
295; 4
296; 9
297; 9
298; 15
299; 15
300; 19
301; 55
302; 59
303; 59
304; 7
305; 7
306; 14
307; 14
308; 19
309; 19
310; 25
311; 25
312; 29
313; 5
314; 9
315; 9
316; 17
317; 17
318; 24
319; 24
320; 29
321; 29
322; 35
323; 35
324; 39
325; 15
326; 19
327; 19
328; 27
329; 27
330; 34
331; 34
332; 39
333; 39
334; 45
335; 45
336; 49
337; 25
338; 29
339; 29
340; 37
341; 37
342; 44
343; 44
344; 49
345; 49
346; 55
347; 55
348; 59
349; 35
350; 39
351; 39
352; 47
353; 47
354; 54
355; 54
356; 59
357; 59
358; 5
359; 5
360; 9
361; 1
362; 5
363; 5
364; 11
365; 11
366; 16
367; 16
368; 23
369; 23
370; 31
371; 31
372; 35
373; 11
374; 15
375; 15
376; 21
377; 21
378; 26
379; 26
380; 33
381; 33
382; 41
383; 41
384; 45
385; 21
386; 25
387; 25
388; 31
389; 31
390; 36
391; 36
392; 43
393; 43
394; 51
395; 51
396; 55
397; 31
398; 35
399; 35
400; 41
401; 41
402; 46
403; 46
404; 53
405; 53
406; 1
407; 1
408; 5
409; 41
410; 45
411; 45
412; 51
413; 51
414; 56
415; 56
416; 3
417; 3
418; 11
419; 11
420; 15
421; 51
422; 55
423; 55
424; 1
425; 1
426; 6
427; 6
428; 13
429; 13
430; 21
431; 21
432; 25
433; 0
434; 7
435; 7
436; 11
437; 11
438; 15
439; 15
440; 20
441; 20
442; 25
443; 25
444; 29
445; 0
446; 4
447; 4
448; 9
449; 9
450; 14
451; 14
452; 18
453; 18
454; 22
455; 22
456; 29
457; 0
458; 4
459; 4
460; 10
461; 10
462; 14
463; 14
464; 20
465; 20
466; 24
467; 24
468; 28
469; 0
470; 4
471; 4
472; 8
473; 8
474; 14
475; 14
476; 18
477; 18
478; 24
479; 24
480; 28
481; 46
482; 50
483; 50
484; 54
485; 54
486; 0
487; 0
488; 4
489; 4
490; 8
491; 8
492; 12
493; 53
494; 57
495; 57
496; 1
497; 1
498; 7
499; 7
500; 11
501; 11
502; 15
503; 15
504; 19
505; 1
506; 5
507; 5
508; 9
509; 9
510; 15
511; 15
512; 19
513; 19
514; 23
515; 23
516; 27
517; 8
518; 12
519; 12
520; 16
521; 16
522; 22
523; 22
524; 26
525; 26
526; 30
527; 30
528; 34
529; 16
530; 20
531; 20
532; 24
533; 24
534; 30
535; 30
536; 34
537; 34
538; 38
539; 38
540; 42
541; 23
542; 27
543; 27
544; 31
545; 31
546; 37
547; 37
548; 41
549; 41
550; 45
551; 45
552; 49
553; 31
554; 35
555; 35
556; 39
557; 39
558; 45
559; 45
560; 49
561; 49
562; 53
563; 53
564; 57
565; 38
566; 42
567; 42
568; 46
569; 46
570; 52
571; 52
572; 56
573; 56
574; 0
575; 0
576; 4
577; 57
578; 1
579; 1
580; 5
581; 5
582; 9
583; 9
584; 15
585; 15
586; 19
587; 19
588; 23
589; 4
590; 8
591; 8
592; 12
593; 12
594; 16
595; 16
596; 22
597; 22
598; 26
599; 26
600; 30
601; 12
602; 16
603; 16
604; 20
605; 20
606; 24
607; 24
608; 30
609; 30
610; 34
611; 34
612; 38
613; 19
614; 23
615; 23
616; 27
617; 27
618; 31
619; 31
620; 37
621; 37
622; 41
623; 41
624; 45
625; 27
626; 31
627; 31
628; 35
629; 35
630; 39
631; 39
632; 45
633; 45
634; 49
635; 49
636; 53
637; 34
638; 38
639; 38
640; 42
641; 42
642; 46
643; 46
644; 52
645; 52
646; 56
647; 56
648; 0
649; 42
650; 46
651; 46
652; 50
653; 50
654; 54
655; 54
656; 0
657; 0
658; 4
659; 4
660; 8
661; 49
662; 53
663; 53
664; 57
665; 57
666; 1
667; 1
668; 7
669; 7
670; 11
671; 11
672; 15
673; 0
674; 5
675; 5
676; 10
677; 10
678; 26
679; 26
680; 33
681; 33
682; 37
683; 30
684; 35
685; 35
686; 40
687; 40
688; 56
689; 56
690; 3
691; 3
692; 7
693; 0
694; 4
695; 4
696; 11
697; 11
698; 27
699; 27
700; 32
701; 32
702; 37
703; 30
704; 34
705; 34
706; 41
707; 41
708; 57
709; 57
710; 2
711; 2
712; 7
713; 35
714; 41
715; 41
716; 46
717; 46
718; 51
719; 51
720; 56
721; 56
722; 1
723; 50
724; 56
725; 56
726; 1
727; 1
728; 6
729; 6
730; 11
731; 11
732; 16
733; 5
734; 11
735; 11
736; 16
737; 16
738; 21
739; 21
740; 26
741; 26
742; 31
743; 20
744; 26
745; 26
746; 31
747; 31
748; 36
749; 36
750; 41
751; 41
752; 46
753; 7
754; 12
755; 12
756; 17
757; 17
758; 22
759; 22
760; 27
761; 27
762; 33
763; 22
764; 27
765; 27
766; 32
767; 32
768; 37
769; 37
770; 42
771; 42
772; 48
773; 37
774; 42
775; 42
776; 47
777; 47
778; 52
779; 52
780; 57
781; 57
782; 3
783; 52
784; 57
785; 57
786; 2
787; 2
788; 7
789; 7
790; 12
791; 12
792; 18
793; 14
794; 18
795; 18
796; 22
797; 22
798; 28
799; 28
800; 33
801; 33
802; 41
803; 21
804; 25
805; 25
806; 29
807; 29
808; 35
809; 35
810; 40
811; 40
812; 48
813; 29
814; 33
815; 33
816; 37
817; 37
818; 43
819; 43
820; 48
821; 48
822; 56
823; 36
824; 40
825; 40
826; 44
827; 44
828; 50
829; 50
830; 55
831; 55
832; 3
833; 44
834; 48
835; 48
836; 52
837; 52
838; 58
839; 58
840; 3
841; 3
842; 11
843; 51
844; 55
845; 55
846; 59
847; 59
848; 5
849; 5
850; 10
851; 10
852; 18
853; 59
854; 3
855; 3
856; 7
857; 7
858; 13
859; 13
860; 18
861; 18
862; 26
863; 6
864; 10
865; 10
866; 14
867; 14
868; 20
869; 20
870; 25
871; 25
872; 33
873; 30
874; 38
875; 38
876; 43
877; 43
878; 49
879; 49
880; 53
881; 53
882; 57
883; 37
884; 45
885; 45
886; 50
887; 50
888; 56
889; 56
890; 0
891; 0
892; 4
893; 45
894; 53
895; 53
896; 58
897; 58
898; 4
899; 4
900; 8
901; 8
902; 12
903; 52
904; 0
905; 0
906; 5
907; 5
908; 11
909; 11
910; 15
911; 15
912; 19
913; 0
914; 8
915; 8
916; 13
917; 13
918; 19
919; 19
920; 23
921; 23
922; 27
923; 7
924; 15
925; 15
926; 20
927; 20
928; 26
929; 26
930; 30
931; 30
932; 34
933; 15
934; 23
935; 23
936; 28
937; 28
938; 34
939; 34
940; 38
941; 38
942; 42
943; 22
944; 30
945; 30
946; 35
947; 35
948; 41
949; 41
950; 45
951; 45
952; 49
953; 29
954; 33
955; 33
956; 37
957; 37
958; 43
959; 43
960; 48
961; 48
962; 53
963; 44
964; 48
965; 48
966; 52
967; 52
968; 58
969; 58
970; 3
971; 3
972; 8
973; 59
974; 3
975; 3
976; 7
977; 7
978; 13
979; 13
980; 18
981; 18
982; 23
983; 14
984; 18
985; 18
986; 22
987; 22
988; 28
989; 28
990; 33
991; 33
992; 38
993; 39
994; 44
995; 44
996; 49
997; 49
998; 55
999; 55
1000; 59
1001; 59
1002; 3
1003; 54
1004; 59
1005; 59
1006; 4
1007; 4
1008; 10
1009; 10
1010; 14
1011; 14
1012; 18
1013; 9
1014; 14
1015; 14
1016; 19
1017; 19
1018; 25
1019; 25
1020; 29
1021; 29
1022; 33
1023; 24
1024; 29
1025; 29
1026; 34
1027; 34
1028; 40
1029; 40
1030; 44
1031; 44
1032; 48
1033; 0
1034; 4
1035; 4
1036; 8
1037; 8
1038; 14
1039; 14
1040; 18
1041; 18
1042; 22
1043; 20
1044; 24
1045; 24
1046; 28
1047; 28
1048; 34
1049; 34
1050; 38
1051; 38
1052; 42
1053; 40
1054; 44
1055; 44
1056; 48
1057; 48
1058; 54
1059; 54
1060; 58
1061; 58
1062; 2
1063; 0
1064; 4
1065; 4
1066; 8
1067; 8
1068; 14
1069; 14
1070; 18
1071; 18
1072; 22
1073; 20
1074; 24
1075; 24
1076; 28
1077; 28
1078; 34
1079; 34
1080; 38
1081; 38
1082; 42
1083; 40
1084; 44
1085; 44
1086; 48
1087; 48
1088; 54
1089; 54
1090; 58
1091; 58
1092; 2
1093; 0
1094; 4
1095; 4
1096; 8
1097; 8
1098; 12
1099; 12
1100; 18
1101; 18
1102; 22
1103; 0
1104; 4
1105; 4
1106; 10
1107; 10
1108; 14
1109; 14
1110; 18
1111; 18
1112; 22
1113; 0
1114; 4
1115; 4
1116; 8
1117; 8
1118; 12
1119; 12
1120; 16
1121; 16
1122; 20
1123; 15
1124; 19
1125; 19
1126; 23
1127; 23
1128; 27
1129; 27
1130; 31
1131; 31
1132; 35
1133; 30
1134; 34
1135; 34
1136; 38
1137; 38
1138; 42
1139; 42
1140; 46
1141; 46
1142; 50
1143; 45
1144; 49
1145; 49
1146; 53
1147; 53
1148; 57
1149; 57
1150; 1
1151; 1
1152; 5
1153; 0
1154; 4
1155; 4
1156; 8
1157; 8
1158; 12
1159; 12
1160; 16
1161; 16
1162; 20
1163; 15
1164; 19
1165; 19
1166; 23
1167; 23
1168; 27
1169; 27
1170; 31
1171; 31
1172; 35
1173; 30
1174; 34
1175; 34
1176; 38
1177; 38
1178; 42
1179; 42
1180; 46
1181; 46
1182; 50
1183; 45
1184; 49
1185; 49
1186; 53
1187; 53
1188; 57
1189; 57
1190; 1
1191; 1
1192; 5
1193; 0
1194; 4
1195; 4
1196; 12
1197; 12
1198; 19
1199; 19
1200; 24
1201; 24
1202; 28
1203; 0
1204; 4
1205; 4
1206; 9
1207; 9
1208; 16
1209; 16
1210; 24
1211; 24
1212; 28
1213; 0
1214; 5
1215; 5
1216; 10
1217; 10
1218; 16
1219; 16
1220; 22
1221; 22
1222; 26
1223; 0
1224; 4
1225; 4
1226; 10
1227; 10
1228; 16
1229; 16
1230; 21
1231; 21
1232; 26
1233; 0
1234; 7
1235; 7
1236; 11
1237; 11
1238; 15
1239; 15
1240; 21
1241; 21
1242; 25
1243; 30
1244; 37
1245; 37
1246; 41
1247; 41
1248; 45
1249; 45
1250; 51
1251; 51
1252; 55
1253; 0
1254; 4
1255; 4
1256; 10
1257; 10
1258; 14
1259; 14
1260; 18
1261; 18
1262; 25
1263; 30
1264; 34
1265; 34
1266; 40
1267; 40
1268; 44
1269; 44
1270; 48
1271; 48
1272; 55
1273; 0
1274; 4
1275; 4
1276; 9
1277; 9
1278; 15
1279; 15
1280; 23
1281; 0
1282; 8
1283; 8
1284; 14
1285; 14
1286; 19
1287; 19
1288; 23
1289; 0
1290; 8
1291; 8
1292; 13
1293; 13
1294; 17
1295; 17
1296; 21
1297; 0
1298; 4
1299; 4
1300; 8
1301; 8
1302; 13
1303; 13
1304; 21
1305; 0
1306; 8
1307; 8
1308; 15
1309; 15
1310; 20
1311; 20
1312; 24
1313; 0
1314; 4
1315; 4
1316; 9
1317; 9
1318; 16
1319; 16
1320; 24
1321; 0
1322; 5
1323; 5
1324; 10
1325; 10
1326; 14
1327; 14
1328; 18
1329; 0
1330; 4
1331; 4
1332; 8
1333; 8
1334; 13
1335; 13
1336; 18
1337; 20
1338; 25
1339; 25
1340; 32
1341; 32
1342; 37
1343; 37
1344; 41
1345; 27
1346; 32
1347; 32
1348; 39
1349; 39
1350; 44
1351; 44
1352; 48
1353; 35
1354; 40
1355; 40
1356; 47
1357; 47
1358; 52
1359; 52
1360; 56
1361; 42
1362; 47
1363; 47
1364; 54
1365; 54
1366; 59
1367; 59
1368; 3
1369; 50
1370; 55
1371; 55
1372; 2
1373; 2
1374; 7
1375; 7
1376; 11
1377; 57
1378; 2
1379; 2
1380; 9
1381; 9
1382; 14
1383; 14
1384; 18
1385; 5
1386; 10
1387; 10
1388; 17
1389; 17
1390; 22
1391; 22
1392; 26
1393; 12
1394; 17
1395; 17
1396; 24
1397; 24
1398; 29
1399; 29
1400; 33
1401; 42
1402; 46
1403; 46
1404; 51
1405; 51
1406; 58
1407; 58
1408; 3
1409; 49
1410; 53
1411; 53
1412; 58
1413; 58
1414; 5
1415; 5
1416; 10
1417; 57
1418; 1
1419; 1
1420; 6
1421; 6
1422; 13
1423; 13
1424; 18
1425; 4
1426; 8
1427; 8
1428; 13
1429; 13
1430; 20
1431; 20
1432; 25
1433; 12
1434; 16
1435; 16
1436; 21
1437; 21
1438; 28
1439; 28
1440; 33
1441; 19
1442; 23
1443; 23
1444; 28
1445; 28
1446; 35
1447; 35
1448; 40
1449; 27
1450; 31
1451; 31
1452; 36
1453; 36
1454; 43
1455; 43
1456; 48
1457; 34
1458; 38
1459; 38
1460; 43
1461; 43
1462; 50
1463; 50
1464; 55
1465; 0
1466; 4
1467; 4
1468; 10
1469; 10
1470; 14
1471; 14
1472; 18
1473; 0
1474; 4
1475; 4
1476; 8
1477; 8
1478; 14
1479; 14
1480; 18
1481; 0
1482; 8
1483; 8
1484; 13
1485; 13
1486; 17
1487; 0
1488; 4
1489; 4
1490; 9
1491; 9
1492; 17
1493; 0
1494; 4
1495; 4
1496; 10
1497; 10
1498; 18
1499; 0
1500; 8
1501; 8
1502; 14
1503; 14
1504; 18
1505; 0
1506; 4
1507; 4
1508; 9
1509; 9
1510; 14
1511; 0
1512; 5
1513; 5
1514; 10
1515; 10
1516; 14
1517; 0
1518; 4
1519; 4
1520; 9
1521; 9
1522; 13
1523; 30
1524; 34
1525; 34
1526; 39
1527; 39
1528; 43
1529; 0
1530; 4
1531; 4
1532; 9
1533; 9
1534; 13
1535; 30
1536; 34
1537; 34
1538; 39
1539; 39
1540; 43
1541; 0
1542; 4
1543; 4
1544; 8
1545; 8
1546; 12
1547; 15
1548; 19
1549; 19
1550; 23
1551; 23
1552; 27
1553; 30
1554; 34
1555; 34
1556; 38
1557; 38
1558; 42
1559; 45
1560; 49
1561; 49
1562; 53
1563; 53
1564; 57
1565; 0
1566; 4
1567; 4
1568; 8
1569; 8
1570; 12
1571; 15
1572; 19
1573; 19
1574; 23
1575; 23
1576; 27
1577; 30
1578; 34
1579; 34
1580; 38
1581; 38
1582; 42
1583; 45
1584; 49
1585; 49
1586; 53
1587; 53
1588; 57
1589; 0
1590; 4
1591; 4
1592; 11
1593; 11
1594; 16
1595; 0
1596; 5
1597; 5
1598; 12
1599; 12
1600; 16
1601; 0
1602; 8
1603; 8
1604; 13
1605; 0
1606; 5
1607; 5
1608; 13
1609; 0
1610; 8
1611; 0
1612; 8
1613; 0
1614; 6
1615; 0
1616; 6
1617; 0
1618; 16
1619; 0
1620; 16
1621; 0
1622; 5
1623; 5
1624; 10
1625; 10
1626; 16
1627; 0
1628; 6
1629; 6
1630; 11
1631; 11
1632; 16
1633; 0
1634; 5
1635; 5
1636; 10
1637; 10
1638; 16
1639; 16
1640; 22
1641; 0
1642; 6
1643; 6
1644; 12
1645; 12
1646; 17
1647; 17
1648; 22
1649; 0
1650; 6
1651; 6
1652; 12
1653; 0
1654; 6
1655; 6
1656; 12
1657; 29
1658; 34
1659; 34
1660; 39
1661; 39
1662; 46
1663; 37
1664; 42
1665; 42
1666; 47
1667; 47
1668; 54
1669; 46
1670; 51
1671; 51
1672; 56
1673; 56
1674; 3
1675; 54
1676; 59
1677; 59
1678; 4
1679; 4
1680; 11
1681; 3
1682; 8
1683; 8
1684; 13
1685; 13
1686; 20
1687; 11
1688; 16
1689; 16
1690; 21
1691; 21
1692; 28
1693; 20
1694; 25
1695; 25
1696; 30
1697; 30
1698; 37
1699; 6
1700; 13
1701; 13
1702; 18
1703; 18
1704; 23
1705; 14
1706; 21
1707; 21
1708; 26
1709; 26
1710; 31
1711; 23
1712; 30
1713; 30
1714; 35
1715; 35
1716; 40
1717; 31
1718; 38
1719; 38
1720; 43
1721; 43
1722; 48
1723; 40
1724; 47
1725; 47
1726; 52
1727; 52
1728; 57
1729; 48
1730; 55
1731; 55
1732; 0
1733; 0
1734; 5
1735; 57
1736; 4
1737; 4
1738; 9
1739; 9
1740; 14
1741; 0
1742; 5
1743; 5
1744; 11
1745; 0
1746; 6
1747; 6
1748; 11
1749; 0
1750; 5
1751; 5
1752; 13
1753; 30
1754; 35
1755; 35
1756; 43
1757; 0
1758; 8
1759; 8
1760; 13
1761; 30
1762; 38
1763; 38
1764; 43
1765; 31
1766; 36
1767; 36
1768; 41
1769; 41
1770; 47
1771; 1
1772; 6
1773; 6
1774; 11
1775; 11
1776; 17
1777; 11
1778; 17
1779; 17
1780; 22
1781; 22
1782; 27
1783; 41
1784; 47
1785; 47
1786; 52
1787; 52
1788; 57
1789; 15
1790; 19
1791; 19
1792; 26
1793; 26
1794; 42
1795; 30
1796; 34
1797; 34
1798; 41
1799; 41
1800; 57
1801; 45
1802; 49
1803; 49
1804; 56
1805; 56
1806; 12
1807; 0
1808; 4
1809; 4
1810; 11
1811; 11
1812; 27
1813; 5
1814; 21
1815; 21
1816; 28
1817; 28
1818; 32
1819; 20
1820; 36
1821; 36
1822; 43
1823; 43
1824; 47
1825; 35
1826; 51
1827; 51
1828; 58
1829; 58
1830; 2
1831; 50
1832; 6
1833; 6
1834; 13
1835; 13
1836; 17
1837; 42
1838; 49
1839; 49
1840; 57
1841; 57
1842; 1
1843; 1
1844; 6
1845; 54
1846; 1
1847; 1
1848; 9
1849; 9
1850; 13
1851; 13
1852; 18
1853; 6
1854; 13
1855; 13
1856; 21
1857; 21
1858; 25
1859; 25
1860; 30
1861; 18
1862; 25
1863; 25
1864; 33
1865; 33
1866; 37
1867; 37
1868; 42
1869; 30
1870; 37
1871; 37
1872; 45
1873; 45
1874; 49
1875; 49
1876; 54
1877; 22
1878; 27
1879; 27
1880; 31
1881; 31
1882; 39
1883; 39
1884; 46
1885; 34
1886; 39
1887; 39
1888; 43
1889; 43
1890; 51
1891; 51
1892; 58
1893; 46
1894; 51
1895; 51
1896; 55
1897; 55
1898; 3
1899; 3
1900; 10
1901; 58
1902; 3
1903; 3
1904; 7
1905; 7
1906; 15
1907; 15
1908; 22
1909; 10
1910; 15
1911; 15
1912; 19
1913; 19
1914; 27
1915; 27
1916; 34
1917; 14
1918; 18
1919; 18
1920; 22
1921; 22
1922; 26
1923; 26
1924; 30
1925; 30
1926; 34
1927; 34
1928; 42
1929; 20
1930; 24
1931; 24
1932; 28
1933; 28
1934; 32
1935; 32
1936; 36
1937; 36
1938; 40
1939; 40
1940; 48
1941; 27
1942; 31
1943; 31
1944; 35
1945; 35
1946; 39
1947; 39
1948; 43
1949; 43
1950; 47
1951; 47
1952; 55
1953; 33
1954; 37
1955; 37
1956; 41
1957; 41
1958; 45
1959; 45
1960; 49
1961; 49
1962; 53
1963; 53
1964; 1
1965; 40
1966; 44
1967; 44
1968; 48
1969; 48
1970; 52
1971; 52
1972; 56
1973; 56
1974; 0
1975; 0
1976; 8
1977; 47
1978; 51
1979; 51
1980; 55
1981; 55
1982; 59
1983; 59
1984; 3
1985; 3
1986; 7
1987; 7
1988; 15
1989; 53
1990; 57
1991; 57
1992; 1
1993; 1
1994; 5
1995; 5
1996; 9
1997; 9
1998; 13
1999; 13
2000; 21
2001; 0
2002; 4
2003; 4
2004; 8
2005; 8
2006; 12
2007; 12
2008; 16
2009; 16
2010; 20
2011; 20
2012; 28
2013; 7
2014; 11
2015; 11
2016; 15
2017; 15
2018; 19
2019; 19
2020; 23
2021; 23
2022; 27
2023; 27
2024; 35
2025; 20
2026; 28
2027; 28
2028; 32
2029; 32
2030; 36
2031; 36
2032; 40
2033; 40
2034; 44
2035; 44
2036; 48
2037; 26
2038; 34
2039; 34
2040; 38
2041; 38
2042; 42
2043; 42
2044; 46
2045; 46
2046; 50
2047; 50
2048; 54
2049; 33
2050; 41
2051; 41
2052; 45
2053; 45
2054; 49
2055; 49
2056; 53
2057; 53
2058; 57
2059; 57
2060; 1
2061; 39
2062; 47
2063; 47
2064; 51
2065; 51
2066; 55
2067; 55
2068; 59
2069; 59
2070; 3
2071; 3
2072; 7
2073; 46
2074; 54
2075; 54
2076; 58
2077; 58
2078; 2
2079; 2
2080; 6
2081; 6
2082; 10
2083; 10
2084; 14
2085; 53
2086; 1
2087; 1
2088; 5
2089; 5
2090; 9
2091; 9
2092; 13
2093; 13
2094; 17
2095; 17
2096; 21
2097; 59
2098; 7
2099; 7
2100; 11
2101; 11
2102; 15
2103; 15
2104; 19
2105; 19
2106; 23
2107; 23
2108; 27
2109; 6
2110; 14
2111; 14
2112; 18
2113; 18
2114; 22
2115; 22
2116; 26
2117; 26
2118; 30
2119; 30
2120; 34
2121; 13
2122; 21
2123; 21
2124; 25
2125; 25
2126; 29
2127; 29
2128; 33
2129; 33
2130; 37
2131; 37
2132; 41
2133; 0
2134; 4
2135; 4
2136; 21
2137; 0
2138; 17
2139; 17
2140; 21
