#timetable found by modulo network simplex algorithm
#Tue Nov 20 07:31:40 2018
1; 40
2; 43
3; 46
4; 49
5; 52
6; 55
7; 58
8; 1
9; 4
10; 7
11; 7
12; 9
13; 9
14; 11
15; 11
16; 13
17; 13
18; 15
19; 15
20; 17
21; 20
22; 23
23; 26
24; 29
25; 32
26; 35
27; 38
28; 41
29; 44
30; 47
31; 50
32; 53
33; 56
34; 59
35; 2
36; 5
37; 8
38; 11
39; 14
40; 17
41; 55
42; 58
43; 1
44; 4
45; 7
46; 10
47; 13
48; 16
49; 19
50; 22
51; 22
52; 24
53; 24
54; 26
55; 26
56; 28
57; 28
58; 30
59; 30
60; 32
61; 35
62; 38
63; 41
64; 44
65; 47
66; 50
67; 53
68; 56
69; 59
70; 2
71; 5
72; 8
73; 11
74; 14
75; 17
76; 20
77; 23
78; 26
79; 29
80; 32
81; 10
82; 13
83; 16
84; 19
85; 22
86; 25
87; 28
88; 31
89; 34
90; 37
91; 37
92; 39
93; 39
94; 41
95; 41
96; 43
97; 43
98; 45
99; 45
100; 47
101; 50
102; 53
103; 56
104; 59
105; 2
106; 5
107; 8
108; 11
109; 14
110; 17
111; 20
112; 23
113; 26
114; 29
115; 32
116; 35
117; 38
118; 41
119; 44
120; 47
121; 25
122; 28
123; 31
124; 34
125; 37
126; 40
127; 43
128; 46
129; 49
130; 52
131; 52
132; 54
133; 54
134; 56
135; 56
136; 58
137; 58
138; 0
139; 0
140; 2
141; 5
142; 8
143; 11
144; 14
145; 17
146; 20
147; 23
148; 26
149; 29
150; 32
151; 35
152; 38
153; 41
154; 44
155; 47
156; 50
157; 53
158; 56
159; 59
160; 2
161; 57
162; 0
163; 3
164; 6
165; 9
166; 11
167; 11
168; 13
169; 13
170; 15
171; 15
172; 17
173; 17
174; 19
175; 19
176; 21
177; 21
178; 23
179; 23
180; 25
181; 28
182; 30
183; 30
184; 32
185; 32
186; 34
187; 34
188; 36
189; 36
190; 38
191; 38
192; 40
193; 40
194; 42
195; 45
196; 48
197; 51
198; 54
199; 57
200; 0
201; 12
202; 15
203; 18
204; 21
205; 24
206; 26
207; 26
208; 28
209; 28
210; 30
211; 30
212; 32
213; 32
214; 34
215; 34
216; 36
217; 36
218; 38
219; 38
220; 41
221; 43
222; 45
223; 45
224; 47
225; 47
226; 49
227; 49
228; 51
229; 51
230; 53
231; 53
232; 55
233; 55
234; 57
235; 0
236; 3
237; 6
238; 9
239; 12
240; 15
241; 27
242; 30
243; 33
244; 36
245; 39
246; 41
247; 41
248; 43
249; 43
250; 45
251; 45
252; 47
253; 47
254; 49
255; 49
256; 51
257; 51
258; 53
259; 53
260; 56
261; 58
262; 0
263; 0
264; 2
265; 2
266; 4
267; 4
268; 6
269; 6
270; 8
271; 8
272; 10
273; 10
274; 12
275; 15
276; 18
277; 21
278; 24
279; 27
280; 30
281; 42
282; 45
283; 48
284; 51
285; 54
286; 56
287; 56
288; 58
289; 58
290; 0
291; 0
292; 2
293; 2
294; 4
295; 4
296; 6
297; 6
298; 8
299; 8
300; 10
301; 13
302; 15
303; 15
304; 17
305; 17
306; 19
307; 19
308; 21
309; 21
310; 23
311; 23
312; 25
313; 25
314; 27
315; 30
316; 33
317; 36
318; 39
319; 42
320; 45
321; 42
322; 44
323; 44
324; 46
325; 46
326; 48
327; 48
328; 50
329; 50
330; 52
331; 52
332; 54
333; 54
334; 56
335; 56
336; 58
337; 58
338; 0
339; 0
340; 2
341; 2
342; 4
343; 4
344; 6
345; 6
346; 8
347; 8
348; 10
349; 10
350; 12
351; 12
352; 14
353; 14
354; 16
355; 16
356; 18
357; 18
358; 20
359; 20
360; 22
361; 57
362; 59
363; 59
364; 1
365; 1
366; 3
367; 3
368; 5
369; 5
370; 7
371; 7
372; 9
373; 9
374; 11
375; 11
376; 13
377; 13
378; 15
379; 15
380; 17
381; 17
382; 19
383; 19
384; 21
385; 21
386; 23
387; 23
388; 25
389; 25
390; 27
391; 27
392; 29
393; 29
394; 31
395; 31
396; 33
397; 33
398; 35
399; 35
400; 37
401; 12
402; 14
403; 14
404; 16
405; 16
406; 18
407; 18
408; 20
409; 20
410; 22
411; 22
412; 24
413; 24
414; 26
415; 26
416; 28
417; 28
418; 30
419; 30
420; 32
421; 32
422; 34
423; 34
424; 36
425; 36
426; 38
427; 38
428; 40
429; 40
430; 42
431; 42
432; 44
433; 44
434; 46
435; 46
436; 48
437; 48
438; 50
439; 50
440; 52
441; 27
442; 29
443; 29
444; 31
445; 31
446; 33
447; 33
448; 35
449; 35
450; 37
451; 37
452; 39
453; 39
454; 41
455; 41
456; 43
457; 43
458; 45
459; 45
460; 47
461; 47
462; 49
463; 49
464; 51
465; 51
466; 53
467; 53
468; 55
469; 55
470; 57
471; 57
472; 59
473; 59
474; 1
475; 1
476; 3
477; 3
478; 5
479; 5
480; 7
481; 22
482; 24
483; 24
484; 26
485; 26
486; 28
487; 28
488; 30
489; 30
490; 32
491; 32
492; 34
493; 34
494; 36
495; 36
496; 38
497; 38
498; 40
499; 40
500; 42
501; 42
502; 44
503; 44
504; 46
505; 46
506; 48
507; 48
508; 50
509; 50
510; 52
511; 52
512; 54
513; 54
514; 56
515; 56
516; 58
517; 58
518; 60
519; 60
520; 3
521; 37
522; 39
523; 39
524; 41
525; 41
526; 43
527; 43
528; 45
529; 45
530; 47
531; 47
532; 49
533; 49
534; 51
535; 51
536; 53
537; 53
538; 55
539; 55
540; 57
541; 57
542; 59
543; 59
544; 1
545; 1
546; 3
547; 3
548; 5
549; 5
550; 7
551; 7
552; 9
553; 9
554; 11
555; 11
556; 13
557; 13
558; 15
559; 15
560; 18
561; 52
562; 54
563; 54
564; 56
565; 56
566; 58
567; 58
568; 60
569; 60
570; 2
571; 2
572; 4
573; 4
574; 6
575; 6
576; 8
577; 8
578; 10
579; 10
580; 12
581; 12
582; 14
583; 14
584; 16
585; 16
586; 18
587; 18
588; 20
589; 20
590; 22
591; 22
592; 24
593; 24
594; 26
595; 26
596; 28
597; 28
598; 30
599; 30
600; 33
601; 7
602; 9
603; 9
604; 11
605; 11
606; 13
607; 13
608; 15
609; 15
610; 17
611; 17
612; 19
613; 19
614; 21
615; 21
616; 23
617; 23
618; 25
619; 25
620; 27
621; 27
622; 29
623; 29
624; 31
625; 31
626; 33
627; 33
628; 35
629; 35
630; 37
631; 37
632; 39
633; 39
634; 41
635; 41
636; 43
637; 43
638; 45
639; 45
640; 47
641; 27
642; 29
643; 29
644; 31
645; 31
646; 33
647; 33
648; 35
649; 35
650; 37
651; 37
652; 39
653; 39
654; 41
655; 41
656; 43
657; 43
658; 45
659; 45
660; 47
661; 47
662; 49
663; 49
664; 51
665; 51
666; 53
667; 53
668; 55
669; 55
670; 57
671; 57
672; 59
673; 59
674; 1
675; 1
676; 3
677; 3
678; 5
679; 5
680; 7
681; 42
682; 44
683; 44
684; 46
685; 46
686; 48
687; 48
688; 50
689; 50
690; 52
691; 52
692; 54
693; 54
694; 56
695; 56
696; 58
697; 58
698; 0
699; 0
700; 2
701; 2
702; 4
703; 4
704; 6
705; 6
706; 8
707; 8
708; 10
709; 10
710; 12
711; 12
712; 14
713; 14
714; 16
715; 16
716; 18
717; 18
718; 20
719; 20
720; 22
721; 57
722; 59
723; 59
724; 1
725; 1
726; 3
727; 3
728; 5
729; 5
730; 7
731; 7
732; 9
733; 9
734; 11
735; 11
736; 13
737; 13
738; 15
739; 15
740; 17
741; 17
742; 19
743; 19
744; 21
745; 21
746; 23
747; 23
748; 25
749; 25
750; 27
751; 27
752; 29
753; 29
754; 31
755; 31
756; 33
757; 33
758; 35
759; 35
760; 37
761; 12
762; 14
763; 14
764; 16
765; 16
766; 18
767; 18
768; 20
769; 20
770; 22
771; 22
772; 24
773; 24
774; 26
775; 26
776; 28
777; 28
778; 30
779; 30
780; 32
781; 32
782; 34
783; 34
784; 36
785; 36
786; 38
787; 38
788; 40
789; 40
790; 42
791; 42
792; 44
793; 44
794; 46
795; 46
796; 48
797; 48
798; 50
799; 50
800; 52
801; 47
802; 50
803; 52
804; 54
805; 54
806; 56
807; 56
808; 58
809; 58
810; 0
811; 0
812; 2
813; 2
814; 4
815; 4
816; 6
817; 6
818; 8
819; 8
820; 10
821; 13
822; 15
823; 15
824; 17
825; 17
826; 19
827; 19
828; 21
829; 21
830; 23
831; 23
832; 26
833; 27
834; 30
835; 32
836; 35
837; 38
838; 41
839; 44
840; 47
841; 2
842; 5
843; 7
844; 9
845; 9
846; 11
847; 11
848; 13
849; 13
850; 15
851; 15
852; 17
853; 17
854; 19
855; 19
856; 21
857; 21
858; 23
859; 23
860; 25
861; 28
862; 30
863; 30
864; 32
865; 32
866; 34
867; 34
868; 36
869; 36
870; 38
871; 38
872; 40
873; 42
874; 45
875; 47
876; 50
877; 53
878; 56
879; 59
880; 2
881; 17
882; 20
883; 22
884; 24
885; 24
886; 26
887; 26
888; 28
889; 28
890; 30
891; 30
892; 32
893; 32
894; 34
895; 34
896; 36
897; 36
898; 38
899; 38
900; 41
901; 43
902; 45
903; 45
904; 47
905; 47
906; 49
907; 49
908; 51
909; 51
910; 53
911; 53
912; 56
913; 57
914; 59
915; 2
916; 5
917; 8
918; 11
919; 14
920; 17
921; 32
922; 35
923; 37
924; 39
925; 39
926; 41
927; 41
928; 43
929; 43
930; 45
931; 45
932; 47
933; 47
934; 49
935; 49
936; 51
937; 51
938; 53
939; 53
940; 55
941; 58
942; 0
943; 0
944; 2
945; 2
946; 4
947; 4
948; 6
949; 6
950; 8
951; 8
952; 11
953; 12
954; 14
955; 17
956; 20
957; 23
958; 26
959; 29
960; 32
961; 33
962; 36
963; 39
964; 42
965; 42
966; 44
967; 44
968; 46
969; 46
970; 48
971; 48
972; 50
973; 50
974; 52
975; 52
976; 54
977; 54
978; 56
979; 56
980; 59
981; 1
982; 3
983; 3
984; 5
985; 5
986; 7
987; 7
988; 9
989; 9
990; 11
991; 11
992; 13
993; 13
994; 15
995; 15
996; 17
997; 17
998; 20
999; 22
1000; 25
1001; 43
1002; 46
1003; 49
1004; 52
1005; 52
1006; 54
1007; 54
1008; 56
1009; 56
1010; 58
1011; 58
1012; 0
1013; 0
1014; 2
1015; 2
1016; 4
1017; 4
1018; 6
1019; 6
1020; 9
1021; 11
1022; 13
1023; 13
1024; 15
1025; 15
1026; 17
1027; 17
1028; 19
1029; 19
1030; 21
1031; 21
1032; 23
1033; 23
1034; 25
1035; 25
1036; 27
1037; 27
1038; 29
1039; 32
1040; 35
1041; 53
1042; 56
1043; 59
1044; 2
1045; 2
1046; 4
1047; 4
1048; 6
1049; 6
1050; 8
1051; 8
1052; 10
1053; 10
1054; 12
1055; 12
1056; 14
1057; 14
1058; 16
1059; 16
1060; 19
1061; 21
1062; 23
1063; 23
1064; 25
1065; 25
1066; 27
1067; 27
1068; 29
1069; 29
1070; 31
1071; 31
1072; 33
1073; 33
1074; 35
1075; 35
1076; 37
1077; 37
1078; 40
1079; 42
1080; 45
1081; 3
1082; 6
1083; 9
1084; 12
1085; 12
1086; 14
1087; 14
1088; 16
1089; 16
1090; 18
1091; 18
1092; 20
1093; 20
1094; 22
1095; 22
1096; 24
1097; 24
1098; 26
1099; 26
1100; 29
1101; 31
1102; 33
1103; 33
1104; 35
1105; 35
1106; 37
1107; 37
1108; 39
1109; 39
1110; 41
1111; 41
1112; 43
1113; 43
1114; 45
1115; 45
1116; 47
1117; 47
1118; 50
1119; 52
1120; 55
1121; 13
1122; 16
1123; 19
1124; 22
1125; 22
1126; 24
1127; 24
1128; 26
1129; 26
1130; 28
1131; 28
1132; 30
1133; 30
1134; 32
1135; 32
1136; 34
1137; 34
1138; 36
1139; 36
1140; 39
1141; 41
1142; 43
1143; 43
1144; 45
1145; 45
1146; 47
1147; 47
1148; 49
1149; 49
1150; 51
1151; 51
1152; 53
1153; 53
1154; 55
1155; 55
1156; 57
1157; 57
1158; 0
1159; 2
1160; 5
1161; 23
1162; 26
1163; 29
1164; 32
1165; 32
1166; 34
1167; 34
1168; 36
1169; 36
1170; 38
1171; 38
1172; 40
1173; 40
1174; 42
1175; 42
1176; 44
1177; 44
1178; 46
1179; 46
1180; 48
1181; 51
1182; 53
1183; 53
1184; 55
1185; 55
1186; 57
1187; 57
1188; 59
1189; 59
1190; 1
1191; 1
1192; 3
1193; 3
1194; 5
1195; 5
1196; 7
1197; 7
1198; 10
1199; 12
1200; 15
1201; 5
1202; 7
1203; 7
1204; 9
1205; 9
1206; 11
1207; 11
1208; 13
1209; 13
1210; 15
1211; 15
1212; 17
1213; 17
1214; 19
1215; 19
1216; 21
1217; 21
1218; 23
1219; 23
1220; 25
1221; 25
1222; 27
1223; 27
1224; 29
1225; 29
1226; 31
1227; 31
1228; 33
1229; 33
1230; 35
1231; 35
1232; 37
1233; 37
1234; 39
1235; 39
1236; 41
1237; 44
1238; 47
1239; 50
1240; 53
1241; 15
1242; 17
1243; 17
1244; 19
1245; 19
1246; 21
1247; 21
1248; 23
1249; 23
1250; 25
1251; 25
1252; 27
1253; 27
1254; 29
1255; 29
1256; 31
1257; 31
1258; 33
1259; 33
1260; 35
1261; 35
1262; 37
1263; 37
1264; 39
1265; 39
1266; 41
1267; 41
1268; 43
1269; 43
1270; 45
1271; 45
1272; 47
1273; 47
1274; 49
1275; 49
1276; 51
1277; 54
1278; 57
1279; 0
1280; 3
1281; 25
1282; 27
1283; 27
1284; 29
1285; 29
1286; 31
1287; 31
1288; 33
1289; 33
1290; 35
1291; 35
1292; 37
1293; 37
1294; 39
1295; 39
1296; 41
1297; 41
1298; 43
1299; 43
1300; 45
1301; 45
1302; 47
1303; 47
1304; 49
1305; 49
1306; 51
1307; 51
1308; 53
1309; 53
1310; 55
1311; 55
1312; 57
1313; 57
1314; 59
1315; 59
1316; 1
1317; 4
1318; 7
1319; 10
1320; 13
1321; 35
1322; 37
1323; 37
1324; 39
1325; 39
1326; 41
1327; 41
1328; 43
1329; 43
1330; 45
1331; 45
1332; 47
1333; 47
1334; 49
1335; 49
1336; 51
1337; 51
1338; 53
1339; 53
1340; 55
1341; 55
1342; 57
1343; 57
1344; 59
1345; 59
1346; 1
1347; 1
1348; 3
1349; 3
1350; 5
1351; 5
1352; 7
1353; 7
1354; 9
1355; 9
1356; 11
1357; 14
1358; 17
1359; 20
1360; 23
1361; 45
1362; 47
1363; 47
1364; 49
1365; 49
1366; 51
1367; 51
1368; 53
1369; 53
1370; 55
1371; 55
1372; 57
1373; 57
1374; 59
1375; 59
1376; 1
1377; 1
1378; 3
1379; 3
1380; 5
1381; 5
1382; 7
1383; 7
1384; 9
1385; 9
1386; 11
1387; 11
1388; 13
1389; 13
1390; 15
1391; 15
1392; 17
1393; 17
1394; 19
1395; 19
1396; 21
1397; 24
1398; 27
1399; 30
1400; 33
1401; 55
1402; 57
1403; 57
1404; 59
1405; 59
1406; 1
1407; 1
1408; 3
1409; 3
1410; 5
1411; 5
1412; 7
1413; 7
1414; 9
1415; 9
1416; 11
1417; 11
1418; 13
1419; 13
1420; 15
1421; 15
1422; 17
1423; 17
1424; 19
1425; 19
1426; 21
1427; 21
1428; 23
1429; 23
1430; 25
1431; 25
1432; 27
1433; 27
1434; 29
1435; 29
1436; 31
1437; 34
1438; 37
1439; 40
1440; 43
1441; 50
1442; 52
1443; 52
1444; 54
1445; 54
1446; 56
1447; 56
1448; 58
1449; 58
1450; 0
1451; 0
1452; 2
1453; 2
1454; 4
1455; 4
1456; 6
1457; 6
1458; 8
1459; 8
1460; 11
1461; 13
1462; 15
1463; 15
1464; 17
1465; 17
1466; 19
1467; 19
1468; 21
1469; 21
1470; 23
1471; 23
1472; 25
1473; 25
1474; 27
1475; 27
1476; 29
1477; 29
1478; 31
1479; 31
1480; 34
1481; 5
1482; 7
1483; 7
1484; 9
1485; 9
1486; 11
1487; 11
1488; 13
1489; 13
1490; 15
1491; 15
1492; 17
1493; 17
1494; 19
1495; 19
1496; 21
1497; 21
1498; 23
1499; 23
1500; 25
1501; 28
1502; 30
1503; 30
1504; 32
1505; 32
1506; 34
1507; 34
1508; 36
1509; 36
1510; 38
1511; 38
1512; 40
1513; 40
1514; 42
1515; 42
1516; 44
1517; 44
1518; 46
1519; 46
1520; 49
1521; 20
1522; 22
1523; 22
1524; 24
1525; 24
1526; 26
1527; 26
1528; 28
1529; 28
1530; 30
1531; 30
1532; 32
1533; 32
1534; 34
1535; 34
1536; 36
1537; 36
1538; 38
1539; 38
1540; 41
1541; 43
1542; 45
1543; 45
1544; 47
1545; 47
1546; 49
1547; 49
1548; 51
1549; 51
1550; 53
1551; 53
1552; 55
1553; 55
1554; 57
1555; 57
1556; 59
1557; 59
1558; 1
1559; 1
1560; 3
1561; 35
1562; 37
1563; 37
1564; 39
1565; 39
1566; 41
1567; 41
1568; 43
1569; 43
1570; 45
1571; 45
1572; 47
1573; 47
1574; 49
1575; 49
1576; 51
1577; 51
1578; 53
1579; 53
1580; 55
1581; 58
1582; 0
1583; 0
1584; 2
1585; 2
1586; 4
1587; 4
1588; 6
1589; 6
1590; 8
1591; 8
1592; 10
1593; 10
1594; 12
1595; 12
1596; 14
1597; 14
1598; 16
1599; 16
1600; 19
1601; 46
1602; 48
1603; 48
1604; 50
1605; 50
1606; 52
1607; 52
1608; 54
1609; 54
1610; 56
1611; 56
1612; 58
1613; 58
1614; 0
1615; 0
1616; 2
1617; 2
1618; 4
1619; 4
1620; 6
1621; 6
1622; 8
1623; 8
1624; 10
1625; 10
1626; 12
1627; 12
1628; 14
1629; 14
1630; 16
1631; 16
1632; 18
1633; 18
1634; 20
1635; 20
1636; 22
1637; 22
1638; 25
1639; 27
1640; 30
1641; 1
1642; 3
1643; 3
1644; 5
1645; 5
1646; 7
1647; 7
1648; 9
1649; 9
1650; 11
1651; 11
1652; 13
1653; 13
1654; 15
1655; 15
1656; 17
1657; 17
1658; 19
1659; 19
1660; 21
1661; 21
1662; 23
1663; 23
1664; 25
1665; 25
1666; 27
1667; 27
1668; 29
1669; 29
1670; 31
1671; 31
1672; 33
1673; 33
1674; 35
1675; 35
1676; 37
1677; 37
1678; 40
1679; 42
1680; 45
1681; 16
1682; 18
1683; 18
1684; 20
1685; 20
1686; 22
1687; 22
1688; 24
1689; 24
1690; 26
1691; 26
1692; 28
1693; 28
1694; 30
1695; 30
1696; 32
1697; 32
1698; 34
1699; 34
1700; 36
1701; 36
1702; 38
1703; 38
1704; 40
1705; 40
1706; 42
1707; 42
1708; 44
1709; 44
1710; 46
1711; 46
1712; 48
1713; 48
1714; 50
1715; 50
1716; 52
1717; 52
1718; 55
1719; 57
1720; 60
1721; 31
1722; 33
1723; 33
1724; 35
1725; 35
1726; 37
1727; 37
1728; 39
1729; 39
1730; 41
1731; 41
1732; 43
1733; 43
1734; 45
1735; 45
1736; 47
1737; 47
1738; 49
1739; 49
1740; 51
1741; 51
1742; 53
1743; 53
1744; 55
1745; 55
1746; 57
1747; 57
1748; 59
1749; 59
1750; 1
1751; 1
1752; 3
1753; 3
1754; 5
1755; 5
1756; 7
1757; 7
1758; 9
1759; 12
1760; 15
1761; 49
1762; 52
1763; 55
1764; 58
1765; 1
1766; 4
1767; 7
1768; 9
1769; 9
1770; 11
1771; 11
1772; 13
1773; 13
1774; 15
1775; 15
1776; 17
1777; 17
1778; 19
1779; 19
1780; 21
1781; 24
1782; 26
1783; 26
1784; 28
1785; 28
1786; 30
1787; 32
1788; 34
1789; 37
1790; 40
1791; 43
1792; 46
1793; 49
1794; 52
1795; 55
1796; 58
1797; 1
1798; 4
1799; 7
1800; 10
1801; 19
1802; 22
1803; 25
1804; 28
1805; 31
1806; 34
1807; 37
1808; 39
1809; 39
1810; 41
1811; 41
1812; 43
1813; 43
1814; 45
1815; 45
1816; 47
1817; 47
1818; 49
1819; 49
1820; 51
1821; 54
1822; 56
1823; 56
1824; 58
1825; 58
1826; 0
1827; 2
1828; 5
1829; 7
1830; 10
1831; 13
1832; 16
1833; 19
1834; 22
1835; 25
1836; 28
1837; 31
1838; 34
1839; 37
1840; 40
1841; 50
1842; 53
1843; 56
1844; 59
1845; 2
1846; 5
1847; 8
1848; 11
1849; 14
1850; 17
1851; 20
1852; 22
1853; 22
1854; 24
1855; 24
1856; 26
1857; 26
1858; 28
1859; 28
1860; 31
1861; 33
1862; 35
1863; 35
1864; 37
1865; 37
1866; 39
1867; 39
1868; 41
1869; 41
1870; 43
1871; 43
1872; 45
1873; 48
1874; 51
1875; 54
1876; 57
1877; 0
1878; 3
1879; 6
1880; 9
1881; 20
1882; 23
1883; 26
1884; 29
1885; 32
1886; 35
1887; 38
1888; 41
1889; 44
1890; 47
1891; 50
1892; 52
1893; 52
1894; 54
1895; 54
1896; 56
1897; 56
1898; 58
1899; 58
1900; 0
1901; 3
1902; 5
1903; 5
1904; 7
1905; 7
1906; 9
1907; 9
1908; 11
1909; 11
1910; 13
1911; 13
1912; 15
1913; 18
1914; 21
1915; 24
1916; 27
1917; 30
1918; 33
1919; 36
1920; 39
1921; 31
1922; 34
1923; 37
1924; 39
1925; 39
1926; 41
1927; 41
1928; 43
1929; 43
1930; 45
1931; 45
1932; 47
1933; 47
1934; 49
1935; 49
1936; 51
1937; 51
1938; 53
1939; 53
1940; 56
1941; 58
1942; 0
1943; 0
1944; 2
1945; 2
1946; 4
1947; 4
1948; 6
1949; 6
1950; 8
1951; 8
1952; 10
1953; 10
1954; 12
1955; 15
1956; 18
1957; 21
1958; 24
1959; 27
1960; 30
1961; 46
1962; 49
1963; 52
1964; 54
1965; 54
1966; 56
1967; 56
1968; 58
1969; 58
1970; 0
1971; 0
1972; 2
1973; 2
1974; 4
1975; 4
1976; 6
1977; 6
1978; 8
1979; 8
1980; 10
1981; 13
1982; 15
1983; 15
1984; 17
1985; 17
1986; 19
1987; 19
1988; 21
1989; 21
1990; 23
1991; 23
1992; 25
1993; 25
1994; 27
1995; 30
1996; 33
1997; 36
1998; 39
1999; 42
2000; 45
2001; 1
2002; 4
2003; 7
2004; 9
2005; 9
2006; 11
2007; 11
2008; 13
2009; 13
2010; 15
2011; 15
2012; 17
2013; 17
2014; 19
2015; 19
2016; 21
2017; 21
2018; 23
2019; 23
2020; 25
2021; 28
2022; 30
2023; 30
2024; 32
2025; 32
2026; 34
2027; 34
2028; 36
2029; 36
2030; 38
2031; 38
2032; 40
2033; 40
2034; 42
2035; 45
2036; 48
2037; 51
2038; 54
2039; 57
2040; 0
2041; 16
2042; 19
2043; 22
2044; 24
2045; 24
2046; 26
2047; 26
2048; 28
2049; 28
2050; 30
2051; 30
2052; 32
2053; 32
2054; 34
2055; 34
2056; 36
2057; 36
2058; 38
2059; 38
2060; 40
2061; 43
2062; 45
2063; 45
2064; 47
2065; 47
2066; 49
2067; 49
2068; 51
2069; 51
2070; 53
2071; 53
2072; 55
2073; 55
2074; 57
2075; 0
2076; 3
2077; 6
2078; 9
2079; 12
2080; 15
2081; 50
2082; 52
2083; 52
2084; 54
2085; 54
2086; 56
2087; 56
2088; 58
2089; 58
2090; 0
2091; 0
2092; 2
2093; 2
2094; 4
2095; 4
2096; 6
2097; 6
2098; 8
2099; 8
2100; 10
2101; 13
2102; 15
2103; 15
2104; 17
2105; 17
2106; 19
2107; 19
2108; 21
2109; 24
2110; 27
2111; 29
2112; 31
2113; 31
2114; 34
2115; 36
2116; 39
2117; 42
2118; 45
2119; 48
2120; 51
2121; 5
2122; 7
2123; 7
2124; 9
2125; 9
2126; 11
2127; 11
2128; 13
2129; 13
2130; 15
2131; 15
2132; 17
2133; 17
2134; 19
2135; 19
2136; 21
2137; 21
2138; 23
2139; 23
2140; 25
2141; 28
2142; 30
2143; 30
2144; 32
2145; 32
2146; 34
2147; 34
2148; 36
2149; 39
2150; 42
2151; 44
2152; 46
2153; 46
2154; 48
2155; 51
2156; 54
2157; 57
2158; 0
2159; 3
2160; 6
2161; 20
2162; 22
2163; 22
2164; 24
2165; 24
2166; 26
2167; 26
2168; 28
2169; 28
2170; 30
2171; 30
2172; 32
2173; 32
2174; 34
2175; 34
2176; 36
2177; 36
2178; 38
2179; 38
2180; 40
2181; 43
2182; 45
2183; 45
2184; 47
2185; 47
2186; 49
2187; 49
2188; 51
2189; 54
2190; 57
2191; 59
2192; 1
2193; 1
2194; 4
2195; 6
2196; 9
2197; 12
2198; 15
2199; 18
2200; 21
2201; 35
2202; 37
2203; 37
2204; 39
2205; 39
2206; 41
2207; 41
2208; 43
2209; 43
2210; 45
2211; 45
2212; 47
2213; 47
2214; 49
2215; 49
2216; 51
2217; 51
2218; 53
2219; 53
2220; 56
2221; 58
2222; 0
2223; 0
2224; 2
2225; 2
2226; 4
2227; 4
2228; 6
2229; 9
2230; 12
2231; 14
2232; 16
2233; 16
2234; 18
2235; 21
2236; 24
2237; 27
2238; 30
2239; 33
2240; 36
2241; 35
2242; 37
2243; 37
2244; 39
2245; 39
2246; 41
2247; 41
2248; 43
2249; 43
2250; 45
2251; 45
2252; 47
2253; 47
2254; 49
2255; 49
2256; 51
2257; 51
2258; 53
2259; 53
2260; 55
2261; 58
2262; 0
2263; 0
2264; 2
2265; 2
2266; 4
2267; 4
2268; 6
2269; 6
2270; 8
2271; 8
2272; 10
2273; 10
2274; 12
2275; 12
2276; 14
2277; 14
2278; 16
2279; 16
2280; 19
2281; 50
2282; 52
2283; 52
2284; 54
2285; 54
2286; 56
2287; 56
2288; 58
2289; 58
2290; 0
2291; 0
2292; 2
2293; 2
2294; 4
2295; 4
2296; 6
2297; 6
2298; 8
2299; 8
2300; 10
2301; 13
2302; 15
2303; 15
2304; 17
2305; 17
2306; 19
2307; 19
2308; 21
2309; 21
2310; 23
2311; 23
2312; 25
2313; 25
2314; 27
2315; 27
2316; 29
2317; 29
2318; 31
2319; 31
2320; 33
2321; 5
2322; 7
2323; 7
2324; 9
2325; 9
2326; 11
2327; 11
2328; 13
2329; 13
2330; 15
2331; 15
2332; 17
2333; 17
2334; 19
2335; 19
2336; 21
2337; 21
2338; 23
2339; 23
2340; 25
2341; 28
2342; 30
2343; 30
2344; 32
2345; 32
2346; 34
2347; 34
2348; 36
2349; 36
2350; 38
2351; 38
2352; 40
2353; 40
2354; 42
2355; 42
2356; 44
2357; 44
2358; 46
2359; 46
2360; 48
2361; 20
2362; 22
2363; 22
2364; 24
2365; 24
2366; 26
2367; 26
2368; 28
2369; 28
2370; 30
2371; 30
2372; 32
2373; 32
2374; 34
2375; 34
2376; 36
2377; 36
2378; 38
2379; 38
2380; 40
2381; 43
2382; 45
2383; 45
2384; 47
2385; 47
2386; 49
2387; 49
2388; 51
2389; 51
2390; 53
2391; 53
2392; 55
2393; 55
2394; 57
2395; 57
2396; 59
2397; 59
2398; 1
2399; 1
2400; 3
2401; 53
2402; 55
2403; 55
2404; 57
2405; 57
2406; 59
2407; 59
2408; 1
2409; 1
2410; 3
2411; 3
2412; 5
2413; 5
2414; 7
2415; 7
2416; 9
2417; 9
2418; 11
2419; 11
2420; 13
2421; 13
2422; 15
2423; 15
2424; 17
2425; 17
2426; 19
2427; 19
2428; 21
2429; 21
2430; 23
2431; 23
2432; 25
2433; 25
2434; 27
2435; 27
2436; 29
2437; 29
2438; 31
2439; 31
2440; 34
2441; 8
2442; 10
2443; 10
2444; 12
2445; 12
2446; 14
2447; 14
2448; 16
2449; 16
2450; 18
2451; 18
2452; 20
2453; 20
2454; 22
2455; 22
2456; 24
2457; 24
2458; 26
2459; 26
2460; 28
2461; 28
2462; 30
2463; 30
2464; 32
2465; 32
2466; 34
2467; 34
2468; 36
2469; 36
2470; 38
2471; 38
2472; 40
2473; 40
2474; 42
2475; 42
2476; 44
2477; 44
2478; 46
2479; 46
2480; 49
2481; 23
2482; 25
2483; 25
2484; 27
2485; 27
2486; 29
2487; 29
2488; 31
2489; 31
2490; 33
2491; 33
2492; 35
2493; 35
2494; 37
2495; 37
2496; 39
2497; 39
2498; 41
2499; 41
2500; 43
2501; 43
2502; 45
2503; 45
2504; 47
2505; 47
2506; 49
2507; 49
2508; 51
2509; 51
2510; 53
2511; 53
2512; 55
2513; 55
2514; 57
2515; 57
2516; 59
2517; 59
2518; 1
2519; 1
2520; 4
2521; 38
2522; 40
2523; 40
2524; 42
2525; 42
2526; 44
2527; 44
2528; 46
2529; 46
2530; 48
2531; 48
2532; 50
2533; 50
2534; 52
2535; 52
2536; 54
2537; 54
2538; 56
2539; 56
2540; 58
2541; 58
2542; 0
2543; 0
2544; 2
2545; 2
2546; 4
2547; 4
2548; 6
2549; 6
2550; 8
2551; 8
2552; 10
2553; 10
2554; 12
2555; 12
2556; 14
2557; 14
2558; 16
2559; 16
2560; 18
2561; 14
2562; 17
2563; 19
2564; 21
2565; 21
2566; 23
2567; 23
2568; 25
2569; 25
2570; 27
2571; 27
2572; 29
2573; 29
2574; 31
2575; 31
2576; 33
2577; 33
2578; 35
2579; 35
2580; 37
2581; 39
2582; 41
2583; 41
2584; 43
2585; 43
2586; 45
2587; 45
2588; 47
2589; 47
2590; 49
2591; 49
2592; 51
2593; 51
2594; 53
2595; 56
2596; 59
2597; 2
2598; 5
2599; 8
2600; 11
2601; 29
2602; 32
2603; 34
2604; 36
2605; 36
2606; 38
2607; 38
2608; 40
2609; 40
2610; 42
2611; 42
2612; 44
2613; 44
2614; 46
2615; 46
2616; 48
2617; 48
2618; 50
2619; 50
2620; 52
2621; 54
2622; 56
2623; 56
2624; 58
2625; 58
2626; 0
2627; 0
2628; 2
2629; 2
2630; 4
2631; 4
2632; 6
2633; 6
2634; 8
2635; 11
2636; 14
2637; 17
2638; 20
2639; 23
2640; 26
2641; 44
2642; 47
2643; 49
2644; 51
2645; 51
2646; 53
2647; 53
2648; 55
2649; 55
2650; 57
2651; 57
2652; 59
2653; 59
2654; 1
2655; 1
2656; 3
2657; 3
2658; 5
2659; 5
2660; 7
2661; 9
2662; 11
2663; 11
2664; 13
2665; 13
2666; 15
2667; 15
2668; 17
2669; 17
2670; 19
2671; 19
2672; 21
2673; 21
2674; 23
2675; 26
2676; 29
2677; 32
2678; 35
2679; 38
2680; 41
2681; 59
2682; 2
2683; 4
2684; 6
2685; 6
2686; 8
2687; 8
2688; 10
2689; 10
2690; 12
2691; 12
2692; 14
2693; 14
2694; 16
2695; 16
2696; 18
2697; 18
2698; 20
2699; 20
2700; 22
2701; 24
2702; 26
2703; 26
2704; 28
2705; 28
2706; 30
2707; 30
2708; 32
2709; 32
2710; 34
2711; 34
2712; 36
2713; 36
2714; 38
2715; 41
2716; 44
2717; 47
2718; 50
2719; 53
2720; 56
2721; 51
2722; 54
2723; 56
2724; 58
2725; 58
2726; 0
2727; 0
2728; 2
2729; 2
2730; 4
2731; 4
2732; 6
2733; 6
2734; 8
2735; 8
2736; 10
2737; 10
2738; 12
2739; 12
2740; 14
2741; 14
2742; 16
2743; 16
2744; 18
2745; 18
2746; 20
2747; 20
2748; 22
2749; 22
2750; 24
2751; 24
2752; 26
2753; 26
2754; 28
2755; 28
2756; 30
2757; 30
2758; 32
2759; 32
2760; 34
2761; 6
2762; 9
2763; 11
2764; 13
2765; 13
2766; 15
2767; 15
2768; 17
2769; 17
2770; 19
2771; 19
2772; 21
2773; 21
2774; 23
2775; 23
2776; 25
2777; 25
2778; 27
2779; 27
2780; 29
2781; 29
2782; 31
2783; 31
2784; 33
2785; 33
2786; 35
2787; 35
2788; 37
2789; 37
2790; 39
2791; 39
2792; 41
2793; 41
2794; 43
2795; 43
2796; 45
2797; 45
2798; 47
2799; 47
2800; 49
2801; 21
2802; 24
2803; 26
2804; 28
2805; 28
2806; 30
2807; 30
2808; 32
2809; 32
2810; 34
2811; 34
2812; 36
2813; 36
2814; 38
2815; 38
2816; 40
2817; 40
2818; 42
2819; 42
2820; 44
2821; 44
2822; 46
2823; 46
2824; 48
2825; 48
2826; 50
2827; 50
2828; 52
2829; 52
2830; 54
2831; 54
2832; 56
2833; 56
2834; 58
2835; 58
2836; 0
2837; 0
2838; 2
2839; 2
2840; 4
2841; 36
2842; 39
2843; 41
2844; 43
2845; 43
2846; 45
2847; 45
2848; 47
2849; 47
2850; 49
2851; 49
2852; 51
2853; 51
2854; 53
2855; 53
2856; 55
2857; 55
2858; 57
2859; 57
2860; 59
2861; 59
2862; 1
2863; 1
2864; 3
2865; 3
2866; 5
2867; 5
2868; 7
2869; 7
2870; 9
2871; 9
2872; 11
2873; 11
2874; 13
2875; 13
2876; 15
2877; 15
2878; 17
2879; 17
2880; 19
2881; 24
2882; 27
2883; 30
2884; 33
2885; 36
2886; 39
2887; 42
2888; 45
2889; 48
2890; 50
2891; 50
2892; 52
2893; 52
2894; 54
2895; 54
2896; 56
2897; 56
2898; 58
2899; 58
2900; 0
2901; 3
2902; 5
2903; 5
2904; 7
2905; 7
2906; 9
2907; 12
2908; 15
2909; 17
2910; 20
2911; 23
2912; 26
2913; 29
2914; 32
2915; 35
2916; 38
2917; 41
2918; 44
2919; 47
2920; 50
2921; 39
2922; 42
2923; 45
2924; 48
2925; 51
2926; 54
2927; 57
2928; 0
2929; 3
2930; 5
2931; 5
2932; 7
2933; 7
2934; 9
2935; 9
2936; 11
2937; 11
2938; 13
2939; 13
2940; 16
2941; 18
2942; 20
2943; 20
2944; 22
2945; 22
2946; 25
2947; 27
2948; 29
2949; 32
2950; 35
2951; 38
2952; 41
2953; 44
2954; 47
2955; 50
2956; 53
2957; 56
2958; 59
2959; 2
2960; 5
2961; 54
2962; 57
2963; 0
2964; 3
2965; 6
2966; 9
2967; 12
2968; 15
2969; 18
2970; 20
2971; 20
2972; 22
2973; 22
2974; 24
2975; 24
2976; 26
2977; 26
2978; 28
2979; 28
2980; 30
2981; 33
2982; 35
2983; 35
2984; 37
2985; 37
2986; 39
2987; 42
2988; 44
2989; 47
2990; 50
2991; 53
2992; 56
2993; 59
2994; 2
2995; 5
2996; 8
2997; 11
2998; 14
2999; 17
3000; 20
3001; 9
3002; 12
3003; 15
3004; 18
3005; 21
3006; 24
3007; 27
3008; 30
3009; 33
3010; 35
3011; 35
3012; 37
3013; 37
3014; 39
3015; 39
3016; 41
3017; 41
3018; 43
3019; 43
3020; 45
3021; 48
3022; 50
3023; 50
3024; 52
3025; 52
3026; 55
3027; 57
3028; 60
3029; 2
3030; 5
3031; 8
3032; 11
3033; 14
3034; 17
3035; 20
3036; 23
3037; 26
3038; 29
3039; 32
3040; 35
3041; 30
3042; 33
3043; 36
3044; 39
3045; 42
3046; 45
3047; 46
3048; 48
3049; 48
3050; 50
3051; 50
3052; 52
3053; 52
3054; 54
3055; 54
3056; 56
3057; 56
3058; 58
3059; 58
3060; 0
3061; 3
3062; 5
3063; 5
3064; 7
3065; 7
3066; 9
3067; 9
3068; 12
3069; 12
3070; 14
3071; 17
3072; 20
3073; 23
3074; 26
3075; 29
3076; 32
3077; 35
3078; 38
3079; 41
3080; 44
3081; 45
3082; 48
3083; 51
3084; 54
3085; 57
3086; 0
3087; 1
3088; 3
3089; 3
3090; 5
3091; 5
3092; 7
3093; 7
3094; 9
3095; 9
3096; 11
3097; 11
3098; 13
3099; 13
3100; 15
3101; 18
3102; 20
3103; 20
3104; 22
3105; 22
3106; 24
3107; 24
3108; 27
3109; 27
3110; 29
3111; 32
3112; 35
3113; 38
3114; 41
3115; 44
3116; 47
3117; 50
3118; 53
3119; 56
3120; 59
3121; 0
3122; 3
3123; 6
3124; 9
3125; 12
3126; 15
3127; 16
3128; 18
3129; 18
3130; 20
3131; 20
3132; 22
3133; 22
3134; 24
3135; 24
3136; 26
3137; 26
3138; 28
3139; 28
3140; 30
3141; 33
3142; 35
3143; 35
3144; 37
3145; 37
3146; 39
3147; 39
3148; 41
3149; 42
3150; 44
3151; 47
3152; 50
3153; 53
3154; 56
3155; 59
3156; 2
3157; 5
3158; 8
3159; 11
3160; 14
3161; 15
3162; 18
3163; 21
3164; 24
3165; 27
3166; 30
3167; 31
3168; 33
3169; 33
3170; 35
3171; 35
3172; 37
3173; 37
3174; 39
3175; 39
3176; 41
3177; 41
3178; 43
3179; 43
3180; 45
3181; 48
3182; 50
3183; 50
3184; 52
3185; 52
3186; 54
3187; 54
3188; 56
3189; 57
3190; 59
3191; 2
3192; 5
3193; 8
3194; 11
3195; 14
3196; 17
3197; 20
3198; 23
3199; 26
3200; 29
3201; 7
3202; 10
3203; 13
3204; 16
3205; 19
3206; 22
3207; 25
3208; 28
3209; 31
3210; 33
3211; 33
3212; 35
3213; 35
3214; 37
3215; 37
3216; 39
3217; 39
3218; 41
3219; 41
3220; 44
3221; 46
3222; 48
3223; 48
3224; 50
3225; 50
3226; 52
3227; 52
3228; 54
3229; 54
3230; 56
3231; 56
3232; 58
3233; 58
3234; 0
3235; 3
3236; 6
3237; 9
3238; 12
3239; 15
3240; 18
3241; 22
3242; 25
3243; 28
3244; 31
3245; 34
3246; 37
3247; 40
3248; 43
3249; 46
3250; 48
3251; 48
3252; 50
3253; 50
3254; 52
3255; 52
3256; 54
3257; 54
3258; 56
3259; 56
3260; 58
3261; 1
3262; 3
3263; 3
3264; 5
3265; 5
3266; 7
3267; 7
3268; 9
3269; 9
3270; 11
3271; 11
3272; 13
3273; 13
3274; 15
3275; 18
3276; 21
3277; 24
3278; 27
3279; 30
3280; 33
3281; 37
3282; 40
3283; 43
3284; 46
3285; 49
3286; 52
3287; 55
3288; 58
3289; 1
3290; 3
3291; 3
3292; 5
3293; 5
3294; 7
3295; 7
3296; 9
3297; 9
3298; 11
3299; 11
3300; 14
3301; 16
3302; 18
3303; 18
3304; 20
3305; 20
3306; 22
3307; 22
3308; 24
3309; 24
3310; 26
3311; 26
3312; 28
3313; 28
3314; 30
3315; 33
3316; 36
3317; 39
3318; 42
3319; 45
3320; 48
3321; 52
3322; 55
3323; 58
3324; 1
3325; 4
3326; 7
3327; 10
3328; 13
3329; 16
3330; 18
3331; 18
3332; 20
3333; 20
3334; 22
3335; 22
3336; 24
3337; 24
3338; 26
3339; 26
3340; 28
3341; 31
3342; 33
3343; 33
3344; 35
3345; 35
3346; 37
3347; 37
3348; 39
3349; 39
3350; 41
3351; 41
3352; 43
3353; 43
3354; 45
3355; 48
3356; 51
3357; 54
3358; 57
3359; 0
3360; 3
3361; 58
3362; 1
3363; 4
3364; 7
3365; 10
3366; 13
3367; 16
3368; 19
3369; 22
3370; 25
3371; 28
3372; 31
3373; 34
3374; 36
3375; 36
3376; 38
3377; 38
3378; 40
3379; 40
3380; 42
3381; 43
3382; 45
3383; 45
3384; 47
3385; 47
3386; 49
3387; 49
3388; 51
3389; 54
3390; 57
3391; 0
3392; 3
3393; 6
3394; 9
3395; 12
3396; 15
3397; 18
3398; 21
3399; 24
3400; 27
3401; 13
3402; 16
3403; 19
3404; 22
3405; 25
3406; 28
3407; 31
3408; 34
3409; 37
3410; 40
3411; 43
3412; 46
3413; 49
3414; 51
3415; 51
3416; 53
3417; 53
3418; 55
3419; 55
3420; 57
3421; 58
3422; 0
3423; 0
3424; 2
3425; 2
3426; 4
3427; 4
3428; 6
3429; 9
3430; 12
3431; 15
3432; 18
3433; 21
3434; 24
3435; 27
3436; 30
3437; 33
3438; 36
3439; 39
3440; 42
3441; 28
3442; 31
3443; 34
3444; 37
3445; 40
3446; 43
3447; 46
3448; 49
3449; 52
3450; 55
3451; 58
3452; 1
3453; 4
3454; 6
3455; 6
3456; 8
3457; 8
3458; 10
3459; 10
3460; 12
3461; 13
3462; 15
3463; 15
3464; 17
3465; 17
3466; 19
3467; 19
3468; 21
3469; 24
3470; 27
3471; 30
3472; 33
3473; 36
3474; 39
3475; 42
3476; 45
3477; 48
3478; 51
3479; 54
3480; 57
3481; 43
3482; 46
3483; 49
3484; 52
3485; 55
3486; 58
3487; 1
3488; 4
3489; 7
3490; 10
3491; 13
3492; 16
3493; 19
3494; 21
3495; 21
3496; 23
3497; 23
3498; 25
3499; 25
3500; 27
3501; 28
3502; 30
3503; 30
3504; 32
3505; 32
3506; 34
3507; 34
3508; 36
3509; 39
3510; 42
3511; 45
3512; 48
3513; 51
3514; 54
3515; 57
3516; 0
3517; 3
3518; 6
3519; 9
3520; 12
3521; 30
3522; 33
3523; 36
3524; 39
3525; 42
3526; 45
3527; 48
3528; 51
3529; 54
3530; 57
3531; 0
3532; 2
3533; 2
3534; 4
3535; 4
3536; 6
3537; 6
3538; 8
3539; 8
3540; 10
3541; 13
3542; 15
3543; 15
3544; 17
3545; 20
3546; 23
3547; 26
3548; 29
3549; 32
3550; 35
3551; 38
3552; 41
3553; 44
3554; 47
3555; 50
3556; 53
3557; 56
3558; 59
3559; 2
3560; 5
3561; 0
3562; 3
3563; 6
3564; 9
3565; 12
3566; 15
3567; 18
3568; 21
3569; 24
3570; 27
3571; 30
3572; 32
3573; 32
3574; 34
3575; 34
3576; 36
3577; 36
3578; 38
3579; 38
3580; 40
3581; 43
3582; 45
3583; 45
3584; 47
3585; 50
3586; 53
3587; 56
3588; 59
3589; 2
3590; 5
3591; 8
3592; 11
3593; 14
3594; 17
3595; 20
3596; 23
3597; 26
3598; 29
3599; 32
3600; 35
3601; 45
3602; 48
3603; 51
3604; 53
3605; 53
3606; 55
3607; 56
3608; 58
3609; 58
3610; 0
3611; 0
3612; 2
3613; 2
3614; 4
3615; 4
3616; 6
3617; 6
3618; 8
3619; 8
3620; 10
3621; 13
3622; 15
3623; 15
3624; 17
3625; 17
3626; 19
3627; 19
3628; 21
3629; 21
3630; 23
3631; 24
3632; 26
3633; 29
3634; 32
3635; 35
3636; 38
3637; 41
3638; 44
3639; 47
3640; 50
3641; 15
3642; 18
3643; 21
3644; 23
3645; 23
3646; 26
3647; 26
3648; 28
3649; 28
3650; 30
3651; 30
3652; 32
3653; 32
3654; 34
3655; 34
3656; 36
3657; 36
3658; 38
3659; 38
3660; 40
3661; 43
3662; 45
3663; 45
3664; 47
3665; 47
3666; 49
3667; 49
3668; 51
3669; 51
3670; 54
3671; 54
3672; 56
3673; 59
3674; 2
3675; 5
3676; 8
3677; 11
3678; 14
3679; 17
3680; 20
3681; 15
3682; 17
3683; 17
3684; 19
3685; 19
3686; 21
3687; 21
3688; 23
3689; 23
3690; 25
3691; 25
3692; 27
3693; 27
3694; 29
3695; 29
3696; 31
3697; 31
3698; 33
3699; 33
3700; 35
3701; 38
3702; 40
3703; 40
3704; 42
3705; 42
3706; 44
3707; 44
3708; 46
3709; 46
3710; 48
3711; 48
3712; 50
3713; 50
3714; 52
3715; 52
3716; 54
3717; 57
3718; 0
3719; 3
3720; 6
3721; 30
3722; 32
3723; 32
3724; 34
3725; 34
3726; 36
3727; 36
3728; 38
3729; 38
3730; 40
3731; 40
3732; 42
3733; 42
3734; 44
3735; 44
3736; 46
3737; 46
3738; 48
3739; 48
3740; 50
3741; 53
3742; 55
3743; 55
3744; 57
3745; 57
3746; 59
3747; 59
3748; 1
3749; 1
3750; 3
3751; 3
3752; 5
3753; 5
3754; 7
3755; 7
3756; 9
3757; 12
3758; 15
3759; 18
3760; 21
3761; 45
3762; 47
3763; 47
3764; 49
3765; 49
3766; 51
3767; 51
3768; 53
3769; 53
3770; 55
3771; 55
3772; 57
3773; 57
3774; 59
3775; 59
3776; 1
3777; 1
3778; 3
3779; 3
3780; 6
3781; 8
3782; 10
3783; 10
3784; 12
3785; 12
3786; 14
3787; 14
3788; 16
3789; 16
3790; 18
3791; 18
3792; 20
3793; 20
3794; 22
3795; 22
3796; 24
3797; 27
3798; 30
3799; 33
3800; 36
3801; 0
3802; 2
3803; 2
3804; 4
3805; 4
3806; 6
3807; 6
3808; 8
3809; 8
3810; 10
3811; 10
3812; 12
3813; 12
3814; 14
3815; 14
3816; 16
3817; 16
3818; 18
3819; 18
3820; 20
3821; 23
3822; 25
3823; 25
3824; 27
3825; 27
3826; 29
3827; 29
3828; 31
3829; 31
3830; 33
3831; 33
3832; 35
3833; 35
3834; 37
3835; 37
3836; 39
3837; 42
3838; 45
3839; 48
3840; 51
3841; 46
3842; 49
3843; 52
3844; 55
3845; 57
3846; 59
3847; 59
3848; 1
3849; 1
3850; 3
3851; 3
3852; 5
3853; 5
3854; 7
3855; 7
3856; 9
3857; 9
3858; 11
3859; 11
3860; 13
3861; 13
3862; 15
3863; 15
3864; 17
3865; 17
3866; 19
3867; 19
3868; 21
3869; 21
3870; 23
3871; 23
3872; 25
3873; 25
3874; 27
3875; 27
3876; 30
3877; 32
3878; 35
3879; 38
3880; 41
3881; 1
3882; 4
3883; 7
3884; 9
3885; 12
3886; 14
3887; 14
3888; 16
3889; 16
3890; 18
3891; 18
3892; 20
3893; 20
3894; 22
3895; 22
3896; 24
3897; 24
3898; 26
3899; 26
3900; 28
3901; 28
3902; 30
3903; 30
3904; 32
3905; 32
3906; 34
3907; 34
3908; 36
3909; 36
3910; 38
3911; 38
3912; 40
3913; 40
3914; 42
3915; 42
3916; 44
3917; 47
3918; 50
3919; 53
3920; 56
3921; 16
3922; 19
3923; 22
3924; 25
3925; 27
3926; 29
3927; 29
3928; 31
3929; 31
3930; 33
3931; 33
3932; 35
3933; 35
3934; 37
3935; 37
3936; 39
3937; 39
3938; 41
3939; 41
3940; 43
3941; 43
3942; 45
3943; 45
3944; 47
3945; 47
3946; 49
3947; 49
3948; 51
3949; 51
3950; 53
3951; 53
3952; 55
3953; 55
3954; 57
3955; 57
3956; 0
3957; 2
3958; 5
3959; 8
3960; 11
3961; 31
3962; 34
3963; 37
3964; 40
3965; 42
3966; 44
3967; 44
3968; 46
3969; 46
3970; 48
3971; 48
3972; 50
3973; 50
3974; 52
3975; 52
3976; 54
3977; 54
3978; 56
3979; 56
3980; 58
3981; 58
3982; 0
3983; 0
3984; 2
3985; 2
3986; 4
3987; 4
3988; 6
3989; 6
3990; 8
3991; 8
3992; 10
3993; 10
3994; 12
3995; 12
3996; 15
3997; 17
3998; 20
3999; 23
4000; 26
4001; 50
4002; 52
4003; 52
4004; 54
4005; 54
4006; 56
4007; 56
4008; 58
4009; 58
4010; 0
4011; 0
4012; 2
4013; 2
4014; 4
4015; 4
4016; 6
4017; 6
4018; 8
4019; 8
4020; 10
4021; 13
4022; 15
4023; 15
4024; 17
4025; 17
4026; 19
4027; 19
4028; 21
4029; 21
4030; 23
4031; 23
4032; 25
4033; 25
4034; 27
4035; 27
4036; 29
4037; 29
4038; 31
4039; 34
4040; 37
4041; 0
4042; 2
4043; 2
4044; 4
4045; 4
4046; 6
4047; 6
4048; 8
4049; 8
4050; 10
4051; 10
4052; 12
4053; 12
4054; 14
4055; 14
4056; 16
4057; 16
4058; 18
4059; 18
4060; 21
4061; 23
4062; 25
4063; 25
4064; 27
4065; 27
4066; 29
4067; 29
4068; 31
4069; 31
4070; 33
4071; 33
4072; 35
4073; 35
4074; 37
4075; 37
4076; 39
4077; 39
4078; 42
4079; 44
4080; 47
4081; 10
4082; 12
4083; 12
4084; 14
4085; 14
4086; 16
4087; 16
4088; 18
4089; 18
4090; 20
4091; 20
4092; 22
4093; 22
4094; 24
4095; 24
4096; 26
4097; 26
4098; 28
4099; 28
4100; 30
4101; 33
4102; 35
4103; 35
4104; 37
4105; 37
4106; 39
4107; 39
4108; 41
4109; 41
4110; 43
4111; 43
4112; 45
4113; 45
4114; 47
4115; 47
4116; 49
4117; 49
4118; 52
4119; 54
4120; 57
4121; 20
4122; 22
4123; 22
4124; 24
4125; 24
4126; 26
4127; 26
4128; 28
4129; 28
4130; 30
4131; 30
4132; 32
4133; 32
4134; 34
4135; 34
4136; 36
4137; 36
4138; 38
4139; 38
4140; 41
4141; 43
4142; 45
4143; 45
4144; 47
4145; 47
4146; 49
4147; 49
4148; 51
4149; 51
4150; 53
4151; 53
4152; 55
4153; 55
4154; 57
4155; 57
4156; 59
4157; 59
4158; 1
4159; 4
4160; 7
4161; 30
4162; 32
4163; 32
4164; 34
4165; 34
4166; 36
4167; 36
4168; 38
4169; 38
4170; 40
4171; 40
4172; 42
4173; 42
4174; 44
4175; 44
4176; 46
4177; 46
4178; 48
4179; 48
4180; 51
4181; 53
4182; 55
4183; 55
4184; 57
4185; 57
4186; 59
4187; 59
4188; 1
4189; 1
4190; 3
4191; 3
4192; 5
4193; 5
4194; 7
4195; 7
4196; 9
4197; 9
4198; 11
4199; 14
4200; 17
4201; 40
4202; 42
4203; 42
4204; 44
4205; 44
4206; 46
4207; 46
4208; 48
4209; 48
4210; 50
4211; 50
4212; 52
4213; 52
4214; 54
4215; 54
4216; 56
4217; 56
4218; 58
4219; 58
4220; 0
4221; 3
4222; 5
4223; 5
4224; 7
4225; 7
4226; 9
4227; 9
4228; 11
4229; 11
4230; 13
4231; 13
4232; 15
4233; 15
4234; 17
4235; 17
4236; 19
4237; 19
4238; 21
4239; 24
4240; 27
4241; 17
4242; 20
4243; 23
4244; 26
4245; 27
4246; 29
4247; 29
4248; 31
4249; 31
4250; 33
4251; 33
4252; 35
4253; 35
4254; 37
4255; 37
4256; 39
4257; 39
4258; 41
4259; 41
4260; 43
4261; 43
4262; 45
4263; 45
4264; 47
4265; 47
4266; 49
4267; 49
4268; 51
4269; 51
4270; 53
4271; 53
4272; 55
4273; 55
4274; 57
4275; 57
4276; 59
4277; 2
4278; 5
4279; 8
4280; 11
4281; 27
4282; 30
4283; 33
4284; 36
4285; 37
4286; 39
4287; 39
4288; 41
4289; 41
4290; 43
4291; 43
4292; 45
4293; 45
4294; 47
4295; 47
4296; 49
4297; 49
4298; 51
4299; 51
4300; 53
4301; 53
4302; 55
4303; 55
4304; 57
4305; 57
4306; 59
4307; 59
4308; 1
4309; 1
4310; 3
4311; 3
4312; 5
4313; 5
4314; 7
4315; 7
4316; 9
4317; 12
4318; 15
4319; 18
4320; 21
4321; 37
4322; 40
4323; 43
4324; 46
4325; 47
4326; 49
4327; 49
4328; 51
4329; 51
4330; 53
4331; 53
4332; 55
4333; 55
4334; 57
4335; 57
4336; 59
4337; 59
4338; 1
4339; 1
4340; 3
4341; 3
4342; 5
4343; 5
4344; 7
4345; 7
4346; 9
4347; 9
4348; 11
4349; 11
4350; 13
4351; 13
4352; 15
4353; 15
4354; 17
4355; 17
4356; 19
4357; 22
4358; 25
4359; 28
4360; 31
4361; 47
4362; 50
4363; 53
4364; 56
4365; 57
4366; 59
4367; 59
4368; 1
4369; 1
4370; 3
4371; 3
4372; 5
4373; 5
4374; 7
4375; 7
4376; 9
4377; 9
4378; 11
4379; 11
4380; 13
4381; 13
4382; 15
4383; 15
4384; 17
4385; 17
4386; 19
4387; 19
4388; 21
4389; 21
4390; 23
4391; 23
4392; 25
4393; 25
4394; 27
4395; 27
4396; 29
4397; 32
4398; 35
4399; 38
4400; 41
4401; 57
4402; 60
4403; 3
4404; 5
4405; 7
4406; 9
4407; 9
4408; 11
4409; 11
4410; 13
4411; 13
4412; 15
4413; 15
4414; 17
4415; 17
4416; 19
4417; 19
4418; 21
4419; 21
4420; 23
4421; 23
4422; 25
4423; 25
4424; 27
4425; 27
4426; 29
4427; 29
4428; 31
4429; 31
4430; 33
4431; 33
4432; 35
4433; 35
4434; 37
4435; 37
4436; 39
4437; 42
4438; 45
4439; 48
4440; 51
4441; 7
4442; 10
4443; 13
4444; 16
4445; 17
4446; 19
4447; 19
4448; 21
4449; 21
4450; 23
4451; 23
4452; 25
4453; 25
4454; 27
4455; 27
4456; 29
4457; 29
4458; 31
4459; 31
4460; 33
4461; 33
4462; 35
4463; 35
4464; 37
4465; 37
4466; 39
4467; 39
4468; 41
4469; 41
4470; 43
4471; 43
4472; 45
4473; 45
4474; 47
4475; 47
4476; 49
4477; 52
4478; 55
4479; 58
4480; 1
4481; 55
4482; 57
4483; 57
4484; 59
4485; 59
4486; 1
4487; 1
4488; 3
4489; 3
4490; 5
4491; 5
4492; 7
4493; 7
4494; 9
4495; 9
4496; 11
4497; 11
4498; 13
4499; 13
4500; 15
4501; 15
4502; 17
4503; 17
4504; 19
4505; 19
4506; 21
4507; 21
4508; 23
4509; 23
4510; 25
4511; 25
4512; 27
4513; 27
4514; 30
4515; 30
4516; 32
4517; 32
4518; 34
4519; 34
4520; 36
4521; 10
4522; 12
4523; 12
4524; 14
4525; 14
4526; 16
4527; 16
4528; 18
4529; 18
4530; 20
4531; 20
4532; 22
4533; 22
4534; 24
4535; 24
4536; 26
4537; 26
4538; 28
4539; 28
4540; 30
4541; 30
4542; 32
4543; 32
4544; 34
4545; 34
4546; 36
4547; 36
4548; 38
4549; 38
4550; 40
4551; 40
4552; 42
4553; 42
4554; 44
4555; 45
4556; 47
4557; 47
4558; 49
4559; 49
4560; 51
4561; 25
4562; 27
4563; 27
4564; 29
4565; 29
4566; 31
4567; 31
4568; 33
4569; 33
4570; 35
4571; 35
4572; 37
4573; 37
4574; 39
4575; 39
4576; 41
4577; 41
4578; 43
4579; 43
4580; 45
4581; 45
4582; 47
4583; 47
4584; 49
4585; 49
4586; 51
4587; 51
4588; 53
4589; 53
4590; 55
4591; 55
4592; 57
4593; 57
4594; 59
4595; 0
4596; 2
4597; 2
4598; 4
4599; 4
4600; 6
4601; 40
4602; 42
4603; 42
4604; 44
4605; 44
4606; 46
4607; 46
4608; 48
4609; 48
4610; 50
4611; 50
4612; 52
4613; 52
4614; 54
4615; 54
4616; 56
4617; 56
4618; 58
4619; 58
4620; 60
4621; 60
4622; 2
4623; 2
4624; 4
4625; 4
4626; 6
4627; 6
4628; 8
4629; 8
4630; 10
4631; 10
4632; 12
4633; 12
4634; 14
4635; 15
4636; 17
4637; 17
4638; 19
4639; 19
4640; 21
4641; 16
4642; 19
4643; 22
4644; 25
4645; 28
4646; 31
4647; 34
4648; 36
4649; 36
4650; 38
4651; 38
4652; 40
4653; 40
4654; 42
4655; 42
4656; 44
4657; 44
4658; 46
4659; 46
4660; 48
4661; 48
4662; 50
4663; 50
4664; 52
4665; 52
4666; 54
4667; 54
4668; 56
4669; 56
4670; 58
4671; 58
4672; 0
4673; 0
4674; 2
4675; 2
4676; 4
4677; 7
4678; 10
4679; 13
4680; 16
4681; 31
4682; 34
4683; 37
4684; 40
4685; 43
4686; 46
4687; 49
4688; 51
4689; 51
4690; 53
4691; 53
4692; 55
4693; 55
4694; 57
4695; 57
4696; 59
4697; 59
4698; 1
4699; 1
4700; 3
4701; 3
4702; 5
4703; 5
4704; 7
4705; 7
4706; 9
4707; 9
4708; 11
4709; 11
4710; 13
4711; 13
4712; 15
4713; 15
4714; 17
4715; 17
4716; 19
4717; 22
4718; 25
4719; 28
4720; 30
4721; 46
4722; 49
4723; 52
4724; 55
4725; 58
4726; 1
4727; 4
4728; 6
4729; 6
4730; 8
4731; 8
4732; 10
4733; 10
4734; 12
4735; 12
4736; 14
4737; 14
4738; 16
4739; 16
4740; 18
4741; 18
4742; 20
4743; 20
4744; 22
4745; 22
4746; 24
4747; 24
4748; 26
4749; 26
4750; 28
4751; 28
4752; 30
4753; 30
4754; 32
4755; 32
4756; 35
4757; 37
4758; 40
4759; 43
4760; 46
4761; 1
4762; 4
4763; 7
4764; 10
4765; 13
4766; 16
4767; 19
4768; 21
4769; 21
4770; 23
4771; 23
4772; 25
4773; 25
4774; 27
4775; 27
4776; 29
4777; 29
4778; 31
4779; 31
4780; 33
4781; 33
4782; 35
4783; 35
4784; 37
4785; 37
4786; 39
4787; 39
4788; 41
4789; 41
4790; 43
4791; 43
4792; 45
4793; 45
4794; 47
4795; 47
4796; 50
4797; 52
4798; 55
4799; 58
4800; 1
4801; 56
4802; 58
4803; 58
4804; 0
4805; 0
4806; 2
4807; 2
4808; 4
4809; 4
4810; 6
4811; 6
4812; 8
4813; 8
4814; 10
4815; 10
4816; 12
4817; 12
4818; 14
4819; 14
4820; 17
4821; 19
4822; 21
4823; 21
4824; 23
4825; 23
4826; 25
4827; 25
4828; 27
4829; 27
4830; 29
4831; 29
4832; 31
4833; 31
4834; 33
4835; 33
4836; 35
4837; 35
4838; 37
4839; 37
4840; 40
4841; 57
4842; 59
4843; 59
4844; 1
4845; 1
4846; 3
4847; 3
4848; 5
4849; 5
4850; 7
4851; 7
4852; 9
4853; 9
4854; 11
4855; 11
4856; 13
4857; 13
4858; 15
4859; 15
4860; 18
4861; 20
4862; 22
4863; 22
4864; 24
4865; 24
4866; 26
4867; 26
4868; 28
4869; 28
4870; 30
4871; 30
4872; 32
4873; 32
4874; 34
4875; 34
4876; 36
4877; 36
4878; 38
4879; 38
4880; 40
4881; 58
4882; 0
4883; 0
4884; 2
4885; 2
4886; 4
4887; 4
4888; 6
4889; 6
4890; 8
4891; 8
4892; 10
4893; 10
4894; 12
4895; 12
4896; 14
4897; 14
4898; 16
4899; 16
4900; 19
4901; 21
4902; 23
4903; 23
4904; 25
4905; 25
4906; 27
4907; 27
4908; 29
4909; 29
4910; 31
4911; 31
4912; 33
4913; 33
4914; 35
4915; 35
4916; 37
4917; 37
4918; 39
4919; 39
4920; 42
4921; 59
4922; 1
4923; 1
4924; 3
4925; 3
4926; 5
4927; 5
4928; 7
4929; 7
4930; 9
4931; 9
4932; 11
4933; 11
4934; 13
4935; 13
4936; 15
4937; 15
4938; 17
4939; 17
4940; 20
4941; 22
4942; 24
4943; 24
4944; 26
4945; 26
4946; 28
4947; 28
4948; 30
4949; 30
4950; 32
4951; 32
4952; 34
4953; 34
4954; 36
4955; 36
4956; 38
4957; 38
4958; 40
4959; 40
4960; 43
4961; 0
4962; 2
4963; 2
4964; 4
4965; 4
4966; 6
4967; 6
4968; 8
4969; 8
4970; 10
4971; 10
4972; 12
4973; 12
4974; 14
4975; 14
4976; 16
4977; 16
4978; 18
4979; 18
4980; 21
4981; 23
4982; 25
4983; 25
4984; 27
4985; 27
4986; 29
4987; 29
4988; 31
4989; 31
4990; 33
4991; 33
4992; 35
4993; 35
4994; 37
4995; 37
4996; 39
4997; 39
4998; 41
4999; 41
5000; 44
5001; 1
5002; 3
5003; 3
5004; 5
5005; 5
5006; 7
5007; 7
5008; 9
5009; 9
5010; 11
5011; 11
5012; 13
5013; 13
5014; 15
5015; 15
5016; 17
5017; 17
5018; 19
5019; 19
5020; 21
5021; 24
5022; 26
5023; 26
5024; 28
5025; 28
5026; 30
5027; 30
5028; 32
5029; 32
5030; 34
5031; 34
5032; 36
5033; 36
5034; 38
5035; 38
5036; 40
5037; 40
5038; 42
5039; 42
5040; 44
5041; 2
5042; 4
5043; 4
5044; 6
5045; 6
5046; 8
5047; 8
5048; 10
5049; 10
5050; 12
5051; 12
5052; 14
5053; 14
5054; 16
5055; 16
5056; 18
5057; 18
5058; 20
5059; 20
5060; 23
5061; 25
5062; 27
5063; 27
5064; 29
5065; 29
5066; 31
5067; 31
5068; 33
5069; 33
5070; 35
5071; 35
5072; 37
5073; 37
5074; 39
5075; 39
5076; 41
5077; 41
5078; 43
5079; 43
5080; 46
5081; 3
5082; 5
5083; 5
5084; 7
5085; 7
5086; 9
5087; 9
5088; 11
5089; 11
5090; 13
5091; 13
5092; 15
5093; 15
5094; 17
5095; 17
5096; 19
5097; 19
5098; 21
5099; 21
5100; 24
5101; 26
5102; 28
5103; 28
5104; 30
5105; 30
5106; 32
5107; 32
5108; 34
5109; 34
5110; 36
5111; 36
5112; 38
5113; 38
5114; 40
5115; 40
5116; 42
5117; 42
5118; 44
5119; 44
5120; 47
5121; 4
5122; 6
5123; 6
5124; 8
5125; 8
5126; 10
5127; 10
5128; 12
5129; 12
5130; 14
5131; 14
5132; 16
5133; 16
5134; 18
5135; 18
5136; 20
5137; 20
5138; 22
5139; 22
5140; 25
5141; 27
5142; 29
5143; 29
5144; 31
5145; 31
5146; 33
5147; 33
5148; 35
5149; 35
5150; 37
5151; 37
5152; 39
5153; 39
5154; 41
5155; 41
5156; 43
5157; 43
5158; 45
5159; 45
5160; 48
5161; 5
5162; 7
5163; 7
5164; 9
5165; 9
5166; 11
5167; 11
5168; 13
5169; 13
5170; 15
5171; 15
5172; 17
5173; 17
5174; 19
5175; 19
5176; 21
5177; 21
5178; 23
5179; 23
5180; 26
5181; 28
5182; 30
5183; 30
5184; 32
5185; 32
5186; 34
5187; 34
5188; 36
5189; 36
5190; 38
5191; 38
5192; 40
5193; 40
5194; 42
5195; 42
5196; 44
5197; 44
5198; 46
5199; 46
5200; 48
5201; 6
5202; 8
5203; 8
5204; 10
5205; 10
5206; 12
5207; 12
5208; 14
5209; 14
5210; 16
5211; 16
5212; 18
5213; 18
5214; 20
5215; 20
5216; 22
5217; 22
5218; 24
5219; 24
5220; 27
5221; 29
5222; 31
5223; 31
5224; 33
5225; 33
5226; 35
5227; 35
5228; 37
5229; 37
5230; 39
5231; 39
5232; 41
5233; 41
5234; 43
5235; 43
5236; 45
5237; 45
5238; 47
5239; 47
5240; 49
5241; 7
5242; 9
5243; 9
5244; 11
5245; 11
5246; 13
5247; 13
5248; 15
5249; 15
5250; 17
5251; 17
5252; 19
5253; 19
5254; 21
5255; 21
5256; 23
5257; 23
5258; 25
5259; 25
5260; 28
5261; 30
5262; 32
5263; 32
5264; 34
5265; 34
5266; 36
5267; 36
5268; 38
5269; 38
5270; 40
5271; 40
5272; 42
5273; 42
5274; 44
5275; 44
5276; 46
5277; 46
5278; 48
5279; 48
5280; 50
5281; 8
5282; 10
5283; 10
5284; 12
5285; 12
5286; 14
5287; 14
5288; 16
5289; 16
5290; 18
5291; 18
5292; 20
5293; 20
5294; 22
5295; 22
5296; 24
5297; 24
5298; 26
5299; 26
5300; 29
5301; 31
5302; 33
5303; 33
5304; 35
5305; 35
5306; 37
5307; 37
5308; 39
5309; 39
5310; 41
5311; 41
5312; 43
5313; 43
5314; 45
5315; 45
5316; 47
5317; 47
5318; 49
5319; 49
5320; 51
5321; 9
5322; 11
5323; 11
5324; 13
5325; 13
5326; 15
5327; 15
5328; 17
5329; 17
5330; 19
5331; 19
5332; 21
5333; 21
5334; 23
5335; 23
5336; 25
5337; 25
5338; 27
5339; 27
5340; 30
5341; 32
5342; 34
5343; 34
5344; 36
5345; 36
5346; 38
5347; 38
5348; 40
5349; 40
5350; 42
5351; 42
5352; 44
5353; 44
5354; 46
5355; 46
5356; 48
5357; 48
5358; 50
5359; 50
5360; 52
5361; 10
5362; 12
5363; 12
5364; 14
5365; 14
5366; 16
5367; 16
5368; 18
5369; 18
5370; 20
5371; 20
5372; 22
5373; 22
5374; 24
5375; 24
5376; 26
5377; 26
5378; 28
5379; 28
5380; 31
5381; 33
5382; 35
5383; 35
5384; 37
5385; 37
5386; 39
5387; 39
5388; 41
5389; 41
5390; 43
5391; 43
5392; 45
5393; 45
5394; 47
5395; 47
5396; 49
5397; 49
5398; 51
5399; 51
5400; 53
5401; 12
5402; 14
5403; 14
5404; 16
5405; 16
5406; 18
5407; 18
5408; 20
5409; 20
5410; 22
5411; 22
5412; 24
5413; 24
5414; 26
5415; 26
5416; 28
5417; 28
5418; 30
5419; 30
5420; 32
5421; 35
5422; 37
5423; 37
5424; 39
5425; 39
5426; 41
5427; 41
5428; 43
5429; 43
5430; 45
5431; 45
5432; 47
5433; 47
5434; 49
5435; 49
5436; 51
5437; 51
5438; 53
5439; 53
5440; 56
5441; 13
5442; 15
5443; 15
5444; 17
5445; 17
5446; 19
5447; 19
5448; 21
5449; 21
5450; 23
5451; 23
5452; 25
5453; 25
5454; 27
5455; 27
5456; 29
5457; 29
5458; 31
5459; 31
5460; 34
5461; 36
5462; 38
5463; 38
5464; 40
5465; 40
5466; 42
5467; 42
5468; 44
5469; 44
5470; 46
5471; 46
5472; 48
5473; 48
5474; 50
5475; 50
5476; 52
5477; 52
5478; 54
5479; 54
5480; 56
5481; 14
5482; 16
5483; 16
5484; 18
5485; 18
5486; 20
5487; 20
5488; 22
5489; 22
5490; 24
5491; 24
5492; 26
5493; 26
5494; 28
5495; 28
5496; 30
5497; 30
5498; 32
5499; 32
5500; 35
5501; 37
5502; 39
5503; 39
5504; 41
5505; 41
5506; 43
5507; 43
5508; 45
5509; 45
5510; 47
5511; 47
5512; 49
5513; 49
5514; 51
5515; 51
5516; 53
5517; 53
5518; 55
5519; 55
5520; 58
5521; 15
5522; 17
5523; 17
5524; 19
5525; 19
5526; 21
5527; 21
5528; 23
5529; 23
5530; 25
5531; 25
5532; 27
5533; 27
5534; 29
5535; 29
5536; 31
5537; 31
5538; 33
5539; 33
5540; 36
5541; 38
5542; 40
5543; 40
5544; 42
5545; 42
5546; 44
5547; 44
5548; 46
5549; 46
5550; 48
5551; 48
5552; 50
5553; 50
5554; 52
5555; 52
5556; 54
5557; 54
5558; 56
5559; 56
5560; 59
5561; 16
5562; 18
5563; 18
5564; 20
5565; 20
5566; 22
5567; 22
5568; 24
5569; 24
5570; 26
5571; 26
5572; 28
5573; 28
5574; 30
5575; 30
5576; 32
5577; 32
5578; 34
5579; 34
5580; 37
5581; 39
5582; 41
5583; 41
5584; 43
5585; 43
5586; 45
5587; 45
5588; 47
5589; 47
5590; 49
5591; 49
5592; 51
5593; 51
5594; 53
5595; 53
5596; 55
5597; 55
5598; 57
5599; 57
5600; 0
5601; 17
5602; 19
5603; 19
5604; 21
5605; 21
5606; 23
5607; 23
5608; 25
5609; 25
5610; 27
5611; 27
5612; 29
5613; 29
5614; 31
5615; 31
5616; 33
5617; 33
5618; 35
5619; 35
5620; 38
5621; 40
5622; 42
5623; 42
5624; 44
5625; 44
5626; 46
5627; 46
5628; 48
5629; 48
5630; 50
5631; 50
5632; 52
5633; 52
5634; 54
5635; 54
5636; 56
5637; 56
5638; 58
5639; 58
5640; 1
5641; 18
5642; 20
5643; 20
5644; 22
5645; 22
5646; 24
5647; 24
5648; 26
5649; 26
5650; 28
5651; 28
5652; 30
5653; 30
5654; 32
5655; 32
5656; 34
5657; 34
5658; 36
5659; 36
5660; 39
5661; 41
5662; 43
5663; 43
5664; 45
5665; 45
5666; 47
5667; 47
5668; 49
5669; 49
5670; 51
5671; 51
5672; 53
5673; 53
5674; 55
5675; 55
5676; 57
5677; 57
5678; 59
5679; 59
5680; 2
5681; 19
5682; 21
5683; 21
5684; 23
5685; 23
5686; 25
5687; 25
5688; 27
5689; 27
5690; 29
5691; 29
5692; 31
5693; 31
5694; 33
5695; 33
5696; 35
5697; 35
5698; 37
5699; 37
5700; 40
5701; 42
5702; 44
5703; 44
5704; 46
5705; 46
5706; 48
5707; 48
5708; 50
5709; 50
5710; 52
5711; 52
5712; 54
5713; 54
5714; 56
5715; 56
5716; 58
5717; 58
5718; 0
5719; 0
5720; 3
5721; 20
5722; 22
5723; 22
5724; 24
5725; 24
5726; 26
5727; 26
5728; 28
5729; 28
5730; 30
5731; 30
5732; 32
5733; 32
5734; 34
5735; 34
5736; 36
5737; 36
5738; 38
5739; 38
5740; 41
5741; 43
5742; 45
5743; 45
5744; 47
5745; 47
5746; 49
5747; 49
5748; 51
5749; 51
5750; 53
5751; 53
5752; 55
5753; 55
5754; 57
5755; 57
5756; 59
5757; 59
5758; 1
5759; 1
5760; 4
5761; 21
5762; 23
5763; 23
5764; 25
5765; 25
5766; 27
5767; 27
5768; 29
5769; 29
5770; 31
5771; 31
5772; 33
5773; 33
5774; 35
5775; 35
5776; 37
5777; 37
5778; 39
5779; 39
5780; 42
5781; 44
5782; 46
5783; 46
5784; 48
5785; 48
5786; 50
5787; 50
5788; 52
5789; 52
5790; 54
5791; 54
5792; 56
5793; 56
5794; 58
5795; 58
5796; 0
5797; 0
5798; 2
5799; 2
5800; 4
5801; 22
5802; 24
5803; 24
5804; 26
5805; 26
5806; 28
5807; 28
5808; 30
5809; 30
5810; 32
5811; 32
5812; 34
5813; 34
5814; 36
5815; 36
5816; 38
5817; 38
5818; 40
5819; 40
5820; 43
5821; 45
5822; 47
5823; 47
5824; 49
5825; 49
5826; 51
5827; 51
5828; 53
5829; 53
5830; 55
5831; 55
5832; 57
5833; 57
5834; 59
5835; 59
5836; 1
5837; 1
5838; 3
5839; 3
5840; 5
5841; 23
5842; 25
5843; 25
5844; 27
5845; 27
5846; 29
5847; 29
5848; 31
5849; 31
5850; 33
5851; 33
5852; 35
5853; 35
5854; 37
5855; 37
5856; 39
5857; 39
5858; 41
5859; 41
5860; 44
5861; 46
5862; 48
5863; 48
5864; 50
5865; 50
5866; 52
5867; 52
5868; 54
5869; 54
5870; 56
5871; 56
5872; 58
5873; 58
5874; 0
5875; 0
5876; 2
5877; 2
5878; 4
5879; 4
5880; 7
5881; 24
5882; 26
5883; 26
5884; 28
5885; 28
5886; 30
5887; 30
5888; 32
5889; 32
5890; 34
5891; 34
5892; 36
5893; 36
5894; 38
5895; 38
5896; 40
5897; 40
5898; 42
5899; 42
5900; 45
5901; 47
5902; 49
5903; 49
5904; 51
5905; 51
5906; 53
5907; 53
5908; 55
5909; 55
5910; 57
5911; 57
5912; 59
5913; 59
5914; 1
5915; 1
5916; 3
5917; 3
5918; 5
5919; 5
5920; 8
5921; 25
5922; 27
5923; 27
5924; 29
5925; 29
5926; 31
5927; 31
5928; 33
5929; 33
5930; 35
5931; 35
5932; 37
5933; 37
5934; 39
5935; 39
5936; 41
5937; 41
5938; 43
5939; 43
5940; 46
5941; 48
5942; 50
5943; 50
5944; 52
5945; 52
5946; 54
5947; 54
5948; 56
5949; 56
5950; 58
5951; 58
5952; 0
5953; 0
5954; 2
5955; 2
5956; 4
5957; 4
5958; 6
5959; 6
5960; 8
5961; 27
5962; 29
5963; 29
5964; 31
5965; 31
5966; 33
5967; 33
5968; 35
5969; 35
5970; 37
5971; 37
5972; 39
5973; 39
5974; 41
5975; 41
5976; 43
5977; 43
5978; 45
5979; 45
5980; 48
5981; 50
5982; 52
5983; 52
5984; 54
5985; 54
5986; 56
5987; 56
5988; 58
5989; 58
5990; 0
5991; 0
5992; 2
5993; 2
5994; 4
5995; 4
5996; 6
5997; 6
5998; 8
5999; 8
6000; 11
6001; 28
6002; 30
6003; 30
6004; 32
6005; 32
6006; 34
6007; 34
6008; 36
6009; 36
6010; 38
6011; 38
6012; 40
6013; 40
6014; 42
6015; 42
6016; 44
6017; 44
6018; 46
6019; 46
6020; 49
6021; 51
6022; 53
6023; 53
6024; 55
6025; 55
6026; 57
6027; 57
6028; 59
6029; 59
6030; 1
6031; 1
6032; 3
6033; 3
6034; 5
6035; 5
6036; 7
6037; 7
6038; 9
6039; 9
6040; 12
6041; 29
6042; 31
6043; 31
6044; 33
6045; 33
6046; 35
6047; 35
6048; 37
6049; 37
6050; 39
6051; 39
6052; 41
6053; 41
6054; 43
6055; 43
6056; 45
6057; 45
6058; 47
6059; 47
6060; 50
6061; 52
6062; 54
6063; 54
6064; 56
6065; 56
6066; 58
6067; 58
6068; 0
6069; 0
6070; 2
6071; 2
6072; 4
6073; 4
6074; 6
6075; 6
6076; 8
6077; 8
6078; 10
6079; 10
6080; 12
6081; 30
6082; 32
6083; 32
6084; 34
6085; 34
6086; 36
6087; 36
6088; 38
6089; 38
6090; 40
6091; 40
6092; 42
6093; 42
6094; 44
6095; 44
6096; 46
6097; 46
6098; 48
6099; 48
6100; 51
6101; 53
6102; 55
6103; 55
6104; 57
6105; 57
6106; 59
6107; 59
6108; 1
6109; 1
6110; 3
6111; 3
6112; 5
6113; 5
6114; 7
6115; 7
6116; 9
6117; 9
6118; 11
6119; 11
6120; 14
6121; 31
6122; 33
6123; 33
6124; 35
6125; 35
6126; 37
6127; 37
6128; 39
6129; 39
6130; 41
6131; 41
6132; 43
6133; 43
6134; 45
6135; 45
6136; 47
6137; 47
6138; 49
6139; 49
6140; 51
6141; 54
6142; 56
6143; 56
6144; 58
6145; 58
6146; 0
6147; 0
6148; 2
6149; 2
6150; 4
6151; 4
6152; 6
6153; 6
6154; 8
6155; 8
6156; 10
6157; 10
6158; 12
6159; 12
6160; 14
6161; 32
6162; 34
6163; 34
6164; 36
6165; 36
6166; 38
6167; 38
6168; 40
6169; 40
6170; 42
6171; 42
6172; 44
6173; 44
6174; 46
6175; 46
6176; 48
6177; 48
6178; 50
6179; 50
6180; 53
6181; 55
6182; 57
6183; 57
6184; 59
6185; 59
6186; 1
6187; 1
6188; 3
6189; 3
6190; 5
6191; 5
6192; 7
6193; 7
6194; 9
6195; 9
6196; 11
6197; 11
6198; 13
6199; 13
6200; 16
6201; 33
6202; 35
6203; 35
6204; 37
6205; 37
6206; 39
6207; 39
6208; 41
6209; 41
6210; 43
6211; 43
6212; 45
6213; 45
6214; 47
6215; 47
6216; 49
6217; 49
6218; 51
6219; 51
6220; 54
6221; 56
6222; 58
6223; 58
6224; 0
6225; 0
6226; 2
6227; 2
6228; 4
6229; 4
6230; 6
6231; 6
6232; 8
6233; 8
6234; 10
6235; 10
6236; 12
6237; 12
6238; 14
6239; 14
6240; 16
6241; 34
6242; 36
6243; 36
6244; 38
6245; 38
6246; 40
6247; 40
6248; 42
6249; 42
6250; 44
6251; 44
6252; 46
6253; 46
6254; 48
6255; 48
6256; 50
6257; 50
6258; 52
6259; 52
6260; 55
6261; 57
6262; 59
6263; 59
6264; 1
6265; 1
6266; 3
6267; 3
6268; 5
6269; 5
6270; 7
6271; 7
6272; 9
6273; 9
6274; 11
6275; 11
6276; 13
6277; 13
6278; 15
6279; 15
6280; 17
6281; 35
6282; 37
6283; 37
6284; 39
6285; 39
6286; 41
6287; 41
6288; 43
6289; 43
6290; 45
6291; 45
6292; 47
6293; 47
6294; 49
6295; 49
6296; 51
6297; 51
6298; 53
6299; 53
6300; 56
6301; 58
6302; 0
6303; 0
6304; 2
6305; 2
6306; 4
6307; 4
6308; 6
6309; 6
6310; 8
6311; 8
6312; 10
6313; 10
6314; 12
6315; 12
6316; 14
6317; 14
6318; 16
6319; 16
6320; 18
6321; 36
6322; 38
6323; 38
6324; 40
6325; 40
6326; 42
6327; 42
6328; 44
6329; 44
6330; 46
6331; 46
6332; 48
6333; 48
6334; 50
6335; 50
6336; 52
6337; 52
6338; 54
6339; 54
6340; 57
6341; 59
6342; 1
6343; 1
6344; 3
6345; 3
6346; 5
6347; 5
6348; 7
6349; 7
6350; 9
6351; 9
6352; 11
6353; 11
6354; 13
6355; 13
6356; 15
6357; 15
6358; 17
6359; 17
6360; 19
6361; 37
6362; 39
6363; 39
6364; 41
6365; 41
6366; 43
6367; 43
6368; 45
6369; 45
6370; 47
6371; 47
6372; 49
6373; 49
6374; 51
6375; 51
6376; 53
6377; 53
6378; 55
6379; 55
6380; 58
6381; 0
6382; 2
6383; 2
6384; 4
6385; 4
6386; 6
6387; 6
6388; 8
6389; 8
6390; 10
6391; 10
6392; 12
6393; 12
6394; 14
6395; 14
6396; 16
6397; 16
6398; 18
6399; 18
6400; 20
6401; 38
6402; 40
6403; 40
6404; 42
6405; 42
6406; 44
6407; 44
6408; 46
6409; 46
6410; 48
6411; 48
6412; 50
6413; 50
6414; 52
6415; 52
6416; 54
6417; 54
6418; 56
6419; 56
6420; 59
6421; 1
6422; 3
6423; 3
6424; 5
6425; 5
6426; 7
6427; 7
6428; 9
6429; 9
6430; 11
6431; 11
6432; 13
6433; 13
6434; 15
6435; 15
6436; 17
6437; 17
6438; 19
6439; 19
6440; 21
6441; 39
6442; 41
6443; 41
6444; 43
6445; 43
6446; 45
6447; 45
6448; 47
6449; 47
6450; 49
6451; 49
6452; 51
6453; 51
6454; 53
6455; 53
6456; 55
6457; 55
6458; 57
6459; 57
6460; 0
6461; 2
6462; 4
6463; 4
6464; 6
6465; 6
6466; 8
6467; 8
6468; 10
6469; 10
6470; 12
6471; 12
6472; 14
6473; 14
6474; 16
6475; 16
6476; 18
6477; 18
6478; 20
6479; 20
6480; 23
6481; 40
6482; 42
6483; 42
6484; 44
6485; 44
6486; 46
6487; 46
6488; 48
6489; 48
6490; 50
6491; 50
6492; 52
6493; 52
6494; 54
6495; 54
6496; 56
6497; 56
6498; 58
6499; 58
6500; 0
6501; 3
6502; 5
6503; 5
6504; 7
6505; 7
6506; 9
6507; 9
6508; 11
6509; 11
6510; 13
6511; 13
6512; 15
6513; 15
6514; 17
6515; 17
6516; 19
6517; 19
6518; 21
6519; 21
6520; 23
6521; 42
6522; 44
6523; 44
6524; 46
6525; 46
6526; 48
6527; 48
6528; 50
6529; 50
6530; 52
6531; 52
6532; 54
6533; 54
6534; 56
6535; 56
6536; 58
6537; 58
6538; 0
6539; 0
6540; 3
6541; 5
6542; 7
6543; 7
6544; 9
6545; 9
6546; 11
6547; 11
6548; 13
6549; 13
6550; 15
6551; 15
6552; 17
6553; 17
6554; 19
6555; 19
6556; 21
6557; 21
6558; 23
6559; 23
6560; 25
6561; 43
6562; 45
6563; 45
6564; 47
6565; 47
6566; 49
6567; 49
6568; 51
6569; 51
6570; 53
6571; 53
6572; 55
6573; 55
6574; 57
6575; 57
6576; 59
6577; 59
6578; 1
6579; 1
6580; 4
6581; 6
6582; 8
6583; 8
6584; 10
6585; 10
6586; 12
6587; 12
6588; 14
6589; 14
6590; 16
6591; 16
6592; 18
6593; 18
6594; 20
6595; 20
6596; 22
6597; 22
6598; 24
6599; 24
6600; 27
6601; 44
6602; 46
6603; 46
6604; 48
6605; 48
6606; 50
6607; 50
6608; 52
6609; 52
6610; 54
6611; 54
6612; 56
6613; 56
6614; 58
6615; 58
6616; 0
6617; 0
6618; 2
6619; 2
6620; 4
6621; 7
6622; 9
6623; 9
6624; 11
6625; 11
6626; 13
6627; 13
6628; 15
6629; 15
6630; 17
6631; 17
6632; 19
6633; 19
6634; 21
6635; 21
6636; 23
6637; 23
6638; 25
6639; 25
6640; 28
6641; 45
6642; 47
6643; 47
6644; 49
6645; 49
6646; 51
6647; 51
6648; 53
6649; 53
6650; 55
6651; 55
6652; 57
6653; 57
6654; 59
6655; 59
6656; 1
6657; 1
6658; 3
6659; 3
6660; 6
6661; 8
6662; 10
6663; 10
6664; 12
6665; 12
6666; 14
6667; 14
6668; 16
6669; 16
6670; 18
6671; 18
6672; 20
6673; 20
6674; 22
6675; 22
6676; 24
6677; 24
6678; 26
6679; 26
6680; 29
6681; 46
6682; 48
6683; 48
6684; 50
6685; 50
6686; 52
6687; 52
6688; 54
6689; 54
6690; 56
6691; 56
6692; 58
6693; 58
6694; 0
6695; 0
6696; 2
6697; 2
6698; 4
6699; 4
6700; 6
6701; 9
6702; 11
6703; 11
6704; 13
6705; 13
6706; 15
6707; 15
6708; 17
6709; 17
6710; 19
6711; 19
6712; 21
6713; 21
6714; 23
6715; 23
6716; 25
6717; 25
6718; 27
6719; 27
6720; 30
6721; 47
6722; 49
6723; 49
6724; 51
6725; 51
6726; 53
6727; 53
6728; 55
6729; 55
6730; 57
6731; 57
6732; 59
6733; 59
6734; 1
6735; 1
6736; 3
6737; 3
6738; 5
6739; 5
6740; 7
6741; 10
6742; 12
6743; 12
6744; 14
6745; 14
6746; 16
6747; 16
6748; 18
6749; 18
6750; 20
6751; 20
6752; 22
6753; 22
6754; 24
6755; 24
6756; 26
6757; 26
6758; 28
6759; 28
6760; 31
6761; 48
6762; 50
6763; 50
6764; 52
6765; 52
6766; 54
6767; 54
6768; 56
6769; 56
6770; 58
6771; 58
6772; 0
6773; 0
6774; 2
6775; 2
6776; 4
6777; 4
6778; 6
6779; 6
6780; 9
6781; 11
6782; 13
6783; 13
6784; 15
6785; 15
6786; 17
6787; 17
6788; 19
6789; 19
6790; 21
6791; 21
6792; 23
6793; 23
6794; 25
6795; 25
6796; 27
6797; 27
6798; 29
6799; 29
6800; 31
6801; 49
6802; 51
6803; 51
6804; 53
6805; 53
6806; 55
6807; 55
6808; 57
6809; 57
6810; 59
6811; 59
6812; 1
6813; 1
6814; 3
6815; 3
6816; 5
6817; 5
6818; 7
6819; 7
6820; 10
6821; 12
6822; 14
6823; 14
6824; 16
6825; 16
6826; 18
6827; 18
6828; 20
6829; 20
6830; 22
6831; 22
6832; 24
6833; 24
6834; 26
6835; 26
6836; 28
6837; 28
6838; 30
6839; 30
6840; 32
6841; 50
6842; 52
6843; 52
6844; 54
6845; 54
6846; 56
6847; 56
6848; 58
6849; 58
6850; 0
6851; 0
6852; 2
6853; 2
6854; 4
6855; 4
6856; 6
6857; 6
6858; 8
6859; 8
6860; 10
6861; 13
6862; 15
6863; 15
6864; 17
6865; 17
6866; 19
6867; 19
6868; 21
6869; 21
6870; 23
6871; 23
6872; 25
6873; 25
6874; 27
6875; 27
6876; 29
6877; 29
6878; 31
6879; 31
6880; 33
6881; 51
6882; 53
6883; 53
6884; 55
6885; 55
6886; 57
6887; 57
6888; 59
6889; 59
6890; 1
6891; 1
6892; 3
6893; 3
6894; 5
6895; 5
6896; 7
6897; 7
6898; 9
6899; 9
6900; 12
6901; 14
6902; 16
6903; 16
6904; 18
6905; 18
6906; 20
6907; 20
6908; 22
6909; 22
6910; 24
6911; 24
6912; 26
6913; 26
6914; 28
6915; 28
6916; 30
6917; 30
6918; 32
6919; 32
6920; 34
6921; 52
6922; 54
6923; 54
6924; 56
6925; 56
6926; 58
6927; 58
6928; 0
6929; 0
6930; 2
6931; 2
6932; 4
6933; 4
6934; 6
6935; 6
6936; 8
6937; 8
6938; 10
6939; 10
6940; 13
6941; 15
6942; 17
6943; 17
6944; 19
6945; 19
6946; 21
6947; 21
6948; 23
6949; 23
6950; 25
6951; 25
6952; 27
6953; 27
6954; 29
6955; 29
6956; 31
6957; 31
6958; 33
6959; 33
6960; 36
6961; 53
6962; 55
6963; 55
6964; 57
6965; 57
6966; 59
6967; 59
6968; 1
6969; 1
6970; 3
6971; 3
6972; 5
6973; 5
6974; 7
6975; 7
6976; 9
6977; 9
6978; 11
6979; 11
6980; 14
6981; 16
6982; 18
6983; 18
6984; 20
6985; 20
6986; 22
6987; 22
6988; 24
6989; 24
6990; 26
6991; 26
6992; 28
6993; 28
6994; 30
6995; 30
6996; 32
6997; 32
6998; 34
6999; 34
7000; 37
7001; 54
7002; 56
7003; 56
7004; 58
7005; 58
7006; 0
7007; 0
7008; 2
7009; 2
7010; 4
7011; 4
7012; 6
7013; 6
7014; 8
7015; 8
7016; 10
7017; 10
7018; 12
7019; 12
7020; 14
7021; 17
7022; 19
7023; 19
7024; 21
7025; 21
7026; 23
7027; 23
7028; 25
7029; 25
7030; 27
7031; 27
7032; 29
7033; 29
7034; 31
7035; 31
7036; 33
7037; 33
7038; 35
7039; 35
7040; 37
7041; 7
7042; 9
7043; 9
7044; 11
7045; 11
7046; 13
7047; 13
7048; 15
7049; 15
7050; 17
7051; 17
7052; 19
7053; 19
7054; 21
7055; 21
7056; 23
7057; 23
7058; 25
7059; 25
7060; 28
7061; 29
7062; 31
7063; 31
7064; 33
7065; 33
7066; 35
7067; 35
7068; 37
7069; 37
7070; 39
7071; 39
7072; 41
7073; 41
7074; 43
7075; 43
7076; 45
7077; 45
7078; 47
7079; 47
7080; 50
7081; 8
7082; 10
7083; 10
7084; 12
7085; 12
7086; 14
7087; 14
7088; 16
7089; 16
7090; 18
7091; 18
7092; 20
7093; 20
7094; 22
7095; 22
7096; 24
7097; 24
7098; 26
7099; 26
7100; 29
7101; 30
7102; 32
7103; 32
7104; 34
7105; 34
7106; 36
7107; 36
7108; 38
7109; 38
7110; 40
7111; 40
7112; 42
7113; 42
7114; 44
7115; 44
7116; 46
7117; 46
7118; 48
7119; 48
7120; 50
7121; 9
7122; 11
7123; 11
7124; 13
7125; 13
7126; 15
7127; 15
7128; 17
7129; 17
7130; 19
7131; 19
7132; 21
7133; 21
7134; 23
7135; 23
7136; 25
7137; 25
7138; 27
7139; 27
7140; 30
7141; 31
7142; 33
7143; 33
7144; 35
7145; 35
7146; 37
7147; 37
7148; 39
7149; 39
7150; 41
7151; 41
7152; 43
7153; 43
7154; 45
7155; 45
7156; 47
7157; 47
7158; 49
7159; 49
7160; 52
7161; 10
7162; 12
7163; 12
7164; 14
7165; 14
7166; 16
7167; 16
7168; 18
7169; 18
7170; 20
7171; 20
7172; 22
7173; 22
7174; 24
7175; 24
7176; 26
7177; 26
7178; 28
7179; 28
7180; 31
7181; 32
7182; 34
7183; 34
7184; 36
7185; 36
7186; 38
7187; 38
7188; 40
7189; 40
7190; 42
7191; 42
7192; 44
7193; 44
7194; 46
7195; 46
7196; 48
7197; 48
7198; 50
7199; 50
7200; 53
7201; 11
7202; 13
7203; 13
7204; 15
7205; 15
7206; 17
7207; 17
7208; 19
7209; 19
7210; 21
7211; 21
7212; 23
7213; 23
7214; 25
7215; 25
7216; 27
7217; 27
7218; 29
7219; 29
7220; 32
7221; 33
7222; 35
7223; 35
7224; 37
7225; 37
7226; 39
7227; 39
7228; 41
7229; 41
7230; 43
7231; 43
7232; 45
7233; 45
7234; 47
7235; 47
7236; 49
7237; 49
7238; 51
7239; 51
7240; 54
7241; 12
7242; 14
7243; 14
7244; 16
7245; 16
7246; 18
7247; 18
7248; 20
7249; 20
7250; 22
7251; 22
7252; 24
7253; 24
7254; 26
7255; 26
7256; 28
7257; 28
7258; 30
7259; 30
7260; 32
7261; 34
7262; 36
7263; 36
7264; 38
7265; 38
7266; 40
7267; 40
7268; 42
7269; 42
7270; 44
7271; 44
7272; 46
7273; 46
7274; 48
7275; 48
7276; 50
7277; 50
7278; 52
7279; 52
7280; 55
7281; 13
7282; 15
7283; 15
7284; 17
7285; 17
7286; 19
7287; 19
7288; 21
7289; 21
7290; 23
7291; 23
7292; 25
7293; 25
7294; 27
7295; 27
7296; 29
7297; 29
7298; 31
7299; 31
7300; 34
7301; 35
7302; 37
7303; 37
7304; 39
7305; 39
7306; 41
7307; 41
7308; 43
7309; 43
7310; 45
7311; 45
7312; 47
7313; 47
7314; 49
7315; 49
7316; 51
7317; 51
7318; 53
7319; 53
7320; 56
7321; 14
7322; 16
7323; 16
7324; 18
7325; 18
7326; 20
7327; 20
7328; 22
7329; 22
7330; 24
7331; 24
7332; 26
7333; 26
7334; 28
7335; 28
7336; 30
7337; 30
7338; 32
7339; 32
7340; 35
7341; 36
7342; 38
7343; 38
7344; 40
7345; 40
7346; 42
7347; 42
7348; 44
7349; 44
7350; 46
7351; 46
7352; 48
7353; 48
7354; 50
7355; 50
7356; 52
7357; 52
7358; 54
7359; 54
7360; 56
7361; 15
7362; 17
7363; 17
7364; 19
7365; 19
7366; 21
7367; 21
7368; 23
7369; 23
7370; 25
7371; 25
7372; 27
7373; 27
7374; 29
7375; 29
7376; 31
7377; 31
7378; 33
7379; 33
7380; 36
7381; 37
7382; 39
7383; 39
7384; 41
7385; 41
7386; 43
7387; 43
7388; 45
7389; 45
7390; 47
7391; 47
7392; 49
7393; 49
7394; 51
7395; 51
7396; 53
7397; 53
7398; 55
7399; 55
7400; 58
7401; 16
7402; 18
7403; 18
7404; 20
7405; 20
7406; 22
7407; 22
7408; 24
7409; 24
7410; 26
7411; 26
7412; 28
7413; 28
7414; 30
7415; 30
7416; 32
7417; 32
7418; 34
7419; 34
7420; 37
7421; 38
7422; 40
7423; 40
7424; 42
7425; 42
7426; 44
7427; 44
7428; 46
7429; 46
7430; 48
7431; 48
7432; 50
7433; 50
7434; 52
7435; 52
7436; 54
7437; 54
7438; 56
7439; 56
7440; 59
7441; 17
7442; 19
7443; 19
7444; 21
7445; 21
7446; 23
7447; 23
7448; 25
7449; 25
7450; 27
7451; 27
7452; 29
7453; 29
7454; 31
7455; 31
7456; 33
7457; 33
7458; 35
7459; 35
7460; 38
7461; 39
7462; 41
7463; 41
7464; 43
7465; 43
7466; 45
7467; 45
7468; 47
7469; 47
7470; 49
7471; 49
7472; 51
7473; 51
7474; 53
7475; 53
7476; 55
7477; 55
7478; 57
7479; 57
7480; 60
7481; 18
7482; 20
7483; 20
7484; 22
7485; 22
7486; 24
7487; 24
7488; 26
7489; 26
7490; 28
7491; 28
7492; 30
7493; 30
7494; 32
7495; 32
7496; 34
7497; 34
7498; 36
7499; 36
7500; 39
7501; 40
7502; 42
7503; 42
7504; 44
7505; 44
7506; 46
7507; 46
7508; 48
7509; 48
7510; 50
7511; 50
7512; 52
7513; 52
7514; 54
7515; 54
7516; 56
7517; 56
7518; 58
7519; 58
7520; 60
7521; 19
7522; 21
7523; 21
7524; 23
7525; 23
7526; 25
7527; 25
7528; 27
7529; 27
7530; 29
7531; 29
7532; 31
7533; 31
7534; 33
7535; 33
7536; 35
7537; 35
7538; 37
7539; 37
7540; 40
7541; 41
7542; 43
7543; 43
7544; 45
7545; 45
7546; 47
7547; 47
7548; 49
7549; 49
7550; 51
7551; 51
7552; 53
7553; 53
7554; 55
7555; 55
7556; 57
7557; 57
7558; 59
7559; 59
7560; 2
7561; 20
7562; 22
7563; 22
7564; 24
7565; 24
7566; 26
7567; 26
7568; 28
7569; 28
7570; 30
7571; 30
7572; 32
7573; 32
7574; 34
7575; 34
7576; 36
7577; 36
7578; 38
7579; 38
7580; 41
7581; 42
7582; 44
7583; 44
7584; 46
7585; 46
7586; 48
7587; 48
7588; 50
7589; 50
7590; 52
7591; 52
7592; 54
7593; 54
7594; 56
7595; 56
7596; 58
7597; 58
7598; 60
7599; 60
7600; 3
7601; 21
7602; 23
7603; 23
7604; 25
7605; 25
7606; 27
7607; 27
7608; 29
7609; 29
7610; 31
7611; 31
7612; 33
7613; 33
7614; 35
7615; 35
7616; 37
7617; 37
7618; 39
7619; 39
7620; 41
7621; 43
7622; 45
7623; 45
7624; 47
7625; 47
7626; 49
7627; 49
7628; 51
7629; 51
7630; 53
7631; 53
7632; 55
7633; 55
7634; 57
7635; 57
7636; 59
7637; 59
7638; 1
7639; 1
7640; 4
7641; 23
7642; 25
7643; 25
7644; 27
7645; 27
7646; 29
7647; 29
7648; 31
7649; 31
7650; 33
7651; 33
7652; 35
7653; 35
7654; 37
7655; 37
7656; 39
7657; 39
7658; 41
7659; 41
7660; 44
7661; 45
7662; 47
7663; 47
7664; 49
7665; 49
7666; 51
7667; 51
7668; 53
7669; 53
7670; 55
7671; 55
7672; 57
7673; 57
7674; 59
7675; 59
7676; 1
7677; 1
7678; 3
7679; 3
7680; 6
7681; 24
7682; 26
7683; 26
7684; 28
7685; 28
7686; 30
7687; 30
7688; 32
7689; 32
7690; 34
7691; 34
7692; 36
7693; 36
7694; 38
7695; 38
7696; 40
7697; 40
7698; 42
7699; 42
7700; 44
7701; 46
7702; 48
7703; 48
7704; 50
7705; 50
7706; 52
7707; 52
7708; 54
7709; 54
7710; 56
7711; 56
7712; 58
7713; 58
7714; 60
7715; 60
7716; 2
7717; 2
7718; 4
7719; 4
7720; 7
7721; 25
7722; 27
7723; 27
7724; 29
7725; 29
7726; 31
7727; 31
7728; 33
7729; 33
7730; 35
7731; 35
7732; 37
7733; 37
7734; 39
7735; 39
7736; 41
7737; 41
7738; 43
7739; 43
7740; 46
7741; 47
7742; 49
7743; 49
7744; 51
7745; 51
7746; 53
7747; 53
7748; 55
7749; 55
7750; 57
7751; 57
7752; 59
7753; 59
7754; 1
7755; 1
7756; 3
7757; 3
7758; 5
7759; 5
7760; 8
7761; 26
7762; 28
7763; 28
7764; 30
7765; 30
7766; 32
7767; 32
7768; 34
7769; 34
7770; 36
7771; 36
7772; 38
7773; 38
7774; 40
7775; 40
7776; 42
7777; 42
7778; 44
7779; 44
7780; 47
7781; 48
7782; 50
7783; 50
7784; 52
7785; 52
7786; 54
7787; 54
7788; 56
7789; 56
7790; 58
7791; 58
7792; 60
7793; 60
7794; 2
7795; 2
7796; 4
7797; 4
7798; 6
7799; 6
7800; 9
7801; 27
7802; 29
7803; 29
7804; 31
7805; 31
7806; 33
7807; 33
7808; 35
7809; 35
7810; 37
7811; 37
7812; 39
7813; 39
7814; 41
7815; 41
7816; 43
7817; 43
7818; 45
7819; 45
7820; 48
7821; 49
7822; 51
7823; 51
7824; 53
7825; 53
7826; 55
7827; 55
7828; 57
7829; 57
7830; 59
7831; 59
7832; 1
7833; 1
7834; 3
7835; 3
7836; 5
7837; 5
7838; 7
7839; 7
7840; 10
7841; 28
7842; 30
7843; 30
7844; 32
7845; 32
7846; 34
7847; 34
7848; 36
7849; 36
7850; 38
7851; 38
7852; 40
7853; 40
7854; 42
7855; 42
7856; 44
7857; 44
7858; 46
7859; 46
7860; 49
7861; 50
7862; 52
7863; 52
7864; 54
7865; 54
7866; 56
7867; 56
7868; 58
7869; 58
7870; 60
7871; 60
7872; 2
7873; 2
7874; 4
7875; 4
7876; 6
7877; 6
7878; 8
7879; 8
7880; 10
7881; 29
7882; 31
7883; 31
7884; 33
7885; 33
7886; 35
7887; 35
7888; 37
7889; 37
7890; 39
7891; 39
7892; 41
7893; 41
7894; 43
7895; 43
7896; 45
7897; 45
7898; 47
7899; 47
7900; 50
7901; 51
7902; 53
7903; 53
7904; 55
7905; 55
7906; 57
7907; 57
7908; 59
7909; 59
7910; 1
7911; 1
7912; 3
7913; 3
7914; 5
7915; 5
7916; 7
7917; 7
7918; 9
7919; 9
7920; 12
7921; 30
7922; 32
7923; 32
7924; 34
7925; 34
7926; 36
7927; 36
7928; 38
7929; 38
7930; 40
7931; 40
7932; 42
7933; 42
7934; 44
7935; 44
7936; 46
7937; 46
7938; 48
7939; 48
7940; 51
7941; 52
7942; 54
7943; 54
7944; 56
7945; 56
7946; 58
7947; 58
7948; 60
7949; 60
7950; 2
7951; 2
7952; 4
7953; 4
7954; 6
7955; 6
7956; 8
7957; 8
7958; 10
7959; 10
7960; 13
7961; 31
7962; 33
7963; 33
7964; 35
7965; 35
7966; 37
7967; 37
7968; 39
7969; 39
7970; 41
7971; 41
7972; 43
7973; 43
7974; 45
7975; 45
7976; 47
7977; 47
7978; 49
7979; 49
7980; 52
7981; 53
7982; 55
7983; 55
7984; 57
7985; 57
7986; 59
7987; 59
7988; 1
7989; 1
7990; 3
7991; 3
7992; 5
7993; 5
7994; 7
7995; 7
7996; 9
7997; 9
7998; 11
7999; 11
8000; 14
8001; 32
8002; 34
8003; 34
8004; 36
8005; 36
8006; 38
8007; 38
8008; 40
8009; 40
8010; 42
8011; 42
8012; 44
8013; 44
8014; 46
8015; 46
8016; 48
8017; 48
8018; 50
8019; 50
8020; 53
8021; 54
8022; 56
8023; 56
8024; 58
8025; 58
8026; 60
8027; 60
8028; 2
8029; 2
8030; 4
8031; 4
8032; 6
8033; 6
8034; 8
8035; 8
8036; 10
8037; 10
8038; 12
8039; 12
8040; 15
8041; 33
8042; 35
8043; 35
8044; 37
8045; 37
8046; 39
8047; 39
8048; 41
8049; 41
8050; 43
8051; 43
8052; 45
8053; 45
8054; 47
8055; 47
8056; 49
8057; 49
8058; 51
8059; 51
8060; 54
8061; 55
8062; 57
8063; 57
8064; 59
8065; 59
8066; 1
8067; 1
8068; 3
8069; 3
8070; 5
8071; 5
8072; 7
8073; 7
8074; 9
8075; 9
8076; 11
8077; 11
8078; 13
8079; 13
8080; 15
8081; 34
8082; 36
8083; 36
8084; 38
8085; 38
8086; 40
8087; 40
8088; 42
8089; 42
8090; 44
8091; 44
8092; 46
8093; 46
8094; 48
8095; 48
8096; 50
8097; 50
8098; 52
8099; 52
8100; 55
8101; 56
8102; 58
8103; 58
8104; 60
8105; 60
8106; 2
8107; 2
8108; 4
8109; 4
8110; 6
8111; 6
8112; 8
8113; 8
8114; 10
8115; 10
8116; 12
8117; 12
8118; 14
8119; 14
8120; 16
8121; 35
8122; 37
8123; 37
8124; 39
8125; 39
8126; 41
8127; 41
8128; 43
8129; 43
8130; 45
8131; 45
8132; 47
8133; 47
8134; 49
8135; 49
8136; 51
8137; 51
8138; 53
8139; 53
8140; 56
8141; 57
8142; 59
8143; 59
8144; 1
8145; 1
8146; 3
8147; 3
8148; 5
8149; 5
8150; 7
8151; 7
8152; 9
8153; 9
8154; 11
8155; 11
8156; 13
8157; 13
8158; 15
8159; 15
8160; 18
8161; 36
8162; 38
8163; 38
8164; 40
8165; 40
8166; 42
8167; 42
8168; 44
8169; 44
8170; 46
8171; 46
8172; 48
8173; 48
8174; 50
8175; 50
8176; 52
8177; 52
8178; 54
8179; 54
8180; 57
8181; 58
8182; 60
8183; 60
8184; 2
8185; 2
8186; 4
8187; 4
8188; 6
8189; 6
8190; 8
8191; 8
8192; 10
8193; 10
8194; 12
8195; 12
8196; 14
8197; 14
8198; 16
8199; 16
8200; 18
8201; 38
8202; 40
8203; 40
8204; 42
8205; 42
8206; 44
8207; 44
8208; 46
8209; 46
8210; 48
8211; 48
8212; 50
8213; 50
8214; 52
8215; 52
8216; 54
8217; 54
8218; 56
8219; 56
8220; 59
8221; 60
8222; 2
8223; 2
8224; 4
8225; 4
8226; 6
8227; 6
8228; 8
8229; 8
8230; 10
8231; 10
8232; 12
8233; 12
8234; 14
8235; 14
8236; 16
8237; 16
8238; 18
8239; 18
8240; 21
8241; 39
8242; 41
8243; 41
8244; 43
8245; 43
8246; 45
8247; 45
8248; 47
8249; 47
8250; 49
8251; 49
8252; 51
8253; 51
8254; 53
8255; 53
8256; 55
8257; 55
8258; 57
8259; 57
8260; 0
8261; 1
8262; 3
8263; 3
8264; 5
8265; 5
8266; 7
8267; 7
8268; 9
8269; 9
8270; 11
8271; 11
8272; 13
8273; 13
8274; 15
8275; 15
8276; 17
8277; 17
8278; 19
8279; 19
8280; 22
8281; 40
8282; 42
8283; 42
8284; 44
8285; 44
8286; 46
8287; 46
8288; 48
8289; 48
8290; 50
8291; 50
8292; 52
8293; 52
8294; 54
8295; 54
8296; 56
8297; 56
8298; 58
8299; 58
8300; 1
8301; 2
8302; 4
8303; 4
8304; 6
8305; 6
8306; 8
8307; 8
8308; 10
8309; 10
8310; 12
8311; 12
8312; 14
8313; 14
8314; 16
8315; 16
8316; 18
8317; 18
8318; 20
8319; 20
8320; 22
8321; 41
8322; 43
8323; 43
8324; 45
8325; 45
8326; 47
8327; 47
8328; 49
8329; 49
8330; 51
8331; 51
8332; 53
8333; 53
8334; 55
8335; 55
8336; 57
8337; 57
8338; 59
8339; 59
8340; 2
8341; 3
8342; 5
8343; 5
8344; 7
8345; 7
8346; 9
8347; 9
8348; 11
8349; 11
8350; 13
8351; 13
8352; 15
8353; 15
8354; 17
8355; 17
8356; 19
8357; 19
8358; 21
8359; 21
8360; 24
8361; 42
8362; 44
8363; 44
8364; 46
8365; 46
8366; 48
8367; 48
8368; 50
8369; 50
8370; 52
8371; 52
8372; 54
8373; 54
8374; 56
8375; 56
8376; 58
8377; 58
8378; 0
8379; 0
8380; 3
8381; 4
8382; 6
8383; 6
8384; 8
8385; 8
8386; 10
8387; 10
8388; 12
8389; 12
8390; 14
8391; 14
8392; 16
8393; 16
8394; 18
8395; 18
8396; 20
8397; 20
8398; 22
8399; 22
8400; 25
8401; 43
8402; 45
8403; 45
8404; 47
8405; 47
8406; 49
8407; 49
8408; 51
8409; 51
8410; 53
8411; 53
8412; 55
8413; 55
8414; 57
8415; 57
8416; 59
8417; 59
8418; 1
8419; 1
8420; 4
8421; 5
8422; 7
8423; 7
8424; 9
8425; 9
8426; 11
8427; 11
8428; 13
8429; 13
8430; 15
8431; 15
8432; 17
8433; 17
8434; 19
8435; 19
8436; 21
8437; 21
8438; 23
8439; 23
8440; 26
8441; 44
8442; 46
8443; 46
8444; 48
8445; 48
8446; 50
8447; 50
8448; 52
8449; 52
8450; 54
8451; 54
8452; 56
8453; 56
8454; 58
8455; 58
8456; 0
8457; 0
8458; 2
8459; 2
8460; 4
8461; 6
8462; 8
8463; 8
8464; 10
8465; 10
8466; 12
8467; 12
8468; 14
8469; 14
8470; 16
8471; 16
8472; 18
8473; 18
8474; 20
8475; 20
8476; 22
8477; 22
8478; 24
8479; 24
8480; 26
8481; 45
8482; 47
8483; 47
8484; 49
8485; 49
8486; 51
8487; 51
8488; 53
8489; 53
8490; 55
8491; 55
8492; 57
8493; 57
8494; 59
8495; 59
8496; 1
8497; 1
8498; 3
8499; 3
8500; 6
8501; 7
8502; 9
8503; 9
8504; 11
8505; 11
8506; 13
8507; 13
8508; 15
8509; 15
8510; 17
8511; 17
8512; 19
8513; 19
8514; 21
8515; 21
8516; 23
8517; 23
8518; 25
8519; 25
8520; 28
8521; 46
8522; 48
8523; 48
8524; 50
8525; 50
8526; 52
8527; 52
8528; 54
8529; 54
8530; 56
8531; 56
8532; 58
8533; 58
8534; 0
8535; 0
8536; 2
8537; 2
8538; 4
8539; 4
8540; 7
8541; 8
8542; 10
8543; 10
8544; 12
8545; 12
8546; 14
8547; 14
8548; 16
8549; 16
8550; 18
8551; 18
8552; 20
8553; 20
8554; 22
8555; 22
8556; 24
8557; 24
8558; 26
8559; 26
8560; 28
8561; 47
8562; 49
8563; 49
8564; 51
8565; 51
8566; 53
8567; 53
8568; 55
8569; 55
8570; 57
8571; 57
8572; 59
8573; 59
8574; 1
8575; 1
8576; 3
8577; 3
8578; 5
8579; 5
8580; 8
8581; 9
8582; 11
8583; 11
8584; 13
8585; 13
8586; 15
8587; 15
8588; 17
8589; 17
8590; 19
8591; 19
8592; 21
8593; 21
8594; 23
8595; 23
8596; 25
8597; 25
8598; 27
8599; 27
8600; 29
8601; 48
8602; 50
8603; 50
8604; 52
8605; 52
8606; 54
8607; 54
8608; 56
8609; 56
8610; 58
8611; 58
8612; 0
8613; 0
8614; 2
8615; 2
8616; 4
8617; 4
8618; 6
8619; 6
8620; 9
8621; 10
8622; 12
8623; 12
8624; 14
8625; 14
8626; 16
8627; 16
8628; 18
8629; 18
8630; 20
8631; 20
8632; 22
8633; 22
8634; 24
8635; 24
8636; 26
8637; 26
8638; 28
8639; 28
8640; 30
8641; 49
8642; 51
8643; 51
8644; 53
8645; 53
8646; 55
8647; 55
8648; 57
8649; 57
8650; 59
8651; 59
8652; 1
8653; 1
8654; 3
8655; 3
8656; 5
8657; 5
8658; 7
8659; 7
8660; 10
8661; 11
8662; 13
8663; 13
8664; 15
8665; 15
8666; 17
8667; 17
8668; 19
8669; 19
8670; 21
8671; 21
8672; 23
8673; 23
8674; 25
8675; 25
8676; 27
8677; 27
8678; 29
8679; 29
8680; 32
8681; 50
8682; 52
8683; 52
8684; 54
8685; 54
8686; 56
8687; 56
8688; 58
8689; 58
8690; 0
8691; 0
8692; 2
8693; 2
8694; 4
8695; 4
8696; 6
8697; 6
8698; 8
8699; 8
8700; 11
8701; 12
8702; 14
8703; 14
8704; 16
8705; 16
8706; 18
8707; 18
8708; 20
8709; 20
8710; 22
8711; 22
8712; 24
8713; 24
8714; 26
8715; 26
8716; 28
8717; 28
8718; 30
8719; 30
8720; 33
8721; 51
8722; 53
8723; 53
8724; 55
8725; 55
8726; 57
8727; 57
8728; 59
8729; 59
8730; 1
8731; 1
8732; 3
8733; 3
8734; 5
8735; 5
8736; 7
8737; 7
8738; 9
8739; 9
8740; 12
8741; 13
8742; 15
8743; 15
8744; 17
8745; 17
8746; 19
8747; 19
8748; 21
8749; 21
8750; 23
8751; 23
8752; 25
8753; 25
8754; 27
8755; 27
8756; 29
8757; 29
8758; 31
8759; 31
8760; 33
8761; 53
8762; 55
8763; 55
8764; 57
8765; 57
8766; 59
8767; 59
8768; 1
8769; 1
8770; 3
8771; 3
8772; 5
8773; 5
8774; 7
8775; 7
8776; 9
8777; 9
8778; 11
8779; 11
8780; 14
8781; 15
8782; 17
8783; 17
8784; 19
8785; 19
8786; 21
8787; 21
8788; 23
8789; 23
8790; 25
8791; 25
8792; 27
8793; 27
8794; 29
8795; 29
8796; 31
8797; 31
8798; 33
8799; 33
8800; 35
8801; 54
8802; 56
8803; 56
8804; 58
8805; 58
8806; 0
8807; 0
8808; 2
8809; 2
8810; 4
8811; 4
8812; 6
8813; 6
8814; 8
8815; 8
8816; 10
8817; 10
8818; 12
8819; 12
8820; 15
8821; 16
8822; 18
8823; 18
8824; 20
8825; 20
8826; 22
8827; 22
8828; 24
8829; 24
8830; 26
8831; 26
8832; 28
8833; 28
8834; 30
8835; 30
8836; 32
8837; 32
8838; 34
8839; 34
8840; 36
8841; 55
8842; 57
8843; 57
8844; 59
8845; 59
8846; 1
8847; 1
8848; 3
8849; 3
8850; 5
8851; 5
8852; 7
8853; 7
8854; 9
8855; 9
8856; 11
8857; 11
8858; 13
8859; 13
8860; 16
8861; 17
8862; 19
8863; 19
8864; 21
8865; 21
8866; 23
8867; 23
8868; 25
8869; 25
8870; 27
8871; 27
8872; 29
8873; 29
8874; 31
8875; 31
8876; 33
8877; 33
8878; 35
8879; 35
8880; 37
8881; 56
8882; 58
8883; 58
8884; 0
8885; 0
8886; 2
8887; 2
8888; 4
8889; 4
8890; 6
8891; 6
8892; 8
8893; 8
8894; 10
8895; 10
8896; 12
8897; 12
8898; 14
8899; 14
8900; 16
8901; 18
8902; 20
8903; 20
8904; 22
8905; 22
8906; 24
8907; 24
8908; 26
8909; 26
8910; 28
8911; 28
8912; 30
8913; 30
8914; 32
8915; 32
8916; 34
8917; 34
8918; 36
8919; 36
8920; 39
8921; 57
8922; 59
8923; 59
8924; 1
8925; 1
8926; 3
8927; 3
8928; 5
8929; 5
8930; 7
8931; 7
8932; 9
8933; 9
8934; 11
8935; 11
8936; 13
8937; 13
8938; 15
8939; 15
8940; 18
8941; 19
8942; 21
8943; 21
8944; 23
8945; 23
8946; 25
8947; 25
8948; 27
8949; 27
8950; 29
8951; 29
8952; 31
8953; 31
8954; 33
8955; 33
8956; 35
8957; 35
8958; 37
8959; 37
8960; 40
8961; 58
8962; 0
8963; 0
8964; 2
8965; 2
8966; 4
8967; 4
8968; 6
8969; 6
8970; 8
8971; 8
8972; 10
8973; 10
8974; 12
8975; 12
8976; 14
8977; 14
8978; 16
8979; 16
8980; 19
8981; 20
8982; 22
8983; 22
8984; 24
8985; 24
8986; 26
8987; 26
8988; 28
8989; 28
8990; 30
8991; 30
8992; 32
8993; 32
8994; 34
8995; 34
8996; 36
8997; 36
8998; 38
8999; 38
9000; 41
9001; 59
9002; 1
9003; 1
9004; 3
9005; 3
9006; 5
9007; 5
9008; 7
9009; 7
9010; 9
9011; 9
9012; 11
9013; 11
9014; 13
9015; 13
9016; 15
9017; 15
9018; 17
9019; 17
9020; 20
9021; 21
9022; 23
9023; 23
9024; 25
9025; 25
9026; 27
9027; 27
9028; 29
9029; 29
9030; 31
9031; 31
9032; 33
9033; 33
9034; 35
9035; 35
9036; 37
9037; 37
9038; 39
9039; 39
9040; 41
9041; 0
9042; 2
9043; 2
9044; 4
9045; 4
9046; 6
9047; 6
9048; 8
9049; 8
9050; 10
9051; 10
9052; 12
9053; 12
9054; 14
9055; 14
9056; 16
9057; 16
9058; 18
9059; 18
9060; 20
9061; 22
9062; 24
9063; 24
9064; 26
9065; 26
9066; 28
9067; 28
9068; 30
9069; 30
9070; 32
9071; 32
9072; 34
9073; 34
9074; 36
9075; 36
9076; 38
9077; 38
9078; 40
9079; 40
9080; 42
9081; 1
9082; 3
9083; 3
9084; 5
9085; 5
9086; 7
9087; 7
9088; 9
9089; 9
9090; 11
9091; 11
9092; 13
9093; 13
9094; 15
9095; 15
9096; 17
9097; 17
9098; 19
9099; 19
9100; 22
9101; 23
9102; 25
9103; 25
9104; 27
9105; 27
9106; 29
9107; 29
9108; 31
9109; 31
9110; 33
9111; 33
9112; 35
9113; 35
9114; 37
9115; 37
9116; 39
9117; 39
9118; 41
9119; 41
9120; 44
9121; 2
9122; 4
9123; 4
9124; 6
9125; 6
9126; 8
9127; 8
9128; 10
9129; 10
9130; 12
9131; 12
9132; 14
9133; 14
9134; 16
9135; 16
9136; 18
9137; 18
9138; 20
9139; 20
9140; 23
9141; 24
9142; 26
9143; 26
9144; 28
9145; 28
9146; 30
9147; 30
9148; 32
9149; 32
9150; 34
9151; 34
9152; 36
9153; 36
9154; 38
9155; 38
9156; 40
9157; 40
9158; 42
9159; 42
9160; 45
9161; 3
9162; 5
9163; 5
9164; 7
9165; 7
9166; 9
9167; 9
9168; 11
9169; 11
9170; 13
9171; 13
9172; 15
9173; 15
9174; 17
9175; 17
9176; 19
9177; 19
9178; 21
9179; 21
9180; 23
9181; 25
9182; 27
9183; 27
9184; 29
9185; 29
9186; 31
9187; 31
9188; 33
9189; 33
9190; 35
9191; 35
9192; 37
9193; 37
9194; 39
9195; 39
9196; 41
9197; 41
9198; 43
9199; 43
9200; 45
9201; 4
9202; 6
9203; 6
9204; 8
9205; 8
9206; 10
9207; 10
9208; 12
9209; 12
9210; 14
9211; 14
9212; 16
9213; 16
9214; 18
9215; 18
9216; 20
9217; 20
9218; 22
9219; 22
9220; 24
9221; 26
9222; 28
9223; 28
9224; 30
9225; 30
9226; 32
9227; 32
9228; 34
9229; 34
9230; 36
9231; 36
9232; 38
9233; 38
9234; 40
9235; 40
9236; 42
9237; 42
9238; 44
9239; 44
9240; 46
9241; 5
9242; 7
9243; 7
9244; 9
9245; 9
9246; 11
9247; 11
9248; 13
9249; 13
9250; 15
9251; 15
9252; 17
9253; 17
9254; 19
9255; 19
9256; 21
9257; 21
9258; 23
9259; 23
9260; 26
9261; 27
9262; 29
9263; 29
9264; 31
9265; 31
9266; 33
9267; 33
9268; 35
9269; 35
9270; 37
9271; 37
9272; 39
9273; 39
9274; 41
9275; 41
9276; 43
9277; 43
9278; 45
9279; 45
9280; 47
