# line-id; line-code; direction; stop-order; stop-id; frequency; departure_time; arrival_time; line-repetition
23; 23H; >; 1; 25; 1; 0; 0
23; 23H; >; 2; 24; 1; 6; 6
23; 23H; >; 3; 19; 1; 12; 12
23; 23H; >; 4; 14; 1; 18; 18
23; 23H; >; 5; 9; 1; 24; 24
23; 23H; >; 6; 4; 1; 30; 30
23; 23R; <; 1; 4; 1; 18; 18
23; 23R; <; 2; 9; 1; 24; 24
23; 23R; <; 3; 14; 1; 30; 30
23; 23R; <; 4; 19; 1; 36; 36
23; 23R; <; 5; 24; 1; 42; 42
23; 23R; <; 6; 25; 1; 48; 48
27; 27H; >; 1; 24; 1; 33; 33
27; 27H; >; 2; 23; 1; 39; 42
27; 27H; >; 3; 18; 1; 48; 51
27; 27H; >; 4; 13; 1; 57; 57
27; 27H; >; 5; 8; 1; 3; 3
27; 27H; >; 6; 9; 1; 9; 9
27; 27R; <; 1; 9; 1; 18; 18
27; 27R; <; 2; 8; 1; 24; 24
27; 27R; <; 3; 13; 1; 30; 33
27; 27R; <; 4; 18; 1; 39; 42
27; 27R; <; 5; 23; 1; 48; 48
27; 27R; <; 6; 24; 1; 56; 56
32; 32H; >; 1; 22; 1; 24; 24
32; 32H; >; 2; 23; 1; 30; 30
32; 32H; >; 3; 18; 1; 36; 36
32; 32H; >; 4; 13; 1; 42; 42
32; 32H; >; 5; 8; 1; 48; 48
32; 32H; >; 6; 9; 1; 54; 54
32; 32R; <; 1; 9; 1; 42; 42
32; 32R; <; 2; 8; 1; 48; 48
32; 32R; <; 3; 13; 1; 54; 54
32; 32R; <; 4; 18; 1; 0; 0
32; 32R; <; 5; 23; 1; 6; 6
32; 32R; <; 6; 22; 1; 12; 12
49; 49H; >; 1; 19; 1; 6; 6
49; 49H; >; 2; 18; 1; 12; 12
49; 49H; >; 3; 17; 1; 18; 18
49; 49H; >; 4; 12; 1; 24; 24
49; 49H; >; 5; 7; 1; 30; 30
49; 49H; >; 6; 2; 1; 36; 36
49; 49R; <; 1; 2; 1; 12; 12
49; 49R; <; 2; 7; 1; 18; 18
49; 49R; <; 3; 12; 1; 24; 24
49; 49R; <; 4; 17; 1; 30; 30
49; 49R; <; 5; 18; 1; 36; 36
49; 49R; <; 6; 19; 1; 42; 42
51; 51H; >; 1; 19; 1; 30; 30
51; 51H; >; 2; 18; 1; 36; 36
51; 51H; >; 3; 13; 1; 42; 42
51; 51H; >; 4; 8; 1; 48; 51
51; 51H; >; 5; 7; 1; 57; 57
51; 51H; >; 6; 2; 1; 3; 3
51; 51R; <; 1; 2; 1; 48; 48
51; 51R; <; 2; 7; 1; 54; 54
51; 51R; <; 3; 8; 1; 0; 0
51; 51R; <; 4; 13; 1; 6; 6
51; 51R; <; 5; 18; 1; 12; 12
51; 51R; <; 6; 19; 1; 18; 18
57; 57H; >; 1; 17; 1; 51; 51
57; 57H; >; 2; 18; 1; 57; 57
57; 57H; >; 3; 13; 1; 3; 3
57; 57H; >; 4; 8; 1; 9; 9
57; 57H; >; 5; 3; 1; 15; 15
57; 57H; >; 6; 4; 1; 21; 21
57; 57R; <; 1; 4; 1; 18; 18
57; 57R; <; 2; 3; 1; 24; 24
57; 57R; <; 3; 8; 1; 30; 30
57; 57R; <; 4; 13; 1; 36; 36
57; 57R; <; 5; 18; 1; 42; 42
57; 57R; <; 6; 17; 1; 48; 48
80; 80H; >; 1; 14; 1; 36; 36
80; 80H; >; 2; 13; 1; 42; 42
80; 80H; >; 3; 8; 1; 48; 48
80; 80H; >; 4; 7; 1; 54; 57
80; 80H; >; 5; 2; 1; 3; 3
80; 80H; >; 6; 3; 1; 9; 9
80; 80R; <; 1; 3; 1; 0; 0
80; 80R; <; 2; 2; 1; 6; 6
80; 80R; <; 3; 7; 1; 12; 12
80; 80R; <; 4; 8; 1; 18; 18
80; 80R; <; 5; 13; 1; 24; 24
80; 80R; <; 6; 14; 1; 30; 30
83; 83H; >; 1; 14; 1; 18; 18
83; 83H; >; 2; 13; 1; 24; 24
83; 83H; >; 3; 8; 1; 30; 30
83; 83H; >; 4; 3; 1; 36; 36
83; 83H; >; 5; 2; 1; 42; 42
83; 83H; >; 6; 1; 1; 48; 48
83; 83R; <; 1; 1; 1; 0; 0
83; 83R; <; 2; 2; 1; 6; 6
83; 83R; <; 3; 3; 1; 12; 12
83; 83R; <; 4; 8; 1; 18; 18
83; 83R; <; 5; 13; 1; 24; 24
83; 83R; <; 6; 14; 1; 30; 30
90; 90H; >; 1; 12; 1; 15; 15
90; 90H; >; 2; 13; 1; 21; 21
90; 90H; >; 3; 8; 1; 27; 27
90; 90H; >; 4; 3; 1; 33; 33
90; 90H; >; 5; 2; 1; 39; 39
90; 90H; >; 6; 1; 1; 45; 45
90; 90R; <; 1; 1; 1; 12; 12
90; 90R; <; 2; 2; 1; 18; 18
90; 90R; <; 3; 3; 1; 24; 24
90; 90R; <; 4; 8; 1; 30; 30
90; 90R; <; 5; 13; 1; 36; 36
90; 90R; <; 6; 12; 1; 42; 42
126; 126H; >; 1; 1; 1; 30; 30
126; 126H; >; 2; 2; 1; 36; 36
126; 126H; >; 3; 3; 1; 42; 42
126; 126H; >; 4; 8; 1; 48; 48
126; 126H; >; 5; 13; 1; 54; 54
126; 126H; >; 6; 18; 1; 0; 0
126; 126H; >; 7; 23; 1; 6; 6
126; 126H; >; 8; 24; 1; 12; 12
126; 126H; >; 9; 25; 1; 18; 18
126; 126R; <; 1; 25; 1; 30; 30
126; 126R; <; 2; 24; 1; 36; 36
126; 126R; <; 3; 23; 1; 42; 42
126; 126R; <; 4; 18; 1; 48; 48
126; 126R; <; 5; 13; 1; 54; 54
126; 126R; <; 6; 8; 1; 0; 0
126; 126R; <; 7; 3; 1; 6; 6
126; 126R; <; 8; 2; 1; 12; 12
126; 126R; <; 9; 1; 1; 18; 18
128; 128H; >; 1; 6; 1; 48; 48
128; 128H; >; 2; 7; 1; 54; 54
128; 128H; >; 3; 8; 1; 0; 0
128; 128H; >; 4; 13; 1; 6; 6
128; 128H; >; 5; 18; 1; 12; 12
128; 128H; >; 6; 19; 1; 18; 18
128; 128H; >; 7; 20; 1; 24; 24
128; 128R; <; 1; 20; 1; 27; 27
128; 128R; <; 2; 19; 1; 33; 33
128; 128R; <; 3; 18; 1; 39; 39
128; 128R; <; 4; 13; 1; 45; 45
128; 128R; <; 5; 8; 1; 51; 51
128; 128R; <; 6; 7; 1; 57; 57
128; 128R; <; 7; 6; 1; 3; 3
129; 129H; >; 1; 11; 1; 15; 15
129; 129H; >; 2; 12; 1; 21; 21
129; 129H; >; 3; 13; 1; 27; 27
129; 129H; >; 4; 14; 1; 33; 33
129; 129H; >; 5; 15; 1; 39; 39
129; 129R; <; 1; 15; 1; 9; 9
129; 129R; <; 2; 14; 1; 15; 15
129; 129R; <; 3; 13; 1; 21; 21
129; 129R; <; 4; 12; 1; 27; 27
129; 129R; <; 5; 11; 1; 33; 33
130; 130H; >; 1; 10; 1; 15; 15
130; 130H; >; 2; 9; 1; 21; 21
130; 130H; >; 3; 8; 1; 27; 27
130; 130H; >; 4; 13; 1; 33; 33
130; 130H; >; 5; 18; 1; 39; 39
130; 130H; >; 6; 17; 1; 45; 45
130; 130H; >; 7; 16; 1; 51; 51
130; 130R; <; 1; 16; 1; 57; 57
130; 130R; <; 2; 17; 1; 3; 3
130; 130R; <; 3; 18; 1; 9; 9
130; 130R; <; 4; 13; 1; 15; 15
130; 130R; <; 5; 8; 1; 21; 21
130; 130R; <; 6; 9; 1; 27; 27
130; 130R; <; 7; 10; 1; 33; 33
131; 131H; >; 1; 5; 1; 9; 9
131; 131H; >; 2; 4; 1; 15; 15
131; 131H; >; 3; 3; 1; 21; 21
131; 131H; >; 4; 8; 1; 27; 27
131; 131H; >; 5; 13; 1; 33; 33
131; 131H; >; 6; 18; 1; 39; 39
131; 131H; >; 7; 23; 1; 45; 45
131; 131H; >; 8; 22; 1; 51; 51
131; 131H; >; 9; 21; 1; 57; 57
131; 131R; <; 1; 21; 1; 51; 51
131; 131R; <; 2; 22; 1; 57; 57
131; 131R; <; 3; 23; 1; 3; 3
131; 131R; <; 4; 18; 1; 9; 9
131; 131R; <; 5; 13; 1; 15; 15
131; 131R; <; 6; 8; 1; 21; 21
131; 131R; <; 7; 3; 1; 27; 27
131; 131R; <; 8; 4; 1; 33; 33
131; 131R; <; 9; 5; 1; 39; 39
132; 132H; >; 1; 1; 1; 39; 39
132; 132H; >; 2; 2; 1; 45; 45
132; 132H; >; 3; 3; 1; 51; 52
132; 132H; >; 4; 8; 1; 0; 0
132; 132H; >; 5; 13; 1; 6; 6
132; 132H; >; 6; 18; 1; 12; 12
132; 132H; >; 7; 23; 1; 18; 18
132; 132H; >; 8; 24; 1; 24; 24
132; 132H; >; 9; 25; 1; 30; 30
132; 132R; <; 1; 25; 1; 51; 51
132; 132R; <; 2; 24; 1; 57; 57
132; 132R; <; 3; 23; 1; 3; 3
132; 132R; <; 4; 18; 1; 9; 12
132; 132R; <; 5; 13; 1; 18; 18
132; 132R; <; 6; 8; 1; 24; 24
132; 132R; <; 7; 3; 1; 30; 30
132; 132R; <; 8; 2; 1; 36; 39
132; 132R; <; 9; 1; 1; 45; 45
