#event-id; time
1; 0
2; 6
3; 6
4; 12
5; 12
6; 18
7; 18
8; 24
9; 24
10; 30
11; 30
12; 36
13; 36
14; 42
15; 0
16; 6
17; 6
18; 12
19; 12
20; 18
21; 18
22; 24
23; 24
24; 30
25; 30
26; 36
27; 36
28; 42
29; 36
30; 42
31; 42
32; 48
33; 48
34; 54
35; 54
36; 0
37; 0
38; 6
39; 6
40; 12
41; 36
42; 42
43; 42
44; 48
45; 48
46; 54
47; 54
48; 0
49; 0
50; 6
51; 6
52; 12
53; 0
54; 6
55; 6
56; 12
57; 12
58; 18
59; 18
60; 24
61; 24
62; 30
63; 30
64; 36
65; 36
66; 42
67; 42
68; 48
69; 48
70; 54
71; 54
72; 0
73; 6
74; 12
75; 12
76; 18
77; 18
78; 24
79; 24
80; 30
81; 30
82; 36
83; 36
84; 42
85; 42
86; 48
87; 48
88; 54
89; 54
90; 0
91; 0
92; 6
93; 36
94; 42
95; 42
96; 48
97; 48
98; 54
99; 54
100; 0
101; 0
102; 6
103; 6
104; 12
105; 12
106; 18
107; 18
108; 24
109; 24
110; 30
111; 30
112; 36
113; 39
114; 45
115; 45
116; 51
117; 51
118; 57
119; 57
120; 3
121; 9
122; 15
123; 15
124; 21
125; 21
126; 27
127; 27
128; 33
129; 45
130; 51
131; 51
132; 57
133; 57
134; 3
135; 3
136; 9
137; 15
138; 21
139; 21
140; 27
141; 27
142; 33
143; 33
144; 39
145; 18
146; 24
147; 24
148; 30
149; 30
150; 36
151; 36
152; 42
153; 48
154; 54
155; 54
156; 0
157; 0
158; 6
159; 6
160; 12
161; 36
162; 42
163; 42
164; 48
165; 48
166; 54
167; 54
168; 0
169; 6
170; 12
171; 12
172; 18
173; 18
174; 24
175; 24
176; 30
177; 0
178; 6
179; 6
180; 12
181; 12
182; 18
183; 30
184; 36
185; 36
186; 42
187; 42
188; 48
189; 3
190; 9
191; 9
192; 15
193; 15
194; 21
195; 21
196; 27
197; 27
198; 33
199; 33
200; 39
201; 39
202; 45
203; 45
204; 51
205; 33
206; 39
207; 39
208; 45
209; 45
210; 51
211; 51
212; 57
213; 57
214; 3
215; 3
216; 9
217; 9
218; 15
219; 15
220; 21
221; 3
222; 9
223; 9
224; 15
225; 15
226; 21
227; 21
228; 27
229; 27
230; 33
231; 33
232; 39
233; 39
234; 45
235; 45
236; 51
237; 33
238; 39
239; 39
240; 45
241; 45
242; 51
243; 51
244; 57
245; 57
246; 3
247; 3
248; 9
249; 9
250; 15
251; 15
252; 21
253; 12
254; 18
255; 18
256; 24
257; 24
258; 30
259; 30
260; 36
261; 36
262; 42
263; 42
264; 48
265; 48
266; 54
267; 54
268; 0
269; 0
270; 6
271; 6
272; 12
273; 3
274; 9
275; 9
276; 15
277; 15
278; 21
279; 21
280; 27
281; 27
282; 33
283; 33
284; 39
285; 39
286; 45
287; 45
288; 51
289; 51
290; 57
291; 57
292; 3
293; 54
294; 0
295; 0
296; 6
297; 6
298; 12
299; 12
300; 18
301; 18
302; 24
303; 24
304; 30
305; 30
306; 36
307; 36
308; 42
309; 42
310; 48
311; 48
312; 54
313; 39
314; 45
315; 45
316; 51
317; 51
318; 57
319; 57
320; 3
321; 9
322; 15
323; 15
324; 21
325; 21
326; 27
327; 27
328; 33
