#line-id;line-code;direction;stop-order;stop-id;frequency;departure_time;arrival_time;line-repetition
6; 6H; >; 1; 6; 1; 0; 0; 1
6; 6H; >; 2; 11; 1; 6; 6; 1
6; 6H; >; 3; 12; 1; 12; 12; 1
6; 6H; >; 4; 13; 1; 18; 18; 1
6; 6H; >; 5; 14; 1; 24; 24; 1
6; 6H; >; 6; 19; 1; 30; 30; 1
6; 6H; >; 7; 24; 1; 36; 36; 1
6; 6H; >; 8; 25; 1; 42; 42; 1
6; 6R; <; 1; 25; 1; 0; 0; 1
6; 6R; <; 2; 24; 1; 6; 6; 1
6; 6R; <; 3; 19; 1; 12; 12; 1
6; 6R; <; 4; 14; 1; 18; 18; 1
6; 6R; <; 5; 13; 1; 24; 24; 1
6; 6R; <; 6; 12; 1; 30; 30; 1
6; 6R; <; 7; 11; 1; 36; 36; 1
6; 6R; <; 8; 6; 1; 42; 42; 1
19; 19H; >; 1; 2; 1; 36; 36; 1
19; 19H; >; 2; 7; 1; 42; 42; 1
19; 19H; >; 3; 12; 1; 48; 48; 1
19; 19H; >; 4; 11; 1; 54; 54; 1
19; 19H; >; 5; 16; 1; 0; 0; 1
19; 19H; >; 6; 21; 1; 6; 6; 1
19; 19H; >; 7; 22; 1; 12; 12; 1
19; 19R; <; 1; 22; 1; 36; 36; 1
19; 19R; <; 2; 21; 1; 42; 42; 1
19; 19R; <; 3; 16; 1; 48; 48; 1
19; 19R; <; 4; 11; 1; 54; 54; 1
19; 19R; <; 5; 12; 1; 0; 0; 1
19; 19R; <; 6; 7; 1; 6; 6; 1
19; 19R; <; 7; 2; 1; 12; 12; 1
44; 44H; >; 1; 4; 1; 0; 0; 1
44; 44H; >; 2; 9; 1; 6; 6; 1
44; 44H; >; 3; 14; 1; 12; 12; 1
44; 44H; >; 4; 13; 1; 18; 18; 1
44; 44H; >; 5; 18; 1; 24; 24; 1
44; 44H; >; 6; 23; 1; 30; 30; 1
44; 44R; <; 1; 23; 1; 30; 30; 1
44; 44R; <; 2; 18; 1; 36; 36; 1
44; 44R; <; 3; 13; 1; 42; 42; 1
44; 44R; <; 4; 14; 1; 48; 48; 1
44; 44R; <; 5; 9; 1; 54; 54; 1
44; 44R; <; 6; 4; 1; 0; 0; 1
60; 60H; >; 1; 17; 1; 6; 6; 1
60; 60H; >; 2; 18; 1; 12; 12; 1
60; 60H; >; 3; 13; 1; 18; 18; 1
60; 60H; >; 4; 8; 1; 24; 24; 1
60; 60H; >; 5; 3; 1; 30; 30; 1
60; 60H; >; 6; 4; 1; 36; 36; 1
60; 60R; <; 1; 4; 1; 36; 36; 1
60; 60R; <; 2; 3; 1; 42; 42; 1
60; 60R; <; 3; 8; 1; 48; 48; 1
60; 60R; <; 4; 13; 1; 54; 54; 1
60; 60R; <; 5; 18; 1; 0; 0; 1
60; 60R; <; 6; 17; 1; 6; 6; 1
62; 62H; >; 1; 16; 1; 36; 36; 1
62; 62H; >; 2; 17; 1; 42; 42; 1
62; 62H; >; 3; 12; 1; 48; 48; 1
62; 62H; >; 4; 13; 1; 54; 54; 1
62; 62H; >; 5; 14; 1; 0; 0; 1
62; 62H; >; 6; 9; 1; 6; 6; 1
62; 62R; <; 1; 9; 1; 6; 6; 1
62; 62R; <; 2; 14; 1; 12; 12; 1
62; 62R; <; 3; 13; 1; 18; 18; 1
62; 62R; <; 4; 12; 1; 24; 24; 1
62; 62R; <; 5; 17; 1; 30; 30; 1
62; 62R; <; 6; 16; 1; 36; 36; 1
78; 78H; >; 1; 19; 1; 39; 39; 1
78; 78H; >; 2; 24; 1; 45; 45; 1
78; 78H; >; 3; 23; 1; 51; 51; 1
78; 78H; >; 4; 22; 1; 57; 57; 1
78; 78H; >; 5; 17; 1; 3; 3; 1
78; 78R; <; 1; 17; 1; 9; 9; 1
78; 78R; <; 2; 22; 1; 15; 15; 1
78; 78R; <; 3; 23; 1; 21; 21; 1
78; 78R; <; 4; 24; 1; 27; 27; 1
78; 78R; <; 5; 19; 1; 33; 33; 1
80; 80H; >; 1; 13; 1; 45; 45; 1
80; 80H; >; 2; 18; 1; 51; 51; 1
80; 80H; >; 3; 19; 1; 57; 57; 1
80; 80H; >; 4; 14; 1; 3; 3; 1
80; 80H; >; 5; 15; 1; 9; 9; 1
80; 80R; <; 1; 15; 1; 15; 15; 1
80; 80R; <; 2; 14; 1; 21; 21; 1
80; 80R; <; 3; 19; 1; 27; 27; 1
80; 80R; <; 4; 18; 1; 33; 33; 1
80; 80R; <; 5; 13; 1; 39; 39; 1
90; 90H; >; 1; 1; 1; 18; 18; 1
90; 90H; >; 2; 6; 1; 24; 24; 1
90; 90H; >; 3; 7; 1; 30; 30; 1
90; 90H; >; 4; 8; 1; 36; 36; 1
90; 90H; >; 5; 9; 1; 42; 42; 1
90; 90R; <; 1; 9; 1; 48; 48; 1
90; 90R; <; 2; 8; 1; 54; 54; 1
90; 90R; <; 3; 7; 1; 0; 0; 1
90; 90R; <; 4; 6; 1; 6; 6; 1
90; 90R; <; 5; 1; 1; 12; 12; 1
100; 100H; >; 1; 4; 1; 36; 36; 1
100; 100H; >; 2; 5; 1; 42; 42; 1
100; 100H; >; 3; 10; 1; 48; 48; 1
100; 100H; >; 4; 15; 1; 54; 54; 1
100; 100H; >; 5; 20; 1; 0; 0; 1
100; 100R; <; 1; 20; 1; 6; 6; 1
100; 100R; <; 2; 15; 1; 12; 12; 1
100; 100R; <; 3; 10; 1; 18; 18; 1
100; 100R; <; 4; 5; 1; 24; 24; 1
100; 100R; <; 5; 4; 1; 30; 30; 1
114; 114H; >; 1; 19; 1; 0; 0; 1
114; 114H; >; 2; 20; 1; 6; 6; 1
114; 114H; >; 3; 25; 1; 12; 12; 1
114; 114H; >; 4; 24; 1; 18; 18; 1
114; 114R; <; 1; 24; 1; 30; 30; 1
114; 114R; <; 2; 25; 1; 36; 36; 1
114; 114R; <; 3; 20; 1; 42; 42; 1
114; 114R; <; 4; 19; 1; 48; 48; 1
127; 127H; >; 1; 15; 2; 3; 3; 1
127; 127H; >; 2; 14; 2; 9; 9; 1
127; 127H; >; 3; 13; 2; 15; 15; 1
127; 127H; >; 4; 12; 2; 21; 21; 1
127; 127H; >; 5; 11; 2; 27; 27; 1
127; 127H; >; 6; 6; 2; 33; 33; 1
127; 127H; >; 7; 1; 2; 39; 39; 1
127; 127H; >; 8; 2; 2; 45; 45; 1
127; 127H; >; 9; 3; 2; 51; 51; 1
127; 127H; >; 1; 15; 2; 33; 33; 2
127; 127H; >; 2; 14; 2; 39; 39; 2
127; 127H; >; 3; 13; 2; 45; 45; 2
127; 127H; >; 4; 12; 2; 51; 51; 2
127; 127H; >; 5; 11; 2; 57; 57; 2
127; 127H; >; 6; 6; 2; 3; 3; 2
127; 127H; >; 7; 1; 2; 9; 9; 2
127; 127H; >; 8; 2; 2; 15; 15; 2
127; 127H; >; 9; 3; 2; 21; 21; 2
127; 127R; <; 1; 3; 2; 3; 3; 1
127; 127R; <; 2; 2; 2; 9; 9; 1
127; 127R; <; 3; 1; 2; 15; 15; 1
127; 127R; <; 4; 6; 2; 21; 21; 1
127; 127R; <; 5; 11; 2; 27; 27; 1
127; 127R; <; 6; 12; 2; 33; 33; 1
127; 127R; <; 7; 13; 2; 39; 39; 1
127; 127R; <; 8; 14; 2; 45; 45; 1
127; 127R; <; 9; 15; 2; 51; 51; 1
127; 127R; <; 1; 3; 2; 33; 33; 2
127; 127R; <; 2; 2; 2; 39; 39; 2
127; 127R; <; 3; 1; 2; 45; 45; 2
127; 127R; <; 4; 6; 2; 51; 51; 2
127; 127R; <; 5; 11; 2; 57; 57; 2
127; 127R; <; 6; 12; 2; 3; 3; 2
127; 127R; <; 7; 13; 2; 9; 9; 2
127; 127R; <; 8; 14; 2; 15; 15; 2
127; 127R; <; 9; 15; 2; 21; 21; 2
130; 130H; >; 1; 25; 1; 12; 12; 1
130; 130H; >; 2; 20; 1; 18; 18; 1
130; 130H; >; 3; 15; 1; 24; 24; 1
130; 130H; >; 4; 10; 1; 30; 30; 1
130; 130H; >; 5; 9; 1; 36; 36; 1
130; 130H; >; 6; 8; 1; 42; 42; 1
130; 130R; <; 1; 8; 1; 42; 42; 1
130; 130R; <; 2; 9; 1; 48; 48; 1
130; 130R; <; 3; 10; 1; 54; 54; 1
130; 130R; <; 4; 15; 1; 0; 0; 1
130; 130R; <; 5; 20; 1; 6; 6; 1
130; 130R; <; 6; 25; 1; 12; 12; 1
137; 137H; >; 1; 7; 1; 3; 3; 1
137; 137H; >; 2; 12; 1; 9; 9; 1
137; 137H; >; 3; 13; 1; 15; 15; 1
137; 137H; >; 4; 8; 1; 21; 21; 1
137; 137H; >; 5; 3; 1; 27; 27; 1
137; 137H; >; 6; 4; 1; 33; 33; 1
137; 137R; <; 1; 4; 1; 33; 33; 1
137; 137R; <; 2; 3; 1; 39; 39; 1
137; 137R; <; 3; 8; 1; 45; 45; 1
137; 137R; <; 4; 13; 1; 51; 51; 1
137; 137R; <; 5; 12; 1; 57; 57; 1
137; 137R; <; 6; 7; 1; 3; 3; 1
145; 145H; >; 1; 19; 1; 54; 54; 1
145; 145H; >; 2; 18; 1; 0; 0; 1
145; 145H; >; 3; 17; 1; 6; 6; 1
145; 145H; >; 4; 12; 1; 12; 12; 1
145; 145H; >; 5; 13; 1; 18; 18; 1
145; 145H; >; 6; 8; 1; 24; 24; 1
145; 145R; <; 1; 8; 1; 24; 24; 1
145; 145R; <; 2; 13; 1; 30; 30; 1
145; 145R; <; 3; 12; 1; 36; 36; 1
145; 145R; <; 4; 17; 1; 42; 42; 1
145; 145R; <; 5; 18; 1; 48; 48; 1
145; 145R; <; 6; 19; 1; 54; 54; 1
164; 164H; >; 1; 16; 1; 39; 39; 1
164; 164H; >; 2; 17; 1; 45; 45; 1
164; 164H; >; 3; 18; 1; 51; 51; 1
164; 164H; >; 4; 19; 1; 57; 57; 1
164; 164H; >; 5; 20; 1; 3; 3; 1
164; 164R; <; 1; 20; 1; 9; 9; 1
164; 164R; <; 2; 19; 1; 15; 15; 1
164; 164R; <; 3; 18; 1; 21; 21; 1
164; 164R; <; 4; 17; 1; 27; 27; 1
164; 164R; <; 5; 16; 1; 33; 33; 1
