#timetable found by modulo network simplex algorithm
#Wed Dec 19 01:14:29 2018
1; 0
2; 5
3; 5
4; 10
5; 10
6; 15
7; 15
8; 20
9; 20
10; 25
11; 25
12; 30
13; 33
14; 40
15; 43
16; 45
17; 45
18; 47
19; 47
20; 49
21; 49
22; 51
23; 51
24; 53
25; 46
26; 48
27; 48
28; 50
29; 50
30; 52
31; 52
32; 54
33; 54
34; 56
35; 56
36; 1
37; 1
38; 6
39; 6
40; 11
41; 11
42; 16
43; 16
44; 21
45; 24
46; 31
47; 34
48; 41
49; 24
50; 26
51; 26
52; 28
53; 28
54; 30
55; 30
56; 32
57; 32
58; 34
59; 34
60; 36
61; 36
62; 38
63; 38
64; 40
65; 40
66; 42
67; 42
68; 44
69; 44
70; 46
71; 46
72; 48
73; 40
74; 42
75; 42
76; 44
77; 47
78; 49
79; 49
80; 51
81; 51
82; 53
83; 53
84; 55
85; 55
86; 57
87; 57
88; 59
89; 59
90; 1
91; 1
92; 3
93; 3
94; 5
95; 8
96; 11
97; 24
98; 26
99; 26
100; 28
101; 28
102; 30
103; 30
104; 32
105; 32
106; 34
107; 34
108; 36
109; 36
110; 38
111; 38
112; 40
113; 40
114; 42
115; 42
116; 44
117; 47
118; 49
119; 49
120; 51
121; 46
122; 48
123; 48
124; 50
125; 50
126; 52
127; 52
128; 54
129; 54
130; 56
131; 56
132; 58
133; 58
134; 0
135; 0
136; 2
137; 2
138; 4
139; 4
140; 6
141; 6
142; 8
143; 8
144; 10
145; 24
146; 26
147; 26
148; 28
149; 28
150; 30
151; 30
152; 32
153; 32
154; 34
155; 34
156; 36
157; 36
158; 38
159; 38
160; 40
161; 40
162; 42
163; 42
164; 44
165; 44
166; 46
167; 45
168; 47
169; 47
170; 49
171; 49
172; 51
173; 51
174; 53
175; 53
176; 55
177; 55
178; 57
179; 57
180; 59
181; 59
182; 1
183; 1
184; 3
185; 3
186; 5
187; 5
188; 7
189; 21
190; 23
191; 23
192; 25
193; 25
194; 27
195; 27
196; 29
197; 29
198; 31
199; 31
200; 33
201; 33
202; 35
203; 35
204; 37
205; 40
206; 42
207; 44
208; 46
209; 46
210; 48
211; 45
212; 47
213; 47
214; 49
215; 49
216; 51
217; 51
218; 53
219; 53
220; 55
221; 55
222; 57
223; 57
224; 59
225; 59
226; 1
227; 1
228; 3
229; 3
230; 5
231; 5
232; 7
233; 22
234; 25
235; 25
236; 28
237; 28
238; 31
239; 34
240; 38
241; 41
242; 44
243; 45
244; 48
245; 48
246; 51
247; 51
248; 54
249; 54
250; 56
251; 56
252; 58
253; 56
254; 58
255; 58
256; 0
257; 0
258; 3
259; 3
260; 6
261; 6
262; 9
263; 9
264; 12
265; 12
266; 15
267; 15
268; 18
269; 18
270; 21
271; 21
272; 24
273; 21
274; 23
275; 23
276; 25
277; 25
278; 27
279; 27
280; 29
281; 29
282; 31
283; 31
284; 33
285; 33
286; 35
287; 35
288; 37
289; 37
290; 39
291; 39
292; 41
293; 41
294; 43
295; 43
296; 45
297; 45
298; 47
299; 47
300; 49
301; 49
302; 51
303; 51
304; 53
305; 53
306; 55
307; 55
308; 57
309; 0
310; 3
311; 6
312; 9
313; 49
314; 51
315; 51
316; 53
317; 53
318; 55
319; 55
320; 57
321; 57
322; 59
323; 59
324; 1
325; 1
326; 3
327; 3
328; 5
329; 5
330; 7
331; 49
332; 51
333; 51
334; 53
335; 53
336; 55
337; 55
338; 57
339; 57
340; 59
341; 59
342; 1
343; 1
344; 3
345; 3
346; 5
347; 5
348; 7
349; 36
350; 38
351; 38
352; 40
353; 40
354; 42
355; 42
356; 44
357; 47
358; 49
359; 49
360; 51
361; 51
362; 53
363; 53
364; 55
365; 55
366; 57
367; 34
368; 36
369; 36
370; 38
371; 38
372; 40
373; 40
374; 42
375; 42
376; 44
377; 47
378; 49
379; 49
380; 51
381; 51
382; 53
383; 56
384; 59
385; 28
386; 30
387; 30
388; 32
389; 32
390; 34
391; 34
392; 36
393; 36
394; 38
395; 38
396; 40
397; 40
398; 42
399; 42
400; 44
401; 47
402; 49
403; 42
404; 44
405; 47
406; 49
407; 49
408; 51
409; 51
410; 53
411; 53
412; 55
413; 55
414; 57
415; 57
416; 59
417; 59
418; 1
419; 4
420; 7
421; 33
422; 36
423; 36
424; 39
425; 39
426; 42
427; 42
428; 45
429; 45
430; 48
431; 48
432; 51
433; 51
434; 54
435; 54
436; 56
437; 46
438; 48
439; 48
440; 51
441; 51
442; 54
443; 54
444; 57
445; 57
446; 0
447; 0
448; 3
449; 3
450; 6
451; 9
452; 13
453; 51
454; 54
455; 54
456; 57
457; 57
458; 0
459; 0
460; 3
461; 3
462; 6
463; 6
464; 9
465; 9
466; 12
467; 12
468; 15
469; 16
470; 19
471; 19
472; 22
473; 22
474; 25
475; 25
476; 28
477; 28
478; 31
479; 31
480; 34
481; 34
482; 37
483; 37
484; 40
485; 32
486; 35
487; 35
488; 38
489; 38
490; 41
491; 41
492; 44
493; 44
494; 47
495; 47
496; 50
497; 51
498; 54
499; 7
500; 10
501; 10
502; 13
503; 13
504; 16
505; 16
506; 19
507; 19
508; 22
509; 22
510; 25
511; 25
512; 28
513; 58
514; 0
515; 0
516; 3
517; 6
518; 9
519; 12
520; 15
521; 15
522; 17
523; 20
524; 24
525; 27
526; 30
527; 29
528; 31
529; 31
530; 35
531; 35
532; 37
533; 37
534; 40
535; 40
536; 43
537; 43
538; 46
539; 46
540; 48
541; 56
542; 58
543; 58
544; 0
545; 0
546; 2
547; 2
548; 4
549; 4
550; 6
551; 6
552; 8
553; 8
554; 10
555; 10
556; 12
557; 12
558; 14
559; 17
560; 19
561; 19
562; 21
563; 26
564; 28
565; 28
566; 30
567; 30
568; 32
569; 32
570; 34
571; 34
572; 36
573; 36
574; 38
575; 38
576; 40
577; 40
578; 42
579; 42
580; 44
581; 47
582; 49
583; 49
584; 51
585; 40
586; 42
587; 42
588; 44
589; 47
590; 49
591; 49
592; 51
593; 51
594; 53
595; 53
596; 55
597; 55
598; 57
599; 57
600; 59
601; 59
602; 1
603; 1
604; 3
605; 3
606; 5
607; 10
608; 12
609; 12
610; 14
611; 17
612; 19
613; 19
614; 21
615; 21
616; 23
617; 23
618; 25
619; 25
620; 27
621; 27
622; 29
623; 29
624; 31
625; 31
626; 33
627; 33
628; 35
629; 43
630; 44
631; 44
632; 45
633; 45
634; 46
635; 46
636; 47
637; 47
638; 48
639; 48
640; 49
641; 49
642; 50
643; 50
644; 51
645; 54
646; 55
647; 58
648; 1
649; 41
650; 43
651; 43
652; 44
653; 44
654; 45
655; 45
656; 46
657; 46
658; 47
659; 47
660; 48
661; 48
662; 49
663; 49
664; 50
665; 53
666; 54
667; 57
668; 58
669; 24
670; 26
671; 26
672; 28
673; 28
674; 30
675; 30
676; 32
677; 32
678; 34
679; 34
680; 36
681; 36
682; 38
683; 38
684; 40
685; 40
686; 42
687; 42
688; 44
689; 47
690; 49
691; 49
692; 51
693; 51
694; 53
695; 53
696; 55
697; 55
698; 57
699; 57
700; 59
701; 59
702; 1
703; 1
704; 3
705; 3
706; 5
707; 5
708; 7
709; 24
710; 26
711; 26
712; 28
713; 28
714; 30
715; 30
716; 32
717; 32
718; 34
719; 34
720; 36
721; 36
722; 38
723; 38
724; 40
725; 40
726; 42
727; 42
728; 44
729; 47
730; 49
731; 49
732; 51
733; 51
734; 53
735; 53
736; 55
737; 55
738; 57
739; 57
740; 59
741; 59
742; 1
743; 1
744; 3
745; 3
746; 5
747; 5
748; 7
749; 54
750; 56
751; 56
752; 58
753; 58
754; 0
755; 0
756; 2
757; 2
758; 4
759; 4
760; 6
761; 6
762; 8
763; 8
764; 10
765; 10
766; 12
767; 12
768; 14
769; 17
770; 19
771; 19
772; 21
773; 21
774; 23
775; 23
776; 25
777; 25
778; 27
779; 27
780; 29
781; 29
782; 31
783; 31
784; 33
785; 33
786; 35
787; 35
788; 37
789; 24
790; 26
791; 26
792; 28
793; 28
794; 30
795; 30
796; 32
797; 32
798; 34
799; 34
800; 36
801; 36
802; 38
803; 38
804; 40
805; 40
806; 42
807; 42
808; 44
809; 47
810; 49
811; 49
812; 51
813; 51
814; 53
815; 53
816; 55
817; 55
818; 57
819; 57
820; 59
821; 59
822; 1
823; 1
824; 3
825; 3
826; 5
827; 5
828; 7
829; 54
830; 56
831; 56
832; 58
833; 58
834; 0
835; 0
836; 2
837; 2
838; 4
839; 4
840; 6
841; 6
842; 8
843; 8
844; 10
845; 10
846; 12
847; 12
848; 14
849; 17
850; 19
851; 19
852; 21
853; 21
854; 23
855; 23
856; 25
857; 25
858; 27
859; 27
860; 29
861; 29
862; 31
863; 31
864; 33
865; 33
866; 35
867; 35
868; 37
869; 24
870; 26
871; 26
872; 28
873; 28
874; 30
875; 30
876; 32
877; 32
878; 34
879; 34
880; 36
881; 36
882; 38
883; 38
884; 40
885; 40
886; 42
887; 42
888; 44
889; 47
890; 49
891; 49
892; 51
893; 51
894; 53
895; 53
896; 55
897; 55
898; 57
899; 57
900; 59
901; 59
902; 1
903; 1
904; 3
905; 3
906; 5
907; 5
908; 7
909; 24
910; 26
911; 26
912; 28
913; 28
914; 30
915; 30
916; 32
917; 32
918; 34
919; 34
920; 36
921; 36
922; 38
923; 38
924; 40
925; 40
926; 42
927; 42
928; 44
929; 47
930; 49
931; 49
932; 51
933; 51
934; 53
935; 53
936; 55
937; 55
938; 57
939; 57
940; 59
941; 59
942; 1
943; 1
944; 3
945; 3
946; 5
947; 5
948; 7
949; 24
950; 26
951; 26
952; 28
953; 28
954; 30
955; 30
956; 32
957; 32
958; 34
959; 34
960; 36
961; 36
962; 38
963; 38
964; 40
965; 40
966; 42
967; 42
968; 44
969; 47
970; 49
971; 49
972; 51
973; 51
974; 53
975; 53
976; 55
977; 55
978; 57
979; 57
980; 59
981; 59
982; 1
983; 1
984; 3
985; 3
986; 5
987; 5
988; 7
989; 24
990; 26
991; 26
992; 28
993; 28
994; 30
995; 30
996; 32
997; 32
998; 34
999; 34
1000; 36
1001; 36
1002; 38
1003; 38
1004; 40
1005; 40
1006; 42
1007; 42
1008; 44
1009; 47
1010; 49
1011; 49
1012; 51
1013; 51
1014; 53
1015; 53
1016; 55
1017; 55
1018; 57
1019; 57
1020; 59
1021; 59
1022; 1
1023; 1
1024; 3
1025; 3
1026; 5
1027; 5
1028; 7
1029; 24
1030; 26
1031; 26
1032; 28
1033; 28
1034; 30
1035; 30
1036; 32
1037; 32
1038; 34
1039; 34
1040; 36
1041; 36
1042; 38
1043; 38
1044; 40
1045; 40
1046; 42
1047; 42
1048; 44
1049; 47
1050; 49
1051; 49
1052; 51
1053; 51
1054; 53
1055; 53
1056; 55
1057; 55
1058; 57
1059; 57
1060; 59
1061; 59
1062; 1
1063; 1
1064; 3
1065; 3
1066; 5
1067; 5
1068; 7
1069; 24
1070; 26
1071; 26
1072; 28
1073; 28
1074; 30
1075; 30
1076; 32
1077; 32
1078; 34
1079; 34
1080; 36
1081; 36
1082; 38
1083; 38
1084; 40
1085; 40
1086; 42
1087; 42
1088; 44
1089; 47
1090; 49
1091; 49
1092; 51
1093; 51
1094; 53
1095; 53
1096; 55
1097; 55
1098; 57
1099; 57
1100; 59
1101; 59
1102; 1
1103; 1
1104; 3
1105; 3
1106; 5
1107; 8
1108; 11
1109; 20
1110; 23
1111; 26
1112; 28
1113; 28
1114; 30
1115; 30
1116; 32
1117; 32
1118; 34
1119; 34
1120; 36
1121; 36
1122; 38
1123; 38
1124; 40
1125; 40
1126; 42
1127; 42
1128; 44
1129; 47
1130; 49
1131; 49
1132; 51
1133; 51
1134; 53
1135; 53
1136; 55
1137; 55
1138; 57
1139; 57
1140; 59
1141; 59
1142; 1
1143; 1
1144; 3
1145; 3
1146; 5
1147; 8
1148; 11
1149; 24
1150; 26
1151; 26
1152; 28
1153; 28
1154; 30
1155; 30
1156; 32
1157; 32
1158; 34
1159; 34
1160; 36
1161; 36
1162; 38
1163; 38
1164; 40
1165; 40
1166; 42
1167; 42
1168; 44
1169; 47
1170; 49
1171; 49
1172; 51
1173; 51
1174; 53
1175; 53
1176; 55
1177; 55
1178; 57
1179; 57
1180; 59
1181; 59
1182; 1
1183; 1
1184; 3
1185; 3
1186; 5
1187; 5
1188; 7
1189; 24
1190; 26
1191; 26
1192; 28
1193; 28
1194; 30
1195; 30
1196; 32
1197; 32
1198; 34
1199; 34
1200; 36
1201; 36
1202; 38
1203; 38
1204; 40
1205; 40
1206; 42
1207; 42
1208; 44
1209; 47
1210; 49
1211; 49
1212; 51
1213; 51
1214; 53
1215; 53
1216; 55
1217; 55
1218; 57
1219; 57
1220; 59
1221; 59
1222; 1
1223; 1
1224; 3
1225; 3
1226; 5
1227; 5
1228; 7
1229; 24
1230; 26
1231; 26
1232; 28
1233; 28
1234; 30
1235; 30
1236; 32
1237; 32
1238; 34
1239; 34
1240; 36
1241; 36
1242; 38
1243; 38
1244; 40
1245; 40
1246; 42
1247; 42
1248; 44
1249; 47
1250; 49
1251; 49
1252; 51
1253; 51
1254; 53
1255; 53
1256; 55
1257; 55
1258; 57
1259; 57
1260; 59
1261; 59
1262; 1
1263; 1
1264; 3
1265; 3
1266; 5
1267; 5
1268; 7
1269; 24
1270; 26
1271; 26
1272; 28
1273; 28
1274; 30
1275; 30
1276; 32
1277; 32
1278; 34
1279; 34
1280; 36
1281; 36
1282; 38
1283; 38
1284; 40
1285; 40
1286; 42
1287; 42
1288; 44
1289; 47
1290; 49
1291; 49
1292; 51
1293; 51
1294; 53
1295; 53
1296; 55
1297; 55
1298; 57
1299; 57
1300; 59
1301; 59
1302; 1
1303; 1
1304; 3
1305; 3
1306; 5
1307; 5
1308; 7
