#event-id; time
1; 0
2; 2
3; 2
4; 4
5; 4
6; 6
7; 6
8; 8
9; 8
10; 10
11; 10
12; 12
13; 12
14; 14
15; 14
16; 16
17; 16
18; 18
19; 18
20; 20
21; 20
22; 22
23; 22
24; 24
25; 24
26; 26
27; 30
28; 32
29; 32
30; 34
31; 34
32; 36
33; 36
34; 38
35; 38
36; 40
37; 40
38; 42
39; 42
40; 44
41; 44
42; 46
43; 46
44; 48
45; 48
46; 50
47; 50
48; 52
49; 52
50; 54
51; 54
52; 56
53; 51
54; 53
55; 53
56; 55
57; 55
58; 57
59; 57
60; 59
61; 59
62; 1
63; 1
64; 3
65; 3
66; 5
67; 5
68; 7
69; 7
70; 9
71; 9
72; 11
73; 11
74; 13
75; 13
76; 15
77; 15
78; 17
79; 21
80; 23
81; 23
82; 25
83; 25
84; 27
85; 27
86; 29
87; 29
88; 31
89; 31
90; 33
91; 33
92; 35
93; 35
94; 37
95; 37
96; 39
97; 39
98; 41
99; 41
100; 43
101; 43
102; 45
103; 45
104; 47
105; 9
106; 11
107; 11
108; 13
109; 13
110; 15
111; 15
112; 17
113; 17
114; 19
115; 19
116; 21
117; 21
118; 23
119; 23
120; 25
121; 25
122; 27
123; 27
124; 29
125; 29
126; 31
127; 31
128; 33
129; 33
130; 35
131; 39
132; 41
133; 41
134; 43
135; 43
136; 45
137; 45
138; 47
139; 47
140; 49
141; 49
142; 51
143; 51
144; 53
145; 53
146; 55
147; 55
148; 57
149; 57
150; 59
151; 59
152; 1
153; 1
154; 3
155; 3
156; 5
157; 56
158; 58
159; 58
160; 0
161; 0
162; 2
163; 2
164; 4
165; 4
166; 6
167; 6
168; 8
169; 8
170; 10
171; 10
172; 12
173; 12
174; 14
175; 14
176; 16
177; 16
178; 18
179; 18
180; 20
181; 20
182; 22
183; 26
184; 28
185; 28
186; 30
187; 30
188; 32
189; 32
190; 34
191; 34
192; 36
193; 36
194; 38
195; 38
196; 40
197; 40
198; 42
199; 42
200; 44
201; 44
202; 46
203; 46
204; 48
205; 48
206; 50
207; 50
208; 52
209; 30
210; 32
211; 32
212; 34
213; 34
214; 36
215; 36
216; 38
217; 38
218; 40
219; 40
220; 42
221; 42
222; 44
223; 44
224; 46
225; 46
226; 48
227; 48
228; 50
229; 50
230; 52
231; 52
232; 54
233; 54
234; 56
235; 0
236; 2
237; 2
238; 4
239; 4
240; 6
241; 6
242; 8
243; 8
244; 10
245; 10
246; 12
247; 12
248; 14
249; 14
250; 16
251; 16
252; 18
253; 18
254; 20
255; 20
256; 22
257; 22
258; 24
259; 24
260; 26
261; 53
262; 55
263; 55
264; 57
265; 57
266; 59
267; 59
268; 1
269; 1
270; 3
271; 3
272; 5
273; 5
274; 7
275; 7
276; 9
277; 9
278; 11
279; 11
280; 13
281; 13
282; 15
283; 15
284; 17
285; 17
286; 19
287; 23
288; 25
289; 25
290; 27
291; 27
292; 29
293; 29
294; 31
295; 31
296; 33
297; 33
298; 35
299; 35
300; 37
301; 37
302; 39
303; 39
304; 41
305; 41
306; 43
307; 43
308; 45
309; 45
310; 47
311; 47
312; 49
313; 26
314; 28
315; 28
316; 30
317; 30
318; 32
319; 32
320; 34
321; 34
322; 36
323; 36
324; 38
325; 38
326; 40
327; 40
328; 42
329; 42
330; 44
331; 44
332; 46
333; 46
334; 48
335; 48
336; 50
337; 50
338; 52
339; 56
340; 58
341; 58
342; 0
343; 0
344; 2
345; 2
346; 4
347; 4
348; 6
349; 6
350; 8
351; 8
352; 10
353; 10
354; 12
355; 12
356; 14
357; 14
358; 16
359; 16
360; 18
361; 18
362; 20
363; 20
364; 22
365; 44
366; 46
367; 46
368; 48
369; 48
370; 50
371; 50
372; 52
373; 52
374; 54
375; 54
376; 56
377; 56
378; 58
379; 58
380; 0
381; 0
382; 2
383; 2
384; 4
385; 4
386; 6
387; 6
388; 8
389; 14
390; 16
391; 16
392; 18
393; 18
394; 20
395; 20
396; 22
397; 22
398; 24
399; 24
400; 26
401; 26
402; 28
403; 28
404; 30
405; 30
406; 32
407; 32
408; 34
409; 34
410; 36
411; 36
412; 38
413; 28
414; 30
415; 30
416; 32
417; 32
418; 34
419; 34
420; 36
421; 36
422; 38
423; 38
424; 40
425; 40
426; 42
427; 42
428; 44
429; 44
430; 46
431; 46
432; 48
433; 48
434; 50
435; 50
436; 52
437; 58
438; 0
439; 0
440; 2
441; 2
442; 4
443; 4
444; 6
445; 6
446; 8
447; 8
448; 10
449; 10
450; 12
451; 12
452; 14
453; 14
454; 16
455; 16
456; 18
457; 18
458; 20
459; 20
460; 22
461; 3
462; 5
463; 5
464; 7
465; 7
466; 9
467; 9
468; 11
469; 11
470; 13
471; 13
472; 15
473; 15
474; 17
475; 17
476; 19
477; 19
478; 21
479; 21
480; 23
481; 23
482; 25
483; 25
484; 27
485; 33
486; 35
487; 35
488; 37
489; 37
490; 39
491; 39
492; 41
493; 41
494; 43
495; 43
496; 45
497; 45
498; 47
499; 47
500; 49
501; 49
502; 51
503; 51
504; 53
505; 53
506; 55
507; 55
508; 57
509; 0
510; 2
511; 2
512; 4
513; 4
514; 6
515; 6
516; 8
517; 8
518; 10
519; 10
520; 12
521; 12
522; 14
523; 14
524; 16
525; 16
526; 18
527; 18
528; 20
529; 20
530; 22
531; 30
532; 32
533; 32
534; 34
535; 34
536; 36
537; 36
538; 38
539; 38
540; 40
541; 40
542; 42
543; 42
544; 44
545; 44
546; 46
547; 46
548; 48
549; 48
550; 50
551; 50
552; 52
553; 21
554; 23
555; 23
556; 25
557; 25
558; 27
559; 27
560; 29
561; 29
562; 31
563; 31
564; 33
565; 33
566; 35
567; 35
568; 37
569; 37
570; 39
571; 39
572; 41
573; 41
574; 43
575; 51
576; 53
577; 53
578; 55
579; 55
580; 57
581; 57
582; 59
583; 59
584; 1
585; 1
586; 3
587; 3
588; 5
589; 5
590; 7
591; 7
592; 9
593; 9
594; 11
595; 11
596; 13
597; 1
598; 3
599; 3
600; 5
601; 5
602; 7
603; 7
604; 9
605; 9
606; 11
607; 11
608; 13
609; 13
610; 15
611; 15
612; 17
613; 17
614; 19
615; 19
616; 21
617; 31
618; 33
619; 33
620; 35
621; 35
622; 37
623; 37
624; 39
625; 39
626; 41
627; 41
628; 43
629; 43
630; 45
631; 45
632; 47
633; 47
634; 49
635; 49
636; 51
637; 22
638; 24
639; 24
640; 26
641; 26
642; 28
643; 28
644; 30
645; 30
646; 32
647; 32
648; 34
649; 34
650; 36
651; 36
652; 38
653; 38
654; 40
655; 52
656; 54
657; 54
658; 56
659; 56
660; 58
661; 58
662; 0
663; 0
664; 2
665; 2
666; 4
667; 4
668; 6
669; 6
670; 8
671; 8
672; 10
673; 51
674; 53
675; 53
676; 55
677; 55
678; 57
679; 57
680; 59
681; 59
682; 1
683; 1
684; 3
685; 3
686; 5
687; 5
688; 7
689; 7
690; 9
691; 21
692; 23
693; 23
694; 25
695; 25
696; 27
697; 27
698; 29
699; 29
700; 31
701; 31
702; 33
703; 33
704; 35
705; 35
706; 37
707; 37
708; 39
709; 54
710; 56
711; 56
712; 58
713; 58
714; 0
715; 0
716; 2
717; 2
718; 4
719; 4
720; 6
721; 6
722; 8
723; 8
724; 10
725; 10
726; 12
727; 12
728; 14
729; 14
730; 16
731; 16
732; 18
733; 18
734; 20
735; 20
736; 22
737; 22
738; 24
739; 24
740; 26
741; 26
742; 28
743; 28
744; 30
745; 30
746; 32
747; 32
748; 34
749; 54
750; 56
751; 56
752; 58
753; 58
754; 0
755; 0
756; 2
757; 2
758; 4
759; 4
760; 6
761; 6
762; 8
763; 8
764; 10
765; 10
766; 12
767; 12
768; 14
769; 14
770; 16
771; 16
772; 18
773; 18
774; 20
775; 20
776; 22
777; 22
778; 24
779; 24
780; 26
781; 26
782; 28
783; 28
784; 30
785; 30
786; 32
787; 32
788; 34
789; 9
790; 11
791; 11
792; 13
793; 13
794; 15
795; 15
796; 17
797; 17
798; 19
799; 19
800; 21
801; 21
802; 23
803; 23
804; 25
805; 25
806; 27
807; 27
808; 29
809; 29
810; 31
811; 31
812; 33
813; 33
814; 35
815; 35
816; 37
817; 37
818; 39
819; 39
820; 41
821; 41
822; 43
823; 43
824; 45
825; 45
826; 47
827; 47
828; 49
829; 9
830; 11
831; 11
832; 13
833; 13
834; 15
835; 15
836; 17
837; 17
838; 19
839; 19
840; 21
841; 21
842; 23
843; 23
844; 25
845; 25
846; 27
847; 27
848; 29
849; 29
850; 31
851; 31
852; 33
853; 33
854; 35
855; 35
856; 37
857; 37
858; 39
859; 39
860; 41
861; 41
862; 43
863; 43
864; 45
865; 45
866; 47
867; 47
868; 49
869; 3
870; 5
871; 5
872; 7
873; 7
874; 9
875; 9
876; 11
877; 11
878; 13
879; 13
880; 15
881; 15
882; 17
883; 17
884; 19
885; 19
886; 21
887; 21
888; 23
889; 23
890; 25
891; 25
892; 27
893; 27
894; 29
895; 29
896; 31
897; 31
898; 33
899; 33
900; 35
901; 35
902; 37
903; 37
904; 39
905; 39
906; 41
907; 41
908; 43
909; 3
910; 5
911; 5
912; 7
913; 7
914; 9
915; 9
916; 11
917; 11
918; 13
919; 13
920; 15
921; 15
922; 17
923; 17
924; 19
925; 19
926; 21
927; 21
928; 23
929; 23
930; 25
931; 25
932; 27
933; 27
934; 29
935; 29
936; 31
937; 31
938; 33
939; 33
940; 35
941; 35
942; 37
943; 37
944; 39
945; 39
946; 41
947; 41
948; 43
949; 30
950; 32
951; 32
952; 34
953; 34
954; 36
955; 36
956; 38
957; 38
958; 40
959; 40
960; 42
961; 42
962; 44
963; 44
964; 46
965; 46
966; 48
967; 48
968; 50
969; 50
970; 52
971; 52
972; 54
973; 54
974; 56
975; 56
976; 58
977; 58
978; 0
979; 0
980; 2
981; 2
982; 4
983; 4
984; 6
985; 6
986; 8
987; 8
988; 10
989; 0
990; 2
991; 2
992; 4
993; 4
994; 6
995; 6
996; 8
997; 8
998; 10
999; 10
1000; 12
1001; 12
1002; 14
1003; 14
1004; 16
1005; 16
1006; 18
1007; 18
1008; 20
1009; 20
1010; 22
1011; 22
1012; 24
1013; 24
1014; 26
1015; 26
1016; 28
1017; 28
1018; 30
1019; 30
1020; 32
1021; 32
1022; 34
1023; 34
1024; 36
1025; 36
1026; 38
1027; 38
1028; 40
1029; 30
1030; 32
1031; 32
1032; 34
1033; 34
1034; 36
1035; 36
1036; 38
1037; 38
1038; 40
1039; 40
1040; 42
1041; 42
1042; 44
1043; 44
1044; 46
1045; 46
1046; 48
1047; 48
1048; 50
1049; 50
1050; 52
1051; 52
1052; 54
1053; 54
1054; 56
1055; 56
1056; 58
1057; 58
1058; 0
1059; 0
1060; 2
1061; 2
1062; 4
1063; 4
1064; 6
1065; 6
1066; 8
1067; 8
1068; 10
1069; 0
1070; 2
1071; 2
1072; 4
1073; 4
1074; 6
1075; 6
1076; 8
1077; 8
1078; 10
1079; 10
1080; 12
1081; 12
1082; 14
1083; 14
1084; 16
1085; 16
1086; 18
1087; 18
1088; 20
1089; 20
1090; 22
1091; 22
1092; 24
1093; 24
1094; 26
1095; 26
1096; 28
1097; 28
1098; 30
1099; 30
1100; 32
1101; 32
1102; 34
1103; 34
1104; 36
1105; 36
1106; 38
1107; 38
1108; 40
1109; 57
1110; 59
1111; 59
1112; 1
1113; 1
1114; 3
1115; 3
1116; 5
1117; 5
1118; 7
1119; 7
1120; 9
1121; 9
1122; 11
1123; 11
1124; 13
1125; 13
1126; 15
1127; 15
1128; 17
1129; 17
1130; 19
1131; 19
1132; 21
1133; 21
1134; 23
1135; 23
1136; 25
1137; 25
1138; 27
1139; 27
1140; 29
1141; 29
1142; 31
1143; 31
1144; 33
1145; 33
1146; 35
1147; 35
1148; 37
1149; 57
1150; 59
1151; 59
1152; 1
1153; 1
1154; 3
1155; 3
1156; 5
1157; 5
1158; 7
1159; 7
1160; 9
1161; 9
1162; 11
1163; 11
1164; 13
1165; 13
1166; 15
1167; 15
1168; 17
1169; 17
1170; 19
1171; 19
1172; 21
1173; 21
1174; 23
1175; 23
1176; 25
1177; 25
1178; 27
1179; 27
1180; 29
1181; 29
1182; 31
1183; 31
1184; 33
1185; 33
1186; 35
1187; 35
1188; 37
1189; 57
1190; 59
1191; 59
1192; 1
1193; 1
1194; 3
1195; 3
1196; 5
1197; 5
1198; 7
1199; 7
1200; 9
1201; 9
1202; 11
1203; 11
1204; 13
1205; 13
1206; 15
1207; 15
1208; 17
1209; 17
1210; 19
1211; 19
1212; 21
1213; 21
1214; 23
1215; 23
1216; 25
1217; 25
1218; 27
1219; 27
1220; 29
1221; 29
1222; 31
1223; 31
1224; 33
1225; 33
1226; 35
1227; 35
1228; 37
1229; 57
1230; 59
1231; 59
1232; 1
1233; 1
1234; 3
1235; 3
1236; 5
1237; 5
1238; 7
1239; 7
1240; 9
1241; 9
1242; 11
1243; 11
1244; 13
1245; 13
1246; 15
1247; 15
1248; 17
1249; 17
1250; 19
1251; 19
1252; 21
1253; 21
1254; 23
1255; 23
1256; 25
1257; 25
1258; 27
1259; 27
1260; 29
1261; 29
1262; 31
1263; 31
1264; 33
1265; 33
1266; 35
1267; 35
1268; 37
1269; 54
1270; 56
1271; 56
1272; 58
1273; 58
1274; 0
1275; 0
1276; 2
1277; 2
1278; 4
1279; 4
1280; 6
1281; 6
1282; 8
1283; 8
1284; 10
1285; 10
1286; 12
1287; 12
1288; 14
1289; 14
1290; 16
1291; 16
1292; 18
1293; 18
1294; 20
1295; 20
1296; 22
1297; 22
1298; 24
1299; 24
1300; 26
1301; 26
1302; 28
1303; 28
1304; 30
1305; 30
1306; 32
1307; 32
1308; 34
1309; 54
1310; 56
1311; 56
1312; 58
1313; 58
1314; 0
1315; 0
1316; 2
1317; 2
1318; 4
1319; 4
1320; 6
1321; 6
1322; 8
1323; 8
1324; 10
1325; 10
1326; 12
1327; 12
1328; 14
1329; 14
1330; 16
1331; 16
1332; 18
1333; 18
1334; 20
1335; 20
1336; 22
1337; 22
1338; 24
1339; 24
1340; 26
1341; 26
1342; 28
1343; 28
1344; 30
1345; 30
1346; 32
1347; 32
1348; 34
1349; 6
1350; 8
1351; 8
1352; 10
1353; 10
1354; 12
1355; 12
1356; 14
1357; 14
1358; 16
1359; 16
1360; 18
1361; 18
1362; 20
1363; 20
1364; 22
1365; 22
1366; 24
1367; 24
1368; 26
1369; 26
1370; 28
1371; 28
1372; 30
1373; 30
1374; 32
1375; 32
1376; 34
1377; 34
1378; 36
1379; 36
1380; 38
1381; 38
1382; 40
1383; 40
1384; 42
1385; 42
1386; 44
1387; 44
1388; 46
1389; 6
1390; 8
1391; 8
1392; 10
1393; 10
1394; 12
1395; 12
1396; 14
1397; 14
1398; 16
1399; 16
1400; 18
1401; 18
1402; 20
1403; 20
1404; 22
1405; 22
1406; 24
1407; 24
1408; 26
1409; 26
1410; 28
1411; 28
1412; 30
1413; 30
1414; 32
1415; 32
1416; 34
1417; 34
1418; 36
1419; 36
1420; 38
1421; 38
1422; 40
1423; 40
1424; 42
1425; 42
1426; 44
1427; 44
1428; 46
