# line-id; line-code; direction; stop-order; stop-id; frequency; arrival_time; departure_time; line-repetition
6; 6H; >; 1; 14; 1; 0; 0; 1
6; 6H; >; 2; 28; 1; 4; 4; 1
6; 6H; >; 3; 27; 1; 21; 21; 1
6; 6H; >; 4; 283; 1; 32; 32; 1
6; 6H; >; 5; 6; 1; 33; 33; 1
6; 6H; >; 6; 339; 1; 39; 39; 1
6; 6H; >; 7; 31; 1; 42; 42; 1
6; 6R; <; 1; 31; 1; 0; 0; 1
6; 6R; <; 2; 339; 1; 3; 3; 1
6; 6R; <; 3; 6; 1; 9; 9; 1
6; 6R; <; 4; 283; 1; 10; 10; 1
6; 6R; <; 5; 27; 1; 21; 21; 1
6; 6R; <; 6; 28; 1; 38; 38; 1
6; 6R; <; 7; 14; 1; 42; 42; 1
57; 57H; >; 1; 40; 1; 47; 47; 1
57; 57H; >; 2; 68; 1; 56; 56; 1
57; 57H; >; 3; 9; 1; 2; 2; 1
57; 57H; >; 4; 32; 1; 13; 13; 1
57; 57H; >; 5; 29; 1; 23; 23; 1
57; 57R; <; 1; 29; 1; 47; 47; 1
57; 57R; <; 2; 32; 1; 57; 57; 1
57; 57R; <; 3; 9; 1; 8; 8; 1
57; 57R; <; 4; 68; 1; 14; 14; 1
57; 57R; <; 5; 40; 1; 23; 23; 1
61; 61H; >; 1; 14; 1; 0; 0; 1
61; 61H; >; 2; 28; 1; 4; 4; 1
61; 61H; >; 3; 33; 1; 18; 18; 1
61; 61H; >; 4; 4; 1; 24; 24; 1
61; 61H; >; 5; 8; 1; 38; 38; 1
61; 61R; <; 1; 8; 1; 0; 0; 1
61; 61R; <; 2; 4; 1; 14; 14; 1
61; 61R; <; 3; 33; 1; 20; 20; 1
61; 61R; <; 4; 28; 1; 34; 34; 1
61; 61R; <; 5; 14; 1; 38; 38; 1
77; 77H; >; 1; 13; 1; 0; 0; 1
77; 77H; >; 2; 22; 1; 22; 22; 1
77; 77H; >; 3; 7; 1; 39; 39; 1
77; 77H; >; 4; 15; 1; 54; 54; 1
77; 77R; <; 1; 15; 1; 0; 0; 1
77; 77R; <; 2; 7; 1; 15; 15; 1
77; 77R; <; 3; 22; 1; 32; 32; 1
77; 77R; <; 4; 13; 1; 54; 54; 1
94; 94H; >; 1; 8; 1; 0; 0; 1
94; 94H; >; 2; 69; 1; 10; 10; 1
94; 94H; >; 3; 22; 1; 20; 20; 1
94; 94H; >; 4; 346; 1; 35; 35; 1
94; 94R; <; 1; 346; 1; 0; 0; 1
94; 94R; <; 2; 22; 1; 15; 15; 1
94; 94R; <; 3; 69; 1; 25; 25; 1
94; 94R; <; 4; 8; 1; 35; 35; 1
96; 96H; >; 1; 6; 1; 0; 0; 1
96; 96H; >; 2; 283; 1; 1; 1; 1
96; 96H; >; 3; 27; 1; 12; 12; 1
96; 96H; >; 4; 33; 1; 18; 18; 1
96; 96R; <; 1; 33; 1; 30; 30; 1
96; 96R; <; 2; 27; 1; 36; 36; 1
96; 96R; <; 3; 283; 1; 47; 47; 1
96; 96R; <; 4; 6; 1; 48; 48; 1
97; 97H; >; 1; 5; 1; 19; 19; 1
97; 97H; >; 2; 339; 1; 24; 24; 1
97; 97H; >; 3; 31; 1; 27; 27; 1
97; 97H; >; 4; 13; 1; 35; 35; 1
97; 97R; <; 1; 13; 1; 49; 49; 1
97; 97R; <; 2; 31; 1; 57; 57; 1
97; 97R; <; 3; 339; 1; 0; 0; 1
97; 97R; <; 4; 5; 1; 5; 5; 1
102; 102H; >; 1; 50; 1; 0; 0; 1
102; 102H; >; 2; 346; 1; 9; 9; 1
102; 102H; >; 3; 22; 1; 24; 24; 1
102; 102R; <; 1; 22; 1; 30; 30; 1
102; 102R; <; 2; 346; 1; 45; 45; 1
102; 102R; <; 3; 50; 1; 54; 54; 1
105; 105H; >; 1; 13; 1; 0; 0; 1
105; 105H; >; 2; 22; 1; 22; 22; 1
105; 105H; >; 3; 53; 1; 31; 31; 1
105; 105R; <; 1; 53; 1; 0; 0; 1
105; 105R; <; 2; 22; 1; 9; 9; 1
105; 105R; <; 3; 13; 1; 31; 31; 1
108; 108H; >; 1; 12; 1; 0; 0; 1
108; 108H; >; 2; 300; 1; 8; 8; 1
108; 108H; >; 3; 53; 1; 16; 16; 1
108; 108R; <; 1; 53; 1; 30; 30; 1
108; 108R; <; 2; 300; 1; 38; 38; 1
108; 108R; <; 3; 12; 1; 46; 46; 1
110; 110H; >; 1; 3; 1; 0; 0; 1
110; 110H; >; 2; 4; 1; 8; 8; 1
110; 110H; >; 3; 10; 1; 17; 17; 1
110; 110R; <; 1; 10; 1; 30; 30; 1
110; 110R; <; 2; 4; 1; 39; 39; 1
110; 110R; <; 3; 3; 1; 47; 47; 1
128; 128H; >; 1; 40; 1; 5; 5; 1
128; 128H; >; 2; 28; 1; 29; 29; 1
128; 128H; >; 3; 30; 1; 31; 31; 1
128; 128H; >; 4; 24; 1; 33; 33; 1
128; 128H; >; 5; 10; 1; 35; 35; 1
128; 128H; >; 6; 23; 1; 39; 39; 1
128; 128H; >; 7; 26; 1; 42; 42; 1
128; 128H; >; 8; 19; 1; 46; 46; 1
128; 128H; >; 9; 8; 1; 50; 50; 1
128; 128H; >; 10; 7; 1; 53; 53; 1
128; 128H; >; 11; 12; 1; 0; 0; 1
128; 128R; <; 1; 12; 1; 5; 5; 1
128; 128R; <; 2; 7; 1; 12; 12; 1
128; 128R; <; 3; 8; 1; 15; 15; 1
128; 128R; <; 4; 19; 1; 19; 19; 1
128; 128R; <; 5; 26; 1; 23; 23; 1
128; 128R; <; 6; 23; 1; 26; 26; 1
128; 128R; <; 7; 10; 1; 30; 30; 1
128; 128R; <; 8; 24; 1; 32; 32; 1
128; 128R; <; 9; 30; 1; 34; 34; 1
128; 128R; <; 10; 28; 1; 36; 36; 1
128; 128R; <; 11; 40; 1; 0; 0; 1
139; 139H; >; 1; 68; 1; 0; 0; 1
139; 139H; >; 2; 9; 1; 6; 6; 1
139; 139H; >; 3; 19; 1; 13; 13; 1
139; 139H; >; 4; 26; 1; 17; 17; 1
139; 139H; >; 5; 23; 1; 20; 20; 1
139; 139H; >; 6; 10; 1; 24; 24; 1
139; 139H; >; 7; 24; 1; 26; 26; 1
139; 139H; >; 8; 30; 1; 28; 28; 1
139; 139H; >; 9; 28; 1; 30; 30; 1
139; 139H; >; 10; 33; 1; 44; 44; 1
139; 139R; <; 1; 33; 1; 0; 0; 1
139; 139R; <; 2; 28; 1; 14; 14; 1
139; 139R; <; 3; 30; 1; 16; 16; 1
139; 139R; <; 4; 24; 1; 18; 18; 1
139; 139R; <; 5; 10; 1; 20; 20; 1
139; 139R; <; 6; 23; 1; 24; 24; 1
139; 139R; <; 7; 26; 1; 27; 27; 1
139; 139R; <; 8; 19; 1; 31; 31; 1
139; 139R; <; 9; 9; 1; 38; 38; 1
139; 139R; <; 10; 68; 1; 44; 44; 1
150; 150H; >; 1; 33; 1; 6; 6; 1
150; 150H; >; 2; 10; 1; 18; 18; 1
150; 150H; >; 3; 23; 1; 22; 22; 1
150; 150H; >; 4; 26; 1; 25; 25; 1
150; 150H; >; 5; 19; 1; 29; 29; 1
150; 150H; >; 6; 8; 1; 33; 33; 1
150; 150H; >; 7; 32; 1; 42; 42; 1
150; 150H; >; 8; 4; 1; 49; 49; 1
150; 150H; >; 9; 27; 1; 58; 58; 1
150; 150R; <; 1; 27; 1; 6; 6; 1
150; 150R; <; 2; 4; 1; 15; 15; 1
150; 150R; <; 3; 32; 1; 22; 22; 1
150; 150R; <; 4; 8; 1; 31; 31; 1
150; 150R; <; 5; 19; 1; 35; 35; 1
150; 150R; <; 6; 26; 1; 39; 39; 1
150; 150R; <; 7; 23; 1; 42; 42; 1
150; 150R; <; 8; 10; 1; 46; 46; 1
150; 150R; <; 9; 33; 1; 58; 58; 1
164; 164H; >; 1; 375; 3; 30; 30; 1
164; 164H; >; 2; 11; 3; 41; 41; 1
164; 164H; >; 3; 40; 3; 44; 44; 1
164; 164H; >; 4; 68; 3; 53; 53; 1
164; 164H; >; 5; 9; 3; 59; 59; 1
164; 164H; >; 6; 34; 3; 1; 1; 1
164; 164H; >; 7; 19; 3; 6; 6; 1
164; 164H; >; 8; 26; 3; 10; 10; 1
164; 164H; >; 9; 23; 3; 13; 13; 1
164; 164H; >; 1; 375; 3; 50; 50; 2
164; 164H; >; 2; 11; 3; 1; 1; 2
164; 164H; >; 3; 40; 3; 4; 4; 2
164; 164H; >; 4; 68; 3; 13; 13; 2
164; 164H; >; 5; 9; 3; 19; 19; 2
164; 164H; >; 6; 34; 3; 21; 21; 2
164; 164H; >; 7; 19; 3; 26; 26; 2
164; 164H; >; 8; 26; 3; 30; 30; 2
164; 164H; >; 9; 23; 3; 33; 33; 2
164; 164H; >; 1; 375; 3; 10; 10; 3
164; 164H; >; 2; 11; 3; 21; 21; 3
164; 164H; >; 3; 40; 3; 24; 24; 3
164; 164H; >; 4; 68; 3; 33; 33; 3
164; 164H; >; 5; 9; 3; 39; 39; 3
164; 164H; >; 6; 34; 3; 41; 41; 3
164; 164H; >; 7; 19; 3; 46; 46; 3
164; 164H; >; 8; 26; 3; 50; 50; 3
164; 164H; >; 9; 23; 3; 53; 53; 3
164; 164R; <; 1; 23; 3; 30; 30; 1
164; 164R; <; 2; 26; 3; 33; 33; 1
164; 164R; <; 3; 19; 3; 37; 37; 1
164; 164R; <; 4; 34; 3; 42; 42; 1
164; 164R; <; 5; 9; 3; 44; 44; 1
164; 164R; <; 6; 68; 3; 50; 50; 1
164; 164R; <; 7; 40; 3; 59; 59; 1
164; 164R; <; 8; 11; 3; 2; 2; 1
164; 164R; <; 9; 375; 3; 13; 13; 1
164; 164R; <; 1; 23; 3; 50; 50; 2
164; 164R; <; 2; 26; 3; 53; 53; 2
164; 164R; <; 3; 19; 3; 57; 57; 2
164; 164R; <; 4; 34; 3; 2; 2; 2
164; 164R; <; 5; 9; 3; 4; 4; 2
164; 164R; <; 6; 68; 3; 10; 10; 2
164; 164R; <; 7; 40; 3; 19; 19; 2
164; 164R; <; 8; 11; 3; 22; 22; 2
164; 164R; <; 9; 375; 3; 33; 33; 2
164; 164R; <; 1; 23; 3; 10; 10; 3
164; 164R; <; 2; 26; 3; 13; 13; 3
164; 164R; <; 3; 19; 3; 17; 17; 3
164; 164R; <; 4; 34; 3; 22; 22; 3
164; 164R; <; 5; 9; 3; 24; 24; 3
164; 164R; <; 6; 68; 3; 30; 30; 3
164; 164R; <; 7; 40; 3; 39; 39; 3
164; 164R; <; 8; 11; 3; 42; 42; 3
164; 164R; <; 9; 375; 3; 53; 53; 3
184; 184H; >; 1; 20; 1; 50; 50; 1
184; 184H; >; 2; 13; 1; 11; 11; 1
184; 184H; >; 3; 18; 1; 17; 17; 1
184; 184H; >; 4; 16; 1; 19; 19; 1
184; 184H; >; 5; 15; 1; 20; 20; 1
184; 184H; >; 6; 29; 1; 28; 28; 1
184; 184H; >; 7; 7; 1; 35; 35; 1
184; 184H; >; 8; 8; 1; 38; 38; 1
184; 184R; <; 1; 8; 1; 50; 50; 1
184; 184R; <; 2; 7; 1; 53; 53; 1
184; 184R; <; 3; 29; 1; 0; 0; 1
184; 184R; <; 4; 15; 1; 8; 8; 1
184; 184R; <; 5; 16; 1; 9; 9; 1
184; 184R; <; 6; 18; 1; 11; 11; 1
184; 184R; <; 7; 13; 1; 17; 17; 1
184; 184R; <; 8; 20; 1; 38; 38; 1
223; 223H; >; 1; 305; 1; 0; 0; 1
223; 223H; >; 2; 283; 1; 13; 13; 1
223; 223H; >; 3; 17; 1; 21; 21; 1
223; 223H; >; 4; 3; 1; 25; 25; 1
223; 223H; >; 5; 2; 1; 35; 35; 1
223; 223H; >; 6; 1; 1; 40; 40; 1
223; 223H; >; 7; 32; 1; 50; 50; 1
223; 223R; <; 1; 32; 1; 0; 0; 1
223; 223R; <; 2; 1; 1; 10; 10; 1
223; 223R; <; 3; 2; 1; 15; 15; 1
223; 223R; <; 4; 3; 1; 25; 25; 1
223; 223R; <; 5; 17; 1; 29; 29; 1
223; 223R; <; 6; 283; 1; 37; 37; 1
223; 223R; <; 7; 305; 1; 50; 50; 1
264; 264H; >; 1; 20; 1; 30; 30; 1
264; 264H; >; 2; 50; 1; 39; 39; 1
264; 264H; >; 3; 53; 1; 42; 42; 1
264; 264H; >; 4; 69; 1; 48; 48; 1
264; 264H; >; 5; 68; 1; 57; 57; 1
264; 264H; >; 6; 40; 1; 6; 6; 1
264; 264H; >; 7; 11; 1; 9; 9; 1
264; 264R; <; 1; 11; 1; 30; 30; 1
264; 264R; <; 2; 40; 1; 33; 33; 1
264; 264R; <; 3; 68; 1; 42; 42; 1
264; 264R; <; 4; 69; 1; 51; 51; 1
264; 264R; <; 5; 53; 1; 57; 57; 1
264; 264R; <; 6; 50; 1; 0; 0; 1
264; 264R; <; 7; 20; 1; 9; 9; 1
316; 316H; >; 1; 40; 1; 47; 47; 1
316; 316H; >; 2; 28; 1; 11; 11; 1
316; 316H; >; 3; 14; 1; 15; 15; 1
316; 316H; >; 4; 308; 1; 22; 22; 1
316; 316H; >; 5; 375; 1; 44; 44; 1
316; 316H; >; 6; 11; 1; 55; 55; 1
316; 316R; <; 1; 11; 1; 17; 17; 1
316; 316R; <; 2; 375; 1; 28; 28; 1
316; 316R; <; 3; 308; 1; 50; 50; 1
316; 316R; <; 4; 14; 1; 57; 57; 1
316; 316R; <; 5; 28; 1; 1; 1; 1
316; 316R; <; 6; 40; 1; 25; 25; 1
335; 335H; >; 1; 19; 1; 0; 0; 1
335; 335H; >; 2; 9; 1; 7; 7; 1
335; 335H; >; 3; 2; 1; 13; 13; 1
335; 335H; >; 4; 8; 1; 17; 17; 1
335; 335H; >; 5; 7; 1; 20; 20; 1
335; 335H; >; 6; 12; 1; 27; 27; 1
335; 335R; <; 1; 12; 1; 30; 30; 1
335; 335R; <; 2; 7; 1; 37; 37; 1
335; 335R; <; 3; 8; 1; 40; 40; 1
335; 335R; <; 4; 2; 1; 44; 44; 1
335; 335R; <; 5; 9; 1; 50; 50; 1
335; 335R; <; 6; 19; 1; 57; 57; 1
404; 404H; >; 1; 24; 1; 30; 30; 1
404; 404H; >; 2; 10; 1; 32; 32; 1
404; 404H; >; 3; 27; 1; 48; 48; 1
404; 404H; >; 4; 4; 1; 57; 57; 1
404; 404H; >; 5; 8; 1; 11; 11; 1
404; 404H; >; 6; 2; 1; 15; 15; 1
404; 404R; <; 1; 2; 1; 30; 30; 1
404; 404R; <; 2; 8; 1; 34; 34; 1
404; 404R; <; 3; 4; 1; 48; 48; 1
404; 404R; <; 4; 27; 1; 57; 57; 1
404; 404R; <; 5; 10; 1; 13; 13; 1
404; 404R; <; 6; 24; 1; 15; 15; 1
432; 432H; >; 1; 305; 1; 0; 0; 1
432; 432H; >; 2; 283; 1; 13; 13; 1
432; 432H; >; 3; 6; 1; 14; 14; 1
432; 432H; >; 4; 16; 1; 25; 25; 1
432; 432H; >; 5; 18; 1; 27; 27; 1
432; 432R; <; 1; 18; 1; 30; 30; 1
432; 432R; <; 2; 16; 1; 32; 32; 1
432; 432R; <; 3; 6; 1; 43; 43; 1
432; 432R; <; 4; 283; 1; 44; 44; 1
432; 432R; <; 5; 305; 1; 57; 57; 1
440; 440H; >; 1; 70; 1; 0; 0; 1
440; 440H; >; 2; 50; 1; 16; 16; 1
440; 440H; >; 3; 53; 1; 19; 19; 1
440; 440H; >; 4; 7; 1; 32; 32; 1
440; 440H; >; 5; 9; 1; 38; 38; 1
440; 440R; <; 1; 9; 1; 0; 0; 1
440; 440R; <; 2; 7; 1; 6; 6; 1
440; 440R; <; 3; 53; 1; 19; 19; 1
440; 440R; <; 4; 50; 1; 22; 22; 1
440; 440R; <; 5; 70; 1; 38; 38; 1
482; 482H; >; 1; 29; 1; 2; 2; 1
482; 482H; >; 2; 3; 1; 13; 13; 1
482; 482H; >; 3; 15; 1; 19; 19; 1
482; 482H; >; 4; 7; 1; 34; 34; 1
482; 482H; >; 5; 9; 1; 40; 40; 1
482; 482R; <; 1; 9; 1; 2; 2; 1
482; 482R; <; 2; 7; 1; 8; 8; 1
482; 482R; <; 3; 15; 1; 23; 23; 1
482; 482R; <; 4; 3; 1; 29; 29; 1
482; 482R; <; 5; 29; 1; 40; 40; 1
515; 515H; >; 1; 375; 1; 14; 14; 1
515; 515H; >; 2; 11; 1; 25; 25; 1
515; 515H; >; 3; 68; 1; 35; 35; 1
515; 515H; >; 4; 69; 1; 44; 44; 1
515; 515H; >; 5; 70; 1; 3; 3; 1
515; 515R; <; 1; 70; 1; 14; 14; 1
515; 515R; <; 2; 69; 1; 33; 33; 1
515; 515R; <; 3; 68; 1; 42; 42; 1
515; 515R; <; 4; 11; 1; 52; 52; 1
515; 515R; <; 5; 375; 1; 3; 3; 1
521; 521H; >; 1; 40; 4; 26; 26; 1
521; 521H; >; 2; 11; 4; 29; 29; 1
521; 521H; >; 3; 68; 4; 39; 39; 1
521; 521H; >; 4; 9; 4; 45; 45; 1
521; 521H; >; 5; 34; 4; 47; 47; 1
521; 521H; >; 1; 40; 4; 41; 41; 2
521; 521H; >; 2; 11; 4; 44; 44; 2
521; 521H; >; 3; 68; 4; 54; 54; 2
521; 521H; >; 4; 9; 4; 0; 0; 2
521; 521H; >; 5; 34; 4; 2; 2; 2
521; 521H; >; 1; 40; 4; 56; 56; 3
521; 521H; >; 2; 11; 4; 59; 59; 3
521; 521H; >; 3; 68; 4; 9; 9; 3
521; 521H; >; 4; 9; 4; 15; 15; 3
521; 521H; >; 5; 34; 4; 17; 17; 3
521; 521H; >; 1; 40; 4; 11; 11; 4
521; 521H; >; 2; 11; 4; 14; 14; 4
521; 521H; >; 3; 68; 4; 24; 24; 4
521; 521H; >; 4; 9; 4; 30; 30; 4
521; 521H; >; 5; 34; 4; 32; 32; 4
521; 521R; <; 1; 34; 4; 56; 56; 1
521; 521R; <; 2; 9; 4; 58; 58; 1
521; 521R; <; 3; 68; 4; 4; 4; 1
521; 521R; <; 4; 11; 4; 14; 14; 1
521; 521R; <; 5; 40; 4; 17; 17; 1
521; 521R; <; 1; 34; 4; 11; 11; 2
521; 521R; <; 2; 9; 4; 13; 13; 2
521; 521R; <; 3; 68; 4; 19; 19; 2
521; 521R; <; 4; 11; 4; 29; 29; 2
521; 521R; <; 5; 40; 4; 32; 32; 2
521; 521R; <; 1; 34; 4; 26; 26; 3
521; 521R; <; 2; 9; 4; 28; 28; 3
521; 521R; <; 3; 68; 4; 34; 34; 3
521; 521R; <; 4; 11; 4; 44; 44; 3
521; 521R; <; 5; 40; 4; 47; 47; 3
521; 521R; <; 1; 34; 4; 41; 41; 4
521; 521R; <; 2; 9; 4; 43; 43; 4
521; 521R; <; 3; 68; 4; 49; 49; 4
521; 521R; <; 4; 11; 4; 59; 59; 4
521; 521R; <; 5; 40; 4; 2; 2; 4
549; 549H; >; 1; 305; 1; 0; 0; 1
549; 549H; >; 2; 283; 1; 13; 13; 1
549; 549H; >; 3; 27; 1; 24; 24; 1
549; 549H; >; 4; 17; 1; 36; 36; 1
549; 549R; <; 1; 17; 1; 0; 0; 1
549; 549R; <; 2; 27; 1; 12; 12; 1
549; 549R; <; 3; 283; 1; 23; 23; 1
549; 549R; <; 4; 305; 1; 36; 36; 1
557; 557H; >; 1; 300; 1; 37; 37; 1
557; 557H; >; 2; 34; 1; 43; 43; 1
557; 557H; >; 3; 69; 1; 52; 52; 1
557; 557H; >; 4; 70; 1; 11; 11; 1
557; 557R; <; 1; 70; 1; 37; 37; 1
557; 557R; <; 2; 69; 1; 56; 56; 1
557; 557R; <; 3; 34; 1; 5; 5; 1
557; 557R; <; 4; 300; 1; 11; 11; 1
562; 562H; >; 1; 34; 1; 0; 0; 1
562; 562H; >; 2; 69; 1; 9; 9; 1
562; 562H; >; 3; 7; 1; 16; 16; 1
562; 562H; >; 4; 12; 1; 23; 23; 1
562; 562R; <; 1; 12; 1; 30; 30; 1
562; 562R; <; 2; 7; 1; 37; 37; 1
562; 562R; <; 3; 69; 1; 44; 44; 1
562; 562R; <; 4; 34; 1; 53; 53; 1
564; 564H; >; 1; 34; 1; 0; 0; 1
564; 564H; >; 2; 69; 1; 9; 9; 1
564; 564H; >; 3; 1; 1; 15; 15; 1
564; 564H; >; 4; 32; 1; 25; 25; 1
564; 564R; <; 1; 32; 1; 30; 30; 1
564; 564R; <; 2; 1; 1; 40; 40; 1
564; 564R; <; 3; 69; 1; 46; 46; 1
564; 564R; <; 4; 34; 1; 55; 55; 1
565; 565H; >; 1; 34; 1; 0; 0; 1
565; 565H; >; 2; 69; 1; 9; 9; 1
565; 565H; >; 3; 1; 1; 15; 15; 1
565; 565H; >; 4; 2; 1; 20; 20; 1
565; 565R; <; 1; 2; 1; 30; 30; 1
565; 565R; <; 2; 1; 1; 35; 35; 1
565; 565R; <; 3; 69; 1; 41; 41; 1
565; 565R; <; 4; 34; 1; 50; 50; 1
566; 566H; >; 1; 32; 1; 8; 8; 1
566; 566H; >; 2; 29; 1; 18; 18; 1
566; 566H; >; 3; 4; 1; 33; 33; 1
566; 566H; >; 4; 1; 1; 48; 48; 1
566; 566R; <; 1; 1; 1; 8; 8; 1
566; 566R; <; 2; 4; 1; 23; 23; 1
566; 566R; <; 3; 29; 1; 38; 38; 1
566; 566R; <; 4; 32; 1; 48; 48; 1
571; 571H; >; 1; 23; 1; 0; 0; 1
571; 571H; >; 2; 32; 1; 6; 6; 1
571; 571H; >; 3; 4; 1; 13; 13; 1
571; 571H; >; 4; 9; 1; 29; 29; 1
571; 571R; <; 1; 9; 1; 30; 30; 1
571; 571R; <; 2; 4; 1; 46; 46; 1
571; 571R; <; 3; 32; 1; 53; 53; 1
571; 571R; <; 4; 23; 1; 59; 59; 1
590; 590H; >; 1; 32; 1; 5; 5; 1
590; 590H; >; 2; 3; 1; 16; 16; 1
590; 590H; >; 3; 16; 1; 22; 22; 1
590; 590H; >; 4; 18; 1; 24; 24; 1
590; 590R; <; 1; 18; 1; 35; 35; 1
590; 590R; <; 2; 16; 1; 37; 37; 1
590; 590R; <; 3; 3; 1; 43; 43; 1
590; 590R; <; 4; 32; 1; 54; 54; 1
599; 599H; >; 1; 69; 1; 0; 0; 1
599; 599H; >; 2; 53; 1; 6; 6; 1
599; 599H; >; 3; 7; 1; 19; 19; 1
599; 599H; >; 4; 9; 1; 25; 25; 1
599; 599R; <; 1; 9; 1; 30; 30; 1
599; 599R; <; 2; 7; 1; 36; 36; 1
599; 599R; <; 3; 53; 1; 49; 49; 1
599; 599R; <; 4; 69; 1; 55; 55; 1
639; 639H; >; 1; 70; 1; 20; 20; 1
639; 639H; >; 2; 50; 1; 36; 36; 1
639; 639H; >; 3; 20; 1; 45; 45; 1
639; 639R; <; 1; 20; 1; 50; 50; 1
639; 639R; <; 2; 50; 1; 59; 59; 1
639; 639R; <; 3; 70; 1; 15; 15; 1
644; 644H; >; 1; 375; 1; 0; 0; 1
644; 644H; >; 2; 26; 1; 24; 24; 1
644; 644H; >; 3; 23; 1; 27; 27; 1
644; 644R; <; 1; 23; 1; 30; 30; 1
644; 644R; <; 2; 26; 1; 33; 33; 1
644; 644R; <; 3; 375; 1; 57; 57; 1
649; 649H; >; 1; 300; 1; 0; 0; 1
649; 649H; >; 2; 7; 1; 4; 4; 1
649; 649H; >; 3; 12; 1; 11; 11; 1
649; 649R; <; 1; 12; 1; 30; 30; 1
649; 649R; <; 2; 7; 1; 37; 37; 1
649; 649R; <; 3; 300; 1; 41; 41; 1
669; 669H; >; 1; 5; 1; 37; 37; 1
669; 669H; >; 2; 6; 1; 39; 39; 1
669; 669H; >; 3; 283; 1; 40; 40; 1
669; 669H; >; 4; 17; 1; 48; 48; 1
669; 669H; >; 5; 3; 1; 52; 52; 1
669; 669H; >; 6; 2; 1; 2; 2; 1
669; 669H; >; 7; 8; 1; 6; 6; 1
669; 669R; <; 1; 8; 1; 7; 7; 1
669; 669R; <; 2; 2; 1; 11; 11; 1
669; 669R; <; 3; 3; 1; 21; 21; 1
669; 669R; <; 4; 17; 1; 25; 25; 1
669; 669R; <; 5; 283; 1; 33; 33; 1
669; 669R; <; 6; 6; 1; 34; 34; 1
669; 669R; <; 7; 5; 1; 36; 36; 1
670; 670H; >; 1; 8; 1; 37; 37; 1
670; 670H; >; 2; 7; 1; 40; 40; 1
670; 670H; >; 3; 29; 1; 47; 47; 1
670; 670H; >; 4; 15; 1; 55; 55; 1
670; 670H; >; 5; 16; 1; 56; 56; 1
670; 670H; >; 6; 18; 1; 58; 58; 1
670; 670H; >; 7; 13; 1; 4; 4; 1
670; 670H; >; 8; 31; 1; 12; 12; 1
670; 670H; >; 9; 339; 1; 15; 15; 1
670; 670H; >; 10; 5; 1; 20; 20; 1
670; 670R; <; 1; 5; 1; 37; 37; 1
670; 670R; <; 2; 339; 1; 42; 42; 1
670; 670R; <; 3; 31; 1; 45; 45; 1
670; 670R; <; 4; 13; 1; 53; 53; 1
670; 670R; <; 5; 18; 1; 59; 59; 1
670; 670R; <; 6; 16; 1; 1; 1; 1
670; 670R; <; 7; 15; 1; 2; 2; 1
670; 670R; <; 8; 29; 1; 10; 10; 1
670; 670R; <; 9; 7; 1; 17; 17; 1
670; 670R; <; 10; 8; 1; 20; 20; 1
673; 673H; >; 1; 20; 1; 7; 7; 1
673; 673H; >; 2; 50; 1; 16; 16; 1
673; 673H; >; 3; 53; 1; 19; 19; 1
673; 673H; >; 4; 69; 1; 25; 25; 1
673; 673H; >; 5; 8; 1; 35; 35; 1
673; 673R; <; 1; 8; 1; 37; 37; 1
673; 673R; <; 2; 69; 1; 47; 47; 1
673; 673R; <; 3; 53; 1; 53; 53; 1
673; 673R; <; 4; 50; 1; 56; 56; 1
673; 673R; <; 5; 20; 1; 5; 5; 1
676; 676H; >; 1; 308; 1; 0; 0; 1
676; 676H; >; 2; 14; 1; 7; 7; 1
676; 676H; >; 3; 28; 1; 11; 11; 1
676; 676H; >; 4; 30; 1; 13; 13; 1
676; 676H; >; 5; 24; 1; 15; 15; 1
676; 676H; >; 6; 10; 1; 17; 17; 1
676; 676H; >; 7; 23; 1; 21; 21; 1
676; 676H; >; 8; 26; 1; 24; 24; 1
676; 676H; >; 9; 19; 1; 28; 28; 1
676; 676H; >; 10; 8; 1; 32; 32; 1
676; 676R; <; 1; 8; 1; 0; 0; 1
676; 676R; <; 2; 19; 1; 4; 4; 1
676; 676R; <; 3; 26; 1; 8; 8; 1
676; 676R; <; 4; 23; 1; 11; 11; 1
676; 676R; <; 5; 10; 1; 15; 15; 1
676; 676R; <; 6; 24; 1; 17; 17; 1
676; 676R; <; 7; 30; 1; 19; 19; 1
676; 676R; <; 8; 28; 1; 21; 21; 1
676; 676R; <; 9; 14; 1; 25; 25; 1
676; 676R; <; 10; 308; 1; 32; 32; 1
