#event-id; time
1; 0
2; 4
3; 4
4; 21
5; 21
6; 32
7; 32
8; 33
9; 33
10; 39
11; 39
12; 42
13; 0
14; 3
15; 3
16; 9
17; 9
18; 10
19; 10
20; 21
21; 21
22; 38
23; 38
24; 42
25; 47
26; 56
27; 56
28; 2
29; 2
30; 13
31; 13
32; 23
33; 47
34; 57
35; 57
36; 8
37; 8
38; 14
39; 14
40; 23
41; 0
42; 4
43; 4
44; 18
45; 18
46; 24
47; 24
48; 38
49; 0
50; 14
51; 14
52; 20
53; 20
54; 34
55; 34
56; 38
57; 0
58; 22
59; 22
60; 39
61; 39
62; 54
63; 0
64; 15
65; 15
66; 32
67; 32
68; 54
69; 0
70; 10
71; 10
72; 20
73; 20
74; 35
75; 0
76; 15
77; 15
78; 25
79; 25
80; 35
81; 0
82; 1
83; 1
84; 12
85; 12
86; 18
87; 30
88; 36
89; 36
90; 47
91; 47
92; 48
93; 19
94; 24
95; 24
96; 27
97; 27
98; 35
99; 49
100; 57
101; 57
102; 0
103; 0
104; 5
105; 0
106; 9
107; 9
108; 24
109; 30
110; 45
111; 45
112; 54
113; 0
114; 22
115; 22
116; 31
117; 0
118; 9
119; 9
120; 31
121; 0
122; 8
123; 8
124; 16
125; 30
126; 38
127; 38
128; 46
129; 0
130; 8
131; 8
132; 17
133; 30
134; 39
135; 39
136; 47
137; 5
138; 29
139; 29
140; 31
141; 31
142; 33
143; 33
144; 35
145; 35
146; 39
147; 39
148; 42
149; 42
150; 46
151; 46
152; 50
153; 50
154; 53
155; 53
156; 0
157; 5
158; 12
159; 12
160; 15
161; 15
162; 19
163; 19
164; 23
165; 23
166; 26
167; 26
168; 30
169; 30
170; 32
171; 32
172; 34
173; 34
174; 36
175; 36
176; 0
177; 0
178; 6
179; 6
180; 13
181; 13
182; 17
183; 17
184; 20
185; 20
186; 24
187; 24
188; 26
189; 26
190; 28
191; 28
192; 30
193; 30
194; 44
195; 0
196; 14
197; 14
198; 16
199; 16
200; 18
201; 18
202; 20
203; 20
204; 24
205; 24
206; 27
207; 27
208; 31
209; 31
210; 38
211; 38
212; 44
213; 6
214; 18
215; 18
216; 22
217; 22
218; 25
219; 25
220; 29
221; 29
222; 33
223; 33
224; 42
225; 42
226; 49
227; 49
228; 58
229; 6
230; 15
231; 15
232; 22
233; 22
234; 31
235; 31
236; 35
237; 35
238; 39
239; 39
240; 42
241; 42
242; 46
243; 46
244; 58
245; 30
246; 41
247; 41
248; 44
249; 44
250; 53
251; 53
252; 59
253; 59
254; 1
255; 1
256; 6
257; 6
258; 10
259; 10
260; 13
261; 50
262; 1
263; 1
264; 4
265; 4
266; 13
267; 13
268; 19
269; 19
270; 21
271; 21
272; 26
273; 26
274; 30
275; 30
276; 33
277; 10
278; 21
279; 21
280; 24
281; 24
282; 33
283; 33
284; 39
285; 39
286; 41
287; 41
288; 46
289; 46
290; 50
291; 50
292; 53
293; 30
294; 33
295; 33
296; 37
297; 37
298; 42
299; 42
300; 44
301; 44
302; 50
303; 50
304; 59
305; 59
306; 2
307; 2
308; 13
309; 50
310; 53
311; 53
312; 57
313; 57
314; 2
315; 2
316; 4
317; 4
318; 10
319; 10
320; 19
321; 19
322; 22
323; 22
324; 33
325; 10
326; 13
327; 13
328; 17
329; 17
330; 22
331; 22
332; 24
333; 24
334; 30
335; 30
336; 39
337; 39
338; 42
339; 42
340; 53
341; 50
342; 11
343; 11
344; 17
345; 17
346; 19
347; 19
348; 20
349; 20
350; 28
351; 28
352; 35
353; 35
354; 38
355; 50
356; 53
357; 53
358; 0
359; 0
360; 8
361; 8
362; 9
363; 9
364; 11
365; 11
366; 17
367; 17
368; 38
369; 0
370; 13
371; 13
372; 21
373; 21
374; 25
375; 25
376; 35
377; 35
378; 40
379; 40
380; 50
381; 0
382; 10
383; 10
384; 15
385; 15
386; 25
387; 25
388; 29
389; 29
390; 37
391; 37
392; 50
393; 30
394; 39
395; 39
396; 42
397; 42
398; 48
399; 48
400; 57
401; 57
402; 6
403; 6
404; 9
405; 30
406; 33
407; 33
408; 42
409; 42
410; 51
411; 51
412; 57
413; 57
414; 0
415; 0
416; 9
417; 47
418; 11
419; 11
420; 15
421; 15
422; 22
423; 22
424; 44
425; 44
426; 55
427; 17
428; 28
429; 28
430; 50
431; 50
432; 57
433; 57
434; 1
435; 1
436; 25
437; 0
438; 7
439; 7
440; 13
441; 13
442; 17
443; 17
444; 20
445; 20
446; 27
447; 30
448; 37
449; 37
450; 40
451; 40
452; 44
453; 44
454; 50
455; 50
456; 57
457; 30
458; 32
459; 32
460; 48
461; 48
462; 57
463; 57
464; 11
465; 11
466; 15
467; 30
468; 34
469; 34
470; 48
471; 48
472; 57
473; 57
474; 13
475; 13
476; 15
477; 0
478; 13
479; 13
480; 14
481; 14
482; 25
483; 25
484; 27
485; 30
486; 32
487; 32
488; 43
489; 43
490; 44
491; 44
492; 57
493; 0
494; 16
495; 16
496; 19
497; 19
498; 32
499; 32
500; 38
501; 0
502; 6
503; 6
504; 19
505; 19
506; 22
507; 22
508; 38
509; 2
510; 13
511; 13
512; 19
513; 19
514; 34
515; 34
516; 40
517; 2
518; 8
519; 8
520; 23
521; 23
522; 29
523; 29
524; 40
525; 14
526; 25
527; 25
528; 35
529; 35
530; 44
531; 44
532; 3
533; 14
534; 33
535; 33
536; 42
537; 42
538; 52
539; 52
540; 3
541; 26
542; 29
543; 29
544; 39
545; 39
546; 45
547; 45
548; 47
549; 41
550; 44
551; 44
552; 54
553; 54
554; 0
555; 0
556; 2
557; 56
558; 59
559; 59
560; 9
561; 9
562; 15
563; 15
564; 17
565; 11
566; 14
567; 14
568; 24
569; 24
570; 30
571; 30
572; 32
573; 56
574; 58
575; 58
576; 4
577; 4
578; 14
579; 14
580; 17
581; 11
582; 13
583; 13
584; 19
585; 19
586; 29
587; 29
588; 32
589; 26
590; 28
591; 28
592; 34
593; 34
594; 44
595; 44
596; 47
597; 41
598; 43
599; 43
600; 49
601; 49
602; 59
603; 59
604; 2
605; 0
606; 13
607; 13
608; 24
609; 24
610; 36
611; 0
612; 12
613; 12
614; 23
615; 23
616; 36
617; 37
618; 43
619; 43
620; 52
621; 52
622; 11
623; 37
624; 56
625; 56
626; 5
627; 5
628; 11
629; 0
630; 9
631; 9
632; 16
633; 16
634; 23
635; 30
636; 37
637; 37
638; 44
639; 44
640; 53
641; 0
642; 9
643; 9
644; 15
645; 15
646; 25
647; 30
648; 40
649; 40
650; 46
651; 46
652; 55
653; 0
654; 9
655; 9
656; 15
657; 15
658; 20
659; 30
660; 35
661; 35
662; 41
663; 41
664; 50
665; 8
666; 18
667; 18
668; 33
669; 33
670; 48
671; 8
672; 23
673; 23
674; 38
675; 38
676; 48
677; 0
678; 6
679; 6
680; 13
681; 13
682; 29
683; 30
684; 46
685; 46
686; 53
687; 53
688; 59
689; 5
690; 16
691; 16
692; 22
693; 22
694; 24
695; 35
696; 37
697; 37
698; 43
699; 43
700; 54
701; 0
702; 6
703; 6
704; 19
705; 19
706; 25
707; 30
708; 36
709; 36
710; 49
711; 49
712; 55
713; 20
714; 36
715; 36
716; 45
717; 50
718; 59
719; 59
720; 15
721; 0
722; 24
723; 24
724; 27
725; 30
726; 33
727; 33
728; 57
729; 0
730; 4
731; 4
732; 11
733; 30
734; 37
735; 37
736; 41
737; 37
738; 39
739; 39
740; 40
741; 40
742; 48
743; 48
744; 52
745; 52
746; 2
747; 2
748; 6
749; 7
750; 11
751; 11
752; 21
753; 21
754; 25
755; 25
756; 33
757; 33
758; 34
759; 34
760; 36
761; 37
762; 40
763; 40
764; 47
765; 47
766; 55
767; 55
768; 56
769; 56
770; 58
771; 58
772; 4
773; 4
774; 12
775; 12
776; 15
777; 15
778; 20
779; 37
780; 42
781; 42
782; 45
783; 45
784; 53
785; 53
786; 59
787; 59
788; 1
789; 1
790; 2
791; 2
792; 10
793; 10
794; 17
795; 17
796; 20
797; 7
798; 16
799; 16
800; 19
801; 19
802; 25
803; 25
804; 35
805; 37
806; 47
807; 47
808; 53
809; 53
810; 56
811; 56
812; 5
813; 0
814; 7
815; 7
816; 11
817; 11
818; 13
819; 13
820; 15
821; 15
822; 17
823; 17
824; 21
825; 21
826; 24
827; 24
828; 28
829; 28
830; 32
831; 0
832; 4
833; 4
834; 8
835; 8
836; 11
837; 11
838; 15
839; 15
840; 17
841; 17
842; 19
843; 19
844; 21
845; 21
846; 25
847; 25
848; 32
849; 31
850; 34
851; 34
852; 47
853; 47
854; 52
855; 52
856; 54
857; 54
858; 4
859; 41
860; 44
861; 44
862; 57
863; 57
864; 2
865; 2
866; 4
867; 4
868; 14
869; 51
870; 54
871; 54
872; 7
873; 7
874; 12
875; 12
876; 14
877; 14
878; 24
879; 1
880; 4
881; 4
882; 17
883; 17
884; 22
885; 22
886; 24
887; 24
888; 34
889; 11
890; 14
891; 14
892; 27
893; 27
894; 32
895; 32
896; 34
897; 34
898; 44
899; 21
900; 24
901; 24
902; 37
903; 37
904; 42
905; 42
906; 44
907; 44
908; 54
909; 31
910; 41
911; 41
912; 43
913; 43
914; 48
915; 48
916; 1
917; 1
918; 4
919; 41
920; 51
921; 51
922; 53
923; 53
924; 58
925; 58
926; 11
927; 11
928; 14
929; 51
930; 1
931; 1
932; 3
933; 3
934; 8
935; 8
936; 21
937; 21
938; 24
939; 1
940; 11
941; 11
942; 13
943; 13
944; 18
945; 18
946; 31
947; 31
948; 34
949; 11
950; 21
951; 21
952; 23
953; 23
954; 28
955; 28
956; 41
957; 41
958; 44
959; 21
960; 31
961; 31
962; 33
963; 33
964; 38
965; 38
966; 51
967; 51
968; 54
969; 34
970; 37
971; 37
972; 41
973; 41
974; 44
975; 44
976; 46
977; 46
978; 48
979; 48
980; 50
981; 50
982; 53
983; 53
984; 55
985; 55
986; 57
987; 57
988; 0
989; 0
990; 2
991; 2
992; 3
993; 44
994; 47
995; 47
996; 51
997; 51
998; 54
999; 54
1000; 56
1001; 56
1002; 58
1003; 58
1004; 0
1005; 0
1006; 3
1007; 3
1008; 5
1009; 5
1010; 7
1011; 7
1012; 10
1013; 10
1014; 12
1015; 12
1016; 13
1017; 54
1018; 57
1019; 57
1020; 1
1021; 1
1022; 4
1023; 4
1024; 6
1025; 6
1026; 8
1027; 8
1028; 10
1029; 10
1030; 13
1031; 13
1032; 15
1033; 15
1034; 17
1035; 17
1036; 20
1037; 20
1038; 22
1039; 22
1040; 23
1041; 4
1042; 7
1043; 7
1044; 11
1045; 11
1046; 14
1047; 14
1048; 16
1049; 16
1050; 18
1051; 18
1052; 20
1053; 20
1054; 23
1055; 23
1056; 25
1057; 25
1058; 27
1059; 27
1060; 30
1061; 30
1062; 32
1063; 32
1064; 33
1065; 14
1066; 17
1067; 17
1068; 21
1069; 21
1070; 24
1071; 24
1072; 26
1073; 26
1074; 28
1075; 28
1076; 30
1077; 30
1078; 33
1079; 33
1080; 35
1081; 35
1082; 37
1083; 37
1084; 40
1085; 40
1086; 42
1087; 42
1088; 43
1089; 24
1090; 27
1091; 27
1092; 31
1093; 31
1094; 34
1095; 34
1096; 36
1097; 36
1098; 38
1099; 38
1100; 40
1101; 40
1102; 43
1103; 43
1104; 45
1105; 45
1106; 47
1107; 47
1108; 50
1109; 50
1110; 52
1111; 52
1112; 53
1113; 4
1114; 5
1115; 5
1116; 7
1117; 7
1118; 10
1119; 10
1120; 12
1121; 12
1122; 14
1123; 14
1124; 17
1125; 17
1126; 19
1127; 19
1128; 21
1129; 21
1130; 23
1131; 23
1132; 26
1133; 26
1134; 30
1135; 30
1136; 33
1137; 14
1138; 15
1139; 15
1140; 17
1141; 17
1142; 20
1143; 20
1144; 22
1145; 22
1146; 24
1147; 24
1148; 27
1149; 27
1150; 29
1151; 29
1152; 31
1153; 31
1154; 33
1155; 33
1156; 36
1157; 36
1158; 40
1159; 40
1160; 43
1161; 24
1162; 25
1163; 25
1164; 27
1165; 27
1166; 30
1167; 30
1168; 32
1169; 32
1170; 34
1171; 34
1172; 37
1173; 37
1174; 39
1175; 39
1176; 41
1177; 41
1178; 43
1179; 43
1180; 46
1181; 46
1182; 50
1183; 50
1184; 53
1185; 34
1186; 35
1187; 35
1188; 37
1189; 37
1190; 40
1191; 40
1192; 42
1193; 42
1194; 44
1195; 44
1196; 47
1197; 47
1198; 49
1199; 49
1200; 51
1201; 51
1202; 53
1203; 53
1204; 56
1205; 56
1206; 0
1207; 0
1208; 3
1209; 44
1210; 45
1211; 45
1212; 47
1213; 47
1214; 50
1215; 50
1216; 52
1217; 52
1218; 54
1219; 54
1220; 57
1221; 57
1222; 59
1223; 59
1224; 1
1225; 1
1226; 3
1227; 3
1228; 6
1229; 6
1230; 10
1231; 10
1232; 13
1233; 54
1234; 55
1235; 55
1236; 57
1237; 57
1238; 0
1239; 0
1240; 2
1241; 2
1242; 4
1243; 4
1244; 7
1245; 7
1246; 9
1247; 9
1248; 11
1249; 11
1250; 13
1251; 13
1252; 16
1253; 16
1254; 20
1255; 20
1256; 23
1257; 1
1258; 4
1259; 4
1260; 11
1261; 11
1262; 21
1263; 21
1264; 24
1265; 11
1266; 14
1267; 14
1268; 21
1269; 21
1270; 31
1271; 31
1272; 34
1273; 21
1274; 24
1275; 24
1276; 31
1277; 31
1278; 41
1279; 41
1280; 44
1281; 31
1282; 34
1283; 34
1284; 41
1285; 41
1286; 51
1287; 51
1288; 54
1289; 41
1290; 44
1291; 44
1292; 51
1293; 51
1294; 1
1295; 1
1296; 4
1297; 51
1298; 54
1299; 54
1300; 1
1301; 1
1302; 11
1303; 11
1304; 14
1305; 31
1306; 34
1307; 34
1308; 44
1309; 44
1310; 51
1311; 51
1312; 54
1313; 41
1314; 44
1315; 44
1316; 54
1317; 54
1318; 1
1319; 1
1320; 4
1321; 51
1322; 54
1323; 54
1324; 4
1325; 4
1326; 11
1327; 11
1328; 14
1329; 1
1330; 4
1331; 4
1332; 14
1333; 14
1334; 21
1335; 21
1336; 24
1337; 11
1338; 14
1339; 14
1340; 24
1341; 24
1342; 31
1343; 31
1344; 34
1345; 21
1346; 24
1347; 24
1348; 34
1349; 34
1350; 41
1351; 41
1352; 44
