#event-id; time
1; 0
2; 4
3; 4
4; 10
5; 10
6; 14
7; 14
8; 31
9; 31
10; 37
11; 37
12; 42
13; 0
14; 5
15; 5
16; 11
17; 11
18; 28
19; 28
20; 32
21; 32
22; 38
23; 38
24; 42
25; 36
26; 40
27; 40
28; 47
29; 47
30; 52
31; 52
32; 57
33; 57
34; 4
35; 4
36; 8
37; 6
38; 10
39; 10
40; 17
41; 17
42; 22
43; 22
44; 27
45; 27
46; 34
47; 34
48; 38
49; 36
50; 40
51; 40
52; 47
53; 47
54; 52
55; 52
56; 57
57; 57
58; 4
59; 4
60; 8
61; 6
62; 10
63; 10
64; 17
65; 17
66; 22
67; 22
68; 27
69; 27
70; 34
71; 34
72; 38
73; 26
74; 30
75; 30
76; 38
77; 38
78; 42
79; 42
80; 47
81; 47
82; 52
83; 56
84; 0
85; 0
86; 8
87; 8
88; 12
89; 12
90; 17
91; 17
92; 22
93; 56
94; 1
95; 1
96; 6
97; 6
98; 10
99; 10
100; 18
101; 18
102; 22
103; 26
104; 31
105; 31
106; 36
107; 36
108; 40
109; 40
110; 48
111; 48
112; 52
113; 41
114; 45
115; 45
116; 51
117; 51
118; 56
119; 56
120; 1
121; 1
122; 17
123; 41
124; 57
125; 57
126; 2
127; 2
128; 7
129; 7
130; 13
131; 13
132; 17
133; 48
134; 52
135; 52
136; 57
137; 57
138; 2
139; 2
140; 7
141; 18
142; 23
143; 23
144; 28
145; 28
146; 33
147; 33
148; 37
149; 9
150; 15
151; 15
152; 19
153; 19
154; 23
155; 23
156; 27
157; 39
158; 43
159; 43
160; 47
161; 47
162; 51
163; 51
164; 57
165; 0
166; 6
167; 6
168; 10
169; 10
170; 16
171; 16
172; 20
173; 30
174; 34
175; 34
176; 40
177; 40
178; 44
179; 44
180; 50
181; 17
182; 21
183; 21
184; 29
185; 29
186; 36
187; 36
188; 41
189; 41
190; 45
191; 45
192; 1
193; 1
194; 5
195; 5
196; 9
197; 9
198; 13
199; 13
200; 19
201; 19
202; 23
203; 47
204; 51
205; 51
206; 57
207; 57
208; 1
209; 1
210; 5
211; 5
212; 9
213; 9
214; 25
215; 25
216; 29
217; 29
218; 34
219; 34
220; 41
221; 41
222; 49
223; 49
224; 53
225; 31
226; 35
227; 35
228; 41
229; 41
230; 45
231; 45
232; 49
233; 49
234; 53
235; 53
236; 1
237; 1
238; 9
239; 9
240; 14
241; 14
242; 18
243; 18
244; 23
245; 1
246; 5
247; 5
248; 11
249; 11
250; 15
251; 15
252; 19
253; 19
254; 23
255; 23
256; 31
257; 31
258; 39
259; 39
260; 44
261; 44
262; 48
263; 48
264; 53
265; 31
266; 36
267; 36
268; 40
269; 40
270; 45
271; 45
272; 53
273; 53
274; 1
275; 1
276; 5
277; 5
278; 9
279; 9
280; 13
281; 13
282; 19
283; 19
284; 23
285; 1
286; 6
287; 6
288; 10
289; 10
290; 15
291; 15
292; 23
293; 23
294; 31
295; 31
296; 35
297; 35
298; 39
299; 39
300; 43
301; 43
302; 49
303; 49
304; 53
305; 51
306; 55
307; 55
308; 3
309; 3
310; 10
311; 10
312; 15
313; 15
314; 19
315; 19
316; 23
317; 23
318; 31
319; 31
320; 37
321; 51
322; 57
323; 57
324; 5
325; 5
326; 9
327; 9
328; 13
329; 13
330; 18
331; 18
332; 25
333; 25
334; 33
335; 33
336; 37
337; 14
338; 19
339; 19
340; 35
341; 35
342; 42
343; 42
344; 47
345; 47
346; 52
347; 52
348; 56
349; 56
350; 0
351; 0
352; 7
353; 14
354; 21
355; 21
356; 25
357; 25
358; 29
359; 29
360; 34
361; 34
362; 39
363; 39
364; 46
365; 46
366; 2
367; 2
368; 7
369; 31
370; 37
371; 37
372; 42
373; 42
374; 46
375; 46
376; 54
377; 54
378; 59
379; 59
380; 4
381; 31
382; 36
383; 36
384; 41
385; 41
386; 49
387; 49
388; 53
389; 53
390; 58
391; 58
392; 4
393; 39
394; 43
395; 43
396; 49
397; 49
398; 55
399; 55
400; 59
401; 59
402; 5
403; 5
404; 9
405; 9
406; 13
407; 13
408; 19
409; 19
410; 23
411; 23
412; 29
413; 29
414; 35
415; 35
416; 39
417; 13
418; 18
419; 18
420; 23
421; 23
422; 29
423; 29
424; 35
425; 33
426; 38
427; 38
428; 43
429; 43
430; 49
431; 49
432; 55
433; 53
434; 58
435; 58
436; 3
437; 3
438; 9
439; 9
440; 15
441; 43
442; 49
443; 49
444; 55
445; 55
446; 0
447; 0
448; 5
449; 3
450; 9
451; 9
452; 15
453; 15
454; 20
455; 20
456; 25
457; 23
458; 29
459; 29
460; 35
461; 35
462; 40
463; 40
464; 45
465; 54
466; 1
467; 1
468; 9
469; 9
470; 13
471; 13
472; 18
473; 24
474; 29
475; 29
476; 33
477; 33
478; 41
479; 41
480; 48
481; 0
482; 4
483; 4
484; 8
485; 8
486; 12
487; 12
488; 16
489; 16
490; 20
491; 20
492; 28
493; 30
494; 34
495; 34
496; 38
497; 38
498; 42
499; 42
500; 46
501; 46
502; 50
503; 50
504; 58
505; 30
506; 38
507; 38
508; 42
509; 42
510; 46
511; 46
512; 50
513; 50
514; 54
515; 54
516; 58
517; 0
518; 8
519; 8
520; 12
521; 12
522; 16
523; 16
524; 20
525; 20
526; 24
527; 24
528; 28
