# line-id; line-code; direction; stop-order; stop-id; frequency; arrival_time; departure_time; line-repetition
3; 3H; >; 1; 6; 1; 0; 0; 1
3; 3H; >; 2; 8; 1; 4; 4; 1
3; 3H; >; 3; 7; 1; 10; 10; 1
3; 3H; >; 4; 18; 1; 14; 14; 1
3; 3H; >; 5; 20; 1; 31; 31; 1
3; 3H; >; 6; 21; 1; 37; 37; 1
3; 3H; >; 7; 24; 1; 42; 42; 1
3; 3R; <; 1; 24; 1; 0; 0; 1
3; 3R; <; 2; 21; 1; 5; 5; 1
3; 3R; <; 3; 20; 1; 11; 11; 1
3; 3R; <; 4; 18; 1; 28; 28; 1
3; 3R; <; 5; 7; 1; 32; 32; 1
3; 3R; <; 6; 8; 1; 38; 38; 1
3; 3R; <; 7; 6; 1; 42; 42; 1
7; 7H; >; 1; 1; 2; 36; 36; 1
7; 7H; >; 2; 3; 2; 40; 40; 1
7; 7H; >; 3; 12; 2; 47; 47; 1
7; 7H; >; 4; 11; 2; 52; 52; 1
7; 7H; >; 5; 10; 2; 57; 57; 1
7; 7H; >; 6; 17; 2; 4; 4; 1
7; 7H; >; 7; 19; 2; 8; 8; 1
7; 7H; >; 1; 1; 2; 6; 6; 2
7; 7H; >; 2; 3; 2; 10; 10; 2
7; 7H; >; 3; 12; 2; 17; 17; 2
7; 7H; >; 4; 11; 2; 22; 22; 2
7; 7H; >; 5; 10; 2; 27; 27; 2
7; 7H; >; 6; 17; 2; 34; 34; 2
7; 7H; >; 7; 19; 2; 38; 38; 2
7; 7R; <; 1; 19; 2; 36; 36; 1
7; 7R; <; 2; 17; 2; 40; 40; 1
7; 7R; <; 3; 10; 2; 47; 47; 1
7; 7R; <; 4; 11; 2; 52; 52; 1
7; 7R; <; 5; 12; 2; 57; 57; 1
7; 7R; <; 6; 3; 2; 4; 4; 1
7; 7R; <; 7; 1; 2; 8; 8; 1
7; 7R; <; 1; 19; 2; 6; 6; 2
7; 7R; <; 2; 17; 2; 10; 10; 2
7; 7R; <; 3; 10; 2; 17; 17; 2
7; 7R; <; 4; 11; 2; 22; 22; 2
7; 7R; <; 5; 12; 2; 27; 27; 2
7; 7R; <; 6; 3; 2; 34; 34; 2
7; 7R; <; 7; 1; 2; 38; 38; 2
11; 11H; >; 1; 9; 2; 26; 26; 1
11; 11H; >; 2; 10; 2; 30; 30; 1
11; 11H; >; 3; 15; 2; 38; 38; 1
11; 11H; >; 4; 22; 2; 42; 42; 1
11; 11H; >; 5; 21; 2; 47; 47; 1
11; 11H; >; 6; 24; 2; 52; 52; 1
11; 11H; >; 1; 9; 2; 56; 56; 2
11; 11H; >; 2; 10; 2; 0; 0; 2
11; 11H; >; 3; 15; 2; 8; 8; 2
11; 11H; >; 4; 22; 2; 12; 12; 2
11; 11H; >; 5; 21; 2; 17; 17; 2
11; 11H; >; 6; 24; 2; 22; 22; 2
11; 11R; <; 1; 24; 2; 56; 56; 1
11; 11R; <; 2; 21; 2; 1; 1; 1
11; 11R; <; 3; 22; 2; 6; 6; 1
11; 11R; <; 4; 15; 2; 10; 10; 1
11; 11R; <; 5; 10; 2; 18; 18; 1
11; 11R; <; 6; 9; 2; 22; 22; 1
11; 11R; <; 1; 24; 2; 26; 26; 2
11; 11R; <; 2; 21; 2; 31; 31; 2
11; 11R; <; 3; 22; 2; 36; 36; 2
11; 11R; <; 4; 15; 2; 40; 40; 2
11; 11R; <; 5; 10; 2; 48; 48; 2
11; 11R; <; 6; 9; 2; 52; 52; 2
14; 14H; >; 1; 8; 1; 41; 41; 1
14; 14H; >; 2; 16; 1; 45; 45; 1
14; 14H; >; 3; 10; 1; 51; 51; 1
14; 14H; >; 4; 11; 1; 56; 56; 1
14; 14H; >; 5; 12; 1; 1; 1; 1
14; 14H; >; 6; 13; 1; 17; 17; 1
14; 14R; <; 1; 13; 1; 41; 41; 1
14; 14R; <; 2; 12; 1; 57; 57; 1
14; 14R; <; 3; 11; 1; 2; 2; 1
14; 14R; <; 4; 10; 1; 7; 7; 1
14; 14R; <; 5; 16; 1; 13; 13; 1
14; 14R; <; 6; 8; 1; 17; 17; 1
32; 32H; >; 1; 15; 1; 48; 48; 1
32; 32H; >; 2; 22; 1; 52; 52; 1
32; 32H; >; 3; 23; 1; 57; 57; 1
32; 32H; >; 4; 24; 1; 2; 2; 1
32; 32H; >; 5; 13; 1; 7; 7; 1
32; 32R; <; 1; 13; 1; 18; 18; 1
32; 32R; <; 2; 24; 1; 23; 23; 1
32; 32R; <; 3; 23; 1; 28; 28; 1
32; 32R; <; 4; 22; 1; 33; 33; 1
32; 32R; <; 5; 15; 1; 37; 37; 1
37; 37H; >; 1; 10; 1; 9; 9; 1
37; 37H; >; 2; 16; 1; 15; 15; 1
37; 37H; >; 3; 8; 1; 19; 19; 1
37; 37H; >; 4; 6; 1; 23; 23; 1
37; 37H; >; 5; 2; 1; 27; 27; 1
37; 37R; <; 1; 2; 1; 39; 39; 1
37; 37R; <; 2; 6; 1; 43; 43; 1
37; 37R; <; 3; 8; 1; 47; 47; 1
37; 37R; <; 4; 16; 1; 51; 51; 1
37; 37R; <; 5; 10; 1; 57; 57; 1
44; 44H; >; 1; 5; 1; 0; 0; 1
44; 44H; >; 2; 6; 1; 6; 6; 1
44; 44H; >; 3; 8; 1; 10; 10; 1
44; 44H; >; 4; 7; 1; 16; 16; 1
44; 44H; >; 5; 18; 1; 20; 20; 1
44; 44R; <; 1; 18; 1; 30; 30; 1
44; 44R; <; 2; 7; 1; 34; 34; 1
44; 44R; <; 3; 8; 1; 40; 40; 1
44; 44R; <; 4; 6; 1; 44; 44; 1
44; 44R; <; 5; 5; 1; 50; 50; 1
69; 69H; >; 1; 23; 1; 17; 17; 1
69; 69H; >; 2; 14; 1; 21; 21; 1
69; 69H; >; 3; 11; 1; 29; 29; 1
69; 69H; >; 4; 4; 1; 36; 36; 1
69; 69H; >; 5; 3; 1; 41; 41; 1
69; 69H; >; 6; 1; 1; 45; 45; 1
69; 69H; >; 7; 2; 1; 1; 1; 1
69; 69H; >; 8; 6; 1; 5; 5; 1
69; 69H; >; 9; 8; 1; 9; 9; 1
69; 69H; >; 10; 16; 1; 13; 13; 1
69; 69H; >; 11; 18; 1; 19; 19; 1
69; 69H; >; 12; 7; 1; 23; 23; 1
69; 69R; <; 1; 7; 1; 47; 47; 1
69; 69R; <; 2; 18; 1; 51; 51; 1
69; 69R; <; 3; 16; 1; 57; 57; 1
69; 69R; <; 4; 8; 1; 1; 1; 1
69; 69R; <; 5; 6; 1; 5; 5; 1
69; 69R; <; 6; 2; 1; 9; 9; 1
69; 69R; <; 7; 1; 1; 25; 25; 1
69; 69R; <; 8; 3; 1; 29; 29; 1
69; 69R; <; 9; 4; 1; 34; 34; 1
69; 69R; <; 10; 11; 1; 41; 41; 1
69; 69R; <; 11; 14; 1; 49; 49; 1
69; 69R; <; 12; 23; 1; 53; 53; 1
71; 71H; >; 1; 18; 2; 31; 31; 1
71; 71H; >; 2; 7; 2; 35; 35; 1
71; 71H; >; 3; 8; 2; 41; 41; 1
71; 71H; >; 4; 16; 2; 45; 45; 1
71; 71H; >; 5; 17; 2; 49; 49; 1
71; 71H; >; 6; 19; 2; 53; 53; 1
71; 71H; >; 7; 20; 2; 1; 1; 1
71; 71H; >; 8; 22; 2; 9; 9; 1
71; 71H; >; 9; 23; 2; 14; 14; 1
71; 71H; >; 10; 14; 2; 18; 18; 1
71; 71H; >; 11; 15; 2; 23; 23; 1
71; 71H; >; 1; 18; 2; 1; 1; 2
71; 71H; >; 2; 7; 2; 5; 5; 2
71; 71H; >; 3; 8; 2; 11; 11; 2
71; 71H; >; 4; 16; 2; 15; 15; 2
71; 71H; >; 5; 17; 2; 19; 19; 2
71; 71H; >; 6; 19; 2; 23; 23; 2
71; 71H; >; 7; 20; 2; 31; 31; 2
71; 71H; >; 8; 22; 2; 39; 39; 2
71; 71H; >; 9; 23; 2; 44; 44; 2
71; 71H; >; 10; 14; 2; 48; 48; 2
71; 71H; >; 11; 15; 2; 53; 53; 2
71; 71R; <; 1; 15; 2; 31; 31; 1
71; 71R; <; 2; 14; 2; 36; 36; 1
71; 71R; <; 3; 23; 2; 40; 40; 1
71; 71R; <; 4; 22; 2; 45; 45; 1
71; 71R; <; 5; 20; 2; 53; 53; 1
71; 71R; <; 6; 19; 2; 1; 1; 1
71; 71R; <; 7; 17; 2; 5; 5; 1
71; 71R; <; 8; 16; 2; 9; 9; 1
71; 71R; <; 9; 8; 2; 13; 13; 1
71; 71R; <; 10; 7; 2; 19; 19; 1
71; 71R; <; 11; 18; 2; 23; 23; 1
71; 71R; <; 1; 15; 2; 1; 1; 2
71; 71R; <; 2; 14; 2; 6; 6; 2
71; 71R; <; 3; 23; 2; 10; 10; 2
71; 71R; <; 4; 22; 2; 15; 15; 2
71; 71R; <; 5; 20; 2; 23; 23; 2
71; 71R; <; 6; 19; 2; 31; 31; 2
71; 71R; <; 7; 17; 2; 35; 35; 2
71; 71R; <; 8; 16; 2; 39; 39; 2
71; 71R; <; 9; 8; 2; 43; 43; 2
71; 71R; <; 10; 7; 2; 49; 49; 2
71; 71R; <; 11; 18; 2; 53; 53; 2
73; 73H; >; 1; 23; 1; 51; 51; 1
73; 73H; >; 2; 14; 1; 55; 55; 1
73; 73H; >; 3; 11; 1; 3; 3; 1
73; 73H; >; 4; 4; 1; 10; 10; 1
73; 73H; >; 5; 5; 1; 15; 15; 1
73; 73H; >; 6; 9; 1; 19; 19; 1
73; 73H; >; 7; 10; 1; 23; 23; 1
73; 73H; >; 8; 15; 1; 31; 31; 1
73; 73H; >; 9; 19; 1; 37; 37; 1
73; 73R; <; 1; 19; 1; 51; 51; 1
73; 73R; <; 2; 15; 1; 57; 57; 1
73; 73R; <; 3; 10; 1; 5; 5; 1
73; 73R; <; 4; 9; 1; 9; 9; 1
73; 73R; <; 5; 5; 1; 13; 13; 1
73; 73R; <; 6; 4; 1; 18; 18; 1
73; 73R; <; 7; 11; 1; 25; 25; 1
73; 73R; <; 8; 14; 1; 33; 33; 1
73; 73R; <; 9; 23; 1; 37; 37; 1
74; 74H; >; 1; 24; 1; 14; 14; 1
74; 74H; >; 2; 13; 1; 19; 19; 1
74; 74H; >; 3; 12; 1; 35; 35; 1
74; 74H; >; 4; 3; 1; 42; 42; 1
74; 74H; >; 5; 4; 1; 47; 47; 1
74; 74H; >; 6; 5; 1; 52; 52; 1
74; 74H; >; 7; 9; 1; 56; 56; 1
74; 74H; >; 8; 10; 1; 0; 0; 1
74; 74H; >; 9; 17; 1; 7; 7; 1
74; 74R; <; 1; 17; 1; 14; 14; 1
74; 74R; <; 2; 10; 1; 21; 21; 1
74; 74R; <; 3; 9; 1; 25; 25; 1
74; 74R; <; 4; 5; 1; 29; 29; 1
74; 74R; <; 5; 4; 1; 34; 34; 1
74; 74R; <; 6; 3; 1; 39; 39; 1
74; 74R; <; 7; 12; 1; 46; 46; 1
74; 74R; <; 8; 13; 1; 2; 2; 1
74; 74R; <; 9; 24; 1; 7; 7; 1
79; 79H; >; 1; 20; 1; 31; 31; 1
79; 79H; >; 2; 21; 1; 37; 37; 1
79; 79H; >; 3; 22; 1; 42; 42; 1
79; 79H; >; 4; 15; 1; 46; 46; 1
79; 79H; >; 5; 10; 1; 54; 54; 1
79; 79H; >; 6; 11; 1; 59; 59; 1
79; 79H; >; 7; 12; 1; 4; 4; 1
79; 79R; <; 1; 12; 1; 31; 31; 1
79; 79R; <; 2; 11; 1; 36; 36; 1
79; 79R; <; 3; 10; 1; 41; 41; 1
79; 79R; <; 4; 15; 1; 49; 49; 1
79; 79R; <; 5; 22; 1; 53; 53; 1
79; 79R; <; 6; 21; 1; 58; 58; 1
79; 79R; <; 7; 20; 1; 4; 4; 1
84; 84H; >; 1; 18; 1; 39; 39; 1
84; 84H; >; 2; 7; 1; 43; 43; 1
84; 84H; >; 3; 8; 1; 49; 49; 1
84; 84H; >; 4; 9; 1; 55; 55; 1
84; 84H; >; 5; 5; 1; 59; 59; 1
84; 84H; >; 6; 6; 1; 5; 5; 1
84; 84H; >; 7; 2; 1; 9; 9; 1
84; 84R; <; 1; 2; 1; 9; 9; 1
84; 84R; <; 2; 6; 1; 13; 13; 1
84; 84R; <; 3; 5; 1; 19; 19; 1
84; 84R; <; 4; 9; 1; 23; 23; 1
84; 84R; <; 5; 8; 1; 29; 29; 1
84; 84R; <; 6; 7; 1; 35; 35; 1
84; 84R; <; 7; 18; 1; 39; 39; 1
124; 124H; >; 1; 12; 3; 13; 13; 1
124; 124H; >; 2; 11; 3; 18; 18; 1
124; 124H; >; 3; 10; 3; 23; 23; 1
124; 124H; >; 4; 16; 3; 29; 29; 1
124; 124H; >; 5; 18; 3; 35; 35; 1
124; 124H; >; 1; 12; 3; 33; 33; 2
124; 124H; >; 2; 11; 3; 38; 38; 2
124; 124H; >; 3; 10; 3; 43; 43; 2
124; 124H; >; 4; 16; 3; 49; 49; 2
124; 124H; >; 5; 18; 3; 55; 55; 2
124; 124H; >; 1; 12; 3; 53; 53; 3
124; 124H; >; 2; 11; 3; 58; 58; 3
124; 124H; >; 3; 10; 3; 3; 3; 3
124; 124H; >; 4; 16; 3; 9; 9; 3
124; 124H; >; 5; 18; 3; 15; 15; 3
124; 124R; <; 1; 18; 3; 43; 43; 1
124; 124R; <; 2; 16; 3; 49; 49; 1
124; 124R; <; 3; 10; 3; 55; 55; 1
124; 124R; <; 4; 11; 3; 0; 0; 1
124; 124R; <; 5; 12; 3; 5; 5; 1
124; 124R; <; 1; 18; 3; 3; 3; 2
124; 124R; <; 2; 16; 3; 9; 9; 2
124; 124R; <; 3; 10; 3; 15; 15; 2
124; 124R; <; 4; 11; 3; 20; 20; 2
124; 124R; <; 5; 12; 3; 25; 25; 2
124; 124R; <; 1; 18; 3; 23; 23; 3
124; 124R; <; 2; 16; 3; 29; 29; 3
124; 124R; <; 3; 10; 3; 35; 35; 3
124; 124R; <; 4; 11; 3; 40; 40; 3
124; 124R; <; 5; 12; 3; 45; 45; 3
131; 131H; >; 1; 4; 1; 54; 54; 1
131; 131H; >; 2; 11; 1; 1; 1; 1
131; 131H; >; 3; 14; 1; 9; 9; 1
131; 131H; >; 4; 23; 1; 13; 13; 1
131; 131H; >; 5; 24; 1; 18; 18; 1
131; 131R; <; 1; 24; 1; 24; 24; 1
131; 131R; <; 2; 23; 1; 29; 29; 1
131; 131R; <; 3; 14; 1; 33; 33; 1
131; 131R; <; 4; 11; 1; 41; 41; 1
131; 131R; <; 5; 4; 1; 48; 48; 1
133; 133H; >; 1; 2; 2; 0; 0; 1
133; 133H; >; 2; 6; 2; 4; 4; 1
133; 133H; >; 3; 8; 2; 8; 8; 1
133; 133H; >; 4; 16; 2; 12; 12; 1
133; 133H; >; 5; 17; 2; 16; 16; 1
133; 133H; >; 6; 19; 2; 20; 20; 1
133; 133H; >; 7; 20; 2; 28; 28; 1
133; 133H; >; 1; 2; 2; 30; 30; 2
133; 133H; >; 2; 6; 2; 34; 34; 2
133; 133H; >; 3; 8; 2; 38; 38; 2
133; 133H; >; 4; 16; 2; 42; 42; 2
133; 133H; >; 5; 17; 2; 46; 46; 2
133; 133H; >; 6; 19; 2; 50; 50; 2
133; 133H; >; 7; 20; 2; 58; 58; 2
133; 133R; <; 1; 20; 2; 30; 30; 1
133; 133R; <; 2; 19; 2; 38; 38; 1
133; 133R; <; 3; 17; 2; 42; 42; 1
133; 133R; <; 4; 16; 2; 46; 46; 1
133; 133R; <; 5; 8; 2; 50; 50; 1
133; 133R; <; 6; 6; 2; 54; 54; 1
133; 133R; <; 7; 2; 2; 58; 58; 1
133; 133R; <; 1; 20; 2; 0; 0; 2
133; 133R; <; 2; 19; 2; 8; 8; 2
133; 133R; <; 3; 17; 2; 12; 12; 2
133; 133R; <; 4; 16; 2; 16; 16; 2
133; 133R; <; 5; 8; 2; 20; 20; 2
133; 133R; <; 6; 6; 2; 24; 24; 2
133; 133R; <; 7; 2; 2; 28; 28; 2
