#event-id; time
1; 0
2; 5
3; 5
4; 10
5; 10
6; 15
7; 15
8; 31
9; 31
10; 38
11; 38
12; 42
13; 30
14; 35
15; 35
16; 40
17; 40
18; 45
19; 45
20; 1
21; 1
22; 8
23; 8
24; 12
25; 0
26; 4
27; 4
28; 11
29; 11
30; 27
31; 27
32; 32
33; 32
34; 37
35; 37
36; 42
37; 30
38; 34
39; 34
40; 41
41; 41
42; 57
43; 57
44; 2
45; 2
46; 7
47; 7
48; 12
49; 0
50; 6
51; 6
52; 11
53; 11
54; 16
55; 16
56; 32
57; 32
58; 39
59; 39
60; 43
61; 30
62; 36
63; 36
64; 41
65; 41
66; 46
67; 46
68; 2
69; 2
70; 9
71; 9
72; 13
73; 0
74; 4
75; 4
76; 11
77; 11
78; 27
79; 27
80; 32
81; 32
82; 37
83; 37
84; 43
85; 30
86; 34
87; 34
88; 41
89; 41
90; 57
91; 57
92; 2
93; 2
94; 7
95; 7
96; 13
97; 0
98; 4
99; 4
100; 10
101; 10
102; 14
103; 14
104; 31
105; 31
106; 37
107; 37
108; 42
109; 4
110; 8
111; 8
112; 14
113; 14
114; 18
115; 18
116; 35
117; 35
118; 41
119; 41
120; 46
121; 9
122; 13
123; 13
124; 19
125; 19
126; 23
127; 23
128; 40
129; 40
130; 46
131; 46
132; 51
133; 13
134; 17
135; 17
136; 23
137; 23
138; 27
139; 27
140; 44
141; 44
142; 50
143; 50
144; 55
145; 18
146; 22
147; 22
148; 28
149; 28
150; 32
151; 32
152; 49
153; 49
154; 55
155; 55
156; 0
157; 23
158; 27
159; 27
160; 33
161; 33
162; 37
163; 37
164; 54
165; 54
166; 0
167; 0
168; 5
169; 27
170; 31
171; 31
172; 37
173; 37
174; 41
175; 41
176; 58
177; 58
178; 4
179; 4
180; 9
181; 32
182; 36
183; 36
184; 42
185; 42
186; 46
187; 46
188; 3
189; 3
190; 9
191; 9
192; 14
193; 36
194; 40
195; 40
196; 46
197; 46
198; 50
199; 50
200; 7
201; 7
202; 13
203; 13
204; 18
205; 41
206; 45
207; 45
208; 51
209; 51
210; 55
211; 55
212; 12
213; 12
214; 18
215; 18
216; 23
217; 46
218; 50
219; 50
220; 56
221; 56
222; 0
223; 0
224; 17
225; 17
226; 23
227; 23
228; 28
229; 50
230; 54
231; 54
232; 0
233; 0
234; 4
235; 4
236; 21
237; 21
238; 27
239; 27
240; 32
241; 55
242; 59
243; 59
244; 5
245; 5
246; 9
247; 9
248; 26
249; 26
250; 32
251; 32
252; 37
253; 0
254; 5
255; 5
256; 11
257; 11
258; 28
259; 28
260; 32
261; 32
262; 38
263; 38
264; 42
265; 4
266; 9
267; 9
268; 15
269; 15
270; 32
271; 32
272; 36
273; 36
274; 42
275; 42
276; 46
277; 9
278; 14
279; 14
280; 20
281; 20
282; 37
283; 37
284; 41
285; 41
286; 47
287; 47
288; 51
289; 13
290; 18
291; 18
292; 24
293; 24
294; 41
295; 41
296; 45
297; 45
298; 51
299; 51
300; 55
301; 18
302; 23
303; 23
304; 29
305; 29
306; 46
307; 46
308; 50
309; 50
310; 56
311; 56
312; 0
313; 23
314; 28
315; 28
316; 34
317; 34
318; 51
319; 51
320; 55
321; 55
322; 1
323; 1
324; 5
325; 27
326; 32
327; 32
328; 38
329; 38
330; 55
331; 55
332; 59
333; 59
334; 5
335; 5
336; 9
337; 32
338; 37
339; 37
340; 43
341; 43
342; 0
343; 0
344; 4
345; 4
346; 10
347; 10
348; 14
349; 36
350; 41
351; 41
352; 47
353; 47
354; 4
355; 4
356; 8
357; 8
358; 14
359; 14
360; 18
361; 41
362; 46
363; 46
364; 52
365; 52
366; 9
367; 9
368; 13
369; 13
370; 19
371; 19
372; 23
373; 46
374; 51
375; 51
376; 57
377; 57
378; 14
379; 14
380; 18
381; 18
382; 24
383; 24
384; 28
385; 50
386; 55
387; 55
388; 1
389; 1
390; 18
391; 18
392; 22
393; 22
394; 28
395; 28
396; 32
397; 55
398; 0
399; 0
400; 6
401; 6
402; 23
403; 23
404; 27
405; 27
406; 33
407; 33
408; 37
409; 0
410; 4
411; 4
412; 11
413; 11
414; 16
415; 16
416; 24
417; 24
418; 28
419; 28
420; 33
421; 30
422; 34
423; 34
424; 41
425; 41
426; 46
427; 46
428; 54
429; 54
430; 58
431; 58
432; 3
433; 0
434; 5
435; 5
436; 9
437; 9
438; 17
439; 17
440; 22
441; 22
442; 29
443; 29
444; 33
445; 30
446; 35
447; 35
448; 39
449; 39
450; 47
451; 47
452; 52
453; 52
454; 59
455; 59
456; 3
457; 0
458; 4
459; 4
460; 11
461; 11
462; 16
463; 16
464; 21
465; 21
466; 28
467; 28
468; 32
469; 30
470; 34
471; 34
472; 41
473; 41
474; 46
475; 46
476; 51
477; 51
478; 58
479; 58
480; 2
481; 0
482; 4
483; 4
484; 11
485; 11
486; 16
487; 16
488; 21
489; 21
490; 28
491; 28
492; 32
493; 30
494; 34
495; 34
496; 41
497; 41
498; 46
499; 46
500; 51
501; 51
502; 58
503; 58
504; 2
505; 0
506; 16
507; 16
508; 20
509; 20
510; 24
511; 24
512; 30
513; 30
514; 34
515; 34
516; 51
517; 30
518; 46
519; 46
520; 50
521; 50
522; 54
523; 54
524; 0
525; 0
526; 4
527; 4
528; 21
529; 0
530; 17
531; 17
532; 21
533; 21
534; 27
535; 27
536; 31
537; 31
538; 35
539; 35
540; 51
541; 30
542; 47
543; 47
544; 51
545; 51
546; 57
547; 57
548; 1
549; 1
550; 5
551; 5
552; 21
553; 0
554; 5
555; 5
556; 13
557; 13
558; 19
559; 19
560; 23
561; 23
562; 29
563; 30
564; 35
565; 35
566; 43
567; 43
568; 49
569; 49
570; 53
571; 53
572; 59
573; 0
574; 6
575; 6
576; 10
577; 10
578; 16
579; 16
580; 24
581; 24
582; 29
583; 30
584; 36
585; 36
586; 40
587; 40
588; 46
589; 46
590; 54
591; 54
592; 59
593; 0
594; 4
595; 4
596; 12
597; 12
598; 16
599; 16
600; 21
601; 21
602; 26
603; 30
604; 34
605; 34
606; 42
607; 42
608; 46
609; 46
610; 51
611; 51
612; 56
613; 0
614; 5
615; 5
616; 10
617; 10
618; 14
619; 14
620; 22
621; 22
622; 26
623; 30
624; 35
625; 35
626; 40
627; 40
628; 44
629; 44
630; 52
631; 52
632; 56
633; 0
634; 4
635; 4
636; 10
637; 10
638; 27
639; 27
640; 33
641; 33
642; 38
643; 30
644; 34
645; 34
646; 40
647; 40
648; 57
649; 57
650; 3
651; 3
652; 8
653; 0
654; 5
655; 5
656; 11
657; 11
658; 28
659; 28
660; 34
661; 34
662; 38
663; 30
664; 35
665; 35
666; 41
667; 41
668; 58
669; 58
670; 4
671; 4
672; 8
673; 0
674; 4
675; 4
676; 10
677; 10
678; 15
679; 15
680; 20
681; 20
682; 36
683; 30
684; 34
685; 34
686; 40
687; 40
688; 45
689; 45
690; 50
691; 50
692; 6
693; 0
694; 16
695; 16
696; 21
697; 21
698; 26
699; 26
700; 32
701; 32
702; 36
703; 30
704; 46
705; 46
706; 51
707; 51
708; 56
709; 56
710; 2
711; 2
712; 6
713; 0
714; 4
715; 4
716; 21
717; 21
718; 29
719; 29
720; 34
721; 34
722; 38
723; 30
724; 34
725; 34
726; 51
727; 51
728; 59
729; 59
730; 4
731; 4
732; 8
733; 0
734; 4
735; 4
736; 9
737; 9
738; 17
739; 17
740; 34
741; 34
742; 38
743; 30
744; 34
745; 34
746; 39
747; 39
748; 47
749; 47
750; 4
751; 4
752; 8
753; 0
754; 4
755; 4
756; 21
757; 21
758; 27
759; 27
760; 32
761; 32
762; 37
763; 30
764; 34
765; 34
766; 51
767; 51
768; 57
769; 57
770; 2
771; 2
772; 7
773; 0
774; 5
775; 5
776; 10
777; 10
778; 16
779; 16
780; 33
781; 33
782; 37
783; 30
784; 35
785; 35
786; 40
787; 40
788; 46
789; 46
790; 3
791; 3
792; 7
793; 0
794; 6
795; 6
796; 12
797; 12
798; 16
799; 16
800; 21
801; 21
802; 26
803; 30
804; 36
805; 36
806; 42
807; 42
808; 46
809; 46
810; 51
811; 51
812; 56
813; 0
814; 5
815; 5
816; 10
817; 10
818; 14
819; 14
820; 20
821; 20
822; 26
823; 30
824; 35
825; 35
826; 40
827; 40
828; 44
829; 44
830; 50
831; 50
832; 56
833; 0
834; 7
835; 7
836; 12
837; 12
838; 20
839; 20
840; 24
841; 24
842; 29
843; 30
844; 37
845; 37
846; 42
847; 42
848; 50
849; 50
850; 54
851; 54
852; 59
853; 0
854; 5
855; 5
856; 9
857; 9
858; 17
859; 17
860; 22
861; 22
862; 29
863; 30
864; 35
865; 35
866; 39
867; 39
868; 47
869; 47
870; 52
871; 52
872; 59
873; 0
874; 5
875; 5
876; 12
877; 12
878; 17
879; 17
880; 23
881; 23
882; 29
883; 4
884; 9
885; 9
886; 16
887; 16
888; 21
889; 21
890; 27
891; 27
892; 33
893; 9
894; 14
895; 14
896; 21
897; 21
898; 26
899; 26
900; 32
901; 32
902; 38
903; 13
904; 18
905; 18
906; 25
907; 25
908; 30
909; 30
910; 36
911; 36
912; 42
913; 18
914; 23
915; 23
916; 30
917; 30
918; 35
919; 35
920; 41
921; 41
922; 47
923; 23
924; 28
925; 28
926; 35
927; 35
928; 40
929; 40
930; 46
931; 46
932; 52
933; 27
934; 32
935; 32
936; 39
937; 39
938; 44
939; 44
940; 50
941; 50
942; 56
943; 32
944; 37
945; 37
946; 44
947; 44
948; 49
949; 49
950; 55
951; 55
952; 1
953; 36
954; 41
955; 41
956; 48
957; 48
958; 53
959; 53
960; 59
961; 59
962; 5
963; 41
964; 46
965; 46
966; 53
967; 53
968; 58
969; 58
970; 4
971; 4
972; 10
973; 46
974; 51
975; 51
976; 58
977; 58
978; 3
979; 3
980; 9
981; 9
982; 15
983; 50
984; 55
985; 55
986; 2
987; 2
988; 7
989; 7
990; 13
991; 13
992; 19
993; 55
994; 0
995; 0
996; 7
997; 7
998; 12
999; 12
1000; 18
1001; 18
1002; 24
1003; 0
1004; 6
1005; 6
1006; 12
1007; 12
1008; 17
1009; 17
1010; 24
1011; 24
1012; 29
1013; 4
1014; 10
1015; 10
1016; 16
1017; 16
1018; 21
1019; 21
1020; 28
1021; 28
1022; 33
1023; 9
1024; 15
1025; 15
1026; 21
1027; 21
1028; 26
1029; 26
1030; 33
1031; 33
1032; 38
1033; 13
1034; 19
1035; 19
1036; 25
1037; 25
1038; 30
1039; 30
1040; 37
1041; 37
1042; 42
1043; 18
1044; 24
1045; 24
1046; 30
1047; 30
1048; 35
1049; 35
1050; 42
1051; 42
1052; 47
1053; 23
1054; 29
1055; 29
1056; 35
1057; 35
1058; 40
1059; 40
1060; 47
1061; 47
1062; 52
1063; 27
1064; 33
1065; 33
1066; 39
1067; 39
1068; 44
1069; 44
1070; 51
1071; 51
1072; 56
1073; 32
1074; 38
1075; 38
1076; 44
1077; 44
1078; 49
1079; 49
1080; 56
1081; 56
1082; 1
1083; 36
1084; 42
1085; 42
1086; 48
1087; 48
1088; 53
1089; 53
1090; 0
1091; 0
1092; 5
1093; 41
1094; 47
1095; 47
1096; 53
1097; 53
1098; 58
1099; 58
1100; 5
1101; 5
1102; 10
1103; 46
1104; 52
1105; 52
1106; 58
1107; 58
1108; 3
1109; 3
1110; 10
1111; 10
1112; 15
1113; 50
1114; 56
1115; 56
1116; 2
1117; 2
1118; 7
1119; 7
1120; 14
1121; 14
1122; 19
1123; 55
1124; 1
1125; 1
1126; 7
1127; 7
1128; 12
1129; 12
1130; 19
1131; 19
1132; 24
1133; 0
1134; 5
1135; 5
1136; 12
1137; 12
1138; 17
1139; 17
1140; 25
1141; 25
1142; 31
1143; 30
1144; 35
1145; 35
1146; 42
1147; 42
1148; 47
1149; 47
1150; 55
1151; 55
1152; 1
1153; 0
1154; 6
1155; 6
1156; 14
1157; 14
1158; 19
1159; 19
1160; 26
1161; 26
1162; 31
1163; 30
1164; 36
1165; 36
1166; 44
1167; 44
1168; 49
1169; 49
1170; 56
1171; 56
1172; 1
1173; 0
1174; 5
1175; 5
1176; 10
1177; 10
1178; 14
1179; 14
1180; 20
1181; 20
1182; 26
1183; 30
1184; 35
1185; 35
1186; 40
1187; 40
1188; 44
1189; 44
1190; 50
1191; 50
1192; 56
1193; 0
1194; 6
1195; 6
1196; 12
1197; 12
1198; 16
1199; 16
1200; 21
1201; 21
1202; 26
1203; 30
1204; 36
1205; 36
1206; 42
1207; 42
1208; 46
1209; 46
1210; 51
1211; 51
1212; 56
1213; 0
1214; 4
1215; 4
1216; 8
1217; 8
1218; 12
1219; 12
1220; 16
1221; 16
1222; 20
1223; 30
1224; 34
1225; 34
1226; 38
1227; 38
1228; 42
1229; 42
1230; 46
1231; 46
1232; 50
1233; 0
1234; 4
1235; 4
1236; 8
1237; 8
1238; 12
1239; 12
1240; 16
1241; 16
1242; 20
1243; 30
1244; 34
1245; 34
1246; 38
1247; 38
1248; 42
1249; 42
1250; 46
1251; 46
1252; 50
1253; 0
1254; 4
1255; 4
1256; 8
1257; 8
1258; 14
1259; 14
1260; 18
1261; 18
1262; 26
1263; 30
1264; 34
1265; 34
1266; 38
1267; 38
1268; 44
1269; 44
1270; 48
1271; 48
1272; 56
1273; 0
1274; 8
1275; 8
1276; 12
1277; 12
1278; 18
1279; 18
1280; 22
1281; 22
1282; 26
1283; 30
1284; 38
1285; 38
1286; 42
1287; 42
1288; 48
1289; 48
1290; 52
1291; 52
1292; 56
1293; 0
1294; 4
1295; 4
1296; 11
1297; 11
1298; 16
1299; 16
1300; 24
1301; 24
1302; 29
1303; 30
1304; 34
1305; 34
1306; 41
1307; 41
1308; 46
1309; 46
1310; 54
1311; 54
1312; 59
1313; 0
1314; 5
1315; 5
1316; 13
1317; 13
1318; 18
1319; 18
1320; 25
1321; 25
1322; 29
1323; 30
1324; 35
1325; 35
1326; 43
1327; 43
1328; 48
1329; 48
1330; 55
1331; 55
1332; 59
1333; 0
1334; 4
1335; 4
1336; 12
1337; 12
1338; 18
1339; 18
1340; 23
1341; 30
1342; 34
1343; 34
1344; 42
1345; 42
1346; 48
1347; 48
1348; 53
1349; 0
1350; 5
1351; 5
1352; 11
1353; 11
1354; 19
1355; 19
1356; 23
1357; 30
1358; 35
1359; 35
1360; 41
1361; 41
1362; 49
1363; 49
1364; 53
1365; 0
1366; 5
1367; 5
1368; 13
1369; 13
1370; 19
1371; 19
1372; 25
1373; 30
1374; 35
1375; 35
1376; 43
1377; 43
1378; 49
1379; 49
1380; 55
1381; 0
1382; 6
1383; 6
1384; 12
1385; 12
1386; 20
1387; 20
1388; 25
1389; 30
1390; 36
1391; 36
1392; 42
1393; 42
1394; 50
1395; 50
1396; 55
1397; 0
1398; 8
1399; 8
1400; 13
1401; 13
1402; 17
1403; 17
1404; 22
1405; 4
1406; 12
1407; 12
1408; 17
1409; 17
1410; 21
1411; 21
1412; 26
1413; 9
1414; 17
1415; 17
1416; 22
1417; 22
1418; 26
1419; 26
1420; 31
1421; 13
1422; 21
1423; 21
1424; 26
1425; 26
1426; 30
1427; 30
1428; 35
1429; 18
1430; 26
1431; 26
1432; 31
1433; 31
1434; 35
1435; 35
1436; 40
1437; 23
1438; 31
1439; 31
1440; 36
1441; 36
1442; 40
1443; 40
1444; 45
1445; 27
1446; 35
1447; 35
1448; 40
1449; 40
1450; 44
1451; 44
1452; 49
1453; 32
1454; 40
1455; 40
1456; 45
1457; 45
1458; 49
1459; 49
1460; 54
1461; 36
1462; 44
1463; 44
1464; 49
1465; 49
1466; 53
1467; 53
1468; 58
1469; 41
1470; 49
1471; 49
1472; 54
1473; 54
1474; 58
1475; 58
1476; 3
1477; 46
1478; 54
1479; 54
1480; 59
1481; 59
1482; 3
1483; 3
1484; 8
1485; 50
1486; 58
1487; 58
1488; 3
1489; 3
1490; 7
1491; 7
1492; 12
1493; 55
1494; 3
1495; 3
1496; 8
1497; 8
1498; 12
1499; 12
1500; 17
1501; 0
1502; 5
1503; 5
1504; 9
1505; 9
1506; 14
1507; 14
1508; 22
1509; 4
1510; 9
1511; 9
1512; 13
1513; 13
1514; 18
1515; 18
1516; 26
1517; 9
1518; 14
1519; 14
1520; 18
1521; 18
1522; 23
1523; 23
1524; 31
1525; 13
1526; 18
1527; 18
1528; 22
1529; 22
1530; 27
1531; 27
1532; 35
1533; 18
1534; 23
1535; 23
1536; 27
1537; 27
1538; 32
1539; 32
1540; 40
1541; 23
1542; 28
1543; 28
1544; 32
1545; 32
1546; 37
1547; 37
1548; 45
1549; 27
1550; 32
1551; 32
1552; 36
1553; 36
1554; 41
1555; 41
1556; 49
1557; 32
1558; 37
1559; 37
1560; 41
1561; 41
1562; 46
1563; 46
1564; 54
1565; 36
1566; 41
1567; 41
1568; 45
1569; 45
1570; 50
1571; 50
1572; 58
1573; 41
1574; 46
1575; 46
1576; 50
1577; 50
1578; 55
1579; 55
1580; 3
1581; 46
1582; 51
1583; 51
1584; 55
1585; 55
1586; 0
1587; 0
1588; 8
1589; 50
1590; 55
1591; 55
1592; 59
1593; 59
1594; 4
1595; 4
1596; 12
1597; 55
1598; 0
1599; 0
1600; 4
1601; 4
1602; 9
1603; 9
1604; 17
1605; 0
1606; 5
1607; 5
1608; 10
1609; 10
1610; 16
1611; 16
1612; 24
1613; 30
1614; 35
1615; 35
1616; 40
1617; 40
1618; 46
1619; 46
1620; 54
1621; 0
1622; 8
1623; 8
1624; 14
1625; 14
1626; 19
1627; 19
1628; 24
1629; 30
1630; 38
1631; 38
1632; 44
1633; 44
1634; 49
1635; 49
1636; 54
1637; 0
1638; 4
1639; 4
1640; 12
1641; 12
1642; 16
1643; 16
1644; 24
1645; 30
1646; 34
1647; 34
1648; 42
1649; 42
1650; 46
1651; 46
1652; 54
1653; 0
1654; 8
1655; 8
1656; 12
1657; 12
1658; 20
1659; 20
1660; 24
1661; 30
1662; 38
1663; 38
1664; 42
1665; 42
1666; 50
1667; 50
1668; 54
1669; 0
1670; 4
1671; 4
1672; 9
1673; 9
1674; 14
1675; 14
1676; 30
1677; 30
1678; 34
1679; 34
1680; 39
1681; 39
1682; 44
1683; 44
1684; 0
1685; 0
1686; 16
1687; 16
1688; 21
1689; 21
1690; 26
1691; 26
1692; 30
1693; 30
1694; 46
1695; 46
1696; 51
1697; 51
1698; 56
1699; 56
1700; 0
1701; 0
1702; 5
1703; 5
1704; 12
1705; 12
1706; 17
1707; 17
1708; 24
1709; 30
1710; 35
1711; 35
1712; 42
1713; 42
1714; 47
1715; 47
1716; 54
1717; 0
1718; 7
1719; 7
1720; 12
1721; 12
1722; 19
1723; 19
1724; 24
1725; 30
1726; 37
1727; 37
1728; 42
1729; 42
1730; 49
1731; 49
1732; 54
1733; 0
1734; 16
1735; 16
1736; 20
1737; 20
1738; 24
1739; 24
1740; 28
1741; 30
1742; 46
1743; 46
1744; 50
1745; 50
1746; 54
1747; 54
1748; 58
1749; 0
1750; 4
1751; 4
1752; 8
1753; 8
1754; 12
1755; 12
1756; 28
1757; 30
1758; 34
1759; 34
1760; 38
1761; 38
1762; 42
1763; 42
1764; 58
1765; 0
1766; 16
1767; 16
1768; 20
1769; 20
1770; 24
1771; 24
1772; 30
1773; 30
1774; 46
1775; 46
1776; 50
1777; 50
1778; 54
1779; 54
1780; 0
1781; 0
1782; 6
1783; 6
1784; 10
1785; 10
1786; 14
1787; 14
1788; 30
1789; 30
1790; 36
1791; 36
1792; 40
1793; 40
1794; 44
1795; 44
1796; 0
1797; 0
1798; 5
1799; 5
1800; 11
1801; 11
1802; 15
1803; 30
1804; 35
1805; 35
1806; 41
1807; 41
1808; 45
1809; 0
1810; 4
1811; 4
1812; 10
1813; 10
1814; 15
1815; 30
1816; 34
1817; 34
1818; 40
1819; 40
1820; 45
1821; 0
1822; 5
1823; 5
1824; 13
1825; 13
1826; 17
1827; 30
1828; 35
1829; 35
1830; 43
1831; 43
1832; 47
1833; 0
1834; 4
1835; 4
1836; 12
1837; 12
1838; 17
1839; 30
1840; 34
1841; 34
1842; 42
1843; 42
1844; 47
1845; 0
1846; 4
1847; 4
1848; 11
1849; 11
1850; 15
1851; 30
1852; 34
1853; 34
1854; 41
1855; 41
1856; 45
1857; 0
1858; 4
1859; 4
1860; 11
1861; 11
1862; 15
1863; 30
1864; 34
1865; 34
1866; 41
1867; 41
1868; 45
1869; 0
1870; 4
1871; 4
1872; 8
1873; 8
1874; 15
1875; 30
1876; 34
1877; 34
1878; 38
1879; 38
1880; 45
1881; 0
1882; 7
1883; 7
1884; 11
1885; 11
1886; 15
1887; 30
1888; 37
1889; 37
1890; 41
1891; 41
1892; 45
1893; 0
1894; 5
1895; 5
1896; 10
1897; 10
1898; 16
1899; 30
1900; 35
1901; 35
1902; 40
1903; 40
1904; 46
1905; 0
1906; 6
1907; 6
1908; 11
1909; 11
1910; 16
1911; 30
1912; 36
1913; 36
1914; 41
1915; 41
1916; 46
1917; 0
1918; 5
1919; 5
1920; 10
1921; 10
1922; 26
1923; 26
1924; 33
1925; 33
1926; 37
1927; 37
1928; 53
1929; 53
1930; 57
1931; 57
1932; 1
1933; 1
1934; 5
1935; 4
1936; 9
1937; 9
1938; 14
1939; 14
1940; 30
1941; 30
1942; 37
1943; 37
1944; 41
1945; 41
1946; 57
1947; 57
1948; 1
1949; 1
1950; 5
1951; 5
1952; 9
1953; 9
1954; 14
1955; 14
1956; 19
1957; 19
1958; 35
1959; 35
1960; 42
1961; 42
1962; 46
1963; 46
1964; 2
1965; 2
1966; 6
1967; 6
1968; 10
1969; 10
1970; 14
1971; 13
1972; 18
1973; 18
1974; 23
1975; 23
1976; 39
1977; 39
1978; 46
1979; 46
1980; 50
1981; 50
1982; 6
1983; 6
1984; 10
1985; 10
1986; 14
1987; 14
1988; 18
1989; 18
1990; 23
1991; 23
1992; 28
1993; 28
1994; 44
1995; 44
1996; 51
1997; 51
1998; 55
1999; 55
2000; 11
2001; 11
2002; 15
2003; 15
2004; 19
2005; 19
2006; 23
2007; 23
2008; 28
2009; 28
2010; 33
2011; 33
2012; 49
2013; 49
2014; 56
2015; 56
2016; 0
2017; 0
2018; 16
2019; 16
2020; 20
2021; 20
2022; 24
2023; 24
2024; 28
2025; 27
2026; 32
2027; 32
2028; 37
2029; 37
2030; 53
2031; 53
2032; 0
2033; 0
2034; 4
2035; 4
2036; 20
2037; 20
2038; 24
2039; 24
2040; 28
2041; 28
2042; 32
2043; 32
2044; 37
2045; 37
2046; 42
2047; 42
2048; 58
2049; 58
2050; 5
2051; 5
2052; 9
2053; 9
2054; 25
2055; 25
2056; 29
2057; 29
2058; 33
2059; 33
2060; 37
2061; 36
2062; 41
2063; 41
2064; 46
2065; 46
2066; 2
2067; 2
2068; 9
2069; 9
2070; 13
2071; 13
2072; 29
2073; 29
2074; 33
2075; 33
2076; 37
2077; 37
2078; 41
2079; 41
2080; 46
2081; 46
2082; 51
2083; 51
2084; 7
2085; 7
2086; 14
2087; 14
2088; 18
2089; 18
2090; 34
2091; 34
2092; 38
2093; 38
2094; 42
2095; 42
2096; 46
2097; 46
2098; 51
2099; 51
2100; 56
2101; 56
2102; 12
2103; 12
2104; 19
2105; 19
2106; 23
2107; 23
2108; 39
2109; 39
2110; 43
2111; 43
2112; 47
2113; 47
2114; 51
2115; 50
2116; 55
2117; 55
2118; 0
2119; 0
2120; 16
2121; 16
2122; 23
2123; 23
2124; 27
2125; 27
2126; 43
2127; 43
2128; 47
2129; 47
2130; 51
2131; 51
2132; 55
2133; 55
2134; 0
2135; 0
2136; 5
2137; 5
2138; 21
2139; 21
2140; 28
2141; 28
2142; 32
2143; 32
2144; 48
2145; 48
2146; 52
2147; 52
2148; 56
2149; 56
2150; 0
2151; 28
2152; 32
2153; 32
2154; 36
2155; 36
2156; 40
2157; 40
2158; 56
2159; 56
2160; 0
2161; 0
2162; 7
2163; 7
2164; 23
2165; 23
2166; 28
2167; 28
2168; 33
2169; 32
2170; 36
2171; 36
2172; 40
2173; 40
2174; 44
2175; 44
2176; 0
2177; 0
2178; 4
2179; 4
2180; 11
2181; 11
2182; 27
2183; 27
2184; 32
2185; 32
2186; 37
2187; 37
2188; 41
2189; 41
2190; 45
2191; 45
2192; 49
2193; 49
2194; 5
2195; 5
2196; 9
2197; 9
2198; 16
2199; 16
2200; 32
2201; 32
2202; 37
2203; 37
2204; 42
2205; 41
2206; 45
2207; 45
2208; 49
2209; 49
2210; 53
2211; 53
2212; 9
2213; 9
2214; 13
2215; 13
2216; 20
2217; 20
2218; 36
2219; 36
2220; 41
2221; 41
2222; 46
2223; 46
2224; 50
2225; 50
2226; 54
2227; 54
2228; 58
2229; 58
2230; 14
2231; 14
2232; 18
2233; 18
2234; 25
2235; 25
2236; 41
2237; 41
2238; 46
2239; 46
2240; 51
2241; 51
2242; 55
2243; 55
2244; 59
2245; 59
2246; 3
2247; 3
2248; 19
2249; 19
2250; 23
2251; 23
2252; 30
2253; 30
2254; 46
2255; 46
2256; 51
2257; 51
2258; 56
2259; 55
2260; 59
2261; 59
2262; 3
2263; 3
2264; 7
2265; 7
2266; 23
2267; 23
2268; 27
2269; 27
2270; 34
2271; 34
2272; 50
2273; 50
2274; 55
2275; 55
2276; 0
2277; 0
2278; 4
2279; 4
2280; 8
2281; 8
2282; 12
2283; 12
2284; 28
2285; 28
2286; 32
2287; 32
2288; 39
2289; 39
2290; 55
2291; 55
2292; 0
2293; 0
2294; 5
2295; 4
2296; 8
2297; 8
2298; 12
2299; 12
2300; 16
2301; 16
2302; 32
2303; 32
2304; 36
2305; 36
2306; 43
2307; 43
2308; 59
2309; 59
2310; 4
2311; 4
2312; 9
2313; 9
2314; 13
2315; 13
2316; 17
2317; 17
2318; 21
2319; 21
2320; 37
2321; 37
2322; 41
2323; 41
2324; 48
2325; 48
2326; 4
2327; 4
2328; 9
2329; 9
2330; 14
2331; 14
2332; 18
2333; 18
2334; 22
2335; 22
2336; 26
2337; 26
2338; 42
2339; 42
2340; 46
2341; 46
2342; 53
2343; 53
2344; 9
2345; 9
2346; 14
2347; 14
2348; 19
2349; 18
2350; 22
2351; 22
2352; 26
2353; 26
2354; 30
2355; 30
2356; 46
2357; 46
2358; 50
2359; 50
2360; 57
2361; 57
2362; 13
2363; 13
2364; 18
2365; 18
2366; 23
2367; 23
2368; 27
2369; 27
2370; 31
2371; 31
2372; 35
2373; 35
2374; 51
2375; 51
2376; 55
2377; 55
2378; 2
2379; 2
2380; 18
2381; 18
2382; 23
2383; 23
2384; 28
2385; 50
2386; 55
2387; 55
2388; 3
2389; 3
2390; 11
2391; 11
2392; 15
2393; 15
2394; 19
2395; 19
2396; 25
2397; 25
2398; 30
2399; 30
2400; 35
2401; 54
2402; 59
2403; 59
2404; 7
2405; 7
2406; 15
2407; 15
2408; 19
2409; 19
2410; 23
2411; 23
2412; 29
2413; 29
2414; 34
2415; 34
2416; 39
2417; 59
2418; 4
2419; 4
2420; 12
2421; 12
2422; 20
2423; 20
2424; 24
2425; 24
2426; 28
2427; 28
2428; 34
2429; 34
2430; 39
2431; 39
2432; 44
2433; 3
2434; 8
2435; 8
2436; 16
2437; 16
2438; 24
2439; 24
2440; 28
2441; 28
2442; 32
2443; 32
2444; 38
2445; 38
2446; 43
2447; 43
2448; 48
2449; 8
2450; 13
2451; 13
2452; 21
2453; 21
2454; 29
2455; 29
2456; 33
2457; 33
2458; 37
2459; 37
2460; 43
2461; 43
2462; 48
2463; 48
2464; 53
2465; 13
2466; 18
2467; 18
2468; 26
2469; 26
2470; 34
2471; 34
2472; 38
2473; 38
2474; 42
2475; 42
2476; 48
2477; 48
2478; 53
2479; 53
2480; 58
2481; 17
2482; 22
2483; 22
2484; 30
2485; 30
2486; 38
2487; 38
2488; 42
2489; 42
2490; 46
2491; 46
2492; 52
2493; 52
2494; 57
2495; 57
2496; 2
2497; 22
2498; 27
2499; 27
2500; 35
2501; 35
2502; 43
2503; 43
2504; 47
2505; 47
2506; 51
2507; 51
2508; 57
2509; 57
2510; 2
2511; 2
2512; 7
2513; 26
2514; 31
2515; 31
2516; 39
2517; 39
2518; 47
2519; 47
2520; 51
2521; 51
2522; 55
2523; 55
2524; 1
2525; 1
2526; 6
2527; 6
2528; 11
2529; 31
2530; 36
2531; 36
2532; 44
2533; 44
2534; 52
2535; 52
2536; 56
2537; 56
2538; 0
2539; 0
2540; 6
2541; 6
2542; 11
2543; 11
2544; 16
2545; 36
2546; 41
2547; 41
2548; 49
2549; 49
2550; 57
2551; 57
2552; 1
2553; 1
2554; 5
2555; 5
2556; 11
2557; 11
2558; 16
2559; 16
2560; 21
2561; 40
2562; 45
2563; 45
2564; 53
2565; 53
2566; 1
2567; 1
2568; 5
2569; 5
2570; 9
2571; 9
2572; 15
2573; 15
2574; 20
2575; 20
2576; 25
2577; 45
2578; 50
2579; 50
2580; 58
2581; 58
2582; 6
2583; 6
2584; 10
2585; 10
2586; 14
2587; 14
2588; 20
2589; 20
2590; 25
2591; 25
2592; 30
2593; 0
2594; 5
2595; 5
2596; 10
2597; 10
2598; 16
2599; 16
2600; 20
2601; 20
2602; 24
2603; 24
2604; 32
2605; 32
2606; 40
2607; 40
2608; 45
2609; 4
2610; 9
2611; 9
2612; 14
2613; 14
2614; 20
2615; 20
2616; 24
2617; 24
2618; 28
2619; 28
2620; 36
2621; 36
2622; 44
2623; 44
2624; 49
2625; 9
2626; 14
2627; 14
2628; 19
2629; 19
2630; 25
2631; 25
2632; 29
2633; 29
2634; 33
2635; 33
2636; 41
2637; 41
2638; 49
2639; 49
2640; 54
2641; 13
2642; 18
2643; 18
2644; 23
2645; 23
2646; 29
2647; 29
2648; 33
2649; 33
2650; 37
2651; 37
2652; 45
2653; 45
2654; 53
2655; 53
2656; 58
2657; 18
2658; 23
2659; 23
2660; 28
2661; 28
2662; 34
2663; 34
2664; 38
2665; 38
2666; 42
2667; 42
2668; 50
2669; 50
2670; 58
2671; 58
2672; 3
2673; 23
2674; 28
2675; 28
2676; 33
2677; 33
2678; 39
2679; 39
2680; 43
2681; 43
2682; 47
2683; 47
2684; 55
2685; 55
2686; 3
2687; 3
2688; 8
2689; 27
2690; 32
2691; 32
2692; 37
2693; 37
2694; 43
2695; 43
2696; 47
2697; 47
2698; 51
2699; 51
2700; 59
2701; 59
2702; 7
2703; 7
2704; 12
2705; 32
2706; 37
2707; 37
2708; 42
2709; 42
2710; 48
2711; 48
2712; 52
2713; 52
2714; 56
2715; 56
2716; 4
2717; 4
2718; 12
2719; 12
2720; 17
2721; 36
2722; 41
2723; 41
2724; 46
2725; 46
2726; 52
2727; 52
2728; 56
2729; 56
2730; 0
2731; 0
2732; 8
2733; 8
2734; 16
2735; 16
2736; 21
2737; 41
2738; 46
2739; 46
2740; 51
2741; 51
2742; 57
2743; 57
2744; 1
2745; 1
2746; 5
2747; 5
2748; 13
2749; 13
2750; 21
2751; 21
2752; 26
2753; 46
2754; 51
2755; 51
2756; 56
2757; 56
2758; 2
2759; 2
2760; 6
2761; 6
2762; 10
2763; 10
2764; 18
2765; 18
2766; 26
2767; 26
2768; 31
2769; 50
2770; 55
2771; 55
2772; 0
2773; 0
2774; 6
2775; 6
2776; 10
2777; 10
2778; 14
2779; 14
2780; 22
2781; 22
2782; 30
2783; 30
2784; 35
2785; 55
2786; 0
2787; 0
2788; 5
2789; 5
2790; 11
2791; 11
2792; 15
2793; 15
2794; 19
2795; 19
2796; 27
2797; 27
2798; 35
2799; 35
2800; 40
2801; 0
2802; 4
2803; 4
2804; 12
2805; 12
2806; 19
2807; 19
2808; 24
2809; 24
2810; 31
2811; 31
2812; 47
2813; 47
2814; 52
2815; 52
2816; 57
2817; 30
2818; 34
2819; 34
2820; 42
2821; 42
2822; 49
2823; 49
2824; 54
2825; 54
2826; 1
2827; 1
2828; 17
2829; 17
2830; 22
2831; 22
2832; 27
2833; 0
2834; 5
2835; 5
2836; 10
2837; 10
2838; 26
2839; 26
2840; 33
2841; 33
2842; 38
2843; 38
2844; 45
2845; 45
2846; 53
2847; 53
2848; 57
2849; 30
2850; 35
2851; 35
2852; 40
2853; 40
2854; 56
2855; 56
2856; 3
2857; 3
2858; 8
2859; 8
2860; 15
2861; 15
2862; 23
2863; 23
2864; 27
2865; 0
2866; 5
2867; 5
2868; 13
2869; 13
2870; 21
2871; 21
2872; 25
2873; 25
2874; 29
2875; 29
2876; 35
2877; 35
2878; 39
2879; 30
2880; 35
2881; 35
2882; 43
2883; 43
2884; 51
2885; 51
2886; 55
2887; 55
2888; 59
2889; 59
2890; 5
2891; 5
2892; 9
2893; 0
2894; 4
2895; 4
2896; 10
2897; 10
2898; 14
2899; 14
2900; 18
2901; 18
2902; 26
2903; 26
2904; 34
2905; 34
2906; 39
2907; 30
2908; 34
2909; 34
2910; 40
2911; 40
2912; 44
2913; 44
2914; 48
2915; 48
2916; 56
2917; 56
2918; 4
2919; 4
2920; 9
2921; 5
2922; 9
2923; 9
2924; 17
2925; 17
2926; 24
2927; 24
2928; 29
2929; 29
2930; 33
2931; 33
2932; 37
2933; 37
2934; 44
2935; 9
2936; 13
2937; 13
2938; 21
2939; 21
2940; 28
2941; 28
2942; 33
2943; 33
2944; 37
2945; 37
2946; 41
2947; 41
2948; 48
2949; 14
2950; 18
2951; 18
2952; 26
2953; 26
2954; 33
2955; 33
2956; 38
2957; 38
2958; 42
2959; 42
2960; 46
2961; 46
2962; 53
2963; 18
2964; 22
2965; 22
2966; 30
2967; 30
2968; 37
2969; 37
2970; 42
2971; 42
2972; 46
2973; 46
2974; 50
2975; 50
2976; 57
2977; 23
2978; 27
2979; 27
2980; 35
2981; 35
2982; 42
2983; 42
2984; 47
2985; 47
2986; 51
2987; 51
2988; 55
2989; 55
2990; 2
2991; 28
2992; 32
2993; 32
2994; 40
2995; 40
2996; 47
2997; 47
2998; 52
2999; 52
3000; 56
3001; 56
3002; 0
3003; 0
3004; 7
3005; 32
3006; 36
3007; 36
3008; 44
3009; 44
3010; 51
3011; 51
3012; 56
3013; 56
3014; 0
3015; 0
3016; 4
3017; 4
3018; 11
3019; 37
3020; 41
3021; 41
3022; 49
3023; 49
3024; 56
3025; 56
3026; 1
3027; 1
3028; 5
3029; 5
3030; 9
3031; 9
3032; 16
3033; 41
3034; 45
3035; 45
3036; 53
3037; 53
3038; 0
3039; 0
3040; 5
3041; 5
3042; 9
3043; 9
3044; 13
3045; 13
3046; 20
3047; 46
3048; 50
3049; 50
3050; 58
3051; 58
3052; 5
3053; 5
3054; 10
3055; 10
3056; 14
3057; 14
3058; 18
3059; 18
3060; 25
3061; 51
3062; 55
3063; 55
3064; 3
3065; 3
3066; 10
3067; 10
3068; 15
3069; 15
3070; 19
3071; 19
3072; 23
3073; 23
3074; 30
3075; 55
3076; 59
3077; 59
3078; 7
3079; 7
3080; 14
3081; 14
3082; 19
3083; 19
3084; 23
3085; 23
3086; 27
3087; 27
3088; 34
3089; 0
3090; 4
3091; 4
3092; 12
3093; 12
3094; 19
3095; 19
3096; 24
3097; 24
3098; 28
3099; 28
3100; 32
3101; 32
3102; 39
3103; 0
3104; 7
3105; 7
3106; 11
3107; 11
3108; 15
3109; 15
3110; 20
3111; 20
3112; 27
3113; 27
3114; 35
3115; 35
3116; 39
3117; 4
3118; 11
3119; 11
3120; 15
3121; 15
3122; 19
3123; 19
3124; 24
3125; 24
3126; 31
3127; 31
3128; 39
3129; 39
3130; 43
3131; 9
3132; 16
3133; 16
3134; 20
3135; 20
3136; 24
3137; 24
3138; 29
3139; 29
3140; 36
3141; 36
3142; 44
3143; 44
3144; 48
3145; 13
3146; 20
3147; 20
3148; 24
3149; 24
3150; 28
3151; 28
3152; 33
3153; 33
3154; 40
3155; 40
3156; 48
3157; 48
3158; 52
3159; 18
3160; 25
3161; 25
3162; 29
3163; 29
3164; 33
3165; 33
3166; 38
3167; 38
3168; 45
3169; 45
3170; 53
3171; 53
3172; 57
3173; 23
3174; 30
3175; 30
3176; 34
3177; 34
3178; 38
3179; 38
3180; 43
3181; 43
3182; 50
3183; 50
3184; 58
3185; 58
3186; 2
3187; 27
3188; 34
3189; 34
3190; 38
3191; 38
3192; 42
3193; 42
3194; 47
3195; 47
3196; 54
3197; 54
3198; 2
3199; 2
3200; 6
3201; 32
3202; 39
3203; 39
3204; 43
3205; 43
3206; 47
3207; 47
3208; 52
3209; 52
3210; 59
3211; 59
3212; 7
3213; 7
3214; 11
3215; 36
3216; 43
3217; 43
3218; 47
3219; 47
3220; 51
3221; 51
3222; 56
3223; 56
3224; 3
3225; 3
3226; 11
3227; 11
3228; 15
3229; 41
3230; 48
3231; 48
3232; 52
3233; 52
3234; 56
3235; 56
3236; 1
3237; 1
3238; 8
3239; 8
3240; 16
3241; 16
3242; 20
3243; 46
3244; 53
3245; 53
3246; 57
3247; 57
3248; 1
3249; 1
3250; 6
3251; 6
3252; 13
3253; 13
3254; 21
3255; 21
3256; 25
3257; 50
3258; 57
3259; 57
3260; 1
3261; 1
3262; 5
3263; 5
3264; 10
3265; 10
3266; 17
3267; 17
3268; 25
3269; 25
3270; 29
3271; 55
3272; 2
3273; 2
3274; 6
3275; 6
3276; 10
3277; 10
3278; 15
3279; 15
3280; 22
3281; 22
3282; 30
3283; 30
3284; 34
3285; 0
3286; 5
3287; 5
3288; 10
3289; 10
3290; 15
3291; 15
3292; 19
3293; 19
3294; 27
3295; 27
3296; 31
3297; 31
3298; 35
3299; 4
3300; 9
3301; 9
3302; 14
3303; 14
3304; 19
3305; 19
3306; 23
3307; 23
3308; 31
3309; 31
3310; 35
3311; 35
3312; 39
3313; 9
3314; 14
3315; 14
3316; 19
3317; 19
3318; 24
3319; 24
3320; 28
3321; 28
3322; 36
3323; 36
3324; 40
3325; 40
3326; 44
3327; 13
3328; 18
3329; 18
3330; 23
3331; 23
3332; 28
3333; 28
3334; 32
3335; 32
3336; 40
3337; 40
3338; 44
3339; 44
3340; 48
3341; 18
3342; 23
3343; 23
3344; 28
3345; 28
3346; 33
3347; 33
3348; 37
3349; 37
3350; 45
3351; 45
3352; 49
3353; 49
3354; 53
3355; 23
3356; 28
3357; 28
3358; 33
3359; 33
3360; 38
3361; 38
3362; 42
3363; 42
3364; 50
3365; 50
3366; 54
3367; 54
3368; 58
3369; 27
3370; 32
3371; 32
3372; 37
3373; 37
3374; 42
3375; 42
3376; 46
3377; 46
3378; 54
3379; 54
3380; 58
3381; 58
3382; 2
3383; 32
3384; 37
3385; 37
3386; 42
3387; 42
3388; 47
3389; 47
3390; 51
3391; 51
3392; 59
3393; 59
3394; 3
3395; 3
3396; 7
3397; 36
3398; 41
3399; 41
3400; 46
3401; 46
3402; 51
3403; 51
3404; 55
3405; 55
3406; 3
3407; 3
3408; 7
3409; 7
3410; 11
3411; 41
3412; 46
3413; 46
3414; 51
3415; 51
3416; 56
3417; 56
3418; 0
3419; 0
3420; 8
3421; 8
3422; 12
3423; 12
3424; 16
3425; 46
3426; 51
3427; 51
3428; 56
3429; 56
3430; 1
3431; 1
3432; 5
3433; 5
3434; 13
3435; 13
3436; 17
3437; 17
3438; 21
3439; 50
3440; 55
3441; 55
3442; 0
3443; 0
3444; 5
3445; 5
3446; 9
3447; 9
3448; 17
3449; 17
3450; 21
3451; 21
3452; 25
3453; 55
3454; 0
3455; 0
3456; 5
3457; 5
3458; 10
3459; 10
3460; 14
3461; 14
3462; 22
3463; 22
3464; 26
3465; 26
3466; 30
3467; 43
3468; 47
3469; 47
3470; 51
3471; 51
3472; 59
3473; 59
3474; 3
3475; 3
3476; 8
3477; 8
3478; 13
3479; 13
3480; 18
3481; 47
3482; 51
3483; 51
3484; 55
3485; 55
3486; 3
3487; 3
3488; 7
3489; 7
3490; 12
3491; 12
3492; 17
3493; 17
3494; 22
3495; 52
3496; 56
3497; 56
3498; 0
3499; 0
3500; 8
3501; 8
3502; 12
3503; 12
3504; 17
3505; 17
3506; 22
3507; 22
3508; 27
3509; 56
3510; 0
3511; 0
3512; 4
3513; 4
3514; 12
3515; 12
3516; 16
3517; 16
3518; 21
3519; 21
3520; 26
3521; 26
3522; 31
3523; 1
3524; 5
3525; 5
3526; 9
3527; 9
3528; 17
3529; 17
3530; 21
3531; 21
3532; 26
3533; 26
3534; 31
3535; 31
3536; 36
3537; 6
3538; 10
3539; 10
3540; 14
3541; 14
3542; 22
3543; 22
3544; 26
3545; 26
3546; 31
3547; 31
3548; 36
3549; 36
3550; 41
3551; 10
3552; 14
3553; 14
3554; 18
3555; 18
3556; 26
3557; 26
3558; 30
3559; 30
3560; 35
3561; 35
3562; 40
3563; 40
3564; 45
3565; 15
3566; 19
3567; 19
3568; 23
3569; 23
3570; 31
3571; 31
3572; 35
3573; 35
3574; 40
3575; 40
3576; 45
3577; 45
3578; 50
3579; 19
3580; 23
3581; 23
3582; 27
3583; 27
3584; 35
3585; 35
3586; 39
3587; 39
3588; 44
3589; 44
3590; 49
3591; 49
3592; 54
3593; 24
3594; 28
3595; 28
3596; 32
3597; 32
3598; 40
3599; 40
3600; 44
3601; 44
3602; 49
3603; 49
3604; 54
3605; 54
3606; 59
3607; 29
3608; 33
3609; 33
3610; 37
3611; 37
3612; 45
3613; 45
3614; 49
3615; 49
3616; 54
3617; 54
3618; 59
3619; 59
3620; 4
3621; 33
3622; 37
3623; 37
3624; 41
3625; 41
3626; 49
3627; 49
3628; 53
3629; 53
3630; 58
3631; 58
3632; 3
3633; 3
3634; 8
3635; 38
3636; 42
3637; 42
3638; 46
3639; 46
3640; 54
3641; 54
3642; 58
3643; 58
3644; 3
3645; 3
3646; 8
3647; 8
3648; 13
3649; 0
3650; 4
3651; 4
3652; 10
3653; 10
3654; 14
3655; 14
3656; 20
3657; 20
3658; 24
3659; 24
3660; 30
3661; 30
3662; 34
3663; 4
3664; 8
3665; 8
3666; 14
3667; 14
3668; 18
3669; 18
3670; 24
3671; 24
3672; 28
3673; 28
3674; 34
3675; 34
3676; 38
3677; 9
3678; 13
3679; 13
3680; 19
3681; 19
3682; 23
3683; 23
3684; 29
3685; 29
3686; 33
3687; 33
3688; 39
3689; 39
3690; 43
3691; 13
3692; 17
3693; 17
3694; 23
3695; 23
3696; 27
3697; 27
3698; 33
3699; 33
3700; 37
3701; 37
3702; 43
3703; 43
3704; 47
3705; 18
3706; 22
3707; 22
3708; 28
3709; 28
3710; 32
3711; 32
3712; 38
3713; 38
3714; 42
3715; 42
3716; 48
3717; 48
3718; 52
3719; 23
3720; 27
3721; 27
3722; 33
3723; 33
3724; 37
3725; 37
3726; 43
3727; 43
3728; 47
3729; 47
3730; 53
3731; 53
3732; 57
3733; 27
3734; 31
3735; 31
3736; 37
3737; 37
3738; 41
3739; 41
3740; 47
3741; 47
3742; 51
3743; 51
3744; 57
3745; 57
3746; 1
3747; 32
3748; 36
3749; 36
3750; 42
3751; 42
3752; 46
3753; 46
3754; 52
3755; 52
3756; 56
3757; 56
3758; 2
3759; 2
3760; 6
3761; 36
3762; 40
3763; 40
3764; 46
3765; 46
3766; 50
3767; 50
3768; 56
3769; 56
3770; 0
3771; 0
3772; 6
3773; 6
3774; 10
3775; 41
3776; 45
3777; 45
3778; 51
3779; 51
3780; 55
3781; 55
3782; 1
3783; 1
3784; 5
3785; 5
3786; 11
3787; 11
3788; 15
3789; 46
3790; 50
3791; 50
3792; 56
3793; 56
3794; 0
3795; 0
3796; 6
3797; 6
3798; 10
3799; 10
3800; 16
3801; 16
3802; 20
3803; 50
3804; 54
3805; 54
3806; 0
3807; 0
3808; 4
3809; 4
3810; 10
3811; 10
3812; 14
3813; 14
3814; 20
3815; 20
3816; 24
3817; 55
3818; 59
3819; 59
3820; 5
3821; 5
3822; 9
3823; 9
3824; 15
3825; 15
3826; 19
3827; 19
3828; 25
3829; 25
3830; 29
3831; 2
3832; 6
3833; 6
3834; 12
3835; 12
3836; 16
3837; 16
3838; 22
3839; 22
3840; 26
3841; 26
3842; 32
3843; 32
3844; 36
3845; 6
3846; 10
3847; 10
3848; 16
3849; 16
3850; 20
3851; 20
3852; 26
3853; 26
3854; 30
3855; 30
3856; 36
3857; 36
3858; 40
3859; 11
3860; 15
3861; 15
3862; 21
3863; 21
3864; 25
3865; 25
3866; 31
3867; 31
3868; 35
3869; 35
3870; 41
3871; 41
3872; 45
3873; 15
3874; 19
3875; 19
3876; 25
3877; 25
3878; 29
3879; 29
3880; 35
3881; 35
3882; 39
3883; 39
3884; 45
3885; 45
3886; 49
3887; 20
3888; 24
3889; 24
3890; 30
3891; 30
3892; 34
3893; 34
3894; 40
3895; 40
3896; 44
3897; 44
3898; 50
3899; 50
3900; 54
3901; 25
3902; 29
3903; 29
3904; 35
3905; 35
3906; 39
3907; 39
3908; 45
3909; 45
3910; 49
3911; 49
3912; 55
3913; 55
3914; 59
3915; 29
3916; 33
3917; 33
3918; 39
3919; 39
3920; 43
3921; 43
3922; 49
3923; 49
3924; 53
3925; 53
3926; 59
3927; 59
3928; 3
3929; 34
3930; 38
3931; 38
3932; 44
3933; 44
3934; 48
3935; 48
3936; 54
3937; 54
3938; 58
3939; 58
3940; 4
3941; 4
3942; 8
3943; 38
3944; 42
3945; 42
3946; 48
3947; 48
3948; 52
3949; 52
3950; 58
3951; 58
3952; 2
3953; 2
3954; 8
3955; 8
3956; 12
3957; 43
3958; 47
3959; 47
3960; 53
3961; 53
3962; 57
3963; 57
3964; 3
3965; 3
3966; 7
3967; 7
3968; 13
3969; 13
3970; 17
3971; 48
3972; 52
3973; 52
3974; 58
3975; 58
3976; 2
3977; 2
3978; 8
3979; 8
3980; 12
3981; 12
3982; 18
3983; 18
3984; 22
3985; 52
3986; 56
3987; 56
3988; 2
3989; 2
3990; 6
3991; 6
3992; 12
3993; 12
3994; 16
3995; 16
3996; 22
3997; 22
3998; 26
3999; 57
4000; 1
4001; 1
4002; 7
4003; 7
4004; 11
4005; 11
4006; 17
4007; 17
4008; 21
4009; 21
4010; 27
4011; 27
4012; 31
4013; 0
4014; 8
4015; 8
4016; 13
4017; 13
4018; 19
4019; 19
4020; 23
4021; 23
4022; 27
4023; 27
4024; 31
4025; 30
4026; 38
4027; 38
4028; 43
4029; 43
4030; 49
4031; 49
4032; 53
4033; 53
4034; 57
4035; 57
4036; 1
4037; 0
4038; 4
4039; 4
4040; 8
4041; 8
4042; 12
4043; 12
4044; 18
4045; 18
4046; 23
4047; 23
4048; 31
4049; 30
4050; 34
4051; 34
4052; 38
4053; 38
4054; 42
4055; 42
4056; 48
4057; 48
4058; 53
4059; 53
4060; 1
4061; 0
4062; 6
4063; 6
4064; 11
4065; 11
4066; 16
4067; 16
4068; 21
4069; 21
4070; 26
4071; 30
4072; 36
4073; 36
4074; 41
4075; 41
4076; 46
4077; 46
4078; 51
4079; 51
4080; 56
4081; 0
4082; 5
4083; 5
4084; 10
4085; 10
4086; 15
4087; 15
4088; 20
4089; 20
4090; 26
4091; 30
4092; 35
4093; 35
4094; 40
4095; 40
4096; 45
4097; 45
4098; 50
4099; 50
4100; 56
4101; 0
4102; 4
4103; 4
4104; 8
4105; 8
4106; 14
4107; 14
4108; 18
4109; 18
4110; 22
4111; 30
4112; 34
4113; 34
4114; 38
4115; 38
4116; 44
4117; 44
4118; 48
4119; 48
4120; 52
4121; 0
4122; 4
4123; 4
4124; 8
4125; 8
4126; 14
4127; 14
4128; 18
4129; 18
4130; 22
4131; 30
4132; 34
4133; 34
4134; 38
4135; 38
4136; 44
4137; 44
4138; 48
4139; 48
4140; 52
4141; 0
4142; 5
4143; 5
4144; 10
4145; 10
4146; 16
4147; 16
4148; 22
4149; 22
4150; 26
4151; 30
4152; 35
4153; 35
4154; 40
4155; 40
4156; 46
4157; 46
4158; 52
4159; 52
4160; 56
4161; 0
4162; 4
4163; 4
4164; 10
4165; 10
4166; 16
4167; 16
4168; 21
4169; 21
4170; 26
4171; 30
4172; 34
4173; 34
4174; 40
4175; 40
4176; 46
4177; 46
4178; 51
4179; 51
4180; 56
4181; 0
4182; 4
4183; 4
4184; 10
4185; 10
4186; 15
4187; 15
4188; 20
4189; 20
4190; 24
4191; 30
4192; 34
4193; 34
4194; 40
4195; 40
4196; 45
4197; 45
4198; 50
4199; 50
4200; 54
4201; 0
4202; 4
4203; 4
4204; 9
4205; 9
4206; 14
4207; 14
4208; 20
4209; 20
4210; 24
4211; 30
4212; 34
4213; 34
4214; 39
4215; 39
4216; 44
4217; 44
4218; 50
4219; 50
4220; 54
4221; 0
4222; 5
4223; 5
4224; 10
4225; 10
4226; 15
4227; 15
4228; 20
4229; 30
4230; 35
4231; 35
4232; 40
4233; 40
4234; 45
4235; 45
4236; 50
4237; 0
4238; 5
4239; 5
4240; 10
4241; 10
4242; 15
4243; 15
4244; 20
4245; 30
4246; 35
4247; 35
4248; 40
4249; 40
4250; 45
4251; 45
4252; 50
4253; 0
4254; 5
4255; 5
4256; 12
4257; 12
4258; 17
4259; 17
4260; 21
4261; 30
4262; 35
4263; 35
4264; 42
4265; 42
4266; 47
4267; 47
4268; 51
4269; 0
4270; 4
4271; 4
4272; 9
4273; 9
4274; 16
4275; 16
4276; 21
4277; 30
4278; 34
4279; 34
4280; 39
4281; 39
4282; 46
4283; 46
4284; 51
4285; 0
4286; 4
4287; 4
4288; 11
4289; 11
4290; 16
4291; 30
4292; 34
4293; 34
4294; 41
4295; 41
4296; 46
4297; 0
4298; 5
4299; 5
4300; 12
4301; 12
4302; 16
4303; 30
4304; 35
4305; 35
4306; 42
4307; 42
4308; 46
4309; 0
4310; 4
4311; 4
4312; 8
4313; 30
4314; 34
4315; 34
4316; 38
4317; 0
4318; 4
4319; 4
4320; 8
4321; 30
4322; 34
4323; 34
4324; 38
4325; 0
4326; 4
4327; 30
4328; 34
4329; 0
4330; 4
4331; 30
4332; 34
4333; 0
4334; 5
4335; 30
4336; 35
4337; 0
4338; 5
4339; 30
4340; 35
4341; 0
4342; 5
4343; 5
4344; 10
4345; 10
4346; 16
4347; 16
4348; 22
4349; 30
4350; 35
4351; 35
4352; 40
4353; 40
4354; 46
4355; 46
4356; 52
4357; 0
4358; 6
4359; 6
4360; 12
4361; 12
4362; 17
4363; 17
4364; 22
4365; 30
4366; 36
4367; 36
4368; 42
4369; 42
4370; 47
4371; 47
4372; 52
4373; 0
4374; 7
4375; 7
4376; 15
4377; 15
4378; 19
4379; 19
4380; 24
4381; 30
4382; 37
4383; 37
4384; 45
4385; 45
4386; 49
4387; 49
4388; 54
4389; 0
4390; 5
4391; 5
4392; 9
4393; 9
4394; 17
4395; 17
4396; 24
4397; 30
4398; 35
4399; 35
4400; 39
4401; 39
4402; 47
4403; 47
4404; 54
4405; 0
4406; 4
4407; 4
4408; 8
4409; 8
4410; 16
4411; 16
4412; 20
4413; 20
4414; 25
4415; 30
4416; 34
4417; 34
4418; 38
4419; 38
4420; 46
4421; 46
4422; 50
4423; 50
4424; 55
4425; 0
4426; 5
4427; 5
4428; 9
4429; 9
4430; 17
4431; 17
4432; 21
4433; 21
4434; 25
4435; 30
4436; 35
4437; 35
4438; 39
4439; 39
4440; 47
4441; 47
4442; 51
4443; 51
4444; 55
4445; 0
4446; 4
4447; 4
4448; 8
4449; 8
4450; 12
4451; 12
4452; 16
4453; 16
4454; 20
4455; 20
4456; 28
4457; 30
4458; 34
4459; 34
4460; 38
4461; 38
4462; 42
4463; 42
4464; 46
4465; 46
4466; 50
4467; 50
4468; 58
4469; 0
4470; 8
4471; 8
4472; 12
4473; 12
4474; 16
4475; 16
4476; 20
4477; 20
4478; 24
4479; 24
4480; 28
4481; 30
4482; 38
4483; 38
4484; 42
4485; 42
4486; 46
4487; 46
4488; 50
4489; 50
4490; 54
4491; 54
4492; 58
4493; 36
4494; 41
4495; 41
4496; 45
4497; 45
4498; 51
4499; 51
4500; 55
4501; 55
4502; 59
4503; 59
4504; 3
4505; 3
4506; 9
4507; 40
4508; 45
4509; 45
4510; 49
4511; 49
4512; 55
4513; 55
4514; 59
4515; 59
4516; 3
4517; 3
4518; 7
4519; 7
4520; 13
4521; 45
4522; 50
4523; 50
4524; 54
4525; 54
4526; 0
4527; 0
4528; 4
4529; 4
4530; 8
4531; 8
4532; 12
4533; 12
4534; 18
4535; 49
4536; 54
4537; 54
4538; 58
4539; 58
4540; 4
4541; 4
4542; 8
4543; 8
4544; 12
4545; 12
4546; 16
4547; 16
4548; 22
4549; 54
4550; 59
4551; 59
4552; 3
4553; 3
4554; 9
4555; 9
4556; 13
4557; 13
4558; 17
4559; 17
4560; 21
4561; 21
4562; 27
4563; 59
4564; 4
4565; 4
4566; 8
4567; 8
4568; 14
4569; 14
4570; 18
4571; 18
4572; 22
4573; 22
4574; 26
4575; 26
4576; 32
4577; 3
4578; 8
4579; 8
4580; 12
4581; 12
4582; 18
4583; 18
4584; 22
4585; 22
4586; 26
4587; 26
4588; 30
4589; 30
4590; 36
4591; 8
4592; 13
4593; 13
4594; 17
4595; 17
4596; 23
4597; 23
4598; 27
4599; 27
4600; 31
4601; 31
4602; 35
4603; 35
4604; 41
4605; 12
4606; 17
4607; 17
4608; 21
4609; 21
4610; 27
4611; 27
4612; 31
4613; 31
4614; 35
4615; 35
4616; 39
4617; 39
4618; 45
4619; 17
4620; 22
4621; 22
4622; 26
4623; 26
4624; 32
4625; 32
4626; 36
4627; 36
4628; 40
4629; 40
4630; 44
4631; 44
4632; 50
4633; 22
4634; 27
4635; 27
4636; 31
4637; 31
4638; 37
4639; 37
4640; 41
4641; 41
4642; 45
4643; 45
4644; 49
4645; 49
4646; 55
4647; 26
4648; 31
4649; 31
4650; 35
4651; 35
4652; 41
4653; 41
4654; 45
4655; 45
4656; 49
4657; 49
4658; 53
4659; 53
4660; 59
4661; 31
4662; 36
4663; 36
4664; 40
4665; 40
4666; 46
4667; 46
4668; 50
4669; 50
4670; 54
4671; 54
4672; 58
4673; 58
4674; 4
4675; 0
4676; 6
4677; 6
4678; 10
4679; 10
4680; 14
4681; 14
4682; 18
4683; 18
4684; 24
4685; 24
4686; 28
4687; 28
4688; 33
4689; 4
4690; 10
4691; 10
4692; 14
4693; 14
4694; 18
4695; 18
4696; 22
4697; 22
4698; 28
4699; 28
4700; 32
4701; 32
4702; 37
4703; 9
4704; 15
4705; 15
4706; 19
4707; 19
4708; 23
4709; 23
4710; 27
4711; 27
4712; 33
4713; 33
4714; 37
4715; 37
4716; 42
4717; 13
4718; 19
4719; 19
4720; 23
4721; 23
4722; 27
4723; 27
4724; 31
4725; 31
4726; 37
4727; 37
4728; 41
4729; 41
4730; 46
4731; 18
4732; 24
4733; 24
4734; 28
4735; 28
4736; 32
4737; 32
4738; 36
4739; 36
4740; 42
4741; 42
4742; 46
4743; 46
4744; 51
4745; 23
4746; 29
4747; 29
4748; 33
4749; 33
4750; 37
4751; 37
4752; 41
4753; 41
4754; 47
4755; 47
4756; 51
4757; 51
4758; 56
4759; 27
4760; 33
4761; 33
4762; 37
4763; 37
4764; 41
4765; 41
4766; 45
4767; 45
4768; 51
4769; 51
4770; 55
4771; 55
4772; 0
4773; 32
4774; 38
4775; 38
4776; 42
4777; 42
4778; 46
4779; 46
4780; 50
4781; 50
4782; 56
4783; 56
4784; 0
4785; 0
4786; 5
4787; 36
4788; 42
4789; 42
4790; 46
4791; 46
4792; 50
4793; 50
4794; 54
4795; 54
4796; 0
4797; 0
4798; 4
4799; 4
4800; 9
4801; 41
4802; 47
4803; 47
4804; 51
4805; 51
4806; 55
4807; 55
4808; 59
4809; 59
4810; 5
4811; 5
4812; 9
4813; 9
4814; 14
4815; 46
4816; 52
4817; 52
4818; 56
4819; 56
4820; 0
4821; 0
4822; 4
4823; 4
4824; 10
4825; 10
4826; 14
4827; 14
4828; 19
4829; 50
4830; 56
4831; 56
4832; 0
4833; 0
4834; 4
4835; 4
4836; 8
4837; 8
4838; 14
4839; 14
4840; 18
4841; 18
4842; 23
4843; 55
4844; 1
4845; 1
4846; 5
4847; 5
4848; 9
4849; 9
4850; 13
4851; 13
4852; 19
4853; 19
4854; 23
4855; 23
4856; 28
4857; 0
4858; 6
4859; 6
4860; 10
4861; 10
4862; 14
4863; 14
4864; 22
4865; 22
4866; 26
4867; 26
4868; 31
4869; 30
4870; 36
4871; 36
4872; 40
4873; 40
4874; 44
4875; 44
4876; 52
4877; 52
4878; 56
4879; 56
4880; 1
4881; 0
4882; 5
4883; 5
4884; 9
4885; 9
4886; 17
4887; 17
4888; 21
4889; 21
4890; 25
4891; 25
4892; 31
4893; 30
4894; 35
4895; 35
4896; 39
4897; 39
4898; 47
4899; 47
4900; 51
4901; 51
4902; 55
4903; 55
4904; 1
4905; 0
4906; 5
4907; 5
4908; 10
4909; 10
4910; 16
4911; 16
4912; 22
4913; 30
4914; 35
4915; 35
4916; 40
4917; 40
4918; 46
4919; 46
4920; 52
4921; 0
4922; 6
4923; 6
4924; 12
4925; 12
4926; 17
4927; 17
4928; 22
4929; 30
4930; 36
4931; 36
4932; 42
4933; 42
4934; 47
4935; 47
4936; 52
4937; 0
4938; 6
4939; 6
4940; 11
4941; 11
4942; 19
4943; 19
4944; 23
4945; 23
4946; 28
4947; 28
4948; 33
4949; 30
4950; 36
4951; 36
4952; 41
4953; 41
4954; 49
4955; 49
4956; 53
4957; 53
4958; 58
4959; 58
4960; 3
4961; 0
4962; 5
4963; 5
4964; 10
4965; 10
4966; 14
4967; 14
4968; 22
4969; 22
4970; 27
4971; 27
4972; 33
4973; 30
4974; 35
4975; 35
4976; 40
4977; 40
4978; 44
4979; 44
4980; 52
4981; 52
4982; 57
4983; 57
4984; 3
