#line-id;line-code;direction;stop-order;stop-id;frequency;departure_time;arrival_time
1;1H;>;1;22;1;0;0
1;1H;>;2;21;1;6;6
1;1H;>;3;16;1;12;12
1;1H;>;4;17;1;18;19
1;1H;>;5;12;1;25;25
1;1H;>;6;7;1;31;31
1;1H;>;7;6;1;37;37
1;1H;>;8;1;1;43;43
1;1H;>;9;2;1;49;49
1;1H;>;10;3;1;55;55
1;1H;>;11;4;1;1;1
1;1H;>;12;5;1;7;7
1;1R;<;1;5;1;35;35
1;1R;<;2;4;1;41;41
1;1R;<;3;3;1;47;47
1;1R;<;4;2;1;53;53
1;1R;<;5;1;1;59;59
1;1R;<;6;6;1;5;5
1;1R;<;7;7;1;11;11
1;1R;<;8;12;1;17;17
1;1R;<;9;17;1;23;23
1;1R;<;10;16;1;29;29
1;1R;<;11;21;1;35;35
1;1R;<;12;22;1;41;41
3;3H;>;1;25;3;6;6
3;3H;>;2;24;3;12;12
3;3H;>;3;23;3;18;18
3;3H;>;4;18;3;24;24
3;3H;>;5;13;3;30;30
3;3H;>;6;8;3;36;36
3;3H;>;7;3;3;42;42
3;3H;>;8;2;3;48;48
3;3H;>;9;1;3;54;54
3;3H;>;10;6;3;0;0
3;3H;>;11;11;3;6;6
3;3R;<;1;11;3;8;8
3;3R;<;2;6;3;14;14
3;3R;<;3;1;3;20;20
3;3R;<;4;2;3;26;26
3;3R;<;5;3;3;32;32
3;3R;<;6;8;3;38;38
3;3R;<;7;13;3;44;44
3;3R;<;8;18;3;50;50
3;3R;<;9;23;3;56;56
3;3R;<;10;24;3;2;2
3;3R;<;11;25;3;8;8
7;7H;>;1;21;1;13;13
7;7H;>;2;16;1;19;19
7;7H;>;3;11;1;25;25
7;7H;>;4;6;1;31;31
7;7H;>;5;1;1;37;37
7;7H;>;6;2;1;43;43
7;7H;>;7;3;1;49;49
7;7H;>;8;8;1;55;55
7;7H;>;9;13;1;1;1
7;7H;>;10;12;1;7;7
7;7H;>;11;7;1;13;13
7;7R;<;1;7;1;9;9
7;7R;<;2;12;1;15;15
7;7R;<;3;13;1;21;21
7;7R;<;4;8;1;27;27
7;7R;<;5;3;1;33;33
7;7R;<;6;2;1;39;39
7;7R;<;7;1;1;45;45
7;7R;<;8;6;1;51;51
7;7R;<;9;11;1;57;57
7;7R;<;10;16;1;3;3
7;7R;<;11;21;1;9;9
10;10H;>;1;22;1;0;0
10;10H;>;2;21;1;6;6
10;10H;>;3;16;1;12;12
10;10H;>;4;17;1;18;18
10;10H;>;5;12;1;24;24
10;10H;>;6;7;1;30;30
10;10H;>;7;6;1;36;36
10;10H;>;8;11;1;42;42
10;10R;<;1;11;1;59;59
10;10R;<;2;6;1;5;5
10;10R;<;3;7;1;11;11
10;10R;<;4;12;1;17;17
10;10R;<;5;17;1;23;23
10;10R;<;6;16;1;29;29
10;10R;<;7;21;1;35;35
10;10R;<;8;22;1;41;41
11;11H;>;1;24;1;38;38
11;11H;>;2;19;1;44;44
11;11H;>;3;14;1;50;50
11;11H;>;4;9;1;56;56
11;11H;>;5;8;1;2;2
11;11H;>;6;13;1;8;8
11;11H;>;7;18;1;14;14
11;11H;>;8;23;1;20;20
11;11R;<;1;23;1;24;24
11;11R;<;2;18;1;30;30
11;11R;<;3;13;1;36;36
11;11R;<;4;8;1;42;42
11;11R;<;5;9;1;48;48
11;11R;<;6;14;1;54;54
11;11R;<;7;19;1;0;0
11;11R;<;8;24;1;6;6
12;12H;>;1;24;2;8;8
12;12H;>;2;19;2;14;14
12;12H;>;3;14;2;20;20
12;12H;>;4;9;2;26;26
12;12H;>;5;8;2;32;32
12;12H;>;6;13;2;38;38
12;12H;>;7;12;2;44;44
12;12H;>;8;7;2;50;50
12;12R;<;1;7;2;24;24
12;12R;<;2;12;2;30;30
12;12R;<;3;13;2;36;36
12;12R;<;4;8;2;42;42
12;12R;<;5;9;2;48;48
12;12R;<;6;14;2;54;54
12;12R;<;7;19;2;0;0
12;12R;<;8;24;2;6;6
13;13H;>;1;20;1;12;12
13;13H;>;2;19;1;18;18
13;13H;>;3;14;1;24;24
13;13H;>;4;9;1;30;30
13;13H;>;5;4;1;36;36
13;13H;>;6;5;1;42;42
13;13R;<;1;5;1;28;28
13;13R;<;2;4;1;34;34
13;13R;<;3;9;1;40;40
13;13R;<;4;14;1;46;46
13;13R;<;5;19;1;52;52
13;13R;<;6;20;1;58;58
14;14H;>;1;22;3;15;15
14;14H;>;2;17;3;21;21
14;14H;>;3;18;3;27;27
14;14H;>;4;13;3;33;33
14;14H;>;5;12;3;39;39
14;14H;>;6;7;3;47;47
14;14R;<;1;7;3;9;9
14;14R;<;2;12;3;15;15
14;14R;<;3;13;3;21;21
14;14R;<;4;18;3;27;27
14;14R;<;5;17;3;33;33
14;14R;<;6;22;3;39;39
15;15H;>;1;14;2;17;17
15;15H;>;2;13;2;23;23
15;15H;>;3;8;2;29;29
15;15H;>;4;3;2;35;35
15;15H;>;5;4;2;41;41
15;15H;>;6;9;2;47;47
15;15R;<;1;9;2;7;7
15;15R;<;2;4;2;13;13
15;15R;<;3;3;2;19;19
15;15R;<;4;8;2;25;25
15;15R;<;5;13;2;31;31
15;15R;<;6;14;2;39;39
18;18H;>;1;15;2;11;11
18;18H;>;2;10;2;17;17
18;18H;>;3;9;2;23;23
18;18H;>;4;4;2;29;29
18;18H;>;5;5;2;35;35
18;18R;<;1;5;2;9;9
18;18R;<;2;4;2;15;15
18;18R;<;3;9;2;21;21
18;18R;<;4;10;2;27;27
18;18R;<;5;15;2;33;33
27;27H;>;1;13;4;7;7
27;27H;>;2;14;4;13;13
27;27R;<;1;14;4;12;12
27;27R;<;2;13;4;18;18
28;28H;>;1;12;1;59;59
28;28H;>;2;17;1;5;5
28;28R;<;1;17;1;59;59
28;28R;<;2;12;1;5;5
