#event-id; time
1; 0
2; 6
3; 6
4; 12
5; 12
6; 18
7; 18
8; 24
9; 24
10; 30
11; 30
12; 36
13; 36
14; 42
15; 42
16; 48
17; 0
18; 6
19; 6
20; 12
21; 12
22; 18
23; 18
24; 24
25; 24
26; 30
27; 30
28; 36
29; 36
30; 42
31; 42
32; 48
33; 0
34; 6
35; 6
36; 12
37; 12
38; 18
39; 18
40; 24
41; 24
42; 30
43; 30
44; 36
45; 36
46; 42
47; 42
48; 48
49; 0
50; 6
51; 6
52; 12
53; 12
54; 18
55; 18
56; 24
57; 24
58; 30
59; 30
60; 36
61; 36
62; 42
63; 42
64; 48
65; 0
66; 6
67; 6
68; 12
69; 12
70; 18
71; 18
72; 24
73; 24
74; 30
75; 30
76; 36
77; 36
78; 42
79; 0
80; 6
81; 6
82; 12
83; 12
84; 18
85; 18
86; 24
87; 24
88; 30
89; 30
90; 36
91; 36
92; 42
93; 0
94; 6
95; 6
96; 12
97; 12
98; 18
99; 18
100; 24
101; 24
102; 30
103; 30
104; 36
105; 36
106; 42
107; 0
108; 6
109; 6
110; 12
111; 12
112; 18
113; 18
114; 24
115; 24
116; 30
117; 30
118; 36
119; 36
120; 42
121; 0
122; 6
123; 6
124; 12
125; 12
126; 18
127; 18
128; 24
129; 24
130; 30
131; 30
132; 36
133; 36
134; 42
135; 0
136; 6
137; 6
138; 12
139; 12
140; 18
141; 18
142; 24
143; 24
144; 30
145; 30
146; 36
147; 36
148; 42
149; 0
150; 6
151; 6
152; 12
153; 12
154; 18
155; 18
156; 24
157; 24
158; 30
159; 30
160; 36
161; 36
162; 42
163; 0
164; 6
165; 6
166; 12
167; 12
168; 18
169; 18
170; 24
171; 24
172; 30
173; 30
174; 36
175; 36
176; 42
177; 0
178; 6
179; 6
180; 12
181; 12
182; 18
183; 18
184; 24
185; 24
186; 30
187; 30
188; 36
189; 36
190; 42
191; 0
192; 6
193; 6
194; 12
195; 12
196; 18
197; 18
198; 24
199; 24
200; 30
201; 30
202; 36
203; 36
204; 42
205; 0
206; 6
207; 6
208; 12
209; 12
210; 18
211; 18
212; 24
213; 24
214; 30
215; 30
216; 36
217; 36
218; 42
219; 20
220; 26
221; 26
222; 32
223; 32
224; 38
225; 38
226; 44
227; 44
228; 50
229; 50
230; 56
231; 56
232; 2
233; 40
234; 46
235; 46
236; 52
237; 52
238; 58
239; 58
240; 4
241; 4
242; 10
243; 10
244; 16
245; 16
246; 22
247; 0
248; 6
249; 6
250; 12
251; 12
252; 18
253; 18
254; 24
255; 24
256; 30
257; 30
258; 36
259; 36
260; 42
261; 20
262; 26
263; 26
264; 32
265; 32
266; 38
267; 38
268; 44
269; 44
270; 50
271; 50
272; 56
273; 56
274; 2
275; 40
276; 46
277; 46
278; 52
279; 52
280; 58
281; 58
282; 4
283; 4
284; 10
285; 10
286; 16
287; 16
288; 22
289; 0
290; 6
291; 6
292; 12
293; 12
294; 18
295; 18
296; 24
297; 24
298; 30
299; 30
300; 36
301; 0
302; 6
303; 6
304; 12
305; 12
306; 18
307; 18
308; 24
309; 24
310; 30
311; 30
312; 36
313; 0
314; 6
315; 6
316; 12
317; 12
318; 18
319; 18
320; 24
321; 24
322; 30
323; 30
324; 36
325; 0
326; 6
327; 6
328; 12
329; 12
330; 18
331; 18
332; 24
333; 24
334; 30
335; 30
336; 36
337; 0
338; 6
339; 6
340; 12
341; 12
342; 18
343; 18
344; 24
345; 24
346; 30
347; 30
348; 36
349; 0
350; 6
351; 6
352; 12
353; 12
354; 18
355; 18
356; 24
357; 24
358; 30
359; 30
360; 36
361; 0
362; 6
363; 6
364; 12
365; 12
366; 18
367; 18
368; 24
369; 24
370; 30
371; 30
372; 36
373; 0
374; 6
375; 6
376; 12
377; 12
378; 18
379; 18
380; 24
381; 24
382; 30
383; 30
384; 36
385; 0
386; 6
387; 6
388; 12
389; 12
390; 18
391; 18
392; 24
393; 24
394; 30
395; 30
396; 36
397; 0
398; 6
399; 6
400; 12
401; 12
402; 18
403; 18
404; 24
405; 24
406; 30
407; 30
408; 36
409; 0
410; 6
411; 6
412; 12
413; 12
414; 18
415; 18
416; 24
417; 24
418; 30
419; 30
420; 36
421; 0
422; 6
423; 6
424; 12
425; 12
426; 18
427; 18
428; 24
429; 24
430; 30
431; 30
432; 36
433; 0
434; 6
435; 6
436; 12
437; 12
438; 18
439; 18
440; 24
441; 24
442; 30
443; 30
444; 36
445; 0
446; 6
447; 6
448; 12
449; 12
450; 18
451; 18
452; 24
453; 24
454; 30
455; 30
456; 36
457; 0
458; 6
459; 6
460; 12
461; 12
462; 18
463; 18
464; 24
465; 24
466; 30
467; 30
468; 36
469; 0
470; 6
471; 6
472; 12
473; 12
474; 18
475; 18
476; 24
477; 24
478; 30
479; 30
480; 36
481; 0
482; 6
483; 6
484; 12
485; 12
486; 18
487; 18
488; 24
489; 24
490; 30
491; 30
492; 36
493; 0
494; 6
495; 6
496; 12
497; 12
498; 18
499; 18
500; 24
501; 24
502; 30
503; 30
504; 36
505; 0
506; 6
507; 6
508; 12
509; 12
510; 18
511; 18
512; 24
513; 24
514; 30
515; 30
516; 36
517; 30
518; 36
519; 36
520; 42
521; 42
522; 48
523; 48
524; 54
525; 54
526; 0
527; 0
528; 6
529; 0
530; 6
531; 6
532; 12
533; 12
534; 18
535; 18
536; 24
537; 24
538; 30
539; 30
540; 36
541; 30
542; 36
543; 36
544; 42
545; 42
546; 48
547; 48
548; 54
549; 54
550; 0
551; 0
552; 6
553; 0
554; 6
555; 6
556; 12
557; 12
558; 18
559; 18
560; 24
561; 24
562; 30
563; 30
564; 36
565; 20
566; 26
567; 26
568; 32
569; 32
570; 38
571; 38
572; 44
573; 44
574; 50
575; 50
576; 56
577; 40
578; 46
579; 46
580; 52
581; 52
582; 58
583; 58
584; 4
585; 4
586; 10
587; 10
588; 16
589; 0
590; 6
591; 6
592; 12
593; 12
594; 18
595; 18
596; 24
597; 24
598; 30
599; 30
600; 36
601; 20
602; 26
603; 26
604; 32
605; 32
606; 38
607; 38
608; 44
609; 44
610; 50
611; 50
612; 56
613; 40
614; 46
615; 46
616; 52
617; 52
618; 58
619; 58
620; 4
621; 4
622; 10
623; 10
624; 16
625; 0
626; 6
627; 6
628; 12
629; 12
630; 18
631; 18
632; 24
633; 24
634; 30
635; 30
636; 36
637; 0
638; 6
639; 6
640; 12
641; 12
642; 18
643; 18
644; 24
645; 24
646; 30
647; 30
648; 36
649; 0
650; 6
651; 6
652; 12
653; 12
654; 18
655; 18
656; 24
657; 24
658; 30
659; 30
660; 36
661; 36
662; 42
663; 42
664; 48
665; 48
666; 54
667; 54
668; 0
669; 0
670; 6
671; 6
672; 12
673; 12
674; 18
675; 18
676; 24
677; 24
678; 30
679; 30
680; 36
681; 36
682; 42
683; 42
684; 48
685; 48
686; 54
687; 54
688; 0
689; 0
690; 6
691; 6
692; 12
693; 12
694; 18
695; 18
696; 24
697; 24
698; 30
699; 30
700; 36
701; 36
702; 42
703; 42
704; 48
705; 48
706; 54
707; 54
708; 0
709; 0
710; 6
711; 6
712; 12
713; 12
714; 18
715; 18
716; 24
717; 24
718; 30
719; 30
720; 36
721; 36
722; 42
723; 42
724; 48
725; 48
726; 54
727; 54
728; 0
729; 0
730; 6
731; 6
732; 12
733; 12
734; 18
735; 18
736; 24
737; 24
738; 30
739; 30
740; 36
741; 36
742; 42
743; 42
744; 48
745; 48
746; 54
747; 54
748; 0
749; 0
750; 6
751; 6
752; 12
753; 12
754; 18
755; 18
756; 24
757; 24
758; 30
759; 30
760; 36
761; 36
762; 42
763; 42
764; 48
765; 48
766; 54
767; 54
768; 0
769; 0
770; 6
771; 6
772; 12
773; 12
774; 18
775; 18
776; 24
777; 24
778; 30
779; 30
780; 36
781; 36
782; 42
783; 42
784; 48
785; 48
786; 54
787; 54
788; 0
789; 0
790; 6
791; 6
792; 12
793; 12
794; 18
795; 18
796; 24
797; 24
798; 30
799; 30
800; 36
801; 36
802; 42
803; 42
804; 48
805; 48
806; 54
807; 54
808; 0
809; 0
810; 6
811; 6
812; 12
813; 12
814; 18
815; 18
816; 24
817; 24
818; 30
819; 30
820; 36
821; 36
822; 42
823; 42
824; 48
825; 48
826; 54
827; 54
828; 0
829; 0
830; 6
831; 6
832; 12
833; 12
834; 18
835; 18
836; 24
837; 24
838; 30
839; 30
840; 36
841; 36
842; 42
843; 42
844; 48
845; 48
846; 54
847; 54
848; 0
849; 0
850; 6
851; 6
852; 12
853; 12
854; 18
855; 18
856; 24
857; 24
858; 30
859; 30
860; 36
861; 36
862; 42
863; 42
864; 48
865; 48
866; 54
867; 54
868; 0
869; 0
870; 6
871; 6
872; 12
873; 12
874; 18
875; 18
876; 24
877; 24
878; 30
879; 30
880; 36
881; 36
882; 42
883; 42
884; 48
885; 48
886; 54
887; 54
888; 0
889; 0
890; 6
891; 6
892; 12
893; 12
894; 18
895; 18
896; 24
897; 24
898; 30
899; 30
900; 36
901; 36
902; 42
903; 42
904; 48
905; 48
906; 54
907; 54
908; 0
909; 0
910; 6
911; 6
912; 12
913; 12
914; 18
915; 18
916; 24
917; 24
918; 30
919; 20
920; 26
921; 26
922; 32
923; 32
924; 38
925; 38
926; 44
927; 44
928; 50
929; 40
930; 46
931; 46
932; 52
933; 52
934; 58
935; 58
936; 4
937; 4
938; 10
939; 30
940; 36
941; 36
942; 42
943; 42
944; 48
945; 48
946; 54
947; 54
948; 0
949; 50
950; 56
951; 56
952; 2
953; 2
954; 8
955; 8
956; 14
957; 14
958; 20
959; 10
960; 16
961; 16
962; 22
963; 22
964; 28
965; 28
966; 34
967; 34
968; 40
969; 0
970; 6
971; 6
972; 12
973; 12
974; 18
975; 18
976; 24
977; 24
978; 30
979; 30
980; 36
981; 36
982; 42
983; 42
984; 48
985; 48
986; 54
987; 54
988; 0
989; 30
990; 36
991; 36
992; 42
993; 42
994; 48
995; 48
996; 54
997; 54
998; 0
999; 0
1000; 6
1001; 6
1002; 12
1003; 12
1004; 18
1005; 18
1006; 24
1007; 24
1008; 30
1009; 0
1010; 6
1011; 6
1012; 12
1013; 12
1014; 18
1015; 18
1016; 24
1017; 24
1018; 30
1019; 30
1020; 36
1021; 36
1022; 42
1023; 42
1024; 48
1025; 48
1026; 54
1027; 54
1028; 0
1029; 0
1030; 6
1031; 6
1032; 12
1033; 12
1034; 18
1035; 18
1036; 24
1037; 24
1038; 30
1039; 30
1040; 36
1041; 36
1042; 42
1043; 42
1044; 48
1045; 48
1046; 54
1047; 54
1048; 0
1049; 0
1050; 6
1051; 6
1052; 12
1053; 12
1054; 18
1055; 18
1056; 24
1057; 24
1058; 30
1059; 30
1060; 36
1061; 36
1062; 42
1063; 42
1064; 48
1065; 48
1066; 54
1067; 54
1068; 0
1069; 0
1070; 6
1071; 6
1072; 12
1073; 12
1074; 18
1075; 18
1076; 24
1077; 24
1078; 30
1079; 30
1080; 36
1081; 36
1082; 42
1083; 42
1084; 48
1085; 48
1086; 54
1087; 54
1088; 0
1089; 0
1090; 6
1091; 6
1092; 12
1093; 12
1094; 18
1095; 18
1096; 24
1097; 24
1098; 30
1099; 30
1100; 36
1101; 36
1102; 42
1103; 42
1104; 48
1105; 48
1106; 54
1107; 54
1108; 0
1109; 0
1110; 6
1111; 6
1112; 12
1113; 12
1114; 18
1115; 18
1116; 24
1117; 24
1118; 30
1119; 30
1120; 36
1121; 36
1122; 42
1123; 42
1124; 48
1125; 48
1126; 54
1127; 54
1128; 0
1129; 0
1130; 6
1131; 6
1132; 12
1133; 12
1134; 18
1135; 18
1136; 24
1137; 24
1138; 30
1139; 30
1140; 36
1141; 36
1142; 42
1143; 42
1144; 48
1145; 48
1146; 54
1147; 54
1148; 0
1149; 0
1150; 6
1151; 6
1152; 12
1153; 12
1154; 18
1155; 18
1156; 24
1157; 30
1158; 36
1159; 36
1160; 42
1161; 42
1162; 48
1163; 48
1164; 54
1165; 30
1166; 36
1167; 36
1168; 42
1169; 42
1170; 48
1171; 48
1172; 54
1173; 0
1174; 6
1175; 6
1176; 12
1177; 12
1178; 18
1179; 18
1180; 24
1181; 0
1182; 6
1183; 6
1184; 12
1185; 12
1186; 18
1187; 18
1188; 24
1189; 30
1190; 36
1191; 36
1192; 42
1193; 42
1194; 48
1195; 48
1196; 54
1197; 0
1198; 6
1199; 6
1200; 12
1201; 12
1202; 18
1203; 18
1204; 24
1205; 30
1206; 36
1207; 36
1208; 42
1209; 42
1210; 48
1211; 48
1212; 54
1213; 0
1214; 6
1215; 6
1216; 12
1217; 12
1218; 18
1219; 18
1220; 24
1221; 30
1222; 36
1223; 36
1224; 42
1225; 42
1226; 48
1227; 48
1228; 54
1229; 0
1230; 6
1231; 6
1232; 12
1233; 12
1234; 18
1235; 18
1236; 24
1237; 30
1238; 36
1239; 36
1240; 42
1241; 42
1242; 48
1243; 48
1244; 54
1245; 0
1246; 6
1247; 6
1248; 12
1249; 12
1250; 18
1251; 18
1252; 24
1253; 30
1254; 36
1255; 36
1256; 42
1257; 42
1258; 48
1259; 48
1260; 54
1261; 30
1262; 36
1263; 36
1264; 42
1265; 42
1266; 48
1267; 48
1268; 54
1269; 0
1270; 6
1271; 6
1272; 12
1273; 12
1274; 18
1275; 18
1276; 24
1277; 0
1278; 6
1279; 6
1280; 12
1281; 12
1282; 18
1283; 30
1284; 36
1285; 36
1286; 42
1287; 42
1288; 48
1289; 0
1290; 6
1291; 6
1292; 12
1293; 12
1294; 18
1295; 30
1296; 36
1297; 36
1298; 42
1299; 42
1300; 48
1301; 0
1302; 6
1303; 6
1304; 12
1305; 12
1306; 18
1307; 30
1308; 36
1309; 36
1310; 42
1311; 42
1312; 48
1313; 0
1314; 6
1315; 6
1316; 12
1317; 12
1318; 18
1319; 30
1320; 36
1321; 36
1322; 42
1323; 42
1324; 48
1325; 0
1326; 6
1327; 6
1328; 12
1329; 12
1330; 18
1331; 30
1332; 36
1333; 36
1334; 42
1335; 42
1336; 48
1337; 0
1338; 6
1339; 6
1340; 12
1341; 30
1342; 36
1343; 36
1344; 42
1345; 30
1346; 36
1347; 36
1348; 42
1349; 0
1350; 6
1351; 6
1352; 12
1353; 0
1354; 6
1355; 6
1356; 12
1357; 30
1358; 36
1359; 36
1360; 42
1361; 0
1362; 6
1363; 6
1364; 12
1365; 12
1366; 18
1367; 18
1368; 24
1369; 24
1370; 30
1371; 30
1372; 36
1373; 0
1374; 6
1375; 6
1376; 12
1377; 12
1378; 18
1379; 18
1380; 24
1381; 24
1382; 30
1383; 30
1384; 36
1385; 0
1386; 6
1387; 6
1388; 12
1389; 12
1390; 18
1391; 18
1392; 24
1393; 24
1394; 30
1395; 30
1396; 36
1397; 36
1398; 42
1399; 42
1400; 48
1401; 48
1402; 54
1403; 54
1404; 0
1405; 0
1406; 6
1407; 6
1408; 12
1409; 12
1410; 18
1411; 18
1412; 24
1413; 24
1414; 30
1415; 30
1416; 36
1417; 36
1418; 42
1419; 42
1420; 48
1421; 48
1422; 54
1423; 54
1424; 0
1425; 0
1426; 6
1427; 6
1428; 12
1429; 12
1430; 18
1431; 18
1432; 24
1433; 24
1434; 30
1435; 30
1436; 36
1437; 36
1438; 42
1439; 42
1440; 48
1441; 48
1442; 54
1443; 54
1444; 0
1445; 0
1446; 6
1447; 6
1448; 12
1449; 12
1450; 18
1451; 18
1452; 24
1453; 24
1454; 30
1455; 30
1456; 36
1457; 36
1458; 42
1459; 42
1460; 48
1461; 48
1462; 54
1463; 54
1464; 0
1465; 30
1466; 36
1467; 36
1468; 42
1469; 42
1470; 48
1471; 48
1472; 54
1473; 54
1474; 0
1475; 0
1476; 6
1477; 6
1478; 12
1479; 12
1480; 18
1481; 18
1482; 24
1483; 24
1484; 30
1485; 0
1486; 6
1487; 6
1488; 12
1489; 12
1490; 18
1491; 18
1492; 24
1493; 24
1494; 30
1495; 30
1496; 36
1497; 36
1498; 42
1499; 42
1500; 48
1501; 48
1502; 54
1503; 54
1504; 0
1505; 0
1506; 6
1507; 6
1508; 12
1509; 12
1510; 18
1511; 18
1512; 24
1513; 30
1514; 36
1515; 36
1516; 42
1517; 42
1518; 48
1519; 48
1520; 54
1521; 0
1522; 6
1523; 6
1524; 12
1525; 12
1526; 18
1527; 18
1528; 24
1529; 30
1530; 36
1531; 36
1532; 42
1533; 42
1534; 48
1535; 48
1536; 54
