#event-id; time
1; 10
2; 12
3; 12
4; 14
5; 14
6; 16
7; 16
8; 18
9; 18
10; 20
11; 20
12; 22
13; 22
14; 24
15; 24
16; 26
17; 26
18; 28
19; 28
20; 30
21; 30
22; 32
23; 32
24; 34
25; 34
26; 36
27; 0
28; 2
29; 2
30; 4
31; 4
32; 6
33; 6
34; 8
35; 8
36; 10
37; 10
38; 12
39; 12
40; 14
41; 14
42; 16
43; 16
44; 18
45; 18
46; 20
47; 20
48; 22
49; 22
50; 24
51; 24
52; 26
53; 43
54; 45
55; 45
56; 47
57; 47
58; 49
59; 49
60; 51
61; 51
62; 53
63; 53
64; 55
65; 55
66; 57
67; 57
68; 59
69; 59
70; 1
71; 1
72; 3
73; 3
74; 5
75; 5
76; 7
77; 7
78; 9
79; 0
80; 2
81; 2
82; 4
83; 4
84; 6
85; 6
86; 8
87; 8
88; 10
89; 10
90; 12
91; 12
92; 14
93; 14
94; 16
95; 16
96; 18
97; 18
98; 20
99; 20
100; 22
101; 22
102; 24
103; 24
104; 26
105; 0
106; 2
107; 2
108; 4
109; 4
110; 6
111; 6
112; 8
113; 8
114; 10
115; 10
116; 12
117; 12
118; 14
119; 14
120; 16
121; 16
122; 18
123; 18
124; 20
125; 20
126; 22
127; 22
128; 24
129; 0
130; 2
131; 2
132; 4
133; 4
134; 6
135; 6
136; 8
137; 8
138; 10
139; 10
140; 12
141; 12
142; 14
143; 14
144; 16
145; 16
146; 18
147; 18
148; 20
149; 20
150; 22
151; 22
152; 24
153; 35
154; 37
155; 37
156; 39
157; 39
158; 41
159; 41
160; 43
161; 43
162; 45
163; 45
164; 47
165; 47
166; 49
167; 49
168; 51
169; 51
170; 53
171; 53
172; 55
173; 55
174; 57
175; 57
176; 59
177; 16
178; 18
179; 18
180; 20
181; 20
182; 22
183; 22
184; 24
185; 24
186; 26
187; 26
188; 28
189; 28
190; 30
191; 30
192; 32
193; 32
194; 34
195; 34
196; 36
197; 36
198; 38
199; 38
200; 40
201; 0
202; 2
203; 2
204; 4
205; 4
206; 6
207; 6
208; 8
209; 8
210; 10
211; 10
212; 12
213; 12
214; 14
215; 14
216; 16
217; 16
218; 18
219; 18
220; 20
221; 20
222; 22
223; 0
224; 2
225; 2
226; 4
227; 4
228; 6
229; 6
230; 8
231; 8
232; 10
233; 10
234; 12
235; 12
236; 14
237; 14
238; 16
239; 16
240; 18
241; 18
242; 20
243; 20
244; 22
245; 40
246; 42
247; 42
248; 44
249; 44
250; 46
251; 46
252; 48
253; 48
254; 50
255; 50
256; 52
257; 52
258; 54
259; 54
260; 56
261; 56
262; 58
263; 58
264; 0
265; 0
266; 2
267; 40
268; 42
269; 42
270; 44
271; 44
272; 46
273; 46
274; 48
275; 48
276; 50
277; 50
278; 52
279; 52
280; 54
281; 54
282; 56
283; 56
284; 58
285; 58
286; 0
287; 0
288; 2
289; 14
290; 16
291; 16
292; 18
293; 18
294; 20
295; 20
296; 22
297; 22
298; 24
299; 24
300; 26
301; 26
302; 28
303; 28
304; 30
305; 30
306; 32
307; 32
308; 34
309; 38
310; 40
311; 40
312; 42
313; 42
314; 44
315; 44
316; 46
317; 46
318; 48
319; 48
320; 50
321; 50
322; 52
323; 52
324; 54
325; 54
326; 56
327; 56
328; 58
329; 0
330; 2
331; 2
332; 4
333; 4
334; 6
335; 6
336; 8
337; 8
338; 10
339; 10
340; 12
341; 12
342; 14
343; 14
344; 16
345; 16
346; 18
347; 0
348; 2
349; 2
350; 4
351; 4
352; 6
353; 6
354; 8
355; 8
356; 10
357; 10
358; 12
359; 12
360; 14
361; 14
362; 16
363; 16
364; 18
365; 2
366; 4
367; 4
368; 6
369; 6
370; 8
371; 8
372; 10
373; 10
374; 12
375; 12
376; 14
377; 14
378; 16
379; 16
380; 18
381; 18
382; 20
383; 28
384; 30
385; 30
386; 32
387; 32
388; 34
389; 34
390; 36
391; 36
392; 38
393; 38
394; 40
395; 40
396; 42
397; 42
398; 44
399; 44
400; 46
401; 22
402; 24
403; 24
404; 26
405; 26
406; 28
407; 28
408; 30
409; 30
410; 32
411; 32
412; 34
413; 34
414; 36
415; 36
416; 38
417; 38
418; 40
419; 38
420; 40
421; 40
422; 42
423; 42
424; 44
425; 44
426; 46
427; 46
428; 48
429; 48
430; 50
431; 50
432; 52
433; 52
434; 54
435; 54
436; 56
437; 14
438; 16
439; 16
440; 18
441; 18
442; 20
443; 20
444; 22
445; 22
446; 24
447; 24
448; 26
449; 26
450; 28
451; 28
452; 30
453; 30
454; 32
455; 13
456; 15
457; 15
458; 17
459; 17
460; 19
461; 19
462; 21
463; 21
464; 23
465; 23
466; 25
467; 25
468; 27
469; 27
470; 29
471; 29
472; 31
473; 47
474; 49
475; 49
476; 51
477; 51
478; 53
479; 53
480; 55
481; 55
482; 57
483; 57
484; 59
485; 59
486; 1
487; 1
488; 3
489; 3
490; 5
491; 40
492; 42
493; 42
494; 44
495; 44
496; 46
497; 46
498; 48
499; 48
500; 50
501; 50
502; 52
503; 52
504; 54
505; 54
506; 56
507; 56
508; 58
509; 29
510; 31
511; 31
512; 33
513; 33
514; 35
515; 35
516; 37
517; 37
518; 39
519; 39
520; 41
521; 0
522; 2
523; 2
524; 4
525; 4
526; 6
527; 6
528; 8
529; 8
530; 10
531; 10
532; 12
533; 48
534; 50
535; 50
536; 52
537; 52
538; 54
539; 54
540; 56
541; 56
542; 58
543; 58
544; 0
545; 0
546; 2
547; 2
548; 4
549; 4
550; 6
551; 6
552; 8
553; 8
554; 10
555; 18
556; 20
557; 20
558; 22
559; 22
560; 24
561; 24
562; 26
563; 26
564; 28
565; 28
566; 30
567; 30
568; 32
569; 32
570; 34
571; 34
572; 36
573; 36
574; 38
575; 38
576; 40
577; 26
578; 28
579; 28
580; 30
581; 30
582; 32
583; 32
584; 34
585; 34
586; 36
587; 36
588; 38
589; 38
590; 40
591; 40
592; 42
593; 42
594; 44
595; 44
596; 46
597; 46
598; 48
599; 56
600; 58
601; 58
602; 0
603; 0
604; 2
605; 2
606; 4
607; 4
608; 6
609; 6
610; 8
611; 8
612; 10
613; 10
614; 12
615; 12
616; 14
617; 14
618; 16
619; 16
620; 18
621; 19
622; 21
623; 21
624; 23
625; 23
626; 25
627; 25
628; 27
629; 27
630; 29
631; 29
632; 31
633; 31
634; 33
635; 33
636; 35
637; 35
638; 37
639; 37
640; 39
641; 39
642; 41
643; 41
644; 43
645; 43
646; 45
647; 45
648; 47
649; 47
650; 49
651; 49
652; 51
653; 51
654; 53
655; 53
656; 55
657; 55
658; 57
659; 57
660; 59
661; 49
662; 51
663; 51
664; 53
665; 53
666; 55
667; 55
668; 57
669; 57
670; 59
671; 59
672; 1
673; 1
674; 3
675; 3
676; 5
677; 5
678; 7
679; 7
680; 9
681; 9
682; 11
683; 11
684; 13
685; 13
686; 15
687; 15
688; 17
689; 17
690; 19
691; 19
692; 21
693; 21
694; 23
695; 23
696; 25
697; 25
698; 27
699; 27
700; 29
701; 49
702; 51
703; 51
704; 53
705; 53
706; 55
707; 55
708; 57
709; 57
710; 59
711; 59
712; 1
713; 1
714; 3
715; 3
716; 5
717; 5
718; 7
719; 7
720; 9
721; 9
722; 11
723; 11
724; 13
725; 13
726; 15
727; 15
728; 17
729; 17
730; 19
731; 19
732; 21
733; 21
734; 23
735; 23
736; 25
737; 25
738; 27
739; 27
740; 29
741; 19
742; 21
743; 21
744; 23
745; 23
746; 25
747; 25
748; 27
749; 27
750; 29
751; 29
752; 31
753; 31
754; 33
755; 33
756; 35
757; 35
758; 37
759; 37
760; 39
761; 39
762; 41
763; 41
764; 43
765; 43
766; 45
767; 45
768; 47
769; 47
770; 49
771; 49
772; 51
773; 51
774; 53
775; 53
776; 55
777; 55
778; 57
779; 57
780; 59
781; 46
782; 48
783; 48
784; 50
785; 50
786; 52
787; 52
788; 54
789; 54
790; 56
791; 56
792; 58
793; 58
794; 0
795; 0
796; 2
797; 2
798; 4
799; 4
800; 6
801; 6
802; 8
803; 8
804; 10
805; 10
806; 12
807; 12
808; 14
809; 14
810; 16
811; 16
812; 18
813; 18
814; 20
815; 20
816; 22
817; 22
818; 24
819; 24
820; 26
821; 46
822; 48
823; 48
824; 50
825; 50
826; 52
827; 52
828; 54
829; 54
830; 56
831; 56
832; 58
833; 58
834; 0
835; 0
836; 2
837; 2
838; 4
839; 4
840; 6
841; 6
842; 8
843; 8
844; 10
845; 10
846; 12
847; 12
848; 14
849; 14
850; 16
851; 16
852; 18
853; 18
854; 20
855; 20
856; 22
857; 22
858; 24
859; 24
860; 26
861; 13
862; 15
863; 15
864; 17
865; 17
866; 19
867; 19
868; 21
869; 21
870; 23
871; 23
872; 25
873; 25
874; 27
875; 27
876; 29
877; 29
878; 31
879; 31
880; 33
881; 33
882; 35
883; 35
884; 37
885; 37
886; 39
887; 39
888; 41
889; 41
890; 43
891; 43
892; 45
893; 45
894; 47
895; 47
896; 49
897; 49
898; 51
899; 51
900; 53
901; 43
902; 45
903; 45
904; 47
905; 47
906; 49
907; 49
908; 51
909; 51
910; 53
911; 53
912; 55
913; 55
914; 57
915; 57
916; 59
917; 59
918; 1
919; 1
920; 3
921; 3
922; 5
923; 5
924; 7
925; 7
926; 9
927; 9
928; 11
929; 11
930; 13
931; 13
932; 15
933; 15
934; 17
935; 17
936; 19
937; 19
938; 21
939; 21
940; 23
941; 43
942; 45
943; 45
944; 47
945; 47
946; 49
947; 49
948; 51
949; 51
950; 53
951; 53
952; 55
953; 55
954; 57
955; 57
956; 59
957; 59
958; 1
959; 1
960; 3
961; 3
962; 5
963; 5
964; 7
965; 7
966; 9
967; 9
968; 11
969; 11
970; 13
971; 13
972; 15
973; 15
974; 17
975; 17
976; 19
977; 19
978; 21
979; 21
980; 23
981; 13
982; 15
983; 15
984; 17
985; 17
986; 19
987; 19
988; 21
989; 21
990; 23
991; 23
992; 25
993; 25
994; 27
995; 27
996; 29
997; 29
998; 31
999; 31
1000; 33
1001; 33
1002; 35
1003; 35
1004; 37
1005; 37
1006; 39
1007; 39
1008; 41
1009; 41
1010; 43
1011; 43
1012; 45
1013; 45
1014; 47
1015; 47
1016; 49
1017; 49
1018; 51
1019; 51
1020; 53
1021; 22
1022; 24
1023; 24
1024; 26
1025; 26
1026; 28
1027; 28
1028; 30
1029; 30
1030; 32
1031; 32
1032; 34
1033; 34
1034; 36
1035; 36
1036; 38
1037; 38
1038; 40
1039; 40
1040; 42
1041; 42
1042; 44
1043; 44
1044; 46
1045; 46
1046; 48
1047; 48
1048; 50
1049; 50
1050; 52
1051; 52
1052; 54
1053; 54
1054; 56
1055; 56
1056; 58
1057; 58
1058; 0
1059; 0
1060; 2
1061; 40
1062; 42
1063; 42
1064; 44
1065; 44
1066; 46
1067; 46
1068; 48
1069; 48
1070; 50
1071; 50
1072; 52
1073; 52
1074; 54
1075; 54
1076; 56
1077; 56
1078; 58
1079; 58
1080; 0
1081; 0
1082; 2
1083; 2
1084; 4
1085; 4
1086; 6
1087; 6
1088; 8
1089; 8
1090; 10
1091; 10
1092; 12
1093; 12
1094; 14
1095; 14
1096; 16
1097; 16
1098; 18
1099; 18
1100; 20
1101; 10
1102; 12
1103; 12
1104; 14
1105; 14
1106; 16
1107; 16
1108; 18
1109; 18
1110; 20
1111; 20
1112; 22
1113; 22
1114; 24
1115; 24
1116; 26
1117; 26
1118; 28
1119; 28
1120; 30
1121; 30
1122; 32
1123; 32
1124; 34
1125; 34
1126; 36
1127; 36
1128; 38
1129; 38
1130; 40
1131; 40
1132; 42
1133; 42
1134; 44
1135; 44
1136; 46
1137; 46
1138; 48
1139; 48
1140; 50
1141; 43
1142; 45
1143; 45
1144; 47
1145; 47
1146; 49
1147; 49
1148; 51
1149; 51
1150; 53
1151; 53
1152; 55
1153; 55
1154; 57
1155; 57
1156; 59
1157; 59
1158; 1
1159; 1
1160; 3
1161; 3
1162; 5
1163; 5
1164; 7
1165; 7
1166; 9
1167; 9
1168; 11
1169; 11
1170; 13
1171; 13
1172; 15
1173; 15
1174; 17
1175; 17
1176; 19
1177; 19
1178; 21
1179; 21
1180; 23
1181; 22
1182; 24
1183; 24
1184; 26
1185; 26
1186; 28
1187; 28
1188; 30
1189; 30
1190; 32
1191; 32
1192; 34
1193; 34
1194; 36
1195; 36
1196; 38
1197; 38
1198; 40
1199; 40
1200; 42
1201; 42
1202; 44
1203; 44
1204; 46
1205; 46
1206; 48
1207; 48
1208; 50
1209; 50
1210; 52
1211; 52
1212; 54
1213; 54
1214; 56
1215; 56
1216; 58
1217; 58
1218; 0
1219; 0
1220; 2
1221; 52
1222; 54
1223; 54
1224; 56
1225; 56
1226; 58
1227; 58
1228; 0
1229; 0
1230; 2
1231; 2
1232; 4
1233; 4
1234; 6
1235; 6
1236; 8
1237; 8
1238; 10
1239; 10
1240; 12
1241; 12
1242; 14
1243; 14
1244; 16
1245; 16
1246; 18
1247; 18
1248; 20
1249; 20
1250; 22
1251; 22
1252; 24
1253; 24
1254; 26
1255; 26
1256; 28
1257; 28
1258; 30
1259; 30
1260; 32
1261; 7
1262; 9
1263; 9
1264; 11
1265; 11
1266; 13
1267; 13
1268; 15
1269; 15
1270; 17
1271; 17
1272; 19
1273; 19
1274; 21
1275; 21
1276; 23
1277; 23
1278; 25
1279; 25
1280; 27
1281; 27
1282; 29
1283; 29
1284; 31
1285; 31
1286; 33
1287; 33
1288; 35
1289; 35
1290; 37
1291; 37
1292; 39
1293; 39
1294; 41
1295; 41
1296; 43
1297; 43
1298; 45
1299; 45
1300; 47
1301; 37
1302; 39
1303; 39
1304; 41
1305; 41
1306; 43
1307; 43
1308; 45
1309; 45
1310; 47
1311; 47
1312; 49
1313; 49
1314; 51
1315; 51
1316; 53
1317; 53
1318; 55
1319; 55
1320; 57
1321; 57
1322; 59
1323; 59
1324; 1
1325; 1
1326; 3
1327; 3
1328; 5
1329; 5
1330; 7
1331; 7
1332; 9
1333; 9
1334; 11
1335; 11
1336; 13
1337; 13
1338; 15
1339; 15
1340; 17
