# line-id; line-code; direction; stop-order; stop-id; frequency; arrival_time; departure_time; line-repetition
88; 88H; >; 1; 101; 1; 10; 10; 1
88; 88H; >; 2; 100; 1; 12; 12; 1
88; 88H; >; 3; 99; 1; 14; 14; 1
88; 88H; >; 4; 98; 1; 16; 16; 1
88; 88H; >; 5; 97; 1; 18; 18; 1
88; 88H; >; 6; 96; 1; 20; 20; 1
88; 88H; >; 7; 95; 1; 22; 22; 1
88; 88H; >; 8; 94; 1; 24; 24; 1
88; 88H; >; 9; 93; 1; 26; 26; 1
88; 88H; >; 10; 92; 1; 28; 28; 1
88; 88H; >; 11; 1; 1; 30; 30; 1
88; 88H; >; 12; 32; 1; 32; 32; 1
88; 88H; >; 13; 33; 1; 34; 34; 1
88; 88H; >; 14; 34; 1; 36; 36; 1
88; 88R; <; 1; 34; 1; 0; 0; 1
88; 88R; <; 2; 33; 1; 2; 2; 1
88; 88R; <; 3; 32; 1; 4; 4; 1
88; 88R; <; 4; 1; 1; 6; 6; 1
88; 88R; <; 5; 92; 1; 8; 8; 1
88; 88R; <; 6; 93; 1; 10; 10; 1
88; 88R; <; 7; 94; 1; 12; 12; 1
88; 88R; <; 8; 95; 1; 14; 14; 1
88; 88R; <; 9; 96; 1; 16; 16; 1
88; 88R; <; 10; 97; 1; 18; 18; 1
88; 88R; <; 11; 98; 1; 20; 20; 1
88; 88R; <; 12; 99; 1; 22; 22; 1
88; 88R; <; 13; 100; 1; 24; 24; 1
88; 88R; <; 14; 101; 1; 26; 26; 1
140; 140H; >; 1; 21; 1; 43; 43; 1
140; 140H; >; 2; 20; 1; 45; 45; 1
140; 140H; >; 3; 19; 1; 47; 47; 1
140; 140H; >; 4; 18; 1; 49; 49; 1
140; 140H; >; 5; 17; 1; 51; 51; 1
140; 140H; >; 6; 16; 1; 53; 53; 1
140; 140H; >; 7; 15; 1; 55; 55; 1
140; 140H; >; 8; 14; 1; 57; 57; 1
140; 140H; >; 9; 13; 1; 59; 59; 1
140; 140H; >; 10; 12; 1; 1; 1; 1
140; 140H; >; 11; 1; 1; 3; 3; 1
140; 140H; >; 12; 112; 1; 5; 5; 1
140; 140H; >; 13; 113; 1; 7; 7; 1
140; 140H; >; 14; 114; 1; 9; 9; 1
140; 140R; <; 1; 114; 1; 0; 0; 1
140; 140R; <; 2; 113; 1; 2; 2; 1
140; 140R; <; 3; 112; 1; 4; 4; 1
140; 140R; <; 4; 1; 1; 6; 6; 1
140; 140R; <; 5; 12; 1; 8; 8; 1
140; 140R; <; 6; 13; 1; 10; 10; 1
140; 140R; <; 7; 14; 1; 12; 12; 1
140; 140R; <; 8; 15; 1; 14; 14; 1
140; 140R; <; 9; 16; 1; 16; 16; 1
140; 140R; <; 10; 17; 1; 18; 18; 1
140; 140R; <; 11; 18; 1; 20; 20; 1
140; 140R; <; 12; 19; 1; 22; 22; 1
140; 140R; <; 13; 20; 1; 24; 24; 1
140; 140R; <; 14; 21; 1; 26; 26; 1
252; 252H; >; 1; 160; 1; 0; 0; 1
252; 252H; >; 2; 159; 1; 2; 2; 1
252; 252H; >; 3; 158; 1; 4; 4; 1
252; 252H; >; 4; 157; 1; 6; 6; 1
252; 252H; >; 5; 156; 1; 8; 8; 1
252; 252H; >; 6; 155; 1; 10; 10; 1
252; 252H; >; 7; 154; 1; 12; 12; 1
252; 252H; >; 8; 153; 1; 14; 14; 1
252; 252H; >; 9; 152; 1; 16; 16; 1
252; 252H; >; 10; 1; 1; 18; 18; 1
252; 252H; >; 11; 92; 1; 20; 20; 1
252; 252H; >; 12; 93; 1; 22; 22; 1
252; 252H; >; 13; 94; 1; 24; 24; 1
252; 252R; <; 1; 94; 1; 0; 0; 1
252; 252R; <; 2; 93; 1; 2; 2; 1
252; 252R; <; 3; 92; 1; 4; 4; 1
252; 252R; <; 4; 1; 1; 6; 6; 1
252; 252R; <; 5; 152; 1; 8; 8; 1
252; 252R; <; 6; 153; 1; 10; 10; 1
252; 252R; <; 7; 154; 1; 12; 12; 1
252; 252R; <; 8; 155; 1; 14; 14; 1
252; 252R; <; 9; 156; 1; 16; 16; 1
252; 252R; <; 10; 157; 1; 18; 18; 1
252; 252R; <; 11; 158; 1; 20; 20; 1
252; 252R; <; 12; 159; 1; 22; 22; 1
252; 252R; <; 13; 160; 1; 24; 24; 1
335; 335H; >; 1; 53; 1; 35; 35; 1
335; 335H; >; 2; 52; 1; 37; 37; 1
335; 335H; >; 3; 1; 1; 39; 39; 1
335; 335H; >; 4; 112; 1; 41; 41; 1
335; 335H; >; 5; 113; 1; 43; 43; 1
335; 335H; >; 6; 114; 1; 45; 45; 1
335; 335H; >; 7; 115; 1; 47; 47; 1
335; 335H; >; 8; 116; 1; 49; 49; 1
335; 335H; >; 9; 117; 1; 51; 51; 1
335; 335H; >; 10; 118; 1; 53; 53; 1
335; 335H; >; 11; 119; 1; 55; 55; 1
335; 335H; >; 12; 120; 1; 57; 57; 1
335; 335H; >; 13; 121; 1; 59; 59; 1
335; 335R; <; 1; 121; 1; 16; 16; 1
335; 335R; <; 2; 120; 1; 18; 18; 1
335; 335R; <; 3; 119; 1; 20; 20; 1
335; 335R; <; 4; 118; 1; 22; 22; 1
335; 335R; <; 5; 117; 1; 24; 24; 1
335; 335R; <; 6; 116; 1; 26; 26; 1
335; 335R; <; 7; 115; 1; 28; 28; 1
335; 335R; <; 8; 114; 1; 30; 30; 1
335; 335R; <; 9; 113; 1; 32; 32; 1
335; 335R; <; 10; 112; 1; 34; 34; 1
335; 335R; <; 11; 1; 1; 36; 36; 1
335; 335R; <; 12; 52; 1; 38; 38; 1
335; 335R; <; 13; 53; 1; 40; 40; 1
632; 632H; >; 1; 81; 1; 0; 0; 1
632; 632H; >; 2; 80; 1; 2; 2; 1
632; 632H; >; 3; 79; 1; 4; 4; 1
632; 632H; >; 4; 78; 1; 6; 6; 1
632; 632H; >; 5; 77; 1; 8; 8; 1
632; 632H; >; 6; 76; 1; 10; 10; 1
632; 632H; >; 7; 75; 1; 12; 12; 1
632; 632H; >; 8; 74; 1; 14; 14; 1
632; 632H; >; 9; 73; 1; 16; 16; 1
632; 632H; >; 10; 72; 1; 18; 18; 1
632; 632H; >; 11; 1; 1; 20; 20; 1
632; 632H; >; 12; 52; 1; 22; 22; 1
632; 632R; <; 1; 52; 1; 0; 0; 1
632; 632R; <; 2; 1; 1; 2; 2; 1
632; 632R; <; 3; 72; 1; 4; 4; 1
632; 632R; <; 4; 73; 1; 6; 6; 1
632; 632R; <; 5; 74; 1; 8; 8; 1
632; 632R; <; 6; 75; 1; 10; 10; 1
632; 632R; <; 7; 76; 1; 12; 12; 1
632; 632R; <; 8; 77; 1; 14; 14; 1
632; 632R; <; 9; 78; 1; 16; 16; 1
632; 632R; <; 10; 79; 1; 18; 18; 1
632; 632R; <; 11; 80; 1; 20; 20; 1
632; 632R; <; 12; 81; 1; 22; 22; 1
689; 689H; >; 1; 41; 1; 40; 40; 1
689; 689H; >; 2; 40; 1; 42; 42; 1
689; 689H; >; 3; 39; 1; 44; 44; 1
689; 689H; >; 4; 38; 1; 46; 46; 1
689; 689H; >; 5; 37; 1; 48; 48; 1
689; 689H; >; 6; 36; 1; 50; 50; 1
689; 689H; >; 7; 35; 1; 52; 52; 1
689; 689H; >; 8; 34; 1; 54; 54; 1
689; 689H; >; 9; 33; 1; 56; 56; 1
689; 689H; >; 10; 32; 1; 58; 58; 1
689; 689H; >; 11; 1; 1; 0; 0; 1
689; 689H; >; 12; 12; 1; 2; 2; 1
689; 689R; <; 1; 12; 1; 40; 40; 1
689; 689R; <; 2; 1; 1; 42; 42; 1
689; 689R; <; 3; 32; 1; 44; 44; 1
689; 689R; <; 4; 33; 1; 46; 46; 1
689; 689R; <; 5; 34; 1; 48; 48; 1
689; 689R; <; 6; 35; 1; 50; 50; 1
689; 689R; <; 7; 36; 1; 52; 52; 1
689; 689R; <; 8; 37; 1; 54; 54; 1
689; 689R; <; 9; 38; 1; 56; 56; 1
689; 689R; <; 10; 39; 1; 58; 58; 1
689; 689R; <; 11; 40; 1; 0; 0; 1
689; 689R; <; 12; 41; 1; 2; 2; 1
1186; 1186H; >; 1; 19; 1; 14; 14; 1
1186; 1186H; >; 2; 18; 1; 16; 16; 1
1186; 1186H; >; 3; 17; 1; 18; 18; 1
1186; 1186H; >; 4; 16; 1; 20; 20; 1
1186; 1186H; >; 5; 15; 1; 22; 22; 1
1186; 1186H; >; 6; 14; 1; 24; 24; 1
1186; 1186H; >; 7; 13; 1; 26; 26; 1
1186; 1186H; >; 8; 12; 1; 28; 28; 1
1186; 1186H; >; 9; 1; 1; 30; 30; 1
1186; 1186H; >; 10; 132; 1; 32; 32; 1
1186; 1186H; >; 11; 133; 1; 34; 34; 1
1186; 1186R; <; 1; 133; 1; 38; 38; 1
1186; 1186R; <; 2; 132; 1; 40; 40; 1
1186; 1186R; <; 3; 1; 1; 42; 42; 1
1186; 1186R; <; 4; 12; 1; 44; 44; 1
1186; 1186R; <; 5; 13; 1; 46; 46; 1
1186; 1186R; <; 6; 14; 1; 48; 48; 1
1186; 1186R; <; 7; 15; 1; 50; 50; 1
1186; 1186R; <; 8; 16; 1; 52; 52; 1
1186; 1186R; <; 9; 17; 1; 54; 54; 1
1186; 1186R; <; 10; 18; 1; 56; 56; 1
1186; 1186R; <; 11; 19; 1; 58; 58; 1
1509; 1509H; >; 1; 149; 1; 0; 0; 1
1509; 1509H; >; 2; 148; 1; 2; 2; 1
1509; 1509H; >; 3; 147; 1; 4; 4; 1
1509; 1509H; >; 4; 146; 1; 6; 6; 1
1509; 1509H; >; 5; 145; 1; 8; 8; 1
1509; 1509H; >; 6; 144; 1; 10; 10; 1
1509; 1509H; >; 7; 143; 1; 12; 12; 1
1509; 1509H; >; 8; 142; 1; 14; 14; 1
1509; 1509H; >; 9; 1; 1; 16; 16; 1
1509; 1509H; >; 10; 2; 1; 18; 18; 1
1509; 1509R; <; 1; 2; 1; 0; 0; 1
1509; 1509R; <; 2; 1; 1; 2; 2; 1
1509; 1509R; <; 3; 142; 1; 4; 4; 1
1509; 1509R; <; 4; 143; 1; 6; 6; 1
1509; 1509R; <; 5; 144; 1; 8; 8; 1
1509; 1509R; <; 6; 145; 1; 10; 10; 1
1509; 1509R; <; 7; 146; 1; 12; 12; 1
1509; 1509R; <; 8; 147; 1; 14; 14; 1
1509; 1509R; <; 9; 148; 1; 16; 16; 1
1509; 1509R; <; 10; 149; 1; 18; 18; 1
1567; 1567H; >; 1; 106; 1; 2; 2; 1
1567; 1567H; >; 2; 105; 1; 4; 4; 1
1567; 1567H; >; 3; 104; 1; 6; 6; 1
1567; 1567H; >; 4; 103; 1; 8; 8; 1
1567; 1567H; >; 5; 102; 1; 10; 10; 1
1567; 1567H; >; 6; 1; 1; 12; 12; 1
1567; 1567H; >; 7; 22; 1; 14; 14; 1
1567; 1567H; >; 8; 23; 1; 16; 16; 1
1567; 1567H; >; 9; 24; 1; 18; 18; 1
1567; 1567H; >; 10; 25; 1; 20; 20; 1
1567; 1567R; <; 1; 25; 1; 28; 28; 1
1567; 1567R; <; 2; 24; 1; 30; 30; 1
1567; 1567R; <; 3; 23; 1; 32; 32; 1
1567; 1567R; <; 4; 22; 1; 34; 34; 1
1567; 1567R; <; 5; 1; 1; 36; 36; 1
1567; 1567R; <; 6; 102; 1; 38; 38; 1
1567; 1567R; <; 7; 103; 1; 40; 40; 1
1567; 1567R; <; 8; 104; 1; 42; 42; 1
1567; 1567R; <; 9; 105; 1; 44; 44; 1
1567; 1567R; <; 10; 106; 1; 46; 46; 1
1595; 1595H; >; 1; 88; 1; 22; 22; 1
1595; 1595H; >; 2; 87; 1; 24; 24; 1
1595; 1595H; >; 3; 86; 1; 26; 26; 1
1595; 1595H; >; 4; 85; 1; 28; 28; 1
1595; 1595H; >; 5; 84; 1; 30; 30; 1
1595; 1595H; >; 6; 83; 1; 32; 32; 1
1595; 1595H; >; 7; 82; 1; 34; 34; 1
1595; 1595H; >; 8; 1; 1; 36; 36; 1
1595; 1595H; >; 9; 122; 1; 38; 38; 1
1595; 1595H; >; 10; 123; 1; 40; 40; 1
1595; 1595R; <; 1; 123; 1; 38; 38; 1
1595; 1595R; <; 2; 122; 1; 40; 40; 1
1595; 1595R; <; 3; 1; 1; 42; 42; 1
1595; 1595R; <; 4; 82; 1; 44; 44; 1
1595; 1595R; <; 5; 83; 1; 46; 46; 1
1595; 1595R; <; 6; 84; 1; 48; 48; 1
1595; 1595R; <; 7; 85; 1; 50; 50; 1
1595; 1595R; <; 8; 86; 1; 52; 52; 1
1595; 1595R; <; 9; 87; 1; 54; 54; 1
1595; 1595R; <; 10; 88; 1; 56; 56; 1
1633; 1633H; >; 1; 59; 1; 14; 14; 1
1633; 1633H; >; 2; 58; 1; 16; 16; 1
1633; 1633H; >; 3; 57; 1; 18; 18; 1
1633; 1633H; >; 4; 56; 1; 20; 20; 1
1633; 1633H; >; 5; 55; 1; 22; 22; 1
1633; 1633H; >; 6; 54; 1; 24; 24; 1
1633; 1633H; >; 7; 53; 1; 26; 26; 1
1633; 1633H; >; 8; 52; 1; 28; 28; 1
1633; 1633H; >; 9; 1; 1; 30; 30; 1
1633; 1633H; >; 10; 72; 1; 32; 32; 1
1633; 1633R; <; 1; 72; 1; 13; 13; 1
1633; 1633R; <; 2; 1; 1; 15; 15; 1
1633; 1633R; <; 3; 52; 1; 17; 17; 1
1633; 1633R; <; 4; 53; 1; 19; 19; 1
1633; 1633R; <; 5; 54; 1; 21; 21; 1
1633; 1633R; <; 6; 55; 1; 23; 23; 1
1633; 1633R; <; 7; 56; 1; 25; 25; 1
1633; 1633R; <; 8; 57; 1; 27; 27; 1
1633; 1633R; <; 9; 58; 1; 29; 29; 1
1633; 1633R; <; 10; 59; 1; 31; 31; 1
1673; 1673H; >; 1; 29; 1; 47; 47; 1
1673; 1673H; >; 2; 28; 1; 49; 49; 1
1673; 1673H; >; 3; 27; 1; 51; 51; 1
1673; 1673H; >; 4; 26; 1; 53; 53; 1
1673; 1673H; >; 5; 25; 1; 55; 55; 1
1673; 1673H; >; 6; 24; 1; 57; 57; 1
1673; 1673H; >; 7; 23; 1; 59; 59; 1
1673; 1673H; >; 8; 22; 1; 1; 1; 1
1673; 1673H; >; 9; 1; 1; 3; 3; 1
1673; 1673H; >; 10; 42; 1; 5; 5; 1
1673; 1673R; <; 1; 42; 1; 40; 40; 1
1673; 1673R; <; 2; 1; 1; 42; 42; 1
1673; 1673R; <; 3; 22; 1; 44; 44; 1
1673; 1673R; <; 4; 23; 1; 46; 46; 1
1673; 1673R; <; 5; 24; 1; 48; 48; 1
1673; 1673R; <; 6; 25; 1; 50; 50; 1
1673; 1673R; <; 7; 26; 1; 52; 52; 1
1673; 1673R; <; 8; 27; 1; 54; 54; 1
1673; 1673R; <; 9; 28; 1; 56; 56; 1
1673; 1673R; <; 10; 29; 1; 58; 58; 1
2806; 2806H; >; 1; 6; 1; 29; 29; 1
2806; 2806H; >; 2; 5; 1; 31; 31; 1
2806; 2806H; >; 3; 4; 1; 33; 33; 1
2806; 2806H; >; 4; 3; 1; 35; 35; 1
2806; 2806H; >; 5; 2; 1; 37; 37; 1
2806; 2806H; >; 6; 1; 1; 39; 39; 1
2806; 2806H; >; 7; 22; 1; 41; 41; 1
2806; 2806R; <; 1; 22; 1; 0; 0; 1
2806; 2806R; <; 2; 1; 1; 2; 2; 1
2806; 2806R; <; 3; 2; 1; 4; 4; 1
2806; 2806R; <; 4; 3; 1; 6; 6; 1
2806; 2806R; <; 5; 4; 1; 8; 8; 1
2806; 2806R; <; 6; 5; 1; 10; 10; 1
2806; 2806R; <; 7; 6; 1; 12; 12; 1
3025; 3025H; >; 1; 140; 2; 48; 48; 1
3025; 3025H; >; 2; 139; 2; 50; 50; 1
3025; 3025H; >; 3; 138; 2; 52; 52; 1
3025; 3025H; >; 4; 137; 2; 54; 54; 1
3025; 3025H; >; 5; 136; 2; 56; 56; 1
3025; 3025H; >; 6; 135; 2; 58; 58; 1
3025; 3025H; >; 7; 134; 2; 0; 0; 1
3025; 3025H; >; 8; 133; 2; 2; 2; 1
3025; 3025H; >; 9; 132; 2; 4; 4; 1
3025; 3025H; >; 10; 1; 2; 6; 6; 1
3025; 3025H; >; 11; 52; 2; 8; 8; 1
3025; 3025H; >; 12; 53; 2; 10; 10; 1
3025; 3025H; >; 1; 140; 2; 18; 18; 2
3025; 3025H; >; 2; 139; 2; 20; 20; 2
3025; 3025H; >; 3; 138; 2; 22; 22; 2
3025; 3025H; >; 4; 137; 2; 24; 24; 2
3025; 3025H; >; 5; 136; 2; 26; 26; 2
3025; 3025H; >; 6; 135; 2; 28; 28; 2
3025; 3025H; >; 7; 134; 2; 30; 30; 2
3025; 3025H; >; 8; 133; 2; 32; 32; 2
3025; 3025H; >; 9; 132; 2; 34; 34; 2
3025; 3025H; >; 10; 1; 2; 36; 36; 2
3025; 3025H; >; 11; 52; 2; 38; 38; 2
3025; 3025H; >; 12; 53; 2; 40; 40; 2
3025; 3025R; <; 1; 53; 2; 26; 26; 1
3025; 3025R; <; 2; 52; 2; 28; 28; 1
3025; 3025R; <; 3; 1; 2; 30; 30; 1
3025; 3025R; <; 4; 132; 2; 32; 32; 1
3025; 3025R; <; 5; 133; 2; 34; 34; 1
3025; 3025R; <; 6; 134; 2; 36; 36; 1
3025; 3025R; <; 7; 135; 2; 38; 38; 1
3025; 3025R; <; 8; 136; 2; 40; 40; 1
3025; 3025R; <; 9; 137; 2; 42; 42; 1
3025; 3025R; <; 10; 138; 2; 44; 44; 1
3025; 3025R; <; 11; 139; 2; 46; 46; 1
3025; 3025R; <; 12; 140; 2; 48; 48; 1
3025; 3025R; <; 1; 53; 2; 56; 56; 2
3025; 3025R; <; 2; 52; 2; 58; 58; 2
3025; 3025R; <; 3; 1; 2; 0; 0; 2
3025; 3025R; <; 4; 132; 2; 2; 2; 2
3025; 3025R; <; 5; 133; 2; 4; 4; 2
3025; 3025R; <; 6; 134; 2; 6; 6; 2
3025; 3025R; <; 7; 135; 2; 8; 8; 2
3025; 3025R; <; 8; 136; 2; 10; 10; 2
3025; 3025R; <; 9; 137; 2; 12; 12; 2
3025; 3025R; <; 10; 138; 2; 14; 14; 2
3025; 3025R; <; 11; 139; 2; 16; 16; 2
3025; 3025R; <; 12; 140; 2; 18; 18; 2
3060; 3060H; >; 1; 81; 2; 19; 19; 1
3060; 3060H; >; 2; 80; 2; 21; 21; 1
3060; 3060H; >; 3; 79; 2; 23; 23; 1
3060; 3060H; >; 4; 78; 2; 25; 25; 1
3060; 3060H; >; 5; 77; 2; 27; 27; 1
3060; 3060H; >; 6; 76; 2; 29; 29; 1
3060; 3060H; >; 7; 75; 2; 31; 31; 1
3060; 3060H; >; 8; 74; 2; 33; 33; 1
3060; 3060H; >; 9; 73; 2; 35; 35; 1
3060; 3060H; >; 10; 72; 2; 37; 37; 1
3060; 3060H; >; 11; 1; 2; 39; 39; 1
3060; 3060H; >; 12; 152; 2; 41; 41; 1
3060; 3060H; >; 13; 153; 2; 43; 43; 1
3060; 3060H; >; 14; 154; 2; 45; 45; 1
3060; 3060H; >; 15; 155; 2; 47; 47; 1
3060; 3060H; >; 16; 156; 2; 49; 49; 1
3060; 3060H; >; 17; 157; 2; 51; 51; 1
3060; 3060H; >; 18; 158; 2; 53; 53; 1
3060; 3060H; >; 19; 159; 2; 55; 55; 1
3060; 3060H; >; 20; 160; 2; 57; 57; 1
3060; 3060H; >; 21; 161; 2; 59; 59; 1
3060; 3060H; >; 1; 81; 2; 49; 49; 2
3060; 3060H; >; 2; 80; 2; 51; 51; 2
3060; 3060H; >; 3; 79; 2; 53; 53; 2
3060; 3060H; >; 4; 78; 2; 55; 55; 2
3060; 3060H; >; 5; 77; 2; 57; 57; 2
3060; 3060H; >; 6; 76; 2; 59; 59; 2
3060; 3060H; >; 7; 75; 2; 1; 1; 2
3060; 3060H; >; 8; 74; 2; 3; 3; 2
3060; 3060H; >; 9; 73; 2; 5; 5; 2
3060; 3060H; >; 10; 72; 2; 7; 7; 2
3060; 3060H; >; 11; 1; 2; 9; 9; 2
3060; 3060H; >; 12; 152; 2; 11; 11; 2
3060; 3060H; >; 13; 153; 2; 13; 13; 2
3060; 3060H; >; 14; 154; 2; 15; 15; 2
3060; 3060H; >; 15; 155; 2; 17; 17; 2
3060; 3060H; >; 16; 156; 2; 19; 19; 2
3060; 3060H; >; 17; 157; 2; 21; 21; 2
3060; 3060H; >; 18; 158; 2; 23; 23; 2
3060; 3060H; >; 19; 159; 2; 25; 25; 2
3060; 3060H; >; 20; 160; 2; 27; 27; 2
3060; 3060H; >; 21; 161; 2; 29; 29; 2
3060; 3060R; <; 1; 161; 2; 49; 49; 1
3060; 3060R; <; 2; 160; 2; 51; 51; 1
3060; 3060R; <; 3; 159; 2; 53; 53; 1
3060; 3060R; <; 4; 158; 2; 55; 55; 1
3060; 3060R; <; 5; 157; 2; 57; 57; 1
3060; 3060R; <; 6; 156; 2; 59; 59; 1
3060; 3060R; <; 7; 155; 2; 1; 1; 1
3060; 3060R; <; 8; 154; 2; 3; 3; 1
3060; 3060R; <; 9; 153; 2; 5; 5; 1
3060; 3060R; <; 10; 152; 2; 7; 7; 1
3060; 3060R; <; 11; 1; 2; 9; 9; 1
3060; 3060R; <; 12; 72; 2; 11; 11; 1
3060; 3060R; <; 13; 73; 2; 13; 13; 1
3060; 3060R; <; 14; 74; 2; 15; 15; 1
3060; 3060R; <; 15; 75; 2; 17; 17; 1
3060; 3060R; <; 16; 76; 2; 19; 19; 1
3060; 3060R; <; 17; 77; 2; 21; 21; 1
3060; 3060R; <; 18; 78; 2; 23; 23; 1
3060; 3060R; <; 19; 79; 2; 25; 25; 1
3060; 3060R; <; 20; 80; 2; 27; 27; 1
3060; 3060R; <; 21; 81; 2; 29; 29; 1
3060; 3060R; <; 1; 161; 2; 19; 19; 2
3060; 3060R; <; 2; 160; 2; 21; 21; 2
3060; 3060R; <; 3; 159; 2; 23; 23; 2
3060; 3060R; <; 4; 158; 2; 25; 25; 2
3060; 3060R; <; 5; 157; 2; 27; 27; 2
3060; 3060R; <; 6; 156; 2; 29; 29; 2
3060; 3060R; <; 7; 155; 2; 31; 31; 2
3060; 3060R; <; 8; 154; 2; 33; 33; 2
3060; 3060R; <; 9; 153; 2; 35; 35; 2
3060; 3060R; <; 10; 152; 2; 37; 37; 2
3060; 3060R; <; 11; 1; 2; 39; 39; 2
3060; 3060R; <; 12; 72; 2; 41; 41; 2
3060; 3060R; <; 13; 73; 2; 43; 43; 2
3060; 3060R; <; 14; 74; 2; 45; 45; 2
3060; 3060R; <; 15; 75; 2; 47; 47; 2
3060; 3060R; <; 16; 76; 2; 49; 49; 2
3060; 3060R; <; 17; 77; 2; 51; 51; 2
3060; 3060R; <; 18; 78; 2; 53; 53; 2
3060; 3060R; <; 19; 79; 2; 55; 55; 2
3060; 3060R; <; 20; 80; 2; 57; 57; 2
3060; 3060R; <; 21; 81; 2; 59; 59; 2
3062; 3062H; >; 1; 61; 1; 46; 46; 1
3062; 3062H; >; 2; 60; 1; 48; 48; 1
3062; 3062H; >; 3; 59; 1; 50; 50; 1
3062; 3062H; >; 4; 58; 1; 52; 52; 1
3062; 3062H; >; 5; 57; 1; 54; 54; 1
3062; 3062H; >; 6; 56; 1; 56; 56; 1
3062; 3062H; >; 7; 55; 1; 58; 58; 1
3062; 3062H; >; 8; 54; 1; 0; 0; 1
3062; 3062H; >; 9; 53; 1; 2; 2; 1
3062; 3062H; >; 10; 52; 1; 4; 4; 1
3062; 3062H; >; 11; 1; 1; 6; 6; 1
3062; 3062H; >; 12; 132; 1; 8; 8; 1
3062; 3062H; >; 13; 133; 1; 10; 10; 1
3062; 3062H; >; 14; 134; 1; 12; 12; 1
3062; 3062H; >; 15; 135; 1; 14; 14; 1
3062; 3062H; >; 16; 136; 1; 16; 16; 1
3062; 3062H; >; 17; 137; 1; 18; 18; 1
3062; 3062H; >; 18; 138; 1; 20; 20; 1
3062; 3062H; >; 19; 139; 1; 22; 22; 1
3062; 3062H; >; 20; 140; 1; 24; 24; 1
3062; 3062H; >; 21; 141; 1; 26; 26; 1
3062; 3062R; <; 1; 141; 1; 46; 46; 1
3062; 3062R; <; 2; 140; 1; 48; 48; 1
3062; 3062R; <; 3; 139; 1; 50; 50; 1
3062; 3062R; <; 4; 138; 1; 52; 52; 1
3062; 3062R; <; 5; 137; 1; 54; 54; 1
3062; 3062R; <; 6; 136; 1; 56; 56; 1
3062; 3062R; <; 7; 135; 1; 58; 58; 1
3062; 3062R; <; 8; 134; 1; 0; 0; 1
3062; 3062R; <; 9; 133; 1; 2; 2; 1
3062; 3062R; <; 10; 132; 1; 4; 4; 1
3062; 3062R; <; 11; 1; 1; 6; 6; 1
3062; 3062R; <; 12; 52; 1; 8; 8; 1
3062; 3062R; <; 13; 53; 1; 10; 10; 1
3062; 3062R; <; 14; 54; 1; 12; 12; 1
3062; 3062R; <; 15; 55; 1; 14; 14; 1
3062; 3062R; <; 16; 56; 1; 16; 16; 1
3062; 3062R; <; 17; 57; 1; 18; 18; 1
3062; 3062R; <; 18; 58; 1; 20; 20; 1
3062; 3062R; <; 19; 59; 1; 22; 22; 1
3062; 3062R; <; 20; 60; 1; 24; 24; 1
3062; 3062R; <; 21; 61; 1; 26; 26; 1
3063; 3063H; >; 1; 51; 2; 13; 13; 1
3063; 3063H; >; 2; 50; 2; 15; 15; 1
3063; 3063H; >; 3; 49; 2; 17; 17; 1
3063; 3063H; >; 4; 48; 2; 19; 19; 1
3063; 3063H; >; 5; 47; 2; 21; 21; 1
3063; 3063H; >; 6; 46; 2; 23; 23; 1
3063; 3063H; >; 7; 45; 2; 25; 25; 1
3063; 3063H; >; 8; 44; 2; 27; 27; 1
3063; 3063H; >; 9; 43; 2; 29; 29; 1
3063; 3063H; >; 10; 42; 2; 31; 31; 1
3063; 3063H; >; 11; 1; 2; 33; 33; 1
3063; 3063H; >; 12; 122; 2; 35; 35; 1
3063; 3063H; >; 13; 123; 2; 37; 37; 1
3063; 3063H; >; 14; 124; 2; 39; 39; 1
3063; 3063H; >; 15; 125; 2; 41; 41; 1
3063; 3063H; >; 16; 126; 2; 43; 43; 1
3063; 3063H; >; 17; 127; 2; 45; 45; 1
3063; 3063H; >; 18; 128; 2; 47; 47; 1
3063; 3063H; >; 19; 129; 2; 49; 49; 1
3063; 3063H; >; 20; 130; 2; 51; 51; 1
3063; 3063H; >; 21; 131; 2; 53; 53; 1
3063; 3063H; >; 1; 51; 2; 43; 43; 2
3063; 3063H; >; 2; 50; 2; 45; 45; 2
3063; 3063H; >; 3; 49; 2; 47; 47; 2
3063; 3063H; >; 4; 48; 2; 49; 49; 2
3063; 3063H; >; 5; 47; 2; 51; 51; 2
3063; 3063H; >; 6; 46; 2; 53; 53; 2
3063; 3063H; >; 7; 45; 2; 55; 55; 2
3063; 3063H; >; 8; 44; 2; 57; 57; 2
3063; 3063H; >; 9; 43; 2; 59; 59; 2
3063; 3063H; >; 10; 42; 2; 1; 1; 2
3063; 3063H; >; 11; 1; 2; 3; 3; 2
3063; 3063H; >; 12; 122; 2; 5; 5; 2
3063; 3063H; >; 13; 123; 2; 7; 7; 2
3063; 3063H; >; 14; 124; 2; 9; 9; 2
3063; 3063H; >; 15; 125; 2; 11; 11; 2
3063; 3063H; >; 16; 126; 2; 13; 13; 2
3063; 3063H; >; 17; 127; 2; 15; 15; 2
3063; 3063H; >; 18; 128; 2; 17; 17; 2
3063; 3063H; >; 19; 129; 2; 19; 19; 2
3063; 3063H; >; 20; 130; 2; 21; 21; 2
3063; 3063H; >; 21; 131; 2; 23; 23; 2
3063; 3063R; <; 1; 131; 2; 43; 43; 1
3063; 3063R; <; 2; 130; 2; 45; 45; 1
3063; 3063R; <; 3; 129; 2; 47; 47; 1
3063; 3063R; <; 4; 128; 2; 49; 49; 1
3063; 3063R; <; 5; 127; 2; 51; 51; 1
3063; 3063R; <; 6; 126; 2; 53; 53; 1
3063; 3063R; <; 7; 125; 2; 55; 55; 1
3063; 3063R; <; 8; 124; 2; 57; 57; 1
3063; 3063R; <; 9; 123; 2; 59; 59; 1
3063; 3063R; <; 10; 122; 2; 1; 1; 1
3063; 3063R; <; 11; 1; 2; 3; 3; 1
3063; 3063R; <; 12; 42; 2; 5; 5; 1
3063; 3063R; <; 13; 43; 2; 7; 7; 1
3063; 3063R; <; 14; 44; 2; 9; 9; 1
3063; 3063R; <; 15; 45; 2; 11; 11; 1
3063; 3063R; <; 16; 46; 2; 13; 13; 1
3063; 3063R; <; 17; 47; 2; 15; 15; 1
3063; 3063R; <; 18; 48; 2; 17; 17; 1
3063; 3063R; <; 19; 49; 2; 19; 19; 1
3063; 3063R; <; 20; 50; 2; 21; 21; 1
3063; 3063R; <; 21; 51; 2; 23; 23; 1
3063; 3063R; <; 1; 131; 2; 13; 13; 2
3063; 3063R; <; 2; 130; 2; 15; 15; 2
3063; 3063R; <; 3; 129; 2; 17; 17; 2
3063; 3063R; <; 4; 128; 2; 19; 19; 2
3063; 3063R; <; 5; 127; 2; 21; 21; 2
3063; 3063R; <; 6; 126; 2; 23; 23; 2
3063; 3063R; <; 7; 125; 2; 25; 25; 2
3063; 3063R; <; 8; 124; 2; 27; 27; 2
3063; 3063R; <; 9; 123; 2; 29; 29; 2
3063; 3063R; <; 10; 122; 2; 31; 31; 2
3063; 3063R; <; 11; 1; 2; 33; 33; 2
3063; 3063R; <; 12; 42; 2; 35; 35; 2
3063; 3063R; <; 13; 43; 2; 37; 37; 2
3063; 3063R; <; 14; 44; 2; 39; 39; 2
3063; 3063R; <; 15; 45; 2; 41; 41; 2
3063; 3063R; <; 16; 46; 2; 43; 43; 2
3063; 3063R; <; 17; 47; 2; 45; 45; 2
3063; 3063R; <; 18; 48; 2; 47; 47; 2
3063; 3063R; <; 19; 49; 2; 49; 49; 2
3063; 3063R; <; 20; 50; 2; 51; 51; 2
3063; 3063R; <; 21; 51; 2; 53; 53; 2
3065; 3065H; >; 1; 31; 1; 22; 22; 1
3065; 3065H; >; 2; 30; 1; 24; 24; 1
3065; 3065H; >; 3; 29; 1; 26; 26; 1
3065; 3065H; >; 4; 28; 1; 28; 28; 1
3065; 3065H; >; 5; 27; 1; 30; 30; 1
3065; 3065H; >; 6; 26; 1; 32; 32; 1
3065; 3065H; >; 7; 25; 1; 34; 34; 1
3065; 3065H; >; 8; 24; 1; 36; 36; 1
3065; 3065H; >; 9; 23; 1; 38; 38; 1
3065; 3065H; >; 10; 22; 1; 40; 40; 1
3065; 3065H; >; 11; 1; 1; 42; 42; 1
3065; 3065H; >; 12; 102; 1; 44; 44; 1
3065; 3065H; >; 13; 103; 1; 46; 46; 1
3065; 3065H; >; 14; 104; 1; 48; 48; 1
3065; 3065H; >; 15; 105; 1; 50; 50; 1
3065; 3065H; >; 16; 106; 1; 52; 52; 1
3065; 3065H; >; 17; 107; 1; 54; 54; 1
3065; 3065H; >; 18; 108; 1; 56; 56; 1
3065; 3065H; >; 19; 109; 1; 58; 58; 1
3065; 3065H; >; 20; 110; 1; 0; 0; 1
3065; 3065H; >; 21; 111; 1; 2; 2; 1
3065; 3065R; <; 1; 111; 1; 40; 40; 1
3065; 3065R; <; 2; 110; 1; 42; 42; 1
3065; 3065R; <; 3; 109; 1; 44; 44; 1
3065; 3065R; <; 4; 108; 1; 46; 46; 1
3065; 3065R; <; 5; 107; 1; 48; 48; 1
3065; 3065R; <; 6; 106; 1; 50; 50; 1
3065; 3065R; <; 7; 105; 1; 52; 52; 1
3065; 3065R; <; 8; 104; 1; 54; 54; 1
3065; 3065R; <; 9; 103; 1; 56; 56; 1
3065; 3065R; <; 10; 102; 1; 58; 58; 1
3065; 3065R; <; 11; 1; 1; 0; 0; 1
3065; 3065R; <; 12; 22; 1; 2; 2; 1
3065; 3065R; <; 13; 23; 1; 4; 4; 1
3065; 3065R; <; 14; 24; 1; 6; 6; 1
3065; 3065R; <; 15; 25; 1; 8; 8; 1
3065; 3065R; <; 16; 26; 1; 10; 10; 1
3065; 3065R; <; 17; 27; 1; 12; 12; 1
3065; 3065R; <; 18; 28; 1; 14; 14; 1
3065; 3065R; <; 19; 29; 1; 16; 16; 1
3065; 3065R; <; 20; 30; 1; 18; 18; 1
3065; 3065R; <; 21; 31; 1; 20; 20; 1
3067; 3067H; >; 1; 11; 1; 10; 10; 1
3067; 3067H; >; 2; 10; 1; 12; 12; 1
3067; 3067H; >; 3; 9; 1; 14; 14; 1
3067; 3067H; >; 4; 8; 1; 16; 16; 1
3067; 3067H; >; 5; 7; 1; 18; 18; 1
3067; 3067H; >; 6; 6; 1; 20; 20; 1
3067; 3067H; >; 7; 5; 1; 22; 22; 1
3067; 3067H; >; 8; 4; 1; 24; 24; 1
3067; 3067H; >; 9; 3; 1; 26; 26; 1
3067; 3067H; >; 10; 2; 1; 28; 28; 1
3067; 3067H; >; 11; 1; 1; 30; 30; 1
3067; 3067H; >; 12; 82; 1; 32; 32; 1
3067; 3067H; >; 13; 83; 1; 34; 34; 1
3067; 3067H; >; 14; 84; 1; 36; 36; 1
3067; 3067H; >; 15; 85; 1; 38; 38; 1
3067; 3067H; >; 16; 86; 1; 40; 40; 1
3067; 3067H; >; 17; 87; 1; 42; 42; 1
3067; 3067H; >; 18; 88; 1; 44; 44; 1
3067; 3067H; >; 19; 89; 1; 46; 46; 1
3067; 3067H; >; 20; 90; 1; 48; 48; 1
3067; 3067H; >; 21; 91; 1; 50; 50; 1
3067; 3067R; <; 1; 91; 1; 43; 43; 1
3067; 3067R; <; 2; 90; 1; 45; 45; 1
3067; 3067R; <; 3; 89; 1; 47; 47; 1
3067; 3067R; <; 4; 88; 1; 49; 49; 1
3067; 3067R; <; 5; 87; 1; 51; 51; 1
3067; 3067R; <; 6; 86; 1; 53; 53; 1
3067; 3067R; <; 7; 85; 1; 55; 55; 1
3067; 3067R; <; 8; 84; 1; 57; 57; 1
3067; 3067R; <; 9; 83; 1; 59; 59; 1
3067; 3067R; <; 10; 82; 1; 1; 1; 1
3067; 3067R; <; 11; 1; 1; 3; 3; 1
3067; 3067R; <; 12; 2; 1; 5; 5; 1
3067; 3067R; <; 13; 3; 1; 7; 7; 1
3067; 3067R; <; 14; 4; 1; 9; 9; 1
3067; 3067R; <; 15; 5; 1; 11; 11; 1
3067; 3067R; <; 16; 6; 1; 13; 13; 1
3067; 3067R; <; 17; 7; 1; 15; 15; 1
3067; 3067R; <; 18; 8; 1; 17; 17; 1
3067; 3067R; <; 19; 9; 1; 19; 19; 1
3067; 3067R; <; 20; 10; 1; 21; 21; 1
3067; 3067R; <; 21; 11; 1; 23; 23; 1
3073; 3073H; >; 1; 71; 2; 22; 22; 1
3073; 3073H; >; 2; 70; 2; 24; 24; 1
3073; 3073H; >; 3; 69; 2; 26; 26; 1
3073; 3073H; >; 4; 68; 2; 28; 28; 1
3073; 3073H; >; 5; 67; 2; 30; 30; 1
3073; 3073H; >; 6; 66; 2; 32; 32; 1
3073; 3073H; >; 7; 65; 2; 34; 34; 1
3073; 3073H; >; 8; 64; 2; 36; 36; 1
3073; 3073H; >; 9; 63; 2; 38; 38; 1
3073; 3073H; >; 10; 62; 2; 40; 40; 1
3073; 3073H; >; 11; 1; 2; 42; 42; 1
3073; 3073H; >; 12; 142; 2; 44; 44; 1
3073; 3073H; >; 13; 143; 2; 46; 46; 1
3073; 3073H; >; 14; 144; 2; 48; 48; 1
3073; 3073H; >; 15; 145; 2; 50; 50; 1
3073; 3073H; >; 16; 146; 2; 52; 52; 1
3073; 3073H; >; 17; 147; 2; 54; 54; 1
3073; 3073H; >; 18; 148; 2; 56; 56; 1
3073; 3073H; >; 19; 149; 2; 58; 58; 1
3073; 3073H; >; 20; 150; 2; 0; 0; 1
3073; 3073H; >; 21; 151; 2; 2; 2; 1
3073; 3073H; >; 1; 71; 2; 52; 52; 2
3073; 3073H; >; 2; 70; 2; 54; 54; 2
3073; 3073H; >; 3; 69; 2; 56; 56; 2
3073; 3073H; >; 4; 68; 2; 58; 58; 2
3073; 3073H; >; 5; 67; 2; 0; 0; 2
3073; 3073H; >; 6; 66; 2; 2; 2; 2
3073; 3073H; >; 7; 65; 2; 4; 4; 2
3073; 3073H; >; 8; 64; 2; 6; 6; 2
3073; 3073H; >; 9; 63; 2; 8; 8; 2
3073; 3073H; >; 10; 62; 2; 10; 10; 2
3073; 3073H; >; 11; 1; 2; 12; 12; 2
3073; 3073H; >; 12; 142; 2; 14; 14; 2
3073; 3073H; >; 13; 143; 2; 16; 16; 2
3073; 3073H; >; 14; 144; 2; 18; 18; 2
3073; 3073H; >; 15; 145; 2; 20; 20; 2
3073; 3073H; >; 16; 146; 2; 22; 22; 2
3073; 3073H; >; 17; 147; 2; 24; 24; 2
3073; 3073H; >; 18; 148; 2; 26; 26; 2
3073; 3073H; >; 19; 149; 2; 28; 28; 2
3073; 3073H; >; 20; 150; 2; 30; 30; 2
3073; 3073H; >; 21; 151; 2; 32; 32; 2
3073; 3073R; <; 1; 151; 2; 7; 7; 1
3073; 3073R; <; 2; 150; 2; 9; 9; 1
3073; 3073R; <; 3; 149; 2; 11; 11; 1
3073; 3073R; <; 4; 148; 2; 13; 13; 1
3073; 3073R; <; 5; 147; 2; 15; 15; 1
3073; 3073R; <; 6; 146; 2; 17; 17; 1
3073; 3073R; <; 7; 145; 2; 19; 19; 1
3073; 3073R; <; 8; 144; 2; 21; 21; 1
3073; 3073R; <; 9; 143; 2; 23; 23; 1
3073; 3073R; <; 10; 142; 2; 25; 25; 1
3073; 3073R; <; 11; 1; 2; 27; 27; 1
3073; 3073R; <; 12; 62; 2; 29; 29; 1
3073; 3073R; <; 13; 63; 2; 31; 31; 1
3073; 3073R; <; 14; 64; 2; 33; 33; 1
3073; 3073R; <; 15; 65; 2; 35; 35; 1
3073; 3073R; <; 16; 66; 2; 37; 37; 1
3073; 3073R; <; 17; 67; 2; 39; 39; 1
3073; 3073R; <; 18; 68; 2; 41; 41; 1
3073; 3073R; <; 19; 69; 2; 43; 43; 1
3073; 3073R; <; 20; 70; 2; 45; 45; 1
3073; 3073R; <; 21; 71; 2; 47; 47; 1
3073; 3073R; <; 1; 151; 2; 37; 37; 2
3073; 3073R; <; 2; 150; 2; 39; 39; 2
3073; 3073R; <; 3; 149; 2; 41; 41; 2
3073; 3073R; <; 4; 148; 2; 43; 43; 2
3073; 3073R; <; 5; 147; 2; 45; 45; 2
3073; 3073R; <; 6; 146; 2; 47; 47; 2
3073; 3073R; <; 7; 145; 2; 49; 49; 2
3073; 3073R; <; 8; 144; 2; 51; 51; 2
3073; 3073R; <; 9; 143; 2; 53; 53; 2
3073; 3073R; <; 10; 142; 2; 55; 55; 2
3073; 3073R; <; 11; 1; 2; 57; 57; 2
3073; 3073R; <; 12; 62; 2; 59; 59; 2
3073; 3073R; <; 13; 63; 2; 1; 1; 2
3073; 3073R; <; 14; 64; 2; 3; 3; 2
3073; 3073R; <; 15; 65; 2; 5; 5; 2
3073; 3073R; <; 16; 66; 2; 7; 7; 2
3073; 3073R; <; 17; 67; 2; 9; 9; 2
3073; 3073R; <; 18; 68; 2; 11; 11; 2
3073; 3073R; <; 19; 69; 2; 13; 13; 2
3073; 3073R; <; 20; 70; 2; 15; 15; 2
3073; 3073R; <; 21; 71; 2; 17; 17; 2
