#timetable found by modulo network simplex algorithm
#Thu Dec 20 11:06:22 2018
1; 0
2; 16
3; 16
4; 32
5; 9
6; 14
7; 14
8; 19
9; 19
10; 25
11; 39
12; 44
13; 44
14; 49
15; 49
16; 55
17; 28
18; 34
19; 34
20; 39
21; 42
22; 47
23; 58
24; 4
25; 4
26; 9
27; 12
28; 17
29; 5
30; 10
31; 10
32; 15
33; 15
34; 21
35; 21
36; 27
37; 17
38; 22
39; 22
40; 27
41; 27
42; 33
43; 33
44; 39
45; 29
46; 34
47; 34
48; 39
49; 39
50; 45
51; 45
52; 51
53; 41
54; 46
55; 46
56; 51
57; 51
58; 57
59; 57
60; 3
61; 53
62; 58
63; 58
64; 3
65; 3
66; 9
67; 9
68; 15
69; 42
70; 48
71; 48
72; 54
73; 54
74; 59
75; 59
76; 4
77; 54
78; 0
79; 0
80; 6
81; 6
82; 11
83; 11
84; 16
85; 6
86; 12
87; 12
88; 18
89; 18
90; 23
91; 23
92; 28
93; 18
94; 24
95; 24
96; 30
97; 30
98; 35
99; 35
100; 40
101; 30
102; 36
103; 36
104; 42
105; 42
106; 47
107; 47
108; 52
109; 24
110; 30
111; 30
112; 36
113; 48
114; 54
115; 54
116; 0
117; 48
118; 53
119; 53
120; 58
121; 58
122; 5
123; 8
124; 13
125; 13
126; 18
127; 18
128; 25
129; 28
130; 33
131; 33
132; 38
133; 38
134; 45
135; 7
136; 14
137; 14
138; 19
139; 19
140; 26
141; 27
142; 34
143; 34
144; 39
145; 39
146; 44
147; 47
148; 54
149; 54
150; 59
151; 59
152; 4
153; 31
154; 36
155; 36
156; 42
157; 1
158; 6
159; 6
160; 12
161; 52
162; 58
163; 58
164; 3
165; 22
166; 28
167; 28
168; 33
169; 55
170; 0
171; 3
172; 11
173; 15
174; 22
175; 23
176; 31
177; 35
178; 40
179; 43
180; 51
181; 40
182; 48
183; 50
184; 55
185; 0
186; 10
187; 10
188; 15
189; 20
190; 28
191; 30
192; 35
193; 18
194; 23
195; 23
196; 28
197; 28
198; 34
199; 38
200; 43
201; 43
202; 48
203; 48
204; 54
205; 58
206; 3
207; 3
208; 8
209; 8
210; 14
211; 34
212; 40
213; 41
214; 46
215; 46
216; 51
217; 54
218; 0
219; 1
220; 6
221; 6
222; 11
223; 14
224; 20
225; 21
226; 26
227; 26
228; 31
229; 23
230; 27
231; 27
232; 34
233; 34
234; 50
235; 43
236; 47
237; 47
238; 54
239; 54
240; 10
241; 3
242; 7
243; 7
244; 14
245; 14
246; 30
247; 14
248; 30
249; 30
250; 37
251; 39
252; 43
253; 34
254; 50
255; 50
256; 57
257; 59
258; 3
259; 54
260; 10
261; 10
262; 17
263; 19
264; 23
265; 19
266; 26
267; 26
268; 34
269; 34
270; 38
271; 38
272; 43
273; 31
274; 38
275; 38
276; 46
277; 46
278; 50
279; 50
280; 55
281; 43
282; 50
283; 50
284; 58
285; 58
286; 2
287; 2
288; 7
289; 55
290; 2
291; 2
292; 10
293; 10
294; 14
295; 14
296; 19
297; 7
298; 14
299; 14
300; 22
301; 22
302; 26
303; 26
304; 31
305; 43
306; 50
307; 50
308; 54
309; 54
310; 2
311; 2
312; 9
313; 55
314; 2
315; 2
316; 6
317; 6
318; 14
319; 14
320; 21
321; 7
322; 14
323; 14
324; 18
325; 18
326; 26
327; 26
328; 33
329; 19
330; 24
331; 26
332; 30
333; 30
334; 38
335; 38
336; 45
337; 31
338; 36
339; 38
340; 42
341; 42
342; 50
343; 50
344; 59
345; 52
346; 56
347; 56
348; 60
349; 0
350; 8
351; 8
352; 12
353; 12
354; 17
355; 7
356; 11
357; 11
358; 15
359; 15
360; 23
361; 23
362; 27
363; 27
364; 32
365; 22
366; 26
367; 26
368; 30
369; 30
370; 38
371; 38
372; 42
373; 42
374; 47
375; 37
376; 41
377; 41
378; 45
379; 45
380; 53
381; 53
382; 57
383; 57
384; 2
385; 25
386; 30
387; 30
388; 34
389; 34
390; 42
391; 42
392; 46
393; 46
394; 50
395; 40
396; 45
397; 45
398; 49
399; 49
400; 57
401; 57
402; 1
403; 1
404; 5
405; 55
406; 0
407; 0
408; 4
409; 4
410; 12
411; 12
412; 16
413; 16
414; 20
415; 10
416; 15
417; 15
418; 19
419; 19
420; 27
421; 27
422; 31
423; 31
424; 35
425; 39
426; 43
427; 43
428; 47
429; 47
430; 51
431; 51
432; 55
433; 55
434; 59
435; 59
436; 7
437; 49
438; 53
439; 53
440; 57
441; 57
442; 1
443; 1
444; 5
445; 5
446; 9
447; 9
448; 17
449; 59
450; 3
451; 3
452; 7
453; 7
454; 11
455; 11
456; 15
457; 15
458; 19
459; 19
460; 27
461; 9
462; 13
463; 13
464; 17
465; 17
466; 21
467; 21
468; 25
469; 25
470; 29
471; 29
472; 37
473; 19
474; 23
475; 23
476; 27
477; 27
478; 31
479; 31
480; 35
481; 35
482; 39
483; 39
484; 47
485; 29
486; 33
487; 33
488; 37
489; 37
490; 41
491; 41
492; 45
493; 45
494; 49
495; 49
496; 57
497; 27
498; 35
499; 35
500; 39
501; 39
502; 43
503; 43
504; 47
505; 47
506; 51
507; 54
508; 59
509; 37
510; 45
511; 45
512; 49
513; 49
514; 53
515; 53
516; 57
517; 57
518; 1
519; 4
520; 9
521; 47
522; 55
523; 55
524; 59
525; 59
526; 3
527; 3
528; 7
529; 7
530; 11
531; 14
532; 19
533; 57
534; 5
535; 5
536; 9
537; 9
538; 13
539; 13
540; 17
541; 17
542; 21
543; 24
544; 29
545; 7
546; 15
547; 15
548; 19
549; 19
550; 23
551; 23
552; 27
553; 27
554; 31
555; 34
556; 39
557; 17
558; 25
559; 25
560; 29
561; 29
562; 33
563; 33
564; 37
565; 37
566; 41
567; 44
568; 49
569; 35
570; 39
571; 39
572; 56
573; 13
574; 30
575; 30
576; 34
