# line-id; line-code; direction; stop-order; stop-id; frequency; arrival_time; departure_time; line-repetition
1; 1H; >; 1; 1; 1; 0; 0; 1
1; 1H; >; 2; 2; 1; 16; 16; 1
1; 1R; <; 1; 2; 1; 16; 16; 1
1; 1R; <; 2; 1; 1; 32; 32; 1
2; 2H; >; 1; 3; 2; 9; 9; 1
2; 2H; >; 2; 4; 2; 14; 14; 1
2; 2H; >; 3; 5; 2; 19; 19; 1
2; 2H; >; 4; 6; 2; 25; 25; 1
2; 2H; >; 1; 3; 2; 39; 39; 2
2; 2H; >; 2; 4; 2; 44; 44; 2
2; 2H; >; 3; 5; 2; 49; 49; 2
2; 2H; >; 4; 6; 2; 55; 55; 2
2; 2R; <; 1; 6; 2; 28; 28; 1
2; 2R; <; 2; 5; 2; 34; 34; 1
2; 2R; <; 3; 4; 2; 39; 42; 1
2; 2R; <; 4; 3; 2; 47; 47; 1
2; 2R; <; 1; 6; 2; 58; 58; 2
2; 2R; <; 2; 5; 2; 4; 4; 2
2; 2R; <; 3; 4; 2; 9; 12; 2
2; 2R; <; 4; 3; 2; 17; 17; 2
3; 3H; >; 1; 12; 5; 5; 5; 1
3; 3H; >; 2; 11; 5; 10; 10; 1
3; 3H; >; 3; 10; 5; 15; 15; 1
3; 3H; >; 4; 16; 5; 21; 21; 1
3; 3H; >; 5; 18; 5; 27; 27; 1
3; 3H; >; 1; 12; 5; 17; 17; 2
3; 3H; >; 2; 11; 5; 22; 22; 2
3; 3H; >; 3; 10; 5; 27; 27; 2
3; 3H; >; 4; 16; 5; 33; 33; 2
3; 3H; >; 5; 18; 5; 39; 39; 2
3; 3H; >; 1; 12; 5; 29; 29; 3
3; 3H; >; 2; 11; 5; 34; 34; 3
3; 3H; >; 3; 10; 5; 39; 39; 3
3; 3H; >; 4; 16; 5; 45; 45; 3
3; 3H; >; 5; 18; 5; 51; 51; 3
3; 3H; >; 1; 12; 5; 41; 41; 4
3; 3H; >; 2; 11; 5; 46; 46; 4
3; 3H; >; 3; 10; 5; 51; 51; 4
3; 3H; >; 4; 16; 5; 57; 57; 4
3; 3H; >; 5; 18; 5; 3; 3; 4
3; 3H; >; 1; 12; 5; 53; 53; 5
3; 3H; >; 2; 11; 5; 58; 58; 5
3; 3H; >; 3; 10; 5; 3; 3; 5
3; 3H; >; 4; 16; 5; 9; 9; 5
3; 3H; >; 5; 18; 5; 15; 15; 5
3; 3R; <; 1; 18; 5; 42; 42; 1
3; 3R; <; 2; 16; 5; 48; 48; 1
3; 3R; <; 3; 10; 5; 54; 54; 1
3; 3R; <; 4; 11; 5; 59; 59; 1
3; 3R; <; 5; 12; 5; 4; 4; 1
3; 3R; <; 1; 18; 5; 54; 54; 2
3; 3R; <; 2; 16; 5; 0; 0; 2
3; 3R; <; 3; 10; 5; 6; 6; 2
3; 3R; <; 4; 11; 5; 11; 11; 2
3; 3R; <; 5; 12; 5; 16; 16; 2
3; 3R; <; 1; 18; 5; 6; 6; 3
3; 3R; <; 2; 16; 5; 12; 12; 3
3; 3R; <; 3; 10; 5; 18; 18; 3
3; 3R; <; 4; 11; 5; 23; 23; 3
3; 3R; <; 5; 12; 5; 28; 28; 3
3; 3R; <; 1; 18; 5; 18; 18; 4
3; 3R; <; 2; 16; 5; 24; 24; 4
3; 3R; <; 3; 10; 5; 30; 30; 4
3; 3R; <; 4; 11; 5; 35; 35; 4
3; 3R; <; 5; 12; 5; 40; 40; 4
3; 3R; <; 1; 18; 5; 30; 30; 5
3; 3R; <; 2; 16; 5; 36; 36; 5
3; 3R; <; 3; 10; 5; 42; 42; 5
3; 3R; <; 4; 11; 5; 47; 47; 5
3; 3R; <; 5; 12; 5; 52; 52; 5
4; 4H; >; 1; 9; 1; 24; 24; 1
4; 4H; >; 2; 8; 1; 30; 30; 1
4; 4H; >; 3; 7; 1; 36; 36; 1
4; 4R; <; 1; 7; 1; 48; 48; 1
4; 4R; <; 2; 8; 1; 54; 54; 1
4; 4R; <; 3; 9; 1; 0; 0; 1
5; 5H; >; 1; 12; 3; 48; 48; 1
5; 5H; >; 2; 11; 3; 53; 53; 1
5; 5H; >; 3; 10; 3; 58; 58; 1
5; 5H; >; 4; 17; 3; 5; 5; 1
5; 5H; >; 1; 12; 3; 8; 8; 2
5; 5H; >; 2; 11; 3; 13; 13; 2
5; 5H; >; 3; 10; 3; 18; 18; 2
5; 5H; >; 4; 17; 3; 25; 25; 2
5; 5H; >; 1; 12; 3; 28; 28; 3
5; 5H; >; 2; 11; 3; 33; 33; 3
5; 5H; >; 3; 10; 3; 38; 38; 3
5; 5H; >; 4; 17; 3; 45; 45; 3
5; 5R; <; 1; 17; 3; 7; 7; 1
5; 5R; <; 2; 10; 3; 14; 14; 1
5; 5R; <; 3; 11; 3; 19; 19; 1
5; 5R; <; 4; 12; 3; 26; 26; 1
5; 5R; <; 1; 17; 3; 27; 27; 2
5; 5R; <; 2; 10; 3; 34; 34; 2
5; 5R; <; 3; 11; 3; 39; 39; 2
5; 5R; <; 4; 12; 3; 44; 44; 2
5; 5R; <; 1; 17; 3; 47; 47; 3
5; 5R; <; 2; 10; 3; 54; 54; 3
5; 5R; <; 3; 11; 3; 59; 59; 3
5; 5R; <; 4; 12; 3; 4; 4; 3
6; 6H; >; 1; 14; 2; 31; 31; 1
6; 6H; >; 2; 15; 2; 36; 36; 1
6; 6H; >; 3; 19; 2; 42; 42; 1
6; 6H; >; 1; 14; 2; 1; 1; 2
6; 6H; >; 2; 15; 2; 6; 6; 2
6; 6H; >; 3; 19; 2; 12; 12; 2
6; 6R; <; 1; 19; 2; 52; 52; 1
6; 6R; <; 2; 15; 2; 58; 58; 1
6; 6R; <; 3; 14; 2; 3; 3; 1
6; 6R; <; 1; 19; 2; 22; 22; 2
6; 6R; <; 2; 15; 2; 28; 28; 2
6; 6R; <; 3; 14; 2; 33; 33; 2
7; 7H; >; 1; 23; 3; 55; 55; 1
7; 7H; >; 2; 22; 3; 0; 3; 1
7; 7H; >; 3; 20; 3; 11; 11; 1
7; 7H; >; 1; 23; 3; 15; 15; 2
7; 7H; >; 2; 22; 3; 22; 23; 2
7; 7H; >; 3; 20; 3; 31; 31; 2
7; 7H; >; 1; 23; 3; 35; 35; 3
7; 7H; >; 2; 22; 3; 40; 43; 3
7; 7H; >; 3; 20; 3; 51; 51; 3
7; 7R; <; 1; 20; 3; 40; 40; 1
7; 7R; <; 2; 22; 3; 48; 50; 1
7; 7R; <; 3; 23; 3; 55; 55; 1
7; 7R; <; 1; 20; 3; 0; 0; 2
7; 7R; <; 2; 22; 3; 10; 10; 2
7; 7R; <; 3; 23; 3; 15; 15; 2
7; 7R; <; 1; 20; 3; 20; 20; 3
7; 7R; <; 2; 22; 3; 28; 30; 3
7; 7R; <; 3; 23; 3; 35; 35; 3
8; 8H; >; 1; 13; 3; 18; 18; 1
8; 8H; >; 2; 24; 3; 23; 23; 1
8; 8H; >; 3; 21; 3; 28; 28; 1
8; 8H; >; 4; 20; 3; 34; 34; 1
8; 8H; >; 1; 13; 3; 38; 38; 2
8; 8H; >; 2; 24; 3; 43; 43; 2
8; 8H; >; 3; 21; 3; 48; 48; 2
8; 8H; >; 4; 20; 3; 54; 54; 2
8; 8H; >; 1; 13; 3; 58; 58; 3
8; 8H; >; 2; 24; 3; 3; 3; 3
8; 8H; >; 3; 21; 3; 8; 8; 3
8; 8H; >; 4; 20; 3; 14; 14; 3
8; 8R; <; 1; 20; 3; 34; 34; 1
8; 8R; <; 2; 21; 3; 40; 41; 1
8; 8R; <; 3; 24; 3; 46; 46; 1
8; 8R; <; 4; 13; 3; 51; 51; 1
8; 8R; <; 1; 20; 3; 54; 54; 2
8; 8R; <; 2; 21; 3; 0; 1; 2
8; 8R; <; 3; 24; 3; 6; 6; 2
8; 8R; <; 4; 13; 3; 11; 11; 2
8; 8R; <; 1; 20; 3; 14; 14; 3
8; 8R; <; 2; 21; 3; 20; 21; 3
8; 8R; <; 3; 24; 3; 26; 26; 3
8; 8R; <; 4; 13; 3; 31; 31; 3
9; 9H; >; 1; 1; 3; 23; 23; 1
9; 9H; >; 2; 3; 3; 27; 27; 1
9; 9H; >; 3; 12; 3; 34; 34; 1
9; 9H; >; 4; 13; 3; 50; 50; 1
9; 9H; >; 1; 1; 3; 43; 43; 2
9; 9H; >; 2; 3; 3; 47; 47; 2
9; 9H; >; 3; 12; 3; 54; 54; 2
9; 9H; >; 4; 13; 3; 10; 10; 2
9; 9H; >; 1; 1; 3; 3; 3; 3
9; 9H; >; 2; 3; 3; 7; 7; 3
9; 9H; >; 3; 12; 3; 14; 14; 3
9; 9H; >; 4; 13; 3; 30; 30; 3
9; 9R; <; 1; 13; 3; 14; 14; 1
9; 9R; <; 2; 12; 3; 30; 30; 1
9; 9R; <; 3; 3; 3; 37; 39; 1
9; 9R; <; 4; 1; 3; 43; 43; 1
9; 9R; <; 1; 13; 3; 34; 34; 2
9; 9R; <; 2; 12; 3; 50; 50; 2
9; 9R; <; 3; 3; 3; 57; 59; 2
9; 9R; <; 4; 1; 3; 3; 3; 2
9; 9R; <; 1; 13; 3; 54; 54; 3
9; 9R; <; 2; 12; 3; 10; 10; 3
9; 9R; <; 3; 3; 3; 17; 19; 3
9; 9R; <; 4; 1; 3; 23; 23; 3
10; 10H; >; 1; 4; 5; 19; 19; 1
10; 10H; >; 2; 11; 5; 26; 26; 1
10; 10H; >; 3; 14; 5; 34; 34; 1
10; 10H; >; 4; 23; 5; 38; 38; 1
10; 10H; >; 5; 24; 5; 43; 43; 1
10; 10H; >; 1; 4; 5; 31; 31; 2
10; 10H; >; 2; 11; 5; 38; 38; 2
10; 10H; >; 3; 14; 5; 46; 46; 2
10; 10H; >; 4; 23; 5; 50; 50; 2
10; 10H; >; 5; 24; 5; 55; 55; 2
10; 10H; >; 1; 4; 5; 43; 43; 3
10; 10H; >; 2; 11; 5; 50; 50; 3
10; 10H; >; 3; 14; 5; 58; 58; 3
10; 10H; >; 4; 23; 5; 2; 2; 3
10; 10H; >; 5; 24; 5; 7; 7; 3
10; 10H; >; 1; 4; 5; 55; 55; 4
10; 10H; >; 2; 11; 5; 2; 2; 4
10; 10H; >; 3; 14; 5; 10; 10; 4
10; 10H; >; 4; 23; 5; 14; 14; 4
10; 10H; >; 5; 24; 5; 19; 19; 4
10; 10H; >; 1; 4; 5; 7; 7; 5
10; 10H; >; 2; 11; 5; 14; 14; 5
10; 10H; >; 3; 14; 5; 22; 22; 5
10; 10H; >; 4; 23; 5; 26; 26; 5
10; 10H; >; 5; 24; 5; 31; 31; 5
10; 10R; <; 1; 24; 5; 43; 43; 1
10; 10R; <; 2; 23; 5; 50; 50; 1
10; 10R; <; 3; 14; 5; 54; 54; 1
10; 10R; <; 4; 11; 5; 2; 2; 1
10; 10R; <; 5; 4; 5; 9; 9; 1
10; 10R; <; 1; 24; 5; 55; 55; 2
10; 10R; <; 2; 23; 5; 2; 2; 2
10; 10R; <; 3; 14; 5; 6; 6; 2
10; 10R; <; 4; 11; 5; 14; 14; 2
10; 10R; <; 5; 4; 5; 21; 21; 2
10; 10R; <; 1; 24; 5; 7; 7; 3
10; 10R; <; 2; 23; 5; 14; 14; 3
10; 10R; <; 3; 14; 5; 18; 18; 3
10; 10R; <; 4; 11; 5; 26; 26; 3
10; 10R; <; 5; 4; 5; 33; 33; 3
10; 10R; <; 1; 24; 5; 19; 19; 4
10; 10R; <; 2; 23; 5; 24; 26; 4
10; 10R; <; 3; 14; 5; 30; 30; 4
10; 10R; <; 4; 11; 5; 38; 38; 4
10; 10R; <; 5; 4; 5; 45; 45; 4
10; 10R; <; 1; 24; 5; 31; 31; 5
10; 10R; <; 2; 23; 5; 36; 38; 5
10; 10R; <; 3; 14; 5; 42; 42; 5
10; 10R; <; 4; 11; 5; 50; 50; 5
10; 10R; <; 5; 4; 5; 59; 59; 5
11; 11H; >; 1; 5; 4; 52; 52; 1
11; 11H; >; 2; 9; 4; 56; 56; 1
11; 11H; >; 3; 10; 4; 60; 0; 1
11; 11H; >; 4; 15; 4; 8; 8; 1
11; 11H; >; 5; 22; 4; 12; 12; 1
11; 11H; >; 6; 21; 4; 17; 17; 1
11; 11H; >; 1; 5; 4; 7; 7; 2
11; 11H; >; 2; 9; 4; 11; 11; 2
11; 11H; >; 3; 10; 4; 15; 15; 2
11; 11H; >; 4; 15; 4; 23; 23; 2
11; 11H; >; 5; 22; 4; 27; 27; 2
11; 11H; >; 6; 21; 4; 32; 32; 2
11; 11H; >; 1; 5; 4; 22; 22; 3
11; 11H; >; 2; 9; 4; 26; 26; 3
11; 11H; >; 3; 10; 4; 30; 30; 3
11; 11H; >; 4; 15; 4; 38; 38; 3
11; 11H; >; 5; 22; 4; 42; 42; 3
11; 11H; >; 6; 21; 4; 47; 47; 3
11; 11H; >; 1; 5; 4; 37; 37; 4
11; 11H; >; 2; 9; 4; 41; 41; 4
11; 11H; >; 3; 10; 4; 45; 45; 4
11; 11H; >; 4; 15; 4; 53; 53; 4
11; 11H; >; 5; 22; 4; 57; 57; 4
11; 11H; >; 6; 21; 4; 2; 2; 4
11; 11R; <; 1; 21; 4; 25; 25; 1
11; 11R; <; 2; 22; 4; 30; 30; 1
11; 11R; <; 3; 15; 4; 34; 34; 1
11; 11R; <; 4; 10; 4; 42; 42; 1
11; 11R; <; 5; 9; 4; 46; 46; 1
11; 11R; <; 6; 5; 4; 50; 50; 1
11; 11R; <; 1; 21; 4; 40; 40; 2
11; 11R; <; 2; 22; 4; 45; 45; 2
11; 11R; <; 3; 15; 4; 49; 49; 2
11; 11R; <; 4; 10; 4; 57; 57; 2
11; 11R; <; 5; 9; 4; 1; 1; 2
11; 11R; <; 6; 5; 4; 5; 5; 2
11; 11R; <; 1; 21; 4; 55; 55; 3
11; 11R; <; 2; 22; 4; 0; 0; 3
11; 11R; <; 3; 15; 4; 4; 4; 3
11; 11R; <; 4; 10; 4; 12; 12; 3
11; 11R; <; 5; 9; 4; 16; 16; 3
11; 11R; <; 6; 5; 4; 20; 20; 3
11; 11R; <; 1; 21; 4; 10; 10; 4
11; 11R; <; 2; 22; 4; 15; 15; 4
11; 11R; <; 3; 15; 4; 19; 19; 4
11; 11R; <; 4; 10; 4; 27; 27; 4
11; 11R; <; 5; 9; 4; 31; 31; 4
11; 11R; <; 6; 5; 4; 35; 35; 4
12; 12H; >; 1; 2; 6; 39; 39; 1
12; 12H; >; 2; 6; 6; 43; 43; 1
12; 12H; >; 3; 8; 6; 47; 47; 1
12; 12H; >; 4; 16; 6; 51; 51; 1
12; 12H; >; 5; 17; 6; 55; 55; 1
12; 12H; >; 6; 19; 6; 59; 59; 1
12; 12H; >; 7; 20; 6; 7; 7; 1
12; 12H; >; 1; 2; 6; 49; 49; 2
12; 12H; >; 2; 6; 6; 53; 53; 2
12; 12H; >; 3; 8; 6; 57; 57; 2
12; 12H; >; 4; 16; 6; 1; 1; 2
12; 12H; >; 5; 17; 6; 5; 5; 2
12; 12H; >; 6; 19; 6; 9; 9; 2
12; 12H; >; 7; 20; 6; 17; 17; 2
12; 12H; >; 1; 2; 6; 59; 59; 3
12; 12H; >; 2; 6; 6; 3; 3; 3
12; 12H; >; 3; 8; 6; 7; 7; 3
12; 12H; >; 4; 16; 6; 11; 11; 3
12; 12H; >; 5; 17; 6; 15; 15; 3
12; 12H; >; 6; 19; 6; 19; 19; 3
12; 12H; >; 7; 20; 6; 27; 27; 3
12; 12H; >; 1; 2; 6; 9; 9; 4
12; 12H; >; 2; 6; 6; 13; 13; 4
12; 12H; >; 3; 8; 6; 17; 17; 4
12; 12H; >; 4; 16; 6; 21; 21; 4
12; 12H; >; 5; 17; 6; 25; 25; 4
12; 12H; >; 6; 19; 6; 29; 29; 4
12; 12H; >; 7; 20; 6; 37; 37; 4
12; 12H; >; 1; 2; 6; 19; 19; 5
12; 12H; >; 2; 6; 6; 23; 23; 5
12; 12H; >; 3; 8; 6; 27; 27; 5
12; 12H; >; 4; 16; 6; 31; 31; 5
12; 12H; >; 5; 17; 6; 35; 35; 5
12; 12H; >; 6; 19; 6; 39; 39; 5
12; 12H; >; 7; 20; 6; 47; 47; 5
12; 12H; >; 1; 2; 6; 29; 29; 6
12; 12H; >; 2; 6; 6; 33; 33; 6
12; 12H; >; 3; 8; 6; 37; 37; 6
12; 12H; >; 4; 16; 6; 41; 41; 6
12; 12H; >; 5; 17; 6; 45; 45; 6
12; 12H; >; 6; 19; 6; 49; 49; 6
12; 12H; >; 7; 20; 6; 57; 57; 6
12; 12R; <; 1; 20; 6; 27; 27; 1
12; 12R; <; 2; 19; 6; 35; 35; 1
12; 12R; <; 3; 17; 6; 39; 39; 1
12; 12R; <; 4; 16; 6; 43; 43; 1
12; 12R; <; 5; 8; 6; 47; 47; 1
12; 12R; <; 6; 6; 6; 51; 54; 1
12; 12R; <; 7; 2; 6; 59; 59; 1
12; 12R; <; 1; 20; 6; 37; 37; 2
12; 12R; <; 2; 19; 6; 45; 45; 2
12; 12R; <; 3; 17; 6; 49; 49; 2
12; 12R; <; 4; 16; 6; 53; 53; 2
12; 12R; <; 5; 8; 6; 57; 57; 2
12; 12R; <; 6; 6; 6; 1; 4; 2
12; 12R; <; 7; 2; 6; 9; 9; 2
12; 12R; <; 1; 20; 6; 47; 47; 3
12; 12R; <; 2; 19; 6; 55; 55; 3
12; 12R; <; 3; 17; 6; 59; 59; 3
12; 12R; <; 4; 16; 6; 3; 3; 3
12; 12R; <; 5; 8; 6; 7; 7; 3
12; 12R; <; 6; 6; 6; 11; 14; 3
12; 12R; <; 7; 2; 6; 19; 19; 3
12; 12R; <; 1; 20; 6; 57; 57; 4
12; 12R; <; 2; 19; 6; 5; 5; 4
12; 12R; <; 3; 17; 6; 9; 9; 4
12; 12R; <; 4; 16; 6; 13; 13; 4
12; 12R; <; 5; 8; 6; 17; 17; 4
12; 12R; <; 6; 6; 6; 21; 24; 4
12; 12R; <; 7; 2; 6; 29; 29; 4
12; 12R; <; 1; 20; 6; 7; 7; 5
12; 12R; <; 2; 19; 6; 15; 15; 5
12; 12R; <; 3; 17; 6; 19; 19; 5
12; 12R; <; 4; 16; 6; 23; 23; 5
12; 12R; <; 5; 8; 6; 27; 27; 5
12; 12R; <; 6; 6; 6; 31; 34; 5
12; 12R; <; 7; 2; 6; 39; 39; 5
12; 12R; <; 1; 20; 6; 17; 17; 6
12; 12R; <; 2; 19; 6; 25; 25; 6
12; 12R; <; 3; 17; 6; 29; 29; 6
12; 12R; <; 4; 16; 6; 33; 33; 6
12; 12R; <; 5; 8; 6; 37; 37; 6
12; 12R; <; 6; 6; 6; 41; 44; 6
12; 12R; <; 7; 2; 6; 49; 49; 6
13; 13H; >; 1; 7; 1; 35; 35; 1
13; 13H; >; 2; 18; 1; 39; 39; 1
13; 13H; >; 3; 20; 1; 56; 56; 1
13; 13R; <; 1; 20; 1; 13; 13; 1
13; 13R; <; 2; 18; 1; 30; 30; 1
13; 13R; <; 3; 7; 1; 34; 34; 1
