#timetable found by modulo network simplex algorithm
#Thu Dec 20 14:52:41 2018
1; 0
2; 4
3; 4
4; 10
5; 10
6; 14
7; 14
8; 31
9; 31
10; 37
11; 37
12; 42
13; 6
14; 11
15; 11
16; 17
17; 17
18; 34
19; 34
20; 38
21; 38
22; 44
23; 44
24; 48
25; 13
26; 17
27; 17
28; 24
29; 24
30; 29
31; 29
32; 37
33; 37
34; 41
35; 41
36; 46
37; 53
38; 58
39; 58
40; 2
41; 2
42; 10
43; 10
44; 15
45; 15
46; 22
47; 22
48; 26
49; 8
50; 12
51; 12
52; 19
53; 19
54; 24
55; 24
56; 29
57; 29
58; 36
59; 36
60; 40
61; 8
62; 12
63; 12
64; 19
65; 19
66; 24
67; 24
68; 29
69; 29
70; 36
71; 36
72; 40
73; 31
74; 35
75; 35
76; 41
77; 41
78; 46
79; 46
80; 54
81; 54
82; 58
83; 12
84; 16
85; 16
86; 24
87; 24
88; 29
89; 29
90; 35
91; 35
92; 39
93; 31
94; 35
95; 35
96; 41
97; 41
98; 46
99; 46
100; 51
101; 51
102; 7
103; 30
104; 46
105; 46
106; 51
107; 51
108; 56
109; 56
110; 2
111; 2
112; 6
113; 22
114; 28
115; 28
116; 34
117; 34
118; 38
119; 38
120; 43
121; 43
122; 48
123; 44
124; 49
125; 49
126; 54
127; 54
128; 58
129; 58
130; 4
131; 4
132; 10
133; 17
134; 22
135; 22
136; 29
137; 29
138; 34
139; 34
140; 40
141; 40
142; 46
143; 56
144; 2
145; 2
146; 8
147; 8
148; 13
149; 13
150; 20
151; 20
152; 25
153; 39
154; 43
155; 43
156; 47
157; 47
158; 53
159; 53
160; 57
161; 57
162; 5
163; 51
164; 59
165; 59
166; 3
167; 3
168; 9
169; 9
170; 13
171; 13
172; 17
173; 56
174; 60
175; 60
176; 7
177; 7
178; 12
179; 12
180; 20
181; 20
182; 25
183; 20
184; 25
185; 25
186; 33
187; 33
188; 38
189; 38
190; 45
191; 45
192; 49
193; 2
194; 6
195; 6
196; 14
197; 14
198; 20
199; 20
200; 25
201; 13
202; 18
203; 18
204; 24
205; 24
206; 32
207; 32
208; 36
209; 19
210; 23
211; 23
212; 28
213; 28
214; 33
215; 33
216; 38
217; 51
218; 56
219; 56
220; 1
221; 1
222; 6
223; 6
224; 10
225; 4
226; 8
227; 8
228; 16
229; 16
230; 20
231; 20
232; 25
233; 4
234; 9
235; 9
236; 13
237; 13
238; 21
239; 21
240; 25
241; 5
242; 11
243; 11
244; 15
245; 15
246; 21
247; 21
248; 25
249; 34
250; 38
251; 38
252; 44
253; 44
254; 48
255; 48
256; 54
257; 35
258; 40
259; 40
260; 45
261; 45
262; 1
263; 1
264; 8
265; 8
266; 13
267; 13
268; 18
269; 18
270; 24
271; 24
272; 28
273; 0
274; 4
275; 4
276; 10
277; 10
278; 15
279; 15
280; 20
281; 20
282; 27
283; 27
284; 43
285; 43
286; 48
287; 48
288; 53
289; 14
290; 22
291; 22
292; 26
293; 26
294; 32
295; 32
296; 36
297; 36
298; 40
299; 40
300; 46
301; 46
302; 50
303; 28
304; 32
305; 32
306; 38
307; 38
308; 42
309; 42
310; 46
311; 46
312; 52
313; 52
314; 56
315; 56
316; 4
317; 24
318; 28
319; 28
320; 36
321; 36
322; 43
323; 43
324; 48
325; 48
326; 54
327; 54
328; 58
329; 47
330; 51
331; 51
332; 57
333; 57
334; 2
335; 2
336; 9
337; 9
338; 17
339; 17
340; 21
341; 12
342; 19
343; 19
344; 23
345; 23
346; 27
347; 27
348; 32
349; 32
350; 37
351; 37
352; 41
353; 37
354; 41
355; 41
356; 46
357; 46
358; 51
359; 51
360; 55
361; 55
362; 59
363; 59
364; 6
365; 59
366; 3
367; 3
368; 7
369; 7
370; 13
371; 13
372; 17
373; 17
374; 21
375; 21
376; 25
377; 59
378; 3
379; 3
380; 7
381; 7
382; 11
383; 11
384; 17
385; 17
386; 21
387; 21
388; 25
389; 42
390; 48
391; 51
392; 56
393; 56
394; 1
395; 1
396; 6
397; 6
398; 11
399; 34
400; 39
401; 39
402; 44
403; 44
404; 49
405; 49
406; 54
407; 54
408; 60
409; 1
410; 5
411; 5
412; 9
413; 9
414; 15
415; 15
416; 20
417; 20
418; 25
419; 1
420; 6
421; 6
422; 11
423; 11
424; 17
425; 17
426; 21
427; 21
428; 25
429; 17
430; 21
431; 21
432; 26
433; 26
434; 32
435; 35
436; 45
437; 38
438; 46
439; 46
440; 52
441; 52
442; 57
443; 57
444; 1
445; 34
446; 42
447; 42
448; 47
449; 47
450; 51
451; 57
452; 1
453; 1
454; 6
455; 6
456; 14
457; 22
458; 27
459; 27
460; 32
461; 32
462; 38
463; 38
464; 44
465; 23
466; 29
467; 29
468; 35
469; 35
470; 40
471; 40
472; 45
473; 58
474; 5
475; 8
476; 15
477; 18
478; 25
479; 12
480; 19
481; 19
482; 24
483; 24
484; 29
485; 39
486; 46
487; 46
488; 54
489; 54
490; 58
491; 58
492; 3
493; 4
494; 9
495; 9
496; 13
497; 13
498; 21
499; 21
500; 28
501; 29
502; 33
503; 33
504; 37
505; 37
506; 45
507; 45
508; 49
509; 49
510; 54
511; 15
512; 20
513; 20
514; 24
515; 24
516; 32
517; 32
518; 36
519; 36
520; 40
521; 53
522; 57
523; 57
524; 1
525; 1
526; 5
527; 5
528; 9
529; 9
530; 13
531; 13
532; 21
533; 23
534; 27
535; 27
536; 31
537; 31
538; 35
539; 35
540; 39
541; 39
542; 43
543; 43
544; 51
545; 27
546; 35
547; 35
548; 39
549; 39
550; 43
551; 43
552; 47
553; 47
554; 51
555; 51
556; 55
557; 57
558; 5
559; 5
560; 9
561; 9
562; 13
563; 13
564; 17
565; 17
566; 21
567; 21
568; 25
