#line-id;line-code;direction;stop-order;stop-id;frequency;departure_time;arrival_time
1; 1H; >; 1; 21; 1; 0; 0
1; 1H; >; 2; 22; 1; 6; 6
1; 1H; >; 3; 23; 1; 12; 12
1; 1H; >; 4; 24; 1; 18; 18
1; 1H; >; 5; 19; 1; 24; 24
1; 1H; >; 6; 14; 1; 30; 30
1; 1H; >; 7; 9; 1; 36; 36
1; 1H; >; 8; 10; 1; 42; 42
1; 1H; >; 9; 5; 1; 48; 48
1; 1R; <; 1; 5; 1; 0; 0
1; 1R; <; 2; 10; 1; 6; 6
1; 1R; <; 3; 9; 1; 12; 12
1; 1R; <; 4; 14; 1; 18; 18
1; 1R; <; 5; 19; 1; 24; 24
1; 1R; <; 6; 24; 1; 30; 30
1; 1R; <; 7; 23; 1; 36; 36
1; 1R; <; 8; 22; 1; 42; 42
1; 1R; <; 9; 21; 1; 48; 48
2; 2H; >; 1; 1; 1; 9; 9
2; 2H; >; 2; 2; 1; 15; 15
2; 2H; >; 3; 3; 1; 21; 21
2; 2H; >; 4; 4; 1; 27; 27
2; 2H; >; 5; 9; 1; 33; 33
2; 2H; >; 6; 14; 1; 39; 39
2; 2H; >; 7; 19; 1; 45; 45
2; 2H; >; 8; 20; 1; 51; 51
2; 2H; >; 9; 25; 1; 57; 57
2; 2R; <; 1; 25; 1; 9; 9
2; 2R; <; 2; 20; 1; 15; 15
2; 2R; <; 3; 19; 1; 21; 21
2; 2R; <; 4; 14; 1; 27; 27
2; 2R; <; 5; 9; 1; 33; 33
2; 2R; <; 6; 4; 1; 39; 39
2; 2R; <; 7; 3; 1; 45; 45
2; 2R; <; 8; 2; 1; 51; 51
2; 2R; <; 9; 1; 1; 57; 57
4; 4H; >; 1; 6; 1; 12; 12
4; 4H; >; 2; 11; 1; 18; 18
4; 4H; >; 3; 16; 1; 24; 24
4; 4H; >; 4; 17; 1; 30; 30
4; 4H; >; 5; 18; 1; 36; 36
4; 4H; >; 6; 19; 1; 42; 42
4; 4H; >; 7; 20; 1; 48; 48
4; 4H; >; 8; 25; 1; 54; 54
4; 4R; <; 1; 25; 1; 12; 12
4; 4R; <; 2; 20; 1; 18; 18
4; 4R; <; 3; 19; 1; 24; 24
4; 4R; <; 4; 18; 1; 30; 30
4; 4R; <; 5; 17; 1; 36; 36
4; 4R; <; 6; 16; 1; 42; 42
4; 4R; <; 7; 11; 1; 48; 48
4; 4R; <; 8; 6; 1; 54; 54
23; 23H; >; 1; 10; 1; 57; 57
23; 23H; >; 2; 15; 1; 3; 3
23; 23H; >; 3; 14; 1; 9; 9
23; 23H; >; 4; 13; 1; 15; 15
23; 23H; >; 5; 12; 1; 21; 21
23; 23H; >; 6; 11; 1; 27; 27
23; 23R; <; 1; 11; 1; 27; 27
23; 23R; <; 2; 12; 1; 33; 33
23; 23R; <; 3; 13; 1; 39; 39
23; 23R; <; 4; 14; 1; 45; 45
23; 23R; <; 5; 15; 1; 51; 51
23; 23R; <; 6; 10; 1; 57; 57
25; 25H; >; 1; 3; 1; 6; 6
25; 25H; >; 2; 8; 1; 12; 12
25; 25H; >; 3; 7; 1; 18; 18
25; 25H; >; 4; 12; 1; 24; 24
25; 25H; >; 5; 17; 1; 30; 30
25; 25H; >; 6; 22; 1; 36; 36
25; 25R; <; 1; 22; 1; 36; 36
25; 25R; <; 2; 17; 1; 42; 42
25; 25R; <; 3; 12; 1; 48; 48
25; 25R; <; 4; 7; 1; 54; 54
25; 25R; <; 5; 8; 1; 0; 0
25; 25R; <; 6; 3; 1; 6; 6
34; 34H; >; 1; 2; 1; 45; 45
34; 34H; >; 2; 3; 1; 51; 51
34; 34H; >; 3; 8; 1; 57; 57
34; 34H; >; 4; 13; 1; 3; 3
34; 34H; >; 5; 18; 1; 9; 9
34; 34H; >; 6; 19; 1; 15; 15
34; 34R; <; 1; 19; 1; 15; 15
34; 34R; <; 2; 18; 1; 21; 21
34; 34R; <; 3; 13; 1; 27; 27
34; 34R; <; 4; 8; 1; 33; 33
34; 34R; <; 5; 3; 1; 39; 39
34; 34R; <; 6; 2; 1; 45; 45
37; 37H; >; 1; 8; 1; 42; 42
37; 37H; >; 2; 13; 1; 48; 48
37; 37H; >; 3; 14; 1; 54; 54
37; 37H; >; 4; 15; 1; 0; 0
37; 37H; >; 5; 20; 1; 6; 6
37; 37R; <; 1; 20; 1; 12; 12
37; 37R; <; 2; 15; 1; 18; 18
37; 37R; <; 3; 14; 1; 24; 24
37; 37R; <; 4; 13; 1; 30; 30
37; 37R; <; 5; 8; 1; 36; 36
57; 57H; >; 1; 18; 1; 30; 30
57; 57H; >; 2; 13; 1; 36; 36
57; 57H; >; 3; 12; 1; 42; 42
57; 57H; >; 4; 11; 1; 48; 48
57; 57H; >; 5; 6; 1; 54; 54
57; 57H; >; 6; 1; 1; 0; 0
57; 57H; >; 7; 2; 1; 6; 6
57; 57R; <; 1; 2; 1; 30; 30
57; 57R; <; 2; 1; 1; 36; 36
57; 57R; <; 3; 6; 1; 42; 42
57; 57R; <; 4; 11; 1; 48; 48
57; 57R; <; 5; 12; 1; 54; 54
57; 57R; <; 6; 13; 1; 0; 0
57; 57R; <; 7; 18; 1; 6; 6
72; 72H; >; 1; 15; 1; 48; 48
72; 72H; >; 2; 14; 1; 54; 54
72; 72H; >; 3; 13; 1; 0; 0
72; 72H; >; 4; 8; 1; 6; 6
72; 72H; >; 5; 7; 1; 12; 12
72; 72H; >; 6; 2; 1; 18; 18
72; 72R; <; 1; 2; 1; 18; 18
72; 72R; <; 2; 7; 1; 24; 24
72; 72R; <; 3; 8; 1; 30; 30
72; 72R; <; 4; 13; 1; 36; 36
72; 72R; <; 5; 14; 1; 42; 42
72; 72R; <; 6; 15; 1; 48; 48
99; 99H; >; 1; 1; 2; 39; 39
99; 99H; >; 2; 2; 2; 45; 45
99; 99H; >; 3; 3; 2; 51; 51
99; 99H; >; 4; 8; 2; 57; 57
99; 99H; >; 5; 13; 2; 3; 3
99; 99H; >; 6; 18; 2; 9; 9
99; 99H; >; 7; 23; 2; 15; 15
99; 99H; >; 8; 24; 2; 21; 21
99; 99H; >; 9; 25; 2; 27; 27
99; 99R; <; 1; 25; 2; 39; 39
99; 99R; <; 2; 24; 2; 45; 45
99; 99R; <; 3; 23; 2; 51; 51
99; 99R; <; 4; 18; 2; 57; 57
99; 99R; <; 5; 13; 2; 3; 3
99; 99R; <; 6; 8; 2; 9; 9
99; 99R; <; 7; 3; 2; 15; 15
99; 99R; <; 8; 2; 2; 21; 21
99; 99R; <; 9; 1; 2; 27; 27
100; 100H; >; 1; 6; 1; 27; 27
100; 100H; >; 2; 7; 1; 33; 33
100; 100H; >; 3; 8; 1; 39; 39
100; 100H; >; 4; 13; 1; 45; 45
100; 100H; >; 5; 18; 1; 51; 51
100; 100H; >; 6; 19; 1; 57; 57
100; 100H; >; 7; 20; 1; 3; 3
100; 100R; <; 1; 20; 1; 27; 27
100; 100R; <; 2; 19; 1; 33; 33
100; 100R; <; 3; 18; 1; 39; 39
100; 100R; <; 4; 13; 1; 45; 45
100; 100R; <; 5; 8; 1; 51; 51
100; 100R; <; 6; 7; 1; 57; 57
100; 100R; <; 7; 6; 1; 3; 3
102; 102H; >; 1; 16; 2; 48; 48
102; 102H; >; 2; 17; 2; 54; 54
102; 102H; >; 3; 18; 2; 0; 0
102; 102H; >; 4; 13; 2; 6; 6
102; 102H; >; 5; 8; 2; 12; 12
102; 102H; >; 6; 9; 2; 18; 18
102; 102H; >; 7; 10; 2; 24; 24
102; 102R; <; 1; 10; 2; 48; 48
102; 102R; <; 2; 9; 2; 54; 54
102; 102R; <; 3; 8; 2; 0; 0
102; 102R; <; 4; 13; 2; 6; 6
102; 102R; <; 5; 18; 2; 12; 12
102; 102R; <; 6; 17; 2; 18; 18
102; 102R; <; 7; 16; 2; 24; 24
103; 103H; >; 1; 21; 1; 48; 48
103; 103H; >; 2; 22; 1; 54; 54
103; 103H; >; 3; 23; 1; 0; 0
103; 103H; >; 4; 18; 1; 6; 6
103; 103H; >; 5; 13; 1; 12; 12
103; 103H; >; 6; 8; 1; 18; 18
103; 103H; >; 7; 3; 1; 24; 24
103; 103H; >; 8; 4; 1; 30; 30
103; 103H; >; 9; 5; 1; 36; 36
103; 103R; <; 1; 5; 1; 48; 48
103; 103R; <; 2; 4; 1; 54; 54
103; 103R; <; 3; 3; 1; 0; 0
103; 103R; <; 4; 8; 1; 6; 6
103; 103R; <; 5; 13; 1; 12; 12
103; 103R; <; 6; 18; 1; 18; 18
103; 103R; <; 7; 23; 1; 24; 24
103; 103R; <; 8; 22; 1; 30; 30
103; 103R; <; 9; 21; 1; 36; 36
