#event-id; time
1; 0
2; 6
3; 6
4; 12
5; 12
6; 18
7; 18
8; 24
9; 24
10; 30
11; 30
12; 36
13; 36
14; 42
15; 42
16; 48
17; 0
18; 6
19; 6
20; 12
21; 12
22; 18
23; 18
24; 24
25; 24
26; 30
27; 30
28; 36
29; 36
30; 42
31; 42
32; 48
33; 9
34; 15
35; 15
36; 21
37; 21
38; 27
39; 27
40; 33
41; 33
42; 39
43; 39
44; 45
45; 45
46; 51
47; 51
48; 57
49; 9
50; 15
51; 15
52; 21
53; 21
54; 27
55; 27
56; 33
57; 33
58; 39
59; 39
60; 45
61; 45
62; 51
63; 51
64; 57
65; 12
66; 18
67; 18
68; 24
69; 24
70; 30
71; 30
72; 36
73; 36
74; 42
75; 42
76; 48
77; 48
78; 54
79; 12
80; 18
81; 18
82; 24
83; 24
84; 30
85; 30
86; 36
87; 36
88; 42
89; 42
90; 48
91; 48
92; 54
93; 57
94; 3
95; 3
96; 9
97; 9
98; 15
99; 15
100; 21
101; 21
102; 27
103; 27
104; 33
105; 33
106; 39
107; 39
108; 45
109; 45
110; 51
111; 51
112; 57
113; 6
114; 12
115; 12
116; 18
117; 18
118; 24
119; 24
120; 30
121; 30
122; 36
123; 36
124; 42
125; 42
126; 48
127; 48
128; 54
129; 54
130; 0
131; 0
132; 6
133; 45
134; 51
135; 51
136; 57
137; 57
138; 3
139; 3
140; 9
141; 9
142; 15
143; 15
144; 21
145; 21
146; 27
147; 27
148; 33
149; 33
150; 39
151; 39
152; 45
153; 42
154; 48
155; 48
156; 54
157; 54
158; 0
159; 0
160; 6
161; 12
162; 18
163; 18
164; 24
165; 24
166; 30
167; 30
168; 36
169; 30
170; 36
171; 36
172; 42
173; 42
174; 48
175; 48
176; 54
177; 54
178; 0
179; 0
180; 6
181; 30
182; 36
183; 36
184; 42
185; 42
186; 48
187; 48
188; 54
189; 54
190; 0
191; 0
192; 6
193; 48
194; 54
195; 54
196; 0
197; 0
198; 6
199; 6
200; 12
201; 12
202; 18
203; 18
204; 24
205; 24
206; 30
207; 30
208; 36
209; 36
210; 42
211; 42
212; 48
213; 39
214; 45
215; 45
216; 51
217; 51
218; 57
219; 57
220; 3
221; 3
222; 9
223; 9
224; 15
225; 15
226; 21
227; 21
228; 27
229; 9
230; 15
231; 15
232; 21
233; 21
234; 27
235; 27
236; 33
237; 33
238; 39
239; 39
240; 45
241; 45
242; 51
243; 51
244; 57
245; 39
246; 45
247; 45
248; 51
249; 51
250; 57
251; 57
252; 3
253; 3
254; 9
255; 9
256; 15
257; 15
258; 21
259; 21
260; 27
261; 9
262; 15
263; 15
264; 21
265; 21
266; 27
267; 27
268; 33
269; 33
270; 39
271; 39
272; 45
273; 45
274; 51
275; 51
276; 57
277; 27
278; 33
279; 33
280; 39
281; 39
282; 45
283; 45
284; 51
285; 51
286; 57
287; 57
288; 3
289; 27
290; 33
291; 33
292; 39
293; 39
294; 45
295; 45
296; 51
297; 51
298; 57
299; 57
300; 3
301; 48
302; 54
303; 54
304; 0
305; 0
306; 6
307; 6
308; 12
309; 12
310; 18
311; 18
312; 24
313; 18
314; 24
315; 24
316; 30
317; 30
318; 36
319; 36
320; 42
321; 42
322; 48
323; 48
324; 54
325; 48
326; 54
327; 54
328; 0
329; 0
330; 6
331; 6
332; 12
333; 12
334; 18
335; 18
336; 24
337; 18
338; 24
339; 24
340; 30
341; 30
342; 36
343; 36
344; 42
345; 42
346; 48
347; 48
348; 54
349; 48
350; 54
351; 54
352; 0
353; 0
354; 6
355; 6
356; 12
357; 12
358; 18
359; 18
360; 24
361; 24
362; 30
363; 30
364; 36
365; 48
366; 54
367; 54
368; 0
369; 0
370; 6
371; 6
372; 12
373; 12
374; 18
375; 18
376; 24
377; 24
378; 30
379; 30
380; 36
