#line-id;line-code;direction;stop-order;stop-id;frequency;arrival_time;departure_time
7;7H;>;1;21;1;0;0
7;7H;>;2;16;1;6;6
7;7H;>;3;11;1;12;12
7;7H;>;4;6;1;18;18
7;7H;>;5;1;1;24;24
7;7H;>;6;2;1;30;30
7;7H;>;7;3;1;36;36
7;7H;>;8;8;1;42;42
7;7H;>;9;13;1;48;48
7;7H;>;10;12;1;54;54
7;7H;>;11;7;1;0;0
7;7R;<;1;7;1;0;0
7;7R;<;2;12;1;6;6
7;7R;<;3;13;1;12;12
7;7R;<;4;8;1;18;18
7;7R;<;5;3;1;24;24
7;7R;<;6;2;1;30;30
7;7R;<;7;1;1;36;36
7;7R;<;8;6;1;42;42
7;7R;<;9;11;1;48;48
7;7R;<;10;16;1;54;54
7;7R;<;11;21;1;0;0
9;9H;>;1;24;1;12;12
9;9H;>;2;19;1;18;18
9;9H;>;3;14;1;24;24
9;9H;>;4;9;1;30;30
9;9H;>;5;8;1;36;36
9;9H;>;6;13;1;42;42
9;9H;>;7;18;1;48;48
9;9H;>;8;17;1;54;54
9;9H;>;9;22;1;0;0
9;9R;<;1;22;1;12;12
9;9R;<;2;17;1;18;18
9;9R;<;3;18;1;24;24
9;9R;<;4;13;1;30;30
9;9R;<;5;8;1;36;36
9;9R;<;6;9;1;42;42
9;9R;<;7;14;1;48;48
9;9R;<;8;19;1;54;54
9;9R;<;9;24;1;0;0
15;15H;>;1;14;1;30;30
15;15H;>;2;13;1;36;36
15;15H;>;3;8;1;42;42
15;15H;>;4;3;1;48;48
15;15H;>;5;4;1;54;54
15;15H;>;6;9;1;0;0
15;15R;<;1;9;1;30;30
15;15R;<;2;4;1;36;36
15;15R;<;3;3;1;42;42
15;15R;<;4;8;1;48;48
15;15R;<;5;13;1;54;54
15;15R;<;6;14;1;0;0
30;30H;>;1;1;3;1;1
30;30H;>;2;2;3;7;7
30;30H;>;3;3;3;13;13
30;30H;>;4;8;3;19;19
30;30H;>;5;13;3;25;25
30;30H;>;6;18;3;31;31
30;30H;>;7;23;3;37;37
30;30H;>;8;24;3;43;43
30;30H;>;9;25;3;49;49
30;30R;<;1;25;3;14;14
30;30R;<;2;24;3;20;20
30;30R;<;3;23;3;26;26
30;30R;<;4;18;3;32;32
30;30R;<;5;13;3;40;40
30;30R;<;6;8;3;46;46
30;30R;<;7;3;3;52;52
30;30R;<;8;2;3;58;58
30;30R;<;9;1;3;4;4
31;31H;>;1;1;1;24;24
31;31H;>;2;2;1;30;30
31;31H;>;3;3;1;36;36
31;31H;>;4;8;1;42;42
31;31H;>;5;13;1;48;48
31;31H;>;6;18;1;54;54
31;31H;>;7;23;1;0;0
31;31R;<;1;23;1;19;19
31;31R;<;2;18;1;25;25
31;31R;<;3;13;1;31;31
31;31R;<;4;8;1;37;37
31;31R;<;5;3;1;43;43
31;31R;<;6;2;1;49;52
31;31R;<;7;1;1;0;0
32;32H;>;1;6;2;0;0
32;32H;>;2;7;2;6;6
32;32H;>;3;12;2;12;12
32;32H;>;4;13;2;18;18
32;32H;>;5;14;2;24;24
32;32H;>;6;19;2;30;30
32;32H;>;7;20;2;36;36
32;32R;<;1;20;2;28;28
32;32R;<;2;19;2;34;34
32;32R;<;3;14;2;40;40
32;32R;<;4;13;2;46;46
32;32R;<;5;12;2;52;52
32;32R;<;6;7;2;58;58
32;32R;<;7;6;2;4;4
33;33H;>;1;15;3;18;18
33;33H;>;2;10;3;24;24
33;33H;>;3;9;3;30;30
33;33H;>;4;14;3;36;36
33;33H;>;5;13;3;42;42
33;33H;>;6;12;3;48;48
33;33H;>;7;17;3;54;55
33;33H;>;8;16;3;1;1
33;33H;>;9;11;3;7;7
33;33R;<;1;11;3;17;17
33;33R;<;2;16;3;23;23
33;33R;<;3;17;3;29;29
33;33R;<;4;12;3;35;35
33;33R;<;5;13;3;41;41
33;33R;<;6;14;3;47;47
33;33R;<;7;9;3;53;53
33;33R;<;8;10;3;59;59
33;33R;<;9;15;3;5;5
34;34H;>;1;5;2;25;25
34;34H;>;2;4;2;31;31
34;34H;>;3;9;2;37;37
34;34H;>;4;8;2;43;43
34;34H;>;5;13;2;49;49
34;34H;>;6;18;2;55;55
34;34H;>;7;17;2;1;1
34;34H;>;8;22;2;7;7
34;34H;>;9;21;2;13;13
34;34R;<;1;21;2;10;10
34;34R;<;2;22;2;16;16
34;34R;<;3;17;2;22;22
34;34R;<;4;18;2;28;28
34;34R;<;5;13;2;34;34
34;34R;<;6;8;2;40;42
34;34R;<;7;9;2;48;48
34;34R;<;8;4;2;54;54
34;34R;<;9;5;2;0;0
