#line-id;line-code;direction;edge-order;edge-id;frequency;departure_time;arrival_time
7;7H;>;1;29;1;0;6
7;7H;>;2;20;1;6;12
7;7H;>;3;11;1;12;18
7;7H;>;4;2;1;18;24
7;7H;>;5;1;1;24;30
7;7H;>;6;3;1;30;36
7;7H;>;7;6;1;36;42
7;7H;>;8;15;1;42;48
7;7H;>;9;21;1;48;54
7;7H;>;10;13;1;54;0
7;7R;<;1;13;1;0;6
7;7R;<;2;21;1;6;12
7;7R;<;3;15;1;12;18
7;7R;<;4;6;1;18;24
7;7R;<;5;3;1;24;30
7;7R;<;6;1;1;30;36
7;7R;<;7;2;1;36;42
7;7R;<;8;11;1;42;48
7;7R;<;9;20;1;48;54
7;7R;<;10;29;1;54;0
9;9H;>;1;35;1;12;18
9;9H;>;2;26;1;18;24
9;9H;>;3;17;1;24;30
9;9H;>;4;14;1;30;36
9;9H;>;5;15;1;36;42
9;9H;>;6;24;1;42;48
9;9H;>;7;30;1;48;54
9;9H;>;8;31;1;54;0
9;9R;<;1;31;1;12;18
9;9R;<;2;30;1;18;24
9;9R;<;3;24;1;24;30
9;9R;<;4;15;1;30;36
9;9R;<;5;14;1;36;42
9;9R;<;6;17;1;42;48
9;9R;<;7;26;1;48;54
9;9R;<;8;35;1;54;0
15;15H;>;1;23;1;30;36
15;15H;>;2;15;1;36;42
15;15H;>;3;6;1;42;48
15;15H;>;4;5;1;48;54
15;15H;>;5;8;1;54;0
15;15R;<;1;8;1;30;36
15;15R;<;2;5;1;36;42
15;15R;<;3;6;1;42;48
15;15R;<;4;15;1;48;54
15;15R;<;5;23;1;54;0
30;30H;>;1;1;3;1;7
30;30H;>;2;3;3;7;13
30;30H;>;3;6;3;13;19
30;30H;>;4;15;3;19;25
30;30H;>;5;24;3;25;31
30;30H;>;6;33;3;31;37
30;30H;>;7;39;3;37;43
30;30H;>;8;40;3;43;49
30;30R;<;1;40;3;14;20
30;30R;<;2;39;3;20;26
30;30R;<;3;33;3;26;32
30;30R;<;4;24;3;32;40
30;30R;<;5;15;3;40;46
30;30R;<;6;6;3;46;52
30;30R;<;7;3;3;52;58
30;30R;<;8;1;3;58;4
31;31H;>;1;1;1;24;30
31;31H;>;2;3;1;30;36
31;31H;>;3;6;1;36;42
31;31H;>;4;15;1;42;48
31;31H;>;5;24;1;48;54
31;31H;>;6;33;1;54;0
31;31R;<;1;33;1;19;25
31;31R;<;2;24;1;25;31
31;31R;<;3;15;1;31;37
31;31R;<;4;6;1;37;43
31;31R;<;5;3;1;43;49
31;31R;<;6;1;1;52;0
32;32H;>;1;10;2;0;6
32;32H;>;2;13;2;6;12
32;32H;>;3;21;2;12;18
32;32H;>;4;23;2;18;24
32;32H;>;5;26;2;24;30
32;32H;>;6;34;2;30;36
32;32R;<;1;34;2;28;34
32;32R;<;2;26;2;34;40
32;32R;<;3;23;2;40;46
32;32R;<;4;21;2;46;52
32;32R;<;5;13;2;52;58
32;32R;<;6;10;2;58;4
33;33H;>;1;18;3;18;24
33;33H;>;2;16;3;24;30
33;33H;>;3;17;3;30;36
33;33H;>;4;23;3;36;42
33;33H;>;5;21;3;42;48
33;33H;>;6;22;3;48;54
33;33H;>;7;28;3;55;1
33;33H;>;8;20;3;1;7
33;33R;<;1;20;3;17;23
33;33R;<;2;28;3;23;29
33;33R;<;3;22;3;29;35
33;33R;<;4;21;3;35;41
33;33R;<;5;23;3;41;47
33;33R;<;6;17;3;47;53
33;33R;<;7;16;3;53;59
33;33R;<;8;18;3;59;5
34;34H;>;1;7;2;25;31
34;34H;>;2;8;2;31;37
34;34H;>;3;14;2;37;43
34;34H;>;4;15;2;43;49
34;34H;>;5;24;2;49;55
34;34H;>;6;30;2;55;1
34;34H;>;7;31;2;1;7
34;34H;>;8;37;2;7;13
34;34R;<;1;37;2;10;16
34;34R;<;2;31;2;16;22
34;34R;<;3;30;2;22;28
34;34R;<;4;24;2;28;34
34;34R;<;5;15;2;34;40
34;34R;<;6;14;2;42;48
34;34R;<;7;8;2;48;54
34;34R;<;8;7;2;54;0
