#timetable found by modulo network simplex algorithm
#Thu Jan  5 13:54:22 2017
1; 0
2; 6
3; 6
4; 12
5; 12
6; 18
7; 18
8; 24
9; 24
10; 30
11; 30
12; 36
13; 36
14; 42
15; 42
16; 48
17; 48
18; 54
19; 54
20; 60
21; 0
22; 6
23; 6
24; 12
25; 12
26; 18
27; 18
28; 24
29; 24
30; 30
31; 30
32; 36
33; 36
34; 42
35; 42
36; 48
37; 48
38; 54
39; 54
40; 60
41; 12
42; 18
43; 18
44; 24
45; 24
46; 30
47; 30
48; 36
49; 36
50; 42
51; 42
52; 48
53; 48
54; 54
55; 54
56; 60
57; 12
58; 18
59; 18
60; 24
61; 24
62; 30
63; 30
64; 36
65; 36
66; 42
67; 42
68; 48
69; 48
70; 54
71; 54
72; 60
73; 30
74; 36
75; 36
76; 42
77; 42
78; 48
79; 48
80; 54
81; 54
82; 60
83; 30
84; 36
85; 36
86; 42
87; 42
88; 48
89; 48
90; 54
91; 54
92; 60
93; 1
94; 7
95; 7
96; 13
97; 13
98; 19
99; 19
100; 25
101; 25
102; 31
103; 31
104; 37
105; 37
106; 43
107; 43
108; 49
109; 21
110; 27
111; 27
112; 33
113; 33
114; 39
115; 39
116; 45
117; 45
118; 51
119; 51
120; 57
121; 57
122; 3
123; 3
124; 9
125; 41
126; 47
127; 47
128; 53
129; 53
130; 59
131; 59
132; 5
133; 5
134; 11
135; 11
136; 17
137; 17
138; 23
139; 23
140; 29
141; 54
142; 0
143; 0
144; 6
145; 6
146; 12
147; 12
148; 20
149; 20
150; 26
151; 26
152; 32
153; 32
154; 38
155; 38
156; 44
157; 14
158; 20
159; 20
160; 26
161; 26
162; 32
163; 32
164; 38
165; 40
166; 46
167; 46
168; 52
169; 52
170; 58
171; 58
172; 4
173; 34
174; 40
175; 40
176; 46
177; 46
178; 52
179; 52
180; 58
181; 0
182; 6
183; 6
184; 12
185; 12
186; 18
187; 18
188; 24
189; 24
190; 30
191; 30
192; 36
193; 36
194; 42
195; 42
196; 48
197; 48
198; 54
199; 54
200; 60
201; 19
202; 25
203; 25
204; 31
205; 31
206; 37
207; 37
208; 43
209; 43
210; 49
211; 52
212; 60
213; 0
214; 6
215; 6
216; 12
217; 12
218; 18
219; 18
220; 24
221; 24
222; 30
223; 30
224; 36
225; 30
226; 36
227; 36
228; 42
229; 42
230; 48
231; 48
232; 54
233; 54
234; 60
235; 60
236; 6
237; 58
238; 4
239; 4
240; 10
241; 10
242; 16
243; 16
244; 22
245; 22
246; 28
247; 28
248; 34
249; 28
250; 34
251; 34
252; 40
253; 40
254; 46
255; 46
256; 52
257; 52
258; 58
259; 58
260; 4
261; 38
262; 44
263; 44
264; 50
265; 50
266; 56
267; 56
268; 2
269; 2
270; 8
271; 8
272; 14
273; 15
274; 21
275; 21
276; 27
277; 58
278; 4
279; 4
280; 10
281; 10
282; 16
283; 16
284; 22
285; 22
286; 28
287; 28
288; 34
289; 35
290; 41
291; 41
292; 47
293; 18
294; 24
295; 24
296; 30
297; 30
298; 36
299; 36
300; 42
301; 42
302; 48
303; 48
304; 54
305; 55
306; 1
307; 1
308; 7
309; 57
310; 3
311; 3
312; 9
313; 9
314; 15
315; 15
316; 21
317; 21
318; 27
319; 27
320; 33
321; 33
322; 39
323; 39
324; 45
325; 17
326; 23
327; 23
328; 29
329; 29
330; 35
331; 35
332; 41
333; 41
334; 47
335; 47
336; 53
337; 53
338; 59
339; 59
340; 5
341; 37
342; 43
343; 43
344; 49
345; 49
346; 55
347; 55
348; 1
349; 1
350; 7
351; 7
352; 13
353; 13
354; 19
355; 19
356; 25
357; 25
358; 31
359; 31
360; 37
361; 37
362; 43
363; 43
364; 49
365; 49
366; 55
367; 55
368; 1
369; 1
370; 7
371; 7
372; 13
373; 55
374; 1
375; 1
376; 7
377; 7
378; 13
379; 13
380; 19
381; 19
382; 25
383; 25
384; 31
385; 31
386; 37
387; 37
388; 43
389; 40
390; 46
391; 46
392; 52
393; 52
394; 58
395; 58
396; 4
397; 4
398; 10
399; 12
400; 18
401; 18
402; 24
403; 24
404; 30
405; 10
406; 16
407; 16
408; 22
409; 22
410; 28
411; 28
412; 34
413; 34
414; 40
415; 42
416; 48
417; 48
418; 54
419; 54
420; 60
