# line-id; line-code; direction; stop-order; stop-id; frequency; arrival_time; departure_time; line-repetition
1; 1H; >; 1; 51; 1; 0; 0; 1
1; 1H; >; 2; 41; 1; 5; 5; 1
1; 1H; >; 3; 31; 1; 10; 10; 1
1; 1H; >; 4; 30; 1; 12; 12; 1
1; 1H; >; 5; 29; 1; 14; 14; 1
1; 1H; >; 6; 28; 1; 16; 16; 1
1; 1H; >; 7; 27; 1; 18; 18; 1
1; 1H; >; 8; 26; 1; 20; 20; 1
1; 1H; >; 9; 36; 1; 23; 23; 1
1; 1H; >; 10; 37; 1; 25; 25; 1
1; 1H; >; 11; 38; 1; 27; 27; 1
1; 1H; >; 12; 39; 1; 29; 29; 1
1; 1H; >; 13; 40; 1; 31; 31; 1
1; 1R; <; 1; 40; 1; 0; 0; 1
1; 1R; <; 2; 39; 1; 2; 2; 1
1; 1R; <; 3; 38; 1; 4; 4; 1
1; 1R; <; 4; 37; 1; 6; 6; 1
1; 1R; <; 5; 36; 1; 8; 8; 1
1; 1R; <; 6; 26; 1; 11; 11; 1
1; 1R; <; 7; 27; 1; 13; 13; 1
1; 1R; <; 8; 28; 1; 15; 15; 1
1; 1R; <; 9; 29; 1; 17; 17; 1
1; 1R; <; 10; 30; 1; 19; 19; 1
1; 1R; <; 11; 31; 1; 21; 21; 1
1; 1R; <; 12; 41; 1; 26; 26; 1
1; 1R; <; 13; 51; 1; 31; 31; 1
2; 2H; >; 1; 151; 2; 39; 39; 1
2; 2H; >; 2; 150; 2; 41; 41; 1
2; 2H; >; 3; 149; 2; 43; 43; 1
2; 2H; >; 4; 148; 2; 45; 45; 1
2; 2H; >; 5; 147; 2; 47; 47; 1
2; 2H; >; 6; 146; 2; 49; 49; 1
2; 2H; >; 7; 136; 2; 52; 52; 1
2; 2H; >; 8; 126; 2; 55; 55; 1
2; 2H; >; 9; 127; 2; 57; 57; 1
2; 2H; >; 10; 128; 2; 59; 59; 1
2; 2H; >; 11; 129; 2; 1; 4; 1
2; 2H; >; 12; 130; 2; 7; 10; 1
2; 2H; >; 13; 131; 2; 13; 13; 1
2; 2H; >; 1; 151; 2; 9; 9; 2
2; 2H; >; 2; 150; 2; 11; 11; 2
2; 2H; >; 3; 149; 2; 13; 13; 2
2; 2H; >; 4; 148; 2; 15; 15; 2
2; 2H; >; 5; 147; 2; 17; 17; 2
2; 2H; >; 6; 146; 2; 19; 19; 2
2; 2H; >; 7; 136; 2; 22; 22; 2
2; 2H; >; 8; 126; 2; 25; 25; 2
2; 2H; >; 9; 127; 2; 27; 27; 2
2; 2H; >; 10; 128; 2; 29; 29; 2
2; 2H; >; 11; 129; 2; 31; 34; 2
2; 2H; >; 12; 130; 2; 37; 40; 2
2; 2H; >; 13; 131; 2; 43; 43; 2
2; 2R; <; 1; 131; 2; 44; 44; 1
2; 2R; <; 2; 130; 2; 46; 46; 1
2; 2R; <; 3; 129; 2; 48; 48; 1
2; 2R; <; 4; 128; 2; 50; 50; 1
2; 2R; <; 5; 127; 2; 52; 52; 1
2; 2R; <; 6; 126; 2; 54; 54; 1
2; 2R; <; 7; 136; 2; 57; 57; 1
2; 2R; <; 8; 146; 2; 0; 0; 1
2; 2R; <; 9; 147; 2; 2; 2; 1
2; 2R; <; 10; 148; 2; 4; 4; 1
2; 2R; <; 11; 149; 2; 6; 6; 1
2; 2R; <; 12; 150; 2; 8; 8; 1
2; 2R; <; 13; 151; 2; 10; 10; 1
2; 2R; <; 1; 131; 2; 14; 14; 2
2; 2R; <; 2; 130; 2; 16; 16; 2
2; 2R; <; 3; 129; 2; 18; 18; 2
2; 2R; <; 4; 128; 2; 20; 20; 2
2; 2R; <; 5; 127; 2; 22; 22; 2
2; 2R; <; 6; 126; 2; 24; 24; 2
2; 2R; <; 7; 136; 2; 27; 27; 2
2; 2R; <; 8; 146; 2; 30; 30; 2
2; 2R; <; 9; 147; 2; 32; 32; 2
2; 2R; <; 10; 148; 2; 34; 34; 2
2; 2R; <; 11; 149; 2; 36; 36; 2
2; 2R; <; 12; 150; 2; 38; 38; 2
2; 2R; <; 13; 151; 2; 40; 40; 2
3; 3H; >; 1; 161; 2; 15; 15; 1
3; 3H; >; 2; 160; 2; 17; 17; 1
3; 3H; >; 3; 159; 2; 19; 19; 1
3; 3H; >; 4; 158; 2; 21; 21; 1
3; 3H; >; 5; 157; 2; 23; 23; 1
3; 3H; >; 6; 156; 2; 25; 25; 1
3; 3H; >; 7; 6; 2; 28; 28; 1
3; 3H; >; 8; 5; 2; 30; 30; 1
3; 3H; >; 9; 4; 2; 32; 32; 1
3; 3H; >; 10; 3; 2; 34; 34; 1
3; 3H; >; 11; 2; 2; 36; 36; 1
3; 3H; >; 12; 1; 2; 38; 38; 1
3; 3H; >; 1; 161; 2; 45; 45; 2
3; 3H; >; 2; 160; 2; 47; 47; 2
3; 3H; >; 3; 159; 2; 49; 49; 2
3; 3H; >; 4; 158; 2; 51; 51; 2
3; 3H; >; 5; 157; 2; 53; 53; 2
3; 3H; >; 6; 156; 2; 55; 55; 2
3; 3H; >; 7; 6; 2; 58; 58; 2
3; 3H; >; 8; 5; 2; 0; 0; 2
3; 3H; >; 9; 4; 2; 2; 2; 2
3; 3H; >; 10; 3; 2; 4; 4; 2
3; 3H; >; 11; 2; 2; 6; 6; 2
3; 3H; >; 12; 1; 2; 8; 8; 2
3; 3R; <; 1; 1; 2; 51; 51; 1
3; 3R; <; 2; 2; 2; 53; 53; 1
3; 3R; <; 3; 3; 2; 55; 55; 1
3; 3R; <; 4; 4; 2; 57; 57; 1
3; 3R; <; 5; 5; 2; 59; 59; 1
3; 3R; <; 6; 6; 2; 1; 1; 1
3; 3R; <; 7; 156; 2; 4; 4; 1
3; 3R; <; 8; 157; 2; 6; 6; 1
3; 3R; <; 9; 158; 2; 8; 8; 1
3; 3R; <; 10; 159; 2; 10; 10; 1
3; 3R; <; 11; 160; 2; 12; 12; 1
3; 3R; <; 12; 161; 2; 14; 14; 1
3; 3R; <; 1; 1; 2; 21; 21; 2
3; 3R; <; 2; 2; 2; 23; 23; 2
3; 3R; <; 3; 3; 2; 25; 25; 2
3; 3R; <; 4; 4; 2; 27; 27; 2
3; 3R; <; 5; 5; 2; 29; 29; 2
3; 3R; <; 6; 6; 2; 31; 31; 2
3; 3R; <; 7; 156; 2; 34; 34; 2
3; 3R; <; 8; 157; 2; 36; 36; 2
3; 3R; <; 9; 158; 2; 38; 38; 2
3; 3R; <; 10; 159; 2; 40; 40; 2
3; 3R; <; 11; 160; 2; 42; 42; 2
3; 3R; <; 12; 161; 2; 44; 44; 2
4; 4H; >; 1; 161; 2; 14; 14; 1
4; 4H; >; 2; 160; 2; 16; 16; 1
4; 4H; >; 3; 159; 2; 18; 18; 1
4; 4H; >; 4; 158; 2; 20; 20; 1
4; 4H; >; 5; 157; 2; 22; 22; 1
4; 4H; >; 6; 156; 2; 24; 24; 1
4; 4H; >; 7; 146; 2; 27; 27; 1
4; 4H; >; 8; 147; 2; 29; 29; 1
4; 4H; >; 9; 148; 2; 31; 31; 1
4; 4H; >; 10; 149; 2; 33; 33; 1
4; 4H; >; 11; 150; 2; 35; 35; 1
4; 4H; >; 12; 151; 2; 37; 37; 1
4; 4H; >; 1; 161; 2; 44; 44; 2
4; 4H; >; 2; 160; 2; 46; 46; 2
4; 4H; >; 3; 159; 2; 48; 48; 2
4; 4H; >; 4; 158; 2; 50; 50; 2
4; 4H; >; 5; 157; 2; 52; 52; 2
4; 4H; >; 6; 156; 2; 54; 54; 2
4; 4H; >; 7; 146; 2; 57; 57; 2
4; 4H; >; 8; 147; 2; 59; 59; 2
4; 4H; >; 9; 148; 2; 1; 1; 2
4; 4H; >; 10; 149; 2; 3; 3; 2
4; 4H; >; 11; 150; 2; 5; 5; 2
4; 4H; >; 12; 151; 2; 7; 7; 2
4; 4R; <; 1; 151; 2; 23; 23; 1
4; 4R; <; 2; 150; 2; 25; 25; 1
4; 4R; <; 3; 149; 2; 27; 27; 1
4; 4R; <; 4; 148; 2; 29; 29; 1
4; 4R; <; 5; 147; 2; 31; 31; 1
4; 4R; <; 6; 146; 2; 33; 33; 1
4; 4R; <; 7; 156; 2; 36; 36; 1
4; 4R; <; 8; 157; 2; 38; 38; 1
4; 4R; <; 9; 158; 2; 40; 40; 1
4; 4R; <; 10; 159; 2; 42; 42; 1
4; 4R; <; 11; 160; 2; 44; 44; 1
4; 4R; <; 12; 161; 2; 46; 46; 1
4; 4R; <; 1; 151; 2; 53; 53; 2
4; 4R; <; 2; 150; 2; 55; 55; 2
4; 4R; <; 3; 149; 2; 57; 57; 2
4; 4R; <; 4; 148; 2; 59; 59; 2
4; 4R; <; 5; 147; 2; 1; 1; 2
4; 4R; <; 6; 146; 2; 3; 3; 2
4; 4R; <; 7; 156; 2; 6; 6; 2
4; 4R; <; 8; 157; 2; 8; 8; 2
4; 4R; <; 9; 158; 2; 10; 10; 2
4; 4R; <; 10; 159; 2; 12; 12; 2
4; 4R; <; 11; 160; 2; 14; 14; 2
4; 4R; <; 12; 161; 2; 16; 16; 2
6; 6H; >; 1; 151; 1; 11; 11; 1
6; 6H; >; 2; 150; 1; 13; 13; 1
6; 6H; >; 3; 149; 1; 15; 15; 1
6; 6H; >; 4; 148; 1; 17; 17; 1
6; 6H; >; 5; 147; 1; 19; 19; 1
6; 6H; >; 6; 146; 1; 21; 21; 1
6; 6H; >; 7; 136; 1; 24; 24; 1
6; 6H; >; 8; 137; 1; 26; 26; 1
6; 6H; >; 9; 138; 1; 28; 28; 1
6; 6H; >; 10; 139; 1; 30; 30; 1
6; 6H; >; 11; 140; 1; 32; 32; 1
6; 6H; >; 12; 141; 1; 34; 34; 1
6; 6R; <; 1; 141; 1; 45; 45; 1
6; 6R; <; 2; 140; 1; 47; 47; 1
6; 6R; <; 3; 139; 1; 49; 49; 1
6; 6R; <; 4; 138; 1; 51; 51; 1
6; 6R; <; 5; 137; 1; 53; 53; 1
6; 6R; <; 6; 136; 1; 55; 55; 1
6; 6R; <; 7; 146; 1; 58; 58; 1
6; 6R; <; 8; 147; 1; 0; 0; 1
6; 6R; <; 9; 148; 1; 2; 2; 1
6; 6R; <; 10; 149; 1; 4; 4; 1
6; 6R; <; 11; 150; 1; 6; 6; 1
6; 6R; <; 12; 151; 1; 8; 8; 1
10; 10H; >; 1; 140; 2; 50; 50; 1
10; 10H; >; 2; 139; 2; 52; 52; 1
10; 10H; >; 3; 138; 2; 54; 54; 1
10; 10H; >; 4; 137; 2; 56; 56; 1
10; 10H; >; 5; 136; 2; 58; 58; 1
10; 10H; >; 6; 135; 2; 0; 0; 1
10; 10H; >; 7; 134; 2; 2; 2; 1
10; 10H; >; 8; 133; 2; 4; 4; 1
10; 10H; >; 9; 132; 2; 6; 6; 1
10; 10H; >; 10; 1; 2; 8; 11; 1
10; 10H; >; 11; 52; 2; 13; 13; 1
10; 10H; >; 12; 53; 2; 15; 15; 1
10; 10H; >; 1; 140; 2; 20; 20; 2
10; 10H; >; 2; 139; 2; 22; 22; 2
10; 10H; >; 3; 138; 2; 24; 24; 2
10; 10H; >; 4; 137; 2; 26; 26; 2
10; 10H; >; 5; 136; 2; 28; 28; 2
10; 10H; >; 6; 135; 2; 30; 30; 2
10; 10H; >; 7; 134; 2; 32; 32; 2
10; 10H; >; 8; 133; 2; 34; 34; 2
10; 10H; >; 9; 132; 2; 36; 36; 2
10; 10H; >; 10; 1; 2; 38; 41; 2
10; 10H; >; 11; 52; 2; 43; 43; 2
10; 10H; >; 12; 53; 2; 45; 45; 2
10; 10R; <; 1; 53; 2; 34; 34; 1
10; 10R; <; 2; 52; 2; 36; 36; 1
10; 10R; <; 3; 1; 2; 38; 41; 1
10; 10R; <; 4; 132; 2; 43; 43; 1
10; 10R; <; 5; 133; 2; 45; 45; 1
10; 10R; <; 6; 134; 2; 47; 47; 1
10; 10R; <; 7; 135; 2; 49; 49; 1
10; 10R; <; 8; 136; 2; 51; 51; 1
10; 10R; <; 9; 137; 2; 53; 53; 1
10; 10R; <; 10; 138; 2; 55; 55; 1
10; 10R; <; 11; 139; 2; 57; 57; 1
10; 10R; <; 12; 140; 2; 59; 59; 1
10; 10R; <; 1; 53; 2; 4; 4; 2
10; 10R; <; 2; 52; 2; 6; 6; 2
10; 10R; <; 3; 1; 2; 8; 11; 2
10; 10R; <; 4; 132; 2; 13; 13; 2
10; 10R; <; 5; 133; 2; 15; 15; 2
10; 10R; <; 6; 134; 2; 17; 17; 2
10; 10R; <; 7; 135; 2; 19; 19; 2
10; 10R; <; 8; 136; 2; 21; 21; 2
10; 10R; <; 9; 137; 2; 23; 23; 2
10; 10R; <; 10; 138; 2; 25; 25; 2
10; 10R; <; 11; 139; 2; 27; 27; 2
10; 10R; <; 12; 140; 2; 29; 29; 2
11; 11H; >; 1; 131; 2; 38; 38; 1
11; 11H; >; 2; 130; 2; 40; 40; 1
11; 11H; >; 3; 129; 2; 42; 42; 1
11; 11H; >; 4; 128; 2; 44; 44; 1
11; 11H; >; 5; 127; 2; 46; 46; 1
11; 11H; >; 6; 126; 2; 48; 48; 1
11; 11H; >; 7; 116; 2; 51; 51; 1
11; 11H; >; 8; 117; 2; 53; 53; 1
11; 11H; >; 9; 118; 2; 55; 55; 1
11; 11H; >; 10; 119; 2; 57; 57; 1
11; 11H; >; 11; 120; 2; 59; 59; 1
11; 11H; >; 12; 121; 2; 2; 2; 1
11; 11H; >; 1; 131; 2; 8; 8; 2
11; 11H; >; 2; 130; 2; 10; 10; 2
11; 11H; >; 3; 129; 2; 12; 12; 2
11; 11H; >; 4; 128; 2; 14; 14; 2
11; 11H; >; 5; 127; 2; 16; 16; 2
11; 11H; >; 6; 126; 2; 18; 18; 2
11; 11H; >; 7; 116; 2; 21; 21; 2
11; 11H; >; 8; 117; 2; 23; 23; 2
11; 11H; >; 9; 118; 2; 25; 25; 2
11; 11H; >; 10; 119; 2; 27; 27; 2
11; 11H; >; 11; 120; 2; 29; 29; 2
11; 11H; >; 12; 121; 2; 31; 31; 2
11; 11R; <; 1; 121; 2; 38; 38; 1
11; 11R; <; 2; 120; 2; 40; 40; 1
11; 11R; <; 3; 119; 2; 42; 42; 1
11; 11R; <; 4; 118; 2; 44; 44; 1
11; 11R; <; 5; 117; 2; 46; 46; 1
11; 11R; <; 6; 116; 2; 48; 48; 1
11; 11R; <; 7; 126; 2; 51; 51; 1
11; 11R; <; 8; 127; 2; 53; 53; 1
11; 11R; <; 9; 128; 2; 55; 55; 1
11; 11R; <; 10; 129; 2; 58; 0; 1
11; 11R; <; 11; 130; 2; 3; 6; 1
11; 11R; <; 12; 131; 2; 9; 9; 1
11; 11R; <; 1; 121; 2; 8; 8; 2
11; 11R; <; 2; 120; 2; 10; 10; 2
11; 11R; <; 3; 119; 2; 12; 12; 2
11; 11R; <; 4; 118; 2; 14; 14; 2
11; 11R; <; 5; 117; 2; 16; 16; 2
11; 11R; <; 6; 116; 2; 18; 18; 2
11; 11R; <; 7; 126; 2; 21; 21; 2
11; 11R; <; 8; 127; 2; 23; 23; 2
11; 11R; <; 9; 128; 2; 25; 25; 2
11; 11R; <; 10; 129; 2; 27; 30; 2
11; 11R; <; 11; 130; 2; 33; 36; 2
11; 11R; <; 12; 131; 2; 39; 39; 2
13; 13H; >; 1; 121; 2; 12; 12; 1
13; 13H; >; 2; 120; 2; 14; 14; 1
13; 13H; >; 3; 119; 2; 16; 16; 1
13; 13H; >; 4; 118; 2; 18; 18; 1
13; 13H; >; 5; 117; 2; 20; 20; 1
13; 13H; >; 6; 116; 2; 22; 22; 1
13; 13H; >; 7; 106; 2; 25; 25; 1
13; 13H; >; 8; 107; 2; 27; 27; 1
13; 13H; >; 9; 108; 2; 29; 32; 1
13; 13H; >; 10; 109; 2; 35; 38; 1
13; 13H; >; 11; 110; 2; 41; 44; 1
13; 13H; >; 12; 111; 2; 47; 47; 1
13; 13H; >; 1; 121; 2; 42; 42; 2
13; 13H; >; 2; 120; 2; 44; 44; 2
13; 13H; >; 3; 119; 2; 46; 46; 2
13; 13H; >; 4; 118; 2; 48; 48; 2
13; 13H; >; 5; 117; 2; 50; 50; 2
13; 13H; >; 6; 116; 2; 52; 52; 2
13; 13H; >; 7; 106; 2; 55; 55; 2
13; 13H; >; 8; 107; 2; 57; 57; 2
13; 13H; >; 9; 108; 2; 59; 2; 2
13; 13H; >; 10; 109; 2; 5; 8; 2
13; 13H; >; 11; 110; 2; 11; 14; 2
13; 13H; >; 12; 111; 2; 17; 17; 2
13; 13R; <; 1; 111; 2; 38; 38; 1
13; 13R; <; 2; 110; 2; 40; 40; 1
13; 13R; <; 3; 109; 2; 42; 42; 1
13; 13R; <; 4; 108; 2; 44; 44; 1
13; 13R; <; 5; 107; 2; 46; 46; 1
13; 13R; <; 6; 106; 2; 48; 48; 1
13; 13R; <; 7; 116; 2; 51; 51; 1
13; 13R; <; 8; 117; 2; 53; 53; 1
13; 13R; <; 9; 118; 2; 55; 55; 1
13; 13R; <; 10; 119; 2; 57; 57; 1
13; 13R; <; 11; 120; 2; 59; 59; 1
13; 13R; <; 12; 121; 2; 2; 2; 1
13; 13R; <; 1; 111; 2; 8; 8; 2
13; 13R; <; 2; 110; 2; 10; 10; 2
13; 13R; <; 3; 109; 2; 12; 12; 2
13; 13R; <; 4; 108; 2; 14; 14; 2
13; 13R; <; 5; 107; 2; 16; 16; 2
13; 13R; <; 6; 106; 2; 18; 18; 2
13; 13R; <; 7; 116; 2; 21; 21; 2
13; 13R; <; 8; 117; 2; 23; 23; 2
13; 13R; <; 9; 118; 2; 25; 25; 2
13; 13R; <; 10; 119; 2; 27; 27; 2
13; 13R; <; 11; 120; 2; 29; 29; 2
13; 13R; <; 12; 121; 2; 31; 31; 2
15; 15H; >; 1; 111; 2; 8; 8; 1
15; 15H; >; 2; 110; 2; 10; 10; 1
15; 15H; >; 3; 109; 2; 12; 12; 1
15; 15H; >; 4; 108; 2; 14; 14; 1
15; 15H; >; 5; 107; 2; 16; 16; 1
15; 15H; >; 6; 106; 2; 18; 18; 1
15; 15H; >; 7; 96; 2; 21; 21; 1
15; 15H; >; 8; 97; 2; 23; 23; 1
15; 15H; >; 9; 98; 2; 25; 25; 1
15; 15H; >; 10; 99; 2; 27; 27; 1
15; 15H; >; 11; 100; 2; 29; 29; 1
15; 15H; >; 12; 101; 2; 32; 32; 1
15; 15H; >; 1; 111; 2; 38; 38; 2
15; 15H; >; 2; 110; 2; 40; 40; 2
15; 15H; >; 3; 109; 2; 42; 42; 2
15; 15H; >; 4; 108; 2; 44; 44; 2
15; 15H; >; 5; 107; 2; 46; 46; 2
15; 15H; >; 6; 106; 2; 48; 48; 2
15; 15H; >; 7; 96; 2; 51; 51; 2
15; 15H; >; 8; 97; 2; 53; 53; 2
15; 15H; >; 9; 98; 2; 55; 55; 2
15; 15H; >; 10; 99; 2; 57; 57; 2
15; 15H; >; 11; 100; 2; 59; 59; 2
15; 15H; >; 12; 101; 2; 1; 1; 2
15; 15R; <; 1; 101; 2; 42; 42; 1
15; 15R; <; 2; 100; 2; 44; 44; 1
15; 15R; <; 3; 99; 2; 46; 46; 1
15; 15R; <; 4; 98; 2; 48; 48; 1
15; 15R; <; 5; 97; 2; 50; 50; 1
15; 15R; <; 6; 96; 2; 52; 52; 1
15; 15R; <; 7; 106; 2; 55; 55; 1
15; 15R; <; 8; 107; 2; 57; 57; 1
15; 15R; <; 9; 108; 2; 59; 2; 1
15; 15R; <; 10; 109; 2; 5; 8; 1
15; 15R; <; 11; 110; 2; 11; 14; 1
15; 15R; <; 12; 111; 2; 17; 17; 1
15; 15R; <; 1; 101; 2; 12; 12; 2
15; 15R; <; 2; 100; 2; 14; 14; 2
15; 15R; <; 3; 99; 2; 16; 16; 2
15; 15R; <; 4; 98; 2; 18; 18; 2
15; 15R; <; 5; 97; 2; 20; 20; 2
15; 15R; <; 6; 96; 2; 22; 22; 2
15; 15R; <; 7; 106; 2; 25; 25; 2
15; 15R; <; 8; 107; 2; 27; 27; 2
15; 15R; <; 9; 108; 2; 30; 32; 2
15; 15R; <; 10; 109; 2; 35; 38; 2
15; 15R; <; 11; 110; 2; 41; 44; 2
15; 15R; <; 12; 111; 2; 47; 47; 2
17; 17H; >; 1; 101; 2; 44; 44; 1
17; 17H; >; 2; 100; 2; 46; 46; 1
17; 17H; >; 3; 99; 2; 48; 48; 1
17; 17H; >; 4; 98; 2; 50; 50; 1
17; 17H; >; 5; 97; 2; 52; 52; 1
17; 17H; >; 6; 96; 2; 54; 54; 1
17; 17H; >; 7; 86; 2; 57; 57; 1
17; 17H; >; 8; 87; 2; 59; 59; 1
17; 17H; >; 9; 88; 2; 1; 4; 1
17; 17H; >; 10; 89; 2; 7; 10; 1
17; 17H; >; 11; 90; 2; 13; 16; 1
17; 17H; >; 12; 91; 2; 19; 19; 1
17; 17H; >; 1; 101; 2; 14; 14; 2
17; 17H; >; 2; 100; 2; 16; 16; 2
17; 17H; >; 3; 99; 2; 18; 18; 2
17; 17H; >; 4; 98; 2; 20; 20; 2
17; 17H; >; 5; 97; 2; 22; 22; 2
17; 17H; >; 6; 96; 2; 24; 24; 2
17; 17H; >; 7; 86; 2; 27; 27; 2
17; 17H; >; 8; 87; 2; 29; 29; 2
17; 17H; >; 9; 88; 2; 31; 34; 2
17; 17H; >; 10; 89; 2; 37; 40; 2
17; 17H; >; 11; 90; 2; 43; 46; 2
17; 17H; >; 12; 91; 2; 49; 49; 2
17; 17R; <; 1; 91; 2; 36; 36; 1
17; 17R; <; 2; 90; 2; 38; 38; 1
17; 17R; <; 3; 89; 2; 40; 40; 1
17; 17R; <; 4; 88; 2; 42; 42; 1
17; 17R; <; 5; 87; 2; 44; 44; 1
17; 17R; <; 6; 86; 2; 46; 46; 1
17; 17R; <; 7; 96; 2; 49; 49; 1
17; 17R; <; 8; 97; 2; 51; 51; 1
17; 17R; <; 9; 98; 2; 53; 53; 1
17; 17R; <; 10; 99; 2; 55; 55; 1
17; 17R; <; 11; 100; 2; 57; 57; 1
17; 17R; <; 12; 101; 2; 0; 0; 1
17; 17R; <; 1; 91; 2; 6; 6; 2
17; 17R; <; 2; 90; 2; 8; 8; 2
17; 17R; <; 3; 89; 2; 10; 10; 2
17; 17R; <; 4; 88; 2; 12; 12; 2
17; 17R; <; 5; 87; 2; 14; 14; 2
17; 17R; <; 6; 86; 2; 16; 16; 2
17; 17R; <; 7; 96; 2; 19; 19; 2
17; 17R; <; 8; 97; 2; 21; 21; 2
17; 17R; <; 9; 98; 2; 23; 23; 2
17; 17R; <; 10; 99; 2; 25; 25; 2
17; 17R; <; 11; 100; 2; 27; 27; 2
17; 17R; <; 12; 101; 2; 29; 29; 2
25; 25H; >; 1; 91; 2; 42; 42; 1
25; 25H; >; 2; 90; 2; 44; 44; 1
25; 25H; >; 3; 89; 2; 46; 46; 1
25; 25H; >; 4; 88; 2; 48; 48; 1
25; 25H; >; 5; 87; 2; 50; 50; 1
25; 25H; >; 6; 86; 2; 52; 52; 1
25; 25H; >; 7; 76; 2; 55; 55; 1
25; 25H; >; 8; 77; 2; 57; 57; 1
25; 25H; >; 9; 78; 2; 59; 59; 1
25; 25H; >; 10; 79; 2; 1; 1; 1
25; 25H; >; 11; 80; 2; 3; 3; 1
25; 25H; >; 12; 81; 2; 6; 6; 1
25; 25H; >; 1; 91; 2; 12; 12; 2
25; 25H; >; 2; 90; 2; 14; 14; 2
25; 25H; >; 3; 89; 2; 16; 16; 2
25; 25H; >; 4; 88; 2; 18; 18; 2
25; 25H; >; 5; 87; 2; 20; 20; 2
25; 25H; >; 6; 86; 2; 22; 22; 2
25; 25H; >; 7; 76; 2; 25; 25; 2
25; 25H; >; 8; 77; 2; 27; 27; 2
25; 25H; >; 9; 78; 2; 29; 29; 2
25; 25H; >; 10; 79; 2; 31; 31; 2
25; 25H; >; 11; 80; 2; 33; 33; 2
25; 25H; >; 12; 81; 2; 35; 35; 2
25; 25R; <; 1; 81; 2; 48; 48; 1
25; 25R; <; 2; 80; 2; 50; 50; 1
25; 25R; <; 3; 79; 2; 52; 52; 1
25; 25R; <; 4; 78; 2; 54; 54; 1
25; 25R; <; 5; 77; 2; 56; 56; 1
25; 25R; <; 6; 76; 2; 58; 58; 1
25; 25R; <; 7; 86; 2; 1; 1; 1
25; 25R; <; 8; 87; 2; 3; 3; 1
25; 25R; <; 9; 88; 2; 5; 8; 1
25; 25R; <; 10; 89; 2; 11; 14; 1
25; 25R; <; 11; 90; 2; 17; 20; 1
25; 25R; <; 12; 91; 2; 23; 23; 1
25; 25R; <; 1; 81; 2; 18; 18; 2
25; 25R; <; 2; 80; 2; 20; 20; 2
25; 25R; <; 3; 79; 2; 22; 22; 2
25; 25R; <; 4; 78; 2; 24; 24; 2
25; 25R; <; 5; 77; 2; 26; 26; 2
25; 25R; <; 6; 76; 2; 28; 28; 2
25; 25R; <; 7; 86; 2; 31; 31; 2
25; 25R; <; 8; 87; 2; 33; 33; 2
25; 25R; <; 9; 88; 2; 35; 38; 2
25; 25R; <; 10; 89; 2; 41; 44; 2
25; 25R; <; 11; 90; 2; 47; 50; 2
25; 25R; <; 12; 91; 2; 53; 53; 2
26; 26H; >; 1; 81; 2; 36; 36; 1
26; 26H; >; 2; 80; 2; 38; 38; 1
26; 26H; >; 3; 79; 2; 40; 40; 1
26; 26H; >; 4; 78; 2; 42; 42; 1
26; 26H; >; 5; 77; 2; 44; 44; 1
26; 26H; >; 6; 76; 2; 46; 46; 1
26; 26H; >; 7; 66; 2; 49; 52; 1
26; 26H; >; 8; 67; 2; 55; 58; 1
26; 26H; >; 9; 68; 2; 1; 4; 1
26; 26H; >; 10; 69; 2; 7; 10; 1
26; 26H; >; 11; 70; 2; 13; 16; 1
26; 26H; >; 12; 71; 2; 19; 19; 1
26; 26H; >; 1; 81; 2; 6; 6; 2
26; 26H; >; 2; 80; 2; 8; 8; 2
26; 26H; >; 3; 79; 2; 10; 10; 2
26; 26H; >; 4; 78; 2; 12; 12; 2
26; 26H; >; 5; 77; 2; 14; 14; 2
26; 26H; >; 6; 76; 2; 16; 16; 2
26; 26H; >; 7; 66; 2; 19; 22; 2
26; 26H; >; 8; 67; 2; 25; 28; 2
26; 26H; >; 9; 68; 2; 31; 34; 2
26; 26H; >; 10; 69; 2; 37; 40; 2
26; 26H; >; 11; 70; 2; 43; 46; 2
26; 26H; >; 12; 71; 2; 49; 49; 2
26; 26R; <; 1; 71; 2; 42; 42; 1
26; 26R; <; 2; 70; 2; 44; 44; 1
26; 26R; <; 3; 69; 2; 46; 46; 1
26; 26R; <; 4; 68; 2; 48; 48; 1
26; 26R; <; 5; 67; 2; 50; 50; 1
26; 26R; <; 6; 66; 2; 52; 52; 1
26; 26R; <; 7; 76; 2; 55; 55; 1
26; 26R; <; 8; 77; 2; 57; 57; 1
26; 26R; <; 9; 78; 2; 59; 59; 1
26; 26R; <; 10; 79; 2; 1; 1; 1
26; 26R; <; 11; 80; 2; 3; 3; 1
26; 26R; <; 12; 81; 2; 5; 5; 1
26; 26R; <; 1; 71; 2; 12; 12; 2
26; 26R; <; 2; 70; 2; 14; 14; 2
26; 26R; <; 3; 69; 2; 16; 16; 2
26; 26R; <; 4; 68; 2; 18; 18; 2
26; 26R; <; 5; 67; 2; 20; 20; 2
26; 26R; <; 6; 66; 2; 22; 22; 2
26; 26R; <; 7; 76; 2; 25; 25; 2
26; 26R; <; 8; 77; 2; 27; 27; 2
26; 26R; <; 9; 78; 2; 29; 29; 2
26; 26R; <; 10; 79; 2; 31; 31; 2
26; 26R; <; 11; 80; 2; 33; 33; 2
26; 26R; <; 12; 81; 2; 35; 35; 2
27; 27H; >; 1; 71; 2; 12; 12; 1
27; 27H; >; 2; 70; 2; 14; 14; 1
27; 27H; >; 3; 69; 2; 16; 16; 1
27; 27H; >; 4; 68; 2; 18; 18; 1
27; 27H; >; 5; 67; 2; 20; 20; 1
27; 27H; >; 6; 66; 2; 22; 22; 1
27; 27H; >; 7; 56; 2; 25; 25; 1
27; 27H; >; 8; 57; 2; 27; 27; 1
27; 27H; >; 9; 58; 2; 29; 29; 1
27; 27H; >; 10; 59; 2; 31; 34; 1
27; 27H; >; 11; 60; 2; 37; 40; 1
27; 27H; >; 12; 61; 2; 43; 43; 1
27; 27H; >; 1; 71; 2; 42; 42; 2
27; 27H; >; 2; 70; 2; 44; 44; 2
27; 27H; >; 3; 69; 2; 46; 46; 2
27; 27H; >; 4; 68; 2; 48; 48; 2
27; 27H; >; 5; 67; 2; 50; 50; 2
27; 27H; >; 6; 66; 2; 52; 52; 2
27; 27H; >; 7; 56; 2; 55; 55; 2
27; 27H; >; 8; 57; 2; 57; 57; 2
27; 27H; >; 9; 58; 2; 59; 59; 2
27; 27H; >; 10; 59; 2; 1; 4; 2
27; 27H; >; 11; 60; 2; 7; 10; 2
27; 27H; >; 12; 61; 2; 13; 13; 2
27; 27R; <; 1; 61; 2; 6; 6; 1
27; 27R; <; 2; 60; 2; 8; 8; 1
27; 27R; <; 3; 59; 2; 10; 10; 1
27; 27R; <; 4; 58; 2; 12; 12; 1
27; 27R; <; 5; 57; 2; 14; 14; 1
27; 27R; <; 6; 56; 2; 16; 16; 1
27; 27R; <; 7; 66; 2; 19; 22; 1
27; 27R; <; 8; 67; 2; 25; 28; 1
27; 27R; <; 9; 68; 2; 31; 34; 1
27; 27R; <; 10; 69; 2; 37; 40; 1
27; 27R; <; 11; 70; 2; 43; 46; 1
27; 27R; <; 12; 71; 2; 49; 49; 1
27; 27R; <; 1; 61; 2; 36; 36; 2
27; 27R; <; 2; 60; 2; 38; 38; 2
27; 27R; <; 3; 59; 2; 40; 40; 2
27; 27R; <; 4; 58; 2; 42; 42; 2
27; 27R; <; 5; 57; 2; 44; 44; 2
27; 27R; <; 6; 56; 2; 46; 46; 2
27; 27R; <; 7; 66; 2; 50; 52; 2
27; 27R; <; 8; 67; 2; 55; 58; 2
27; 27R; <; 9; 68; 2; 1; 4; 2
27; 27R; <; 10; 69; 2; 7; 10; 2
27; 27R; <; 11; 70; 2; 13; 16; 2
27; 27R; <; 12; 71; 2; 19; 19; 2
28; 28H; >; 1; 61; 2; 42; 42; 1
28; 28H; >; 2; 60; 2; 44; 44; 1
28; 28H; >; 3; 59; 2; 46; 46; 1
28; 28H; >; 4; 58; 2; 48; 48; 1
28; 28H; >; 5; 57; 2; 50; 50; 1
28; 28H; >; 6; 56; 2; 52; 52; 1
28; 28H; >; 7; 46; 2; 55; 58; 1
28; 28H; >; 8; 47; 2; 1; 4; 1
28; 28H; >; 9; 48; 2; 7; 10; 1
28; 28H; >; 10; 49; 2; 13; 16; 1
28; 28H; >; 11; 50; 2; 19; 22; 1
28; 28H; >; 12; 51; 2; 25; 25; 1
28; 28H; >; 1; 61; 2; 12; 12; 2
28; 28H; >; 2; 60; 2; 14; 14; 2
28; 28H; >; 3; 59; 2; 16; 16; 2
28; 28H; >; 4; 58; 2; 18; 18; 2
28; 28H; >; 5; 57; 2; 20; 20; 2
28; 28H; >; 6; 56; 2; 22; 22; 2
28; 28H; >; 7; 46; 2; 25; 28; 2
28; 28H; >; 8; 47; 2; 31; 34; 2
28; 28H; >; 9; 48; 2; 37; 40; 2
28; 28H; >; 10; 49; 2; 43; 46; 2
28; 28H; >; 11; 50; 2; 49; 52; 2
28; 28H; >; 12; 51; 2; 55; 55; 2
28; 28R; <; 1; 51; 2; 14; 14; 1
28; 28R; <; 2; 50; 2; 16; 16; 1
28; 28R; <; 3; 49; 2; 18; 18; 1
28; 28R; <; 4; 48; 2; 20; 20; 1
28; 28R; <; 5; 47; 2; 22; 22; 1
28; 28R; <; 6; 46; 2; 24; 24; 1
28; 28R; <; 7; 56; 2; 27; 27; 1
28; 28R; <; 8; 57; 2; 29; 29; 1
28; 28R; <; 9; 58; 2; 31; 31; 1
28; 28R; <; 10; 59; 2; 33; 36; 1
28; 28R; <; 11; 60; 2; 39; 42; 1
28; 28R; <; 12; 61; 2; 45; 45; 1
28; 28R; <; 1; 51; 2; 44; 44; 2
28; 28R; <; 2; 50; 2; 46; 46; 2
28; 28R; <; 3; 49; 2; 48; 48; 2
28; 28R; <; 4; 48; 2; 50; 50; 2
28; 28R; <; 5; 47; 2; 52; 52; 2
28; 28R; <; 6; 46; 2; 54; 54; 2
28; 28R; <; 7; 56; 2; 57; 57; 2
28; 28R; <; 8; 57; 2; 59; 59; 2
28; 28R; <; 9; 58; 2; 1; 1; 2
28; 28R; <; 10; 59; 2; 3; 6; 2
28; 28R; <; 11; 60; 2; 9; 12; 2
28; 28R; <; 12; 61; 2; 15; 15; 2
30; 30H; >; 1; 40; 2; 44; 44; 1
30; 30H; >; 2; 39; 2; 46; 46; 1
30; 30H; >; 3; 38; 2; 48; 48; 1
30; 30H; >; 4; 37; 2; 50; 50; 1
30; 30H; >; 5; 36; 2; 52; 52; 1
30; 30H; >; 6; 26; 2; 55; 55; 1
30; 30H; >; 7; 16; 2; 58; 1; 1
30; 30H; >; 8; 17; 2; 4; 7; 1
30; 30H; >; 9; 18; 2; 10; 13; 1
30; 30H; >; 10; 19; 2; 16; 19; 1
30; 30H; >; 11; 20; 2; 22; 25; 1
30; 30H; >; 12; 21; 2; 28; 28; 1
30; 30H; >; 1; 40; 2; 14; 14; 2
30; 30H; >; 2; 39; 2; 16; 16; 2
30; 30H; >; 3; 38; 2; 18; 18; 2
30; 30H; >; 4; 37; 2; 20; 20; 2
30; 30H; >; 5; 36; 2; 22; 22; 2
30; 30H; >; 6; 26; 2; 25; 25; 2
30; 30H; >; 7; 16; 2; 28; 31; 2
30; 30H; >; 8; 17; 2; 34; 37; 2
30; 30H; >; 9; 18; 2; 40; 43; 2
30; 30H; >; 10; 19; 2; 46; 49; 2
30; 30H; >; 11; 20; 2; 52; 55; 2
30; 30H; >; 12; 21; 2; 58; 58; 2
30; 30R; <; 1; 21; 2; 42; 42; 1
30; 30R; <; 2; 20; 2; 44; 44; 1
30; 30R; <; 3; 19; 2; 46; 46; 1
30; 30R; <; 4; 18; 2; 48; 48; 1
30; 30R; <; 5; 17; 2; 50; 50; 1
30; 30R; <; 6; 16; 2; 52; 52; 1
30; 30R; <; 7; 26; 2; 55; 55; 1
30; 30R; <; 8; 36; 2; 58; 58; 1
30; 30R; <; 9; 37; 2; 0; 3; 1
30; 30R; <; 10; 38; 2; 6; 9; 1
30; 30R; <; 11; 39; 2; 12; 15; 1
30; 30R; <; 12; 40; 2; 18; 18; 1
30; 30R; <; 1; 21; 2; 12; 12; 2
30; 30R; <; 2; 20; 2; 14; 14; 2
30; 30R; <; 3; 19; 2; 16; 16; 2
30; 30R; <; 4; 18; 2; 18; 18; 2
30; 30R; <; 5; 17; 2; 20; 20; 2
30; 30R; <; 6; 16; 2; 22; 22; 2
30; 30R; <; 7; 26; 2; 25; 25; 2
30; 30R; <; 8; 36; 2; 28; 28; 2
30; 30R; <; 9; 37; 2; 30; 33; 2
30; 30R; <; 10; 38; 2; 36; 39; 2
30; 30R; <; 11; 39; 2; 42; 45; 2
30; 30R; <; 12; 40; 2; 48; 48; 2
31; 31H; >; 1; 21; 2; 45; 45; 1
31; 31H; >; 2; 20; 2; 47; 47; 1
31; 31H; >; 3; 19; 2; 49; 49; 1
31; 31H; >; 4; 18; 2; 51; 51; 1
31; 31H; >; 5; 17; 2; 53; 53; 1
31; 31H; >; 6; 16; 2; 55; 55; 1
31; 31H; >; 7; 6; 2; 58; 58; 1
31; 31H; >; 8; 5; 2; 0; 0; 1
31; 31H; >; 9; 4; 2; 2; 2; 1
31; 31H; >; 10; 3; 2; 4; 4; 1
31; 31H; >; 11; 2; 2; 6; 6; 1
31; 31H; >; 12; 1; 2; 8; 8; 1
31; 31H; >; 1; 21; 2; 15; 15; 2
31; 31H; >; 2; 20; 2; 17; 17; 2
31; 31H; >; 3; 19; 2; 19; 19; 2
31; 31H; >; 4; 18; 2; 21; 21; 2
31; 31H; >; 5; 17; 2; 23; 23; 2
31; 31H; >; 6; 16; 2; 25; 25; 2
31; 31H; >; 7; 6; 2; 28; 28; 2
31; 31H; >; 8; 5; 2; 30; 30; 2
31; 31H; >; 9; 4; 2; 32; 32; 2
31; 31H; >; 10; 3; 2; 34; 34; 2
31; 31H; >; 11; 2; 2; 36; 36; 2
31; 31H; >; 12; 1; 2; 38; 38; 2
31; 31R; <; 1; 1; 2; 44; 44; 1
31; 31R; <; 2; 2; 2; 46; 46; 1
31; 31R; <; 3; 3; 2; 48; 48; 1
31; 31R; <; 4; 4; 2; 50; 50; 1
31; 31R; <; 5; 5; 2; 52; 52; 1
31; 31R; <; 6; 6; 2; 54; 54; 1
31; 31R; <; 7; 16; 2; 57; 57; 1
31; 31R; <; 8; 17; 2; 59; 59; 1
31; 31R; <; 9; 18; 2; 1; 1; 1
31; 31R; <; 10; 19; 2; 3; 3; 1
31; 31R; <; 11; 20; 2; 5; 5; 1
31; 31R; <; 12; 21; 2; 7; 7; 1
31; 31R; <; 1; 1; 2; 14; 14; 2
31; 31R; <; 2; 2; 2; 16; 16; 2
31; 31R; <; 3; 3; 2; 18; 18; 2
31; 31R; <; 4; 4; 2; 20; 20; 2
31; 31R; <; 5; 5; 2; 22; 22; 2
31; 31R; <; 6; 6; 2; 24; 24; 2
31; 31R; <; 7; 16; 2; 27; 27; 2
31; 31R; <; 8; 17; 2; 29; 29; 2
31; 31R; <; 9; 18; 2; 31; 31; 2
31; 31R; <; 10; 19; 2; 33; 33; 2
31; 31R; <; 11; 20; 2; 35; 35; 2
31; 31R; <; 12; 21; 2; 37; 37; 2
32; 32H; >; 1; 92; 1; 38; 38; 1
32; 32H; >; 2; 82; 1; 39; 39; 1
32; 32H; >; 3; 72; 1; 40; 40; 1
32; 32H; >; 4; 62; 1; 41; 41; 1
32; 32H; >; 5; 52; 1; 42; 42; 1
32; 32H; >; 6; 42; 1; 43; 43; 1
32; 32H; >; 7; 32; 1; 44; 44; 1
32; 32H; >; 8; 22; 1; 45; 45; 1
32; 32H; >; 9; 12; 1; 46; 49; 1
32; 32H; >; 10; 2; 1; 50; 53; 1
32; 32H; >; 11; 1; 1; 56; 56; 1
32; 32R; <; 1; 1; 1; 3; 3; 1
32; 32R; <; 2; 2; 1; 5; 5; 1
32; 32R; <; 3; 12; 1; 6; 6; 1
32; 32R; <; 4; 22; 1; 7; 7; 1
32; 32R; <; 5; 32; 1; 8; 8; 1
32; 32R; <; 6; 42; 1; 9; 9; 1
32; 32R; <; 7; 52; 1; 10; 10; 1
32; 32R; <; 8; 62; 1; 11; 11; 1
32; 32R; <; 9; 72; 1; 12; 12; 1
32; 32R; <; 10; 82; 1; 13; 13; 1
32; 32R; <; 11; 92; 1; 14; 14; 1
38; 38H; >; 1; 121; 1; 18; 18; 1
38; 38H; >; 2; 120; 1; 20; 20; 1
38; 38H; >; 3; 119; 1; 22; 22; 1
38; 38H; >; 4; 118; 1; 24; 24; 1
38; 38H; >; 5; 117; 1; 26; 26; 1
38; 38H; >; 6; 116; 1; 28; 28; 1
38; 38H; >; 7; 115; 1; 30; 30; 1
38; 38H; >; 8; 114; 1; 32; 32; 1
38; 38H; >; 9; 113; 1; 34; 34; 1
38; 38H; >; 10; 112; 1; 36; 36; 1
38; 38H; >; 11; 1; 1; 38; 38; 1
38; 38R; <; 1; 1; 1; 41; 41; 1
38; 38R; <; 2; 112; 1; 43; 43; 1
38; 38R; <; 3; 113; 1; 45; 45; 1
38; 38R; <; 4; 114; 1; 47; 47; 1
38; 38R; <; 5; 115; 1; 49; 49; 1
38; 38R; <; 6; 116; 1; 51; 51; 1
38; 38R; <; 7; 117; 1; 53; 53; 1
38; 38R; <; 8; 118; 1; 55; 55; 1
38; 38R; <; 9; 119; 1; 57; 57; 1
38; 38R; <; 10; 120; 1; 59; 2; 1
38; 38R; <; 11; 121; 1; 5; 5; 1
43; 43H; >; 1; 61; 1; 18; 18; 1
43; 43H; >; 2; 60; 1; 20; 20; 1
43; 43H; >; 3; 59; 1; 22; 22; 1
43; 43H; >; 4; 58; 1; 24; 24; 1
43; 43H; >; 5; 57; 1; 26; 26; 1
43; 43H; >; 6; 56; 1; 28; 28; 1
43; 43H; >; 7; 55; 1; 30; 30; 1
43; 43H; >; 8; 54; 1; 32; 32; 1
43; 43H; >; 9; 53; 1; 34; 34; 1
43; 43H; >; 10; 52; 1; 36; 36; 1
43; 43H; >; 11; 1; 1; 38; 38; 1
43; 43R; <; 1; 1; 1; 44; 44; 1
43; 43R; <; 2; 52; 1; 46; 46; 1
43; 43R; <; 3; 53; 1; 48; 48; 1
43; 43R; <; 4; 54; 1; 50; 50; 1
43; 43R; <; 5; 55; 1; 52; 52; 1
43; 43R; <; 6; 56; 1; 54; 54; 1
43; 43R; <; 7; 57; 1; 56; 56; 1
43; 43R; <; 8; 58; 1; 58; 58; 1
43; 43R; <; 9; 59; 1; 0; 0; 1
43; 43R; <; 10; 60; 1; 2; 2; 1
43; 43R; <; 11; 61; 1; 4; 4; 1
47; 47H; >; 1; 21; 1; 18; 18; 1
47; 47H; >; 2; 20; 1; 20; 20; 1
47; 47H; >; 3; 19; 1; 22; 22; 1
47; 47H; >; 4; 18; 1; 24; 24; 1
47; 47H; >; 5; 17; 1; 26; 26; 1
47; 47H; >; 6; 16; 1; 28; 28; 1
47; 47H; >; 7; 15; 1; 30; 30; 1
47; 47H; >; 8; 14; 1; 32; 32; 1
47; 47H; >; 9; 13; 1; 34; 34; 1
47; 47H; >; 10; 12; 1; 36; 36; 1
47; 47H; >; 11; 1; 1; 38; 38; 1
47; 47R; <; 1; 1; 1; 11; 11; 1
47; 47R; <; 2; 12; 1; 13; 13; 1
47; 47R; <; 3; 13; 1; 15; 15; 1
47; 47R; <; 4; 14; 1; 17; 17; 1
47; 47R; <; 5; 15; 1; 19; 19; 1
47; 47R; <; 6; 16; 1; 21; 21; 1
47; 47R; <; 7; 17; 1; 23; 23; 1
47; 47R; <; 8; 18; 1; 25; 28; 1
47; 47R; <; 9; 19; 1; 31; 34; 1
47; 47R; <; 10; 20; 1; 37; 40; 1
47; 47R; <; 11; 21; 1; 43; 43; 1
51; 51H; >; 1; 50; 2; 42; 42; 1
51; 51H; >; 2; 49; 2; 44; 44; 1
51; 51H; >; 3; 48; 2; 46; 46; 1
51; 51H; >; 4; 47; 2; 48; 48; 1
51; 51H; >; 5; 46; 2; 50; 50; 1
51; 51H; >; 6; 36; 2; 53; 53; 1
51; 51H; >; 7; 37; 2; 55; 55; 1
51; 51H; >; 8; 38; 2; 57; 57; 1
51; 51H; >; 9; 39; 2; 59; 59; 1
51; 51H; >; 10; 40; 2; 2; 2; 1
51; 51H; >; 1; 50; 2; 12; 12; 2
51; 51H; >; 2; 49; 2; 14; 14; 2
51; 51H; >; 3; 48; 2; 16; 16; 2
51; 51H; >; 4; 47; 2; 18; 18; 2
51; 51H; >; 5; 46; 2; 20; 20; 2
51; 51H; >; 6; 36; 2; 23; 23; 2
51; 51H; >; 7; 37; 2; 25; 25; 2
51; 51H; >; 8; 38; 2; 27; 27; 2
51; 51H; >; 9; 39; 2; 29; 29; 2
51; 51H; >; 10; 40; 2; 31; 31; 2
51; 51R; <; 1; 40; 2; 14; 14; 1
51; 51R; <; 2; 39; 2; 16; 16; 1
51; 51R; <; 3; 38; 2; 18; 18; 1
51; 51R; <; 4; 37; 2; 20; 20; 1
51; 51R; <; 5; 36; 2; 22; 22; 1
51; 51R; <; 6; 46; 2; 25; 28; 1
51; 51R; <; 7; 47; 2; 31; 34; 1
51; 51R; <; 8; 48; 2; 37; 40; 1
51; 51R; <; 9; 49; 2; 43; 46; 1
51; 51R; <; 10; 50; 2; 49; 49; 1
51; 51R; <; 1; 40; 2; 44; 44; 2
51; 51R; <; 2; 39; 2; 46; 46; 2
51; 51R; <; 3; 38; 2; 48; 48; 2
51; 51R; <; 4; 37; 2; 50; 50; 2
51; 51R; <; 5; 36; 2; 52; 52; 2
51; 51R; <; 6; 46; 2; 55; 58; 2
51; 51R; <; 7; 47; 2; 1; 4; 2
51; 51R; <; 8; 48; 2; 7; 10; 2
51; 51R; <; 9; 49; 2; 13; 16; 2
51; 51R; <; 10; 50; 2; 19; 19; 2
52; 52H; >; 1; 92; 1; 39; 39; 1
52; 52H; >; 2; 1; 1; 41; 41; 1
52; 52H; >; 3; 52; 1; 43; 43; 1
52; 52H; >; 4; 53; 1; 45; 45; 1
52; 52H; >; 5; 54; 1; 47; 47; 1
52; 52H; >; 6; 55; 1; 49; 49; 1
52; 52R; <; 1; 55; 1; 0; 0; 1
52; 52R; <; 2; 54; 1; 2; 2; 1
52; 52R; <; 3; 53; 1; 4; 4; 1
52; 52R; <; 4; 52; 1; 6; 6; 1
52; 52R; <; 5; 1; 1; 8; 8; 1
52; 52R; <; 6; 92; 1; 10; 10; 1
53; 53H; >; 1; 85; 1; 25; 25; 1
53; 53H; >; 2; 84; 1; 27; 27; 1
53; 53H; >; 3; 83; 1; 29; 29; 1
53; 53H; >; 4; 73; 1; 31; 34; 1
53; 53H; >; 5; 74; 1; 37; 40; 1
53; 53H; >; 6; 75; 1; 43; 43; 1
53; 53R; <; 1; 75; 1; 21; 21; 1
53; 53R; <; 2; 74; 1; 23; 23; 1
53; 53R; <; 3; 73; 1; 25; 25; 1
53; 53R; <; 4; 83; 1; 27; 27; 1
53; 53R; <; 5; 84; 1; 29; 29; 1
53; 53R; <; 6; 85; 1; 31; 31; 1
54; 54H; >; 1; 75; 1; 21; 21; 1
54; 54H; >; 2; 74; 1; 23; 23; 1
54; 54H; >; 3; 73; 1; 25; 25; 1
54; 54H; >; 4; 63; 1; 27; 27; 1
54; 54H; >; 5; 64; 1; 29; 29; 1
54; 54H; >; 6; 65; 1; 31; 31; 1
54; 54R; <; 1; 65; 1; 25; 25; 1
54; 54R; <; 2; 64; 1; 27; 27; 1
54; 54R; <; 3; 63; 1; 29; 29; 1
54; 54R; <; 4; 73; 1; 31; 34; 1
54; 54R; <; 5; 74; 1; 37; 40; 1
54; 54R; <; 6; 75; 1; 43; 43; 1
55; 55H; >; 1; 65; 1; 12; 12; 1
55; 55H; >; 2; 64; 1; 14; 14; 1
55; 55H; >; 3; 63; 1; 16; 16; 1
55; 55H; >; 4; 53; 1; 18; 18; 1
55; 55H; >; 5; 54; 1; 20; 23; 1
55; 55H; >; 6; 55; 1; 26; 26; 1
55; 55R; <; 1; 55; 1; 21; 21; 1
55; 55R; <; 2; 54; 1; 23; 23; 1
55; 55R; <; 3; 53; 1; 25; 25; 1
55; 55R; <; 4; 63; 1; 27; 27; 1
55; 55R; <; 5; 64; 1; 29; 29; 1
55; 55R; <; 6; 65; 1; 31; 31; 1
56; 56H; >; 1; 55; 1; 55; 55; 1
56; 56H; >; 2; 54; 1; 57; 57; 1
56; 56H; >; 3; 53; 1; 59; 59; 1
56; 56H; >; 4; 43; 1; 1; 4; 1
56; 56H; >; 5; 44; 1; 7; 10; 1
56; 56H; >; 6; 45; 1; 13; 13; 1
56; 56R; <; 1; 45; 1; 21; 21; 1
56; 56R; <; 2; 44; 1; 23; 23; 1
56; 56R; <; 3; 43; 1; 25; 25; 1
56; 56R; <; 4; 53; 1; 27; 27; 1
56; 56R; <; 5; 54; 1; 29; 29; 1
56; 56R; <; 6; 55; 1; 31; 31; 1
57; 57H; >; 1; 45; 1; 21; 21; 1
57; 57H; >; 2; 44; 1; 23; 23; 1
57; 57H; >; 3; 43; 1; 25; 25; 1
57; 57H; >; 4; 33; 1; 27; 27; 1
57; 57H; >; 5; 34; 1; 29; 29; 1
57; 57H; >; 6; 35; 1; 31; 31; 1
57; 57R; <; 1; 35; 1; 55; 55; 1
57; 57R; <; 2; 34; 1; 57; 57; 1
57; 57R; <; 3; 33; 1; 59; 59; 1
57; 57R; <; 4; 43; 1; 1; 4; 1
57; 57R; <; 5; 44; 1; 7; 10; 1
57; 57R; <; 6; 45; 1; 13; 13; 1
58; 58H; >; 1; 35; 1; 21; 21; 1
58; 58H; >; 2; 34; 1; 23; 23; 1
58; 58H; >; 3; 33; 1; 25; 25; 1
58; 58H; >; 4; 23; 1; 27; 27; 1
58; 58H; >; 5; 24; 1; 29; 29; 1
58; 58H; >; 6; 25; 1; 31; 31; 1
58; 58R; <; 1; 25; 1; 21; 21; 1
58; 58R; <; 2; 24; 1; 23; 23; 1
58; 58R; <; 3; 23; 1; 25; 25; 1
58; 58R; <; 4; 33; 1; 27; 27; 1
58; 58R; <; 5; 34; 1; 29; 29; 1
58; 58R; <; 6; 35; 1; 31; 31; 1
61; 61H; >; 1; 91; 1; 18; 18; 1
61; 61H; >; 2; 90; 1; 20; 20; 1
61; 61H; >; 3; 89; 1; 22; 22; 1
61; 61H; >; 4; 88; 1; 24; 24; 1
61; 61H; >; 5; 87; 1; 26; 26; 1
61; 61H; >; 6; 86; 1; 28; 28; 1
61; 61H; >; 7; 85; 1; 30; 30; 1
61; 61H; >; 8; 84; 1; 32; 32; 1
61; 61H; >; 9; 83; 1; 34; 34; 1
61; 61H; >; 10; 82; 1; 36; 36; 1
61; 61H; >; 11; 1; 1; 38; 41; 1
61; 61H; >; 12; 2; 1; 43; 43; 1
61; 61H; >; 13; 3; 1; 45; 45; 1
61; 61H; >; 14; 4; 1; 47; 47; 1
61; 61H; >; 15; 5; 1; 49; 49; 1
61; 61H; >; 16; 6; 1; 51; 51; 1
61; 61H; >; 17; 7; 1; 53; 53; 1
61; 61H; >; 18; 8; 1; 55; 55; 1
61; 61H; >; 19; 9; 1; 57; 57; 1
61; 61H; >; 20; 10; 1; 59; 59; 1
61; 61H; >; 21; 11; 1; 1; 1; 1
61; 61R; <; 1; 11; 1; 18; 18; 1
61; 61R; <; 2; 10; 1; 20; 20; 1
61; 61R; <; 3; 9; 1; 22; 22; 1
61; 61R; <; 4; 8; 1; 24; 24; 1
61; 61R; <; 5; 7; 1; 26; 26; 1
61; 61R; <; 6; 6; 1; 28; 28; 1
61; 61R; <; 7; 5; 1; 30; 30; 1
61; 61R; <; 8; 4; 1; 32; 32; 1
61; 61R; <; 9; 3; 1; 34; 34; 1
61; 61R; <; 10; 2; 1; 36; 36; 1
61; 61R; <; 11; 1; 1; 38; 41; 1
61; 61R; <; 12; 82; 1; 43; 43; 1
61; 61R; <; 13; 83; 1; 45; 45; 1
61; 61R; <; 14; 84; 1; 47; 47; 1
61; 61R; <; 15; 85; 1; 49; 49; 1
61; 61R; <; 16; 86; 1; 51; 51; 1
61; 61R; <; 17; 87; 1; 53; 53; 1
61; 61R; <; 18; 88; 1; 55; 55; 1
61; 61R; <; 19; 89; 1; 57; 57; 1
61; 61R; <; 20; 90; 1; 59; 2; 1
61; 61R; <; 21; 91; 1; 5; 5; 1
62; 62H; >; 1; 81; 2; 48; 48; 1
62; 62H; >; 2; 80; 2; 50; 50; 1
62; 62H; >; 3; 79; 2; 52; 52; 1
62; 62H; >; 4; 78; 2; 54; 54; 1
62; 62H; >; 5; 77; 2; 56; 56; 1
62; 62H; >; 6; 76; 2; 58; 58; 1
62; 62H; >; 7; 75; 2; 0; 0; 1
62; 62H; >; 8; 74; 2; 2; 2; 1
62; 62H; >; 9; 73; 2; 4; 4; 1
62; 62H; >; 10; 72; 2; 6; 6; 1
62; 62H; >; 11; 1; 2; 8; 11; 1
62; 62H; >; 12; 152; 2; 13; 13; 1
62; 62H; >; 13; 153; 2; 15; 15; 1
62; 62H; >; 14; 154; 2; 17; 17; 1
62; 62H; >; 15; 155; 2; 19; 19; 1
62; 62H; >; 16; 156; 2; 21; 21; 1
62; 62H; >; 17; 157; 2; 23; 23; 1
62; 62H; >; 18; 158; 2; 25; 25; 1
62; 62H; >; 19; 159; 2; 27; 27; 1
62; 62H; >; 20; 160; 2; 29; 29; 1
62; 62H; >; 21; 161; 2; 31; 31; 1
62; 62H; >; 1; 81; 2; 18; 18; 2
62; 62H; >; 2; 80; 2; 20; 20; 2
62; 62H; >; 3; 79; 2; 22; 22; 2
62; 62H; >; 4; 78; 2; 24; 24; 2
62; 62H; >; 5; 77; 2; 26; 26; 2
62; 62H; >; 6; 76; 2; 28; 28; 2
62; 62H; >; 7; 75; 2; 30; 30; 2
62; 62H; >; 8; 74; 2; 32; 32; 2
62; 62H; >; 9; 73; 2; 34; 34; 2
62; 62H; >; 10; 72; 2; 36; 36; 2
62; 62H; >; 11; 1; 2; 38; 41; 2
62; 62H; >; 12; 152; 2; 43; 43; 2
62; 62H; >; 13; 153; 2; 45; 45; 2
62; 62H; >; 14; 154; 2; 47; 47; 2
62; 62H; >; 15; 155; 2; 49; 49; 2
62; 62H; >; 16; 156; 2; 51; 51; 2
62; 62H; >; 17; 157; 2; 53; 53; 2
62; 62H; >; 18; 158; 2; 55; 55; 2
62; 62H; >; 19; 159; 2; 57; 57; 2
62; 62H; >; 20; 160; 2; 59; 59; 2
62; 62H; >; 21; 161; 2; 1; 1; 2
62; 62R; <; 1; 161; 2; 48; 48; 1
62; 62R; <; 2; 160; 2; 50; 50; 1
62; 62R; <; 3; 159; 2; 52; 52; 1
62; 62R; <; 4; 158; 2; 54; 54; 1
62; 62R; <; 5; 157; 2; 56; 56; 1
62; 62R; <; 6; 156; 2; 58; 58; 1
62; 62R; <; 7; 155; 2; 0; 0; 1
62; 62R; <; 8; 154; 2; 2; 2; 1
62; 62R; <; 9; 153; 2; 4; 4; 1
62; 62R; <; 10; 152; 2; 6; 6; 1
62; 62R; <; 11; 1; 2; 8; 11; 1
62; 62R; <; 12; 72; 2; 13; 13; 1
62; 62R; <; 13; 73; 2; 15; 15; 1
62; 62R; <; 14; 74; 2; 17; 17; 1
62; 62R; <; 15; 75; 2; 19; 19; 1
62; 62R; <; 16; 76; 2; 21; 21; 1
62; 62R; <; 17; 77; 2; 23; 23; 1
62; 62R; <; 18; 78; 2; 25; 25; 1
62; 62R; <; 19; 79; 2; 27; 27; 1
62; 62R; <; 20; 80; 2; 29; 29; 1
62; 62R; <; 21; 81; 2; 31; 31; 1
62; 62R; <; 1; 161; 2; 18; 18; 2
62; 62R; <; 2; 160; 2; 20; 20; 2
62; 62R; <; 3; 159; 2; 22; 22; 2
62; 62R; <; 4; 158; 2; 24; 24; 2
62; 62R; <; 5; 157; 2; 26; 26; 2
62; 62R; <; 6; 156; 2; 28; 28; 2
62; 62R; <; 7; 155; 2; 30; 30; 2
62; 62R; <; 8; 154; 2; 32; 32; 2
62; 62R; <; 9; 153; 2; 34; 34; 2
62; 62R; <; 10; 152; 2; 36; 36; 2
62; 62R; <; 11; 1; 2; 38; 41; 2
62; 62R; <; 12; 72; 2; 43; 43; 2
62; 62R; <; 13; 73; 2; 45; 45; 2
62; 62R; <; 14; 74; 2; 47; 47; 2
62; 62R; <; 15; 75; 2; 49; 49; 2
62; 62R; <; 16; 76; 2; 51; 51; 2
62; 62R; <; 17; 77; 2; 53; 53; 2
62; 62R; <; 18; 78; 2; 55; 55; 2
62; 62R; <; 19; 79; 2; 57; 57; 2
62; 62R; <; 20; 80; 2; 59; 59; 2
62; 62R; <; 21; 81; 2; 1; 1; 2
63; 63H; >; 1; 71; 1; 18; 18; 1
63; 63H; >; 2; 70; 1; 20; 20; 1
63; 63H; >; 3; 69; 1; 22; 22; 1
63; 63H; >; 4; 68; 1; 24; 24; 1
63; 63H; >; 5; 67; 1; 26; 26; 1
63; 63H; >; 6; 66; 1; 28; 28; 1
63; 63H; >; 7; 65; 1; 30; 30; 1
63; 63H; >; 8; 64; 1; 32; 32; 1
63; 63H; >; 9; 63; 1; 34; 34; 1
63; 63H; >; 10; 62; 1; 36; 36; 1
63; 63H; >; 11; 1; 1; 38; 41; 1
63; 63H; >; 12; 142; 1; 43; 43; 1
63; 63H; >; 13; 143; 1; 45; 45; 1
63; 63H; >; 14; 144; 1; 47; 47; 1
63; 63H; >; 15; 145; 1; 49; 49; 1
63; 63H; >; 16; 146; 1; 51; 51; 1
63; 63H; >; 17; 147; 1; 53; 53; 1
63; 63H; >; 18; 148; 1; 55; 55; 1
63; 63H; >; 19; 149; 1; 57; 57; 1
63; 63H; >; 20; 150; 1; 59; 59; 1
63; 63H; >; 21; 151; 1; 1; 1; 1
63; 63R; <; 1; 151; 1; 18; 18; 1
63; 63R; <; 2; 150; 1; 20; 20; 1
63; 63R; <; 3; 149; 1; 22; 22; 1
63; 63R; <; 4; 148; 1; 24; 24; 1
63; 63R; <; 5; 147; 1; 26; 26; 1
63; 63R; <; 6; 146; 1; 28; 28; 1
63; 63R; <; 7; 145; 1; 30; 30; 1
63; 63R; <; 8; 144; 1; 32; 32; 1
63; 63R; <; 9; 143; 1; 34; 34; 1
63; 63R; <; 10; 142; 1; 36; 36; 1
63; 63R; <; 11; 1; 1; 38; 41; 1
63; 63R; <; 12; 62; 1; 43; 43; 1
63; 63R; <; 13; 63; 1; 45; 45; 1
63; 63R; <; 14; 64; 1; 47; 47; 1
63; 63R; <; 15; 65; 1; 49; 49; 1
63; 63R; <; 16; 66; 1; 51; 51; 1
63; 63R; <; 17; 67; 1; 53; 53; 1
63; 63R; <; 18; 68; 1; 55; 55; 1
63; 63R; <; 19; 69; 1; 57; 57; 1
63; 63R; <; 20; 70; 1; 59; 59; 1
63; 63R; <; 21; 71; 1; 1; 1; 1
65; 65H; >; 1; 51; 2; 18; 18; 1
65; 65H; >; 2; 50; 2; 20; 20; 1
65; 65H; >; 3; 49; 2; 22; 22; 1
65; 65H; >; 4; 48; 2; 24; 24; 1
65; 65H; >; 5; 47; 2; 26; 26; 1
65; 65H; >; 6; 46; 2; 28; 28; 1
65; 65H; >; 7; 45; 2; 30; 30; 1
65; 65H; >; 8; 44; 2; 32; 32; 1
65; 65H; >; 9; 43; 2; 34; 34; 1
65; 65H; >; 10; 42; 2; 36; 36; 1
65; 65H; >; 11; 1; 2; 38; 41; 1
65; 65H; >; 12; 122; 2; 43; 43; 1
65; 65H; >; 13; 123; 2; 45; 45; 1
65; 65H; >; 14; 124; 2; 47; 47; 1
65; 65H; >; 15; 125; 2; 49; 49; 1
65; 65H; >; 16; 126; 2; 51; 51; 1
65; 65H; >; 17; 127; 2; 53; 53; 1
65; 65H; >; 18; 128; 2; 55; 55; 1
65; 65H; >; 19; 129; 2; 57; 57; 1
65; 65H; >; 20; 130; 2; 59; 59; 1
65; 65H; >; 21; 131; 2; 1; 1; 1
65; 65H; >; 1; 51; 2; 48; 48; 2
65; 65H; >; 2; 50; 2; 50; 50; 2
65; 65H; >; 3; 49; 2; 52; 52; 2
65; 65H; >; 4; 48; 2; 54; 54; 2
65; 65H; >; 5; 47; 2; 56; 56; 2
65; 65H; >; 6; 46; 2; 58; 58; 2
65; 65H; >; 7; 45; 2; 0; 0; 2
65; 65H; >; 8; 44; 2; 2; 2; 2
65; 65H; >; 9; 43; 2; 4; 4; 2
65; 65H; >; 10; 42; 2; 6; 6; 2
65; 65H; >; 11; 1; 2; 8; 11; 2
65; 65H; >; 12; 122; 2; 13; 13; 2
65; 65H; >; 13; 123; 2; 15; 15; 2
65; 65H; >; 14; 124; 2; 17; 17; 2
65; 65H; >; 15; 125; 2; 19; 19; 2
65; 65H; >; 16; 126; 2; 21; 21; 2
65; 65H; >; 17; 127; 2; 23; 23; 2
65; 65H; >; 18; 128; 2; 25; 25; 2
65; 65H; >; 19; 129; 2; 27; 27; 2
65; 65H; >; 20; 130; 2; 29; 29; 2
65; 65H; >; 21; 131; 2; 31; 31; 2
65; 65R; <; 1; 131; 2; 18; 18; 1
65; 65R; <; 2; 130; 2; 20; 20; 1
65; 65R; <; 3; 129; 2; 22; 22; 1
65; 65R; <; 4; 128; 2; 24; 24; 1
65; 65R; <; 5; 127; 2; 26; 26; 1
65; 65R; <; 6; 126; 2; 28; 28; 1
65; 65R; <; 7; 125; 2; 30; 30; 1
65; 65R; <; 8; 124; 2; 32; 32; 1
65; 65R; <; 9; 123; 2; 34; 34; 1
65; 65R; <; 10; 122; 2; 36; 36; 1
65; 65R; <; 11; 1; 2; 38; 41; 1
65; 65R; <; 12; 42; 2; 43; 43; 1
65; 65R; <; 13; 43; 2; 45; 45; 1
65; 65R; <; 14; 44; 2; 47; 47; 1
65; 65R; <; 15; 45; 2; 49; 49; 1
65; 65R; <; 16; 46; 2; 51; 51; 1
65; 65R; <; 17; 47; 2; 53; 53; 1
65; 65R; <; 18; 48; 2; 55; 55; 1
65; 65R; <; 19; 49; 2; 57; 57; 1
65; 65R; <; 20; 50; 2; 59; 59; 1
65; 65R; <; 21; 51; 2; 2; 2; 1
65; 65R; <; 1; 131; 2; 48; 48; 2
65; 65R; <; 2; 130; 2; 50; 50; 2
65; 65R; <; 3; 129; 2; 52; 52; 2
65; 65R; <; 4; 128; 2; 54; 54; 2
65; 65R; <; 5; 127; 2; 56; 56; 2
65; 65R; <; 6; 126; 2; 58; 58; 2
65; 65R; <; 7; 125; 2; 0; 0; 2
65; 65R; <; 8; 124; 2; 2; 2; 2
65; 65R; <; 9; 123; 2; 4; 4; 2
65; 65R; <; 10; 122; 2; 6; 6; 2
65; 65R; <; 11; 1; 2; 8; 11; 2
65; 65R; <; 12; 42; 2; 13; 13; 2
65; 65R; <; 13; 43; 2; 15; 15; 2
65; 65R; <; 14; 44; 2; 17; 17; 2
65; 65R; <; 15; 45; 2; 19; 19; 2
65; 65R; <; 16; 46; 2; 21; 21; 2
65; 65R; <; 17; 47; 2; 23; 23; 2
65; 65R; <; 18; 48; 2; 25; 25; 2
65; 65R; <; 19; 49; 2; 27; 27; 2
65; 65R; <; 20; 50; 2; 29; 29; 2
65; 65R; <; 21; 51; 2; 31; 31; 2
68; 68H; >; 1; 21; 1; 18; 18; 1
68; 68H; >; 2; 20; 1; 20; 20; 1
68; 68H; >; 3; 19; 1; 22; 22; 1
68; 68H; >; 4; 18; 1; 24; 24; 1
68; 68H; >; 5; 17; 1; 26; 26; 1
68; 68H; >; 6; 16; 1; 28; 28; 1
68; 68H; >; 7; 15; 1; 30; 30; 1
68; 68H; >; 8; 14; 1; 32; 32; 1
68; 68H; >; 9; 13; 1; 34; 34; 1
68; 68H; >; 10; 12; 1; 36; 36; 1
68; 68H; >; 11; 1; 1; 38; 41; 1
68; 68H; >; 12; 92; 1; 43; 43; 1
68; 68H; >; 13; 93; 1; 45; 45; 1
68; 68H; >; 14; 94; 1; 47; 47; 1
68; 68H; >; 15; 95; 1; 49; 49; 1
68; 68H; >; 16; 96; 1; 51; 51; 1
68; 68H; >; 17; 97; 1; 53; 53; 1
68; 68H; >; 18; 98; 1; 55; 55; 1
68; 68H; >; 19; 99; 1; 57; 57; 1
68; 68H; >; 20; 100; 1; 59; 59; 1
68; 68H; >; 21; 101; 1; 1; 1; 1
68; 68R; <; 1; 101; 1; 18; 18; 1
68; 68R; <; 2; 100; 1; 20; 20; 1
68; 68R; <; 3; 99; 1; 22; 22; 1
68; 68R; <; 4; 98; 1; 24; 24; 1
68; 68R; <; 5; 97; 1; 26; 26; 1
68; 68R; <; 6; 96; 1; 28; 28; 1
68; 68R; <; 7; 95; 1; 30; 30; 1
68; 68R; <; 8; 94; 1; 32; 32; 1
68; 68R; <; 9; 93; 1; 34; 34; 1
68; 68R; <; 10; 92; 1; 36; 36; 1
68; 68R; <; 11; 1; 1; 38; 41; 1
68; 68R; <; 12; 12; 1; 43; 43; 1
68; 68R; <; 13; 13; 1; 45; 45; 1
68; 68R; <; 14; 14; 1; 47; 47; 1
68; 68R; <; 15; 15; 1; 49; 49; 1
68; 68R; <; 16; 16; 1; 51; 51; 1
68; 68R; <; 17; 17; 1; 53; 53; 1
68; 68R; <; 18; 18; 1; 55; 55; 1
68; 68R; <; 19; 19; 1; 57; 57; 1
68; 68R; <; 20; 20; 1; 59; 59; 1
68; 68R; <; 21; 21; 1; 1; 1; 1
71; 71H; >; 1; 31; 2; 48; 48; 1
71; 71H; >; 2; 30; 2; 50; 50; 1
71; 71H; >; 3; 29; 2; 52; 52; 1
71; 71H; >; 4; 28; 2; 54; 54; 1
71; 71H; >; 5; 27; 2; 56; 56; 1
71; 71H; >; 6; 26; 2; 58; 58; 1
71; 71H; >; 7; 25; 2; 0; 0; 1
71; 71H; >; 8; 24; 2; 2; 2; 1
71; 71H; >; 9; 23; 2; 4; 4; 1
71; 71H; >; 10; 22; 2; 6; 6; 1
71; 71H; >; 11; 1; 2; 8; 11; 1
71; 71H; >; 12; 102; 2; 13; 13; 1
71; 71H; >; 13; 103; 2; 15; 15; 1
71; 71H; >; 14; 104; 2; 17; 17; 1
71; 71H; >; 15; 105; 2; 19; 19; 1
71; 71H; >; 16; 106; 2; 21; 21; 1
71; 71H; >; 17; 107; 2; 23; 23; 1
71; 71H; >; 18; 108; 2; 25; 25; 1
71; 71H; >; 19; 109; 2; 27; 27; 1
71; 71H; >; 20; 110; 2; 29; 29; 1
71; 71H; >; 21; 111; 2; 32; 32; 1
71; 71H; >; 1; 31; 2; 18; 18; 2
71; 71H; >; 2; 30; 2; 20; 20; 2
71; 71H; >; 3; 29; 2; 22; 22; 2
71; 71H; >; 4; 28; 2; 24; 24; 2
71; 71H; >; 5; 27; 2; 26; 26; 2
71; 71H; >; 6; 26; 2; 28; 28; 2
71; 71H; >; 7; 25; 2; 30; 30; 2
71; 71H; >; 8; 24; 2; 32; 32; 2
71; 71H; >; 9; 23; 2; 34; 34; 2
71; 71H; >; 10; 22; 2; 36; 36; 2
71; 71H; >; 11; 1; 2; 38; 41; 2
71; 71H; >; 12; 102; 2; 43; 43; 2
71; 71H; >; 13; 103; 2; 45; 45; 2
71; 71H; >; 14; 104; 2; 47; 47; 2
71; 71H; >; 15; 105; 2; 49; 49; 2
71; 71H; >; 16; 106; 2; 51; 51; 2
71; 71H; >; 17; 107; 2; 53; 53; 2
71; 71H; >; 18; 108; 2; 55; 55; 2
71; 71H; >; 19; 109; 2; 57; 57; 2
71; 71H; >; 20; 110; 2; 59; 59; 2
71; 71H; >; 21; 111; 2; 1; 1; 2
71; 71R; <; 1; 111; 2; 48; 48; 1
71; 71R; <; 2; 110; 2; 50; 50; 1
71; 71R; <; 3; 109; 2; 52; 52; 1
71; 71R; <; 4; 108; 2; 54; 54; 1
71; 71R; <; 5; 107; 2; 56; 56; 1
71; 71R; <; 6; 106; 2; 58; 58; 1
71; 71R; <; 7; 105; 2; 0; 0; 1
71; 71R; <; 8; 104; 2; 2; 2; 1
71; 71R; <; 9; 103; 2; 4; 4; 1
71; 71R; <; 10; 102; 2; 6; 6; 1
71; 71R; <; 11; 1; 2; 8; 11; 1
71; 71R; <; 12; 22; 2; 13; 13; 1
71; 71R; <; 13; 23; 2; 15; 15; 1
71; 71R; <; 14; 24; 2; 17; 17; 1
71; 71R; <; 15; 25; 2; 19; 19; 1
71; 71R; <; 16; 26; 2; 21; 21; 1
71; 71R; <; 17; 27; 2; 23; 23; 1
71; 71R; <; 18; 28; 2; 25; 25; 1
71; 71R; <; 19; 29; 2; 27; 27; 1
71; 71R; <; 20; 30; 2; 29; 29; 1
71; 71R; <; 21; 31; 2; 31; 31; 1
71; 71R; <; 1; 111; 2; 18; 18; 2
71; 71R; <; 2; 110; 2; 20; 20; 2
71; 71R; <; 3; 109; 2; 22; 22; 2
71; 71R; <; 4; 108; 2; 24; 24; 2
71; 71R; <; 5; 107; 2; 26; 26; 2
71; 71R; <; 6; 106; 2; 28; 28; 2
71; 71R; <; 7; 105; 2; 30; 30; 2
71; 71R; <; 8; 104; 2; 32; 32; 2
71; 71R; <; 9; 103; 2; 34; 34; 2
71; 71R; <; 10; 102; 2; 36; 36; 2
71; 71R; <; 11; 1; 2; 38; 41; 2
71; 71R; <; 12; 22; 2; 43; 43; 2
71; 71R; <; 13; 23; 2; 45; 45; 2
71; 71R; <; 14; 24; 2; 47; 47; 2
71; 71R; <; 15; 25; 2; 49; 49; 2
71; 71R; <; 16; 26; 2; 51; 51; 2
71; 71R; <; 17; 27; 2; 53; 53; 2
71; 71R; <; 18; 28; 2; 55; 55; 2
71; 71R; <; 19; 29; 2; 57; 57; 2
71; 71R; <; 20; 30; 2; 59; 59; 2
71; 71R; <; 21; 31; 2; 2; 2; 2
72; 72H; >; 1; 41; 1; 18; 18; 1
72; 72H; >; 2; 40; 1; 20; 20; 1
72; 72H; >; 3; 39; 1; 22; 22; 1
72; 72H; >; 4; 38; 1; 24; 24; 1
72; 72H; >; 5; 37; 1; 26; 26; 1
72; 72H; >; 6; 36; 1; 28; 28; 1
72; 72H; >; 7; 35; 1; 30; 30; 1
72; 72H; >; 8; 34; 1; 32; 32; 1
72; 72H; >; 9; 33; 1; 34; 34; 1
72; 72H; >; 10; 32; 1; 36; 36; 1
72; 72H; >; 11; 1; 1; 38; 41; 1
72; 72H; >; 12; 112; 1; 43; 43; 1
72; 72H; >; 13; 113; 1; 45; 45; 1
72; 72H; >; 14; 114; 1; 47; 47; 1
72; 72H; >; 15; 115; 1; 49; 49; 1
72; 72H; >; 16; 116; 1; 51; 51; 1
72; 72H; >; 17; 117; 1; 53; 53; 1
72; 72H; >; 18; 118; 1; 55; 55; 1
72; 72H; >; 19; 119; 1; 57; 57; 1
72; 72H; >; 20; 120; 1; 59; 2; 1
72; 72H; >; 21; 121; 1; 5; 5; 1
72; 72R; <; 1; 121; 1; 2; 2; 1
72; 72R; <; 2; 120; 1; 5; 8; 1
72; 72R; <; 3; 119; 1; 11; 14; 1
72; 72R; <; 4; 118; 1; 17; 20; 1
72; 72R; <; 5; 117; 1; 23; 26; 1
72; 72R; <; 6; 116; 1; 28; 28; 1
72; 72R; <; 7; 115; 1; 30; 30; 1
72; 72R; <; 8; 114; 1; 32; 32; 1
72; 72R; <; 9; 113; 1; 34; 34; 1
72; 72R; <; 10; 112; 1; 36; 36; 1
72; 72R; <; 11; 1; 1; 38; 41; 1
72; 72R; <; 12; 32; 1; 43; 43; 1
72; 72R; <; 13; 33; 1; 45; 45; 1
72; 72R; <; 14; 34; 1; 47; 47; 1
72; 72R; <; 15; 35; 1; 49; 49; 1
72; 72R; <; 16; 36; 1; 51; 51; 1
72; 72R; <; 17; 37; 1; 53; 53; 1
72; 72R; <; 18; 38; 1; 55; 55; 1
72; 72R; <; 19; 39; 1; 57; 0; 1
72; 72R; <; 20; 40; 1; 3; 6; 1
72; 72R; <; 21; 41; 1; 9; 9; 1
75; 75H; >; 1; 71; 1; 18; 18; 1
75; 75H; >; 2; 70; 1; 20; 20; 1
75; 75H; >; 3; 69; 1; 22; 22; 1
75; 75H; >; 4; 68; 1; 24; 24; 1
75; 75H; >; 5; 67; 1; 26; 26; 1
75; 75H; >; 6; 66; 1; 28; 28; 1
75; 75H; >; 7; 65; 1; 30; 30; 1
75; 75H; >; 8; 64; 1; 32; 32; 1
75; 75H; >; 9; 63; 1; 34; 34; 1
75; 75H; >; 10; 62; 1; 36; 36; 1
75; 75H; >; 11; 1; 1; 38; 41; 1
75; 75H; >; 12; 142; 1; 43; 43; 1
75; 75H; >; 13; 143; 1; 45; 45; 1
75; 75H; >; 14; 144; 1; 47; 47; 1
75; 75H; >; 15; 145; 1; 49; 49; 1
75; 75H; >; 16; 146; 1; 51; 51; 1
75; 75H; >; 17; 147; 1; 53; 53; 1
75; 75H; >; 18; 148; 1; 55; 55; 1
75; 75H; >; 19; 149; 1; 57; 57; 1
75; 75H; >; 20; 150; 1; 59; 59; 1
75; 75H; >; 21; 151; 1; 1; 1; 1
75; 75R; <; 1; 151; 1; 48; 48; 1
75; 75R; <; 2; 150; 1; 50; 50; 1
75; 75R; <; 3; 149; 1; 52; 52; 1
75; 75R; <; 4; 148; 1; 54; 54; 1
75; 75R; <; 5; 147; 1; 56; 56; 1
75; 75R; <; 6; 146; 1; 58; 58; 1
75; 75R; <; 7; 145; 1; 0; 0; 1
75; 75R; <; 8; 144; 1; 2; 2; 1
75; 75R; <; 9; 143; 1; 4; 4; 1
75; 75R; <; 10; 142; 1; 6; 6; 1
75; 75R; <; 11; 1; 1; 8; 8; 1
75; 75R; <; 12; 62; 1; 10; 10; 1
75; 75R; <; 13; 63; 1; 12; 12; 1
75; 75R; <; 14; 64; 1; 14; 14; 1
75; 75R; <; 15; 65; 1; 16; 16; 1
75; 75R; <; 16; 66; 1; 18; 18; 1
75; 75R; <; 17; 67; 1; 20; 20; 1
75; 75R; <; 18; 68; 1; 22; 22; 1
75; 75R; <; 19; 69; 1; 24; 24; 1
75; 75R; <; 20; 70; 1; 26; 29; 1
75; 75R; <; 21; 71; 1; 31; 31; 1
