#event-id; time
1; 0
2; 6
3; 6
4; 12
5; 12
6; 18
7; 18
8; 24
9; 24
10; 30
11; 30
12; 36
13; 36
14; 42
15; 42
16; 48
17; 20
18; 26
19; 26
20; 32
21; 32
22; 38
23; 38
24; 44
25; 44
26; 50
27; 50
28; 56
29; 56
30; 2
31; 2
32; 8
33; 40
34; 46
35; 46
36; 52
37; 52
38; 58
39; 58
40; 4
41; 4
42; 10
43; 10
44; 16
45; 16
46; 22
47; 22
48; 28
49; 10
50; 16
51; 16
52; 22
53; 22
54; 28
55; 28
56; 34
57; 34
58; 40
59; 40
60; 46
61; 46
62; 52
63; 52
64; 58
65; 30
66; 36
67; 36
68; 42
69; 42
70; 48
71; 48
72; 54
73; 54
74; 0
75; 0
76; 6
77; 6
78; 12
79; 12
80; 18
81; 50
82; 56
83; 56
84; 2
85; 2
86; 8
87; 8
88; 14
89; 14
90; 20
91; 20
92; 26
93; 26
94; 32
95; 32
96; 38
97; 10
98; 16
99; 16
100; 22
101; 22
102; 28
103; 28
104; 34
105; 30
106; 36
107; 36
108; 42
109; 42
110; 48
111; 48
112; 54
113; 50
114; 56
115; 56
116; 2
117; 2
118; 8
119; 8
120; 14
121; 24
122; 30
123; 30
124; 36
125; 36
126; 42
127; 42
128; 48
129; 44
130; 50
131; 50
132; 56
133; 56
134; 2
135; 2
136; 8
137; 4
138; 10
139; 10
140; 16
141; 16
142; 22
143; 22
144; 28
145; 1
146; 7
147; 7
148; 13
149; 13
150; 19
151; 19
152; 25
153; 25
154; 31
155; 31
156; 37
157; 21
158; 27
159; 27
160; 33
161; 33
162; 39
163; 39
164; 45
165; 45
166; 51
167; 51
168; 57
169; 41
170; 47
171; 47
172; 53
173; 53
174; 59
175; 59
176; 5
177; 5
178; 11
179; 11
180; 17
181; 1
182; 7
183; 7
184; 13
185; 13
186; 19
187; 19
188; 25
189; 25
190; 31
191; 31
192; 37
193; 21
194; 27
195; 27
196; 33
197; 33
198; 39
199; 39
200; 45
201; 45
202; 51
203; 51
204; 57
205; 41
206; 47
207; 47
208; 53
209; 53
210; 59
211; 59
212; 5
213; 5
214; 11
215; 11
216; 17
217; 0
218; 6
219; 6
220; 12
221; 12
222; 18
223; 18
224; 24
225; 20
226; 26
227; 26
228; 32
229; 32
230; 38
231; 38
232; 44
233; 40
234; 46
235; 46
236; 52
237; 52
238; 58
239; 58
240; 4
241; 6
242; 12
243; 12
244; 18
245; 18
246; 24
247; 24
248; 30
249; 26
250; 32
251; 32
252; 38
253; 38
254; 44
255; 44
256; 50
257; 46
258; 52
259; 52
260; 58
261; 58
262; 4
263; 4
264; 10
265; 51
266; 57
267; 57
268; 3
269; 3
270; 9
271; 9
272; 15
273; 15
274; 21
275; 21
276; 27
277; 11
278; 17
279; 17
280; 23
281; 23
282; 29
283; 29
284; 35
285; 35
286; 41
287; 41
288; 47
289; 31
290; 37
291; 37
292; 43
293; 43
294; 49
295; 49
296; 55
297; 55
298; 1
299; 1
300; 7
301; 51
302; 57
303; 57
304; 3
305; 3
306; 9
307; 9
308; 15
309; 15
310; 21
311; 21
312; 27
313; 11
314; 17
315; 17
316; 23
317; 23
318; 29
319; 29
320; 35
321; 35
322; 41
323; 41
324; 47
325; 31
326; 37
327; 37
328; 43
329; 43
330; 49
331; 49
332; 55
333; 55
334; 1
335; 1
336; 7
337; 10
338; 16
339; 16
340; 22
341; 22
342; 28
343; 28
344; 34
345; 34
346; 40
347; 40
348; 46
349; 46
350; 52
351; 52
352; 58
353; 30
354; 36
355; 36
356; 42
357; 42
358; 48
359; 48
360; 54
361; 54
362; 0
363; 0
364; 6
365; 6
366; 12
367; 12
368; 18
369; 50
370; 56
371; 56
372; 2
373; 2
374; 8
375; 8
376; 14
377; 14
378; 20
379; 20
380; 26
381; 26
382; 32
383; 32
384; 38
385; 0
386; 6
387; 6
388; 12
389; 12
390; 18
391; 18
392; 24
393; 24
394; 30
395; 30
396; 36
397; 36
398; 42
399; 42
400; 48
401; 20
402; 26
403; 26
404; 32
405; 32
406; 38
407; 38
408; 44
409; 44
410; 50
411; 50
412; 56
413; 56
414; 2
415; 2
416; 8
417; 40
418; 46
419; 46
420; 52
421; 52
422; 58
423; 58
424; 4
425; 4
426; 10
427; 10
428; 16
429; 16
430; 22
431; 22
432; 28
