#line-id;line-code;direction;edge-order;edge-id;frequency;departure_time;arrival_time
1;1H;>;1;1;5;0;0
1;1H;>;2;2;5;6;6
1;1H;>;3;3;5;12;12
1;1H;>;4;4;5;18;18
1;1H;>;5;5;5;24;24
1;1R;<;1;5;5;0;0
1;1R;<;2;4;5;6;6
1;1R;<;3;3;5;12;12
1;1R;<;4;2;5;18;18
1;1R;<;5;1;5;24;24
2;2H;>;1;6;3;18;18
2;2H;>;2;7;3;24;24
2;2H;>;3;8;3;30;30
2;2H;>;4;9;3;36;36
2;2H;>;5;10;3;42;42
2;2R;<;1;10;3;18;18
2;2R;<;2;9;3;24;24
2;2R;<;3;8;3;30;30
2;2R;<;4;7;3;36;36
2;2R;<;5;6;3;42;42
3;3H;>;1;11;6;2;2
3;3H;>;2;12;6;8;8
3;3H;>;3;13;6;14;14
3;3H;>;4;14;6;20;20
3;3H;>;5;15;6;26;26
3;3R;<;1;15;6;4;4
3;3R;<;2;14;6;10;10
3;3R;<;3;13;6;16;16
3;3R;<;4;12;6;22;22
3;3R;<;5;11;6;28;28
4;4H;>;1;16;3;4;4
4;4H;>;2;17;3;10;10
4;4H;>;3;18;3;16;16
4;4H;>;4;19;3;22;22
4;4H;>;5;20;3;28;28
4;4R;<;1;20;3;2;2
4;4R;<;2;19;3;8;8
4;4R;<;3;18;3;14;14
4;4R;<;4;17;3;20;20
4;4R;<;5;16;3;26;26
5;5H;>;1;21;3;16;16
5;5H;>;2;22;3;22;22
5;5H;>;3;23;3;28;28
5;5H;>;4;24;3;34;34
5;5H;>;5;25;3;40;40
5;5R;<;1;25;3;4;4
5;5R;<;2;24;3;10;10
5;5R;<;3;23;3;16;16
5;5R;<;4;22;3;22;22
5;5R;<;5;21;3;28;28
6;6H;>;1;1;1;33;33
6;6H;>;2;6;1;39;39
6;6H;>;3;11;1;45;45
6;6H;>;4;16;1;51;51
6;6H;>;5;21;1;57;57
6;6R;<;1;21;1;33;33
6;6R;<;2;16;1;39;39
6;6R;<;3;11;1;45;45
6;6R;<;4;6;1;51;51
6;6R;<;5;1;1;57;57
7;7H;>;1;2;3;13;13
7;7H;>;2;7;3;19;19
7;7H;>;3;12;3;25;25
7;7H;>;4;17;3;31;33
7;7H;>;5;22;3;39;39
7;7R;<;1;22;3;11;11
7;7R;<;2;17;3;17;17
7;7R;<;3;12;3;23;23
7;7R;<;4;7;3;29;29
7;7R;<;5;2;3;35;35
8;8H;>;1;3;8;3;3
8;8H;>;2;8;8;9;9
8;8H;>;3;13;8;15;15
8;8H;>;4;18;8;21;21
8;8H;>;5;23;8;27;27
8;8R;<;1;23;8;4;4
8;8R;<;2;18;8;10;10
8;8R;<;3;13;8;16;18
8;8R;<;4;8;8;24;24
8;8R;<;5;3;8;30;30
9;9H;>;1;4;3;1;1
9;9H;>;2;9;3;7;7
9;9H;>;3;14;3;13;13
9;9H;>;4;19;3;19;19
9;9H;>;5;24;3;25;25
9;9R;<;1;24;3;13;13
9;9R;<;2;19;3;19;19
9;9R;<;3;14;3;25;25
9;9R;<;4;9;3;31;31
9;9R;<;5;4;3;37;37
10;10H;>;1;5;1;33;33
10;10H;>;2;10;1;39;39
10;10H;>;3;15;1;45;45
10;10H;>;4;20;1;51;51
10;10H;>;5;25;1;57;57
10;10R;<;1;25;1;30;30
10;10R;<;2;20;1;36;39
10;10R;<;3;15;1;45;45
10;10R;<;4;10;1;51;51
10;10R;<;5;5;1;57;57
