#line-id;line-code;direction;edge-order;edge-id;frequency;departure_time;arrival_time
1;1H;>;1;37;1;0;6
1;1H;>;2;29;1;6;12
1;1H;>;3;28;1;12;18
1;1H;>;4;22;1;19;25
1;1H;>;5;13;1;25;31
1;1H;>;6;10;1;31;37
1;1H;>;7;2;1;37;43
1;1H;>;8;1;1;43;49
1;1H;>;9;3;1;49;55
1;1H;>;10;5;1;55;1
1;1H;>;11;7;1;1;7
1;1R;<;1;7;1;35;41
1;1R;<;2;5;1;41;47
1;1R;<;3;3;1;47;53
1;1R;<;4;1;1;53;59
1;1R;<;5;2;1;59;5
1;1R;<;6;10;1;5;11
1;1R;<;7;13;1;11;17
1;1R;<;8;22;1;17;23
1;1R;<;9;28;1;23;29
1;1R;<;10;29;1;29;35
1;1R;<;11;37;1;35;41
3;3H;>;1;40;3;6;12
3;3H;>;2;39;3;12;18
3;3H;>;3;33;3;18;24
3;3H;>;4;24;3;24;30
3;3H;>;5;15;3;30;36
3;3H;>;6;6;3;36;42
3;3H;>;7;3;3;42;48
3;3H;>;8;1;3;48;54
3;3H;>;9;2;3;54;0
3;3H;>;10;11;3;0;6
3;3R;<;1;11;3;8;14
3;3R;<;2;2;3;14;20
3;3R;<;3;1;3;20;26
3;3R;<;4;3;3;26;32
3;3R;<;5;6;3;32;38
3;3R;<;6;15;3;38;44
3;3R;<;7;24;3;44;50
3;3R;<;8;33;3;50;56
3;3R;<;9;39;3;56;2
3;3R;<;10;40;3;2;8
7;7H;>;1;29;1;13;19
7;7H;>;2;20;1;19;25
7;7H;>;3;11;1;25;31
7;7H;>;4;2;1;31;37
7;7H;>;5;1;1;37;43
7;7H;>;6;3;1;43;49
7;7H;>;7;6;1;49;55
7;7H;>;8;15;1;55;1
7;7H;>;9;21;1;1;7
7;7H;>;10;13;1;7;13
7;7R;<;1;13;1;9;15
7;7R;<;2;21;1;15;21
7;7R;<;3;15;1;21;27
7;7R;<;4;6;1;27;33
7;7R;<;5;3;1;33;39
7;7R;<;6;1;1;39;45
7;7R;<;7;2;1;45;51
7;7R;<;8;11;1;51;57
7;7R;<;9;20;1;57;3
7;7R;<;10;29;1;3;9
10;10H;>;1;37;1;0;6
10;10H;>;2;29;1;6;12
10;10H;>;3;28;1;12;18
10;10H;>;4;22;1;18;24
10;10H;>;5;13;1;24;30
10;10H;>;6;10;1;30;36
10;10H;>;7;11;1;36;42
10;10R;<;1;11;1;59;5
10;10R;<;2;10;1;5;11
10;10R;<;3;13;1;11;17
10;10R;<;4;22;1;17;23
10;10R;<;5;28;1;23;29
10;10R;<;6;29;1;29;35
10;10R;<;7;37;1;35;41
11;11H;>;1;35;1;38;44
11;11H;>;2;26;1;44;50
11;11H;>;3;17;1;50;56
11;11H;>;4;14;1;56;2
11;11H;>;5;15;1;2;8
11;11H;>;6;24;1;8;14
11;11H;>;7;33;1;14;20
11;11R;<;1;33;1;24;30
11;11R;<;2;24;1;30;36
11;11R;<;3;15;1;36;42
11;11R;<;4;14;1;42;48
11;11R;<;5;17;1;48;54
11;11R;<;6;26;1;54;0
11;11R;<;7;35;1;0;6
12;12H;>;1;35;2;8;14
12;12H;>;2;26;2;14;20
12;12H;>;3;17;2;20;26
12;12H;>;4;14;2;26;32
12;12H;>;5;15;2;32;38
12;12H;>;6;21;2;38;44
12;12H;>;7;13;2;44;50
12;12R;<;1;13;2;24;30
12;12R;<;2;21;2;30;36
12;12R;<;3;15;2;36;42
12;12R;<;4;14;2;42;48
12;12R;<;5;17;2;48;54
12;12R;<;6;26;2;54;0
12;12R;<;7;35;2;0;6
13;13H;>;1;34;1;12;18
13;13H;>;2;26;1;18;24
13;13H;>;3;17;1;24;30
13;13H;>;4;8;1;30;36
13;13H;>;5;7;1;36;42
13;13R;<;1;7;1;28;34
13;13R;<;2;8;1;34;40
13;13R;<;3;17;1;40;46
13;13R;<;4;26;1;46;52
13;13R;<;5;34;1;52;58
14;14H;>;1;31;3;15;21
14;14H;>;2;30;3;21;27
14;14H;>;3;24;3;27;33
14;14H;>;4;21;3;33;39
14;14H;>;5;13;3;39;47
14;14R;<;1;13;3;9;15
14;14R;<;2;21;3;15;21
14;14R;<;3;24;3;21;27
14;14R;<;4;30;3;27;33
14;14R;<;5;31;3;33;39
15;15H;>;1;23;2;17;23
15;15H;>;2;15;2;23;29
15;15H;>;3;6;2;29;35
15;15H;>;4;5;2;35;41
15;15H;>;5;8;2;41;47
15;15R;<;1;8;2;7;13
15;15R;<;2;5;2;13;19
15;15R;<;3;6;2;19;25
15;15R;<;4;15;2;25;31
15;15R;<;5;23;2;31;39
18;18H;>;1;18;2;11;17
18;18H;>;2;16;2;17;23
18;18H;>;3;8;2;23;29
18;18H;>;4;7;2;29;35
18;18R;<;1;7;2;9;15
18;18R;<;2;8;2;15;21
18;18R;<;3;16;2;21;27
18;18R;<;4;18;2;27;33
27;27H;>;1;23;4;7;13
27;27R;<;1;23;4;12;18
28;28H;>;1;22;1;59;5
28;28R;<;1;22;1;59;5
