#timetable found by modulo network simplex algorithm
#Wed Dec 14 11:49:54 2016
1; 0
2; 6
3; 6
4; 12
5; 12
6; 18
7; 18
8; 24
9; 12
10; 18
11; 18
12; 24
13; 24
14; 30
15; 30
16; 36
17; 24
18; 30
19; 30
20; 36
21; 36
22; 42
23; 42
24; 48
25; 36
26; 42
27; 42
28; 48
29; 48
30; 54
31; 54
32; 60
33; 48
34; 54
35; 54
36; 60
37; 60
38; 6
39; 6
40; 12
41; 39
42; 45
43; 45
44; 51
45; 51
46; 57
47; 57
48; 3
49; 51
50; 57
51; 57
52; 3
53; 3
54; 9
55; 9
56; 15
57; 3
58; 9
59; 9
60; 15
61; 15
62; 21
63; 21
64; 27
65; 15
66; 21
67; 21
68; 27
69; 27
70; 33
71; 33
72; 39
73; 27
74; 33
75; 33
76; 39
77; 39
78; 45
79; 45
80; 51
81; 9
82; 15
83; 15
84; 21
85; 21
86; 27
87; 27
88; 33
89; 29
90; 35
91; 35
92; 41
93; 41
94; 47
95; 47
96; 53
97; 49
98; 55
99; 55
100; 1
101; 1
102; 7
103; 7
104; 13
105; 29
106; 35
107; 35
108; 41
109; 41
110; 47
111; 47
112; 53
113; 49
114; 55
115; 55
116; 1
117; 1
118; 7
119; 7
120; 13
121; 9
122; 15
123; 15
124; 21
125; 21
126; 27
127; 27
128; 33
129; 40
130; 46
131; 46
132; 52
133; 53
134; 59
135; 59
136; 5
137; 60
138; 6
139; 6
140; 13
141; 13
142; 19
143; 19
144; 25
145; 20
146; 26
147; 26
148; 32
149; 33
150; 39
151; 39
152; 45
153; 15
154; 21
155; 21
156; 27
157; 27
158; 33
159; 33
160; 39
161; 35
162; 41
163; 41
164; 47
165; 47
166; 53
167; 53
168; 59
169; 55
170; 1
171; 1
172; 7
173; 7
174; 13
175; 13
176; 19
177; 26
178; 32
179; 32
180; 38
181; 38
182; 44
183; 44
184; 50
185; 46
186; 52
187; 52
188; 58
189; 58
190; 4
191; 4
192; 10
193; 6
194; 12
195; 12
196; 18
197; 18
198; 24
199; 24
200; 30
201; 31
202; 37
203; 37
204; 43
205; 43
206; 49
207; 49
208; 55
209; 51
210; 57
211; 57
212; 3
213; 3
214; 9
215; 9
216; 15
217; 11
218; 17
219; 17
220; 23
221; 23
222; 29
223; 29
224; 35
225; 43
226; 49
227; 49
228; 55
229; 55
230; 1
231; 1
232; 7
233; 3
234; 9
235; 9
236; 15
237; 15
238; 21
239; 21
240; 27
241; 23
242; 29
243; 29
244; 35
245; 35
246; 41
247; 41
248; 47
249; 39
250; 45
251; 45
252; 51
253; 51
254; 57
255; 57
256; 3
257; 59
258; 5
259; 5
260; 11
261; 11
262; 17
263; 17
264; 23
265; 19
266; 25
267; 25
268; 31
269; 31
270; 37
271; 37
272; 43
273; 38
274; 44
275; 44
276; 50
277; 50
278; 56
279; 56
280; 2
281; 43
282; 49
283; 49
284; 55
285; 55
286; 1
287; 1
288; 7
289; 48
290; 54
291; 54
292; 60
293; 60
294; 6
295; 6
296; 12
297; 53
298; 59
299; 59
300; 5
301; 5
302; 11
303; 11
304; 17
305; 58
306; 4
307; 4
308; 10
309; 10
310; 16
311; 16
312; 22
313; 3
314; 9
315; 9
316; 15
317; 15
318; 21
319; 21
320; 27
321; 8
322; 14
323; 14
324; 20
325; 20
326; 26
327; 26
328; 32
329; 13
330; 19
331; 19
332; 25
333; 25
334; 31
335; 31
336; 37
337; 18
338; 24
339; 24
340; 30
341; 30
342; 36
343; 36
344; 42
345; 23
346; 29
347; 29
348; 35
349; 35
350; 41
351; 41
352; 47
353; 28
354; 34
355; 34
356; 40
357; 40
358; 46
359; 46
360; 52
361; 29
362; 35
363; 36
364; 44
365; 45
366; 51
367; 51
368; 57
369; 34
370; 41
371; 41
372; 47
373; 50
374; 56
375; 56
376; 2
377; 39
378; 46
379; 46
380; 54
381; 55
382; 1
383; 1
384; 7
385; 44
386; 51
387; 51
388; 57
389; 60
390; 6
391; 6
392; 12
393; 49
394; 56
395; 56
396; 4
397; 5
398; 11
399; 11
400; 17
401; 54
402; 1
403; 1
404; 7
405; 10
406; 16
407; 16
408; 22
409; 59
410; 6
411; 6
412; 12
413; 15
414; 21
415; 21
416; 27
417; 4
418; 11
419; 11
420; 17
421; 20
422; 26
423; 26
424; 34
425; 9
426; 15
427; 16
428; 22
429; 25
430; 31
431; 31
432; 37
433; 14
434; 21
435; 21
436; 27
437; 30
438; 36
439; 36
440; 42
441; 19
442; 26
443; 26
444; 34
445; 35
446; 41
447; 41
448; 49
