# line-id; line-code; direction; stop-order; stop-id; frequency; arrival_time; departure_time; line-repetition
6; 6H; >; 1; 1; 2; 0; 0; 1
6; 6H; >; 2; 3; 2; 4; 4; 1
6; 6H; >; 3; 12; 2; 11; 11; 1
6; 6H; >; 4; 11; 2; 16; 16; 1
6; 6H; >; 5; 14; 2; 24; 24; 1
6; 6H; >; 6; 23; 2; 28; 28; 1
6; 6H; >; 7; 22; 2; 33; 33; 1
6; 6H; >; 1; 1; 2; 30; 30; 2
6; 6H; >; 2; 3; 2; 34; 34; 2
6; 6H; >; 3; 12; 2; 41; 41; 2
6; 6H; >; 4; 11; 2; 46; 46; 2
6; 6H; >; 5; 14; 2; 54; 54; 2
6; 6H; >; 6; 23; 2; 58; 58; 2
6; 6H; >; 7; 22; 2; 3; 3; 2
6; 6R; <; 1; 22; 2; 47; 47; 1
6; 6R; <; 2; 23; 2; 52; 52; 1
6; 6R; <; 3; 14; 2; 56; 56; 1
6; 6R; <; 4; 11; 2; 4; 4; 1
6; 6R; <; 5; 12; 2; 9; 9; 1
6; 6R; <; 6; 3; 2; 16; 16; 1
6; 6R; <; 7; 1; 2; 21; 21; 1
6; 6R; <; 1; 22; 2; 17; 17; 2
6; 6R; <; 2; 23; 2; 22; 22; 2
6; 6R; <; 3; 14; 2; 26; 26; 2
6; 6R; <; 4; 11; 2; 34; 34; 2
6; 6R; <; 5; 12; 2; 39; 39; 2
6; 6R; <; 6; 3; 2; 46; 46; 2
6; 6R; <; 7; 1; 2; 50; 50; 2
7; 7H; >; 1; 1; 2; 6; 6; 1
7; 7H; >; 2; 3; 2; 10; 10; 1
7; 7H; >; 3; 12; 2; 17; 17; 1
7; 7H; >; 4; 11; 2; 22; 22; 1
7; 7H; >; 5; 10; 2; 27; 27; 1
7; 7H; >; 6; 17; 2; 34; 34; 1
7; 7H; >; 7; 19; 2; 38; 38; 1
7; 7H; >; 1; 1; 2; 36; 36; 2
7; 7H; >; 2; 3; 2; 40; 40; 2
7; 7H; >; 3; 12; 2; 47; 47; 2
7; 7H; >; 4; 11; 2; 52; 52; 2
7; 7H; >; 5; 10; 2; 57; 57; 2
7; 7H; >; 6; 17; 2; 4; 4; 2
7; 7H; >; 7; 19; 2; 8; 8; 2
7; 7R; <; 1; 19; 2; 54; 54; 1
7; 7R; <; 2; 17; 2; 58; 58; 1
7; 7R; <; 3; 10; 2; 5; 5; 1
7; 7R; <; 4; 11; 2; 10; 10; 1
7; 7R; <; 5; 12; 2; 15; 15; 1
7; 7R; <; 6; 3; 2; 22; 22; 1
7; 7R; <; 7; 1; 2; 26; 26; 1
7; 7R; <; 1; 19; 2; 24; 24; 2
7; 7R; <; 2; 17; 2; 28; 28; 2
7; 7R; <; 3; 10; 2; 35; 35; 2
7; 7R; <; 4; 11; 2; 40; 40; 2
7; 7R; <; 5; 12; 2; 45; 45; 2
7; 7R; <; 6; 3; 2; 52; 52; 2
7; 7R; <; 7; 1; 2; 57; 57; 2
8; 8H; >; 1; 1; 2; 0; 0; 1
8; 8H; >; 2; 2; 2; 16; 16; 1
8; 8H; >; 3; 6; 2; 20; 20; 1
8; 8H; >; 4; 8; 2; 24; 24; 1
8; 8H; >; 5; 7; 2; 30; 30; 1
8; 8H; >; 6; 18; 2; 34; 34; 1
8; 8H; >; 7; 20; 2; 56; 56; 1
8; 8H; >; 1; 1; 2; 30; 30; 2
8; 8H; >; 2; 2; 2; 46; 46; 2
8; 8H; >; 3; 6; 2; 50; 50; 2
8; 8H; >; 4; 8; 2; 54; 54; 2
8; 8H; >; 5; 7; 2; 60; 60; 2
8; 8H; >; 6; 18; 2; 4; 4; 2
8; 8H; >; 7; 20; 2; 21; 21; 2
8; 8R; <; 1; 20; 2; 29; 29; 1
8; 8R; <; 2; 18; 2; 46; 46; 1
8; 8R; <; 3; 7; 2; 50; 50; 1
8; 8R; <; 4; 8; 2; 56; 56; 1
8; 8R; <; 5; 6; 2; 0; 0; 1
8; 8R; <; 6; 2; 2; 4; 4; 1
8; 8R; <; 7; 1; 2; 20; 20; 1
8; 8R; <; 1; 20; 2; 59; 59; 2
8; 8R; <; 2; 18; 2; 16; 16; 2
8; 8R; <; 3; 7; 2; 20; 20; 2
8; 8R; <; 4; 8; 2; 26; 26; 2
8; 8R; <; 5; 6; 2; 30; 30; 2
8; 8R; <; 6; 2; 2; 34; 34; 2
8; 8R; <; 7; 1; 2; 50; 50; 2
9; 9H; >; 1; 21; 2; 0; 0; 1
9; 9H; >; 2; 24; 2; 7; 10; 1
9; 9H; >; 3; 13; 2; 16; 16; 1
9; 9H; >; 4; 12; 2; 32; 35; 1
9; 9H; >; 5; 11; 2; 42; 45; 1
9; 9H; >; 6; 4; 2; 54; 54; 1
9; 9H; >; 1; 21; 2; 30; 30; 2
9; 9H; >; 2; 24; 2; 37; 40; 2
9; 9H; >; 3; 13; 2; 46; 46; 2
9; 9H; >; 4; 12; 2; 5; 5; 2
9; 9H; >; 5; 11; 2; 12; 15; 2
9; 9H; >; 6; 4; 2; 24; 24; 2
9; 9R; <; 1; 4; 2; 34; 34; 1
9; 9R; <; 2; 11; 2; 43; 46; 1
9; 9R; <; 3; 12; 2; 51; 51; 1
9; 9R; <; 4; 13; 2; 7; 10; 1
9; 9R; <; 5; 24; 2; 15; 15; 1
9; 9R; <; 6; 21; 2; 20; 20; 1
9; 9R; <; 1; 4; 2; 4; 4; 2
9; 9R; <; 2; 11; 2; 13; 16; 2
9; 9R; <; 3; 12; 2; 21; 21; 2
9; 9R; <; 4; 13; 2; 40; 40; 2
9; 9R; <; 5; 24; 2; 45; 45; 2
9; 9R; <; 6; 21; 2; 50; 50; 2
10; 10H; >; 1; 14; 2; 0; 0; 1
10; 10H; >; 2; 15; 2; 5; 5; 1
10; 10H; >; 3; 10; 2; 13; 13; 1
10; 10H; >; 4; 16; 2; 19; 19; 1
10; 10H; >; 5; 8; 2; 23; 23; 1
10; 10H; >; 6; 7; 2; 31; 31; 1
10; 10H; >; 1; 14; 2; 30; 30; 2
10; 10H; >; 2; 15; 2; 35; 35; 2
10; 10H; >; 3; 10; 2; 43; 43; 2
10; 10H; >; 4; 16; 2; 49; 49; 2
10; 10H; >; 5; 8; 2; 53; 53; 2
10; 10H; >; 6; 7; 2; 59; 59; 2
10; 10R; <; 1; 7; 2; 51; 51; 1
10; 10R; <; 2; 8; 2; 57; 57; 1
10; 10R; <; 3; 16; 2; 1; 1; 1
10; 10R; <; 4; 10; 2; 7; 7; 1
10; 10R; <; 5; 15; 2; 15; 15; 1
10; 10R; <; 6; 14; 2; 20; 20; 1
10; 10R; <; 1; 7; 2; 21; 21; 2
10; 10R; <; 2; 8; 2; 27; 27; 2
10; 10R; <; 3; 16; 2; 31; 31; 2
10; 10R; <; 4; 10; 2; 37; 37; 2
10; 10R; <; 5; 15; 2; 45; 45; 2
10; 10R; <; 6; 14; 2; 50; 50; 2
11; 11H; >; 1; 9; 2; 0; 0; 1
11; 11H; >; 2; 10; 2; 4; 4; 1
11; 11H; >; 3; 15; 2; 12; 12; 1
11; 11H; >; 4; 22; 2; 16; 16; 1
11; 11H; >; 5; 21; 2; 21; 21; 1
11; 11H; >; 6; 24; 2; 26; 26; 1
11; 11H; >; 1; 9; 2; 30; 30; 2
11; 11H; >; 2; 10; 2; 34; 34; 2
11; 11H; >; 3; 15; 2; 42; 42; 2
11; 11H; >; 4; 22; 2; 46; 46; 2
11; 11H; >; 5; 21; 2; 51; 51; 2
11; 11H; >; 6; 24; 2; 58; 58; 2
11; 11R; <; 1; 24; 2; 54; 54; 1
11; 11R; <; 2; 21; 2; 59; 59; 1
11; 11R; <; 3; 22; 2; 4; 4; 1
11; 11R; <; 4; 15; 2; 8; 8; 1
11; 11R; <; 5; 10; 2; 16; 16; 1
11; 11R; <; 6; 9; 2; 20; 20; 1
11; 11R; <; 1; 24; 2; 24; 24; 2
11; 11R; <; 2; 21; 2; 29; 29; 2
11; 11R; <; 3; 22; 2; 34; 34; 2
11; 11R; <; 4; 15; 2; 38; 38; 2
11; 11R; <; 5; 10; 2; 46; 46; 2
11; 11R; <; 6; 9; 2; 50; 50; 2
12; 12H; >; 1; 8; 2; 0; 0; 1
12; 12H; >; 2; 16; 2; 4; 4; 1
12; 12H; >; 3; 18; 2; 10; 10; 1
12; 12H; >; 4; 20; 2; 27; 27; 1
12; 12H; >; 5; 21; 2; 33; 33; 1
12; 12H; >; 6; 24; 2; 38; 38; 1
12; 12H; >; 1; 8; 2; 30; 30; 2
12; 12H; >; 2; 16; 2; 34; 34; 2
12; 12H; >; 3; 18; 2; 40; 40; 2
12; 12H; >; 4; 20; 2; 57; 57; 2
12; 12H; >; 5; 21; 2; 3; 3; 2
12; 12H; >; 6; 24; 2; 10; 10; 2
12; 12R; <; 1; 24; 2; 42; 42; 1
12; 12R; <; 2; 21; 2; 47; 47; 1
12; 12R; <; 3; 20; 2; 53; 53; 1
12; 12R; <; 4; 18; 2; 10; 10; 1
12; 12R; <; 5; 16; 2; 16; 16; 1
12; 12R; <; 6; 8; 2; 20; 20; 1
12; 12R; <; 1; 24; 2; 12; 12; 2
12; 12R; <; 2; 21; 2; 17; 17; 2
12; 12R; <; 3; 20; 2; 23; 23; 2
12; 12R; <; 4; 18; 2; 40; 40; 2
12; 12R; <; 5; 16; 2; 46; 46; 2
12; 12R; <; 6; 8; 2; 50; 50; 2
13; 13H; >; 1; 8; 2; 0; 0; 1
13; 13H; >; 2; 16; 2; 4; 4; 1
13; 13H; >; 3; 10; 2; 10; 10; 1
13; 13H; >; 4; 11; 2; 15; 15; 1
13; 13H; >; 5; 14; 2; 23; 23; 1
13; 13H; >; 6; 23; 2; 27; 27; 1
13; 13H; >; 1; 8; 2; 30; 30; 2
13; 13H; >; 2; 16; 2; 34; 34; 2
13; 13H; >; 3; 10; 2; 40; 40; 2
13; 13H; >; 4; 11; 2; 45; 45; 2
13; 13H; >; 5; 14; 2; 53; 53; 2
13; 13H; >; 6; 23; 2; 57; 57; 2
13; 13R; <; 1; 23; 2; 53; 53; 1
13; 13R; <; 2; 14; 2; 57; 57; 1
13; 13R; <; 3; 11; 2; 5; 5; 1
13; 13R; <; 4; 10; 2; 10; 10; 1
13; 13R; <; 5; 16; 2; 16; 16; 1
13; 13R; <; 6; 8; 2; 20; 20; 1
13; 13R; <; 1; 23; 2; 23; 23; 2
13; 13R; <; 2; 14; 2; 27; 27; 2
13; 13R; <; 3; 11; 2; 35; 35; 2
13; 13R; <; 4; 10; 2; 40; 40; 2
13; 13R; <; 5; 16; 2; 46; 46; 2
13; 13R; <; 6; 8; 2; 50; 50; 2
14; 14H; >; 1; 8; 2; 56; 56; 1
14; 14H; >; 2; 16; 2; 0; 0; 1
14; 14H; >; 3; 10; 2; 6; 6; 1
14; 14H; >; 4; 11; 2; 11; 11; 1
14; 14H; >; 5; 12; 2; 16; 16; 1
14; 14H; >; 6; 13; 2; 32; 32; 1
14; 14H; >; 1; 8; 2; 26; 26; 2
14; 14H; >; 2; 16; 2; 30; 30; 2
14; 14H; >; 3; 10; 2; 36; 36; 2
14; 14H; >; 4; 11; 2; 41; 41; 2
14; 14H; >; 5; 12; 2; 46; 46; 2
14; 14H; >; 6; 13; 2; 2; 2; 2
14; 14R; <; 1; 13; 2; 40; 40; 1
14; 14R; <; 2; 12; 2; 56; 56; 1
14; 14R; <; 3; 11; 2; 1; 1; 1
14; 14R; <; 4; 10; 2; 6; 6; 1
14; 14R; <; 5; 16; 2; 12; 12; 1
14; 14R; <; 6; 8; 2; 16; 16; 1
14; 14R; <; 1; 13; 2; 10; 10; 2
14; 14R; <; 2; 12; 2; 26; 26; 2
14; 14R; <; 3; 11; 2; 31; 31; 2
14; 14R; <; 4; 10; 2; 36; 36; 2
14; 14R; <; 5; 16; 2; 42; 42; 2
14; 14R; <; 6; 8; 2; 47; 47; 2
15; 15H; >; 1; 7; 2; 0; 0; 1
15; 15H; >; 2; 18; 2; 4; 4; 1
15; 15H; >; 3; 20; 2; 21; 21; 1
15; 15H; >; 4; 22; 2; 29; 29; 1
15; 15H; >; 5; 23; 2; 34; 34; 1
15; 15H; >; 6; 14; 2; 38; 38; 1
15; 15H; >; 1; 7; 2; 30; 30; 2
15; 15H; >; 2; 18; 2; 34; 34; 2
15; 15H; >; 3; 20; 2; 51; 51; 2
15; 15H; >; 4; 22; 2; 59; 59; 2
15; 15H; >; 5; 23; 2; 4; 4; 2
15; 15H; >; 6; 14; 2; 9; 9; 2
15; 15R; <; 1; 14; 2; 42; 42; 1
15; 15R; <; 2; 23; 2; 46; 46; 1
15; 15R; <; 3; 22; 2; 51; 51; 1
15; 15R; <; 4; 20; 2; 59; 59; 1
15; 15R; <; 5; 18; 2; 16; 16; 1
15; 15R; <; 6; 7; 2; 20; 20; 1
15; 15R; <; 1; 14; 2; 12; 12; 2
15; 15R; <; 2; 23; 2; 16; 16; 2
15; 15R; <; 3; 22; 2; 21; 21; 2
15; 15R; <; 4; 20; 2; 29; 29; 2
15; 15R; <; 5; 18; 2; 46; 46; 2
15; 15R; <; 6; 7; 2; 50; 50; 2
16; 16H; >; 1; 7; 2; 0; 0; 1
16; 16H; >; 2; 18; 2; 5; 8; 1
16; 16H; >; 3; 20; 2; 30; 33; 1
16; 16H; >; 4; 21; 2; 39; 42; 1
16; 16H; >; 5; 24; 2; 49; 52; 1
16; 16H; >; 6; 13; 2; 59; 59; 1
16; 16H; >; 1; 7; 2; 30; 30; 2
16; 16H; >; 2; 18; 2; 35; 38; 2
16; 16H; >; 3; 20; 2; 60; 3; 2
16; 16H; >; 4; 21; 2; 11; 12; 2
16; 16H; >; 5; 24; 2; 19; 22; 2
16; 16H; >; 6; 13; 2; 29; 29; 2
16; 16R; <; 1; 13; 2; 39; 39; 1
16; 16R; <; 2; 24; 2; 44; 44; 1
16; 16R; <; 3; 21; 2; 49; 49; 1
16; 16R; <; 4; 20; 2; 55; 55; 1
16; 16R; <; 5; 18; 2; 12; 15; 1
16; 16R; <; 6; 7; 2; 20; 20; 1
16; 16R; <; 1; 13; 2; 9; 9; 2
16; 16R; <; 2; 24; 2; 14; 14; 2
16; 16R; <; 3; 21; 2; 19; 19; 2
16; 16R; <; 4; 20; 2; 25; 25; 2
16; 16R; <; 5; 18; 2; 42; 45; 2
16; 16R; <; 6; 7; 2; 50; 50; 2
17; 17H; >; 1; 7; 2; 0; 0; 1
17; 17H; >; 2; 8; 2; 6; 6; 1
17; 17H; >; 3; 9; 2; 12; 12; 1
17; 17H; >; 4; 10; 2; 16; 16; 1
17; 17H; >; 5; 11; 2; 21; 21; 1
17; 17H; >; 6; 12; 2; 26; 26; 1
17; 17H; >; 1; 7; 2; 30; 30; 2
17; 17H; >; 2; 8; 2; 36; 36; 2
17; 17H; >; 3; 9; 2; 42; 42; 2
17; 17H; >; 4; 10; 2; 46; 46; 2
17; 17H; >; 5; 11; 2; 51; 51; 2
17; 17H; >; 6; 12; 2; 56; 56; 2
17; 17R; <; 1; 12; 2; 54; 54; 1
17; 17R; <; 2; 11; 2; 59; 59; 1
17; 17R; <; 3; 10; 2; 4; 4; 1
17; 17R; <; 4; 9; 2; 8; 8; 1
17; 17R; <; 5; 8; 2; 14; 14; 1
17; 17R; <; 6; 7; 2; 20; 20; 1
17; 17R; <; 1; 12; 2; 24; 24; 2
17; 17R; <; 2; 11; 2; 29; 29; 2
17; 17R; <; 3; 10; 2; 34; 34; 2
17; 17R; <; 4; 9; 2; 38; 38; 2
17; 17R; <; 5; 8; 2; 44; 44; 2
17; 17R; <; 6; 7; 2; 50; 50; 2
21; 21H; >; 1; 4; 2; 0; 0; 1
21; 21H; >; 2; 11; 2; 7; 7; 1
21; 21H; >; 3; 10; 2; 12; 12; 1
21; 21H; >; 4; 15; 2; 20; 20; 1
21; 21H; >; 5; 22; 2; 24; 24; 1
21; 21H; >; 6; 21; 2; 29; 29; 1
21; 21H; >; 1; 4; 2; 30; 30; 2
21; 21H; >; 2; 11; 2; 37; 37; 2
21; 21H; >; 3; 10; 2; 42; 42; 2
21; 21H; >; 4; 15; 2; 50; 50; 2
21; 21H; >; 5; 22; 2; 54; 54; 2
21; 21H; >; 6; 21; 2; 59; 59; 2
21; 21R; <; 1; 21; 2; 51; 51; 1
21; 21R; <; 2; 22; 2; 56; 56; 1
21; 21R; <; 3; 15; 2; 0; 0; 1
21; 21R; <; 4; 10; 2; 8; 8; 1
21; 21R; <; 5; 11; 2; 13; 13; 1
21; 21R; <; 6; 4; 2; 20; 20; 1
21; 21R; <; 1; 21; 2; 21; 21; 2
21; 21R; <; 2; 22; 2; 26; 26; 2
21; 21R; <; 3; 15; 2; 30; 30; 2
21; 21R; <; 4; 10; 2; 38; 38; 2
21; 21R; <; 5; 11; 2; 43; 43; 2
21; 21R; <; 6; 4; 2; 50; 50; 2
23; 23H; >; 1; 3; 2; 0; 0; 1
23; 23H; >; 2; 4; 2; 5; 5; 1
23; 23H; >; 3; 11; 2; 12; 12; 1
23; 23H; >; 4; 10; 2; 17; 17; 1
23; 23H; >; 5; 16; 2; 23; 23; 1
23; 23H; >; 6; 18; 2; 29; 29; 1
23; 23H; >; 1; 3; 2; 30; 30; 2
23; 23H; >; 2; 4; 2; 35; 35; 2
23; 23H; >; 3; 11; 2; 42; 42; 2
23; 23H; >; 4; 10; 2; 47; 47; 2
23; 23H; >; 5; 16; 2; 53; 53; 2
23; 23H; >; 6; 18; 2; 59; 59; 2
23; 23R; <; 1; 18; 2; 51; 51; 1
23; 23R; <; 2; 16; 2; 57; 57; 1
23; 23R; <; 3; 10; 2; 3; 3; 1
23; 23R; <; 4; 11; 2; 8; 8; 1
23; 23R; <; 5; 4; 2; 15; 15; 1
23; 23R; <; 6; 3; 2; 20; 20; 1
23; 23R; <; 1; 18; 2; 21; 21; 2
23; 23R; <; 2; 16; 2; 27; 27; 2
23; 23R; <; 3; 10; 2; 33; 33; 2
23; 23R; <; 4; 11; 2; 38; 38; 2
23; 23R; <; 5; 4; 2; 45; 45; 2
23; 23R; <; 6; 3; 2; 50; 50; 2
26; 26H; >; 1; 3; 2; 0; 0; 1
26; 26H; >; 2; 4; 2; 5; 5; 1
26; 26H; >; 3; 5; 2; 10; 10; 1
26; 26H; >; 4; 9; 2; 14; 14; 1
26; 26H; >; 5; 8; 2; 20; 20; 1
26; 26H; >; 6; 7; 2; 28; 28; 1
26; 26H; >; 1; 3; 2; 30; 30; 2
26; 26H; >; 2; 4; 2; 35; 35; 2
26; 26H; >; 3; 5; 2; 40; 40; 2
26; 26H; >; 4; 9; 2; 44; 44; 2
26; 26H; >; 5; 8; 2; 50; 50; 2
26; 26H; >; 6; 7; 2; 56; 56; 2
26; 26R; <; 1; 7; 2; 54; 54; 1
26; 26R; <; 2; 8; 2; 0; 0; 1
26; 26R; <; 3; 9; 2; 6; 6; 1
26; 26R; <; 4; 5; 2; 10; 10; 1
26; 26R; <; 5; 4; 2; 15; 15; 1
26; 26R; <; 6; 3; 2; 22; 22; 1
26; 26R; <; 1; 7; 2; 24; 24; 2
26; 26R; <; 2; 8; 2; 30; 30; 2
26; 26R; <; 3; 9; 2; 36; 36; 2
26; 26R; <; 4; 5; 2; 40; 40; 2
26; 26R; <; 5; 4; 2; 45; 45; 2
26; 26R; <; 6; 3; 2; 50; 50; 2
27; 27H; >; 1; 2; 2; 41; 41; 1
27; 27H; >; 2; 6; 2; 46; 49; 1
27; 27H; >; 3; 8; 2; 54; 57; 1
27; 27H; >; 4; 16; 2; 1; 1; 1
27; 27H; >; 5; 17; 2; 5; 5; 1
27; 27H; >; 6; 19; 2; 10; 10; 1
27; 27H; >; 1; 2; 2; 11; 11; 2
27; 27H; >; 2; 6; 2; 16; 19; 2
27; 27H; >; 3; 8; 2; 24; 27; 2
27; 27H; >; 4; 16; 2; 31; 31; 2
27; 27H; >; 5; 17; 2; 35; 35; 2
27; 27H; >; 6; 19; 2; 39; 39; 2
27; 27R; <; 1; 19; 2; 41; 41; 1
27; 27R; <; 2; 17; 2; 45; 45; 1
27; 27R; <; 3; 16; 2; 49; 49; 1
27; 27R; <; 4; 8; 2; 53; 53; 1
27; 27R; <; 5; 6; 2; 57; 57; 1
27; 27R; <; 6; 2; 2; 1; 1; 1
27; 27R; <; 1; 19; 2; 11; 11; 2
27; 27R; <; 2; 17; 2; 15; 15; 2
27; 27R; <; 3; 16; 2; 19; 19; 2
27; 27R; <; 4; 8; 2; 23; 23; 2
27; 27R; <; 5; 6; 2; 27; 27; 2
27; 27R; <; 6; 2; 2; 31; 31; 2
28; 28H; >; 1; 2; 2; 55; 55; 1
28; 28H; >; 2; 6; 2; 59; 59; 1
28; 28H; >; 3; 8; 2; 3; 3; 1
28; 28H; >; 4; 9; 2; 9; 9; 1
28; 28H; >; 5; 10; 2; 13; 13; 1
28; 28H; >; 6; 15; 2; 21; 21; 1
28; 28H; >; 1; 2; 2; 25; 25; 2
28; 28H; >; 2; 6; 2; 29; 29; 2
28; 28H; >; 3; 8; 2; 33; 33; 2
28; 28H; >; 4; 9; 2; 39; 39; 2
28; 28H; >; 5; 10; 2; 43; 43; 2
28; 28H; >; 6; 15; 2; 51; 51; 2
28; 28R; <; 1; 15; 2; 1; 1; 1
28; 28R; <; 2; 10; 2; 9; 9; 1
28; 28R; <; 3; 9; 2; 13; 13; 1
28; 28R; <; 4; 8; 2; 19; 19; 1
28; 28R; <; 5; 6; 2; 23; 23; 1
28; 28R; <; 6; 2; 2; 27; 27; 1
28; 28R; <; 1; 15; 2; 31; 31; 2
28; 28R; <; 2; 10; 2; 39; 39; 2
28; 28R; <; 3; 9; 2; 43; 43; 2
28; 28R; <; 4; 8; 2; 49; 49; 2
28; 28R; <; 5; 6; 2; 53; 53; 2
28; 28R; <; 6; 2; 2; 58; 58; 2
29; 29H; >; 1; 1; 2; 0; 0; 1
29; 29H; >; 2; 3; 2; 4; 4; 1
29; 29H; >; 3; 12; 2; 11; 11; 1
29; 29H; >; 4; 11; 2; 16; 16; 1
29; 29H; >; 5; 14; 2; 24; 24; 1
29; 29H; >; 6; 15; 2; 29; 29; 1
29; 29H; >; 1; 1; 2; 30; 30; 2
29; 29H; >; 2; 3; 2; 34; 34; 2
29; 29H; >; 3; 12; 2; 41; 41; 2
29; 29H; >; 4; 11; 2; 46; 46; 2
29; 29H; >; 5; 14; 2; 54; 54; 2
29; 29H; >; 6; 15; 2; 59; 59; 2
29; 29R; <; 1; 15; 2; 51; 51; 1
29; 29R; <; 2; 14; 2; 56; 56; 1
29; 29R; <; 3; 11; 2; 4; 4; 1
29; 29R; <; 4; 12; 2; 9; 9; 1
29; 29R; <; 5; 3; 2; 16; 16; 1
29; 29R; <; 6; 1; 2; 20; 20; 1
29; 29R; <; 1; 15; 2; 21; 21; 2
29; 29R; <; 2; 14; 2; 26; 26; 2
29; 29R; <; 3; 11; 2; 34; 34; 2
29; 29R; <; 4; 12; 2; 39; 39; 2
29; 29R; <; 5; 3; 2; 46; 46; 2
29; 29R; <; 6; 1; 2; 50; 50; 2
30; 30H; >; 1; 17; 2; 19; 19; 1
30; 30H; >; 2; 19; 2; 23; 23; 1
30; 30H; >; 3; 20; 2; 31; 31; 1
30; 30H; >; 4; 21; 2; 37; 37; 1
30; 30H; >; 5; 24; 2; 42; 42; 1
30; 30H; >; 1; 17; 2; 49; 49; 2
30; 30H; >; 2; 19; 2; 53; 53; 2
30; 30H; >; 3; 20; 2; 1; 1; 2
30; 30H; >; 4; 21; 2; 7; 7; 2
30; 30H; >; 5; 24; 2; 14; 14; 2
30; 30R; <; 1; 24; 2; 22; 22; 1
30; 30R; <; 2; 21; 2; 27; 27; 1
30; 30R; <; 3; 20; 2; 33; 33; 1
30; 30R; <; 4; 19; 2; 41; 41; 1
30; 30R; <; 5; 17; 2; 45; 45; 1
30; 30R; <; 1; 24; 2; 52; 52; 2
30; 30R; <; 2; 21; 2; 57; 57; 2
30; 30R; <; 3; 20; 2; 3; 3; 2
30; 30R; <; 4; 19; 2; 11; 11; 2
30; 30R; <; 5; 17; 2; 15; 15; 2
31; 31H; >; 1; 17; 2; 14; 14; 1
31; 31H; >; 2; 19; 2; 18; 18; 1
31; 31H; >; 3; 15; 2; 24; 24; 1
31; 31H; >; 4; 22; 2; 28; 28; 1
31; 31H; >; 5; 23; 2; 33; 33; 1
31; 31H; >; 1; 17; 2; 44; 44; 2
31; 31H; >; 2; 19; 2; 48; 48; 2
31; 31H; >; 3; 15; 2; 54; 54; 2
31; 31H; >; 4; 22; 2; 58; 58; 2
31; 31H; >; 5; 23; 2; 5; 5; 2
31; 31R; <; 1; 23; 2; 13; 13; 1
31; 31R; <; 2; 22; 2; 18; 18; 1
31; 31R; <; 3; 15; 2; 22; 22; 1
31; 31R; <; 4; 19; 2; 28; 30; 1
31; 31R; <; 5; 17; 2; 35; 35; 1
31; 31R; <; 1; 23; 2; 43; 43; 2
31; 31R; <; 2; 22; 2; 48; 48; 2
31; 31R; <; 3; 15; 2; 52; 52; 2
31; 31R; <; 4; 19; 2; 58; 0; 2
31; 31R; <; 5; 17; 2; 4; 4; 2
33; 33H; >; 1; 14; 2; 0; 0; 1
33; 33H; >; 2; 15; 2; 5; 5; 1
33; 33H; >; 3; 10; 2; 13; 13; 1
33; 33H; >; 4; 16; 2; 19; 19; 1
33; 33H; >; 5; 18; 2; 25; 25; 1
33; 33H; >; 1; 14; 2; 30; 30; 2
33; 33H; >; 2; 15; 2; 35; 35; 2
33; 33H; >; 3; 10; 2; 43; 43; 2
33; 33H; >; 4; 16; 2; 49; 49; 2
33; 33H; >; 5; 18; 2; 57; 57; 2
33; 33R; <; 1; 18; 2; 55; 55; 1
33; 33R; <; 2; 16; 2; 1; 1; 1
33; 33R; <; 3; 10; 2; 7; 7; 1
33; 33R; <; 4; 15; 2; 15; 15; 1
33; 33R; <; 5; 14; 2; 22; 22; 1
33; 33R; <; 1; 18; 2; 25; 25; 2
33; 33R; <; 2; 16; 2; 31; 31; 2
33; 33R; <; 3; 10; 2; 37; 37; 2
33; 33R; <; 4; 15; 2; 45; 45; 2
33; 33R; <; 5; 14; 2; 50; 50; 2
34; 34H; >; 1; 11; 2; 0; 0; 1
34; 34H; >; 2; 14; 2; 8; 8; 1
34; 34H; >; 3; 15; 2; 13; 13; 1
34; 34H; >; 4; 22; 2; 17; 17; 1
34; 34H; >; 5; 21; 2; 22; 22; 1
34; 34H; >; 1; 11; 2; 30; 30; 2
34; 34H; >; 2; 14; 2; 38; 38; 2
34; 34H; >; 3; 15; 2; 43; 43; 2
34; 34H; >; 4; 22; 2; 47; 47; 2
34; 34H; >; 5; 21; 2; 52; 52; 2
34; 34R; <; 1; 21; 2; 58; 58; 1
34; 34R; <; 2; 22; 2; 3; 3; 1
34; 34R; <; 3; 15; 2; 7; 7; 1
34; 34R; <; 4; 14; 2; 12; 12; 1
34; 34R; <; 5; 11; 2; 20; 20; 1
34; 34R; <; 1; 21; 2; 28; 28; 2
34; 34R; <; 2; 22; 2; 33; 33; 2
34; 34R; <; 3; 15; 2; 37; 37; 2
34; 34R; <; 4; 14; 2; 42; 42; 2
34; 34R; <; 5; 11; 2; 50; 50; 2
35; 35H; >; 1; 13; 2; 0; 0; 1
35; 35H; >; 2; 24; 2; 5; 5; 1
35; 35H; >; 3; 21; 2; 10; 10; 1
35; 35H; >; 4; 22; 2; 17; 17; 1
35; 35H; >; 5; 15; 2; 21; 21; 1
35; 35H; >; 1; 13; 2; 30; 30; 2
35; 35H; >; 2; 24; 2; 35; 35; 2
35; 35H; >; 3; 21; 2; 40; 40; 2
35; 35H; >; 4; 22; 2; 45; 47; 2
35; 35H; >; 5; 15; 2; 52; 52; 2
35; 35R; <; 1; 15; 2; 1; 1; 1
35; 35R; <; 2; 22; 2; 5; 5; 1
35; 35R; <; 3; 21; 2; 10; 10; 1
35; 35R; <; 4; 24; 2; 15; 15; 1
35; 35R; <; 5; 13; 2; 20; 20; 1
35; 35R; <; 1; 15; 2; 31; 31; 2
35; 35R; <; 2; 22; 2; 35; 35; 2
35; 35R; <; 3; 21; 2; 40; 40; 2
35; 35R; <; 4; 24; 2; 45; 45; 2
35; 35R; <; 5; 13; 2; 50; 50; 2
36; 36H; >; 1; 13; 2; 16; 16; 1
36; 36H; >; 2; 24; 2; 21; 21; 1
36; 36H; >; 3; 21; 2; 26; 26; 1
36; 36H; >; 4; 20; 2; 32; 32; 1
36; 36H; >; 5; 19; 2; 40; 40; 1
36; 36H; >; 1; 13; 2; 46; 46; 2
36; 36H; >; 2; 24; 2; 51; 51; 2
36; 36H; >; 3; 21; 2; 56; 56; 2
36; 36H; >; 4; 20; 2; 2; 2; 2
36; 36H; >; 5; 19; 2; 12; 12; 2
36; 36R; <; 1; 19; 2; 7; 7; 1
36; 36R; <; 2; 20; 2; 15; 15; 1
36; 36R; <; 3; 21; 2; 21; 21; 1
36; 36R; <; 4; 24; 2; 26; 29; 1
36; 36R; <; 5; 13; 2; 36; 36; 1
36; 36R; <; 1; 19; 2; 37; 37; 2
36; 36R; <; 2; 20; 2; 45; 45; 2
36; 36R; <; 3; 21; 2; 51; 51; 2
36; 36R; <; 4; 24; 2; 58; 59; 2
36; 36R; <; 5; 13; 2; 6; 6; 2
37; 37H; >; 1; 10; 2; 44; 44; 1
37; 37H; >; 2; 16; 2; 50; 50; 1
37; 37H; >; 3; 8; 2; 54; 54; 1
37; 37H; >; 4; 6; 2; 58; 58; 1
37; 37H; >; 5; 2; 2; 2; 2; 1
37; 37H; >; 1; 10; 2; 14; 14; 2
37; 37H; >; 2; 16; 2; 20; 20; 2
37; 37H; >; 3; 8; 2; 24; 24; 2
37; 37H; >; 4; 6; 2; 28; 28; 2
37; 37H; >; 5; 2; 2; 32; 32; 2
37; 37R; <; 1; 2; 2; 2; 2; 1
37; 37R; <; 2; 6; 2; 6; 6; 1
37; 37R; <; 3; 8; 2; 10; 10; 1
37; 37R; <; 4; 16; 2; 14; 14; 1
37; 37R; <; 5; 10; 2; 22; 22; 1
37; 37R; <; 1; 2; 2; 32; 32; 2
37; 37R; <; 2; 6; 2; 36; 36; 2
37; 37R; <; 3; 8; 2; 40; 40; 2
37; 37R; <; 4; 16; 2; 44; 44; 2
37; 37R; <; 5; 10; 2; 50; 50; 2
39; 39H; >; 1; 9; 2; 0; 0; 1
39; 39H; >; 2; 10; 2; 4; 4; 1
39; 39H; >; 3; 15; 2; 12; 12; 1
39; 39H; >; 4; 22; 2; 16; 16; 1
39; 39H; >; 5; 23; 2; 21; 21; 1
39; 39H; >; 1; 9; 2; 30; 30; 2
39; 39H; >; 2; 10; 2; 34; 34; 2
39; 39H; >; 3; 15; 2; 42; 42; 2
39; 39H; >; 4; 22; 2; 46; 46; 2
39; 39H; >; 5; 23; 2; 53; 53; 2
39; 39R; <; 1; 23; 2; 59; 59; 1
39; 39R; <; 2; 22; 2; 4; 4; 1
39; 39R; <; 3; 15; 2; 8; 8; 1
39; 39R; <; 4; 10; 2; 16; 16; 1
39; 39R; <; 5; 9; 2; 20; 20; 1
39; 39R; <; 1; 23; 2; 29; 29; 2
39; 39R; <; 2; 22; 2; 34; 34; 2
39; 39R; <; 3; 15; 2; 38; 38; 2
39; 39R; <; 4; 10; 2; 46; 46; 2
39; 39R; <; 5; 9; 2; 50; 50; 2
41; 41H; >; 1; 9; 2; 0; 0; 1
41; 41H; >; 2; 10; 2; 4; 4; 1
41; 41H; >; 3; 11; 2; 9; 9; 1
41; 41H; >; 4; 12; 2; 14; 14; 1
41; 41H; >; 5; 13; 2; 30; 30; 1
41; 41H; >; 1; 9; 2; 30; 30; 2
41; 41H; >; 2; 10; 2; 34; 34; 2
41; 41H; >; 3; 11; 2; 39; 39; 2
41; 41H; >; 4; 12; 2; 44; 44; 2
41; 41H; >; 5; 13; 2; 4; 4; 2
41; 41R; <; 1; 13; 2; 50; 50; 1
41; 41R; <; 2; 12; 2; 6; 6; 1
41; 41R; <; 3; 11; 2; 11; 11; 1
41; 41R; <; 4; 10; 2; 16; 16; 1
41; 41R; <; 5; 9; 2; 20; 20; 1
41; 41R; <; 1; 13; 2; 20; 20; 2
41; 41R; <; 2; 12; 2; 36; 36; 2
41; 41R; <; 3; 11; 2; 41; 41; 2
41; 41R; <; 4; 10; 2; 46; 46; 2
41; 41R; <; 5; 9; 2; 50; 50; 2
42; 42H; >; 1; 8; 2; 36; 36; 1
42; 42H; >; 2; 16; 2; 40; 40; 1
42; 42H; >; 3; 10; 2; 46; 46; 1
42; 42H; >; 4; 15; 2; 54; 54; 1
42; 42H; >; 5; 22; 2; 58; 58; 1
42; 42H; >; 1; 8; 2; 6; 6; 2
42; 42H; >; 2; 16; 2; 10; 10; 2
42; 42H; >; 3; 10; 2; 16; 16; 2
42; 42H; >; 4; 15; 2; 24; 24; 2
42; 42H; >; 5; 22; 2; 28; 28; 2
42; 42R; <; 1; 22; 2; 58; 58; 1
42; 42R; <; 2; 15; 2; 2; 2; 1
42; 42R; <; 3; 10; 2; 10; 10; 1
42; 42R; <; 4; 16; 2; 16; 16; 1
42; 42R; <; 5; 8; 2; 20; 20; 1
42; 42R; <; 1; 22; 2; 28; 28; 2
42; 42R; <; 2; 15; 2; 32; 32; 2
42; 42R; <; 3; 10; 2; 40; 40; 2
42; 42R; <; 4; 16; 2; 46; 46; 2
42; 42R; <; 5; 8; 2; 50; 50; 2
44; 44H; >; 1; 5; 2; 0; 0; 1
44; 44H; >; 2; 6; 2; 6; 6; 1
44; 44H; >; 3; 8; 2; 10; 10; 1
44; 44H; >; 4; 7; 2; 16; 16; 1
44; 44H; >; 5; 18; 2; 20; 20; 1
44; 44H; >; 1; 5; 2; 30; 30; 2
44; 44H; >; 2; 6; 2; 36; 36; 2
44; 44H; >; 3; 8; 2; 40; 40; 2
44; 44H; >; 4; 7; 2; 46; 46; 2
44; 44H; >; 5; 18; 2; 51; 51; 2
44; 44R; <; 1; 18; 2; 0; 0; 1
44; 44R; <; 2; 7; 2; 4; 4; 1
44; 44R; <; 3; 8; 2; 10; 10; 1
44; 44R; <; 4; 6; 2; 14; 14; 1
44; 44R; <; 5; 5; 2; 20; 20; 1
44; 44R; <; 1; 18; 2; 30; 30; 2
44; 44R; <; 2; 7; 2; 34; 34; 2
44; 44R; <; 3; 8; 2; 40; 40; 2
44; 44R; <; 4; 6; 2; 44; 44; 2
44; 44R; <; 5; 5; 2; 50; 50; 2
45; 45H; >; 1; 3; 2; 0; 0; 1
45; 45H; >; 2; 4; 2; 5; 5; 1
45; 45H; >; 3; 11; 2; 12; 12; 1
45; 45H; >; 4; 14; 2; 20; 20; 1
45; 45H; >; 5; 23; 2; 24; 24; 1
45; 45H; >; 1; 3; 2; 30; 30; 2
45; 45H; >; 2; 4; 2; 35; 35; 2
45; 45H; >; 3; 11; 2; 42; 42; 2
45; 45H; >; 4; 14; 2; 50; 50; 2
45; 45H; >; 5; 23; 2; 55; 55; 2
45; 45R; <; 1; 23; 2; 56; 56; 1
45; 45R; <; 2; 14; 2; 0; 0; 1
45; 45R; <; 3; 11; 2; 8; 8; 1
45; 45R; <; 4; 4; 2; 15; 15; 1
45; 45R; <; 5; 3; 2; 22; 22; 1
45; 45R; <; 1; 23; 2; 26; 26; 2
45; 45R; <; 2; 14; 2; 30; 30; 2
45; 45R; <; 3; 11; 2; 38; 38; 2
45; 45R; <; 4; 4; 2; 45; 45; 2
45; 45R; <; 5; 3; 2; 50; 50; 2
46; 46H; >; 1; 3; 2; 52; 52; 1
46; 46H; >; 2; 4; 2; 57; 57; 1
46; 46H; >; 3; 11; 2; 4; 4; 1
46; 46H; >; 4; 10; 2; 9; 9; 1
46; 46H; >; 5; 17; 2; 16; 16; 1
46; 46H; >; 1; 3; 2; 22; 22; 2
46; 46H; >; 2; 4; 2; 27; 27; 2
46; 46H; >; 3; 11; 2; 34; 34; 2
46; 46H; >; 4; 10; 2; 39; 39; 2
46; 46H; >; 5; 17; 2; 48; 48; 2
46; 46R; <; 1; 17; 2; 48; 48; 1
46; 46R; <; 2; 10; 2; 55; 55; 1
46; 46R; <; 3; 11; 2; 0; 0; 1
46; 46R; <; 4; 4; 2; 7; 10; 1
46; 46R; <; 5; 3; 2; 17; 17; 1
46; 46R; <; 1; 17; 2; 18; 18; 2
46; 46R; <; 2; 10; 2; 25; 25; 2
46; 46R; <; 3; 11; 2; 30; 30; 2
46; 46R; <; 4; 4; 2; 37; 40; 2
46; 46R; <; 5; 3; 2; 47; 47; 2
47; 47H; >; 1; 1; 2; 0; 0; 1
47; 47H; >; 2; 2; 2; 16; 16; 1
47; 47H; >; 3; 6; 2; 20; 20; 1
47; 47H; >; 4; 8; 2; 24; 24; 1
47; 47H; >; 5; 16; 2; 28; 28; 1
47; 47H; >; 1; 1; 2; 30; 30; 2
47; 47H; >; 2; 2; 2; 46; 46; 2
47; 47H; >; 3; 6; 2; 50; 50; 2
47; 47H; >; 4; 8; 2; 54; 54; 2
47; 47H; >; 5; 16; 2; 59; 59; 2
47; 47R; <; 1; 16; 2; 52; 52; 1
47; 47R; <; 2; 8; 2; 56; 56; 1
47; 47R; <; 3; 6; 2; 0; 0; 1
47; 47R; <; 4; 2; 2; 4; 4; 1
47; 47R; <; 5; 1; 2; 20; 20; 1
47; 47R; <; 1; 16; 2; 22; 22; 2
47; 47R; <; 2; 8; 2; 26; 26; 2
47; 47R; <; 3; 6; 2; 30; 30; 2
47; 47R; <; 4; 2; 2; 34; 34; 2
47; 47R; <; 5; 1; 2; 50; 50; 2
50; 50H; >; 1; 14; 2; 50; 50; 1
50; 50H; >; 2; 15; 2; 55; 55; 1
50; 50H; >; 3; 19; 2; 1; 1; 1
50; 50H; >; 4; 17; 2; 5; 5; 1
50; 50H; >; 1; 14; 2; 20; 20; 2
50; 50H; >; 2; 15; 2; 25; 25; 2
50; 50H; >; 3; 19; 2; 31; 31; 2
50; 50H; >; 4; 17; 2; 35; 35; 2
50; 50R; <; 1; 17; 2; 5; 5; 1
50; 50R; <; 2; 19; 2; 9; 9; 1
50; 50R; <; 3; 15; 2; 15; 15; 1
50; 50R; <; 4; 14; 2; 20; 20; 1
50; 50R; <; 1; 17; 2; 35; 35; 2
50; 50R; <; 2; 19; 2; 39; 39; 2
50; 50R; <; 3; 15; 2; 45; 45; 2
50; 50R; <; 4; 14; 2; 50; 50; 2
57; 57H; >; 1; 9; 2; 9; 9; 1
57; 57H; >; 2; 10; 2; 14; 17; 1
57; 57H; >; 3; 17; 2; 26; 29; 1
57; 57H; >; 4; 19; 2; 34; 34; 1
57; 57H; >; 1; 9; 2; 39; 39; 2
57; 57H; >; 2; 10; 2; 44; 47; 2
57; 57H; >; 3; 17; 2; 56; 59; 2
57; 57H; >; 4; 19; 2; 4; 4; 2
57; 57R; <; 1; 19; 2; 14; 14; 1
57; 57R; <; 2; 17; 2; 18; 18; 1
57; 57R; <; 3; 10; 2; 25; 25; 1
57; 57R; <; 4; 9; 2; 29; 29; 1
57; 57R; <; 1; 19; 2; 44; 44; 2
57; 57R; <; 2; 17; 2; 48; 48; 2
57; 57R; <; 3; 10; 2; 55; 55; 2
57; 57R; <; 4; 9; 2; 59; 59; 2
60; 60H; >; 1; 7; 2; 52; 52; 1
60; 60H; >; 2; 8; 2; 58; 58; 1
60; 60H; >; 3; 16; 2; 2; 2; 1
60; 60H; >; 4; 17; 2; 6; 6; 1
60; 60H; >; 1; 7; 2; 22; 22; 2
60; 60H; >; 2; 8; 2; 28; 28; 2
60; 60H; >; 3; 16; 2; 32; 32; 2
60; 60H; >; 4; 17; 2; 36; 36; 2
60; 60R; <; 1; 17; 2; 6; 6; 1
60; 60R; <; 2; 16; 2; 10; 10; 1
60; 60R; <; 3; 8; 2; 14; 14; 1
60; 60R; <; 4; 7; 2; 22; 22; 1
60; 60R; <; 1; 17; 2; 36; 36; 2
60; 60R; <; 2; 16; 2; 40; 40; 2
60; 60R; <; 3; 8; 2; 44; 44; 2
60; 60R; <; 4; 7; 2; 50; 50; 2
63; 63H; >; 1; 4; 2; 50; 50; 1
63; 63H; >; 2; 5; 2; 55; 55; 1
63; 63H; >; 3; 6; 2; 1; 1; 1
63; 63H; >; 4; 2; 2; 5; 5; 1
63; 63H; >; 1; 4; 2; 20; 20; 2
63; 63H; >; 2; 5; 2; 25; 25; 2
63; 63H; >; 3; 6; 2; 31; 31; 2
63; 63H; >; 4; 2; 2; 35; 35; 2
63; 63R; <; 1; 2; 2; 5; 5; 1
63; 63R; <; 2; 6; 2; 9; 9; 1
63; 63R; <; 3; 5; 2; 15; 15; 1
63; 63R; <; 4; 4; 2; 20; 20; 1
63; 63R; <; 1; 2; 2; 35; 35; 2
63; 63R; <; 2; 6; 2; 39; 39; 2
63; 63R; <; 3; 5; 2; 45; 45; 2
63; 63R; <; 4; 4; 2; 50; 50; 2
64; 64H; >; 1; 3; 2; 48; 48; 1
64; 64H; >; 2; 4; 2; 53; 53; 1
64; 64H; >; 3; 5; 2; 58; 58; 1
64; 64H; >; 4; 6; 2; 4; 4; 1
64; 64H; >; 1; 3; 2; 18; 18; 2
64; 64H; >; 2; 4; 2; 23; 23; 2
64; 64H; >; 3; 5; 2; 28; 28; 2
64; 64H; >; 4; 6; 2; 34; 34; 2
64; 64R; <; 1; 6; 2; 4; 4; 1
64; 64R; <; 2; 5; 2; 10; 10; 1
64; 64R; <; 3; 4; 2; 15; 15; 1
64; 64R; <; 4; 3; 2; 22; 22; 1
64; 64R; <; 1; 6; 2; 34; 34; 2
64; 64R; <; 2; 5; 2; 40; 40; 2
64; 64R; <; 3; 4; 2; 45; 45; 2
64; 64R; <; 4; 3; 2; 50; 50; 2
69; 69H; >; 1; 21; 2; 0; 0; 1
69; 69H; >; 2; 24; 2; 5; 5; 1
69; 69H; >; 3; 13; 2; 10; 10; 1
69; 69H; >; 4; 12; 2; 26; 26; 1
69; 69H; >; 5; 3; 2; 33; 33; 1
69; 69H; >; 6; 4; 2; 38; 38; 1
69; 69H; >; 7; 5; 2; 43; 43; 1
69; 69H; >; 8; 6; 2; 49; 49; 1
69; 69H; >; 9; 2; 2; 53; 53; 1
69; 69H; >; 1; 21; 2; 30; 30; 2
69; 69H; >; 2; 24; 2; 35; 35; 2
69; 69H; >; 3; 13; 2; 40; 40; 2
69; 69H; >; 4; 12; 2; 56; 56; 2
69; 69H; >; 5; 3; 2; 3; 3; 2
69; 69H; >; 6; 4; 2; 8; 8; 2
69; 69H; >; 7; 5; 2; 13; 13; 2
69; 69H; >; 8; 6; 2; 19; 19; 2
69; 69H; >; 9; 2; 2; 23; 23; 2
69; 69R; <; 1; 2; 2; 27; 27; 1
69; 69R; <; 2; 6; 2; 31; 31; 1
69; 69R; <; 3; 5; 2; 37; 37; 1
69; 69R; <; 4; 4; 2; 42; 42; 1
69; 69R; <; 5; 3; 2; 47; 47; 1
69; 69R; <; 6; 12; 2; 54; 54; 1
69; 69R; <; 7; 13; 2; 10; 10; 1
69; 69R; <; 8; 24; 2; 15; 15; 1
69; 69R; <; 9; 21; 2; 20; 20; 1
69; 69R; <; 1; 2; 2; 57; 57; 2
69; 69R; <; 2; 6; 2; 1; 1; 2
69; 69R; <; 3; 5; 2; 7; 7; 2
69; 69R; <; 4; 4; 2; 12; 12; 2
69; 69R; <; 5; 3; 2; 17; 17; 2
69; 69R; <; 6; 12; 2; 24; 24; 2
69; 69R; <; 7; 13; 2; 40; 40; 2
69; 69R; <; 8; 24; 2; 45; 45; 2
69; 69R; <; 9; 21; 2; 50; 50; 2
70; 70H; >; 1; 20; 2; 4; 4; 1
70; 70H; >; 2; 22; 2; 12; 15; 1
70; 70H; >; 3; 15; 2; 19; 19; 1
70; 70H; >; 4; 19; 2; 25; 25; 1
70; 70H; >; 5; 17; 2; 29; 29; 1
70; 70H; >; 6; 16; 2; 33; 36; 1
70; 70H; >; 7; 18; 2; 44; 47; 1
70; 70H; >; 8; 7; 2; 52; 52; 1
70; 70H; >; 1; 20; 2; 34; 34; 2
70; 70H; >; 2; 22; 2; 44; 45; 2
70; 70H; >; 3; 15; 2; 49; 49; 2
70; 70H; >; 4; 19; 2; 55; 55; 2
70; 70H; >; 5; 17; 2; 59; 59; 2
70; 70H; >; 6; 16; 2; 4; 6; 2
70; 70H; >; 7; 18; 2; 14; 17; 2
70; 70H; >; 8; 7; 2; 22; 22; 2
70; 70R; <; 1; 7; 2; 32; 32; 1
70; 70R; <; 2; 18; 2; 36; 36; 1
70; 70R; <; 3; 16; 2; 42; 42; 1
70; 70R; <; 4; 17; 2; 46; 49; 1
70; 70R; <; 5; 19; 2; 53; 56; 1
70; 70R; <; 6; 15; 2; 4; 7; 1
70; 70R; <; 7; 22; 2; 12; 14; 1
70; 70R; <; 8; 20; 2; 24; 24; 1
70; 70R; <; 1; 7; 2; 2; 2; 2
70; 70R; <; 2; 18; 2; 6; 6; 2
70; 70R; <; 3; 16; 2; 12; 12; 2
70; 70R; <; 4; 17; 2; 17; 19; 2
70; 70R; <; 5; 19; 2; 23; 26; 2
70; 70R; <; 6; 15; 2; 34; 37; 2
70; 70R; <; 7; 22; 2; 41; 44; 2
70; 70R; <; 8; 20; 2; 54; 54; 2
73; 73H; >; 1; 23; 2; 0; 0; 1
73; 73H; >; 2; 14; 2; 4; 4; 1
73; 73H; >; 3; 11; 2; 12; 12; 1
73; 73H; >; 4; 4; 2; 19; 19; 1
73; 73H; >; 5; 5; 2; 24; 24; 1
73; 73H; >; 6; 6; 2; 30; 30; 1
73; 73H; >; 7; 2; 2; 34; 34; 1
73; 73H; >; 1; 23; 2; 30; 30; 2
73; 73H; >; 2; 14; 2; 34; 34; 2
73; 73H; >; 3; 11; 2; 42; 42; 2
73; 73H; >; 4; 4; 2; 49; 49; 2
73; 73H; >; 5; 5; 2; 54; 54; 2
73; 73H; >; 6; 6; 2; 60; 60; 2
73; 73H; >; 7; 2; 2; 5; 5; 2
73; 73R; <; 1; 2; 2; 46; 46; 1
73; 73R; <; 2; 6; 2; 50; 50; 1
73; 73R; <; 3; 5; 2; 56; 56; 1
73; 73R; <; 4; 4; 2; 1; 1; 1
73; 73R; <; 5; 11; 2; 8; 8; 1
73; 73R; <; 6; 14; 2; 16; 16; 1
73; 73R; <; 7; 23; 2; 20; 20; 1
73; 73R; <; 1; 2; 2; 16; 16; 2
73; 73R; <; 2; 6; 2; 20; 20; 2
73; 73R; <; 3; 5; 2; 26; 26; 2
73; 73R; <; 4; 4; 2; 31; 31; 2
73; 73R; <; 5; 11; 2; 38; 38; 2
73; 73R; <; 6; 14; 2; 46; 46; 2
73; 73R; <; 7; 23; 2; 50; 50; 2
74; 74H; >; 1; 17; 2; 18; 18; 1
74; 74H; >; 2; 10; 2; 25; 25; 1
74; 74H; >; 3; 9; 2; 29; 29; 1
74; 74H; >; 4; 5; 2; 33; 33; 1
74; 74H; >; 5; 4; 2; 38; 38; 1
74; 74H; >; 6; 3; 2; 43; 43; 1
74; 74H; >; 7; 1; 2; 47; 47; 1
74; 74H; >; 1; 17; 2; 48; 48; 2
74; 74H; >; 2; 10; 2; 55; 55; 2
74; 74H; >; 3; 9; 2; 59; 59; 2
74; 74H; >; 4; 5; 2; 3; 3; 2
74; 74H; >; 5; 4; 2; 8; 8; 2
74; 74H; >; 6; 3; 2; 13; 13; 2
74; 74H; >; 7; 1; 2; 18; 18; 2
74; 74R; <; 1; 1; 2; 27; 27; 1
74; 74R; <; 2; 3; 2; 31; 31; 1
74; 74R; <; 3; 4; 2; 36; 36; 1
74; 74R; <; 4; 5; 2; 41; 41; 1
74; 74R; <; 5; 9; 2; 45; 45; 1
74; 74R; <; 6; 10; 2; 49; 49; 1
74; 74R; <; 7; 17; 2; 58; 58; 1
74; 74R; <; 1; 1; 2; 57; 57; 2
74; 74R; <; 2; 3; 2; 1; 1; 2
74; 74R; <; 3; 4; 2; 6; 6; 2
74; 74R; <; 4; 5; 2; 11; 11; 2
74; 74R; <; 5; 9; 2; 15; 15; 2
74; 74R; <; 6; 10; 2; 19; 19; 2
74; 74R; <; 7; 17; 2; 26; 26; 2
75; 75H; >; 1; 18; 2; 8; 8; 1
75; 75H; >; 2; 7; 2; 12; 12; 1
75; 75H; >; 3; 8; 2; 18; 18; 1
75; 75H; >; 4; 16; 2; 22; 22; 1
75; 75H; >; 5; 10; 2; 28; 28; 1
75; 75H; >; 6; 9; 2; 32; 32; 1
75; 75H; >; 7; 5; 2; 37; 37; 1
75; 75H; >; 1; 18; 2; 38; 38; 2
75; 75H; >; 2; 7; 2; 42; 42; 2
75; 75H; >; 3; 8; 2; 48; 48; 2
75; 75H; >; 4; 16; 2; 52; 52; 2
75; 75H; >; 5; 10; 2; 58; 58; 2
75; 75H; >; 6; 9; 2; 2; 2; 2
75; 75H; >; 7; 5; 2; 6; 6; 2
75; 75R; <; 1; 5; 2; 16; 16; 1
75; 75R; <; 2; 9; 2; 21; 24; 1
75; 75R; <; 3; 10; 2; 28; 28; 1
75; 75R; <; 4; 16; 2; 34; 34; 1
75; 75R; <; 5; 8; 2; 38; 38; 1
75; 75R; <; 6; 7; 2; 44; 44; 1
75; 75R; <; 7; 18; 2; 49; 49; 1
75; 75R; <; 1; 5; 2; 46; 46; 2
75; 75R; <; 2; 9; 2; 51; 54; 2
75; 75R; <; 3; 10; 2; 58; 58; 2
75; 75R; <; 4; 16; 2; 4; 4; 2
75; 75R; <; 5; 8; 2; 8; 8; 2
75; 75R; <; 6; 7; 2; 14; 14; 2
75; 75R; <; 7; 18; 2; 18; 18; 2
76; 76H; >; 1; 5; 2; 0; 0; 1
76; 76H; >; 2; 9; 2; 4; 4; 1
76; 76H; >; 3; 10; 2; 8; 8; 1
76; 76H; >; 4; 16; 2; 16; 17; 1
76; 76H; >; 5; 8; 2; 21; 21; 1
76; 76H; >; 6; 6; 2; 25; 25; 1
76; 76H; >; 7; 2; 2; 30; 30; 1
76; 76H; >; 1; 5; 2; 30; 30; 2
76; 76H; >; 2; 9; 2; 34; 34; 2
76; 76H; >; 3; 10; 2; 38; 38; 2
76; 76H; >; 4; 16; 2; 44; 47; 2
76; 76H; >; 5; 8; 2; 51; 51; 2
76; 76H; >; 6; 6; 2; 55; 55; 2
76; 76H; >; 7; 2; 2; 59; 59; 2
76; 76R; <; 1; 2; 2; 54; 54; 1
76; 76R; <; 2; 6; 2; 58; 58; 1
76; 76R; <; 3; 8; 2; 2; 2; 1
76; 76R; <; 4; 16; 2; 6; 6; 1
76; 76R; <; 5; 10; 2; 12; 12; 1
76; 76R; <; 6; 9; 2; 16; 16; 1
76; 76R; <; 7; 5; 2; 21; 21; 1
76; 76R; <; 1; 2; 2; 24; 24; 2
76; 76R; <; 2; 6; 2; 28; 28; 2
76; 76R; <; 3; 8; 2; 32; 32; 2
76; 76R; <; 4; 16; 2; 36; 36; 2
76; 76R; <; 5; 10; 2; 42; 42; 2
76; 76R; <; 6; 9; 2; 46; 46; 2
76; 76R; <; 7; 5; 2; 50; 50; 2
77; 77H; >; 1; 21; 2; 0; 0; 1
77; 77H; >; 2; 24; 2; 5; 5; 1
77; 77H; >; 3; 13; 2; 10; 10; 1
77; 77H; >; 4; 12; 2; 26; 26; 1
77; 77H; >; 5; 3; 2; 33; 33; 1
77; 77H; >; 6; 1; 2; 38; 38; 1
77; 77H; >; 1; 21; 2; 30; 30; 2
77; 77H; >; 2; 24; 2; 35; 35; 2
77; 77H; >; 3; 13; 2; 40; 40; 2
77; 77H; >; 4; 12; 2; 56; 56; 2
77; 77H; >; 5; 3; 2; 3; 3; 2
77; 77H; >; 6; 1; 2; 7; 7; 2
77; 77R; <; 1; 1; 2; 43; 43; 1
77; 77R; <; 2; 3; 2; 47; 47; 1
77; 77R; <; 3; 12; 2; 54; 54; 1
77; 77R; <; 4; 13; 2; 10; 10; 1
77; 77R; <; 5; 24; 2; 15; 15; 1
77; 77R; <; 6; 21; 2; 20; 20; 1
77; 77R; <; 1; 1; 2; 13; 13; 2
77; 77R; <; 2; 3; 2; 17; 17; 2
77; 77R; <; 3; 12; 2; 24; 24; 2
77; 77R; <; 4; 13; 2; 40; 40; 2
77; 77R; <; 5; 24; 2; 45; 45; 2
77; 77R; <; 6; 21; 2; 50; 50; 2
84; 84H; >; 1; 23; 2; 0; 0; 1
84; 84H; >; 2; 14; 2; 4; 4; 1
84; 84H; >; 3; 11; 2; 14; 15; 1
84; 84H; >; 4; 4; 2; 22; 22; 1
84; 84H; >; 5; 3; 2; 27; 27; 1
84; 84H; >; 6; 1; 2; 31; 31; 1
84; 84H; >; 1; 23; 2; 30; 30; 2
84; 84H; >; 2; 14; 2; 34; 34; 2
84; 84H; >; 3; 11; 2; 42; 45; 2
84; 84H; >; 4; 4; 2; 52; 52; 2
84; 84H; >; 5; 3; 2; 57; 57; 2
84; 84H; >; 6; 1; 2; 1; 1; 2
84; 84R; <; 1; 1; 2; 52; 52; 1
84; 84R; <; 2; 3; 2; 56; 56; 1
84; 84R; <; 3; 4; 2; 1; 1; 1
84; 84R; <; 4; 11; 2; 8; 8; 1
84; 84R; <; 5; 14; 2; 16; 16; 1
84; 84R; <; 6; 23; 2; 21; 21; 1
84; 84R; <; 1; 1; 2; 22; 22; 2
84; 84R; <; 2; 3; 2; 26; 26; 2
84; 84R; <; 3; 4; 2; 31; 31; 2
84; 84R; <; 4; 11; 2; 38; 38; 2
84; 84R; <; 5; 14; 2; 46; 46; 2
84; 84R; <; 6; 23; 2; 50; 50; 2
87; 87H; >; 1; 7; 2; 0; 0; 1
87; 87H; >; 2; 18; 2; 5; 8; 1
87; 87H; >; 3; 16; 2; 16; 19; 1
87; 87H; >; 4; 8; 2; 23; 23; 1
87; 87H; >; 5; 6; 2; 28; 30; 1
87; 87H; >; 6; 2; 2; 35; 35; 1
87; 87H; >; 1; 7; 2; 30; 30; 2
87; 87H; >; 2; 18; 2; 35; 38; 2
87; 87H; >; 3; 16; 2; 46; 49; 2
87; 87H; >; 4; 8; 2; 53; 53; 2
87; 87H; >; 5; 6; 2; 57; 60; 2
87; 87H; >; 6; 2; 2; 5; 5; 2
87; 87R; <; 1; 2; 2; 58; 58; 1
87; 87R; <; 2; 6; 2; 2; 2; 1
87; 87R; <; 3; 8; 2; 6; 6; 1
87; 87R; <; 4; 16; 2; 10; 10; 1
87; 87R; <; 5; 18; 2; 16; 16; 1
87; 87R; <; 6; 7; 2; 21; 21; 1
87; 87R; <; 1; 2; 2; 28; 28; 2
87; 87R; <; 2; 6; 2; 32; 32; 2
87; 87R; <; 3; 8; 2; 36; 36; 2
87; 87R; <; 4; 16; 2; 40; 40; 2
87; 87R; <; 5; 18; 2; 46; 46; 2
87; 87R; <; 6; 7; 2; 50; 50; 2
90; 90H; >; 1; 14; 2; 0; 0; 1
90; 90H; >; 2; 11; 2; 8; 8; 1
90; 90H; >; 3; 10; 2; 13; 13; 1
90; 90H; >; 4; 9; 2; 17; 20; 1
90; 90H; >; 5; 5; 2; 25; 25; 1
90; 90H; >; 1; 14; 2; 30; 30; 2
90; 90H; >; 2; 11; 2; 38; 38; 2
90; 90H; >; 3; 10; 2; 43; 43; 2
90; 90H; >; 4; 9; 2; 47; 50; 2
90; 90H; >; 5; 5; 2; 55; 55; 2
90; 90R; <; 1; 5; 2; 59; 59; 1
90; 90R; <; 2; 9; 2; 3; 3; 1
90; 90R; <; 3; 10; 2; 7; 7; 1
90; 90R; <; 4; 11; 2; 12; 12; 1
90; 90R; <; 5; 14; 2; 22; 22; 1
90; 90R; <; 1; 5; 2; 29; 29; 2
90; 90R; <; 2; 9; 2; 33; 33; 2
90; 90R; <; 3; 10; 2; 37; 37; 2
90; 90R; <; 4; 11; 2; 42; 42; 2
90; 90R; <; 5; 14; 2; 50; 50; 2
93; 93H; >; 1; 12; 2; 0; 0; 1
93; 93H; >; 2; 11; 2; 5; 5; 1
93; 93H; >; 3; 4; 2; 14; 15; 1
93; 93H; >; 4; 3; 2; 22; 25; 1
93; 93H; >; 5; 1; 2; 30; 30; 1
93; 93H; >; 1; 12; 2; 30; 30; 2
93; 93H; >; 2; 11; 2; 35; 35; 2
93; 93H; >; 3; 4; 2; 42; 45; 2
93; 93H; >; 4; 3; 2; 52; 55; 2
93; 93H; >; 5; 1; 2; 60; 60; 2
93; 93R; <; 1; 1; 2; 59; 59; 1
93; 93R; <; 2; 3; 2; 3; 3; 1
93; 93R; <; 3; 4; 2; 8; 8; 1
93; 93R; <; 4; 11; 2; 15; 15; 1
93; 93R; <; 5; 12; 2; 22; 22; 1
93; 93R; <; 1; 1; 2; 29; 29; 2
93; 93R; <; 2; 3; 2; 33; 33; 2
93; 93R; <; 3; 4; 2; 38; 38; 2
93; 93R; <; 4; 11; 2; 45; 45; 2
93; 93R; <; 5; 12; 2; 50; 50; 2
97; 97H; >; 1; 14; 2; 52; 52; 1
97; 97H; >; 2; 23; 2; 56; 56; 1
97; 97H; >; 3; 24; 2; 1; 1; 1
97; 97H; >; 4; 13; 2; 6; 6; 1
97; 97H; >; 1; 14; 2; 22; 22; 2
97; 97H; >; 2; 23; 2; 26; 26; 2
97; 97H; >; 3; 24; 2; 31; 31; 2
97; 97H; >; 4; 13; 2; 36; 36; 2
97; 97R; <; 1; 13; 2; 6; 6; 1
97; 97R; <; 2; 24; 2; 11; 11; 1
97; 97R; <; 3; 23; 2; 16; 16; 1
97; 97R; <; 4; 14; 2; 21; 21; 1
97; 97R; <; 1; 13; 2; 36; 36; 2
97; 97R; <; 2; 24; 2; 41; 41; 2
97; 97R; <; 3; 23; 2; 46; 46; 2
97; 97R; <; 4; 14; 2; 50; 50; 2
104; 104H; >; 1; 21; 2; 0; 0; 1
104; 104H; >; 2; 22; 2; 5; 5; 1
104; 104H; >; 3; 23; 2; 10; 10; 1
104; 104H; >; 1; 21; 2; 30; 30; 2
104; 104H; >; 2; 22; 2; 35; 35; 2
104; 104H; >; 3; 23; 2; 40; 40; 2
104; 104R; <; 1; 23; 2; 10; 10; 1
104; 104R; <; 2; 22; 2; 15; 15; 1
104; 104R; <; 3; 21; 2; 20; 20; 1
104; 104R; <; 1; 23; 2; 40; 40; 2
104; 104R; <; 2; 22; 2; 45; 45; 2
104; 104R; <; 3; 21; 2; 50; 50; 2
124; 124H; >; 1; 12; 2; 0; 0; 1
124; 124H; >; 2; 11; 2; 5; 5; 1
124; 124H; >; 3; 10; 2; 10; 10; 1
124; 124H; >; 4; 16; 2; 16; 16; 1
124; 124H; >; 5; 18; 2; 22; 22; 1
124; 124H; >; 1; 12; 2; 30; 30; 2
124; 124H; >; 2; 11; 2; 35; 35; 2
124; 124H; >; 3; 10; 2; 40; 40; 2
124; 124H; >; 4; 16; 2; 46; 46; 2
124; 124H; >; 5; 18; 2; 54; 54; 2
124; 124R; <; 1; 18; 2; 58; 58; 1
124; 124R; <; 2; 16; 2; 4; 4; 1
124; 124R; <; 3; 10; 2; 10; 10; 1
124; 124R; <; 4; 11; 2; 15; 15; 1
124; 124R; <; 5; 12; 2; 20; 20; 1
124; 124R; <; 1; 18; 2; 28; 28; 2
124; 124R; <; 2; 16; 2; 34; 34; 2
124; 124R; <; 3; 10; 2; 40; 40; 2
124; 124R; <; 4; 11; 2; 45; 45; 2
124; 124R; <; 5; 12; 2; 50; 50; 2
125; 125H; >; 1; 9; 2; 20; 20; 1
125; 125H; >; 2; 8; 2; 28; 31; 1
125; 125H; >; 3; 7; 2; 39; 39; 1
125; 125H; >; 1; 9; 2; 50; 50; 2
125; 125H; >; 2; 8; 2; 58; 1; 2
125; 125H; >; 3; 7; 2; 9; 9; 2
125; 125R; <; 1; 7; 2; 8; 8; 1
125; 125R; <; 2; 8; 2; 14; 14; 1
125; 125R; <; 3; 9; 2; 20; 20; 1
125; 125R; <; 1; 7; 2; 38; 38; 2
125; 125R; <; 2; 8; 2; 44; 44; 2
125; 125R; <; 3; 9; 2; 50; 50; 2
126; 126H; >; 1; 12; 4; 29; 29; 1
126; 126H; >; 2; 11; 4; 34; 34; 1
126; 126H; >; 3; 10; 4; 39; 39; 1
126; 126H; >; 4; 17; 4; 46; 46; 1
126; 126H; >; 1; 12; 4; 44; 44; 2
126; 126H; >; 2; 11; 4; 49; 49; 2
126; 126H; >; 3; 10; 4; 54; 54; 2
126; 126H; >; 4; 17; 4; 1; 1; 2
126; 126H; >; 1; 12; 4; 59; 59; 3
126; 126H; >; 2; 11; 4; 4; 4; 3
126; 126H; >; 3; 10; 4; 9; 9; 3
126; 126H; >; 4; 17; 4; 16; 16; 3
126; 126H; >; 1; 12; 4; 14; 14; 4
126; 126H; >; 2; 11; 4; 19; 19; 4
126; 126H; >; 3; 10; 4; 24; 24; 4
126; 126H; >; 4; 17; 4; 33; 33; 4
126; 126R; <; 1; 17; 4; 48; 48; 1
126; 126R; <; 2; 10; 4; 55; 55; 1
126; 126R; <; 3; 11; 4; 0; 0; 1
126; 126R; <; 4; 12; 4; 5; 5; 1
126; 126R; <; 1; 17; 4; 3; 3; 2
126; 126R; <; 2; 10; 4; 10; 10; 2
126; 126R; <; 3; 11; 4; 15; 15; 2
126; 126R; <; 4; 12; 4; 20; 20; 2
126; 126R; <; 1; 17; 4; 18; 18; 3
126; 126R; <; 2; 10; 4; 25; 25; 3
126; 126R; <; 3; 11; 4; 30; 30; 3
126; 126R; <; 4; 12; 4; 35; 35; 3
126; 126R; <; 1; 17; 4; 33; 33; 4
126; 126R; <; 2; 10; 4; 40; 40; 4
126; 126R; <; 3; 11; 4; 45; 45; 4
126; 126R; <; 4; 12; 4; 50; 50; 4
131; 131H; >; 1; 4; 2; 0; 0; 1
131; 131H; >; 2; 11; 2; 7; 7; 1
131; 131H; >; 3; 14; 2; 15; 15; 1
131; 131H; >; 4; 23; 2; 19; 19; 1
131; 131H; >; 5; 24; 2; 24; 24; 1
131; 131H; >; 1; 4; 2; 30; 30; 2
131; 131H; >; 2; 11; 2; 37; 37; 2
131; 131H; >; 3; 14; 2; 45; 45; 2
131; 131H; >; 4; 23; 2; 49; 49; 2
131; 131H; >; 5; 24; 2; 54; 54; 2
131; 131R; <; 1; 24; 2; 56; 56; 1
131; 131R; <; 2; 23; 2; 1; 1; 1
131; 131R; <; 3; 14; 2; 5; 5; 1
131; 131R; <; 4; 11; 2; 13; 13; 1
131; 131R; <; 5; 4; 2; 20; 20; 1
131; 131R; <; 1; 24; 2; 26; 26; 2
131; 131R; <; 2; 23; 2; 31; 31; 2
131; 131R; <; 3; 14; 2; 35; 35; 2
131; 131R; <; 4; 11; 2; 43; 43; 2
131; 131R; <; 5; 4; 2; 50; 50; 2
132; 132H; >; 1; 5; 2; 0; 0; 1
132; 132H; >; 2; 9; 2; 4; 4; 1
132; 132H; >; 3; 10; 2; 8; 8; 1
132; 132H; >; 4; 15; 2; 16; 16; 1
132; 132H; >; 5; 22; 2; 20; 20; 1
132; 132H; >; 6; 21; 2; 25; 25; 1
132; 132H; >; 1; 5; 2; 30; 30; 2
132; 132H; >; 2; 9; 2; 34; 34; 2
132; 132H; >; 3; 10; 2; 38; 38; 2
132; 132H; >; 4; 15; 2; 46; 46; 2
132; 132H; >; 5; 22; 2; 50; 50; 2
132; 132H; >; 6; 21; 2; 55; 55; 2
132; 132R; <; 1; 21; 2; 55; 55; 1
132; 132R; <; 2; 22; 2; 0; 0; 1
132; 132R; <; 3; 15; 2; 4; 4; 1
132; 132R; <; 4; 10; 2; 12; 12; 1
132; 132R; <; 5; 9; 2; 16; 16; 1
132; 132R; <; 6; 5; 2; 20; 20; 1
132; 132R; <; 1; 21; 2; 25; 25; 2
132; 132R; <; 2; 22; 2; 30; 30; 2
132; 132R; <; 3; 15; 2; 34; 34; 2
132; 132R; <; 4; 10; 2; 42; 42; 2
132; 132R; <; 5; 9; 2; 46; 46; 2
132; 132R; <; 6; 5; 2; 50; 50; 2
133; 133H; >; 1; 2; 2; 0; 0; 1
133; 133H; >; 2; 6; 2; 4; 4; 1
133; 133H; >; 3; 8; 2; 8; 8; 1
133; 133H; >; 4; 16; 2; 12; 12; 1
133; 133H; >; 5; 17; 2; 16; 16; 1
133; 133H; >; 6; 19; 2; 20; 20; 1
133; 133H; >; 7; 20; 2; 28; 28; 1
133; 133H; >; 1; 2; 2; 30; 30; 2
133; 133H; >; 2; 6; 2; 34; 34; 2
133; 133H; >; 3; 8; 2; 38; 38; 2
133; 133H; >; 4; 16; 2; 42; 42; 2
133; 133H; >; 5; 17; 2; 46; 46; 2
133; 133H; >; 6; 19; 2; 50; 50; 2
133; 133H; >; 7; 20; 2; 58; 58; 2
133; 133R; <; 1; 20; 2; 52; 52; 1
133; 133R; <; 2; 19; 2; 0; 0; 1
133; 133R; <; 3; 17; 2; 4; 4; 1
133; 133R; <; 4; 16; 2; 8; 8; 1
133; 133R; <; 5; 8; 2; 12; 12; 1
133; 133R; <; 6; 6; 2; 16; 16; 1
133; 133R; <; 7; 2; 2; 20; 20; 1
133; 133R; <; 1; 20; 2; 22; 22; 2
133; 133R; <; 2; 19; 2; 30; 30; 2
133; 133R; <; 3; 17; 2; 34; 34; 2
133; 133R; <; 4; 16; 2; 38; 38; 2
133; 133R; <; 5; 8; 2; 42; 42; 2
133; 133R; <; 6; 6; 2; 46; 46; 2
133; 133R; <; 7; 2; 2; 50; 50; 2
