#timetable found by modulo network simplex algorithm
#Thu Dec 20 14:32:08 2018
1; 0
2; 4
3; 4
4; 11
5; 11
6; 16
7; 16
8; 24
9; 24
10; 28
11; 28
12; 33
13; 30
14; 34
15; 34
16; 41
17; 41
18; 46
19; 46
20; 54
21; 54
22; 58
23; 58
24; 3
25; 47
26; 52
27; 52
28; 56
29; 56
30; 4
31; 4
32; 9
33; 9
34; 16
35; 16
36; 21
37; 17
38; 22
39; 22
40; 26
41; 26
42; 34
43; 34
44; 39
45; 39
46; 46
47; 46
48; 50
49; 6
50; 10
51; 10
52; 17
53; 17
54; 22
55; 22
56; 27
57; 27
58; 34
59; 34
60; 38
61; 36
62; 40
63; 40
64; 47
65; 47
66; 52
67; 52
68; 57
69; 57
70; 4
71; 4
72; 8
73; 54
74; 58
75; 58
76; 5
77; 5
78; 10
79; 10
80; 15
81; 15
82; 22
83; 22
84; 26
85; 24
86; 28
87; 28
88; 35
89; 35
90; 40
91; 40
92; 45
93; 45
94; 52
95; 52
96; 57
97; 0
98; 16
99; 16
100; 20
101; 20
102; 24
103; 24
104; 30
105; 30
106; 34
107; 34
108; 56
109; 30
110; 46
111; 46
112; 50
113; 50
114; 54
115; 54
116; 60
117; 60
118; 4
119; 4
120; 21
121; 29
122; 46
123; 46
124; 50
125; 50
126; 56
127; 56
128; 0
129; 0
130; 4
131; 4
132; 20
133; 59
134; 16
135; 16
136; 20
137; 20
138; 26
139; 26
140; 30
141; 30
142; 34
143; 34
144; 50
145; 0
146; 7
147; 10
148; 16
149; 16
150; 32
151; 35
152; 42
153; 45
154; 54
155; 30
156; 37
157; 40
158; 46
159; 46
160; 5
161; 5
162; 12
163; 15
164; 24
165; 34
166; 43
167; 46
168; 51
169; 51
170; 7
171; 10
172; 15
173; 15
174; 20
175; 4
176; 13
177; 16
178; 21
179; 21
180; 40
181; 40
182; 45
183; 45
184; 50
185; 0
186; 5
187; 5
188; 13
189; 13
190; 19
191; 19
192; 23
193; 23
194; 31
195; 30
196; 35
197; 35
198; 43
199; 43
200; 49
201; 49
202; 53
203; 53
204; 59
205; 51
206; 57
207; 57
208; 1
209; 1
210; 7
211; 7
212; 15
213; 15
214; 20
215; 21
216; 27
217; 27
218; 31
219; 31
220; 37
221; 37
222; 45
223; 45
224; 50
225; 0
226; 4
227; 4
228; 12
229; 12
230; 16
231; 16
232; 21
233; 21
234; 26
235; 30
236; 34
237; 34
238; 42
239; 42
240; 46
241; 46
242; 51
243; 51
244; 58
245; 54
246; 59
247; 59
248; 4
249; 4
250; 8
251; 8
252; 16
253; 16
254; 20
255; 24
256; 29
257; 29
258; 34
259; 34
260; 38
261; 38
262; 46
263; 46
264; 50
265; 0
266; 4
267; 4
268; 10
269; 10
270; 27
271; 27
272; 33
273; 33
274; 38
275; 30
276; 34
277; 34
278; 40
279; 40
280; 57
281; 57
282; 3
283; 3
284; 10
285; 42
286; 47
287; 47
288; 53
289; 53
290; 10
291; 10
292; 16
293; 16
294; 20
295; 12
296; 17
297; 17
298; 23
299; 23
300; 40
301; 40
302; 46
303; 46
304; 50
305; 0
306; 4
307; 4
308; 10
309; 10
310; 15
311; 15
312; 23
313; 23
314; 27
315; 30
316; 34
317; 34
318; 40
319; 40
320; 45
321; 45
322; 53
323; 53
324; 57
325; 53
326; 57
327; 57
328; 5
329; 5
330; 10
331; 10
332; 16
333; 16
334; 20
335; 23
336; 27
337; 27
338; 35
339; 35
340; 40
341; 40
342; 46
343; 46
344; 50
345; 56
346; 0
347; 0
348; 6
349; 6
350; 11
351; 11
352; 16
353; 16
354; 32
355; 26
356; 30
357; 30
358; 36
359; 36
360; 41
361; 41
362; 46
363; 46
364; 2
365; 40
366; 56
367; 56
368; 1
369; 1
370; 6
371; 6
372; 12
373; 12
374; 16
375; 10
376; 26
377; 26
378; 31
379; 31
380; 36
381; 36
382; 42
383; 42
384; 47
385; 0
386; 4
387; 4
388; 21
389; 21
390; 29
391; 29
392; 34
393; 34
394; 38
395; 30
396; 34
397; 34
398; 51
399; 51
400; 59
401; 59
402; 4
403; 4
404; 9
405; 42
406; 46
407; 46
408; 51
409; 51
410; 59
411; 59
412; 16
413; 16
414; 20
415; 12
416; 16
417; 16
418; 21
419; 21
420; 29
421; 29
422; 46
423; 46
424; 50
425; 0
426; 5
427; 8
428; 30
429; 33
430; 39
431; 42
432; 49
433; 52
434; 59
435; 30
436; 35
437; 38
438; 60
439; 3
440; 11
441; 12
442; 19
443; 22
444; 29
445; 39
446; 44
447; 44
448; 49
449; 49
450; 55
451; 55
452; 12
453; 15
454; 20
455; 9
456; 14
457; 14
458; 19
459; 19
460; 25
461; 25
462; 42
463; 45
464; 50
465; 0
466; 6
467; 6
468; 12
469; 12
470; 16
471; 16
472; 21
473; 21
474; 26
475; 30
476; 36
477; 36
478; 42
479; 42
480; 46
481; 46
482; 51
483; 51
484; 56
485; 54
486; 59
487; 59
488; 4
489; 4
490; 8
491; 8
492; 14
493; 14
494; 20
495; 24
496; 29
497; 29
498; 34
499; 34
500; 38
501; 38
502; 44
503; 44
504; 50
505; 0
506; 7
507; 7
508; 12
509; 12
510; 20
511; 20
512; 24
513; 24
514; 29
515; 30
516; 37
517; 37
518; 42
519; 42
520; 50
521; 50
522; 54
523; 54
524; 59
525; 51
526; 56
527; 56
528; 0
529; 0
530; 8
531; 8
532; 13
533; 13
534; 20
535; 21
536; 26
537; 26
538; 30
539; 30
540; 38
541; 38
542; 43
543; 43
544; 50
545; 0
546; 5
547; 5
548; 12
549; 12
550; 17
551; 17
552; 23
553; 23
554; 29
555; 30
556; 35
557; 35
558; 42
559; 42
560; 47
561; 47
562; 53
563; 53
564; 59
565; 51
566; 57
567; 57
568; 3
569; 3
570; 8
571; 8
572; 15
573; 15
574; 20
575; 21
576; 27
577; 27
578; 33
579; 33
580; 38
581; 38
582; 45
583; 45
584; 50
585; 0
586; 5
587; 5
588; 10
589; 10
590; 14
591; 14
592; 20
593; 20
594; 28
595; 30
596; 35
597; 35
598; 40
599; 40
600; 44
601; 44
602; 50
603; 50
604; 56
605; 54
606; 0
607; 0
608; 6
609; 6
610; 10
611; 10
612; 15
613; 15
614; 22
615; 24
616; 30
617; 30
618; 36
619; 36
620; 40
621; 40
622; 45
623; 45
624; 50
625; 41
626; 46
627; 49
628; 54
629; 57
630; 1
631; 1
632; 5
633; 5
634; 10
635; 11
636; 16
637; 19
638; 24
639; 27
640; 31
641; 31
642; 35
643; 35
644; 39
645; 41
646; 45
647; 45
648; 49
649; 49
650; 53
651; 53
652; 57
653; 57
654; 1
655; 11
656; 15
657; 15
658; 19
659; 19
660; 23
661; 23
662; 27
663; 27
664; 31
665; 55
666; 59
667; 59
668; 3
669; 3
670; 9
671; 9
672; 13
673; 13
674; 21
675; 25
676; 29
677; 29
678; 33
679; 33
680; 39
681; 39
682; 43
683; 43
684; 51
685; 1
686; 9
687; 9
688; 13
689; 13
690; 19
691; 19
692; 23
693; 23
694; 27
695; 31
696; 39
697; 39
698; 43
699; 43
700; 49
701; 49
702; 53
703; 53
704; 58
705; 0
706; 4
707; 4
708; 11
709; 11
710; 16
711; 16
712; 24
713; 24
714; 29
715; 30
716; 34
717; 34
718; 41
719; 41
720; 46
721; 46
722; 54
723; 54
724; 59
725; 51
726; 56
727; 56
728; 4
729; 4
730; 9
731; 9
732; 16
733; 16
734; 20
735; 21
736; 26
737; 26
738; 34
739; 34
740; 39
741; 39
742; 46
743; 46
744; 50
745; 19
746; 23
747; 23
748; 31
749; 31
750; 37
751; 37
752; 42
753; 49
754; 53
755; 53
756; 1
757; 1
758; 7
759; 7
760; 14
761; 22
762; 27
763; 27
764; 33
765; 33
766; 41
767; 41
768; 45
769; 52
770; 57
771; 57
772; 3
773; 3
774; 11
775; 11
776; 15
777; 14
778; 18
779; 18
780; 24
781; 24
782; 28
783; 28
784; 33
785; 44
786; 48
787; 48
788; 54
789; 54
790; 58
791; 58
792; 5
793; 13
794; 18
795; 18
796; 22
797; 22
798; 28
799; 30
800; 35
801; 43
802; 48
803; 48
804; 52
805; 52
806; 58
807; 0
808; 4
809; 0
810; 5
811; 5
812; 13
813; 13
814; 19
815; 19
816; 25
817; 30
818; 35
819; 35
820; 43
821; 43
822; 49
823; 49
824; 57
825; 55
826; 1
827; 1
828; 7
829; 7
830; 15
831; 15
832; 22
833; 25
834; 31
835; 31
836; 37
837; 37
838; 45
839; 45
840; 50
841; 0
842; 8
843; 8
844; 13
845; 13
846; 17
847; 17
848; 22
849; 30
850; 38
851; 38
852; 43
853; 43
854; 47
855; 47
856; 52
857; 58
858; 3
859; 3
860; 7
861; 7
862; 12
863; 12
864; 20
865; 28
866; 33
867; 33
868; 37
869; 37
870; 42
871; 42
872; 50
873; 0
874; 5
875; 5
876; 10
877; 10
878; 17
879; 17
880; 21
881; 30
882; 35
883; 35
884; 40
885; 40
886; 45
887; 47
888; 52
889; 1
890; 5
891; 5
892; 10
893; 10
894; 15
895; 15
896; 20
897; 31
898; 35
899; 35
900; 40
901; 40
902; 45
903; 45
904; 50
905; 16
906; 21
907; 21
908; 26
909; 26
910; 32
911; 32
912; 40
913; 46
914; 51
915; 51
916; 56
917; 56
918; 2
919; 2
920; 12
921; 7
922; 15
923; 15
924; 21
925; 21
926; 26
927; 29
928; 36
929; 37
930; 45
931; 45
932; 51
933; 51
934; 58
935; 59
936; 6
937; 44
938; 50
939; 50
940; 54
941; 54
942; 58
943; 58
944; 2
945; 14
946; 20
947; 20
948; 24
949; 24
950; 28
951; 28
952; 32
953; 2
954; 6
955; 6
956; 10
957; 10
958; 14
959; 14
960; 22
961; 32
962; 36
963; 36
964; 40
965; 40
966; 44
967; 44
968; 50
969; 0
970; 4
971; 4
972; 12
973; 12
974; 16
975; 16
976; 21
977; 30
978; 34
979; 34
980; 42
981; 42
982; 46
983; 46
984; 53
985; 59
986; 4
987; 4
988; 8
989; 8
990; 16
991; 16
992; 20
993; 29
994; 34
995; 34
996; 38
997; 38
998; 46
999; 46
1000; 50
1001; 0
1002; 4
1003; 4
1004; 9
1005; 9
1006; 14
1007; 14
1008; 30
1009; 30
1010; 34
1011; 34
1012; 39
1013; 39
1014; 44
1015; 44
1016; 4
1017; 50
1018; 6
1019; 6
1020; 11
1021; 11
1022; 16
1023; 16
1024; 20
1025; 20
1026; 36
1027; 36
1028; 41
1029; 41
1030; 46
1031; 46
1032; 50
1033; 36
1034; 40
1035; 40
1036; 46
1037; 46
1038; 54
1039; 54
1040; 58
1041; 6
1042; 10
1043; 10
1044; 16
1045; 16
1046; 24
1047; 24
1048; 28
1049; 58
1050; 2
1051; 2
1052; 10
1053; 10
1054; 16
1055; 16
1056; 20
1057; 28
1058; 32
1059; 32
1060; 40
1061; 40
1062; 46
1063; 46
1064; 50
1065; 0
1066; 6
1067; 6
1068; 10
1069; 10
1070; 16
1071; 16
1072; 20
1073; 30
1074; 36
1075; 36
1076; 40
1077; 40
1078; 46
1079; 46
1080; 51
1081; 0
1082; 4
1083; 4
1084; 10
1085; 10
1086; 14
1087; 14
1088; 20
1089; 30
1090; 34
1091; 34
1092; 40
1093; 40
1094; 44
1095; 44
1096; 50
1097; 0
1098; 5
1099; 5
1100; 12
1101; 12
1102; 20
1103; 20
1104; 24
1105; 30
1106; 35
1107; 35
1108; 42
1109; 42
1110; 50
1111; 50
1112; 55
1113; 56
1114; 0
1115; 0
1116; 8
1117; 8
1118; 15
1119; 15
1120; 22
1121; 26
1122; 30
1123; 30
1124; 38
1125; 38
1126; 45
1127; 45
1128; 50
1129; 52
1130; 57
1131; 57
1132; 4
1133; 4
1134; 9
1135; 9
1136; 16
1137; 22
1138; 27
1139; 27
1140; 34
1141; 34
1142; 39
1143; 39
1144; 48
1145; 48
1146; 55
1147; 55
1148; 0
1149; 0
1150; 7
1151; 10
1152; 17
1153; 18
1154; 25
1155; 25
1156; 30
1157; 30
1158; 37
1159; 40
1160; 47
1161; 0
1162; 16
1163; 16
1164; 20
1165; 20
1166; 24
1167; 24
1168; 28
1169; 30
1170; 46
1171; 46
1172; 50
1173; 50
1174; 54
1175; 54
1176; 59
1177; 52
1178; 56
1179; 56
1180; 0
1181; 0
1182; 4
1183; 4
1184; 20
1185; 22
1186; 26
1187; 26
1188; 30
1189; 30
1190; 34
1191; 34
1192; 50
1193; 50
1194; 55
1195; 55
1196; 1
1197; 1
1198; 5
1199; 20
1200; 25
1201; 25
1202; 31
1203; 31
1204; 35
1205; 5
1206; 9
1207; 9
1208; 15
1209; 15
1210; 20
1211; 35
1212; 39
1213; 39
1214; 45
1215; 45
1216; 50
1217; 9
1218; 14
1219; 17
1220; 26
1221; 29
1222; 34
1223; 39
1224; 44
1225; 47
1226; 56
1227; 59
1228; 4
1229; 14
1230; 18
1231; 18
1232; 25
1233; 25
1234; 29
1235; 44
1236; 48
1237; 48
1238; 55
1239; 55
1240; 59
1241; 52
1242; 58
1243; 58
1244; 2
1245; 2
1246; 6
1247; 22
1248; 28
1249; 28
1250; 32
1251; 32
1252; 36
1253; 6
1254; 10
1255; 10
1256; 14
1257; 14
1258; 22
1259; 36
1260; 40
1261; 40
1262; 44
1263; 44
1264; 50
1265; 50
1266; 55
1267; 55
1268; 1
1269; 1
1270; 5
1271; 20
1272; 25
1273; 25
1274; 31
1275; 31
1276; 35
1277; 5
1278; 9
1279; 9
1280; 15
1281; 15
1282; 20
1283; 35
1284; 39
1285; 39
1286; 45
1287; 45
1288; 50
1289; 48
1290; 53
1291; 53
1292; 58
1293; 58
1294; 4
1295; 18
1296; 23
1297; 23
1298; 28
1299; 28
1300; 34
1301; 4
1302; 10
1303; 10
1304; 15
1305; 15
1306; 22
1307; 34
1308; 40
1309; 40
1310; 45
1311; 45
1312; 50
1313; 0
1314; 5
1315; 5
1316; 10
1317; 10
1318; 26
1319; 26
1320; 33
1321; 33
1322; 38
1323; 38
1324; 43
1325; 43
1326; 49
1327; 49
1328; 53
1329; 30
1330; 35
1331; 35
1332; 40
1333; 40
1334; 56
1335; 56
1336; 3
1337; 3
1338; 8
1339; 8
1340; 13
1341; 13
1342; 19
1343; 19
1344; 23
1345; 27
1346; 31
1347; 31
1348; 37
1349; 37
1350; 42
1351; 42
1352; 47
1353; 47
1354; 54
1355; 54
1356; 10
1357; 10
1358; 15
1359; 15
1360; 20
1361; 57
1362; 1
1363; 1
1364; 7
1365; 7
1366; 12
1367; 12
1368; 17
1369; 17
1370; 24
1371; 24
1372; 40
1373; 40
1374; 45
1375; 45
1376; 50
1377; 4
1378; 12
1379; 15
1380; 19
1381; 19
1382; 25
1383; 25
1384; 29
1385; 29
1386; 33
1387; 36
1388; 44
1389; 47
1390; 52
1391; 34
1392; 44
1393; 45
1394; 49
1395; 49
1396; 55
1397; 55
1398; 59
1399; 59
1400; 4
1401; 6
1402; 14
1403; 17
1404; 22
1405; 32
1406; 36
1407; 36
1408; 42
1409; 42
1410; 46
1411; 49
1412; 53
1413; 56
1414; 4
1415; 7
1416; 12
1417; 14
1418; 24
1419; 2
1420; 6
1421; 6
1422; 12
1423; 12
1424; 17
1425; 19
1426; 23
1427; 26
1428; 34
1429; 37
1430; 41
1431; 44
1432; 54
1433; 0
1434; 4
1435; 4
1436; 12
1437; 12
1438; 19
1439; 19
1440; 24
1441; 24
1442; 30
1443; 30
1444; 34
1445; 30
1446; 34
1447; 34
1448; 42
1449; 42
1450; 49
1451; 49
1452; 54
1453; 54
1454; 60
1455; 60
1456; 5
1457; 46
1458; 50
1459; 50
1460; 56
1461; 56
1462; 1
1463; 1
1464; 8
1465; 8
1466; 16
1467; 16
1468; 20
1469; 16
1470; 20
1471; 20
1472; 26
1473; 26
1474; 31
1475; 31
1476; 38
1477; 38
1478; 46
1479; 46
1480; 50
1481; 18
1482; 25
1483; 25
1484; 29
1485; 29
1486; 33
1487; 33
1488; 38
1489; 38
1490; 43
1491; 43
1492; 47
1493; 48
1494; 55
1495; 55
1496; 59
1497; 59
1498; 3
1499; 3
1500; 8
1501; 8
1502; 13
1503; 13
1504; 18
1505; 27
1506; 31
1507; 31
1508; 36
1509; 36
1510; 41
1511; 41
1512; 45
1513; 45
1514; 49
1515; 49
1516; 58
1517; 57
1518; 1
1519; 1
1520; 6
1521; 6
1522; 11
1523; 11
1524; 15
1525; 15
1526; 19
1527; 19
1528; 26
1529; 8
1530; 12
1531; 12
1532; 18
1533; 18
1534; 22
1535; 22
1536; 28
1537; 28
1538; 32
1539; 32
1540; 37
1541; 38
1542; 42
1543; 42
1544; 48
1545; 48
1546; 52
1547; 52
1548; 58
1549; 58
1550; 2
1551; 2
1552; 6
1553; 16
1554; 21
1555; 24
1556; 28
1557; 28
1558; 34
1559; 34
1560; 38
1561; 38
1562; 44
1563; 44
1564; 49
1565; 46
1566; 51
1567; 54
1568; 58
1569; 58
1570; 4
1571; 4
1572; 8
1573; 8
1574; 14
1575; 14
1576; 18
1577; 0
1578; 4
1579; 4
1580; 8
1581; 8
1582; 16
1583; 17
1584; 21
1585; 21
1586; 25
1587; 25
1588; 30
1589; 30
1590; 34
1591; 34
1592; 38
1593; 38
1594; 44
1595; 47
1596; 51
1597; 51
1598; 55
1599; 55
1600; 59
1601; 54
1602; 58
1603; 58
1604; 2
1605; 2
1606; 6
1607; 6
1608; 12
1609; 12
1610; 16
1611; 16
1612; 21
1613; 24
1614; 28
1615; 28
1616; 32
1617; 32
1618; 36
1619; 36
1620; 42
1621; 42
1622; 46
1623; 46
1624; 50
1625; 0
1626; 5
1627; 5
1628; 10
1629; 10
1630; 26
1631; 26
1632; 33
1633; 33
1634; 38
1635; 30
1636; 35
1637; 35
1638; 40
1639; 40
1640; 56
1641; 56
1642; 3
1643; 3
1644; 7
1645; 43
1646; 47
1647; 47
1648; 54
1649; 54
1650; 10
1651; 10
1652; 15
1653; 15
1654; 20
1655; 13
1656; 17
1657; 17
1658; 24
1659; 24
1660; 40
1661; 40
1662; 45
1663; 45
1664; 50
1665; 0
1666; 4
1667; 4
1668; 14
1669; 15
1670; 22
1671; 22
1672; 27
1673; 27
1674; 31
1675; 30
1676; 34
1677; 34
1678; 42
1679; 45
1680; 52
1681; 52
1682; 57
1683; 57
1684; 1
1685; 52
1686; 56
1687; 56
1688; 1
1689; 1
1690; 8
1691; 8
1692; 16
1693; 16
1694; 21
1695; 22
1696; 26
1697; 26
1698; 31
1699; 31
1700; 38
1701; 38
1702; 46
1703; 46
1704; 50
1705; 0
1706; 5
1707; 8
1708; 16
1709; 19
1710; 23
1711; 23
1712; 28
1713; 30
1714; 35
1715; 30
1716; 35
1717; 38
1718; 46
1719; 49
1720; 53
1721; 53
1722; 57
1723; 60
1724; 5
1725; 58
1726; 2
1727; 2
1728; 6
1729; 6
1730; 10
1731; 10
1732; 16
1733; 16
1734; 21
1735; 28
1736; 32
1737; 32
1738; 36
1739; 36
1740; 40
1741; 40
1742; 46
1743; 46
1744; 50
1745; 0
1746; 8
1747; 8
1748; 13
1749; 13
1750; 17
1751; 20
1752; 25
1753; 30
1754; 38
1755; 38
1756; 43
1757; 43
1758; 47
1759; 50
1760; 55
1761; 59
1762; 3
1763; 3
1764; 7
1765; 7
1766; 12
1767; 12
1768; 22
1769; 29
1770; 33
1771; 33
1772; 37
1773; 37
1774; 42
1775; 42
1776; 50
1777; 0
1778; 5
1779; 5
1780; 14
1781; 15
1782; 22
1783; 25
1784; 30
1785; 30
1786; 35
1787; 35
1788; 42
1789; 45
1790; 52
1791; 55
1792; 60
1793; 59
1794; 3
1795; 3
1796; 8
1797; 8
1798; 15
1799; 15
1800; 22
1801; 29
1802; 33
1803; 33
1804; 38
1805; 38
1806; 45
1807; 45
1808; 50
1809; 52
1810; 56
1811; 56
1812; 1
1813; 1
1814; 6
1815; 22
1816; 26
1817; 26
1818; 31
1819; 31
1820; 36
1821; 6
1822; 11
1823; 11
1824; 16
1825; 16
1826; 21
1827; 36
1828; 41
1829; 41
1830; 46
1831; 46
1832; 50
1833; 0
1834; 5
1835; 5
1836; 10
1837; 30
1838; 35
1839; 35
1840; 40
1841; 10
1842; 15
1843; 15
1844; 20
1845; 40
1846; 45
1847; 45
1848; 50
1849; 0
1850; 5
1851; 5
1852; 10
1853; 10
1854; 16
1855; 16
1856; 22
1857; 30
1858; 35
1859; 35
1860; 40
1861; 40
1862; 46
1863; 46
1864; 54
1865; 58
1866; 4
1867; 4
1868; 10
1869; 10
1870; 15
1871; 15
1872; 20
1873; 28
1874; 34
1875; 34
1876; 40
1877; 40
1878; 45
1879; 45
1880; 50
1881; 20
1882; 28
1883; 31
1884; 39
1885; 50
1886; 58
1887; 1
1888; 9
1889; 8
1890; 14
1891; 14
1892; 20
1893; 38
1894; 44
1895; 44
1896; 50
1897; 29
1898; 34
1899; 34
1900; 39
1901; 39
1902; 46
1903; 44
1904; 49
1905; 49
1906; 54
1907; 54
1908; 1
1909; 59
1910; 4
1911; 4
1912; 9
1913; 9
1914; 16
1915; 14
1916; 19
1917; 19
1918; 24
1919; 24
1920; 33
1921; 48
1922; 55
1923; 55
1924; 0
1925; 0
1926; 5
1927; 3
1928; 10
1929; 10
1930; 15
1931; 15
1932; 20
1933; 18
1934; 25
1935; 25
1936; 30
1937; 30
1938; 35
1939; 33
1940; 40
1941; 40
1942; 45
1943; 45
1944; 50
1945; 0
1946; 7
1947; 7
1948; 15
1949; 15
1950; 19
1951; 19
1952; 24
1953; 30
1954; 37
1955; 37
1956; 45
1957; 45
1958; 49
1959; 49
1960; 54
1961; 56
1962; 1
1963; 1
1964; 5
1965; 5
1966; 13
1967; 13
1968; 20
1969; 26
1970; 31
1971; 31
1972; 35
1973; 35
1974; 43
1975; 43
1976; 50
1977; 0
1978; 4
1979; 4
1980; 8
1981; 8
1982; 16
1983; 16
1984; 20
1985; 20
1986; 25
1987; 30
1988; 34
1989; 34
1990; 38
1991; 38
1992; 46
1993; 46
1994; 50
1995; 50
1996; 55
1997; 55
1998; 0
1999; 0
2000; 4
2001; 4
2002; 12
2003; 12
2004; 16
2005; 16
2006; 20
2007; 25
2008; 30
2009; 30
2010; 34
2011; 34
2012; 42
2013; 42
2014; 46
2015; 46
2016; 50
2017; 0
2018; 4
2019; 4
2020; 8
2021; 8
2022; 12
2023; 12
2024; 16
2025; 16
2026; 20
2027; 20
2028; 28
2029; 30
2030; 34
2031; 34
2032; 38
2033; 38
2034; 42
2035; 42
2036; 46
2037; 46
2038; 50
2039; 50
2040; 58
2041; 52
2042; 0
2043; 0
2044; 4
2045; 4
2046; 8
2047; 8
2048; 12
2049; 12
2050; 16
2051; 16
2052; 20
2053; 22
2054; 30
2055; 30
2056; 34
2057; 34
2058; 38
2059; 38
2060; 42
2061; 42
2062; 46
2063; 46
2064; 50
