#line-id;line-code;direction;edge-order;edge-id;frequency;departure_time;arrival_time
1;1H;>;1;1;5;0;0
1;1H;>;2;2;5;6;6
1;1H;>;3;3;5;12;12
1;1H;>;4;4;5;18;18
1;1H;>;5;5;5;24;24
1;1R;<;1;5;5;3;3
1;1R;<;2;4;5;9;9
1;1R;<;3;3;5;15;15
1;1R;<;4;2;5;21;21
1;1R;<;5;1;5;27;27
2;2H;>;1;6;3;9;9
2;2H;>;2;7;3;15;15
2;2H;>;3;8;3;21;21
2;2H;>;4;9;3;27;27
2;2H;>;5;10;3;33;33
2;2R;<;1;10;3;9;9
2;2R;<;2;9;3;15;15
2;2R;<;3;8;3;21;21
2;2R;<;4;7;3;27;27
2;2R;<;5;6;3;33;33
3;3H;>;1;11;3;0;0
3;3H;>;2;12;3;6;6
3;3H;>;3;13;3;12;13
3;3H;>;4;14;3;19;19
3;3H;>;5;15;3;25;25
3;3R;<;1;15;3;15;15
3;3R;<;2;14;3;21;21
3;3R;<;3;13;3;27;27
3;3R;<;4;12;3;33;33
3;3R;<;5;11;3;39;39
4;4H;>;1;16;3;6;6
4;4H;>;2;17;3;12;12
4;4H;>;3;18;3;18;18
4;4H;>;4;19;3;24;24
4;4H;>;5;20;3;30;30
4;4R;<;1;20;3;11;11
4;4R;<;2;19;3;17;17
4;4R;<;3;18;3;23;23
4;4R;<;4;17;3;29;29
4;4R;<;5;16;3;35;35
5;5H;>;1;21;3;3;3
5;5H;>;2;22;3;9;9
5;5H;>;3;23;3;15;15
5;5H;>;4;24;3;21;21
5;5H;>;5;25;3;27;27
5;5R;<;1;25;3;19;19
5;5R;<;2;24;3;25;25
5;5R;<;3;23;3;31;31
5;5R;<;4;22;3;37;37
5;5R;<;5;21;3;43;43
8;8H;>;1;3;11;3;3
8;8H;>;2;8;11;9;9
8;8H;>;3;13;11;15;15
8;8H;>;4;18;11;21;21
8;8H;>;5;23;11;27;27
8;8R;<;1;23;11;4;4
8;8R;<;2;18;11;10;11
8;8R;<;3;13;11;19;20
8;8R;<;4;8;11;26;26
8;8R;<;5;3;11;32;32
