#event-id; time
1; 0
2; 3
3; 3
4; 27
5; 27
6; 29
7; 29
8; 31
9; 31
10; 33
11; 33
12; 37
13; 37
14; 40
15; 40
16; 44
17; 44
18; 48
19; 48
20; 52
21; 0
22; 4
23; 4
24; 8
25; 8
26; 12
27; 12
28; 15
29; 15
30; 19
31; 19
32; 21
33; 21
34; 23
35; 23
36; 25
37; 25
38; 49
39; 49
40; 52
41; 0
42; 6
43; 6
44; 12
45; 12
46; 27
47; 27
48; 37
49; 37
50; 48
51; 48
52; 50
53; 50
54; 52
55; 52
56; 56
57; 0
58; 4
59; 4
60; 6
61; 6
62; 8
63; 8
64; 19
65; 19
66; 29
67; 29
68; 44
69; 44
70; 50
71; 50
72; 56
73; 50
74; 1
75; 1
76; 4
77; 4
78; 13
79; 13
80; 19
81; 19
82; 21
83; 21
84; 23
85; 23
86; 27
87; 27
88; 32
89; 0
90; 11
91; 11
92; 14
93; 14
94; 23
95; 23
96; 29
97; 29
98; 31
99; 31
100; 33
101; 33
102; 37
103; 37
104; 42
105; 10
106; 21
107; 21
108; 24
109; 24
110; 33
111; 33
112; 39
113; 39
114; 41
115; 41
116; 43
117; 43
118; 47
119; 47
120; 52
121; 20
122; 31
123; 31
124; 34
125; 34
126; 43
127; 43
128; 49
129; 49
130; 51
131; 51
132; 53
133; 53
134; 57
135; 57
136; 2
137; 30
138; 41
139; 41
140; 44
141; 44
142; 53
143; 53
144; 59
145; 59
146; 1
147; 1
148; 3
149; 3
150; 7
151; 7
152; 12
153; 40
154; 51
155; 51
156; 54
157; 54
158; 3
159; 3
160; 9
161; 9
162; 11
163; 11
164; 13
165; 13
166; 17
167; 17
168; 22
169; 0
170; 5
171; 5
172; 9
173; 9
174; 11
175; 11
176; 13
177; 13
178; 19
179; 19
180; 28
181; 28
182; 31
183; 31
184; 42
185; 10
186; 15
187; 15
188; 19
189; 19
190; 21
191; 21
192; 23
193; 23
194; 29
195; 29
196; 38
197; 38
198; 41
199; 41
200; 52
201; 20
202; 25
203; 25
204; 29
205; 29
206; 31
207; 31
208; 33
209; 33
210; 39
211; 39
212; 48
213; 48
214; 51
215; 51
216; 2
217; 30
218; 35
219; 35
220; 39
221; 39
222; 41
223; 41
224; 43
225; 43
226; 49
227; 49
228; 58
229; 58
230; 1
231; 1
232; 12
233; 40
234; 45
235; 45
236; 49
237; 49
238; 51
239; 51
240; 53
241; 53
242; 59
243; 59
244; 8
245; 8
246; 11
247; 11
248; 22
249; 50
250; 55
251; 55
252; 59
253; 59
254; 1
255; 1
256; 3
257; 3
258; 9
259; 9
260; 18
261; 18
262; 21
263; 21
264; 32
265; 20
266; 28
267; 28
268; 34
269; 34
270; 36
271; 36
272; 37
273; 37
274; 45
275; 45
276; 52
277; 52
278; 9
279; 3
280; 20
281; 20
282; 27
283; 27
284; 35
285; 35
286; 36
287; 36
288; 38
289; 38
290; 44
291; 44
292; 52
293; 31
294; 50
295; 50
296; 57
297; 57
298; 3
299; 3
300; 5
301; 5
302; 7
303; 7
304; 11
305; 51
306; 10
307; 10
308; 17
309; 17
310; 23
311; 23
312; 25
313; 25
314; 27
315; 27
316; 31
317; 11
318; 30
319; 30
320; 37
321; 37
322; 43
323; 43
324; 45
325; 45
326; 47
327; 47
328; 51
329; 1
330; 5
331; 5
332; 7
333; 7
334; 9
335; 9
336; 15
337; 15
338; 22
339; 22
340; 41
341; 21
342; 25
343; 25
344; 27
345; 27
346; 29
347; 29
348; 35
349; 35
350; 42
351; 42
352; 1
353; 41
354; 45
355; 45
356; 47
357; 47
358; 49
359; 49
360; 55
361; 55
362; 2
363; 2
364; 21
365; 19
366; 25
367; 25
368; 27
369; 27
370; 40
371; 40
372; 49
373; 49
374; 11
375; 11
376; 32
377; 20
378; 41
379; 41
380; 3
381; 3
382; 12
383; 12
384; 25
385; 25
386; 27
387; 27
388; 33
389; 0
390; 3
391; 3
392; 16
393; 16
394; 31
395; 31
396; 32
397; 32
398; 34
399; 34
400; 40
401; 0
402; 6
403; 6
404; 8
405; 8
406; 9
407; 9
408; 24
409; 24
410; 37
411; 37
412; 40
413; 0
414; 13
415; 13
416; 21
417; 21
418; 25
419; 25
420; 33
421; 33
422; 49
423; 0
424; 16
425; 16
426; 24
427; 24
428; 28
429; 28
430; 36
431; 36
432; 49
433; 7
434; 17
435; 17
436; 28
437; 28
438; 34
439; 34
440; 41
441; 41
442; 51
443; 31
444; 41
445; 41
446; 48
447; 48
448; 54
449; 54
450; 5
451; 5
452; 15
453; 0
454; 9
455; 9
456; 22
457; 22
458; 24
459; 24
460; 34
461; 34
462; 45
463; 0
464; 11
465; 11
466; 21
467; 21
468; 23
469; 23
470; 36
471; 36
472; 45
473; 0
474; 8
475; 8
476; 15
477; 15
478; 18
479; 18
480; 28
481; 28
482; 37
483; 0
484; 9
485; 9
486; 19
487; 19
488; 22
489; 22
490; 29
491; 29
492; 37
493; 0
494; 9
495; 9
496; 24
497; 24
498; 26
499; 26
500; 39
501; 39
502; 48
503; 0
504; 9
505; 9
506; 22
507; 22
508; 24
509; 24
510; 39
511; 39
512; 48
513; 36
514; 39
515; 39
516; 44
517; 44
518; 46
519; 46
520; 57
521; 57
522; 59
523; 0
524; 2
525; 2
526; 13
527; 13
528; 15
529; 15
530; 20
531; 20
532; 23
533; 0
534; 11
535; 11
536; 14
537; 14
538; 23
539; 23
540; 50
541; 50
542; 12
543; 0
544; 22
545; 22
546; 49
547; 49
548; 58
549; 58
550; 1
551; 1
552; 12
553; 0
554; 3
555; 3
556; 13
557; 13
558; 22
559; 22
560; 28
561; 28
562; 38
563; 0
564; 10
565; 10
566; 16
567; 16
568; 25
569; 25
570; 35
571; 35
572; 38
573; 0
574; 22
575; 22
576; 29
577; 29
578; 33
579; 33
580; 47
581; 0
582; 14
583; 14
584; 18
585; 18
586; 25
587; 25
588; 47
589; 0
590; 19
591; 19
592; 28
593; 28
594; 37
595; 37
596; 40
597; 0
598; 3
599; 3
600; 12
601; 12
602; 21
603; 21
604; 40
605; 37
606; 53
607; 53
608; 56
609; 56
610; 2
611; 2
612; 11
613; 31
614; 40
615; 40
616; 46
617; 46
618; 49
619; 49
620; 5
621; 0
622; 24
623; 24
624; 27
625; 27
626; 31
627; 31
628; 43
629; 0
630; 12
631; 12
632; 16
633; 16
634; 19
635; 19
636; 43
637; 0
638; 3
639; 3
640; 9
641; 9
642; 19
643; 19
644; 22
645; 0
646; 3
647; 3
648; 13
649; 13
650; 19
651; 19
652; 22
653; 0
654; 7
655; 7
656; 11
657; 11
658; 35
659; 35
660; 38
661; 0
662; 3
663; 3
664; 27
665; 27
666; 31
667; 31
668; 38
669; 15
670; 17
671; 17
672; 33
673; 33
674; 42
675; 42
676; 56
677; 26
678; 40
679; 40
680; 49
681; 49
682; 5
683; 5
684; 7
685; 0
686; 2
687; 2
688; 11
689; 11
690; 18
691; 18
692; 24
693; 0
694; 6
695; 6
696; 13
697; 13
698; 22
699; 22
700; 24
701; 0
702; 6
703; 6
704; 15
705; 15
706; 32
707; 32
708; 34
709; 0
710; 2
711; 2
712; 19
713; 19
714; 28
715; 28
716; 34
717; 0
718; 4
719; 4
720; 11
721; 11
722; 16
723; 0
724; 5
725; 5
726; 12
727; 12
728; 16
729; 7
730; 18
731; 18
732; 24
733; 24
734; 26
735; 46
736; 48
737; 48
738; 54
739; 54
740; 5
741; 41
742; 44
743; 44
744; 52
745; 52
746; 58
747; 4
748; 10
749; 10
750; 18
751; 18
752; 21
753; 0
754; 6
755; 6
756; 20
757; 20
758; 23
759; 20
760; 26
761; 26
762; 40
763; 40
764; 43
765; 40
766; 46
767; 46
768; 0
769; 0
770; 3
771; 0
772; 3
773; 3
774; 17
775; 17
776; 23
777; 20
778; 23
779; 23
780; 37
781; 37
782; 43
783; 40
784; 43
785; 43
786; 57
787; 57
788; 3
789; 0
790; 7
791; 7
792; 13
793; 0
794; 6
795; 6
796; 13
797; 0
798; 11
799; 11
800; 17
801; 0
802; 6
803; 6
804; 17
805; 47
806; 49
807; 49
808; 50
809; 50
810; 58
811; 58
812; 2
813; 2
814; 12
815; 12
816; 16
817; 16
818; 20
819; 20
820; 30
821; 30
822; 34
823; 34
824; 42
825; 42
826; 43
827; 43
828; 45
829; 22
830; 25
831; 25
832; 32
833; 32
834; 40
835; 40
836; 41
837; 41
838; 43
839; 43
840; 49
841; 49
842; 57
843; 57
844; 0
845; 0
846; 5
847; 47
848; 52
849; 52
850; 55
851; 55
852; 3
853; 3
854; 9
855; 9
856; 11
857; 11
858; 12
859; 12
860; 20
861; 20
862; 27
863; 27
864; 30
865; 47
866; 49
867; 49
868; 50
869; 50
870; 1
871; 1
872; 7
873; 7
874; 13
875; 13
876; 20
877; 20
878; 29
879; 33
880; 42
881; 42
882; 49
883; 49
884; 55
885; 55
886; 1
887; 1
888; 12
889; 12
890; 13
891; 13
892; 15
893; 20
894; 29
895; 29
896; 32
897; 32
898; 38
899; 38
900; 48
901; 44
902; 54
903; 54
904; 0
905; 0
906; 3
907; 3
908; 12
909; 0
910; 2
911; 2
912; 4
913; 4
914; 10
915; 10
916; 19
917; 19
918; 22
919; 22
920; 33
921; 0
922; 11
923; 11
924; 14
925; 14
926; 23
927; 23
928; 29
929; 29
930; 31
931; 31
932; 33
933; 21
934; 28
935; 28
936; 32
937; 32
938; 34
939; 34
940; 36
941; 36
942; 38
943; 38
944; 42
945; 42
946; 45
947; 45
948; 49
949; 49
950; 53
951; 51
952; 58
953; 58
954; 2
955; 2
956; 4
957; 4
958; 6
959; 6
960; 8
961; 8
962; 12
963; 12
964; 15
965; 15
966; 19
967; 19
968; 23
969; 9
970; 13
971; 13
972; 17
973; 17
974; 20
975; 20
976; 24
977; 24
978; 26
979; 26
980; 28
981; 28
982; 30
983; 30
984; 34
985; 34
986; 41
987; 39
988; 43
989; 43
990; 47
991; 47
992; 50
993; 50
994; 54
995; 54
996; 56
997; 56
998; 58
999; 58
1000; 0
1001; 0
1002; 4
1003; 4
1004; 11
1005; 41
1006; 44
1007; 44
1008; 57
1009; 57
1010; 2
1011; 2
1012; 4
1013; 4
1014; 14
1015; 51
1016; 54
1017; 54
1018; 7
1019; 7
1020; 12
1021; 12
1022; 14
1023; 14
1024; 24
1025; 1
1026; 4
1027; 4
1028; 17
1029; 17
1030; 22
1031; 22
1032; 24
1033; 24
1034; 34
1035; 11
1036; 14
1037; 14
1038; 27
1039; 27
1040; 32
1041; 32
1042; 34
1043; 34
1044; 44
1045; 21
1046; 24
1047; 24
1048; 37
1049; 37
1050; 42
1051; 42
1052; 44
1053; 44
1054; 54
1055; 31
1056; 34
1057; 34
1058; 47
1059; 47
1060; 52
1061; 52
1062; 54
1063; 54
1064; 4
1065; 38
1066; 48
1067; 48
1068; 50
1069; 50
1070; 55
1071; 55
1072; 8
1073; 8
1074; 11
1075; 48
1076; 58
1077; 58
1078; 0
1079; 0
1080; 5
1081; 5
1082; 18
1083; 18
1084; 21
1085; 58
1086; 8
1087; 8
1088; 10
1089; 10
1090; 15
1091; 15
1092; 28
1093; 28
1094; 31
1095; 8
1096; 18
1097; 18
1098; 20
1099; 20
1100; 25
1101; 25
1102; 38
1103; 38
1104; 41
1105; 18
1106; 28
1107; 28
1108; 30
1109; 30
1110; 35
1111; 35
1112; 48
1113; 48
1114; 51
1115; 28
1116; 38
1117; 38
1118; 40
1119; 40
1120; 45
1121; 45
1122; 58
1123; 58
1124; 1
1125; 37
1126; 40
1127; 40
1128; 44
1129; 44
1130; 47
1131; 47
1132; 49
1133; 49
1134; 51
1135; 51
1136; 53
1137; 53
1138; 56
1139; 56
1140; 58
1141; 58
1142; 0
1143; 0
1144; 3
1145; 3
1146; 5
1147; 5
1148; 6
1149; 47
1150; 50
1151; 50
1152; 54
1153; 54
1154; 57
1155; 57
1156; 59
1157; 59
1158; 1
1159; 1
1160; 3
1161; 3
1162; 6
1163; 6
1164; 8
1165; 8
1166; 10
1167; 10
1168; 13
1169; 13
1170; 15
1171; 15
1172; 16
1173; 57
1174; 0
1175; 0
1176; 4
1177; 4
1178; 7
1179; 7
1180; 9
1181; 9
1182; 11
1183; 11
1184; 13
1185; 13
1186; 16
1187; 16
1188; 18
1189; 18
1190; 20
1191; 20
1192; 23
1193; 23
1194; 25
1195; 25
1196; 26
1197; 7
1198; 10
1199; 10
1200; 14
1201; 14
1202; 17
1203; 17
1204; 19
1205; 19
1206; 21
1207; 21
1208; 23
1209; 23
1210; 26
1211; 26
1212; 28
1213; 28
1214; 30
1215; 30
1216; 33
1217; 33
1218; 35
1219; 35
1220; 36
1221; 17
1222; 20
1223; 20
1224; 24
1225; 24
1226; 27
1227; 27
1228; 29
1229; 29
1230; 31
1231; 31
1232; 33
1233; 33
1234; 36
1235; 36
1236; 38
1237; 38
1238; 40
1239; 40
1240; 43
1241; 43
1242; 45
1243; 45
1244; 46
1245; 27
1246; 30
1247; 30
1248; 34
1249; 34
1250; 37
1251; 37
1252; 39
1253; 39
1254; 41
1255; 41
1256; 43
1257; 43
1258; 46
1259; 46
1260; 48
1261; 48
1262; 50
1263; 50
1264; 53
1265; 53
1266; 55
1267; 55
1268; 56
1269; 26
1270; 27
1271; 27
1272; 29
1273; 29
1274; 32
1275; 32
1276; 34
1277; 34
1278; 36
1279; 36
1280; 39
1281; 39
1282; 41
1283; 41
1284; 43
1285; 43
1286; 45
1287; 45
1288; 48
1289; 48
1290; 52
1291; 52
1292; 55
1293; 36
1294; 37
1295; 37
1296; 39
1297; 39
1298; 42
1299; 42
1300; 44
1301; 44
1302; 46
1303; 46
1304; 49
1305; 49
1306; 51
1307; 51
1308; 53
1309; 53
1310; 55
1311; 55
1312; 58
1313; 58
1314; 2
1315; 2
1316; 5
1317; 46
1318; 47
1319; 47
1320; 49
1321; 49
1322; 52
1323; 52
1324; 54
1325; 54
1326; 56
1327; 56
1328; 59
1329; 59
1330; 1
1331; 1
1332; 3
1333; 3
1334; 5
1335; 5
1336; 8
1337; 8
1338; 12
1339; 12
1340; 15
1341; 56
1342; 57
1343; 57
1344; 59
1345; 59
1346; 2
1347; 2
1348; 4
1349; 4
1350; 6
1351; 6
1352; 9
1353; 9
1354; 11
1355; 11
1356; 13
1357; 13
1358; 15
1359; 15
1360; 18
1361; 18
1362; 22
1363; 22
1364; 25
1365; 6
1366; 7
1367; 7
1368; 9
1369; 9
1370; 12
1371; 12
1372; 14
1373; 14
1374; 16
1375; 16
1376; 19
1377; 19
1378; 21
1379; 21
1380; 23
1381; 23
1382; 25
1383; 25
1384; 28
1385; 28
1386; 32
1387; 32
1388; 35
1389; 16
1390; 17
1391; 17
1392; 19
1393; 19
1394; 22
1395; 22
1396; 24
1397; 24
1398; 26
1399; 26
1400; 29
1401; 29
1402; 31
1403; 31
1404; 33
1405; 33
1406; 35
1407; 35
1408; 38
1409; 38
1410; 42
1411; 42
1412; 45
1413; 58
1414; 1
1415; 1
1416; 8
1417; 8
1418; 18
1419; 18
1420; 21
1421; 8
1422; 11
1423; 11
1424; 18
1425; 18
1426; 28
1427; 28
1428; 31
1429; 18
1430; 21
1431; 21
1432; 28
1433; 28
1434; 38
1435; 38
1436; 41
1437; 28
1438; 31
1439; 31
1440; 38
1441; 38
1442; 48
1443; 48
1444; 51
1445; 38
1446; 41
1447; 41
1448; 48
1449; 48
1450; 58
1451; 58
1452; 1
1453; 48
1454; 51
1455; 51
1456; 58
1457; 58
1458; 8
1459; 8
1460; 11
1461; 51
1462; 54
1463; 54
1464; 4
1465; 4
1466; 11
1467; 11
1468; 14
1469; 1
1470; 4
1471; 4
1472; 14
1473; 14
1474; 21
1475; 21
1476; 24
1477; 11
1478; 14
1479; 14
1480; 24
1481; 24
1482; 31
1483; 31
1484; 34
1485; 21
1486; 24
1487; 24
1488; 34
1489; 34
1490; 41
1491; 41
1492; 44
1493; 31
1494; 34
1495; 34
1496; 44
1497; 44
1498; 51
1499; 51
1500; 54
1501; 41
1502; 44
1503; 44
1504; 54
1505; 54
1506; 1
1507; 1
1508; 4
