# line-id; line-code; direction; stop-order; stop-id; frequency; arrival_time; departure_time; line-repetition
3; 3H; >; 1; 11; 1; 0; 0; 1
3; 3H; >; 2; 40; 1; 3; 3; 1
3; 3H; >; 3; 28; 1; 27; 27; 1
3; 3H; >; 4; 30; 1; 29; 29; 1
3; 3H; >; 5; 24; 1; 31; 31; 1
3; 3H; >; 6; 10; 1; 33; 33; 1
3; 3H; >; 7; 23; 1; 37; 37; 1
3; 3H; >; 8; 26; 1; 40; 40; 1
3; 3H; >; 9; 19; 1; 44; 44; 1
3; 3H; >; 10; 8; 1; 48; 48; 1
3; 3H; >; 11; 2; 1; 52; 52; 1
3; 3R; <; 1; 2; 1; 0; 0; 1
3; 3R; <; 2; 8; 1; 4; 4; 1
3; 3R; <; 3; 19; 1; 8; 8; 1
3; 3R; <; 4; 26; 1; 12; 12; 1
3; 3R; <; 5; 23; 1; 15; 15; 1
3; 3R; <; 6; 10; 1; 19; 19; 1
3; 3R; <; 7; 24; 1; 21; 21; 1
3; 3R; <; 8; 30; 1; 23; 23; 1
3; 3R; <; 9; 28; 1; 25; 25; 1
3; 3R; <; 10; 40; 1; 49; 49; 1
3; 3R; <; 11; 11; 1; 52; 52; 1
6; 6H; >; 1; 27; 1; 0; 0; 1
6; 6H; >; 2; 33; 1; 6; 6; 1
6; 6H; >; 3; 4; 1; 12; 12; 1
6; 6H; >; 4; 29; 1; 27; 27; 1
6; 6H; >; 5; 32; 1; 37; 37; 1
6; 6H; >; 6; 9; 1; 48; 48; 1
6; 6H; >; 7; 34; 1; 50; 50; 1
6; 6H; >; 8; 8; 1; 52; 52; 1
6; 6H; >; 9; 2; 1; 56; 56; 1
6; 6R; <; 1; 2; 1; 0; 0; 1
6; 6R; <; 2; 8; 1; 4; 4; 1
6; 6R; <; 3; 34; 1; 6; 6; 1
6; 6R; <; 4; 9; 1; 8; 8; 1
6; 6R; <; 5; 32; 1; 19; 19; 1
6; 6R; <; 6; 29; 1; 29; 29; 1
6; 6R; <; 7; 4; 1; 44; 44; 1
6; 6R; <; 8; 33; 1; 50; 50; 1
6; 6R; <; 9; 27; 1; 56; 56; 1
8; 8H; >; 1; 375; 6; 50; 50; 1
8; 8H; >; 2; 11; 6; 1; 1; 1
8; 8H; >; 3; 40; 6; 4; 4; 1
8; 8H; >; 4; 68; 6; 13; 13; 1
8; 8H; >; 5; 9; 6; 19; 19; 1
8; 8H; >; 6; 34; 6; 21; 21; 1
8; 8H; >; 7; 8; 6; 23; 23; 1
8; 8H; >; 8; 2; 6; 27; 27; 1
8; 8H; >; 9; 1; 6; 32; 32; 1
8; 8H; >; 1; 375; 6; 0; 0; 2
8; 8H; >; 2; 11; 6; 11; 11; 2
8; 8H; >; 3; 40; 6; 14; 14; 2
8; 8H; >; 4; 68; 6; 23; 23; 2
8; 8H; >; 5; 9; 6; 29; 29; 2
8; 8H; >; 6; 34; 6; 31; 31; 2
8; 8H; >; 7; 8; 6; 33; 33; 2
8; 8H; >; 8; 2; 6; 37; 37; 2
8; 8H; >; 9; 1; 6; 42; 42; 2
8; 8H; >; 1; 375; 6; 10; 10; 3
8; 8H; >; 2; 11; 6; 21; 21; 3
8; 8H; >; 3; 40; 6; 24; 24; 3
8; 8H; >; 4; 68; 6; 33; 33; 3
8; 8H; >; 5; 9; 6; 39; 39; 3
8; 8H; >; 6; 34; 6; 41; 41; 3
8; 8H; >; 7; 8; 6; 43; 43; 3
8; 8H; >; 8; 2; 6; 47; 47; 3
8; 8H; >; 9; 1; 6; 52; 52; 3
8; 8H; >; 1; 375; 6; 20; 20; 4
8; 8H; >; 2; 11; 6; 31; 31; 4
8; 8H; >; 3; 40; 6; 34; 34; 4
8; 8H; >; 4; 68; 6; 43; 43; 4
8; 8H; >; 5; 9; 6; 49; 49; 4
8; 8H; >; 6; 34; 6; 51; 51; 4
8; 8H; >; 7; 8; 6; 53; 53; 4
8; 8H; >; 8; 2; 6; 57; 57; 4
8; 8H; >; 9; 1; 6; 2; 2; 4
8; 8H; >; 1; 375; 6; 30; 30; 5
8; 8H; >; 2; 11; 6; 41; 41; 5
8; 8H; >; 3; 40; 6; 44; 44; 5
8; 8H; >; 4; 68; 6; 53; 53; 5
8; 8H; >; 5; 9; 6; 59; 59; 5
8; 8H; >; 6; 34; 6; 1; 1; 5
8; 8H; >; 7; 8; 6; 3; 3; 5
8; 8H; >; 8; 2; 6; 7; 7; 5
8; 8H; >; 9; 1; 6; 12; 12; 5
8; 8H; >; 1; 375; 6; 40; 40; 6
8; 8H; >; 2; 11; 6; 51; 51; 6
8; 8H; >; 3; 40; 6; 54; 54; 6
8; 8H; >; 4; 68; 6; 3; 3; 6
8; 8H; >; 5; 9; 6; 9; 9; 6
8; 8H; >; 6; 34; 6; 11; 11; 6
8; 8H; >; 7; 8; 6; 13; 13; 6
8; 8H; >; 8; 2; 6; 17; 17; 6
8; 8H; >; 9; 1; 6; 22; 22; 6
8; 8R; <; 1; 1; 6; 0; 0; 1
8; 8R; <; 2; 2; 6; 5; 5; 1
8; 8R; <; 3; 8; 6; 9; 9; 1
8; 8R; <; 4; 34; 6; 11; 11; 1
8; 8R; <; 5; 9; 6; 13; 13; 1
8; 8R; <; 6; 68; 6; 19; 19; 1
8; 8R; <; 7; 40; 6; 28; 28; 1
8; 8R; <; 8; 11; 6; 31; 31; 1
8; 8R; <; 9; 375; 6; 42; 42; 1
8; 8R; <; 1; 1; 6; 10; 10; 2
8; 8R; <; 2; 2; 6; 15; 15; 2
8; 8R; <; 3; 8; 6; 19; 19; 2
8; 8R; <; 4; 34; 6; 21; 21; 2
8; 8R; <; 5; 9; 6; 23; 23; 2
8; 8R; <; 6; 68; 6; 29; 29; 2
8; 8R; <; 7; 40; 6; 38; 38; 2
8; 8R; <; 8; 11; 6; 41; 41; 2
8; 8R; <; 9; 375; 6; 52; 52; 2
8; 8R; <; 1; 1; 6; 20; 20; 3
8; 8R; <; 2; 2; 6; 25; 25; 3
8; 8R; <; 3; 8; 6; 29; 29; 3
8; 8R; <; 4; 34; 6; 31; 31; 3
8; 8R; <; 5; 9; 6; 33; 33; 3
8; 8R; <; 6; 68; 6; 39; 39; 3
8; 8R; <; 7; 40; 6; 48; 48; 3
8; 8R; <; 8; 11; 6; 51; 51; 3
8; 8R; <; 9; 375; 6; 2; 2; 3
8; 8R; <; 1; 1; 6; 30; 30; 4
8; 8R; <; 2; 2; 6; 35; 35; 4
8; 8R; <; 3; 8; 6; 39; 39; 4
8; 8R; <; 4; 34; 6; 41; 41; 4
8; 8R; <; 5; 9; 6; 43; 43; 4
8; 8R; <; 6; 68; 6; 49; 49; 4
8; 8R; <; 7; 40; 6; 58; 58; 4
8; 8R; <; 8; 11; 6; 1; 1; 4
8; 8R; <; 9; 375; 6; 12; 12; 4
8; 8R; <; 1; 1; 6; 40; 40; 5
8; 8R; <; 2; 2; 6; 45; 45; 5
8; 8R; <; 3; 8; 6; 49; 49; 5
8; 8R; <; 4; 34; 6; 51; 51; 5
8; 8R; <; 5; 9; 6; 53; 53; 5
8; 8R; <; 6; 68; 6; 59; 59; 5
8; 8R; <; 7; 40; 6; 8; 8; 5
8; 8R; <; 8; 11; 6; 11; 11; 5
8; 8R; <; 9; 375; 6; 22; 22; 5
8; 8R; <; 1; 1; 6; 50; 50; 6
8; 8R; <; 2; 2; 6; 55; 55; 6
8; 8R; <; 3; 8; 6; 59; 59; 6
8; 8R; <; 4; 34; 6; 1; 1; 6
8; 8R; <; 5; 9; 6; 3; 3; 6
8; 8R; <; 6; 68; 6; 9; 9; 6
8; 8R; <; 7; 40; 6; 18; 18; 6
8; 8R; <; 8; 11; 6; 21; 21; 6
8; 8R; <; 9; 375; 6; 32; 32; 6
12; 12H; >; 1; 31; 1; 20; 20; 1
12; 12H; >; 2; 13; 1; 28; 28; 1
12; 12H; >; 3; 18; 1; 34; 34; 1
12; 12H; >; 4; 16; 1; 36; 36; 1
12; 12H; >; 5; 15; 1; 37; 37; 1
12; 12H; >; 6; 29; 1; 45; 45; 1
12; 12H; >; 7; 7; 1; 52; 52; 1
12; 12H; >; 8; 22; 1; 9; 9; 1
12; 12R; <; 1; 22; 1; 3; 3; 1
12; 12R; <; 2; 7; 1; 20; 20; 1
12; 12R; <; 3; 29; 1; 27; 27; 1
12; 12R; <; 4; 15; 1; 35; 35; 1
12; 12R; <; 5; 16; 1; 36; 36; 1
12; 12R; <; 6; 18; 1; 38; 38; 1
12; 12R; <; 7; 13; 1; 44; 44; 1
12; 12R; <; 8; 31; 1; 52; 52; 1
15; 15H; >; 1; 70; 3; 31; 31; 1
15; 15H; >; 2; 69; 3; 50; 50; 1
15; 15H; >; 3; 7; 3; 57; 57; 1
15; 15H; >; 4; 9; 3; 3; 3; 1
15; 15H; >; 5; 34; 3; 5; 5; 1
15; 15H; >; 6; 8; 3; 7; 7; 1
15; 15H; >; 7; 2; 3; 11; 11; 1
15; 15H; >; 1; 70; 3; 51; 51; 2
15; 15H; >; 2; 69; 3; 10; 10; 2
15; 15H; >; 3; 7; 3; 17; 17; 2
15; 15H; >; 4; 9; 3; 23; 23; 2
15; 15H; >; 5; 34; 3; 25; 25; 2
15; 15H; >; 6; 8; 3; 27; 27; 2
15; 15H; >; 7; 2; 3; 31; 31; 2
15; 15H; >; 1; 70; 3; 11; 11; 3
15; 15H; >; 2; 69; 3; 30; 30; 3
15; 15H; >; 3; 7; 3; 37; 37; 3
15; 15H; >; 4; 9; 3; 43; 43; 3
15; 15H; >; 5; 34; 3; 45; 45; 3
15; 15H; >; 6; 8; 3; 47; 47; 3
15; 15H; >; 7; 2; 3; 51; 51; 3
15; 15R; <; 1; 2; 3; 1; 1; 1
15; 15R; <; 2; 8; 3; 5; 5; 1
15; 15R; <; 3; 34; 3; 7; 7; 1
15; 15R; <; 4; 9; 3; 9; 9; 1
15; 15R; <; 5; 7; 3; 15; 15; 1
15; 15R; <; 6; 69; 3; 22; 22; 1
15; 15R; <; 7; 70; 3; 41; 41; 1
15; 15R; <; 1; 2; 3; 21; 21; 2
15; 15R; <; 2; 8; 3; 25; 25; 2
15; 15R; <; 3; 34; 3; 27; 27; 2
15; 15R; <; 4; 9; 3; 29; 29; 2
15; 15R; <; 5; 7; 3; 35; 35; 2
15; 15R; <; 6; 69; 3; 42; 42; 2
15; 15R; <; 7; 70; 3; 1; 1; 2
15; 15R; <; 1; 2; 3; 41; 41; 3
15; 15R; <; 2; 8; 3; 45; 45; 3
15; 15R; <; 3; 34; 3; 47; 47; 3
15; 15R; <; 4; 9; 3; 49; 49; 3
15; 15R; <; 5; 7; 3; 55; 55; 3
15; 15R; <; 6; 69; 3; 2; 2; 3
15; 15R; <; 7; 70; 3; 21; 21; 3
19; 19H; >; 1; 69; 1; 19; 19; 1
19; 19H; >; 2; 1; 1; 25; 25; 1
19; 19H; >; 3; 7; 1; 27; 27; 1
19; 19H; >; 4; 53; 1; 40; 40; 1
19; 19H; >; 5; 22; 1; 49; 49; 1
19; 19H; >; 6; 13; 1; 11; 11; 1
19; 19H; >; 7; 20; 1; 32; 32; 1
19; 19R; <; 1; 20; 1; 20; 20; 1
19; 19R; <; 2; 13; 1; 41; 41; 1
19; 19R; <; 3; 22; 1; 3; 3; 1
19; 19R; <; 4; 53; 1; 12; 12; 1
19; 19R; <; 5; 7; 1; 25; 25; 1
19; 19R; <; 6; 1; 1; 27; 27; 1
19; 19R; <; 7; 69; 1; 33; 33; 1
20; 20H; >; 1; 50; 1; 0; 0; 1
20; 20H; >; 2; 53; 1; 3; 3; 1
20; 20H; >; 3; 7; 1; 16; 16; 1
20; 20H; >; 4; 15; 1; 31; 31; 1
20; 20H; >; 5; 16; 1; 32; 32; 1
20; 20H; >; 6; 18; 1; 34; 34; 1
20; 20H; >; 7; 13; 1; 40; 40; 1
20; 20R; <; 1; 13; 1; 0; 0; 1
20; 20R; <; 2; 18; 1; 6; 6; 1
20; 20R; <; 3; 16; 1; 8; 8; 1
20; 20R; <; 4; 15; 1; 9; 9; 1
20; 20R; <; 5; 7; 1; 24; 24; 1
20; 20R; <; 6; 53; 1; 37; 37; 1
20; 20R; <; 7; 50; 1; 40; 40; 1
24; 24H; >; 1; 305; 1; 0; 0; 1
24; 24H; >; 2; 283; 1; 13; 13; 1
24; 24H; >; 3; 17; 1; 21; 21; 1
24; 24H; >; 4; 3; 1; 25; 25; 1
24; 24H; >; 5; 4; 1; 33; 33; 1
24; 24H; >; 6; 9; 1; 49; 49; 1
24; 24R; <; 1; 9; 1; 0; 0; 1
24; 24R; <; 2; 4; 1; 16; 16; 1
24; 24R; <; 3; 3; 1; 24; 24; 1
24; 24R; <; 4; 17; 1; 28; 28; 1
24; 24R; <; 5; 283; 1; 36; 36; 1
24; 24R; <; 6; 305; 1; 49; 49; 1
28; 28H; >; 1; 29; 1; 7; 7; 1
28; 28H; >; 2; 32; 1; 17; 17; 1
28; 28H; >; 3; 9; 1; 28; 28; 1
28; 28H; >; 4; 7; 1; 34; 34; 1
28; 28H; >; 5; 69; 1; 41; 41; 1
28; 28H; >; 6; 22; 1; 51; 51; 1
28; 28R; <; 1; 22; 1; 31; 31; 1
28; 28R; <; 2; 69; 1; 41; 41; 1
28; 28R; <; 3; 7; 1; 48; 48; 1
28; 28R; <; 4; 9; 1; 54; 54; 1
28; 28R; <; 5; 32; 1; 5; 5; 1
28; 28R; <; 6; 29; 1; 15; 15; 1
29; 29H; >; 1; 22; 1; 0; 0; 1
29; 29H; >; 2; 53; 1; 9; 9; 1
29; 29H; >; 3; 7; 1; 22; 22; 1
29; 29H; >; 4; 1; 1; 24; 24; 1
29; 29H; >; 5; 32; 1; 34; 34; 1
29; 29H; >; 6; 3; 1; 45; 45; 1
29; 29R; <; 1; 3; 1; 0; 0; 1
29; 29R; <; 2; 32; 1; 11; 11; 1
29; 29R; <; 3; 1; 1; 21; 21; 1
29; 29R; <; 4; 7; 1; 23; 23; 1
29; 29R; <; 5; 53; 1; 36; 36; 1
29; 29R; <; 6; 22; 1; 45; 45; 1
30; 30H; >; 1; 300; 1; 0; 0; 1
30; 30H; >; 2; 12; 1; 8; 8; 1
30; 30H; >; 3; 7; 1; 15; 15; 1
30; 30H; >; 4; 8; 1; 18; 18; 1
30; 30H; >; 5; 69; 1; 28; 28; 1
30; 30H; >; 6; 34; 1; 37; 37; 1
30; 30R; <; 1; 34; 1; 0; 0; 1
30; 30R; <; 2; 69; 1; 9; 9; 1
30; 30R; <; 3; 8; 1; 19; 19; 1
30; 30R; <; 4; 7; 1; 22; 22; 1
30; 30R; <; 5; 12; 1; 29; 29; 1
30; 30R; <; 6; 300; 1; 37; 37; 1
32; 32H; >; 1; 27; 1; 0; 0; 1
32; 32H; >; 2; 4; 1; 9; 9; 1
32; 32H; >; 3; 1; 1; 24; 24; 1
32; 32H; >; 4; 7; 1; 26; 26; 1
32; 32H; >; 5; 53; 1; 39; 39; 1
32; 32H; >; 6; 22; 1; 48; 48; 1
32; 32R; <; 1; 22; 1; 0; 0; 1
32; 32R; <; 2; 53; 1; 9; 9; 1
32; 32R; <; 3; 7; 1; 22; 22; 1
32; 32R; <; 4; 1; 1; 24; 24; 1
32; 32R; <; 5; 4; 1; 39; 39; 1
32; 32R; <; 6; 27; 1; 48; 48; 1
38; 38H; >; 1; 31; 1; 36; 36; 1
38; 38H; >; 2; 339; 1; 39; 39; 1
38; 38H; >; 3; 5; 1; 44; 44; 1
38; 38H; >; 4; 6; 1; 46; 46; 1
38; 38H; >; 5; 16; 1; 57; 57; 1
38; 38H; >; 6; 18; 1; 59; 59; 1
38; 38R; <; 1; 18; 1; 0; 0; 1
38; 38R; <; 2; 16; 1; 2; 2; 1
38; 38R; <; 3; 6; 1; 13; 13; 1
38; 38R; <; 4; 5; 1; 15; 15; 1
38; 38R; <; 5; 339; 1; 20; 20; 1
38; 38R; <; 6; 31; 1; 23; 23; 1
41; 41H; >; 1; 375; 1; 0; 0; 1
41; 41H; >; 2; 11; 1; 11; 11; 1
41; 41H; >; 3; 40; 1; 14; 14; 1
41; 41H; >; 4; 68; 1; 23; 23; 1
41; 41H; >; 5; 70; 1; 50; 50; 1
41; 41H; >; 6; 20; 1; 12; 12; 1
41; 41R; <; 1; 20; 1; 0; 0; 1
41; 41R; <; 2; 70; 1; 22; 22; 1
41; 41R; <; 3; 68; 1; 49; 49; 1
41; 41R; <; 4; 40; 1; 58; 58; 1
41; 41R; <; 5; 11; 1; 1; 1; 1
41; 41R; <; 6; 375; 1; 12; 12; 1
44; 44H; >; 1; 40; 1; 0; 0; 1
44; 44H; >; 2; 11; 1; 3; 3; 1
44; 44H; >; 3; 68; 1; 13; 13; 1
44; 44H; >; 4; 69; 1; 22; 22; 1
44; 44H; >; 5; 1; 1; 28; 28; 1
44; 44H; >; 6; 32; 1; 38; 38; 1
44; 44R; <; 1; 32; 1; 0; 0; 1
44; 44R; <; 2; 1; 1; 10; 10; 1
44; 44R; <; 3; 69; 1; 16; 16; 1
44; 44R; <; 4; 68; 1; 25; 25; 1
44; 44R; <; 5; 11; 1; 35; 35; 1
44; 44R; <; 6; 40; 1; 38; 38; 1
45; 45H; >; 1; 375; 1; 0; 0; 1
45; 45H; >; 2; 308; 1; 22; 22; 1
45; 45H; >; 3; 14; 1; 29; 29; 1
45; 45H; >; 4; 28; 1; 33; 33; 1
45; 45H; >; 5; 33; 1; 47; 47; 1
45; 45R; <; 1; 33; 1; 0; 0; 1
45; 45R; <; 2; 28; 1; 14; 14; 1
45; 45R; <; 3; 14; 1; 18; 18; 1
45; 45R; <; 4; 308; 1; 25; 25; 1
45; 45R; <; 5; 375; 1; 47; 47; 1
51; 51H; >; 1; 70; 1; 0; 0; 1
51; 51H; >; 2; 69; 1; 19; 19; 1
51; 51H; >; 3; 68; 1; 28; 28; 1
51; 51H; >; 4; 40; 1; 37; 37; 1
51; 51H; >; 5; 11; 1; 40; 40; 1
51; 51R; <; 1; 11; 1; 0; 0; 1
51; 51R; <; 2; 40; 1; 3; 3; 1
51; 51R; <; 3; 68; 1; 12; 12; 1
51; 51R; <; 4; 69; 1; 21; 21; 1
51; 51R; <; 5; 70; 1; 40; 40; 1
53; 53H; >; 1; 70; 1; 37; 37; 1
53; 53H; >; 2; 50; 1; 53; 53; 1
53; 53H; >; 3; 53; 1; 56; 56; 1
53; 53H; >; 4; 69; 1; 2; 2; 1
53; 53H; >; 5; 34; 1; 11; 11; 1
53; 53R; <; 1; 34; 1; 31; 31; 1
53; 53R; <; 2; 69; 1; 40; 40; 1
53; 53R; <; 3; 53; 1; 46; 46; 1
53; 53R; <; 4; 50; 1; 49; 49; 1
53; 53R; <; 5; 70; 1; 5; 5; 1
54; 54H; >; 1; 375; 1; 0; 0; 1
54; 54H; >; 2; 26; 1; 24; 24; 1
54; 54H; >; 3; 23; 1; 27; 27; 1
54; 54H; >; 4; 10; 1; 31; 31; 1
54; 54H; >; 5; 33; 1; 43; 43; 1
54; 54R; <; 1; 33; 1; 0; 0; 1
54; 54R; <; 2; 10; 1; 12; 12; 1
54; 54R; <; 3; 23; 1; 16; 16; 1
54; 54R; <; 4; 26; 1; 19; 19; 1
54; 54R; <; 5; 375; 1; 43; 43; 1
56; 56H; >; 1; 50; 1; 0; 0; 1
56; 56H; >; 2; 53; 1; 3; 3; 1
56; 56H; >; 3; 69; 1; 9; 9; 1
56; 56H; >; 4; 8; 1; 19; 19; 1
56; 56H; >; 5; 7; 1; 22; 22; 1
56; 56R; <; 1; 7; 1; 0; 0; 1
56; 56R; <; 2; 8; 1; 3; 3; 1
56; 56R; <; 3; 69; 1; 13; 13; 1
56; 56R; <; 4; 53; 1; 19; 19; 1
56; 56R; <; 5; 50; 1; 22; 22; 1
63; 63H; >; 1; 308; 1; 0; 0; 1
63; 63H; >; 2; 14; 1; 7; 7; 1
63; 63H; >; 3; 28; 1; 11; 11; 1
63; 63H; >; 4; 40; 1; 35; 35; 1
63; 63H; >; 5; 11; 1; 38; 38; 1
63; 63R; <; 1; 11; 1; 0; 0; 1
63; 63R; <; 2; 40; 1; 3; 3; 1
63; 63R; <; 3; 28; 1; 27; 27; 1
63; 63R; <; 4; 14; 1; 31; 31; 1
63; 63R; <; 5; 308; 1; 38; 38; 1
66; 66H; >; 1; 24; 1; 15; 15; 1
66; 66H; >; 2; 10; 1; 17; 17; 1
66; 66H; >; 3; 27; 1; 33; 33; 1
66; 66H; >; 4; 4; 1; 42; 42; 1
66; 66H; >; 5; 8; 1; 56; 56; 1
66; 66R; <; 1; 8; 1; 26; 26; 1
66; 66R; <; 2; 4; 1; 40; 40; 1
66; 66R; <; 3; 27; 1; 49; 49; 1
66; 66R; <; 4; 10; 1; 5; 5; 1
66; 66R; <; 5; 24; 1; 7; 7; 1
67; 67H; >; 1; 24; 1; 0; 0; 1
67; 67H; >; 2; 10; 1; 2; 2; 1
67; 67H; >; 3; 4; 1; 11; 11; 1
67; 67H; >; 4; 32; 1; 18; 18; 1
67; 67H; >; 5; 23; 1; 24; 24; 1
67; 67R; <; 1; 23; 1; 0; 0; 1
67; 67R; <; 2; 32; 1; 6; 6; 1
67; 67R; <; 3; 4; 1; 13; 13; 1
67; 67R; <; 4; 10; 1; 22; 22; 1
67; 67R; <; 5; 24; 1; 24; 24; 1
69; 69H; >; 1; 33; 1; 0; 0; 1
69; 69H; >; 2; 4; 1; 6; 6; 1
69; 69H; >; 3; 27; 1; 15; 15; 1
69; 69H; >; 4; 28; 1; 32; 32; 1
69; 69H; >; 5; 30; 1; 34; 34; 1
69; 69R; <; 1; 30; 1; 0; 0; 1
69; 69R; <; 2; 28; 1; 2; 2; 1
69; 69R; <; 3; 27; 1; 19; 19; 1
69; 69R; <; 4; 4; 1; 28; 28; 1
69; 69R; <; 5; 33; 1; 34; 34; 1
73; 73H; >; 1; 300; 1; 0; 0; 1
73; 73H; >; 2; 7; 1; 4; 4; 1
73; 73H; >; 3; 12; 1; 11; 11; 1
73; 73H; >; 4; 25; 1; 16; 16; 1
73; 73R; <; 1; 25; 1; 0; 0; 1
73; 73R; <; 2; 12; 1; 5; 5; 1
73; 73R; <; 3; 7; 1; 12; 12; 1
73; 73R; <; 4; 300; 1; 16; 16; 1
75; 75H; >; 1; 29; 1; 7; 7; 1
75; 75H; >; 2; 3; 1; 18; 18; 1
75; 75H; >; 3; 16; 1; 24; 24; 1
75; 75H; >; 4; 18; 1; 26; 26; 1
75; 75R; <; 1; 18; 1; 46; 46; 1
75; 75R; <; 2; 16; 1; 48; 48; 1
75; 75R; <; 3; 3; 1; 54; 54; 1
75; 75R; <; 4; 29; 1; 5; 5; 1
78; 78H; >; 1; 50; 1; 41; 41; 1
78; 78H; >; 2; 53; 1; 44; 44; 1
78; 78H; >; 3; 300; 1; 52; 52; 1
78; 78H; >; 4; 34; 1; 58; 58; 1
78; 78R; <; 1; 34; 1; 4; 4; 1
78; 78R; <; 2; 300; 1; 10; 10; 1
78; 78R; <; 3; 53; 1; 18; 18; 1
78; 78R; <; 4; 50; 1; 21; 21; 1
81; 81H; >; 1; 33; 3; 0; 0; 1
81; 81H; >; 2; 4; 3; 6; 6; 1
81; 81H; >; 3; 8; 3; 20; 20; 1
81; 81H; >; 4; 7; 3; 23; 23; 1
81; 81H; >; 1; 33; 3; 20; 20; 2
81; 81H; >; 2; 4; 3; 26; 26; 2
81; 81H; >; 3; 8; 3; 40; 40; 2
81; 81H; >; 4; 7; 3; 43; 43; 2
81; 81H; >; 1; 33; 3; 40; 40; 3
81; 81H; >; 2; 4; 3; 46; 46; 3
81; 81H; >; 3; 8; 3; 0; 0; 3
81; 81H; >; 4; 7; 3; 3; 3; 3
81; 81R; <; 1; 7; 3; 0; 0; 1
81; 81R; <; 2; 8; 3; 3; 3; 1
81; 81R; <; 3; 4; 3; 17; 17; 1
81; 81R; <; 4; 33; 3; 23; 23; 1
81; 81R; <; 1; 7; 3; 20; 20; 2
81; 81R; <; 2; 8; 3; 23; 23; 2
81; 81R; <; 3; 4; 3; 37; 37; 2
81; 81R; <; 4; 33; 3; 43; 43; 2
81; 81R; <; 1; 7; 3; 40; 40; 3
81; 81R; <; 2; 8; 3; 43; 43; 3
81; 81R; <; 3; 4; 3; 57; 57; 3
81; 81R; <; 4; 33; 3; 3; 3; 3
83; 83H; >; 1; 19; 1; 0; 0; 1
83; 83H; >; 2; 9; 1; 7; 7; 1
83; 83H; >; 3; 2; 1; 13; 13; 1
83; 83R; <; 1; 2; 1; 0; 0; 1
83; 83R; <; 2; 9; 1; 6; 6; 1
83; 83R; <; 3; 19; 1; 13; 13; 1
85; 85H; >; 1; 29; 1; 0; 0; 1
85; 85H; >; 2; 3; 1; 11; 11; 1
85; 85H; >; 3; 15; 1; 17; 17; 1
85; 85R; <; 1; 15; 1; 0; 0; 1
85; 85R; <; 2; 3; 1; 6; 6; 1
85; 85R; <; 3; 29; 1; 17; 17; 1
89; 89H; >; 1; 5; 1; 47; 47; 1
89; 89H; >; 2; 6; 1; 49; 49; 1
89; 89H; >; 3; 283; 1; 50; 50; 1
89; 89H; >; 4; 17; 1; 58; 58; 1
89; 89H; >; 5; 3; 1; 2; 2; 1
89; 89H; >; 6; 2; 1; 12; 12; 1
89; 89H; >; 7; 8; 1; 16; 16; 1
89; 89R; <; 1; 8; 1; 16; 16; 1
89; 89R; <; 2; 2; 1; 20; 20; 1
89; 89R; <; 3; 3; 1; 30; 30; 1
89; 89R; <; 4; 17; 1; 34; 34; 1
89; 89R; <; 5; 283; 1; 42; 42; 1
89; 89R; <; 6; 6; 1; 43; 43; 1
89; 89R; <; 7; 5; 1; 45; 45; 1
90; 90H; >; 1; 8; 1; 22; 22; 1
90; 90H; >; 2; 7; 1; 25; 25; 1
90; 90H; >; 3; 29; 1; 32; 32; 1
90; 90H; >; 4; 15; 1; 40; 40; 1
90; 90H; >; 5; 16; 1; 41; 41; 1
90; 90H; >; 6; 18; 1; 43; 43; 1
90; 90H; >; 7; 13; 1; 49; 49; 1
90; 90H; >; 8; 31; 1; 57; 57; 1
90; 90H; >; 9; 339; 1; 0; 0; 1
90; 90H; >; 10; 5; 1; 5; 5; 1
90; 90R; <; 1; 5; 1; 47; 47; 1
90; 90R; <; 2; 339; 1; 52; 52; 1
90; 90R; <; 3; 31; 1; 55; 55; 1
90; 90R; <; 4; 13; 1; 3; 3; 1
90; 90R; <; 5; 18; 1; 9; 9; 1
90; 90R; <; 6; 16; 1; 11; 11; 1
90; 90R; <; 7; 15; 1; 12; 12; 1
90; 90R; <; 8; 29; 1; 20; 20; 1
90; 90R; <; 9; 7; 1; 27; 27; 1
90; 90R; <; 10; 8; 1; 30; 30; 1
91; 91H; >; 1; 5; 1; 47; 47; 1
91; 91H; >; 2; 6; 1; 49; 49; 1
91; 91H; >; 3; 283; 1; 50; 50; 1
91; 91H; >; 4; 27; 1; 1; 1; 1
91; 91H; >; 5; 33; 1; 7; 7; 1
91; 91H; >; 6; 4; 1; 13; 13; 1
91; 91H; >; 7; 32; 1; 20; 20; 1
91; 91H; >; 8; 8; 1; 29; 29; 1
91; 91R; <; 1; 8; 1; 33; 33; 1
91; 91R; <; 2; 32; 1; 42; 42; 1
91; 91R; <; 3; 4; 1; 49; 49; 1
91; 91R; <; 4; 33; 1; 55; 55; 1
91; 91R; <; 5; 27; 1; 1; 1; 1
91; 91R; <; 6; 283; 1; 12; 12; 1
91; 91R; <; 7; 6; 1; 13; 13; 1
91; 91R; <; 8; 5; 1; 15; 15; 1
93; 93H; >; 1; 20; 1; 20; 20; 1
93; 93H; >; 2; 50; 1; 29; 29; 1
93; 93H; >; 3; 53; 1; 32; 32; 1
93; 93H; >; 4; 69; 1; 38; 38; 1
93; 93H; >; 5; 8; 1; 48; 48; 1
93; 93R; <; 1; 8; 1; 44; 44; 1
93; 93R; <; 2; 69; 1; 54; 54; 1
93; 93R; <; 3; 53; 1; 0; 0; 1
93; 93R; <; 4; 50; 1; 3; 3; 1
93; 93R; <; 5; 20; 1; 12; 12; 1
95; 95H; >; 1; 8; 1; 0; 0; 1
95; 95H; >; 2; 34; 1; 2; 2; 1
95; 95H; >; 3; 9; 1; 4; 4; 1
95; 95H; >; 4; 68; 1; 10; 10; 1
95; 95H; >; 5; 40; 1; 19; 19; 1
95; 95H; >; 6; 11; 1; 22; 22; 1
95; 95H; >; 7; 375; 1; 33; 33; 1
95; 95R; <; 1; 375; 1; 0; 0; 1
95; 95R; <; 2; 11; 1; 11; 11; 1
95; 95R; <; 3; 40; 1; 14; 14; 1
95; 95R; <; 4; 68; 1; 23; 23; 1
95; 95R; <; 5; 9; 1; 29; 29; 1
95; 95R; <; 6; 34; 1; 31; 31; 1
95; 95R; <; 7; 8; 1; 33; 33; 1
96; 96H; >; 1; 308; 2; 21; 21; 1
96; 96H; >; 2; 14; 2; 28; 28; 1
96; 96H; >; 3; 28; 2; 32; 32; 1
96; 96H; >; 4; 30; 2; 34; 34; 1
96; 96H; >; 5; 24; 2; 36; 36; 1
96; 96H; >; 6; 10; 2; 38; 38; 1
96; 96H; >; 7; 23; 2; 42; 42; 1
96; 96H; >; 8; 26; 2; 45; 45; 1
96; 96H; >; 9; 19; 2; 49; 49; 1
96; 96H; >; 10; 8; 2; 53; 53; 1
96; 96H; >; 1; 308; 2; 51; 51; 2
96; 96H; >; 2; 14; 2; 58; 58; 2
96; 96H; >; 3; 28; 2; 2; 2; 2
96; 96H; >; 4; 30; 2; 4; 4; 2
96; 96H; >; 5; 24; 2; 6; 6; 2
96; 96H; >; 6; 10; 2; 8; 8; 2
96; 96H; >; 7; 23; 2; 12; 12; 2
96; 96H; >; 8; 26; 2; 15; 15; 2
96; 96H; >; 9; 19; 2; 19; 19; 2
96; 96H; >; 10; 8; 2; 23; 23; 2
96; 96R; <; 1; 8; 2; 9; 9; 1
96; 96R; <; 2; 19; 2; 13; 13; 1
96; 96R; <; 3; 26; 2; 17; 17; 1
96; 96R; <; 4; 23; 2; 20; 20; 1
96; 96R; <; 5; 10; 2; 24; 24; 1
96; 96R; <; 6; 24; 2; 26; 26; 1
96; 96R; <; 7; 30; 2; 28; 28; 1
96; 96R; <; 8; 28; 2; 30; 30; 1
96; 96R; <; 9; 14; 2; 34; 34; 1
96; 96R; <; 10; 308; 2; 41; 41; 1
96; 96R; <; 1; 8; 2; 39; 39; 2
96; 96R; <; 2; 19; 2; 43; 43; 2
96; 96R; <; 3; 26; 2; 47; 47; 2
96; 96R; <; 4; 23; 2; 50; 50; 2
96; 96R; <; 5; 10; 2; 54; 54; 2
96; 96R; <; 6; 24; 2; 56; 56; 2
96; 96R; <; 7; 30; 2; 58; 58; 2
96; 96R; <; 8; 28; 2; 0; 0; 2
96; 96R; <; 9; 14; 2; 4; 4; 2
96; 96R; <; 10; 308; 2; 11; 11; 2
