# line-id; line-code; direction; stop-order; stop-id; frequency; arrival_time; departure_time; line-repetition
2; 2H; >; 1; 20; 1; 0; 0; 1
2; 2H; >; 2; 21; 1; 6; 6; 1
2; 2H; >; 3; 24; 1; 11; 11; 1
2; 2H; >; 4; 13; 1; 16; 16; 1
2; 2H; >; 5; 12; 1; 32; 32; 1
2; 2H; >; 6; 3; 1; 39; 39; 1
2; 2H; >; 7; 1; 1; 43; 43; 1
2; 2R; <; 1; 1; 1; 0; 0; 1
2; 2R; <; 2; 3; 1; 4; 4; 1
2; 2R; <; 3; 12; 1; 11; 11; 1
2; 2R; <; 4; 13; 1; 27; 27; 1
2; 2R; <; 5; 24; 1; 32; 32; 1
2; 2R; <; 6; 21; 1; 37; 37; 1
2; 2R; <; 7; 20; 1; 43; 43; 1
5; 5H; >; 1; 2; 1; 0; 0; 1
5; 5H; >; 2; 6; 1; 4; 4; 1
5; 5H; >; 3; 8; 1; 8; 8; 1
5; 5H; >; 4; 7; 1; 14; 14; 1
5; 5H; >; 5; 18; 1; 18; 18; 1
5; 5H; >; 6; 20; 1; 35; 35; 1
5; 5H; >; 7; 21; 1; 41; 41; 1
5; 5R; <; 1; 21; 1; 0; 0; 1
5; 5R; <; 2; 20; 1; 6; 6; 1
5; 5R; <; 3; 18; 1; 23; 23; 1
5; 5R; <; 4; 7; 1; 27; 27; 1
5; 5R; <; 5; 8; 1; 33; 33; 1
5; 5R; <; 6; 6; 1; 37; 37; 1
5; 5R; <; 7; 2; 1; 41; 41; 1
6; 6H; >; 1; 1; 2; 0; 0; 1
6; 6H; >; 2; 3; 2; 4; 4; 1
6; 6H; >; 3; 12; 2; 11; 11; 1
6; 6H; >; 4; 11; 2; 16; 16; 1
6; 6H; >; 5; 14; 2; 24; 24; 1
6; 6H; >; 6; 23; 2; 28; 28; 1
6; 6H; >; 7; 22; 2; 33; 33; 1
6; 6H; >; 1; 1; 2; 30; 30; 2
6; 6H; >; 2; 3; 2; 34; 34; 2
6; 6H; >; 3; 12; 2; 41; 41; 2
6; 6H; >; 4; 11; 2; 46; 46; 2
6; 6H; >; 5; 14; 2; 54; 54; 2
6; 6H; >; 6; 23; 2; 58; 58; 2
6; 6H; >; 7; 22; 2; 3; 3; 2
6; 6R; <; 1; 22; 2; 0; 0; 1
6; 6R; <; 2; 23; 2; 5; 5; 1
6; 6R; <; 3; 14; 2; 9; 9; 1
6; 6R; <; 4; 11; 2; 17; 17; 1
6; 6R; <; 5; 12; 2; 22; 22; 1
6; 6R; <; 6; 3; 2; 29; 29; 1
6; 6R; <; 7; 1; 2; 33; 33; 1
6; 6R; <; 1; 22; 2; 30; 30; 2
6; 6R; <; 2; 23; 2; 35; 35; 2
6; 6R; <; 3; 14; 2; 39; 39; 2
6; 6R; <; 4; 11; 2; 47; 47; 2
6; 6R; <; 5; 12; 2; 52; 52; 2
6; 6R; <; 6; 3; 2; 59; 59; 2
6; 6R; <; 7; 1; 2; 3; 3; 2
7; 7H; >; 1; 1; 7; 0; 0; 1
7; 7H; >; 2; 3; 7; 4; 4; 1
7; 7H; >; 3; 12; 7; 11; 11; 1
7; 7H; >; 4; 11; 7; 16; 16; 1
7; 7H; >; 5; 10; 7; 21; 21; 1
7; 7H; >; 6; 17; 7; 28; 28; 1
7; 7H; >; 7; 19; 7; 32; 32; 1
7; 7H; >; 1; 1; 7; 8; 8; 2
7; 7H; >; 2; 3; 7; 12; 12; 2
7; 7H; >; 3; 12; 7; 19; 19; 2
7; 7H; >; 4; 11; 7; 24; 24; 2
7; 7H; >; 5; 10; 7; 29; 29; 2
7; 7H; >; 6; 17; 7; 36; 36; 2
7; 7H; >; 7; 19; 7; 40; 40; 2
7; 7H; >; 1; 1; 7; 17; 17; 3
7; 7H; >; 2; 3; 7; 21; 21; 3
7; 7H; >; 3; 12; 7; 28; 28; 3
7; 7H; >; 4; 11; 7; 33; 33; 3
7; 7H; >; 5; 10; 7; 38; 38; 3
7; 7H; >; 6; 17; 7; 45; 45; 3
7; 7H; >; 7; 19; 7; 49; 49; 3
7; 7H; >; 1; 1; 7; 25; 25; 4
7; 7H; >; 2; 3; 7; 29; 29; 4
7; 7H; >; 3; 12; 7; 36; 36; 4
7; 7H; >; 4; 11; 7; 41; 41; 4
7; 7H; >; 5; 10; 7; 46; 46; 4
7; 7H; >; 6; 17; 7; 53; 53; 4
7; 7H; >; 7; 19; 7; 57; 57; 4
7; 7H; >; 1; 1; 7; 34; 34; 5
7; 7H; >; 2; 3; 7; 38; 38; 5
7; 7H; >; 3; 12; 7; 45; 45; 5
7; 7H; >; 4; 11; 7; 50; 50; 5
7; 7H; >; 5; 10; 7; 55; 55; 5
7; 7H; >; 6; 17; 7; 2; 2; 5
7; 7H; >; 7; 19; 7; 6; 6; 5
7; 7H; >; 1; 1; 7; 42; 42; 6
7; 7H; >; 2; 3; 7; 46; 46; 6
7; 7H; >; 3; 12; 7; 53; 53; 6
7; 7H; >; 4; 11; 7; 58; 58; 6
7; 7H; >; 5; 10; 7; 3; 3; 6
7; 7H; >; 6; 17; 7; 10; 10; 6
7; 7H; >; 7; 19; 7; 14; 14; 6
7; 7H; >; 1; 1; 7; 51; 51; 7
7; 7H; >; 2; 3; 7; 55; 55; 7
7; 7H; >; 3; 12; 7; 2; 2; 7
7; 7H; >; 4; 11; 7; 7; 7; 7
7; 7H; >; 5; 10; 7; 12; 12; 7
7; 7H; >; 6; 17; 7; 19; 19; 7
7; 7H; >; 7; 19; 7; 23; 23; 7
7; 7R; <; 1; 19; 7; 0; 0; 1
7; 7R; <; 2; 17; 7; 4; 4; 1
7; 7R; <; 3; 10; 7; 11; 11; 1
7; 7R; <; 4; 11; 7; 16; 16; 1
7; 7R; <; 5; 12; 7; 21; 21; 1
7; 7R; <; 6; 3; 7; 28; 28; 1
7; 7R; <; 7; 1; 7; 32; 32; 1
7; 7R; <; 1; 19; 7; 8; 8; 2
7; 7R; <; 2; 17; 7; 12; 12; 2
7; 7R; <; 3; 10; 7; 19; 19; 2
7; 7R; <; 4; 11; 7; 24; 24; 2
7; 7R; <; 5; 12; 7; 29; 29; 2
7; 7R; <; 6; 3; 7; 36; 36; 2
7; 7R; <; 7; 1; 7; 40; 40; 2
7; 7R; <; 1; 19; 7; 17; 17; 3
7; 7R; <; 2; 17; 7; 21; 21; 3
7; 7R; <; 3; 10; 7; 28; 28; 3
7; 7R; <; 4; 11; 7; 33; 33; 3
7; 7R; <; 5; 12; 7; 38; 38; 3
7; 7R; <; 6; 3; 7; 45; 45; 3
7; 7R; <; 7; 1; 7; 49; 49; 3
7; 7R; <; 1; 19; 7; 25; 25; 4
7; 7R; <; 2; 17; 7; 29; 29; 4
7; 7R; <; 3; 10; 7; 36; 36; 4
7; 7R; <; 4; 11; 7; 41; 41; 4
7; 7R; <; 5; 12; 7; 46; 46; 4
7; 7R; <; 6; 3; 7; 53; 53; 4
7; 7R; <; 7; 1; 7; 57; 57; 4
7; 7R; <; 1; 19; 7; 34; 34; 5
7; 7R; <; 2; 17; 7; 38; 38; 5
7; 7R; <; 3; 10; 7; 45; 45; 5
7; 7R; <; 4; 11; 7; 50; 50; 5
7; 7R; <; 5; 12; 7; 55; 55; 5
7; 7R; <; 6; 3; 7; 2; 2; 5
7; 7R; <; 7; 1; 7; 6; 6; 5
7; 7R; <; 1; 19; 7; 42; 42; 6
7; 7R; <; 2; 17; 7; 46; 46; 6
7; 7R; <; 3; 10; 7; 53; 53; 6
7; 7R; <; 4; 11; 7; 58; 58; 6
7; 7R; <; 5; 12; 7; 3; 3; 6
7; 7R; <; 6; 3; 7; 10; 10; 6
7; 7R; <; 7; 1; 7; 14; 14; 6
7; 7R; <; 1; 19; 7; 51; 51; 7
7; 7R; <; 2; 17; 7; 55; 55; 7
7; 7R; <; 3; 10; 7; 2; 2; 7
7; 7R; <; 4; 11; 7; 7; 7; 7
7; 7R; <; 5; 12; 7; 12; 12; 7
7; 7R; <; 6; 3; 7; 19; 19; 7
7; 7R; <; 7; 1; 7; 23; 23; 7
9; 9H; >; 1; 21; 1; 0; 0; 1
9; 9H; >; 2; 24; 1; 5; 5; 1
9; 9H; >; 3; 13; 1; 10; 10; 1
9; 9H; >; 4; 12; 1; 26; 26; 1
9; 9H; >; 5; 11; 1; 31; 31; 1
9; 9H; >; 6; 4; 1; 38; 38; 1
9; 9R; <; 1; 4; 1; 0; 0; 1
9; 9R; <; 2; 11; 1; 7; 7; 1
9; 9R; <; 3; 12; 1; 12; 12; 1
9; 9R; <; 4; 13; 1; 28; 28; 1
9; 9R; <; 5; 24; 1; 33; 33; 1
9; 9R; <; 6; 21; 1; 38; 38; 1
10; 10H; >; 1; 14; 1; 0; 0; 1
10; 10H; >; 2; 15; 1; 5; 5; 1
10; 10H; >; 3; 10; 1; 13; 13; 1
10; 10H; >; 4; 16; 1; 19; 19; 1
10; 10H; >; 5; 8; 1; 23; 23; 1
10; 10H; >; 6; 7; 1; 29; 29; 1
10; 10R; <; 1; 7; 1; 30; 30; 1
10; 10R; <; 2; 8; 1; 36; 36; 1
10; 10R; <; 3; 16; 1; 40; 40; 1
10; 10R; <; 4; 10; 1; 46; 46; 1
10; 10R; <; 5; 15; 1; 54; 54; 1
10; 10R; <; 6; 14; 1; 59; 59; 1
11; 11H; >; 1; 9; 4; 0; 0; 1
11; 11H; >; 2; 10; 4; 4; 4; 1
11; 11H; >; 3; 15; 4; 12; 12; 1
11; 11H; >; 4; 22; 4; 16; 16; 1
11; 11H; >; 5; 21; 4; 21; 21; 1
11; 11H; >; 6; 24; 4; 26; 26; 1
11; 11H; >; 1; 9; 4; 15; 15; 2
11; 11H; >; 2; 10; 4; 19; 19; 2
11; 11H; >; 3; 15; 4; 27; 27; 2
11; 11H; >; 4; 22; 4; 31; 31; 2
11; 11H; >; 5; 21; 4; 36; 36; 2
11; 11H; >; 6; 24; 4; 41; 41; 2
11; 11H; >; 1; 9; 4; 30; 30; 3
11; 11H; >; 2; 10; 4; 34; 34; 3
11; 11H; >; 3; 15; 4; 42; 42; 3
11; 11H; >; 4; 22; 4; 46; 46; 3
11; 11H; >; 5; 21; 4; 51; 51; 3
11; 11H; >; 6; 24; 4; 56; 56; 3
11; 11H; >; 1; 9; 4; 45; 45; 4
11; 11H; >; 2; 10; 4; 49; 49; 4
11; 11H; >; 3; 15; 4; 57; 57; 4
11; 11H; >; 4; 22; 4; 1; 1; 4
11; 11H; >; 5; 21; 4; 6; 6; 4
11; 11H; >; 6; 24; 4; 11; 11; 4
11; 11R; <; 1; 24; 4; 30; 30; 1
11; 11R; <; 2; 21; 4; 35; 35; 1
11; 11R; <; 3; 22; 4; 40; 40; 1
11; 11R; <; 4; 15; 4; 44; 44; 1
11; 11R; <; 5; 10; 4; 52; 52; 1
11; 11R; <; 6; 9; 4; 56; 56; 1
11; 11R; <; 1; 24; 4; 45; 45; 2
11; 11R; <; 2; 21; 4; 50; 50; 2
11; 11R; <; 3; 22; 4; 55; 55; 2
11; 11R; <; 4; 15; 4; 59; 59; 2
11; 11R; <; 5; 10; 4; 7; 7; 2
11; 11R; <; 6; 9; 4; 11; 11; 2
11; 11R; <; 1; 24; 4; 0; 0; 3
11; 11R; <; 2; 21; 4; 5; 5; 3
11; 11R; <; 3; 22; 4; 10; 10; 3
11; 11R; <; 4; 15; 4; 14; 14; 3
11; 11R; <; 5; 10; 4; 22; 22; 3
11; 11R; <; 6; 9; 4; 26; 26; 3
11; 11R; <; 1; 24; 4; 15; 15; 4
11; 11R; <; 2; 21; 4; 20; 20; 4
11; 11R; <; 3; 22; 4; 25; 25; 4
11; 11R; <; 4; 15; 4; 29; 29; 4
11; 11R; <; 5; 10; 4; 37; 37; 4
11; 11R; <; 6; 9; 4; 41; 41; 4
12; 12H; >; 1; 8; 1; 0; 0; 1
12; 12H; >; 2; 16; 1; 4; 4; 1
12; 12H; >; 3; 18; 1; 10; 10; 1
12; 12H; >; 4; 20; 1; 27; 27; 1
12; 12H; >; 5; 21; 1; 33; 33; 1
12; 12H; >; 6; 24; 1; 38; 38; 1
12; 12R; <; 1; 24; 1; 0; 0; 1
12; 12R; <; 2; 21; 1; 5; 5; 1
12; 12R; <; 3; 20; 1; 11; 11; 1
12; 12R; <; 4; 18; 1; 28; 28; 1
12; 12R; <; 5; 16; 1; 34; 34; 1
12; 12R; <; 6; 8; 1; 38; 38; 1
13; 13H; >; 1; 8; 8; 0; 0; 1
13; 13H; >; 2; 16; 8; 4; 4; 1
13; 13H; >; 3; 10; 8; 10; 10; 1
13; 13H; >; 4; 11; 8; 15; 15; 1
13; 13H; >; 5; 14; 8; 23; 23; 1
13; 13H; >; 6; 23; 8; 27; 27; 1
13; 13H; >; 1; 8; 8; 7; 7; 2
13; 13H; >; 2; 16; 8; 11; 11; 2
13; 13H; >; 3; 10; 8; 17; 17; 2
13; 13H; >; 4; 11; 8; 22; 22; 2
13; 13H; >; 5; 14; 8; 30; 30; 2
13; 13H; >; 6; 23; 8; 34; 34; 2
13; 13H; >; 1; 8; 8; 15; 15; 3
13; 13H; >; 2; 16; 8; 19; 19; 3
13; 13H; >; 3; 10; 8; 25; 25; 3
13; 13H; >; 4; 11; 8; 30; 30; 3
13; 13H; >; 5; 14; 8; 38; 38; 3
13; 13H; >; 6; 23; 8; 42; 42; 3
13; 13H; >; 1; 8; 8; 22; 22; 4
13; 13H; >; 2; 16; 8; 26; 26; 4
13; 13H; >; 3; 10; 8; 32; 32; 4
13; 13H; >; 4; 11; 8; 37; 37; 4
13; 13H; >; 5; 14; 8; 45; 45; 4
13; 13H; >; 6; 23; 8; 49; 49; 4
13; 13H; >; 1; 8; 8; 30; 30; 5
13; 13H; >; 2; 16; 8; 34; 34; 5
13; 13H; >; 3; 10; 8; 40; 40; 5
13; 13H; >; 4; 11; 8; 45; 45; 5
13; 13H; >; 5; 14; 8; 53; 53; 5
13; 13H; >; 6; 23; 8; 57; 57; 5
13; 13H; >; 1; 8; 8; 37; 37; 6
13; 13H; >; 2; 16; 8; 41; 41; 6
13; 13H; >; 3; 10; 8; 47; 47; 6
13; 13H; >; 4; 11; 8; 52; 52; 6
13; 13H; >; 5; 14; 8; 0; 0; 6
13; 13H; >; 6; 23; 8; 4; 4; 6
13; 13H; >; 1; 8; 8; 45; 45; 7
13; 13H; >; 2; 16; 8; 49; 49; 7
13; 13H; >; 3; 10; 8; 55; 55; 7
13; 13H; >; 4; 11; 8; 0; 0; 7
13; 13H; >; 5; 14; 8; 8; 8; 7
13; 13H; >; 6; 23; 8; 12; 12; 7
13; 13H; >; 1; 8; 8; 52; 52; 8
13; 13H; >; 2; 16; 8; 56; 56; 8
13; 13H; >; 3; 10; 8; 2; 2; 8
13; 13H; >; 4; 11; 8; 7; 7; 8
13; 13H; >; 5; 14; 8; 15; 15; 8
13; 13H; >; 6; 23; 8; 19; 19; 8
13; 13R; <; 1; 23; 8; 30; 30; 1
13; 13R; <; 2; 14; 8; 34; 34; 1
13; 13R; <; 3; 11; 8; 42; 42; 1
13; 13R; <; 4; 10; 8; 47; 47; 1
13; 13R; <; 5; 16; 8; 53; 53; 1
13; 13R; <; 6; 8; 8; 57; 57; 1
13; 13R; <; 1; 23; 8; 37; 37; 2
13; 13R; <; 2; 14; 8; 41; 41; 2
13; 13R; <; 3; 11; 8; 49; 49; 2
13; 13R; <; 4; 10; 8; 54; 54; 2
13; 13R; <; 5; 16; 8; 0; 0; 2
13; 13R; <; 6; 8; 8; 4; 4; 2
13; 13R; <; 1; 23; 8; 45; 45; 3
13; 13R; <; 2; 14; 8; 49; 49; 3
13; 13R; <; 3; 11; 8; 57; 57; 3
13; 13R; <; 4; 10; 8; 2; 2; 3
13; 13R; <; 5; 16; 8; 8; 8; 3
13; 13R; <; 6; 8; 8; 12; 12; 3
13; 13R; <; 1; 23; 8; 52; 52; 4
13; 13R; <; 2; 14; 8; 56; 56; 4
13; 13R; <; 3; 11; 8; 4; 4; 4
13; 13R; <; 4; 10; 8; 9; 9; 4
13; 13R; <; 5; 16; 8; 15; 15; 4
13; 13R; <; 6; 8; 8; 19; 19; 4
13; 13R; <; 1; 23; 8; 0; 0; 5
13; 13R; <; 2; 14; 8; 4; 4; 5
13; 13R; <; 3; 11; 8; 12; 12; 5
13; 13R; <; 4; 10; 8; 17; 17; 5
13; 13R; <; 5; 16; 8; 23; 23; 5
13; 13R; <; 6; 8; 8; 27; 27; 5
13; 13R; <; 1; 23; 8; 7; 7; 6
13; 13R; <; 2; 14; 8; 11; 11; 6
13; 13R; <; 3; 11; 8; 19; 19; 6
13; 13R; <; 4; 10; 8; 24; 24; 6
13; 13R; <; 5; 16; 8; 30; 30; 6
13; 13R; <; 6; 8; 8; 34; 34; 6
13; 13R; <; 1; 23; 8; 15; 15; 7
13; 13R; <; 2; 14; 8; 19; 19; 7
13; 13R; <; 3; 11; 8; 27; 27; 7
13; 13R; <; 4; 10; 8; 32; 32; 7
13; 13R; <; 5; 16; 8; 38; 38; 7
13; 13R; <; 6; 8; 8; 42; 42; 7
13; 13R; <; 1; 23; 8; 22; 22; 8
13; 13R; <; 2; 14; 8; 26; 26; 8
13; 13R; <; 3; 11; 8; 34; 34; 8
13; 13R; <; 4; 10; 8; 39; 39; 8
13; 13R; <; 5; 16; 8; 45; 45; 8
13; 13R; <; 6; 8; 8; 49; 49; 8
14; 14H; >; 1; 8; 3; 0; 0; 1
14; 14H; >; 2; 16; 3; 4; 4; 1
14; 14H; >; 3; 10; 3; 10; 10; 1
14; 14H; >; 4; 11; 3; 15; 15; 1
14; 14H; >; 5; 12; 3; 20; 20; 1
14; 14H; >; 6; 13; 3; 36; 36; 1
14; 14H; >; 1; 8; 3; 20; 20; 2
14; 14H; >; 2; 16; 3; 24; 24; 2
14; 14H; >; 3; 10; 3; 30; 30; 2
14; 14H; >; 4; 11; 3; 35; 35; 2
14; 14H; >; 5; 12; 3; 40; 40; 2
14; 14H; >; 6; 13; 3; 56; 56; 2
14; 14H; >; 1; 8; 3; 40; 40; 3
14; 14H; >; 2; 16; 3; 44; 44; 3
14; 14H; >; 3; 10; 3; 50; 50; 3
14; 14H; >; 4; 11; 3; 55; 55; 3
14; 14H; >; 5; 12; 3; 0; 0; 3
14; 14H; >; 6; 13; 3; 16; 16; 3
14; 14R; <; 1; 13; 3; 0; 0; 1
14; 14R; <; 2; 12; 3; 16; 16; 1
14; 14R; <; 3; 11; 3; 21; 21; 1
14; 14R; <; 4; 10; 3; 26; 26; 1
14; 14R; <; 5; 16; 3; 32; 32; 1
14; 14R; <; 6; 8; 3; 36; 36; 1
14; 14R; <; 1; 13; 3; 20; 20; 2
14; 14R; <; 2; 12; 3; 36; 36; 2
14; 14R; <; 3; 11; 3; 41; 41; 2
14; 14R; <; 4; 10; 3; 46; 46; 2
14; 14R; <; 5; 16; 3; 52; 52; 2
14; 14R; <; 6; 8; 3; 56; 56; 2
14; 14R; <; 1; 13; 3; 40; 40; 3
14; 14R; <; 2; 12; 3; 56; 56; 3
14; 14R; <; 3; 11; 3; 1; 1; 3
14; 14R; <; 4; 10; 3; 6; 6; 3
14; 14R; <; 5; 16; 3; 12; 12; 3
14; 14R; <; 6; 8; 3; 16; 16; 3
15; 15H; >; 1; 7; 1; 0; 0; 1
15; 15H; >; 2; 18; 1; 4; 4; 1
15; 15H; >; 3; 20; 1; 21; 21; 1
15; 15H; >; 4; 22; 1; 29; 29; 1
15; 15H; >; 5; 23; 1; 34; 34; 1
15; 15H; >; 6; 14; 1; 38; 38; 1
15; 15R; <; 1; 14; 1; 0; 0; 1
15; 15R; <; 2; 23; 1; 4; 4; 1
15; 15R; <; 3; 22; 1; 9; 9; 1
15; 15R; <; 4; 20; 1; 17; 17; 1
15; 15R; <; 5; 18; 1; 34; 34; 1
15; 15R; <; 6; 7; 1; 38; 38; 1
16; 16H; >; 1; 7; 1; 0; 0; 1
16; 16H; >; 2; 18; 1; 4; 4; 1
16; 16H; >; 3; 20; 1; 21; 21; 1
16; 16H; >; 4; 21; 1; 27; 27; 1
16; 16H; >; 5; 24; 1; 32; 32; 1
16; 16H; >; 6; 13; 1; 37; 37; 1
16; 16R; <; 1; 13; 1; 0; 0; 1
16; 16R; <; 2; 24; 1; 5; 5; 1
16; 16R; <; 3; 21; 1; 10; 10; 1
16; 16R; <; 4; 20; 1; 16; 16; 1
16; 16R; <; 5; 18; 1; 33; 33; 1
16; 16R; <; 6; 7; 1; 37; 37; 1
21; 21H; >; 1; 4; 1; 0; 0; 1
21; 21H; >; 2; 11; 1; 7; 7; 1
21; 21H; >; 3; 10; 1; 12; 12; 1
21; 21H; >; 4; 15; 1; 20; 20; 1
21; 21H; >; 5; 22; 1; 24; 24; 1
21; 21H; >; 6; 21; 1; 29; 29; 1
21; 21R; <; 1; 21; 1; 30; 30; 1
21; 21R; <; 2; 22; 1; 35; 35; 1
21; 21R; <; 3; 15; 1; 39; 39; 1
21; 21R; <; 4; 10; 1; 47; 47; 1
21; 21R; <; 5; 11; 1; 52; 52; 1
21; 21R; <; 6; 4; 1; 59; 59; 1
22; 22H; >; 1; 4; 1; 0; 0; 1
22; 22H; >; 2; 11; 1; 7; 7; 1
22; 22H; >; 3; 10; 1; 12; 12; 1
22; 22H; >; 4; 15; 1; 20; 20; 1
22; 22H; >; 5; 22; 1; 24; 24; 1
22; 22H; >; 6; 20; 1; 32; 32; 1
22; 22R; <; 1; 20; 1; 0; 0; 1
22; 22R; <; 2; 22; 1; 8; 8; 1
22; 22R; <; 3; 15; 1; 12; 12; 1
22; 22R; <; 4; 10; 1; 20; 20; 1
22; 22R; <; 5; 11; 1; 25; 25; 1
22; 22R; <; 6; 4; 1; 32; 32; 1
23; 23H; >; 1; 3; 1; 0; 0; 1
23; 23H; >; 2; 4; 1; 5; 5; 1
23; 23H; >; 3; 11; 1; 12; 12; 1
23; 23H; >; 4; 10; 1; 17; 17; 1
23; 23H; >; 5; 16; 1; 23; 23; 1
23; 23H; >; 6; 18; 1; 29; 29; 1
23; 23R; <; 1; 18; 1; 30; 30; 1
23; 23R; <; 2; 16; 1; 36; 36; 1
23; 23R; <; 3; 10; 1; 42; 42; 1
23; 23R; <; 4; 11; 1; 47; 47; 1
23; 23R; <; 5; 4; 1; 54; 54; 1
23; 23R; <; 6; 3; 1; 59; 59; 1
24; 24H; >; 1; 3; 1; 0; 0; 1
24; 24H; >; 2; 4; 1; 5; 5; 1
24; 24H; >; 3; 11; 1; 12; 12; 1
24; 24H; >; 4; 10; 1; 17; 17; 1
24; 24H; >; 5; 15; 1; 25; 25; 1
24; 24H; >; 6; 22; 1; 29; 29; 1
24; 24R; <; 1; 22; 1; 30; 30; 1
24; 24R; <; 2; 15; 1; 34; 34; 1
24; 24R; <; 3; 10; 1; 42; 42; 1
24; 24R; <; 4; 11; 1; 47; 47; 1
24; 24R; <; 5; 4; 1; 54; 54; 1
24; 24R; <; 6; 3; 1; 59; 59; 1
25; 25H; >; 1; 3; 1; 0; 0; 1
25; 25H; >; 2; 4; 1; 5; 5; 1
25; 25H; >; 3; 11; 1; 12; 12; 1
25; 25H; >; 4; 10; 1; 17; 17; 1
25; 25H; >; 5; 15; 1; 25; 25; 1
25; 25H; >; 6; 19; 1; 31; 31; 1
25; 25R; <; 1; 19; 1; 0; 0; 1
25; 25R; <; 2; 15; 1; 6; 6; 1
25; 25R; <; 3; 10; 1; 14; 14; 1
25; 25R; <; 4; 11; 1; 19; 19; 1
25; 25R; <; 5; 4; 1; 26; 26; 1
25; 25R; <; 6; 3; 1; 31; 31; 1
26; 26H; >; 1; 3; 1; 0; 0; 1
26; 26H; >; 2; 4; 1; 5; 5; 1
26; 26H; >; 3; 5; 1; 10; 10; 1
26; 26H; >; 4; 9; 1; 14; 14; 1
26; 26H; >; 5; 8; 1; 20; 20; 1
26; 26H; >; 6; 7; 1; 26; 26; 1
26; 26R; <; 1; 7; 1; 30; 30; 1
26; 26R; <; 2; 8; 1; 36; 36; 1
26; 26R; <; 3; 9; 1; 42; 42; 1
26; 26R; <; 4; 5; 1; 46; 46; 1
26; 26R; <; 5; 4; 1; 51; 51; 1
26; 26R; <; 6; 3; 1; 56; 56; 1
28; 28H; >; 1; 2; 4; 43; 43; 1
28; 28H; >; 2; 6; 4; 47; 47; 1
28; 28H; >; 3; 8; 4; 51; 51; 1
28; 28H; >; 4; 9; 4; 57; 57; 1
28; 28H; >; 5; 10; 4; 1; 1; 1
28; 28H; >; 6; 15; 4; 9; 9; 1
28; 28H; >; 1; 2; 4; 58; 58; 2
28; 28H; >; 2; 6; 4; 2; 2; 2
28; 28H; >; 3; 8; 4; 6; 6; 2
28; 28H; >; 4; 9; 4; 12; 12; 2
28; 28H; >; 5; 10; 4; 16; 16; 2
28; 28H; >; 6; 15; 4; 24; 24; 2
28; 28H; >; 1; 2; 4; 13; 13; 3
28; 28H; >; 2; 6; 4; 17; 17; 3
28; 28H; >; 3; 8; 4; 21; 21; 3
28; 28H; >; 4; 9; 4; 27; 27; 3
28; 28H; >; 5; 10; 4; 31; 31; 3
28; 28H; >; 6; 15; 4; 39; 39; 3
28; 28H; >; 1; 2; 4; 28; 28; 4
28; 28H; >; 2; 6; 4; 32; 32; 4
28; 28H; >; 3; 8; 4; 36; 36; 4
28; 28H; >; 4; 9; 4; 42; 42; 4
28; 28H; >; 5; 10; 4; 46; 46; 4
28; 28H; >; 6; 15; 4; 54; 54; 4
28; 28R; <; 1; 15; 4; 13; 13; 1
28; 28R; <; 2; 10; 4; 21; 21; 1
28; 28R; <; 3; 9; 4; 25; 25; 1
28; 28R; <; 4; 8; 4; 31; 31; 1
28; 28R; <; 5; 6; 4; 35; 35; 1
28; 28R; <; 6; 2; 4; 39; 39; 1
28; 28R; <; 1; 15; 4; 28; 28; 2
28; 28R; <; 2; 10; 4; 36; 36; 2
28; 28R; <; 3; 9; 4; 40; 40; 2
28; 28R; <; 4; 8; 4; 46; 46; 2
28; 28R; <; 5; 6; 4; 50; 50; 2
28; 28R; <; 6; 2; 4; 54; 54; 2
28; 28R; <; 1; 15; 4; 43; 43; 3
28; 28R; <; 2; 10; 4; 51; 51; 3
28; 28R; <; 3; 9; 4; 55; 55; 3
28; 28R; <; 4; 8; 4; 1; 1; 3
28; 28R; <; 5; 6; 4; 5; 5; 3
28; 28R; <; 6; 2; 4; 9; 9; 3
28; 28R; <; 1; 15; 4; 58; 58; 4
28; 28R; <; 2; 10; 4; 6; 6; 4
28; 28R; <; 3; 9; 4; 10; 10; 4
28; 28R; <; 4; 8; 4; 16; 16; 4
28; 28R; <; 5; 6; 4; 20; 20; 4
28; 28R; <; 6; 2; 4; 24; 24; 4
29; 29H; >; 1; 1; 1; 0; 0; 1
29; 29H; >; 2; 3; 1; 4; 4; 1
29; 29H; >; 3; 12; 1; 11; 11; 1
29; 29H; >; 4; 11; 1; 16; 16; 1
29; 29H; >; 5; 14; 1; 24; 24; 1
29; 29H; >; 6; 15; 1; 29; 29; 1
29; 29R; <; 1; 15; 1; 30; 30; 1
29; 29R; <; 2; 14; 1; 35; 35; 1
29; 29R; <; 3; 11; 1; 43; 43; 1
29; 29R; <; 4; 12; 1; 48; 48; 1
29; 29R; <; 5; 3; 1; 55; 55; 1
29; 29R; <; 6; 1; 1; 59; 59; 1
30; 30H; >; 1; 17; 2; 0; 0; 1
30; 30H; >; 2; 19; 2; 4; 4; 1
30; 30H; >; 3; 20; 2; 12; 12; 1
30; 30H; >; 4; 21; 2; 18; 18; 1
30; 30H; >; 5; 24; 2; 23; 23; 1
30; 30H; >; 1; 17; 2; 30; 30; 2
30; 30H; >; 2; 19; 2; 34; 34; 2
30; 30H; >; 3; 20; 2; 42; 42; 2
30; 30H; >; 4; 21; 2; 48; 48; 2
30; 30H; >; 5; 24; 2; 53; 53; 2
30; 30R; <; 1; 24; 2; 30; 30; 1
30; 30R; <; 2; 21; 2; 35; 35; 1
30; 30R; <; 3; 20; 2; 41; 41; 1
30; 30R; <; 4; 19; 2; 49; 49; 1
30; 30R; <; 5; 17; 2; 53; 53; 1
30; 30R; <; 1; 24; 2; 0; 0; 2
30; 30R; <; 2; 21; 2; 5; 5; 2
30; 30R; <; 3; 20; 2; 11; 11; 2
30; 30R; <; 4; 19; 2; 19; 19; 2
30; 30R; <; 5; 17; 2; 23; 23; 2
31; 31H; >; 1; 17; 3; 16; 16; 1
31; 31H; >; 2; 19; 3; 20; 20; 1
31; 31H; >; 3; 15; 3; 26; 26; 1
31; 31H; >; 4; 22; 3; 30; 30; 1
31; 31H; >; 5; 23; 3; 35; 35; 1
31; 31H; >; 1; 17; 3; 36; 36; 2
31; 31H; >; 2; 19; 3; 40; 40; 2
31; 31H; >; 3; 15; 3; 46; 46; 2
31; 31H; >; 4; 22; 3; 50; 50; 2
31; 31H; >; 5; 23; 3; 55; 55; 2
31; 31H; >; 1; 17; 3; 56; 56; 3
31; 31H; >; 2; 19; 3; 0; 0; 3
31; 31H; >; 3; 15; 3; 6; 6; 3
31; 31H; >; 4; 22; 3; 10; 10; 3
31; 31H; >; 5; 23; 3; 15; 15; 3
31; 31R; <; 1; 23; 3; 46; 46; 1
31; 31R; <; 2; 22; 3; 51; 51; 1
31; 31R; <; 3; 15; 3; 55; 55; 1
31; 31R; <; 4; 19; 3; 1; 1; 1
31; 31R; <; 5; 17; 3; 5; 5; 1
31; 31R; <; 1; 23; 3; 6; 6; 2
31; 31R; <; 2; 22; 3; 11; 11; 2
31; 31R; <; 3; 15; 3; 15; 15; 2
31; 31R; <; 4; 19; 3; 21; 21; 2
31; 31R; <; 5; 17; 3; 25; 25; 2
31; 31R; <; 1; 23; 3; 26; 26; 3
31; 31R; <; 2; 22; 3; 31; 31; 3
31; 31R; <; 3; 15; 3; 35; 35; 3
31; 31R; <; 4; 19; 3; 41; 41; 3
31; 31R; <; 5; 17; 3; 45; 45; 3
33; 33H; >; 1; 14; 1; 0; 0; 1
33; 33H; >; 2; 15; 1; 5; 5; 1
33; 33H; >; 3; 10; 1; 13; 13; 1
33; 33H; >; 4; 16; 1; 19; 19; 1
33; 33H; >; 5; 18; 1; 25; 25; 1
33; 33R; <; 1; 18; 1; 30; 30; 1
33; 33R; <; 2; 16; 1; 36; 36; 1
33; 33R; <; 3; 10; 1; 42; 42; 1
33; 33R; <; 4; 15; 1; 50; 50; 1
33; 33R; <; 5; 14; 1; 55; 55; 1
36; 36H; >; 1; 13; 1; 0; 0; 1
36; 36H; >; 2; 24; 1; 5; 5; 1
36; 36H; >; 3; 21; 1; 10; 10; 1
36; 36H; >; 4; 20; 1; 16; 16; 1
36; 36H; >; 5; 19; 1; 24; 24; 1
36; 36R; <; 1; 19; 1; 30; 30; 1
36; 36R; <; 2; 20; 1; 38; 38; 1
36; 36R; <; 3; 21; 1; 44; 44; 1
36; 36R; <; 4; 24; 1; 49; 49; 1
36; 36R; <; 5; 13; 1; 54; 54; 1
39; 39H; >; 1; 9; 1; 0; 0; 1
39; 39H; >; 2; 10; 1; 4; 4; 1
39; 39H; >; 3; 15; 1; 12; 12; 1
39; 39H; >; 4; 22; 1; 16; 16; 1
39; 39H; >; 5; 23; 1; 21; 21; 1
39; 39R; <; 1; 23; 1; 30; 30; 1
39; 39R; <; 2; 22; 1; 35; 35; 1
39; 39R; <; 3; 15; 1; 39; 39; 1
39; 39R; <; 4; 10; 1; 47; 47; 1
39; 39R; <; 5; 9; 1; 51; 51; 1
40; 40H; >; 1; 9; 1; 0; 0; 1
40; 40H; >; 2; 10; 1; 4; 4; 1
40; 40H; >; 3; 15; 1; 12; 12; 1
40; 40H; >; 4; 22; 1; 16; 16; 1
40; 40H; >; 5; 20; 1; 24; 24; 1
40; 40R; <; 1; 20; 1; 30; 30; 1
40; 40R; <; 2; 22; 1; 38; 38; 1
40; 40R; <; 3; 15; 1; 42; 42; 1
40; 40R; <; 4; 10; 1; 50; 50; 1
40; 40R; <; 5; 9; 1; 54; 54; 1
41; 41H; >; 1; 9; 1; 0; 0; 1
41; 41H; >; 2; 10; 1; 4; 4; 1
41; 41H; >; 3; 11; 1; 9; 9; 1
41; 41H; >; 4; 12; 1; 14; 14; 1
41; 41H; >; 5; 13; 1; 30; 30; 1
41; 41R; <; 1; 13; 1; 30; 30; 1
41; 41R; <; 2; 12; 1; 46; 46; 1
41; 41R; <; 3; 11; 1; 51; 51; 1
41; 41R; <; 4; 10; 1; 56; 56; 1
41; 41R; <; 5; 9; 1; 0; 0; 1
42; 42H; >; 1; 8; 1; 0; 0; 1
42; 42H; >; 2; 16; 1; 4; 4; 1
42; 42H; >; 3; 10; 1; 10; 10; 1
42; 42H; >; 4; 15; 1; 18; 18; 1
42; 42H; >; 5; 22; 1; 22; 22; 1
42; 42R; <; 1; 22; 1; 30; 30; 1
42; 42R; <; 2; 15; 1; 34; 34; 1
42; 42R; <; 3; 10; 1; 42; 42; 1
42; 42R; <; 4; 16; 1; 48; 48; 1
42; 42R; <; 5; 8; 1; 52; 52; 1
43; 43H; >; 1; 7; 1; 0; 0; 1
43; 43H; >; 2; 8; 1; 6; 6; 1
43; 43H; >; 3; 9; 1; 12; 12; 1
43; 43H; >; 4; 10; 1; 16; 16; 1
43; 43H; >; 5; 15; 1; 24; 24; 1
43; 43R; <; 1; 15; 1; 30; 30; 1
43; 43R; <; 2; 10; 1; 38; 38; 1
43; 43R; <; 3; 9; 1; 42; 42; 1
43; 43R; <; 4; 8; 1; 48; 48; 1
43; 43R; <; 5; 7; 1; 54; 54; 1
44; 44H; >; 1; 5; 1; 0; 0; 1
44; 44H; >; 2; 6; 1; 6; 6; 1
44; 44H; >; 3; 8; 1; 10; 10; 1
44; 44H; >; 4; 7; 1; 16; 16; 1
44; 44H; >; 5; 18; 1; 20; 20; 1
44; 44R; <; 1; 18; 1; 30; 30; 1
44; 44R; <; 2; 7; 1; 34; 34; 1
44; 44R; <; 3; 8; 1; 40; 40; 1
44; 44R; <; 4; 6; 1; 44; 44; 1
44; 44R; <; 5; 5; 1; 50; 50; 1
46; 46H; >; 1; 3; 1; 0; 0; 1
46; 46H; >; 2; 4; 1; 5; 5; 1
46; 46H; >; 3; 11; 1; 12; 12; 1
46; 46H; >; 4; 10; 1; 17; 17; 1
46; 46H; >; 5; 17; 1; 24; 24; 1
46; 46R; <; 1; 17; 1; 30; 30; 1
46; 46R; <; 2; 10; 1; 37; 37; 1
46; 46R; <; 3; 11; 1; 42; 42; 1
46; 46R; <; 4; 4; 1; 49; 49; 1
46; 46R; <; 5; 3; 1; 54; 54; 1
50; 50H; >; 1; 14; 1; 0; 0; 1
50; 50H; >; 2; 15; 1; 5; 5; 1
50; 50H; >; 3; 19; 1; 11; 11; 1
50; 50H; >; 4; 17; 1; 15; 15; 1
50; 50R; <; 1; 17; 1; 30; 30; 1
50; 50R; <; 2; 19; 1; 34; 34; 1
50; 50R; <; 3; 15; 1; 40; 40; 1
50; 50R; <; 4; 14; 1; 45; 45; 1
52; 52H; >; 1; 11; 1; 0; 0; 1
52; 52H; >; 2; 14; 1; 8; 8; 1
52; 52H; >; 3; 23; 1; 12; 12; 1
52; 52H; >; 4; 24; 1; 17; 17; 1
52; 52R; <; 1; 24; 1; 30; 30; 1
52; 52R; <; 2; 23; 1; 35; 35; 1
52; 52R; <; 3; 14; 1; 39; 39; 1
52; 52R; <; 4; 11; 1; 47; 47; 1
54; 54H; >; 1; 13; 2; 0; 0; 1
54; 54H; >; 2; 24; 2; 5; 5; 1
54; 54H; >; 3; 23; 2; 10; 10; 1
54; 54H; >; 4; 14; 2; 14; 14; 1
54; 54H; >; 1; 13; 2; 30; 30; 2
54; 54H; >; 2; 24; 2; 35; 35; 2
54; 54H; >; 3; 23; 2; 40; 40; 2
54; 54H; >; 4; 14; 2; 44; 44; 2
54; 54R; <; 1; 14; 2; 30; 30; 1
54; 54R; <; 2; 23; 2; 34; 34; 1
54; 54R; <; 3; 24; 2; 39; 39; 1
54; 54R; <; 4; 13; 2; 44; 44; 1
54; 54R; <; 1; 14; 2; 0; 0; 2
54; 54R; <; 2; 23; 2; 4; 4; 2
54; 54R; <; 3; 24; 2; 9; 9; 2
54; 54R; <; 4; 13; 2; 14; 14; 2
57; 57H; >; 1; 9; 1; 0; 0; 1
57; 57H; >; 2; 10; 1; 4; 4; 1
57; 57H; >; 3; 17; 1; 11; 11; 1
57; 57H; >; 4; 19; 1; 15; 15; 1
57; 57R; <; 1; 19; 1; 30; 30; 1
57; 57R; <; 2; 17; 1; 34; 34; 1
57; 57R; <; 3; 10; 1; 41; 41; 1
57; 57R; <; 4; 9; 1; 45; 45; 1
59; 59H; >; 1; 7; 1; 0; 0; 1
59; 59H; >; 2; 18; 1; 4; 4; 1
59; 59H; >; 3; 20; 1; 21; 21; 1
59; 59H; >; 4; 19; 1; 29; 29; 1
59; 59R; <; 1; 19; 1; 30; 30; 1
59; 59R; <; 2; 20; 1; 38; 38; 1
59; 59R; <; 3; 18; 1; 55; 55; 1
59; 59R; <; 4; 7; 1; 59; 59; 1
60; 60H; >; 1; 7; 3; 0; 0; 1
60; 60H; >; 2; 8; 3; 6; 6; 1
60; 60H; >; 3; 16; 3; 10; 10; 1
60; 60H; >; 4; 17; 3; 14; 14; 1
60; 60H; >; 1; 7; 3; 20; 20; 2
60; 60H; >; 2; 8; 3; 26; 26; 2
60; 60H; >; 3; 16; 3; 30; 30; 2
60; 60H; >; 4; 17; 3; 34; 34; 2
60; 60H; >; 1; 7; 3; 40; 40; 3
60; 60H; >; 2; 8; 3; 46; 46; 3
60; 60H; >; 3; 16; 3; 50; 50; 3
60; 60H; >; 4; 17; 3; 54; 54; 3
60; 60R; <; 1; 17; 3; 30; 30; 1
60; 60R; <; 2; 16; 3; 34; 34; 1
60; 60R; <; 3; 8; 3; 38; 38; 1
60; 60R; <; 4; 7; 3; 44; 44; 1
60; 60R; <; 1; 17; 3; 50; 50; 2
60; 60R; <; 2; 16; 3; 54; 54; 2
60; 60R; <; 3; 8; 3; 58; 58; 2
60; 60R; <; 4; 7; 3; 4; 4; 2
60; 60R; <; 1; 17; 3; 10; 10; 3
60; 60R; <; 2; 16; 3; 14; 14; 3
60; 60R; <; 3; 8; 3; 18; 18; 3
60; 60R; <; 4; 7; 3; 24; 24; 3
61; 61H; >; 1; 5; 1; 0; 0; 1
61; 61H; >; 2; 9; 1; 4; 4; 1
61; 61H; >; 3; 10; 1; 8; 8; 1
61; 61H; >; 4; 17; 1; 15; 15; 1
61; 61R; <; 1; 17; 1; 30; 30; 1
61; 61R; <; 2; 10; 1; 37; 37; 1
61; 61R; <; 3; 9; 1; 41; 41; 1
61; 61R; <; 4; 5; 1; 45; 45; 1
62; 62H; >; 1; 5; 2; 19; 19; 1
62; 62H; >; 2; 9; 2; 23; 23; 1
62; 62H; >; 3; 10; 2; 27; 27; 1
62; 62H; >; 4; 16; 2; 33; 33; 1
62; 62H; >; 1; 5; 2; 49; 49; 2
62; 62H; >; 2; 9; 2; 53; 53; 2
62; 62H; >; 3; 10; 2; 57; 57; 2
62; 62H; >; 4; 16; 2; 3; 3; 2
62; 62R; <; 1; 16; 2; 49; 49; 1
62; 62R; <; 2; 10; 2; 55; 55; 1
62; 62R; <; 3; 9; 2; 59; 59; 1
62; 62R; <; 4; 5; 2; 3; 3; 1
62; 62R; <; 1; 16; 2; 19; 19; 2
62; 62R; <; 2; 10; 2; 25; 25; 2
62; 62R; <; 3; 9; 2; 29; 29; 2
62; 62R; <; 4; 5; 2; 33; 33; 2
63; 63H; >; 1; 4; 1; 0; 0; 1
63; 63H; >; 2; 5; 1; 5; 5; 1
63; 63H; >; 3; 6; 1; 11; 11; 1
63; 63H; >; 4; 2; 1; 15; 15; 1
63; 63R; <; 1; 2; 1; 30; 30; 1
63; 63R; <; 2; 6; 1; 34; 34; 1
63; 63R; <; 3; 5; 1; 40; 40; 1
63; 63R; <; 4; 4; 1; 45; 45; 1
64; 64H; >; 1; 3; 1; 0; 0; 1
64; 64H; >; 2; 4; 1; 5; 5; 1
64; 64H; >; 3; 5; 1; 10; 10; 1
64; 64H; >; 4; 6; 1; 16; 16; 1
64; 64R; <; 1; 6; 1; 30; 30; 1
64; 64R; <; 2; 5; 1; 36; 36; 1
64; 64R; <; 3; 4; 1; 41; 41; 1
64; 64R; <; 4; 3; 1; 46; 46; 1
70; 70H; >; 1; 24; 2; 0; 0; 1
70; 70H; >; 2; 13; 2; 5; 5; 1
70; 70H; >; 3; 12; 2; 21; 21; 1
70; 70H; >; 4; 3; 2; 28; 28; 1
70; 70H; >; 5; 1; 2; 32; 32; 1
70; 70H; >; 6; 2; 2; 48; 48; 1
70; 70H; >; 7; 6; 2; 52; 52; 1
70; 70H; >; 8; 8; 2; 56; 56; 1
70; 70H; >; 9; 16; 2; 0; 0; 1
70; 70H; >; 10; 18; 2; 6; 6; 1
70; 70H; >; 11; 7; 2; 10; 10; 1
70; 70H; >; 1; 24; 2; 30; 30; 2
70; 70H; >; 2; 13; 2; 35; 35; 2
70; 70H; >; 3; 12; 2; 51; 51; 2
70; 70H; >; 4; 3; 2; 58; 58; 2
70; 70H; >; 5; 1; 2; 2; 2; 2
70; 70H; >; 6; 2; 2; 18; 18; 2
70; 70H; >; 7; 6; 2; 22; 22; 2
70; 70H; >; 8; 8; 2; 26; 26; 2
70; 70H; >; 9; 16; 2; 30; 30; 2
70; 70H; >; 10; 18; 2; 36; 36; 2
70; 70H; >; 11; 7; 2; 40; 40; 2
70; 70R; <; 1; 7; 2; 30; 30; 1
70; 70R; <; 2; 18; 2; 34; 34; 1
70; 70R; <; 3; 16; 2; 40; 40; 1
70; 70R; <; 4; 8; 2; 44; 44; 1
70; 70R; <; 5; 6; 2; 48; 48; 1
70; 70R; <; 6; 2; 2; 52; 52; 1
70; 70R; <; 7; 1; 2; 8; 8; 1
70; 70R; <; 8; 3; 2; 12; 12; 1
70; 70R; <; 9; 12; 2; 19; 19; 1
70; 70R; <; 10; 13; 2; 35; 35; 1
70; 70R; <; 11; 24; 2; 40; 40; 1
70; 70R; <; 1; 7; 2; 0; 0; 2
70; 70R; <; 2; 18; 2; 4; 4; 2
70; 70R; <; 3; 16; 2; 10; 10; 2
70; 70R; <; 4; 8; 2; 14; 14; 2
70; 70R; <; 5; 6; 2; 18; 18; 2
70; 70R; <; 6; 2; 2; 22; 22; 2
70; 70R; <; 7; 1; 2; 38; 38; 2
70; 70R; <; 8; 3; 2; 42; 42; 2
70; 70R; <; 9; 12; 2; 49; 49; 2
70; 70R; <; 10; 13; 2; 5; 5; 2
70; 70R; <; 11; 24; 2; 10; 10; 2
72; 72H; >; 1; 18; 1; 0; 0; 1
72; 72H; >; 2; 7; 1; 4; 4; 1
72; 72H; >; 3; 8; 1; 10; 10; 1
72; 72H; >; 4; 16; 1; 14; 14; 1
72; 72H; >; 5; 17; 1; 18; 18; 1
72; 72H; >; 6; 19; 1; 22; 22; 1
72; 72H; >; 7; 20; 1; 30; 30; 1
72; 72H; >; 8; 22; 1; 38; 38; 1
72; 72H; >; 9; 21; 1; 43; 43; 1
72; 72H; >; 10; 24; 1; 48; 48; 1
72; 72H; >; 11; 13; 1; 53; 53; 1
72; 72R; <; 1; 13; 1; 0; 0; 1
72; 72R; <; 2; 24; 1; 5; 5; 1
72; 72R; <; 3; 21; 1; 10; 10; 1
72; 72R; <; 4; 22; 1; 15; 15; 1
72; 72R; <; 5; 20; 1; 23; 23; 1
72; 72R; <; 6; 19; 1; 31; 31; 1
72; 72R; <; 7; 17; 1; 35; 35; 1
72; 72R; <; 8; 16; 1; 39; 39; 1
72; 72R; <; 9; 8; 1; 43; 43; 1
72; 72R; <; 10; 7; 1; 49; 49; 1
72; 72R; <; 11; 18; 1; 53; 53; 1
73; 73H; >; 1; 23; 1; 0; 0; 1
73; 73H; >; 2; 14; 1; 4; 4; 1
73; 73H; >; 3; 11; 1; 12; 12; 1
73; 73H; >; 4; 4; 1; 19; 19; 1
73; 73H; >; 5; 5; 1; 24; 24; 1
73; 73H; >; 6; 9; 1; 28; 28; 1
73; 73H; >; 7; 10; 1; 32; 32; 1
73; 73H; >; 8; 15; 1; 40; 40; 1
73; 73H; >; 9; 19; 1; 46; 46; 1
73; 73R; <; 1; 19; 1; 0; 0; 1
73; 73R; <; 2; 15; 1; 6; 6; 1
73; 73R; <; 3; 10; 1; 14; 14; 1
73; 73R; <; 4; 9; 1; 18; 18; 1
73; 73R; <; 5; 5; 1; 22; 22; 1
73; 73R; <; 6; 4; 1; 27; 27; 1
73; 73R; <; 7; 11; 1; 34; 34; 1
73; 73R; <; 8; 14; 1; 42; 42; 1
73; 73R; <; 9; 23; 1; 46; 46; 1
74; 74H; >; 1; 24; 1; 0; 0; 1
74; 74H; >; 2; 13; 1; 5; 5; 1
74; 74H; >; 3; 12; 1; 21; 21; 1
74; 74H; >; 4; 3; 1; 28; 28; 1
74; 74H; >; 5; 4; 1; 33; 33; 1
74; 74H; >; 6; 5; 1; 38; 38; 1
74; 74H; >; 7; 9; 1; 42; 42; 1
74; 74H; >; 8; 10; 1; 46; 46; 1
74; 74H; >; 9; 17; 1; 53; 53; 1
74; 74R; <; 1; 17; 1; 0; 0; 1
74; 74R; <; 2; 10; 1; 7; 7; 1
74; 74R; <; 3; 9; 1; 11; 11; 1
74; 74R; <; 4; 5; 1; 15; 15; 1
74; 74R; <; 5; 4; 1; 20; 20; 1
74; 74R; <; 6; 3; 1; 25; 25; 1
74; 74R; <; 7; 12; 1; 32; 32; 1
74; 74R; <; 8; 13; 1; 48; 48; 1
74; 74R; <; 9; 24; 1; 53; 53; 1
75; 75H; >; 1; 20; 1; 0; 0; 1
75; 75H; >; 2; 21; 1; 6; 6; 1
75; 75H; >; 3; 22; 1; 11; 11; 1
75; 75H; >; 4; 15; 1; 15; 15; 1
75; 75H; >; 5; 14; 1; 20; 20; 1
75; 75H; >; 6; 23; 1; 24; 24; 1
75; 75H; >; 7; 24; 1; 29; 29; 1
75; 75H; >; 8; 13; 1; 34; 34; 1
75; 75R; <; 1; 13; 1; 0; 0; 1
75; 75R; <; 2; 24; 1; 5; 5; 1
75; 75R; <; 3; 23; 1; 10; 10; 1
75; 75R; <; 4; 14; 1; 14; 14; 1
75; 75R; <; 5; 15; 1; 19; 19; 1
75; 75R; <; 6; 22; 1; 23; 23; 1
75; 75R; <; 7; 21; 1; 28; 28; 1
75; 75R; <; 8; 20; 1; 34; 34; 1
76; 76H; >; 1; 23; 1; 0; 0; 1
76; 76H; >; 2; 14; 1; 4; 4; 1
76; 76H; >; 3; 11; 1; 12; 12; 1
76; 76H; >; 4; 4; 1; 19; 19; 1
76; 76H; >; 5; 5; 1; 24; 24; 1
76; 76H; >; 6; 9; 1; 28; 28; 1
76; 76H; >; 7; 10; 1; 32; 32; 1
76; 76H; >; 8; 17; 1; 39; 39; 1
76; 76R; <; 1; 17; 1; 0; 0; 1
76; 76R; <; 2; 10; 1; 7; 7; 1
76; 76R; <; 3; 9; 1; 11; 11; 1
76; 76R; <; 4; 5; 1; 15; 15; 1
76; 76R; <; 5; 4; 1; 20; 20; 1
76; 76R; <; 6; 11; 1; 27; 27; 1
76; 76R; <; 7; 14; 1; 35; 35; 1
76; 76R; <; 8; 23; 1; 39; 39; 1
77; 77H; >; 1; 14; 2; 0; 0; 1
77; 77H; >; 2; 11; 2; 8; 8; 1
77; 77H; >; 3; 10; 2; 13; 13; 1
77; 77H; >; 4; 15; 2; 21; 21; 1
77; 77H; >; 5; 22; 2; 25; 25; 1
77; 77H; >; 6; 23; 2; 30; 30; 1
77; 77H; >; 7; 24; 2; 35; 35; 1
77; 77H; >; 8; 13; 2; 40; 40; 1
77; 77H; >; 1; 14; 2; 30; 30; 2
77; 77H; >; 2; 11; 2; 38; 38; 2
77; 77H; >; 3; 10; 2; 43; 43; 2
77; 77H; >; 4; 15; 2; 51; 51; 2
77; 77H; >; 5; 22; 2; 55; 55; 2
77; 77H; >; 6; 23; 2; 0; 0; 2
77; 77H; >; 7; 24; 2; 5; 5; 2
77; 77H; >; 8; 13; 2; 10; 10; 2
77; 77R; <; 1; 13; 2; 0; 0; 1
77; 77R; <; 2; 24; 2; 5; 5; 1
77; 77R; <; 3; 23; 2; 10; 10; 1
77; 77R; <; 4; 22; 2; 15; 15; 1
77; 77R; <; 5; 15; 2; 19; 19; 1
77; 77R; <; 6; 10; 2; 27; 27; 1
77; 77R; <; 7; 11; 2; 32; 32; 1
77; 77R; <; 8; 14; 2; 40; 40; 1
77; 77R; <; 1; 13; 2; 30; 30; 2
77; 77R; <; 2; 24; 2; 35; 35; 2
77; 77R; <; 3; 23; 2; 40; 40; 2
77; 77R; <; 4; 22; 2; 45; 45; 2
77; 77R; <; 5; 15; 2; 49; 49; 2
77; 77R; <; 6; 10; 2; 57; 57; 2
77; 77R; <; 7; 11; 2; 2; 2; 2
77; 77R; <; 8; 14; 2; 10; 10; 2
79; 79H; >; 1; 20; 2; 0; 0; 1
79; 79H; >; 2; 21; 2; 6; 6; 1
79; 79H; >; 3; 22; 2; 11; 11; 1
79; 79H; >; 4; 15; 2; 15; 15; 1
79; 79H; >; 5; 10; 2; 23; 23; 1
79; 79H; >; 6; 11; 2; 28; 28; 1
79; 79H; >; 7; 12; 2; 33; 33; 1
79; 79H; >; 1; 20; 2; 30; 30; 2
79; 79H; >; 2; 21; 2; 36; 36; 2
79; 79H; >; 3; 22; 2; 41; 41; 2
79; 79H; >; 4; 15; 2; 45; 45; 2
79; 79H; >; 5; 10; 2; 53; 53; 2
79; 79H; >; 6; 11; 2; 58; 58; 2
79; 79H; >; 7; 12; 2; 3; 3; 2
79; 79R; <; 1; 12; 2; 0; 0; 1
79; 79R; <; 2; 11; 2; 5; 5; 1
79; 79R; <; 3; 10; 2; 10; 10; 1
79; 79R; <; 4; 15; 2; 18; 18; 1
79; 79R; <; 5; 22; 2; 22; 22; 1
79; 79R; <; 6; 21; 2; 27; 27; 1
79; 79R; <; 7; 20; 2; 33; 33; 1
79; 79R; <; 1; 12; 2; 30; 30; 2
79; 79R; <; 2; 11; 2; 35; 35; 2
79; 79R; <; 3; 10; 2; 40; 40; 2
79; 79R; <; 4; 15; 2; 48; 48; 2
79; 79R; <; 5; 22; 2; 52; 52; 2
79; 79R; <; 6; 21; 2; 57; 57; 2
79; 79R; <; 7; 20; 2; 3; 3; 2
82; 82H; >; 1; 18; 1; 0; 0; 1
82; 82H; >; 2; 7; 1; 4; 4; 1
82; 82H; >; 3; 8; 1; 10; 10; 1
82; 82H; >; 4; 16; 1; 14; 14; 1
82; 82H; >; 5; 10; 1; 20; 20; 1
82; 82H; >; 6; 11; 1; 25; 25; 1
82; 82H; >; 7; 12; 1; 30; 30; 1
82; 82R; <; 1; 12; 1; 30; 30; 1
82; 82R; <; 2; 11; 1; 35; 35; 1
82; 82R; <; 3; 10; 1; 40; 40; 1
82; 82R; <; 4; 16; 1; 46; 46; 1
82; 82R; <; 5; 8; 1; 50; 50; 1
82; 82R; <; 6; 7; 1; 56; 56; 1
82; 82R; <; 7; 18; 1; 0; 0; 1
84; 84H; >; 1; 18; 1; 0; 0; 1
84; 84H; >; 2; 7; 1; 4; 4; 1
84; 84H; >; 3; 8; 1; 10; 10; 1
84; 84H; >; 4; 9; 1; 16; 16; 1
84; 84H; >; 5; 5; 1; 20; 20; 1
84; 84H; >; 6; 6; 1; 26; 26; 1
84; 84H; >; 7; 2; 1; 30; 30; 1
84; 84R; <; 1; 2; 1; 30; 30; 1
84; 84R; <; 2; 6; 1; 34; 34; 1
84; 84R; <; 3; 5; 1; 40; 40; 1
84; 84R; <; 4; 9; 1; 44; 44; 1
84; 84R; <; 5; 8; 1; 50; 50; 1
84; 84R; <; 6; 7; 1; 56; 56; 1
84; 84R; <; 7; 18; 1; 0; 0; 1
86; 86H; >; 1; 20; 1; 0; 0; 1
86; 86H; >; 2; 21; 1; 6; 6; 1
86; 86H; >; 3; 22; 1; 11; 11; 1
86; 86H; >; 4; 23; 1; 16; 16; 1
86; 86H; >; 5; 24; 1; 21; 21; 1
86; 86H; >; 6; 13; 1; 26; 26; 1
86; 86R; <; 1; 13; 1; 30; 30; 1
86; 86R; <; 2; 24; 1; 35; 35; 1
86; 86R; <; 3; 23; 1; 40; 40; 1
86; 86R; <; 4; 22; 1; 45; 45; 1
86; 86R; <; 5; 21; 1; 50; 50; 1
86; 86R; <; 6; 20; 1; 56; 56; 1
90; 90H; >; 1; 19; 1; 0; 0; 1
90; 90H; >; 2; 17; 1; 4; 4; 1
90; 90H; >; 3; 16; 1; 8; 8; 1
90; 90H; >; 4; 8; 1; 12; 12; 1
90; 90H; >; 5; 7; 1; 18; 18; 1
90; 90H; >; 6; 18; 1; 22; 22; 1
90; 90R; <; 1; 18; 1; 30; 30; 1
90; 90R; <; 2; 7; 1; 34; 34; 1
90; 90R; <; 3; 8; 1; 40; 40; 1
90; 90R; <; 4; 16; 1; 44; 44; 1
90; 90R; <; 5; 17; 1; 48; 48; 1
90; 90R; <; 6; 19; 1; 52; 52; 1
92; 92H; >; 1; 2; 1; 0; 0; 1
92; 92H; >; 2; 6; 1; 4; 4; 1
92; 92H; >; 3; 5; 1; 10; 10; 1
92; 92H; >; 4; 4; 1; 15; 15; 1
92; 92H; >; 5; 3; 1; 20; 20; 1
92; 92H; >; 6; 1; 1; 24; 24; 1
92; 92R; <; 1; 1; 1; 30; 30; 1
92; 92R; <; 2; 3; 1; 34; 34; 1
92; 92R; <; 3; 4; 1; 39; 39; 1
92; 92R; <; 4; 5; 1; 44; 44; 1
92; 92R; <; 5; 6; 1; 50; 50; 1
92; 92R; <; 6; 2; 1; 54; 54; 1
93; 93H; >; 1; 14; 1; 0; 0; 1
93; 93H; >; 2; 11; 1; 8; 8; 1
93; 93H; >; 3; 10; 1; 13; 13; 1
93; 93H; >; 4; 9; 1; 17; 17; 1
93; 93H; >; 5; 5; 1; 21; 21; 1
93; 93R; <; 1; 5; 1; 30; 30; 1
93; 93R; <; 2; 9; 1; 34; 34; 1
93; 93R; <; 3; 10; 1; 38; 38; 1
93; 93R; <; 4; 11; 1; 43; 43; 1
93; 93R; <; 5; 14; 1; 51; 51; 1
94; 94H; >; 1; 14; 4; 0; 0; 1
94; 94H; >; 2; 11; 4; 8; 8; 1
94; 94H; >; 3; 4; 4; 15; 15; 1
94; 94H; >; 4; 3; 4; 20; 20; 1
94; 94H; >; 5; 1; 4; 24; 24; 1
94; 94H; >; 1; 14; 4; 15; 15; 2
94; 94H; >; 2; 11; 4; 23; 23; 2
94; 94H; >; 3; 4; 4; 30; 30; 2
94; 94H; >; 4; 3; 4; 35; 35; 2
94; 94H; >; 5; 1; 4; 39; 39; 2
94; 94H; >; 1; 14; 4; 30; 30; 3
94; 94H; >; 2; 11; 4; 38; 38; 3
94; 94H; >; 3; 4; 4; 45; 45; 3
94; 94H; >; 4; 3; 4; 50; 50; 3
94; 94H; >; 5; 1; 4; 54; 54; 3
94; 94H; >; 1; 14; 4; 45; 45; 4
94; 94H; >; 2; 11; 4; 53; 53; 4
94; 94H; >; 3; 4; 4; 0; 0; 4
94; 94H; >; 4; 3; 4; 5; 5; 4
94; 94H; >; 5; 1; 4; 9; 9; 4
94; 94R; <; 1; 1; 4; 30; 30; 1
94; 94R; <; 2; 3; 4; 34; 34; 1
94; 94R; <; 3; 4; 4; 39; 39; 1
94; 94R; <; 4; 11; 4; 46; 46; 1
94; 94R; <; 5; 14; 4; 54; 54; 1
94; 94R; <; 1; 1; 4; 45; 45; 2
94; 94R; <; 2; 3; 4; 49; 49; 2
94; 94R; <; 3; 4; 4; 54; 54; 2
94; 94R; <; 4; 11; 4; 1; 1; 2
94; 94R; <; 5; 14; 4; 9; 9; 2
94; 94R; <; 1; 1; 4; 0; 0; 3
94; 94R; <; 2; 3; 4; 4; 4; 3
94; 94R; <; 3; 4; 4; 9; 9; 3
94; 94R; <; 4; 11; 4; 16; 16; 3
94; 94R; <; 5; 14; 4; 24; 24; 3
94; 94R; <; 1; 1; 4; 15; 15; 4
94; 94R; <; 2; 3; 4; 19; 19; 4
94; 94R; <; 3; 4; 4; 24; 24; 4
94; 94R; <; 4; 11; 4; 31; 31; 4
94; 94R; <; 5; 14; 4; 39; 39; 4
95; 95H; >; 1; 12; 4; 10; 10; 1
95; 95H; >; 2; 11; 4; 15; 15; 1
95; 95H; >; 3; 10; 4; 20; 20; 1
95; 95H; >; 4; 9; 4; 24; 24; 1
95; 95H; >; 5; 5; 4; 28; 28; 1
95; 95H; >; 1; 12; 4; 25; 25; 2
95; 95H; >; 2; 11; 4; 30; 30; 2
95; 95H; >; 3; 10; 4; 35; 35; 2
95; 95H; >; 4; 9; 4; 39; 39; 2
95; 95H; >; 5; 5; 4; 43; 43; 2
95; 95H; >; 1; 12; 4; 40; 40; 3
95; 95H; >; 2; 11; 4; 45; 45; 3
95; 95H; >; 3; 10; 4; 50; 50; 3
95; 95H; >; 4; 9; 4; 54; 54; 3
95; 95H; >; 5; 5; 4; 58; 58; 3
95; 95H; >; 1; 12; 4; 55; 55; 4
95; 95H; >; 2; 11; 4; 0; 0; 4
95; 95H; >; 3; 10; 4; 5; 5; 4
95; 95H; >; 4; 9; 4; 9; 9; 4
95; 95H; >; 5; 5; 4; 13; 13; 4
95; 95R; <; 1; 5; 4; 40; 40; 1
95; 95R; <; 2; 9; 4; 44; 44; 1
95; 95R; <; 3; 10; 4; 48; 48; 1
95; 95R; <; 4; 11; 4; 53; 53; 1
95; 95R; <; 5; 12; 4; 58; 58; 1
95; 95R; <; 1; 5; 4; 55; 55; 2
95; 95R; <; 2; 9; 4; 59; 59; 2
95; 95R; <; 3; 10; 4; 3; 3; 2
95; 95R; <; 4; 11; 4; 8; 8; 2
95; 95R; <; 5; 12; 4; 13; 13; 2
95; 95R; <; 1; 5; 4; 10; 10; 3
95; 95R; <; 2; 9; 4; 14; 14; 3
95; 95R; <; 3; 10; 4; 18; 18; 3
95; 95R; <; 4; 11; 4; 23; 23; 3
95; 95R; <; 5; 12; 4; 28; 28; 3
95; 95R; <; 1; 5; 4; 25; 25; 4
95; 95R; <; 2; 9; 4; 29; 29; 4
95; 95R; <; 3; 10; 4; 33; 33; 4
95; 95R; <; 4; 11; 4; 38; 38; 4
95; 95R; <; 5; 12; 4; 43; 43; 4
96; 96H; >; 1; 12; 1; 0; 0; 1
96; 96H; >; 2; 11; 1; 5; 5; 1
96; 96H; >; 3; 4; 1; 12; 12; 1
96; 96H; >; 4; 3; 1; 17; 17; 1
96; 96H; >; 5; 1; 1; 21; 21; 1
96; 96R; <; 1; 1; 1; 30; 30; 1
96; 96R; <; 2; 3; 1; 34; 34; 1
96; 96R; <; 3; 4; 1; 39; 39; 1
96; 96R; <; 4; 11; 1; 46; 46; 1
96; 96R; <; 5; 12; 1; 51; 51; 1
104; 104H; >; 1; 21; 1; 0; 0; 1
104; 104H; >; 2; 22; 1; 5; 5; 1
104; 104H; >; 3; 23; 1; 10; 10; 1
104; 104R; <; 1; 23; 1; 30; 30; 1
104; 104R; <; 2; 22; 1; 35; 35; 1
104; 104R; <; 3; 21; 1; 40; 40; 1
115; 115H; >; 1; 14; 3; 0; 0; 1
115; 115H; >; 2; 23; 3; 4; 4; 1
115; 115H; >; 1; 14; 3; 20; 20; 2
115; 115H; >; 2; 23; 3; 24; 24; 2
115; 115H; >; 1; 14; 3; 40; 40; 3
115; 115H; >; 2; 23; 3; 44; 44; 3
115; 115R; <; 1; 23; 3; 30; 30; 1
115; 115R; <; 2; 14; 3; 34; 34; 1
115; 115R; <; 1; 23; 3; 50; 50; 2
115; 115R; <; 2; 14; 3; 54; 54; 2
115; 115R; <; 1; 23; 3; 10; 10; 3
115; 115R; <; 2; 14; 3; 14; 14; 3
124; 124H; >; 1; 12; 2; 0; 0; 1
124; 124H; >; 2; 11; 2; 5; 5; 1
124; 124H; >; 3; 10; 2; 10; 10; 1
124; 124H; >; 4; 16; 2; 16; 16; 1
124; 124H; >; 5; 18; 2; 22; 22; 1
124; 124H; >; 1; 12; 2; 30; 30; 2
124; 124H; >; 2; 11; 2; 35; 35; 2
124; 124H; >; 3; 10; 2; 40; 40; 2
124; 124H; >; 4; 16; 2; 46; 46; 2
124; 124H; >; 5; 18; 2; 52; 52; 2
124; 124R; <; 1; 18; 2; 30; 30; 1
124; 124R; <; 2; 16; 2; 36; 36; 1
124; 124R; <; 3; 10; 2; 42; 42; 1
124; 124R; <; 4; 11; 2; 47; 47; 1
124; 124R; <; 5; 12; 2; 52; 52; 1
124; 124R; <; 1; 18; 2; 0; 0; 2
124; 124R; <; 2; 16; 2; 6; 6; 2
124; 124R; <; 3; 10; 2; 12; 12; 2
124; 124R; <; 4; 11; 2; 17; 17; 2
124; 124R; <; 5; 12; 2; 22; 22; 2
125; 125H; >; 1; 9; 1; 0; 0; 1
125; 125H; >; 2; 8; 1; 6; 6; 1
125; 125H; >; 3; 7; 1; 12; 12; 1
125; 125R; <; 1; 7; 1; 30; 30; 1
125; 125R; <; 2; 8; 1; 36; 36; 1
125; 125R; <; 3; 9; 1; 42; 42; 1
126; 126H; >; 1; 12; 2; 0; 0; 1
126; 126H; >; 2; 11; 2; 5; 5; 1
126; 126H; >; 3; 10; 2; 10; 10; 1
126; 126H; >; 4; 17; 2; 17; 17; 1
126; 126H; >; 1; 12; 2; 30; 30; 2
126; 126H; >; 2; 11; 2; 35; 35; 2
126; 126H; >; 3; 10; 2; 40; 40; 2
126; 126H; >; 4; 17; 2; 47; 47; 2
126; 126R; <; 1; 17; 2; 30; 30; 1
126; 126R; <; 2; 10; 2; 37; 37; 1
126; 126R; <; 3; 11; 2; 42; 42; 1
126; 126R; <; 4; 12; 2; 47; 47; 1
126; 126R; <; 1; 17; 2; 0; 0; 2
126; 126R; <; 2; 10; 2; 7; 7; 2
126; 126R; <; 3; 11; 2; 12; 12; 2
126; 126R; <; 4; 12; 2; 17; 17; 2
127; 127H; >; 1; 14; 1; 0; 0; 1
127; 127H; >; 2; 15; 1; 5; 5; 1
127; 127H; >; 3; 19; 1; 11; 11; 1
127; 127R; <; 1; 19; 1; 30; 30; 1
127; 127R; <; 2; 15; 1; 36; 36; 1
127; 127R; <; 3; 14; 1; 41; 41; 1
130; 130H; >; 1; 1; 1; 0; 0; 1
130; 130H; >; 2; 3; 1; 4; 4; 1
130; 130H; >; 3; 12; 1; 11; 11; 1
130; 130H; >; 4; 13; 1; 27; 27; 1
130; 130R; <; 1; 13; 1; 30; 30; 1
130; 130R; <; 2; 12; 1; 46; 46; 1
130; 130R; <; 3; 3; 1; 53; 53; 1
130; 130R; <; 4; 1; 1; 57; 57; 1
131; 131H; >; 1; 4; 1; 0; 0; 1
131; 131H; >; 2; 11; 1; 7; 7; 1
131; 131H; >; 3; 14; 1; 15; 15; 1
131; 131H; >; 4; 23; 1; 19; 19; 1
131; 131H; >; 5; 24; 1; 24; 24; 1
131; 131R; <; 1; 24; 1; 30; 30; 1
131; 131R; <; 2; 23; 1; 35; 35; 1
131; 131R; <; 3; 14; 1; 39; 39; 1
131; 131R; <; 4; 11; 1; 47; 47; 1
131; 131R; <; 5; 4; 1; 54; 54; 1
132; 132H; >; 1; 5; 1; 0; 0; 1
132; 132H; >; 2; 9; 1; 4; 4; 1
132; 132H; >; 3; 10; 1; 8; 8; 1
132; 132H; >; 4; 15; 1; 16; 16; 1
132; 132H; >; 5; 22; 1; 20; 20; 1
132; 132H; >; 6; 21; 1; 25; 25; 1
132; 132R; <; 1; 21; 1; 30; 30; 1
132; 132R; <; 2; 22; 1; 35; 35; 1
132; 132R; <; 3; 15; 1; 39; 39; 1
132; 132R; <; 4; 10; 1; 47; 47; 1
132; 132R; <; 5; 9; 1; 51; 51; 1
132; 132R; <; 6; 5; 1; 55; 55; 1
133; 133H; >; 1; 2; 9; 4; 4; 1
133; 133H; >; 2; 6; 9; 8; 8; 1
133; 133H; >; 3; 8; 9; 12; 12; 1
133; 133H; >; 4; 16; 9; 16; 16; 1
133; 133H; >; 5; 17; 9; 20; 20; 1
133; 133H; >; 6; 19; 9; 24; 24; 1
133; 133H; >; 7; 20; 9; 32; 32; 1
133; 133H; >; 1; 2; 9; 10; 10; 2
133; 133H; >; 2; 6; 9; 14; 14; 2
133; 133H; >; 3; 8; 9; 18; 18; 2
133; 133H; >; 4; 16; 9; 22; 22; 2
133; 133H; >; 5; 17; 9; 26; 26; 2
133; 133H; >; 6; 19; 9; 30; 30; 2
133; 133H; >; 7; 20; 9; 38; 38; 2
133; 133H; >; 1; 2; 9; 17; 17; 3
133; 133H; >; 2; 6; 9; 21; 21; 3
133; 133H; >; 3; 8; 9; 25; 25; 3
133; 133H; >; 4; 16; 9; 29; 29; 3
133; 133H; >; 5; 17; 9; 33; 33; 3
133; 133H; >; 6; 19; 9; 37; 37; 3
133; 133H; >; 7; 20; 9; 45; 45; 3
133; 133H; >; 1; 2; 9; 23; 23; 4
133; 133H; >; 2; 6; 9; 27; 27; 4
133; 133H; >; 3; 8; 9; 31; 31; 4
133; 133H; >; 4; 16; 9; 35; 35; 4
133; 133H; >; 5; 17; 9; 39; 39; 4
133; 133H; >; 6; 19; 9; 43; 43; 4
133; 133H; >; 7; 20; 9; 51; 51; 4
133; 133H; >; 1; 2; 9; 30; 30; 5
133; 133H; >; 2; 6; 9; 34; 34; 5
133; 133H; >; 3; 8; 9; 38; 38; 5
133; 133H; >; 4; 16; 9; 42; 42; 5
133; 133H; >; 5; 17; 9; 46; 46; 5
133; 133H; >; 6; 19; 9; 50; 50; 5
133; 133H; >; 7; 20; 9; 58; 58; 5
133; 133H; >; 1; 2; 9; 37; 37; 6
133; 133H; >; 2; 6; 9; 41; 41; 6
133; 133H; >; 3; 8; 9; 45; 45; 6
133; 133H; >; 4; 16; 9; 49; 49; 6
133; 133H; >; 5; 17; 9; 53; 53; 6
133; 133H; >; 6; 19; 9; 57; 57; 6
133; 133H; >; 7; 20; 9; 5; 5; 6
133; 133H; >; 1; 2; 9; 43; 43; 7
133; 133H; >; 2; 6; 9; 47; 47; 7
133; 133H; >; 3; 8; 9; 51; 51; 7
133; 133H; >; 4; 16; 9; 55; 55; 7
133; 133H; >; 5; 17; 9; 59; 59; 7
133; 133H; >; 6; 19; 9; 3; 3; 7
133; 133H; >; 7; 20; 9; 11; 11; 7
133; 133H; >; 1; 2; 9; 50; 50; 8
133; 133H; >; 2; 6; 9; 54; 54; 8
133; 133H; >; 3; 8; 9; 58; 58; 8
133; 133H; >; 4; 16; 9; 2; 2; 8
133; 133H; >; 5; 17; 9; 6; 6; 8
133; 133H; >; 6; 19; 9; 10; 10; 8
133; 133H; >; 7; 20; 9; 18; 18; 8
133; 133H; >; 1; 2; 9; 57; 57; 9
133; 133H; >; 2; 6; 9; 1; 1; 9
133; 133H; >; 3; 8; 9; 5; 5; 9
133; 133H; >; 4; 16; 9; 9; 9; 9
133; 133H; >; 5; 17; 9; 13; 13; 9
133; 133H; >; 6; 19; 9; 17; 17; 9
133; 133H; >; 7; 20; 9; 25; 25; 9
133; 133R; <; 1; 20; 9; 34; 34; 1
133; 133R; <; 2; 19; 9; 42; 42; 1
133; 133R; <; 3; 17; 9; 46; 46; 1
133; 133R; <; 4; 16; 9; 50; 50; 1
133; 133R; <; 5; 8; 9; 54; 54; 1
133; 133R; <; 6; 6; 9; 58; 58; 1
133; 133R; <; 7; 2; 9; 2; 2; 1
133; 133R; <; 1; 20; 9; 40; 40; 2
133; 133R; <; 2; 19; 9; 48; 48; 2
133; 133R; <; 3; 17; 9; 52; 52; 2
133; 133R; <; 4; 16; 9; 56; 56; 2
133; 133R; <; 5; 8; 9; 0; 0; 2
133; 133R; <; 6; 6; 9; 4; 4; 2
133; 133R; <; 7; 2; 9; 8; 8; 2
133; 133R; <; 1; 20; 9; 47; 47; 3
133; 133R; <; 2; 19; 9; 55; 55; 3
133; 133R; <; 3; 17; 9; 59; 59; 3
133; 133R; <; 4; 16; 9; 3; 3; 3
133; 133R; <; 5; 8; 9; 7; 7; 3
133; 133R; <; 6; 6; 9; 11; 11; 3
133; 133R; <; 7; 2; 9; 15; 15; 3
133; 133R; <; 1; 20; 9; 53; 53; 4
133; 133R; <; 2; 19; 9; 1; 1; 4
133; 133R; <; 3; 17; 9; 5; 5; 4
133; 133R; <; 4; 16; 9; 9; 9; 4
133; 133R; <; 5; 8; 9; 13; 13; 4
133; 133R; <; 6; 6; 9; 17; 17; 4
133; 133R; <; 7; 2; 9; 21; 21; 4
133; 133R; <; 1; 20; 9; 0; 0; 5
133; 133R; <; 2; 19; 9; 8; 8; 5
133; 133R; <; 3; 17; 9; 12; 12; 5
133; 133R; <; 4; 16; 9; 16; 16; 5
133; 133R; <; 5; 8; 9; 20; 20; 5
133; 133R; <; 6; 6; 9; 24; 24; 5
133; 133R; <; 7; 2; 9; 28; 28; 5
133; 133R; <; 1; 20; 9; 7; 7; 6
133; 133R; <; 2; 19; 9; 15; 15; 6
133; 133R; <; 3; 17; 9; 19; 19; 6
133; 133R; <; 4; 16; 9; 23; 23; 6
133; 133R; <; 5; 8; 9; 27; 27; 6
133; 133R; <; 6; 6; 9; 31; 31; 6
133; 133R; <; 7; 2; 9; 35; 35; 6
133; 133R; <; 1; 20; 9; 13; 13; 7
133; 133R; <; 2; 19; 9; 21; 21; 7
133; 133R; <; 3; 17; 9; 25; 25; 7
133; 133R; <; 4; 16; 9; 29; 29; 7
133; 133R; <; 5; 8; 9; 33; 33; 7
133; 133R; <; 6; 6; 9; 37; 37; 7
133; 133R; <; 7; 2; 9; 41; 41; 7
133; 133R; <; 1; 20; 9; 20; 20; 8
133; 133R; <; 2; 19; 9; 28; 28; 8
133; 133R; <; 3; 17; 9; 32; 32; 8
133; 133R; <; 4; 16; 9; 36; 36; 8
133; 133R; <; 5; 8; 9; 40; 40; 8
133; 133R; <; 6; 6; 9; 44; 44; 8
133; 133R; <; 7; 2; 9; 48; 48; 8
133; 133R; <; 1; 20; 9; 27; 27; 9
133; 133R; <; 2; 19; 9; 35; 35; 9
133; 133R; <; 3; 17; 9; 39; 39; 9
133; 133R; <; 4; 16; 9; 43; 43; 9
133; 133R; <; 5; 8; 9; 47; 47; 9
133; 133R; <; 6; 6; 9; 51; 51; 9
133; 133R; <; 7; 2; 9; 55; 55; 9
