#event-id; time
1; 0
2; 6
3; 6
4; 11
5; 11
6; 16
7; 16
8; 32
9; 32
10; 39
11; 39
12; 43
13; 0
14; 4
15; 4
16; 11
17; 11
18; 27
19; 27
20; 32
21; 32
22; 37
23; 37
24; 43
25; 0
26; 4
27; 4
28; 8
29; 8
30; 14
31; 14
32; 18
33; 18
34; 35
35; 35
36; 41
37; 0
38; 6
39; 6
40; 23
41; 23
42; 27
43; 27
44; 33
45; 33
46; 37
47; 37
48; 41
49; 0
50; 4
51; 4
52; 11
53; 11
54; 16
55; 16
56; 24
57; 24
58; 28
59; 28
60; 33
61; 30
62; 34
63; 34
64; 41
65; 41
66; 46
67; 46
68; 54
69; 54
70; 58
71; 58
72; 3
73; 0
74; 5
75; 5
76; 9
77; 9
78; 17
79; 17
80; 22
81; 22
82; 29
83; 29
84; 33
85; 30
86; 35
87; 35
88; 39
89; 39
90; 47
91; 47
92; 52
93; 52
94; 59
95; 59
96; 3
97; 0
98; 4
99; 4
100; 11
101; 11
102; 16
103; 16
104; 21
105; 21
106; 28
107; 28
108; 32
109; 8
110; 12
111; 12
112; 19
113; 19
114; 24
115; 24
116; 29
117; 29
118; 36
119; 36
120; 40
121; 17
122; 21
123; 21
124; 28
125; 28
126; 33
127; 33
128; 38
129; 38
130; 45
131; 45
132; 49
133; 25
134; 29
135; 29
136; 36
137; 36
138; 41
139; 41
140; 46
141; 46
142; 53
143; 53
144; 57
145; 34
146; 38
147; 38
148; 45
149; 45
150; 50
151; 50
152; 55
153; 55
154; 2
155; 2
156; 6
157; 42
158; 46
159; 46
160; 53
161; 53
162; 58
163; 58
164; 3
165; 3
166; 10
167; 10
168; 14
169; 51
170; 55
171; 55
172; 2
173; 2
174; 7
175; 7
176; 12
177; 12
178; 19
179; 19
180; 23
181; 0
182; 4
183; 4
184; 11
185; 11
186; 16
187; 16
188; 21
189; 21
190; 28
191; 28
192; 32
193; 8
194; 12
195; 12
196; 19
197; 19
198; 24
199; 24
200; 29
201; 29
202; 36
203; 36
204; 40
205; 17
206; 21
207; 21
208; 28
209; 28
210; 33
211; 33
212; 38
213; 38
214; 45
215; 45
216; 49
217; 25
218; 29
219; 29
220; 36
221; 36
222; 41
223; 41
224; 46
225; 46
226; 53
227; 53
228; 57
229; 34
230; 38
231; 38
232; 45
233; 45
234; 50
235; 50
236; 55
237; 55
238; 2
239; 2
240; 6
241; 42
242; 46
243; 46
244; 53
245; 53
246; 58
247; 58
248; 3
249; 3
250; 10
251; 10
252; 14
253; 51
254; 55
255; 55
256; 2
257; 2
258; 7
259; 7
260; 12
261; 12
262; 19
263; 19
264; 23
265; 0
266; 5
267; 5
268; 10
269; 10
270; 26
271; 26
272; 31
273; 31
274; 38
275; 0
276; 7
277; 7
278; 12
279; 12
280; 28
281; 28
282; 33
283; 33
284; 38
285; 0
286; 5
287; 5
288; 13
289; 13
290; 19
291; 19
292; 23
293; 23
294; 29
295; 30
296; 36
297; 36
298; 40
299; 40
300; 46
301; 46
302; 54
303; 54
304; 59
305; 0
306; 4
307; 4
308; 12
309; 12
310; 16
311; 16
312; 21
313; 21
314; 26
315; 15
316; 19
317; 19
318; 27
319; 27
320; 31
321; 31
322; 36
323; 36
324; 41
325; 30
326; 34
327; 34
328; 42
329; 42
330; 46
331; 46
332; 51
333; 51
334; 56
335; 45
336; 49
337; 49
338; 57
339; 57
340; 1
341; 1
342; 6
343; 6
344; 11
345; 30
346; 35
347; 35
348; 40
349; 40
350; 44
351; 44
352; 52
353; 52
354; 56
355; 45
356; 50
357; 50
358; 55
359; 55
360; 59
361; 59
362; 7
363; 7
364; 11
365; 0
366; 5
367; 5
368; 10
369; 10
370; 14
371; 14
372; 22
373; 22
374; 26
375; 15
376; 20
377; 20
378; 25
379; 25
380; 29
381; 29
382; 37
383; 37
384; 41
385; 0
386; 4
387; 4
388; 10
389; 10
390; 27
391; 27
392; 33
393; 33
394; 38
395; 0
396; 5
397; 5
398; 11
399; 11
400; 28
401; 28
402; 34
403; 34
404; 38
405; 0
406; 4
407; 4
408; 10
409; 10
410; 15
411; 15
412; 23
413; 23
414; 27
415; 7
416; 11
417; 11
418; 17
419; 17
420; 22
421; 22
422; 30
423; 30
424; 34
425; 15
426; 19
427; 19
428; 25
429; 25
430; 30
431; 30
432; 38
433; 38
434; 42
435; 22
436; 26
437; 26
438; 32
439; 32
440; 37
441; 37
442; 45
443; 45
444; 49
445; 30
446; 34
447; 34
448; 40
449; 40
450; 45
451; 45
452; 53
453; 53
454; 57
455; 37
456; 41
457; 41
458; 47
459; 47
460; 52
461; 52
462; 0
463; 0
464; 4
465; 45
466; 49
467; 49
468; 55
469; 55
470; 0
471; 0
472; 8
473; 8
474; 12
475; 52
476; 56
477; 56
478; 2
479; 2
480; 7
481; 7
482; 15
483; 15
484; 19
485; 30
486; 34
487; 34
488; 42
489; 42
490; 47
491; 47
492; 53
493; 53
494; 57
495; 37
496; 41
497; 41
498; 49
499; 49
500; 54
501; 54
502; 0
503; 0
504; 4
505; 45
506; 49
507; 49
508; 57
509; 57
510; 2
511; 2
512; 8
513; 8
514; 12
515; 52
516; 56
517; 56
518; 4
519; 4
520; 9
521; 9
522; 15
523; 15
524; 19
525; 0
526; 4
527; 4
528; 12
529; 12
530; 17
531; 17
532; 23
533; 23
534; 27
535; 7
536; 11
537; 11
538; 19
539; 19
540; 24
541; 24
542; 30
543; 30
544; 34
545; 15
546; 19
547; 19
548; 27
549; 27
550; 32
551; 32
552; 38
553; 38
554; 42
555; 22
556; 26
557; 26
558; 34
559; 34
560; 39
561; 39
562; 45
563; 45
564; 49
565; 0
566; 4
567; 4
568; 10
569; 10
570; 15
571; 15
572; 20
573; 20
574; 36
575; 20
576; 24
577; 24
578; 30
579; 30
580; 35
581; 35
582; 40
583; 40
584; 56
585; 40
586; 44
587; 44
588; 50
589; 50
590; 55
591; 55
592; 0
593; 0
594; 16
595; 0
596; 16
597; 16
598; 21
599; 21
600; 26
601; 26
602; 32
603; 32
604; 36
605; 20
606; 36
607; 36
608; 41
609; 41
610; 46
611; 46
612; 52
613; 52
614; 56
615; 40
616; 56
617; 56
618; 1
619; 1
620; 6
621; 6
622; 12
623; 12
624; 16
625; 0
626; 4
627; 4
628; 21
629; 21
630; 29
631; 29
632; 34
633; 34
634; 38
635; 0
636; 4
637; 4
638; 9
639; 9
640; 17
641; 17
642; 34
643; 34
644; 38
645; 0
646; 4
647; 4
648; 21
649; 21
650; 27
651; 27
652; 32
653; 32
654; 37
655; 0
656; 5
657; 5
658; 10
659; 10
660; 16
661; 16
662; 33
663; 33
664; 37
665; 0
666; 7
667; 7
668; 12
669; 12
670; 20
671; 20
672; 24
673; 24
674; 29
675; 30
676; 35
677; 35
678; 39
679; 39
680; 47
681; 47
682; 52
683; 52
684; 59
685; 0
686; 7
687; 7
688; 12
689; 12
690; 20
691; 20
692; 24
693; 24
694; 32
695; 0
696; 8
697; 8
698; 12
699; 12
700; 20
701; 20
702; 25
703; 25
704; 32
705; 0
706; 5
707; 5
708; 12
709; 12
710; 17
711; 17
712; 23
713; 23
714; 29
715; 30
716; 36
717; 36
718; 42
719; 42
720; 47
721; 47
722; 54
723; 54
724; 59
725; 0
726; 5
727; 5
728; 12
729; 12
730; 17
731; 17
732; 25
733; 25
734; 29
735; 30
736; 34
737; 34
738; 42
739; 42
740; 47
741; 47
742; 54
743; 54
744; 59
745; 0
746; 5
747; 5
748; 12
749; 12
750; 17
751; 17
752; 25
753; 25
754; 31
755; 0
756; 6
757; 6
758; 14
759; 14
760; 19
761; 19
762; 26
763; 26
764; 31
765; 0
766; 5
767; 5
768; 10
769; 10
770; 14
771; 14
772; 20
773; 20
774; 26
775; 30
776; 36
777; 36
778; 42
779; 42
780; 46
781; 46
782; 51
783; 51
784; 56
785; 43
786; 47
787; 47
788; 51
789; 51
790; 57
791; 57
792; 1
793; 1
794; 9
795; 58
796; 2
797; 2
798; 6
799; 6
800; 12
801; 12
802; 16
803; 16
804; 24
805; 13
806; 17
807; 17
808; 21
809; 21
810; 27
811; 27
812; 31
813; 31
814; 39
815; 28
816; 32
817; 32
818; 36
819; 36
820; 42
821; 42
822; 46
823; 46
824; 54
825; 13
826; 21
827; 21
828; 25
829; 25
830; 31
831; 31
832; 35
833; 35
834; 39
835; 28
836; 36
837; 36
838; 40
839; 40
840; 46
841; 46
842; 50
843; 50
844; 54
845; 43
846; 51
847; 51
848; 55
849; 55
850; 1
851; 1
852; 5
853; 5
854; 9
855; 58
856; 6
857; 6
858; 10
859; 10
860; 16
861; 16
862; 20
863; 20
864; 24
865; 0
866; 4
867; 4
868; 11
869; 11
870; 16
871; 16
872; 24
873; 24
874; 29
875; 30
876; 35
877; 35
878; 43
879; 43
880; 48
881; 48
882; 55
883; 55
884; 59
885; 0
886; 4
887; 4
888; 12
889; 12
890; 18
891; 18
892; 23
893; 30
894; 34
895; 34
896; 42
897; 42
898; 48
899; 48
900; 53
901; 30
902; 35
903; 35
904; 41
905; 41
906; 49
907; 49
908; 53
909; 0
910; 5
911; 5
912; 11
913; 11
914; 19
915; 19
916; 23
917; 16
918; 20
919; 20
920; 26
921; 26
922; 30
923; 30
924; 35
925; 36
926; 40
927; 40
928; 46
929; 46
930; 50
931; 50
932; 55
933; 56
934; 0
935; 0
936; 6
937; 6
938; 10
939; 10
940; 15
941; 46
942; 51
943; 51
944; 55
945; 55
946; 1
947; 1
948; 5
949; 6
950; 11
951; 11
952; 15
953; 15
954; 21
955; 21
956; 25
957; 26
958; 31
959; 31
960; 35
961; 35
962; 41
963; 41
964; 45
965; 0
966; 5
967; 5
968; 13
969; 13
970; 19
971; 19
972; 25
973; 30
974; 36
975; 36
976; 42
977; 42
978; 50
979; 50
980; 55
981; 0
982; 5
983; 5
984; 10
985; 10
986; 16
987; 16
988; 24
989; 30
990; 38
991; 38
992; 44
993; 44
994; 49
995; 49
996; 54
997; 0
998; 4
999; 4
1000; 12
1001; 12
1002; 16
1003; 16
1004; 21
1005; 30
1006; 35
1007; 35
1008; 39
1009; 39
1010; 47
1011; 47
1012; 51
1013; 0
1014; 4
1015; 4
1016; 12
1017; 12
1018; 16
1019; 16
1020; 24
1021; 30
1022; 38
1023; 38
1024; 42
1025; 42
1026; 50
1027; 50
1028; 54
1029; 0
1030; 4
1031; 4
1032; 9
1033; 9
1034; 14
1035; 14
1036; 30
1037; 30
1038; 46
1039; 46
1040; 51
1041; 51
1042; 56
1043; 56
1044; 0
1045; 0
1046; 4
1047; 4
1048; 10
1049; 10
1050; 18
1051; 18
1052; 22
1053; 30
1054; 34
1055; 34
1056; 42
1057; 42
1058; 48
1059; 48
1060; 52
1061; 0
1062; 6
1063; 6
1064; 12
1065; 12
1066; 16
1067; 16
1068; 24
1069; 30
1070; 38
1071; 38
1072; 42
1073; 42
1074; 48
1075; 48
1076; 54
1077; 0
1078; 6
1079; 6
1080; 10
1081; 10
1082; 16
1083; 16
1084; 20
1085; 30
1086; 34
1087; 34
1088; 40
1089; 40
1090; 44
1091; 44
1092; 50
1093; 0
1094; 5
1095; 5
1096; 12
1097; 12
1098; 17
1099; 17
1100; 24
1101; 30
1102; 37
1103; 37
1104; 42
1105; 42
1106; 49
1107; 49
1108; 54
1109; 0
1110; 5
1111; 5
1112; 11
1113; 11
1114; 15
1115; 30
1116; 34
1117; 34
1118; 40
1119; 40
1120; 45
1121; 0
1122; 8
1123; 8
1124; 12
1125; 12
1126; 17
1127; 30
1128; 35
1129; 35
1130; 39
1131; 39
1132; 47
1133; 0
1134; 5
1135; 5
1136; 10
1137; 10
1138; 14
1139; 30
1140; 35
1141; 35
1142; 40
1143; 40
1144; 44
1145; 30
1146; 34
1147; 34
1148; 39
1149; 39
1150; 44
1151; 0
1152; 4
1153; 4
1154; 9
1155; 9
1156; 14
1157; 0
1158; 4
1159; 4
1160; 11
1161; 11
1162; 15
1163; 30
1164; 34
1165; 34
1166; 41
1167; 41
1168; 45
1169; 0
1170; 4
1171; 4
1172; 21
1173; 21
1174; 29
1175; 30
1176; 38
1177; 38
1178; 55
1179; 55
1180; 59
1181; 0
1182; 6
1183; 6
1184; 10
1185; 10
1186; 14
1187; 20
1188; 26
1189; 26
1190; 30
1191; 30
1192; 34
1193; 40
1194; 46
1195; 46
1196; 50
1197; 50
1198; 54
1199; 30
1200; 34
1201; 34
1202; 38
1203; 38
1204; 44
1205; 50
1206; 54
1207; 54
1208; 58
1209; 58
1210; 4
1211; 10
1212; 14
1213; 14
1214; 18
1215; 18
1216; 24
1217; 0
1218; 4
1219; 4
1220; 8
1221; 8
1222; 15
1223; 30
1224; 37
1225; 37
1226; 41
1227; 41
1228; 45
1229; 19
1230; 23
1231; 23
1232; 27
1233; 27
1234; 33
1235; 49
1236; 53
1237; 53
1238; 57
1239; 57
1240; 3
1241; 49
1242; 55
1243; 55
1244; 59
1245; 59
1246; 3
1247; 19
1248; 25
1249; 25
1250; 29
1251; 29
1252; 33
1253; 0
1254; 5
1255; 5
1256; 11
1257; 11
1258; 15
1259; 30
1260; 34
1261; 34
1262; 40
1263; 40
1264; 45
1265; 0
1266; 5
1267; 5
1268; 10
1269; 10
1270; 16
1271; 30
1272; 36
1273; 36
1274; 41
1275; 41
1276; 46
1277; 0
1278; 5
1279; 5
1280; 21
1281; 21
1282; 28
1283; 28
1284; 32
1285; 32
1286; 48
1287; 48
1288; 52
1289; 52
1290; 56
1291; 56
1292; 0
1293; 0
1294; 6
1295; 6
1296; 10
1297; 30
1298; 35
1299; 35
1300; 51
1301; 51
1302; 58
1303; 58
1304; 2
1305; 2
1306; 18
1307; 18
1308; 22
1309; 22
1310; 26
1311; 26
1312; 30
1313; 30
1314; 36
1315; 36
1316; 40
1317; 30
1318; 34
1319; 34
1320; 40
1321; 40
1322; 44
1323; 44
1324; 48
1325; 48
1326; 52
1327; 52
1328; 8
1329; 8
1330; 12
1331; 12
1332; 19
1333; 19
1334; 35
1335; 35
1336; 40
1337; 0
1338; 4
1339; 4
1340; 10
1341; 10
1342; 14
1343; 14
1344; 18
1345; 18
1346; 22
1347; 22
1348; 38
1349; 38
1350; 42
1351; 42
1352; 49
1353; 49
1354; 5
1355; 5
1356; 10
1357; 0
1358; 4
1359; 4
1360; 10
1361; 10
1362; 14
1363; 14
1364; 18
1365; 18
1366; 22
1367; 22
1368; 30
1369; 30
1370; 38
1371; 38
1372; 43
1373; 43
1374; 48
1375; 48
1376; 53
1377; 0
1378; 5
1379; 5
1380; 10
1381; 10
1382; 15
1383; 15
1384; 23
1385; 23
1386; 31
1387; 31
1388; 35
1389; 35
1390; 39
1391; 39
1392; 43
1393; 43
1394; 49
1395; 49
1396; 53
1397; 0
1398; 4
1399; 4
1400; 12
1401; 12
1402; 19
1403; 19
1404; 24
1405; 24
1406; 28
1407; 28
1408; 32
1409; 32
1410; 40
1411; 40
1412; 46
1413; 0
1414; 6
1415; 6
1416; 14
1417; 14
1418; 18
1419; 18
1420; 22
1421; 22
1422; 27
1423; 27
1424; 34
1425; 34
1426; 42
1427; 42
1428; 46
1429; 0
1430; 5
1431; 5
1432; 21
1433; 21
1434; 28
1435; 28
1436; 33
1437; 33
1438; 38
1439; 38
1440; 42
1441; 42
1442; 46
1443; 46
1444; 53
1445; 0
1446; 7
1447; 7
1448; 11
1449; 11
1450; 15
1451; 15
1452; 20
1453; 20
1454; 25
1455; 25
1456; 32
1457; 32
1458; 48
1459; 48
1460; 53
1461; 0
1462; 6
1463; 6
1464; 11
1465; 11
1466; 15
1467; 15
1468; 20
1469; 20
1470; 24
1471; 24
1472; 29
1473; 29
1474; 34
1475; 0
1476; 5
1477; 5
1478; 10
1479; 10
1480; 14
1481; 14
1482; 19
1483; 19
1484; 23
1485; 23
1486; 28
1487; 28
1488; 34
1489; 0
1490; 4
1491; 4
1492; 12
1493; 12
1494; 19
1495; 19
1496; 24
1497; 24
1498; 28
1499; 28
1500; 32
1501; 32
1502; 39
1503; 0
1504; 7
1505; 7
1506; 11
1507; 11
1508; 15
1509; 15
1510; 20
1511; 20
1512; 27
1513; 27
1514; 35
1515; 35
1516; 39
1517; 0
1518; 8
1519; 8
1520; 13
1521; 13
1522; 21
1523; 21
1524; 25
1525; 25
1526; 30
1527; 30
1528; 35
1529; 35
1530; 40
1531; 30
1532; 38
1533; 38
1534; 43
1535; 43
1536; 51
1537; 51
1538; 55
1539; 55
1540; 0
1541; 0
1542; 5
1543; 5
1544; 10
1545; 0
1546; 5
1547; 5
1548; 10
1549; 10
1550; 15
1551; 15
1552; 19
1553; 19
1554; 27
1555; 27
1556; 32
1557; 32
1558; 40
1559; 30
1560; 35
1561; 35
1562; 40
1563; 40
1564; 45
1565; 45
1566; 49
1567; 49
1568; 57
1569; 57
1570; 2
1571; 2
1572; 10
1573; 0
1574; 6
1575; 6
1576; 11
1577; 11
1578; 15
1579; 15
1580; 23
1581; 23
1582; 28
1583; 28
1584; 33
1585; 30
1586; 36
1587; 36
1588; 41
1589; 41
1590; 45
1591; 45
1592; 53
1593; 53
1594; 58
1595; 58
1596; 3
1597; 0
1598; 5
1599; 5
1600; 10
1601; 10
1602; 18
1603; 18
1604; 22
1605; 22
1606; 27
1607; 27
1608; 33
1609; 30
1610; 35
1611; 35
1612; 40
1613; 40
1614; 48
1615; 48
1616; 52
1617; 52
1618; 57
1619; 57
1620; 3
1621; 0
1622; 4
1623; 4
1624; 10
1625; 10
1626; 14
1627; 14
1628; 20
1629; 20
1630; 25
1631; 25
1632; 30
1633; 30
1634; 35
1635; 35
1636; 40
1637; 40
1638; 46
1639; 46
1640; 50
1641; 50
1642; 56
1643; 56
1644; 0
1645; 0
1646; 4
1647; 4
1648; 10
1649; 10
1650; 16
1651; 16
1652; 20
1653; 20
1654; 26
1655; 26
1656; 30
1657; 30
1658; 34
1659; 34
1660; 40
1661; 40
1662; 44
1663; 44
1664; 50
1665; 50
1666; 56
1667; 56
1668; 0
1669; 0
1670; 6
1671; 6
1672; 11
1673; 11
1674; 16
1675; 16
1676; 21
1677; 21
1678; 26
1679; 30
1680; 35
1681; 35
1682; 40
1683; 40
1684; 45
1685; 45
1686; 50
1687; 50
1688; 56
1689; 0
1690; 4
1691; 4
1692; 8
1693; 8
1694; 12
1695; 12
1696; 18
1697; 18
1698; 22
1699; 30
1700; 34
1701; 34
1702; 40
1703; 40
1704; 44
1705; 44
1706; 48
1707; 48
1708; 52
1709; 0
1710; 4
1711; 4
1712; 10
1713; 10
1714; 15
1715; 15
1716; 20
1717; 20
1718; 24
1719; 30
1720; 34
1721; 34
1722; 39
1723; 39
1724; 44
1725; 44
1726; 50
1727; 50
1728; 54
1729; 0
1730; 8
1731; 8
1732; 13
1733; 13
1734; 17
1735; 17
1736; 21
1737; 30
1738; 34
1739; 34
1740; 38
1741; 38
1742; 43
1743; 43
1744; 51
1745; 0
1746; 8
1747; 8
1748; 15
1749; 15
1750; 20
1751; 20
1752; 24
1753; 15
1754; 23
1755; 23
1756; 30
1757; 30
1758; 35
1759; 35
1760; 39
1761; 30
1762; 38
1763; 38
1764; 45
1765; 45
1766; 50
1767; 50
1768; 54
1769; 45
1770; 53
1771; 53
1772; 0
1773; 0
1774; 5
1775; 5
1776; 9
1777; 30
1778; 34
1779; 34
1780; 39
1781; 39
1782; 46
1783; 46
1784; 54
1785; 45
1786; 49
1787; 49
1788; 54
1789; 54
1790; 1
1791; 1
1792; 9
1793; 0
1794; 4
1795; 4
1796; 9
1797; 9
1798; 16
1799; 16
1800; 24
1801; 15
1802; 19
1803; 19
1804; 24
1805; 24
1806; 31
1807; 31
1808; 39
1809; 10
1810; 15
1811; 15
1812; 20
1813; 20
1814; 24
1815; 24
1816; 28
1817; 25
1818; 30
1819; 30
1820; 35
1821; 35
1822; 39
1823; 39
1824; 43
1825; 40
1826; 45
1827; 45
1828; 50
1829; 50
1830; 54
1831; 54
1832; 58
1833; 55
1834; 0
1835; 0
1836; 5
1837; 5
1838; 9
1839; 9
1840; 13
1841; 40
1842; 44
1843; 44
1844; 48
1845; 48
1846; 53
1847; 53
1848; 58
1849; 55
1850; 59
1851; 59
1852; 3
1853; 3
1854; 8
1855; 8
1856; 13
1857; 10
1858; 14
1859; 14
1860; 18
1861; 18
1862; 23
1863; 23
1864; 28
1865; 25
1866; 29
1867; 29
1868; 33
1869; 33
1870; 38
1871; 38
1872; 43
1873; 0
1874; 5
1875; 5
1876; 12
1877; 12
1878; 17
1879; 17
1880; 21
1881; 30
1882; 34
1883; 34
1884; 39
1885; 39
1886; 46
1887; 46
1888; 51
1889; 0
1890; 5
1891; 5
1892; 10
1893; 30
1894; 35
1895; 35
1896; 40
1897; 0
1898; 4
1899; 20
1900; 24
1901; 40
1902; 44
1903; 30
1904; 34
1905; 50
1906; 54
1907; 10
1908; 14
1909; 0
1910; 5
1911; 5
1912; 10
1913; 10
1914; 16
1915; 16
1916; 22
1917; 30
1918; 35
1919; 35
1920; 40
1921; 40
1922; 46
1923; 46
1924; 52
1925; 30
1926; 36
1927; 36
1928; 42
1929; 42
1930; 47
1931; 47
1932; 52
1933; 0
1934; 6
1935; 6
1936; 12
1937; 12
1938; 17
1939; 17
1940; 22
1941; 0
1942; 6
1943; 6
1944; 12
1945; 30
1946; 36
1947; 36
1948; 42
1949; 0
1950; 5
1951; 5
1952; 10
1953; 10
1954; 17
1955; 30
1956; 35
1957; 35
1958; 40
1959; 40
1960; 47
1961; 30
1962; 37
1963; 37
1964; 42
1965; 42
1966; 47
1967; 0
1968; 7
1969; 7
1970; 12
1971; 12
1972; 17
1973; 0
1974; 5
1975; 5
1976; 11
1977; 30
1978; 36
1979; 36
1980; 41
1981; 0
1982; 4
1983; 4
1984; 11
1985; 11
1986; 27
1987; 30
1988; 46
1989; 46
1990; 53
1991; 53
1992; 57
1993; 0
1994; 7
1995; 7
1996; 15
1997; 15
1998; 19
1999; 19
2000; 24
2001; 30
2002; 35
2003; 35
2004; 39
2005; 39
2006; 47
2007; 47
2008; 54
2009; 0
2010; 4
2011; 4
2012; 8
2013; 8
2014; 16
2015; 16
2016; 20
2017; 20
2018; 25
2019; 30
2020; 35
2021; 35
2022; 39
2023; 39
2024; 47
2025; 47
2026; 51
2027; 51
2028; 55
2029; 4
2030; 8
2031; 8
2032; 12
2033; 12
2034; 16
2035; 16
2036; 20
2037; 20
2038; 24
2039; 24
2040; 32
2041; 10
2042; 14
2043; 14
2044; 18
2045; 18
2046; 22
2047; 22
2048; 26
2049; 26
2050; 30
2051; 30
2052; 38
2053; 17
2054; 21
2055; 21
2056; 25
2057; 25
2058; 29
2059; 29
2060; 33
2061; 33
2062; 37
2063; 37
2064; 45
2065; 23
2066; 27
2067; 27
2068; 31
2069; 31
2070; 35
2071; 35
2072; 39
2073; 39
2074; 43
2075; 43
2076; 51
2077; 30
2078; 34
2079; 34
2080; 38
2081; 38
2082; 42
2083; 42
2084; 46
2085; 46
2086; 50
2087; 50
2088; 58
2089; 37
2090; 41
2091; 41
2092; 45
2093; 45
2094; 49
2095; 49
2096; 53
2097; 53
2098; 57
2099; 57
2100; 5
2101; 43
2102; 47
2103; 47
2104; 51
2105; 51
2106; 55
2107; 55
2108; 59
2109; 59
2110; 3
2111; 3
2112; 11
2113; 50
2114; 54
2115; 54
2116; 58
2117; 58
2118; 2
2119; 2
2120; 6
2121; 6
2122; 10
2123; 10
2124; 18
2125; 57
2126; 1
2127; 1
2128; 5
2129; 5
2130; 9
2131; 9
2132; 13
2133; 13
2134; 17
2135; 17
2136; 25
2137; 34
2138; 42
2139; 42
2140; 46
2141; 46
2142; 50
2143; 50
2144; 54
2145; 54
2146; 58
2147; 58
2148; 2
2149; 40
2150; 48
2151; 48
2152; 52
2153; 52
2154; 56
2155; 56
2156; 0
2157; 0
2158; 4
2159; 4
2160; 8
2161; 47
2162; 55
2163; 55
2164; 59
2165; 59
2166; 3
2167; 3
2168; 7
2169; 7
2170; 11
2171; 11
2172; 15
2173; 53
2174; 1
2175; 1
2176; 5
2177; 5
2178; 9
2179; 9
2180; 13
2181; 13
2182; 17
2183; 17
2184; 21
2185; 0
2186; 8
2187; 8
2188; 12
2189; 12
2190; 16
2191; 16
2192; 20
2193; 20
2194; 24
2195; 24
2196; 28
2197; 7
2198; 15
2199; 15
2200; 19
2201; 19
2202; 23
2203; 23
2204; 27
2205; 27
2206; 31
2207; 31
2208; 35
2209; 13
2210; 21
2211; 21
2212; 25
2213; 25
2214; 29
2215; 29
2216; 33
2217; 33
2218; 37
2219; 37
2220; 41
2221; 20
2222; 28
2223; 28
2224; 32
2225; 32
2226; 36
2227; 36
2228; 40
2229; 40
2230; 44
2231; 44
2232; 48
2233; 27
2234; 35
2235; 35
2236; 39
2237; 39
2238; 43
2239; 43
2240; 47
2241; 47
2242; 51
2243; 51
2244; 55
