# line-id; line-code; direction; stop-order; stop-id; frequency; arrival_time; departure_time; line-repetition
21; 21H; >; 1; 151; 1; 0; 0; 1
21; 21H; >; 2; 141; 1; 5; 5; 1
21; 21H; >; 3; 131; 1; 10; 10; 1
21; 21H; >; 4; 121; 1; 15; 15; 1
21; 21H; >; 5; 111; 1; 20; 20; 1
21; 21H; >; 6; 101; 1; 25; 25; 1
21; 21H; >; 7; 91; 1; 30; 30; 1
21; 21H; >; 8; 81; 1; 35; 35; 1
21; 21H; >; 9; 80; 1; 37; 37; 1
21; 21H; >; 10; 79; 1; 39; 39; 1
21; 21H; >; 11; 78; 1; 41; 41; 1
21; 21H; >; 12; 77; 1; 43; 43; 1
21; 21H; >; 13; 67; 1; 48; 48; 1
21; 21H; >; 14; 66; 1; 50; 50; 1
21; 21R; <; 1; 66; 1; 0; 0; 1
21; 21R; <; 2; 67; 1; 2; 2; 1
21; 21R; <; 3; 77; 1; 7; 7; 1
21; 21R; <; 4; 78; 1; 9; 9; 1
21; 21R; <; 5; 79; 1; 11; 11; 1
21; 21R; <; 6; 80; 1; 13; 13; 1
21; 21R; <; 7; 81; 1; 15; 15; 1
21; 21R; <; 8; 91; 1; 20; 20; 1
21; 21R; <; 9; 101; 1; 25; 25; 1
21; 21R; <; 10; 111; 1; 30; 30; 1
21; 21R; <; 11; 121; 1; 35; 35; 1
21; 21R; <; 12; 131; 1; 40; 40; 1
21; 21R; <; 13; 141; 1; 45; 45; 1
21; 21R; <; 14; 151; 1; 50; 50; 1
76; 76H; >; 1; 24; 1; 43; 43; 1
76; 76H; >; 2; 14; 1; 46; 46; 1
76; 76H; >; 3; 4; 1; 49; 49; 1
76; 76H; >; 4; 5; 1; 51; 51; 1
76; 76H; >; 5; 6; 1; 53; 53; 1
76; 76H; >; 6; 156; 1; 56; 56; 1
76; 76H; >; 7; 146; 1; 59; 59; 1
76; 76H; >; 8; 136; 1; 2; 2; 1
76; 76H; >; 9; 126; 1; 5; 5; 1
76; 76H; >; 10; 127; 1; 7; 7; 1
76; 76H; >; 11; 128; 1; 9; 9; 1
76; 76H; >; 12; 129; 1; 11; 11; 1
76; 76H; >; 13; 130; 1; 13; 13; 1
76; 76H; >; 14; 131; 1; 15; 15; 1
76; 76R; <; 1; 131; 1; 43; 43; 1
76; 76R; <; 2; 130; 1; 45; 45; 1
76; 76R; <; 3; 129; 1; 47; 47; 1
76; 76R; <; 4; 128; 1; 49; 49; 1
76; 76R; <; 5; 127; 1; 51; 51; 1
76; 76R; <; 6; 126; 1; 53; 53; 1
76; 76R; <; 7; 136; 1; 56; 56; 1
76; 76R; <; 8; 146; 1; 59; 59; 1
76; 76R; <; 9; 156; 1; 2; 2; 1
76; 76R; <; 10; 6; 1; 5; 5; 1
76; 76R; <; 11; 5; 1; 7; 7; 1
76; 76R; <; 12; 4; 1; 9; 9; 1
76; 76R; <; 13; 14; 1; 12; 12; 1
76; 76R; <; 14; 24; 1; 15; 15; 1
81; 81H; >; 1; 161; 1; 43; 43; 1
81; 81H; >; 2; 160; 1; 45; 45; 1
81; 81H; >; 3; 159; 1; 47; 47; 1
81; 81H; >; 4; 158; 1; 49; 49; 1
81; 81H; >; 5; 157; 1; 51; 51; 1
81; 81H; >; 6; 156; 1; 53; 53; 1
81; 81H; >; 7; 155; 1; 55; 55; 1
81; 81H; >; 8; 154; 1; 57; 57; 1
81; 81H; >; 9; 153; 1; 59; 59; 1
81; 81H; >; 10; 152; 1; 1; 1; 1
81; 81H; >; 11; 1; 1; 3; 3; 1
81; 81H; >; 12; 52; 1; 5; 5; 1
81; 81H; >; 13; 53; 1; 7; 7; 1
81; 81H; >; 14; 54; 1; 9; 9; 1
81; 81R; <; 1; 54; 1; 13; 13; 1
81; 81R; <; 2; 53; 1; 15; 15; 1
81; 81R; <; 3; 52; 1; 17; 17; 1
81; 81R; <; 4; 1; 1; 19; 19; 1
81; 81R; <; 5; 152; 1; 21; 21; 1
81; 81R; <; 6; 153; 1; 23; 23; 1
81; 81R; <; 7; 154; 1; 25; 25; 1
81; 81R; <; 8; 155; 1; 27; 27; 1
81; 81R; <; 9; 156; 1; 29; 29; 1
81; 81R; <; 10; 157; 1; 31; 31; 1
81; 81R; <; 11; 158; 1; 33; 33; 1
81; 81R; <; 12; 159; 1; 35; 35; 1
81; 81R; <; 13; 160; 1; 37; 37; 1
81; 81R; <; 14; 161; 1; 39; 39; 1
82; 82H; >; 1; 151; 1; 52; 52; 1
82; 82H; >; 2; 150; 1; 54; 54; 1
82; 82H; >; 3; 149; 1; 56; 56; 1
82; 82H; >; 4; 148; 1; 58; 58; 1
82; 82H; >; 5; 147; 1; 0; 0; 1
82; 82H; >; 6; 146; 1; 2; 2; 1
82; 82H; >; 7; 145; 1; 4; 4; 1
82; 82H; >; 8; 144; 1; 6; 6; 1
82; 82H; >; 9; 143; 1; 8; 8; 1
82; 82H; >; 10; 142; 1; 10; 10; 1
82; 82H; >; 11; 1; 1; 12; 12; 1
82; 82H; >; 12; 42; 1; 14; 14; 1
82; 82H; >; 13; 43; 1; 16; 16; 1
82; 82H; >; 14; 44; 1; 18; 18; 1
82; 82R; <; 1; 44; 1; 22; 22; 1
82; 82R; <; 2; 43; 1; 24; 24; 1
82; 82R; <; 3; 42; 1; 26; 26; 1
82; 82R; <; 4; 1; 1; 28; 28; 1
82; 82R; <; 5; 142; 1; 30; 30; 1
82; 82R; <; 6; 143; 1; 32; 32; 1
82; 82R; <; 7; 144; 1; 34; 34; 1
82; 82R; <; 8; 145; 1; 36; 36; 1
82; 82R; <; 9; 146; 1; 38; 38; 1
82; 82R; <; 10; 147; 1; 40; 40; 1
82; 82R; <; 11; 148; 1; 42; 42; 1
82; 82R; <; 12; 149; 1; 44; 44; 1
82; 82R; <; 13; 150; 1; 46; 46; 1
82; 82R; <; 14; 151; 1; 48; 48; 1
90; 90H; >; 1; 91; 1; 46; 46; 1
90; 90H; >; 2; 90; 1; 48; 48; 1
90; 90H; >; 3; 89; 1; 50; 50; 1
90; 90H; >; 4; 88; 1; 52; 52; 1
90; 90H; >; 5; 87; 1; 54; 54; 1
90; 90H; >; 6; 86; 1; 56; 56; 1
90; 90H; >; 7; 85; 1; 58; 58; 1
90; 90H; >; 8; 84; 1; 0; 0; 1
90; 90H; >; 9; 83; 1; 2; 2; 1
90; 90H; >; 10; 82; 1; 4; 4; 1
90; 90H; >; 11; 1; 1; 6; 6; 1
90; 90H; >; 12; 152; 1; 8; 8; 1
90; 90H; >; 13; 153; 1; 10; 10; 1
90; 90H; >; 14; 154; 1; 12; 12; 1
90; 90R; <; 1; 154; 1; 16; 16; 1
90; 90R; <; 2; 153; 1; 18; 18; 1
90; 90R; <; 3; 152; 1; 20; 20; 1
90; 90R; <; 4; 1; 1; 22; 22; 1
90; 90R; <; 5; 82; 1; 24; 24; 1
90; 90R; <; 6; 83; 1; 26; 26; 1
90; 90R; <; 7; 84; 1; 28; 28; 1
90; 90R; <; 8; 85; 1; 30; 30; 1
90; 90R; <; 9; 86; 1; 32; 32; 1
90; 90R; <; 10; 87; 1; 34; 34; 1
90; 90R; <; 11; 88; 1; 36; 36; 1
90; 90R; <; 12; 89; 1; 38; 38; 1
90; 90R; <; 13; 90; 1; 40; 40; 1
90; 90R; <; 14; 91; 1; 42; 42; 1
91; 91H; >; 1; 91; 1; 11; 11; 1
91; 91H; >; 2; 90; 1; 13; 13; 1
91; 91H; >; 3; 89; 1; 15; 15; 1
91; 91H; >; 4; 88; 1; 17; 17; 1
91; 91H; >; 5; 87; 1; 19; 19; 1
91; 91H; >; 6; 86; 1; 21; 21; 1
91; 91H; >; 7; 85; 1; 23; 23; 1
91; 91H; >; 8; 84; 1; 25; 25; 1
91; 91H; >; 9; 83; 1; 27; 27; 1
91; 91H; >; 10; 82; 1; 29; 29; 1
91; 91H; >; 11; 1; 1; 31; 31; 1
91; 91H; >; 12; 142; 1; 33; 33; 1
91; 91H; >; 13; 143; 1; 35; 35; 1
91; 91H; >; 14; 144; 1; 37; 37; 1
91; 91R; <; 1; 144; 1; 41; 41; 1
91; 91R; <; 2; 143; 1; 43; 43; 1
91; 91R; <; 3; 142; 1; 45; 45; 1
91; 91R; <; 4; 1; 1; 47; 47; 1
91; 91R; <; 5; 82; 1; 49; 49; 1
91; 91R; <; 6; 83; 1; 51; 51; 1
91; 91R; <; 7; 84; 1; 53; 53; 1
91; 91R; <; 8; 85; 1; 55; 55; 1
91; 91R; <; 9; 86; 1; 57; 57; 1
91; 91R; <; 10; 87; 1; 59; 59; 1
91; 91R; <; 11; 88; 1; 1; 1; 1
91; 91R; <; 12; 89; 1; 3; 3; 1
91; 91R; <; 13; 90; 1; 5; 5; 1
91; 91R; <; 14; 91; 1; 7; 7; 1
92; 92H; >; 1; 91; 1; 0; 0; 1
92; 92H; >; 2; 90; 1; 2; 2; 1
92; 92H; >; 3; 89; 1; 4; 4; 1
92; 92H; >; 4; 88; 1; 6; 6; 1
92; 92H; >; 5; 87; 1; 8; 8; 1
92; 92H; >; 6; 86; 1; 10; 10; 1
92; 92H; >; 7; 85; 1; 12; 12; 1
92; 92H; >; 8; 84; 1; 14; 14; 1
92; 92H; >; 9; 83; 1; 16; 16; 1
92; 92H; >; 10; 82; 1; 18; 18; 1
92; 92H; >; 11; 1; 1; 20; 20; 1
92; 92H; >; 12; 22; 1; 22; 22; 1
92; 92H; >; 13; 23; 1; 24; 24; 1
92; 92H; >; 14; 24; 1; 26; 26; 1
92; 92R; <; 1; 24; 1; 30; 30; 1
92; 92R; <; 2; 23; 1; 32; 32; 1
92; 92R; <; 3; 22; 1; 34; 34; 1
92; 92R; <; 4; 1; 1; 36; 36; 1
92; 92R; <; 5; 82; 1; 38; 38; 1
92; 92R; <; 6; 83; 1; 40; 40; 1
92; 92R; <; 7; 84; 1; 42; 42; 1
92; 92R; <; 8; 85; 1; 44; 44; 1
92; 92R; <; 9; 86; 1; 46; 46; 1
92; 92R; <; 10; 87; 1; 48; 48; 1
92; 92R; <; 11; 88; 1; 50; 50; 1
92; 92R; <; 12; 89; 1; 52; 52; 1
92; 92R; <; 13; 90; 1; 54; 54; 1
92; 92R; <; 14; 91; 1; 56; 56; 1
94; 94H; >; 1; 84; 1; 54; 54; 1
94; 94H; >; 2; 83; 1; 56; 56; 1
94; 94H; >; 3; 82; 1; 58; 58; 1
94; 94H; >; 4; 1; 1; 0; 0; 1
94; 94H; >; 5; 152; 1; 2; 2; 1
94; 94H; >; 6; 153; 1; 4; 4; 1
94; 94H; >; 7; 154; 1; 6; 6; 1
94; 94H; >; 8; 155; 1; 8; 8; 1
94; 94H; >; 9; 156; 1; 10; 10; 1
94; 94H; >; 10; 157; 1; 12; 12; 1
94; 94H; >; 11; 158; 1; 14; 14; 1
94; 94H; >; 12; 159; 1; 16; 16; 1
94; 94H; >; 13; 160; 1; 18; 18; 1
94; 94H; >; 14; 161; 1; 20; 20; 1
94; 94R; <; 1; 161; 1; 24; 24; 1
94; 94R; <; 2; 160; 1; 26; 26; 1
94; 94R; <; 3; 159; 1; 28; 28; 1
94; 94R; <; 4; 158; 1; 30; 30; 1
94; 94R; <; 5; 157; 1; 32; 32; 1
94; 94R; <; 6; 156; 1; 34; 34; 1
94; 94R; <; 7; 155; 1; 36; 36; 1
94; 94R; <; 8; 154; 1; 38; 38; 1
94; 94R; <; 9; 153; 1; 40; 40; 1
94; 94R; <; 10; 152; 1; 42; 42; 1
94; 94R; <; 11; 1; 1; 44; 44; 1
94; 94R; <; 12; 82; 1; 46; 46; 1
94; 94R; <; 13; 83; 1; 48; 48; 1
94; 94R; <; 14; 84; 1; 50; 50; 1
95; 95H; >; 1; 81; 1; 45; 45; 1
95; 95H; >; 2; 80; 1; 47; 47; 1
95; 95H; >; 3; 79; 1; 49; 49; 1
95; 95H; >; 4; 78; 1; 51; 51; 1
95; 95H; >; 5; 77; 1; 53; 53; 1
95; 95H; >; 6; 76; 1; 55; 55; 1
95; 95H; >; 7; 75; 1; 57; 57; 1
95; 95H; >; 8; 74; 1; 59; 59; 1
95; 95H; >; 9; 73; 1; 1; 1; 1
95; 95H; >; 10; 72; 1; 3; 3; 1
95; 95H; >; 11; 1; 1; 5; 5; 1
95; 95H; >; 12; 152; 1; 7; 7; 1
95; 95H; >; 13; 153; 1; 9; 9; 1
95; 95H; >; 14; 154; 1; 11; 11; 1
95; 95R; <; 1; 154; 1; 15; 15; 1
95; 95R; <; 2; 153; 1; 17; 17; 1
95; 95R; <; 3; 152; 1; 19; 19; 1
95; 95R; <; 4; 1; 1; 21; 21; 1
95; 95R; <; 5; 72; 1; 23; 23; 1
95; 95R; <; 6; 73; 1; 25; 25; 1
95; 95R; <; 7; 74; 1; 27; 27; 1
95; 95R; <; 8; 75; 1; 29; 29; 1
95; 95R; <; 9; 76; 1; 31; 31; 1
95; 95R; <; 10; 77; 1; 33; 33; 1
95; 95R; <; 11; 78; 1; 35; 35; 1
95; 95R; <; 12; 79; 1; 37; 37; 1
95; 95R; <; 13; 80; 1; 39; 39; 1
95; 95R; <; 14; 81; 1; 41; 41; 1
96; 96H; >; 1; 81; 1; 10; 10; 1
96; 96H; >; 2; 80; 1; 12; 12; 1
96; 96H; >; 3; 79; 1; 14; 14; 1
96; 96H; >; 4; 78; 1; 16; 16; 1
96; 96H; >; 5; 77; 1; 18; 18; 1
96; 96H; >; 6; 76; 1; 20; 20; 1
96; 96H; >; 7; 75; 1; 22; 22; 1
96; 96H; >; 8; 74; 1; 24; 24; 1
96; 96H; >; 9; 73; 1; 26; 26; 1
96; 96H; >; 10; 72; 1; 28; 28; 1
96; 96H; >; 11; 1; 1; 30; 30; 1
96; 96H; >; 12; 142; 1; 32; 32; 1
96; 96H; >; 13; 143; 1; 34; 34; 1
96; 96H; >; 14; 144; 1; 36; 36; 1
96; 96R; <; 1; 144; 1; 40; 40; 1
96; 96R; <; 2; 143; 1; 42; 42; 1
96; 96R; <; 3; 142; 1; 44; 44; 1
96; 96R; <; 4; 1; 1; 46; 46; 1
96; 96R; <; 5; 72; 1; 48; 48; 1
96; 96R; <; 6; 73; 1; 50; 50; 1
96; 96R; <; 7; 74; 1; 52; 52; 1
96; 96R; <; 8; 75; 1; 54; 54; 1
96; 96R; <; 9; 76; 1; 56; 56; 1
96; 96R; <; 10; 77; 1; 58; 58; 1
96; 96R; <; 11; 78; 1; 0; 0; 1
96; 96R; <; 12; 79; 1; 2; 2; 1
96; 96R; <; 13; 80; 1; 4; 4; 1
96; 96R; <; 14; 81; 1; 6; 6; 1
105; 105H; >; 1; 64; 1; 0; 0; 1
105; 105H; >; 2; 63; 1; 2; 2; 1
105; 105H; >; 3; 62; 1; 4; 4; 1
105; 105H; >; 4; 1; 1; 6; 6; 1
105; 105H; >; 5; 152; 1; 8; 8; 1
105; 105H; >; 6; 153; 1; 10; 10; 1
105; 105H; >; 7; 154; 1; 12; 12; 1
105; 105H; >; 8; 155; 1; 14; 14; 1
105; 105H; >; 9; 156; 1; 16; 16; 1
105; 105H; >; 10; 157; 1; 18; 18; 1
105; 105H; >; 11; 158; 1; 20; 20; 1
105; 105H; >; 12; 159; 1; 22; 22; 1
105; 105H; >; 13; 160; 1; 24; 24; 1
105; 105H; >; 14; 161; 1; 26; 26; 1
105; 105R; <; 1; 161; 1; 30; 30; 1
105; 105R; <; 2; 160; 1; 32; 32; 1
105; 105R; <; 3; 159; 1; 34; 34; 1
105; 105R; <; 4; 158; 1; 36; 36; 1
105; 105R; <; 5; 157; 1; 38; 38; 1
105; 105R; <; 6; 156; 1; 40; 40; 1
105; 105R; <; 7; 155; 1; 42; 42; 1
105; 105R; <; 8; 154; 1; 44; 44; 1
105; 105R; <; 9; 153; 1; 46; 46; 1
105; 105R; <; 10; 152; 1; 48; 48; 1
105; 105R; <; 11; 1; 1; 50; 50; 1
105; 105R; <; 12; 62; 1; 52; 52; 1
105; 105R; <; 13; 63; 1; 54; 54; 1
105; 105R; <; 14; 64; 1; 56; 56; 1
107; 107H; >; 1; 64; 1; 54; 54; 1
107; 107H; >; 2; 63; 1; 56; 56; 1
107; 107H; >; 3; 62; 1; 58; 58; 1
107; 107H; >; 4; 1; 1; 0; 0; 1
107; 107H; >; 5; 132; 1; 2; 2; 1
107; 107H; >; 6; 133; 1; 4; 4; 1
107; 107H; >; 7; 134; 1; 6; 6; 1
107; 107H; >; 8; 135; 1; 8; 8; 1
107; 107H; >; 9; 136; 1; 10; 10; 1
107; 107H; >; 10; 137; 1; 12; 12; 1
107; 107H; >; 11; 138; 1; 14; 14; 1
107; 107H; >; 12; 139; 1; 16; 16; 1
107; 107H; >; 13; 140; 1; 18; 18; 1
107; 107H; >; 14; 141; 1; 20; 20; 1
107; 107R; <; 1; 141; 1; 24; 24; 1
107; 107R; <; 2; 140; 1; 26; 26; 1
107; 107R; <; 3; 139; 1; 28; 28; 1
107; 107R; <; 4; 138; 1; 30; 30; 1
107; 107R; <; 5; 137; 1; 32; 32; 1
107; 107R; <; 6; 136; 1; 34; 34; 1
107; 107R; <; 7; 135; 1; 36; 36; 1
107; 107R; <; 8; 134; 1; 38; 38; 1
107; 107R; <; 9; 133; 1; 40; 40; 1
107; 107R; <; 10; 132; 1; 42; 42; 1
107; 107R; <; 11; 1; 1; 44; 44; 1
107; 107R; <; 12; 62; 1; 46; 46; 1
107; 107R; <; 13; 63; 1; 48; 48; 1
107; 107R; <; 14; 64; 1; 50; 50; 1
109; 109H; >; 1; 61; 1; 13; 13; 1
109; 109H; >; 2; 60; 1; 15; 15; 1
109; 109H; >; 3; 59; 1; 17; 17; 1
109; 109H; >; 4; 58; 1; 19; 19; 1
109; 109H; >; 5; 57; 1; 21; 21; 1
109; 109H; >; 6; 56; 1; 23; 23; 1
109; 109H; >; 7; 55; 1; 25; 25; 1
109; 109H; >; 8; 54; 1; 27; 27; 1
109; 109H; >; 9; 53; 1; 29; 29; 1
109; 109H; >; 10; 52; 1; 31; 31; 1
109; 109H; >; 11; 1; 1; 33; 33; 1
109; 109H; >; 12; 142; 1; 35; 35; 1
109; 109H; >; 13; 143; 1; 37; 37; 1
109; 109H; >; 14; 144; 1; 39; 39; 1
109; 109R; <; 1; 144; 1; 43; 43; 1
109; 109R; <; 2; 143; 1; 45; 45; 1
109; 109R; <; 3; 142; 1; 47; 47; 1
109; 109R; <; 4; 1; 1; 49; 49; 1
109; 109R; <; 5; 52; 1; 51; 51; 1
109; 109R; <; 6; 53; 1; 53; 53; 1
109; 109R; <; 7; 54; 1; 55; 55; 1
109; 109R; <; 8; 55; 1; 57; 57; 1
109; 109R; <; 9; 56; 1; 59; 59; 1
109; 109R; <; 10; 57; 1; 1; 1; 1
109; 109R; <; 11; 58; 1; 3; 3; 1
109; 109R; <; 12; 59; 1; 5; 5; 1
109; 109R; <; 13; 60; 1; 7; 7; 1
109; 109R; <; 14; 61; 1; 9; 9; 1
111; 111H; >; 1; 61; 1; 30; 30; 1
111; 111H; >; 2; 60; 1; 32; 32; 1
111; 111H; >; 3; 59; 1; 34; 34; 1
111; 111H; >; 4; 58; 1; 36; 36; 1
111; 111H; >; 5; 57; 1; 38; 38; 1
111; 111H; >; 6; 56; 1; 40; 40; 1
111; 111H; >; 7; 55; 1; 42; 42; 1
111; 111H; >; 8; 54; 1; 44; 44; 1
111; 111H; >; 9; 53; 1; 46; 46; 1
111; 111H; >; 10; 52; 1; 48; 48; 1
111; 111H; >; 11; 1; 1; 50; 50; 1
111; 111H; >; 12; 122; 1; 52; 52; 1
111; 111H; >; 13; 123; 1; 54; 54; 1
111; 111H; >; 14; 124; 1; 56; 56; 1
111; 111R; <; 1; 124; 1; 0; 0; 1
111; 111R; <; 2; 123; 1; 2; 2; 1
111; 111R; <; 3; 122; 1; 4; 4; 1
111; 111R; <; 4; 1; 1; 6; 6; 1
111; 111R; <; 5; 52; 1; 8; 8; 1
111; 111R; <; 6; 53; 1; 10; 10; 1
111; 111R; <; 7; 54; 1; 12; 12; 1
111; 111R; <; 8; 55; 1; 14; 14; 1
111; 111R; <; 9; 56; 1; 16; 16; 1
111; 111R; <; 10; 57; 1; 18; 18; 1
111; 111R; <; 11; 58; 1; 20; 20; 1
111; 111R; <; 12; 59; 1; 22; 22; 1
111; 111R; <; 13; 60; 1; 24; 24; 1
111; 111R; <; 14; 61; 1; 26; 26; 1
113; 113H; >; 1; 54; 1; 46; 46; 1
113; 113H; >; 2; 53; 1; 48; 48; 1
113; 113H; >; 3; 52; 1; 50; 50; 1
113; 113H; >; 4; 1; 1; 52; 52; 1
113; 113H; >; 5; 142; 1; 54; 54; 1
113; 113H; >; 6; 143; 1; 56; 56; 1
113; 113H; >; 7; 144; 1; 58; 58; 1
113; 113H; >; 8; 145; 1; 0; 0; 1
113; 113H; >; 9; 146; 1; 2; 2; 1
113; 113H; >; 10; 147; 1; 4; 4; 1
113; 113H; >; 11; 148; 1; 6; 6; 1
113; 113H; >; 12; 149; 1; 8; 8; 1
113; 113H; >; 13; 150; 1; 10; 10; 1
113; 113H; >; 14; 151; 1; 12; 12; 1
113; 113R; <; 1; 151; 1; 16; 16; 1
113; 113R; <; 2; 150; 1; 18; 18; 1
113; 113R; <; 3; 149; 1; 20; 20; 1
113; 113R; <; 4; 148; 1; 22; 22; 1
113; 113R; <; 5; 147; 1; 24; 24; 1
113; 113R; <; 6; 146; 1; 26; 26; 1
113; 113R; <; 7; 145; 1; 28; 28; 1
113; 113R; <; 8; 144; 1; 30; 30; 1
113; 113R; <; 9; 143; 1; 32; 32; 1
113; 113R; <; 10; 142; 1; 34; 34; 1
113; 113R; <; 11; 1; 1; 36; 36; 1
113; 113R; <; 12; 52; 1; 38; 38; 1
113; 113R; <; 13; 53; 1; 40; 40; 1
113; 113R; <; 14; 54; 1; 42; 42; 1
115; 115H; >; 1; 54; 1; 56; 56; 1
115; 115H; >; 2; 53; 1; 58; 58; 1
115; 115H; >; 3; 52; 1; 0; 0; 1
115; 115H; >; 4; 1; 1; 2; 2; 1
115; 115H; >; 5; 122; 1; 4; 4; 1
115; 115H; >; 6; 123; 1; 6; 6; 1
115; 115H; >; 7; 124; 1; 8; 8; 1
115; 115H; >; 8; 125; 1; 10; 10; 1
115; 115H; >; 9; 126; 1; 12; 12; 1
115; 115H; >; 10; 127; 1; 14; 14; 1
115; 115H; >; 11; 128; 1; 16; 16; 1
115; 115H; >; 12; 129; 1; 18; 18; 1
115; 115H; >; 13; 130; 1; 20; 20; 1
115; 115H; >; 14; 131; 1; 22; 22; 1
115; 115R; <; 1; 131; 1; 26; 26; 1
115; 115R; <; 2; 130; 1; 28; 28; 1
115; 115R; <; 3; 129; 1; 30; 30; 1
115; 115R; <; 4; 128; 1; 32; 32; 1
115; 115R; <; 5; 127; 1; 34; 34; 1
115; 115R; <; 6; 126; 1; 36; 36; 1
115; 115R; <; 7; 125; 1; 38; 38; 1
115; 115R; <; 8; 124; 1; 40; 40; 1
115; 115R; <; 9; 123; 1; 42; 42; 1
115; 115R; <; 10; 122; 1; 44; 44; 1
115; 115R; <; 11; 1; 1; 46; 46; 1
115; 115R; <; 12; 52; 1; 48; 48; 1
115; 115R; <; 13; 53; 1; 50; 50; 1
115; 115R; <; 14; 54; 1; 52; 52; 1
121; 121H; >; 1; 44; 1; 54; 54; 1
121; 121H; >; 2; 43; 1; 56; 56; 1
121; 121H; >; 3; 42; 1; 58; 58; 1
121; 121H; >; 4; 1; 1; 0; 0; 1
121; 121H; >; 5; 132; 1; 2; 2; 1
121; 121H; >; 6; 133; 1; 4; 4; 1
121; 121H; >; 7; 134; 1; 6; 6; 1
121; 121H; >; 8; 135; 1; 8; 8; 1
121; 121H; >; 9; 136; 1; 10; 10; 1
121; 121H; >; 10; 137; 1; 12; 12; 1
121; 121H; >; 11; 138; 1; 14; 14; 1
121; 121H; >; 12; 139; 1; 16; 16; 1
121; 121H; >; 13; 140; 1; 18; 18; 1
121; 121H; >; 14; 141; 1; 20; 20; 1
121; 121R; <; 1; 141; 1; 24; 24; 1
121; 121R; <; 2; 140; 1; 26; 26; 1
121; 121R; <; 3; 139; 1; 28; 28; 1
121; 121R; <; 4; 138; 1; 30; 30; 1
121; 121R; <; 5; 137; 1; 32; 32; 1
121; 121R; <; 6; 136; 1; 34; 34; 1
121; 121R; <; 7; 135; 1; 36; 36; 1
121; 121R; <; 8; 134; 1; 38; 38; 1
121; 121R; <; 9; 133; 1; 40; 40; 1
121; 121R; <; 10; 132; 1; 42; 42; 1
121; 121R; <; 11; 1; 1; 44; 44; 1
121; 121R; <; 12; 42; 1; 46; 46; 1
121; 121R; <; 13; 43; 1; 48; 48; 1
121; 121R; <; 14; 44; 1; 50; 50; 1
122; 122H; >; 1; 44; 1; 0; 0; 1
122; 122H; >; 2; 43; 1; 2; 2; 1
122; 122H; >; 3; 42; 1; 4; 4; 1
122; 122H; >; 4; 1; 1; 6; 6; 1
122; 122H; >; 5; 122; 1; 8; 8; 1
122; 122H; >; 6; 123; 1; 10; 10; 1
122; 122H; >; 7; 124; 1; 12; 12; 1
122; 122H; >; 8; 125; 1; 14; 14; 1
122; 122H; >; 9; 126; 1; 16; 16; 1
122; 122H; >; 10; 127; 1; 18; 18; 1
122; 122H; >; 11; 128; 1; 20; 20; 1
122; 122H; >; 12; 129; 1; 22; 22; 1
122; 122H; >; 13; 130; 1; 24; 24; 1
122; 122H; >; 14; 131; 1; 26; 26; 1
122; 122R; <; 1; 131; 1; 30; 30; 1
122; 122R; <; 2; 130; 1; 32; 32; 1
122; 122R; <; 3; 129; 1; 34; 34; 1
122; 122R; <; 4; 128; 1; 36; 36; 1
122; 122R; <; 5; 127; 1; 38; 38; 1
122; 122R; <; 6; 126; 1; 40; 40; 1
122; 122R; <; 7; 125; 1; 42; 42; 1
122; 122R; <; 8; 124; 1; 44; 44; 1
122; 122R; <; 9; 123; 1; 46; 46; 1
122; 122R; <; 10; 122; 1; 48; 48; 1
122; 122R; <; 11; 1; 1; 50; 50; 1
122; 122R; <; 12; 42; 1; 52; 52; 1
122; 122R; <; 13; 43; 1; 54; 54; 1
122; 122R; <; 14; 44; 1; 56; 56; 1
123; 123H; >; 1; 44; 1; 46; 46; 1
123; 123H; >; 2; 43; 1; 48; 48; 1
123; 123H; >; 3; 42; 1; 50; 50; 1
123; 123H; >; 4; 1; 1; 52; 52; 1
123; 123H; >; 5; 112; 1; 54; 54; 1
123; 123H; >; 6; 113; 1; 56; 56; 1
123; 123H; >; 7; 114; 1; 58; 58; 1
123; 123H; >; 8; 115; 1; 0; 0; 1
123; 123H; >; 9; 116; 1; 2; 2; 1
123; 123H; >; 10; 117; 1; 4; 4; 1
123; 123H; >; 11; 118; 1; 6; 6; 1
123; 123H; >; 12; 119; 1; 8; 8; 1
123; 123H; >; 13; 120; 1; 10; 10; 1
123; 123H; >; 14; 121; 1; 12; 12; 1
123; 123R; <; 1; 121; 1; 16; 16; 1
123; 123R; <; 2; 120; 1; 18; 18; 1
123; 123R; <; 3; 119; 1; 20; 20; 1
123; 123R; <; 4; 118; 1; 22; 22; 1
123; 123R; <; 5; 117; 1; 24; 24; 1
123; 123R; <; 6; 116; 1; 26; 26; 1
123; 123R; <; 7; 115; 1; 28; 28; 1
123; 123R; <; 8; 114; 1; 30; 30; 1
123; 123R; <; 9; 113; 1; 32; 32; 1
123; 123R; <; 10; 112; 1; 34; 34; 1
123; 123R; <; 11; 1; 1; 36; 36; 1
123; 123R; <; 12; 42; 1; 38; 38; 1
123; 123R; <; 13; 43; 1; 40; 40; 1
123; 123R; <; 14; 44; 1; 42; 42; 1
125; 125H; >; 1; 41; 1; 24; 24; 1
125; 125H; >; 2; 40; 1; 26; 26; 1
125; 125H; >; 3; 39; 1; 28; 28; 1
125; 125H; >; 4; 38; 1; 30; 30; 1
125; 125H; >; 5; 37; 1; 32; 32; 1
125; 125H; >; 6; 36; 1; 34; 34; 1
125; 125H; >; 7; 35; 1; 36; 36; 1
125; 125H; >; 8; 34; 1; 38; 38; 1
125; 125H; >; 9; 33; 1; 40; 40; 1
125; 125H; >; 10; 32; 1; 42; 42; 1
125; 125H; >; 11; 1; 1; 44; 44; 1
125; 125H; >; 12; 112; 1; 46; 46; 1
125; 125H; >; 13; 113; 1; 48; 48; 1
125; 125H; >; 14; 114; 1; 50; 50; 1
125; 125R; <; 1; 114; 1; 54; 54; 1
125; 125R; <; 2; 113; 1; 56; 56; 1
125; 125R; <; 3; 112; 1; 58; 58; 1
125; 125R; <; 4; 1; 1; 0; 0; 1
125; 125R; <; 5; 32; 1; 2; 2; 1
125; 125R; <; 6; 33; 1; 4; 4; 1
125; 125R; <; 7; 34; 1; 6; 6; 1
125; 125R; <; 8; 35; 1; 8; 8; 1
125; 125R; <; 9; 36; 1; 10; 10; 1
125; 125R; <; 10; 37; 1; 12; 12; 1
125; 125R; <; 11; 38; 1; 14; 14; 1
125; 125R; <; 12; 39; 1; 16; 16; 1
125; 125R; <; 13; 40; 1; 18; 18; 1
125; 125R; <; 14; 41; 1; 20; 20; 1
132; 132H; >; 1; 31; 1; 5; 5; 1
132; 132H; >; 2; 30; 1; 7; 7; 1
132; 132H; >; 3; 29; 1; 9; 9; 1
132; 132H; >; 4; 28; 1; 11; 11; 1
132; 132H; >; 5; 27; 1; 13; 13; 1
132; 132H; >; 6; 26; 1; 15; 15; 1
132; 132H; >; 7; 25; 1; 17; 17; 1
132; 132H; >; 8; 24; 1; 19; 19; 1
132; 132H; >; 9; 23; 1; 21; 21; 1
132; 132H; >; 10; 22; 1; 23; 23; 1
132; 132H; >; 11; 1; 1; 25; 25; 1
132; 132H; >; 12; 122; 1; 27; 27; 1
132; 132H; >; 13; 123; 1; 29; 29; 1
132; 132H; >; 14; 124; 1; 31; 31; 1
132; 132R; <; 1; 124; 1; 35; 35; 1
132; 132R; <; 2; 123; 1; 37; 37; 1
132; 132R; <; 3; 122; 1; 39; 39; 1
132; 132R; <; 4; 1; 1; 41; 41; 1
132; 132R; <; 5; 22; 1; 43; 43; 1
132; 132R; <; 6; 23; 1; 45; 45; 1
132; 132R; <; 7; 24; 1; 47; 47; 1
132; 132R; <; 8; 25; 1; 49; 49; 1
132; 132R; <; 9; 26; 1; 51; 51; 1
132; 132R; <; 10; 27; 1; 53; 53; 1
132; 132R; <; 11; 28; 1; 55; 55; 1
132; 132R; <; 12; 29; 1; 57; 57; 1
132; 132R; <; 13; 30; 1; 59; 59; 1
132; 132R; <; 14; 31; 1; 1; 1; 1
133; 133H; >; 1; 31; 1; 0; 0; 1
133; 133H; >; 2; 30; 1; 2; 2; 1
133; 133H; >; 3; 29; 1; 4; 4; 1
133; 133H; >; 4; 28; 1; 6; 6; 1
133; 133H; >; 5; 27; 1; 8; 8; 1
133; 133H; >; 6; 26; 1; 10; 10; 1
133; 133H; >; 7; 25; 1; 12; 12; 1
133; 133H; >; 8; 24; 1; 14; 14; 1
133; 133H; >; 9; 23; 1; 16; 16; 1
133; 133H; >; 10; 22; 1; 18; 18; 1
133; 133H; >; 11; 1; 1; 20; 20; 1
133; 133H; >; 12; 112; 1; 22; 22; 1
133; 133H; >; 13; 113; 1; 24; 24; 1
133; 133H; >; 14; 114; 1; 26; 26; 1
133; 133R; <; 1; 114; 1; 30; 30; 1
133; 133R; <; 2; 113; 1; 32; 32; 1
133; 133R; <; 3; 112; 1; 34; 34; 1
133; 133R; <; 4; 1; 1; 36; 36; 1
133; 133R; <; 5; 22; 1; 38; 38; 1
133; 133R; <; 6; 23; 1; 40; 40; 1
133; 133R; <; 7; 24; 1; 42; 42; 1
133; 133R; <; 8; 25; 1; 44; 44; 1
133; 133R; <; 9; 26; 1; 46; 46; 1
133; 133R; <; 10; 27; 1; 48; 48; 1
133; 133R; <; 11; 28; 1; 50; 50; 1
133; 133R; <; 12; 29; 1; 52; 52; 1
133; 133R; <; 13; 30; 1; 54; 54; 1
133; 133R; <; 14; 31; 1; 56; 56; 1
136; 136H; >; 1; 31; 1; 11; 11; 1
136; 136H; >; 2; 30; 1; 13; 13; 1
136; 136H; >; 3; 29; 1; 15; 15; 1
136; 136H; >; 4; 28; 1; 17; 17; 1
136; 136H; >; 5; 27; 1; 19; 19; 1
136; 136H; >; 6; 26; 1; 21; 21; 1
136; 136H; >; 7; 25; 1; 23; 23; 1
136; 136H; >; 8; 24; 1; 25; 25; 1
136; 136H; >; 9; 23; 1; 27; 27; 1
136; 136H; >; 10; 22; 1; 29; 29; 1
136; 136H; >; 11; 1; 1; 31; 31; 1
136; 136H; >; 12; 82; 1; 33; 33; 1
136; 136H; >; 13; 83; 1; 35; 35; 1
136; 136H; >; 14; 84; 1; 37; 37; 1
136; 136R; <; 1; 84; 1; 41; 41; 1
136; 136R; <; 2; 83; 1; 43; 43; 1
136; 136R; <; 3; 82; 1; 45; 45; 1
136; 136R; <; 4; 1; 1; 47; 47; 1
136; 136R; <; 5; 22; 1; 49; 49; 1
136; 136R; <; 6; 23; 1; 51; 51; 1
136; 136R; <; 7; 24; 1; 53; 53; 1
136; 136R; <; 8; 25; 1; 55; 55; 1
136; 136R; <; 9; 26; 1; 57; 57; 1
136; 136R; <; 10; 27; 1; 59; 59; 1
136; 136R; <; 11; 28; 1; 1; 1; 1
136; 136R; <; 12; 29; 1; 3; 3; 1
136; 136R; <; 13; 30; 1; 5; 5; 1
136; 136R; <; 14; 31; 1; 7; 7; 1
147; 147H; >; 1; 14; 1; 0; 0; 1
147; 147H; >; 2; 13; 1; 2; 2; 1
147; 147H; >; 3; 12; 1; 4; 4; 1
147; 147H; >; 4; 1; 1; 6; 6; 1
147; 147H; >; 5; 82; 1; 8; 8; 1
147; 147H; >; 6; 83; 1; 10; 10; 1
147; 147H; >; 7; 84; 1; 12; 12; 1
147; 147H; >; 8; 85; 1; 14; 14; 1
147; 147H; >; 9; 86; 1; 16; 16; 1
147; 147H; >; 10; 87; 1; 18; 18; 1
147; 147H; >; 11; 88; 1; 20; 20; 1
147; 147H; >; 12; 89; 1; 22; 22; 1
147; 147H; >; 13; 90; 1; 24; 24; 1
147; 147H; >; 14; 91; 1; 26; 26; 1
147; 147R; <; 1; 91; 1; 30; 30; 1
147; 147R; <; 2; 90; 1; 32; 32; 1
147; 147R; <; 3; 89; 1; 34; 34; 1
147; 147R; <; 4; 88; 1; 36; 36; 1
147; 147R; <; 5; 87; 1; 38; 38; 1
147; 147R; <; 6; 86; 1; 40; 40; 1
147; 147R; <; 7; 85; 1; 42; 42; 1
147; 147R; <; 8; 84; 1; 44; 44; 1
147; 147R; <; 9; 83; 1; 46; 46; 1
147; 147R; <; 10; 82; 1; 48; 48; 1
147; 147R; <; 11; 1; 1; 50; 50; 1
147; 147R; <; 12; 12; 1; 52; 52; 1
147; 147R; <; 13; 13; 1; 54; 54; 1
147; 147R; <; 14; 14; 1; 56; 56; 1
160; 160H; >; 1; 161; 1; 55; 55; 1
160; 160H; >; 2; 151; 1; 0; 0; 1
160; 160H; >; 3; 141; 1; 5; 5; 1
160; 160H; >; 4; 131; 1; 10; 10; 1
160; 160H; >; 5; 121; 1; 15; 15; 1
160; 160H; >; 6; 111; 1; 20; 20; 1
160; 160H; >; 7; 101; 1; 25; 25; 1
160; 160H; >; 8; 91; 1; 30; 30; 1
160; 160H; >; 9; 90; 1; 32; 32; 1
160; 160H; >; 10; 89; 1; 34; 34; 1
160; 160H; >; 11; 88; 1; 36; 36; 1
160; 160H; >; 12; 87; 1; 38; 38; 1
160; 160H; >; 13; 86; 1; 40; 40; 1
160; 160R; <; 1; 86; 1; 55; 55; 1
160; 160R; <; 2; 87; 1; 57; 57; 1
160; 160R; <; 3; 88; 1; 59; 59; 1
160; 160R; <; 4; 89; 1; 1; 1; 1
160; 160R; <; 5; 90; 1; 3; 3; 1
160; 160R; <; 6; 91; 1; 5; 5; 1
160; 160R; <; 7; 101; 1; 10; 10; 1
160; 160R; <; 8; 111; 1; 15; 15; 1
160; 160R; <; 9; 121; 1; 20; 20; 1
160; 160R; <; 10; 131; 1; 25; 25; 1
160; 160R; <; 11; 141; 1; 30; 30; 1
160; 160R; <; 12; 151; 1; 35; 35; 1
160; 160R; <; 13; 161; 1; 40; 40; 1
176; 176H; >; 1; 131; 1; 10; 10; 1
176; 176H; >; 2; 121; 1; 15; 15; 1
176; 176H; >; 3; 111; 1; 20; 20; 1
176; 176H; >; 4; 101; 1; 25; 25; 1
176; 176H; >; 5; 91; 1; 30; 30; 1
176; 176H; >; 6; 81; 1; 35; 35; 1
176; 176H; >; 7; 71; 1; 40; 40; 1
176; 176H; >; 8; 61; 1; 45; 45; 1
176; 176H; >; 9; 60; 1; 47; 47; 1
176; 176H; >; 10; 59; 1; 49; 49; 1
176; 176H; >; 11; 58; 1; 51; 51; 1
176; 176H; >; 12; 57; 1; 53; 53; 1
176; 176H; >; 13; 56; 1; 55; 55; 1
176; 176R; <; 1; 56; 1; 10; 10; 1
176; 176R; <; 2; 57; 1; 12; 12; 1
176; 176R; <; 3; 58; 1; 14; 14; 1
176; 176R; <; 4; 59; 1; 16; 16; 1
176; 176R; <; 5; 60; 1; 18; 18; 1
176; 176R; <; 6; 61; 1; 20; 20; 1
176; 176R; <; 7; 71; 1; 25; 25; 1
176; 176R; <; 8; 81; 1; 30; 30; 1
176; 176R; <; 9; 91; 1; 35; 35; 1
176; 176R; <; 10; 101; 1; 40; 40; 1
176; 176R; <; 11; 111; 1; 45; 45; 1
176; 176R; <; 12; 121; 1; 50; 50; 1
176; 176R; <; 13; 131; 1; 55; 55; 1
249; 249H; >; 1; 161; 1; 0; 0; 1
249; 249H; >; 2; 160; 1; 2; 2; 1
249; 249H; >; 3; 159; 1; 4; 4; 1
249; 249H; >; 4; 158; 1; 6; 6; 1
249; 249H; >; 5; 157; 1; 8; 8; 1
249; 249H; >; 6; 156; 1; 10; 10; 1
249; 249H; >; 7; 155; 1; 12; 12; 1
249; 249H; >; 8; 154; 1; 14; 14; 1
249; 249H; >; 9; 153; 1; 16; 16; 1
249; 249H; >; 10; 3; 1; 18; 18; 1
249; 249H; >; 11; 13; 1; 20; 20; 1
249; 249H; >; 12; 23; 1; 22; 22; 1
249; 249H; >; 13; 33; 1; 24; 24; 1
249; 249R; <; 1; 33; 1; 30; 30; 1
249; 249R; <; 2; 23; 1; 32; 32; 1
249; 249R; <; 3; 13; 1; 34; 34; 1
249; 249R; <; 4; 3; 1; 36; 36; 1
249; 249R; <; 5; 153; 1; 38; 38; 1
249; 249R; <; 6; 154; 1; 40; 40; 1
249; 249R; <; 7; 155; 1; 42; 42; 1
249; 249R; <; 8; 156; 1; 44; 44; 1
249; 249R; <; 9; 157; 1; 46; 46; 1
249; 249R; <; 10; 158; 1; 48; 48; 1
249; 249R; <; 11; 159; 1; 50; 50; 1
249; 249R; <; 12; 160; 1; 52; 52; 1
249; 249R; <; 13; 161; 1; 54; 54; 1
252; 252H; >; 1; 160; 1; 22; 22; 1
252; 252H; >; 2; 159; 1; 24; 24; 1
252; 252H; >; 3; 158; 1; 26; 26; 1
252; 252H; >; 4; 157; 1; 28; 28; 1
252; 252H; >; 5; 156; 1; 30; 30; 1
252; 252H; >; 6; 155; 1; 32; 32; 1
252; 252H; >; 7; 154; 1; 34; 34; 1
252; 252H; >; 8; 153; 1; 36; 36; 1
252; 252H; >; 9; 152; 1; 38; 38; 1
252; 252H; >; 10; 1; 1; 40; 40; 1
252; 252H; >; 11; 92; 1; 42; 42; 1
252; 252H; >; 12; 93; 1; 44; 44; 1
252; 252H; >; 13; 94; 1; 46; 46; 1
252; 252R; <; 1; 94; 1; 52; 52; 1
252; 252R; <; 2; 93; 1; 54; 54; 1
252; 252R; <; 3; 92; 1; 56; 56; 1
252; 252R; <; 4; 1; 1; 58; 58; 1
252; 252R; <; 5; 152; 1; 0; 0; 1
252; 252R; <; 6; 153; 1; 2; 2; 1
252; 252R; <; 7; 154; 1; 4; 4; 1
252; 252R; <; 8; 155; 1; 6; 6; 1
252; 252R; <; 9; 156; 1; 8; 8; 1
252; 252R; <; 10; 157; 1; 10; 10; 1
252; 252R; <; 11; 158; 1; 12; 12; 1
252; 252R; <; 12; 159; 1; 14; 14; 1
252; 252R; <; 13; 160; 1; 16; 16; 1
256; 256H; >; 1; 151; 1; 59; 59; 1
256; 256H; >; 2; 150; 1; 1; 1; 1
256; 256H; >; 3; 149; 1; 3; 3; 1
256; 256H; >; 4; 148; 1; 5; 5; 1
256; 256H; >; 5; 147; 1; 7; 7; 1
256; 256H; >; 6; 146; 1; 9; 9; 1
256; 256H; >; 7; 145; 1; 11; 11; 1
256; 256H; >; 8; 144; 1; 13; 13; 1
256; 256H; >; 9; 143; 1; 15; 15; 1
256; 256H; >; 10; 153; 1; 17; 17; 1
256; 256H; >; 11; 3; 1; 19; 19; 1
256; 256H; >; 12; 13; 1; 21; 21; 1
256; 256H; >; 13; 23; 1; 23; 23; 1
256; 256R; <; 1; 23; 1; 29; 29; 1
256; 256R; <; 2; 13; 1; 31; 31; 1
256; 256R; <; 3; 3; 1; 33; 33; 1
256; 256R; <; 4; 153; 1; 35; 35; 1
256; 256R; <; 5; 143; 1; 37; 37; 1
256; 256R; <; 6; 144; 1; 39; 39; 1
256; 256R; <; 7; 145; 1; 41; 41; 1
256; 256R; <; 8; 146; 1; 43; 43; 1
256; 256R; <; 9; 147; 1; 45; 45; 1
256; 256R; <; 10; 148; 1; 47; 47; 1
256; 256R; <; 11; 149; 1; 49; 49; 1
256; 256R; <; 12; 150; 1; 51; 51; 1
256; 256R; <; 13; 151; 1; 53; 53; 1
259; 259H; >; 1; 150; 1; 5; 5; 1
259; 259H; >; 2; 149; 1; 7; 7; 1
259; 259H; >; 3; 148; 1; 9; 9; 1
259; 259H; >; 4; 147; 1; 11; 11; 1
259; 259H; >; 5; 146; 1; 13; 13; 1
259; 259H; >; 6; 145; 1; 15; 15; 1
259; 259H; >; 7; 144; 1; 17; 17; 1
259; 259H; >; 8; 143; 1; 19; 19; 1
259; 259H; >; 9; 142; 1; 21; 21; 1
259; 259H; >; 10; 1; 1; 23; 23; 1
259; 259H; >; 11; 82; 1; 25; 25; 1
259; 259H; >; 12; 83; 1; 27; 27; 1
259; 259H; >; 13; 84; 1; 29; 29; 1
259; 259R; <; 1; 84; 1; 35; 35; 1
259; 259R; <; 2; 83; 1; 37; 37; 1
259; 259R; <; 3; 82; 1; 39; 39; 1
259; 259R; <; 4; 1; 1; 41; 41; 1
259; 259R; <; 5; 142; 1; 43; 43; 1
259; 259R; <; 6; 143; 1; 45; 45; 1
259; 259R; <; 7; 144; 1; 47; 47; 1
259; 259R; <; 8; 145; 1; 49; 49; 1
259; 259R; <; 9; 146; 1; 51; 51; 1
259; 259R; <; 10; 147; 1; 53; 53; 1
259; 259R; <; 11; 148; 1; 55; 55; 1
259; 259R; <; 12; 149; 1; 57; 57; 1
259; 259R; <; 13; 150; 1; 59; 59; 1
263; 263H; >; 1; 141; 1; 46; 46; 1
263; 263H; >; 2; 140; 1; 48; 48; 1
263; 263H; >; 3; 139; 1; 50; 50; 1
263; 263H; >; 4; 138; 1; 52; 52; 1
263; 263H; >; 5; 137; 1; 54; 54; 1
263; 263H; >; 6; 136; 1; 56; 56; 1
263; 263H; >; 7; 135; 1; 58; 58; 1
263; 263H; >; 8; 134; 1; 0; 0; 1
263; 263H; >; 9; 133; 1; 2; 2; 1
263; 263H; >; 10; 143; 1; 4; 4; 1
263; 263H; >; 11; 153; 1; 6; 6; 1
263; 263H; >; 12; 3; 1; 8; 8; 1
263; 263H; >; 13; 13; 1; 10; 10; 1
263; 263R; <; 1; 13; 1; 16; 16; 1
263; 263R; <; 2; 3; 1; 18; 18; 1
263; 263R; <; 3; 153; 1; 20; 20; 1
263; 263R; <; 4; 143; 1; 22; 22; 1
263; 263R; <; 5; 133; 1; 24; 24; 1
263; 263R; <; 6; 134; 1; 26; 26; 1
263; 263R; <; 7; 135; 1; 28; 28; 1
263; 263R; <; 8; 136; 1; 30; 30; 1
263; 263R; <; 9; 137; 1; 32; 32; 1
263; 263R; <; 10; 138; 1; 34; 34; 1
263; 263R; <; 11; 139; 1; 36; 36; 1
263; 263R; <; 12; 140; 1; 38; 38; 1
263; 263R; <; 13; 141; 1; 40; 40; 1
286; 286H; >; 1; 103; 1; 0; 0; 1
286; 286H; >; 2; 102; 1; 2; 2; 1
286; 286H; >; 3; 1; 1; 4; 4; 1
286; 286H; >; 4; 152; 1; 6; 6; 1
286; 286H; >; 5; 153; 1; 8; 8; 1
286; 286H; >; 6; 154; 1; 10; 10; 1
286; 286H; >; 7; 155; 1; 12; 12; 1
286; 286H; >; 8; 156; 1; 14; 14; 1
286; 286H; >; 9; 157; 1; 16; 16; 1
286; 286H; >; 10; 158; 1; 18; 18; 1
286; 286H; >; 11; 159; 1; 20; 20; 1
286; 286H; >; 12; 160; 1; 22; 22; 1
286; 286H; >; 13; 161; 1; 24; 24; 1
286; 286R; <; 1; 161; 1; 30; 30; 1
286; 286R; <; 2; 160; 1; 32; 32; 1
286; 286R; <; 3; 159; 1; 34; 34; 1
286; 286R; <; 4; 158; 1; 36; 36; 1
286; 286R; <; 5; 157; 1; 38; 38; 1
286; 286R; <; 6; 156; 1; 40; 40; 1
286; 286R; <; 7; 155; 1; 42; 42; 1
286; 286R; <; 8; 154; 1; 44; 44; 1
286; 286R; <; 9; 153; 1; 46; 46; 1
286; 286R; <; 10; 152; 1; 48; 48; 1
286; 286R; <; 11; 1; 1; 50; 50; 1
286; 286R; <; 12; 102; 1; 52; 52; 1
286; 286R; <; 13; 103; 1; 54; 54; 1
309; 309H; >; 1; 81; 1; 21; 21; 1
309; 309H; >; 2; 80; 1; 23; 23; 1
309; 309H; >; 3; 79; 1; 25; 25; 1
309; 309H; >; 4; 78; 1; 27; 27; 1
309; 309H; >; 5; 77; 1; 29; 29; 1
309; 309H; >; 6; 76; 1; 31; 31; 1
309; 309H; >; 7; 75; 1; 33; 33; 1
309; 309H; >; 8; 74; 1; 35; 35; 1
309; 309H; >; 9; 73; 1; 37; 37; 1
309; 309H; >; 10; 72; 1; 39; 39; 1
309; 309H; >; 11; 1; 1; 41; 41; 1
309; 309H; >; 12; 122; 1; 43; 43; 1
309; 309H; >; 13; 123; 1; 45; 45; 1
309; 309R; <; 1; 123; 1; 51; 51; 1
309; 309R; <; 2; 122; 1; 53; 53; 1
309; 309R; <; 3; 1; 1; 55; 55; 1
309; 309R; <; 4; 72; 1; 57; 57; 1
309; 309R; <; 5; 73; 1; 59; 59; 1
309; 309R; <; 6; 74; 1; 1; 1; 1
309; 309R; <; 7; 75; 1; 3; 3; 1
309; 309R; <; 8; 76; 1; 5; 5; 1
309; 309R; <; 9; 77; 1; 7; 7; 1
309; 309R; <; 10; 78; 1; 9; 9; 1
309; 309R; <; 11; 79; 1; 11; 11; 1
309; 309R; <; 12; 80; 1; 13; 13; 1
309; 309R; <; 13; 81; 1; 15; 15; 1
314; 314H; >; 1; 73; 1; 2; 2; 1
314; 314H; >; 2; 72; 1; 4; 4; 1
314; 314H; >; 3; 1; 1; 6; 6; 1
314; 314H; >; 4; 132; 1; 8; 8; 1
314; 314H; >; 5; 133; 1; 10; 10; 1
314; 314H; >; 6; 134; 1; 12; 12; 1
314; 314H; >; 7; 135; 1; 14; 14; 1
314; 314H; >; 8; 136; 1; 16; 16; 1
314; 314H; >; 9; 137; 1; 18; 18; 1
314; 314H; >; 10; 138; 1; 20; 20; 1
314; 314H; >; 11; 139; 1; 22; 22; 1
314; 314H; >; 12; 140; 1; 24; 24; 1
314; 314H; >; 13; 141; 1; 26; 26; 1
314; 314R; <; 1; 141; 1; 32; 32; 1
314; 314R; <; 2; 140; 1; 34; 34; 1
314; 314R; <; 3; 139; 1; 36; 36; 1
314; 314R; <; 4; 138; 1; 38; 38; 1
314; 314R; <; 5; 137; 1; 40; 40; 1
314; 314R; <; 6; 136; 1; 42; 42; 1
314; 314R; <; 7; 135; 1; 44; 44; 1
314; 314R; <; 8; 134; 1; 46; 46; 1
314; 314R; <; 9; 133; 1; 48; 48; 1
314; 314R; <; 10; 132; 1; 50; 50; 1
314; 314R; <; 11; 1; 1; 52; 52; 1
314; 314R; <; 12; 72; 1; 54; 54; 1
314; 314R; <; 13; 73; 1; 56; 56; 1
315; 315H; >; 1; 73; 1; 0; 0; 1
315; 315H; >; 2; 72; 1; 2; 2; 1
315; 315H; >; 3; 1; 1; 4; 4; 1
315; 315H; >; 4; 122; 1; 6; 6; 1
315; 315H; >; 5; 123; 1; 8; 8; 1
315; 315H; >; 6; 124; 1; 10; 10; 1
315; 315H; >; 7; 125; 1; 12; 12; 1
315; 315H; >; 8; 126; 1; 14; 14; 1
315; 315H; >; 9; 127; 1; 16; 16; 1
315; 315H; >; 10; 128; 1; 18; 18; 1
315; 315H; >; 11; 129; 1; 20; 20; 1
315; 315H; >; 12; 130; 1; 22; 22; 1
315; 315H; >; 13; 131; 1; 24; 24; 1
315; 315R; <; 1; 131; 1; 30; 30; 1
315; 315R; <; 2; 130; 1; 32; 32; 1
315; 315R; <; 3; 129; 1; 34; 34; 1
315; 315R; <; 4; 128; 1; 36; 36; 1
315; 315R; <; 5; 127; 1; 38; 38; 1
315; 315R; <; 6; 126; 1; 40; 40; 1
315; 315R; <; 7; 125; 1; 42; 42; 1
315; 315R; <; 8; 124; 1; 44; 44; 1
315; 315R; <; 9; 123; 1; 46; 46; 1
315; 315R; <; 10; 122; 1; 48; 48; 1
315; 315R; <; 11; 1; 1; 50; 50; 1
315; 315R; <; 12; 72; 1; 52; 52; 1
315; 315R; <; 13; 73; 1; 54; 54; 1
324; 324H; >; 1; 63; 1; 57; 57; 1
324; 324H; >; 2; 62; 1; 59; 59; 1
324; 324H; >; 3; 1; 1; 1; 1; 1
324; 324H; >; 4; 122; 1; 3; 3; 1
324; 324H; >; 5; 123; 1; 5; 5; 1
324; 324H; >; 6; 124; 1; 7; 7; 1
324; 324H; >; 7; 125; 1; 9; 9; 1
324; 324H; >; 8; 126; 1; 11; 11; 1
324; 324H; >; 9; 127; 1; 13; 13; 1
324; 324H; >; 10; 128; 1; 15; 15; 1
324; 324H; >; 11; 129; 1; 17; 17; 1
324; 324H; >; 12; 130; 1; 19; 19; 1
324; 324H; >; 13; 131; 1; 21; 21; 1
324; 324R; <; 1; 131; 1; 27; 27; 1
324; 324R; <; 2; 130; 1; 29; 29; 1
324; 324R; <; 3; 129; 1; 31; 31; 1
324; 324R; <; 4; 128; 1; 33; 33; 1
324; 324R; <; 5; 127; 1; 35; 35; 1
324; 324R; <; 6; 126; 1; 37; 37; 1
324; 324R; <; 7; 125; 1; 39; 39; 1
324; 324R; <; 8; 124; 1; 41; 41; 1
324; 324R; <; 9; 123; 1; 43; 43; 1
324; 324R; <; 10; 122; 1; 45; 45; 1
324; 324R; <; 11; 1; 1; 47; 47; 1
324; 324R; <; 12; 62; 1; 49; 49; 1
324; 324R; <; 13; 63; 1; 51; 51; 1
330; 330H; >; 1; 61; 1; 8; 8; 1
330; 330H; >; 2; 60; 1; 10; 10; 1
330; 330H; >; 3; 59; 1; 12; 12; 1
330; 330H; >; 4; 58; 1; 14; 14; 1
330; 330H; >; 5; 57; 1; 16; 16; 1
330; 330H; >; 6; 56; 1; 18; 18; 1
330; 330H; >; 7; 55; 1; 20; 20; 1
330; 330H; >; 8; 54; 1; 22; 22; 1
330; 330H; >; 9; 53; 1; 24; 24; 1
330; 330H; >; 10; 52; 1; 26; 26; 1
330; 330H; >; 11; 1; 1; 28; 28; 1
330; 330H; >; 12; 12; 1; 30; 30; 1
330; 330H; >; 13; 13; 1; 32; 32; 1
330; 330R; <; 1; 13; 1; 38; 38; 1
330; 330R; <; 2; 12; 1; 40; 40; 1
330; 330R; <; 3; 1; 1; 42; 42; 1
330; 330R; <; 4; 52; 1; 44; 44; 1
330; 330R; <; 5; 53; 1; 46; 46; 1
330; 330R; <; 6; 54; 1; 48; 48; 1
330; 330R; <; 7; 55; 1; 50; 50; 1
330; 330R; <; 8; 56; 1; 52; 52; 1
330; 330R; <; 9; 57; 1; 54; 54; 1
330; 330R; <; 10; 58; 1; 56; 56; 1
330; 330R; <; 11; 59; 1; 58; 58; 1
330; 330R; <; 12; 60; 1; 0; 0; 1
330; 330R; <; 13; 61; 1; 2; 2; 1
335; 335H; >; 1; 53; 1; 48; 48; 1
335; 335H; >; 2; 52; 1; 50; 50; 1
335; 335H; >; 3; 1; 1; 52; 52; 1
335; 335H; >; 4; 112; 1; 54; 54; 1
335; 335H; >; 5; 113; 1; 56; 56; 1
335; 335H; >; 6; 114; 1; 58; 58; 1
335; 335H; >; 7; 115; 1; 0; 0; 1
335; 335H; >; 8; 116; 1; 2; 2; 1
335; 335H; >; 9; 117; 1; 4; 4; 1
335; 335H; >; 10; 118; 1; 6; 6; 1
335; 335H; >; 11; 119; 1; 8; 8; 1
335; 335H; >; 12; 120; 1; 10; 10; 1
335; 335H; >; 13; 121; 1; 12; 12; 1
335; 335R; <; 1; 121; 1; 18; 18; 1
335; 335R; <; 2; 120; 1; 20; 20; 1
335; 335R; <; 3; 119; 1; 22; 22; 1
335; 335R; <; 4; 118; 1; 24; 24; 1
335; 335R; <; 5; 117; 1; 26; 26; 1
335; 335R; <; 6; 116; 1; 28; 28; 1
335; 335R; <; 7; 115; 1; 30; 30; 1
335; 335R; <; 8; 114; 1; 32; 32; 1
335; 335R; <; 9; 113; 1; 34; 34; 1
335; 335R; <; 10; 112; 1; 36; 36; 1
335; 335R; <; 11; 1; 1; 38; 38; 1
335; 335R; <; 12; 52; 1; 40; 40; 1
335; 335R; <; 13; 53; 1; 42; 42; 1
336; 336H; >; 1; 53; 1; 0; 0; 1
336; 336H; >; 2; 52; 1; 2; 2; 1
336; 336H; >; 3; 1; 1; 4; 4; 1
336; 336H; >; 4; 102; 1; 6; 6; 1
336; 336H; >; 5; 103; 1; 8; 8; 1
336; 336H; >; 6; 104; 1; 10; 10; 1
336; 336H; >; 7; 105; 1; 12; 12; 1
336; 336H; >; 8; 106; 1; 14; 14; 1
336; 336H; >; 9; 107; 1; 16; 16; 1
336; 336H; >; 10; 108; 1; 18; 18; 1
336; 336H; >; 11; 109; 1; 20; 20; 1
336; 336H; >; 12; 110; 1; 22; 22; 1
336; 336H; >; 13; 111; 1; 24; 24; 1
336; 336R; <; 1; 111; 1; 30; 30; 1
336; 336R; <; 2; 110; 1; 32; 32; 1
336; 336R; <; 3; 109; 1; 34; 34; 1
336; 336R; <; 4; 108; 1; 36; 36; 1
336; 336R; <; 5; 107; 1; 38; 38; 1
336; 336R; <; 6; 106; 1; 40; 40; 1
336; 336R; <; 7; 105; 1; 42; 42; 1
336; 336R; <; 8; 104; 1; 44; 44; 1
336; 336R; <; 9; 103; 1; 46; 46; 1
336; 336R; <; 10; 102; 1; 48; 48; 1
336; 336R; <; 11; 1; 1; 50; 50; 1
336; 336R; <; 12; 52; 1; 52; 52; 1
336; 336R; <; 13; 53; 1; 54; 54; 1
347; 347H; >; 1; 43; 1; 31; 31; 1
347; 347H; >; 2; 42; 1; 33; 33; 1
347; 347H; >; 3; 1; 1; 35; 35; 1
347; 347H; >; 4; 152; 1; 37; 37; 1
347; 347H; >; 5; 153; 1; 39; 39; 1
347; 347H; >; 6; 154; 1; 41; 41; 1
347; 347H; >; 7; 155; 1; 43; 43; 1
347; 347H; >; 8; 156; 1; 45; 45; 1
347; 347H; >; 9; 157; 1; 47; 47; 1
347; 347H; >; 10; 158; 1; 49; 49; 1
347; 347H; >; 11; 159; 1; 51; 51; 1
347; 347H; >; 12; 160; 1; 53; 53; 1
347; 347H; >; 13; 161; 1; 55; 55; 1
347; 347R; <; 1; 161; 1; 1; 1; 1
347; 347R; <; 2; 160; 1; 3; 3; 1
347; 347R; <; 3; 159; 1; 5; 5; 1
347; 347R; <; 4; 158; 1; 7; 7; 1
347; 347R; <; 5; 157; 1; 9; 9; 1
347; 347R; <; 6; 156; 1; 11; 11; 1
347; 347R; <; 7; 155; 1; 13; 13; 1
347; 347R; <; 8; 154; 1; 15; 15; 1
347; 347R; <; 9; 153; 1; 17; 17; 1
347; 347R; <; 10; 152; 1; 19; 19; 1
347; 347R; <; 11; 1; 1; 21; 21; 1
347; 347R; <; 12; 42; 1; 23; 23; 1
347; 347R; <; 13; 43; 1; 25; 25; 1
348; 348H; >; 1; 43; 1; 54; 54; 1
348; 348H; >; 2; 42; 1; 56; 56; 1
348; 348H; >; 3; 1; 1; 58; 58; 1
348; 348H; >; 4; 102; 1; 0; 0; 1
348; 348H; >; 5; 103; 1; 2; 2; 1
348; 348H; >; 6; 104; 1; 4; 4; 1
348; 348H; >; 7; 105; 1; 6; 6; 1
348; 348H; >; 8; 106; 1; 8; 8; 1
348; 348H; >; 9; 107; 1; 10; 10; 1
348; 348H; >; 10; 108; 1; 12; 12; 1
348; 348H; >; 11; 109; 1; 14; 14; 1
348; 348H; >; 12; 110; 1; 16; 16; 1
348; 348H; >; 13; 111; 1; 18; 18; 1
348; 348R; <; 1; 111; 1; 24; 24; 1
348; 348R; <; 2; 110; 1; 26; 26; 1
348; 348R; <; 3; 109; 1; 28; 28; 1
348; 348R; <; 4; 108; 1; 30; 30; 1
348; 348R; <; 5; 107; 1; 32; 32; 1
348; 348R; <; 6; 106; 1; 34; 34; 1
348; 348R; <; 7; 105; 1; 36; 36; 1
348; 348R; <; 8; 104; 1; 38; 38; 1
348; 348R; <; 9; 103; 1; 40; 40; 1
348; 348R; <; 10; 102; 1; 42; 42; 1
348; 348R; <; 11; 1; 1; 44; 44; 1
348; 348R; <; 12; 42; 1; 46; 46; 1
348; 348R; <; 13; 43; 1; 48; 48; 1
349; 349H; >; 1; 43; 1; 43; 43; 1
349; 349H; >; 2; 42; 1; 45; 45; 1
349; 349H; >; 3; 1; 1; 47; 47; 1
349; 349H; >; 4; 92; 1; 49; 49; 1
349; 349H; >; 5; 93; 1; 51; 51; 1
349; 349H; >; 6; 94; 1; 53; 53; 1
349; 349H; >; 7; 95; 1; 55; 55; 1
349; 349H; >; 8; 96; 1; 57; 57; 1
349; 349H; >; 9; 97; 1; 59; 59; 1
349; 349H; >; 10; 98; 1; 1; 1; 1
349; 349H; >; 11; 99; 1; 3; 3; 1
349; 349H; >; 12; 100; 1; 5; 5; 1
349; 349H; >; 13; 101; 1; 7; 7; 1
349; 349R; <; 1; 101; 1; 13; 13; 1
349; 349R; <; 2; 100; 1; 15; 15; 1
349; 349R; <; 3; 99; 1; 17; 17; 1
349; 349R; <; 4; 98; 1; 19; 19; 1
349; 349R; <; 5; 97; 1; 21; 21; 1
349; 349R; <; 6; 96; 1; 23; 23; 1
349; 349R; <; 7; 95; 1; 25; 25; 1
349; 349R; <; 8; 94; 1; 27; 27; 1
349; 349R; <; 9; 93; 1; 29; 29; 1
349; 349R; <; 10; 92; 1; 31; 31; 1
349; 349R; <; 11; 1; 1; 33; 33; 1
349; 349R; <; 12; 42; 1; 35; 35; 1
349; 349R; <; 13; 43; 1; 37; 37; 1
352; 352H; >; 1; 41; 1; 22; 22; 1
352; 352H; >; 2; 40; 1; 24; 24; 1
352; 352H; >; 3; 39; 1; 26; 26; 1
352; 352H; >; 4; 38; 1; 28; 28; 1
352; 352H; >; 5; 37; 1; 30; 30; 1
352; 352H; >; 6; 36; 1; 32; 32; 1
352; 352H; >; 7; 35; 1; 34; 34; 1
352; 352H; >; 8; 34; 1; 36; 36; 1
352; 352H; >; 9; 33; 1; 38; 38; 1
352; 352H; >; 10; 43; 1; 40; 40; 1
352; 352H; >; 11; 53; 1; 42; 42; 1
352; 352H; >; 12; 63; 1; 44; 44; 1
352; 352H; >; 13; 73; 1; 46; 46; 1
352; 352R; <; 1; 73; 1; 52; 52; 1
352; 352R; <; 2; 63; 1; 54; 54; 1
352; 352R; <; 3; 53; 1; 56; 56; 1
352; 352R; <; 4; 43; 1; 58; 58; 1
352; 352R; <; 5; 33; 1; 0; 0; 1
352; 352R; <; 6; 34; 1; 2; 2; 1
352; 352R; <; 7; 35; 1; 4; 4; 1
352; 352R; <; 8; 36; 1; 6; 6; 1
352; 352R; <; 9; 37; 1; 8; 8; 1
352; 352R; <; 10; 38; 1; 10; 10; 1
352; 352R; <; 11; 39; 1; 12; 12; 1
352; 352R; <; 12; 40; 1; 14; 14; 1
352; 352R; <; 13; 41; 1; 16; 16; 1
364; 364H; >; 1; 31; 1; 0; 0; 1
364; 364H; >; 2; 30; 1; 2; 2; 1
364; 364H; >; 3; 29; 1; 4; 4; 1
364; 364H; >; 4; 28; 1; 6; 6; 1
364; 364H; >; 5; 27; 1; 8; 8; 1
364; 364H; >; 6; 26; 1; 10; 10; 1
364; 364H; >; 7; 25; 1; 12; 12; 1
364; 364H; >; 8; 24; 1; 14; 14; 1
364; 364H; >; 9; 23; 1; 16; 16; 1
364; 364H; >; 10; 33; 1; 18; 18; 1
364; 364H; >; 11; 43; 1; 20; 20; 1
364; 364H; >; 12; 53; 1; 22; 22; 1
364; 364H; >; 13; 63; 1; 24; 24; 1
364; 364R; <; 1; 63; 1; 30; 30; 1
364; 364R; <; 2; 53; 1; 32; 32; 1
364; 364R; <; 3; 43; 1; 34; 34; 1
364; 364R; <; 4; 33; 1; 36; 36; 1
364; 364R; <; 5; 23; 1; 38; 38; 1
364; 364R; <; 6; 24; 1; 40; 40; 1
364; 364R; <; 7; 25; 1; 42; 42; 1
364; 364R; <; 8; 26; 1; 44; 44; 1
364; 364R; <; 9; 27; 1; 46; 46; 1
364; 364R; <; 10; 28; 1; 48; 48; 1
364; 364R; <; 11; 29; 1; 50; 50; 1
364; 364R; <; 12; 30; 1; 52; 52; 1
364; 364R; <; 13; 31; 1; 54; 54; 1
382; 382H; >; 1; 13; 1; 26; 26; 1
382; 382H; >; 2; 12; 1; 28; 28; 1
382; 382H; >; 3; 1; 1; 30; 30; 1
382; 382H; >; 4; 72; 1; 32; 32; 1
382; 382H; >; 5; 73; 1; 34; 34; 1
382; 382H; >; 6; 74; 1; 36; 36; 1
382; 382H; >; 7; 75; 1; 38; 38; 1
382; 382H; >; 8; 76; 1; 40; 40; 1
382; 382H; >; 9; 77; 1; 42; 42; 1
382; 382H; >; 10; 78; 1; 44; 44; 1
382; 382H; >; 11; 79; 1; 46; 46; 1
382; 382H; >; 12; 80; 1; 48; 48; 1
382; 382H; >; 13; 81; 1; 50; 50; 1
382; 382R; <; 1; 81; 1; 56; 56; 1
382; 382R; <; 2; 80; 1; 58; 58; 1
382; 382R; <; 3; 79; 1; 0; 0; 1
382; 382R; <; 4; 78; 1; 2; 2; 1
382; 382R; <; 5; 77; 1; 4; 4; 1
382; 382R; <; 6; 76; 1; 6; 6; 1
382; 382R; <; 7; 75; 1; 8; 8; 1
382; 382R; <; 8; 74; 1; 10; 10; 1
382; 382R; <; 9; 73; 1; 12; 12; 1
382; 382R; <; 10; 72; 1; 14; 14; 1
382; 382R; <; 11; 1; 1; 16; 16; 1
382; 382R; <; 12; 12; 1; 18; 18; 1
382; 382R; <; 13; 13; 1; 20; 20; 1
383; 383H; >; 1; 13; 1; 51; 51; 1
383; 383H; >; 2; 12; 1; 53; 53; 1
383; 383H; >; 3; 1; 1; 55; 55; 1
383; 383H; >; 4; 62; 1; 57; 57; 1
383; 383H; >; 5; 63; 1; 59; 59; 1
383; 383H; >; 6; 64; 1; 1; 1; 1
383; 383H; >; 7; 65; 1; 3; 3; 1
383; 383H; >; 8; 66; 1; 5; 5; 1
383; 383H; >; 9; 67; 1; 7; 7; 1
383; 383H; >; 10; 68; 1; 9; 9; 1
383; 383H; >; 11; 69; 1; 11; 11; 1
383; 383H; >; 12; 70; 1; 13; 13; 1
383; 383H; >; 13; 71; 1; 15; 15; 1
383; 383R; <; 1; 71; 1; 21; 21; 1
383; 383R; <; 2; 70; 1; 23; 23; 1
383; 383R; <; 3; 69; 1; 25; 25; 1
383; 383R; <; 4; 68; 1; 27; 27; 1
383; 383R; <; 5; 67; 1; 29; 29; 1
383; 383R; <; 6; 66; 1; 31; 31; 1
383; 383R; <; 7; 65; 1; 33; 33; 1
383; 383R; <; 8; 64; 1; 35; 35; 1
383; 383R; <; 9; 63; 1; 37; 37; 1
383; 383R; <; 10; 62; 1; 39; 39; 1
383; 383R; <; 11; 1; 1; 41; 41; 1
383; 383R; <; 12; 12; 1; 43; 43; 1
383; 383R; <; 13; 13; 1; 45; 45; 1
387; 387H; >; 1; 11; 1; 46; 46; 1
387; 387H; >; 2; 10; 1; 48; 48; 1
387; 387H; >; 3; 9; 1; 50; 50; 1
387; 387H; >; 4; 8; 1; 52; 52; 1
387; 387H; >; 5; 7; 1; 54; 54; 1
387; 387H; >; 6; 6; 1; 56; 56; 1
387; 387H; >; 7; 5; 1; 58; 58; 1
387; 387H; >; 8; 4; 1; 0; 0; 1
387; 387H; >; 9; 3; 1; 2; 2; 1
387; 387H; >; 10; 2; 1; 4; 4; 1
387; 387H; >; 11; 1; 1; 6; 6; 1
387; 387H; >; 12; 52; 1; 8; 8; 1
387; 387H; >; 13; 53; 1; 10; 10; 1
387; 387R; <; 1; 53; 1; 16; 16; 1
387; 387R; <; 2; 52; 1; 18; 18; 1
387; 387R; <; 3; 1; 1; 20; 20; 1
387; 387R; <; 4; 2; 1; 22; 22; 1
387; 387R; <; 5; 3; 1; 24; 24; 1
387; 387R; <; 6; 4; 1; 26; 26; 1
387; 387R; <; 7; 5; 1; 28; 28; 1
387; 387R; <; 8; 6; 1; 30; 30; 1
387; 387R; <; 9; 7; 1; 32; 32; 1
387; 387R; <; 10; 8; 1; 34; 34; 1
387; 387R; <; 11; 9; 1; 36; 36; 1
387; 387R; <; 12; 10; 1; 38; 38; 1
387; 387R; <; 13; 11; 1; 40; 40; 1
392; 392H; >; 1; 3; 1; 37; 37; 1
392; 392H; >; 2; 2; 1; 39; 39; 1
392; 392H; >; 3; 1; 1; 41; 41; 1
392; 392H; >; 4; 52; 1; 43; 43; 1
392; 392H; >; 5; 53; 1; 45; 45; 1
392; 392H; >; 6; 54; 1; 47; 47; 1
392; 392H; >; 7; 55; 1; 49; 49; 1
392; 392H; >; 8; 56; 1; 51; 51; 1
392; 392H; >; 9; 57; 1; 53; 53; 1
392; 392H; >; 10; 58; 1; 55; 55; 1
392; 392H; >; 11; 59; 1; 57; 57; 1
392; 392H; >; 12; 60; 1; 59; 59; 1
392; 392H; >; 13; 61; 1; 1; 1; 1
392; 392R; <; 1; 61; 1; 7; 7; 1
392; 392R; <; 2; 60; 1; 9; 9; 1
392; 392R; <; 3; 59; 1; 11; 11; 1
392; 392R; <; 4; 58; 1; 13; 13; 1
392; 392R; <; 5; 57; 1; 15; 15; 1
392; 392R; <; 6; 56; 1; 17; 17; 1
392; 392R; <; 7; 55; 1; 19; 19; 1
392; 392R; <; 8; 54; 1; 21; 21; 1
392; 392R; <; 9; 53; 1; 23; 23; 1
392; 392R; <; 10; 52; 1; 25; 25; 1
392; 392R; <; 11; 1; 1; 27; 27; 1
392; 392R; <; 12; 2; 1; 29; 29; 1
392; 392R; <; 13; 3; 1; 31; 31; 1
497; 497H; >; 1; 34; 1; 25; 25; 1
497; 497H; >; 2; 24; 1; 28; 28; 1
497; 497H; >; 3; 14; 1; 31; 31; 1
497; 497H; >; 4; 15; 1; 33; 33; 1
497; 497H; >; 5; 16; 1; 35; 35; 1
497; 497H; >; 6; 6; 1; 38; 38; 1
497; 497H; >; 7; 156; 1; 41; 41; 1
497; 497H; >; 8; 157; 1; 43; 43; 1
497; 497H; >; 9; 158; 1; 45; 45; 1
497; 497H; >; 10; 159; 1; 47; 47; 1
497; 497H; >; 11; 149; 1; 54; 54; 1
497; 497H; >; 12; 150; 1; 56; 56; 1
497; 497R; <; 1; 150; 1; 25; 25; 1
497; 497R; <; 2; 149; 1; 27; 27; 1
497; 497R; <; 3; 159; 1; 34; 34; 1
497; 497R; <; 4; 158; 1; 36; 36; 1
497; 497R; <; 5; 157; 1; 38; 38; 1
497; 497R; <; 6; 156; 1; 40; 40; 1
497; 497R; <; 7; 6; 1; 43; 43; 1
497; 497R; <; 8; 16; 1; 46; 46; 1
497; 497R; <; 9; 15; 1; 48; 48; 1
497; 497R; <; 10; 14; 1; 50; 50; 1
497; 497R; <; 11; 24; 1; 53; 53; 1
497; 497R; <; 12; 34; 1; 56; 56; 1
504; 504H; >; 1; 25; 1; 34; 34; 1
504; 504H; >; 2; 15; 1; 38; 38; 1
504; 504H; >; 3; 5; 1; 42; 42; 1
504; 504H; >; 4; 6; 1; 44; 44; 1
504; 504H; >; 5; 156; 1; 47; 47; 1
504; 504H; >; 6; 157; 1; 49; 49; 1
504; 504H; >; 7; 147; 1; 54; 54; 1
504; 504H; >; 8; 137; 1; 59; 59; 1
504; 504H; >; 9; 138; 1; 1; 1; 1
504; 504H; >; 10; 139; 1; 3; 3; 1
504; 504H; >; 11; 140; 1; 5; 5; 1
504; 504H; >; 12; 141; 1; 7; 7; 1
504; 504R; <; 1; 141; 1; 34; 34; 1
504; 504R; <; 2; 140; 1; 36; 36; 1
504; 504R; <; 3; 139; 1; 38; 38; 1
504; 504R; <; 4; 138; 1; 40; 40; 1
504; 504R; <; 5; 137; 1; 42; 42; 1
504; 504R; <; 6; 147; 1; 47; 47; 1
504; 504R; <; 7; 157; 1; 52; 52; 1
504; 504R; <; 8; 156; 1; 54; 54; 1
504; 504R; <; 9; 6; 1; 57; 57; 1
504; 504R; <; 10; 5; 1; 59; 59; 1
504; 504R; <; 11; 15; 1; 3; 3; 1
504; 504R; <; 12; 25; 1; 7; 7; 1
524; 524H; >; 1; 160; 1; 36; 36; 1
524; 524H; >; 2; 159; 1; 38; 38; 1
524; 524H; >; 3; 158; 1; 40; 40; 1
524; 524H; >; 4; 157; 1; 42; 42; 1
524; 524H; >; 5; 156; 1; 44; 44; 1
524; 524H; >; 6; 155; 1; 46; 46; 1
524; 524H; >; 7; 154; 1; 48; 48; 1
524; 524H; >; 8; 153; 1; 50; 50; 1
524; 524H; >; 9; 143; 1; 52; 52; 1
524; 524H; >; 10; 133; 1; 54; 54; 1
524; 524H; >; 11; 123; 1; 56; 56; 1
524; 524H; >; 12; 113; 1; 58; 58; 1
524; 524R; <; 1; 113; 1; 6; 6; 1
524; 524R; <; 2; 123; 1; 8; 8; 1
524; 524R; <; 3; 133; 1; 10; 10; 1
524; 524R; <; 4; 143; 1; 12; 12; 1
524; 524R; <; 5; 153; 1; 14; 14; 1
524; 524R; <; 6; 154; 1; 16; 16; 1
524; 524R; <; 7; 155; 1; 18; 18; 1
524; 524R; <; 8; 156; 1; 20; 20; 1
524; 524R; <; 9; 157; 1; 22; 22; 1
524; 524R; <; 10; 158; 1; 24; 24; 1
524; 524R; <; 11; 159; 1; 26; 26; 1
524; 524R; <; 12; 160; 1; 28; 28; 1
548; 548H; >; 1; 139; 1; 12; 12; 1
548; 548H; >; 2; 138; 1; 14; 14; 1
548; 548H; >; 3; 148; 1; 20; 20; 1
548; 548H; >; 4; 147; 1; 22; 22; 1
548; 548H; >; 5; 157; 1; 27; 27; 1
548; 548H; >; 6; 156; 1; 29; 29; 1
548; 548H; >; 7; 6; 1; 32; 32; 1
548; 548H; >; 8; 16; 1; 35; 35; 1
548; 548H; >; 9; 26; 1; 38; 38; 1
548; 548H; >; 10; 25; 1; 40; 40; 1
548; 548H; >; 11; 35; 1; 44; 44; 1
548; 548H; >; 12; 45; 1; 48; 48; 1
548; 548R; <; 1; 45; 1; 12; 12; 1
548; 548R; <; 2; 35; 1; 16; 16; 1
548; 548R; <; 3; 25; 1; 20; 20; 1
548; 548R; <; 4; 26; 1; 22; 22; 1
548; 548R; <; 5; 16; 1; 25; 25; 1
548; 548R; <; 6; 6; 1; 28; 28; 1
548; 548R; <; 7; 156; 1; 31; 31; 1
548; 548R; <; 8; 157; 1; 33; 33; 1
548; 548R; <; 9; 147; 1; 38; 38; 1
548; 548R; <; 10; 148; 1; 40; 40; 1
548; 548R; <; 11; 138; 1; 46; 46; 1
548; 548R; <; 12; 139; 1; 48; 48; 1
577; 577H; >; 1; 112; 1; 11; 11; 1
577; 577H; >; 2; 1; 1; 13; 13; 1
577; 577H; >; 3; 152; 1; 15; 15; 1
577; 577H; >; 4; 153; 1; 17; 17; 1
577; 577H; >; 5; 154; 1; 19; 19; 1
577; 577H; >; 6; 155; 1; 21; 21; 1
577; 577H; >; 7; 156; 1; 23; 23; 1
577; 577H; >; 8; 157; 1; 25; 25; 1
577; 577H; >; 9; 158; 1; 27; 27; 1
577; 577H; >; 10; 159; 1; 29; 29; 1
577; 577H; >; 11; 160; 1; 31; 31; 1
577; 577H; >; 12; 161; 1; 33; 33; 1
577; 577R; <; 1; 161; 1; 41; 41; 1
577; 577R; <; 2; 160; 1; 43; 43; 1
577; 577R; <; 3; 159; 1; 45; 45; 1
577; 577R; <; 4; 158; 1; 47; 47; 1
577; 577R; <; 5; 157; 1; 49; 49; 1
577; 577R; <; 6; 156; 1; 51; 51; 1
577; 577R; <; 7; 155; 1; 53; 53; 1
577; 577R; <; 8; 154; 1; 55; 55; 1
577; 577R; <; 9; 153; 1; 57; 57; 1
577; 577R; <; 10; 152; 1; 59; 59; 1
577; 577R; <; 11; 1; 1; 1; 1; 1
577; 577R; <; 12; 112; 1; 3; 3; 1
620; 620H; >; 1; 90; 1; 23; 23; 1
620; 620H; >; 2; 89; 1; 25; 25; 1
620; 620H; >; 3; 88; 1; 27; 27; 1
620; 620H; >; 4; 87; 1; 29; 29; 1
620; 620H; >; 5; 86; 1; 31; 31; 1
620; 620H; >; 6; 85; 1; 33; 33; 1
620; 620H; >; 7; 84; 1; 35; 35; 1
620; 620H; >; 8; 83; 1; 37; 37; 1
620; 620H; >; 9; 73; 1; 39; 39; 1
620; 620H; >; 10; 63; 1; 41; 41; 1
620; 620H; >; 11; 53; 1; 43; 43; 1
620; 620H; >; 12; 43; 1; 45; 45; 1
620; 620R; <; 1; 43; 1; 53; 53; 1
620; 620R; <; 2; 53; 1; 55; 55; 1
620; 620R; <; 3; 63; 1; 57; 57; 1
620; 620R; <; 4; 73; 1; 59; 59; 1
620; 620R; <; 5; 83; 1; 1; 1; 1
620; 620R; <; 6; 84; 1; 3; 3; 1
620; 620R; <; 7; 85; 1; 5; 5; 1
620; 620R; <; 8; 86; 1; 7; 7; 1
620; 620R; <; 9; 87; 1; 9; 9; 1
620; 620R; <; 10; 88; 1; 11; 11; 1
620; 620R; <; 11; 89; 1; 13; 13; 1
620; 620R; <; 12; 90; 1; 15; 15; 1
639; 639H; >; 1; 72; 1; 54; 54; 1
639; 639H; >; 2; 1; 1; 56; 56; 1
639; 639H; >; 3; 112; 1; 58; 58; 1
639; 639H; >; 4; 113; 1; 0; 0; 1
639; 639H; >; 5; 114; 1; 2; 2; 1
639; 639H; >; 6; 115; 1; 4; 4; 1
639; 639H; >; 7; 116; 1; 6; 6; 1
639; 639H; >; 8; 117; 1; 8; 8; 1
639; 639H; >; 9; 118; 1; 10; 10; 1
639; 639H; >; 10; 119; 1; 12; 12; 1
639; 639H; >; 11; 120; 1; 14; 14; 1
639; 639H; >; 12; 121; 1; 16; 16; 1
639; 639R; <; 1; 121; 1; 24; 24; 1
639; 639R; <; 2; 120; 1; 26; 26; 1
639; 639R; <; 3; 119; 1; 28; 28; 1
639; 639R; <; 4; 118; 1; 30; 30; 1
639; 639R; <; 5; 117; 1; 32; 32; 1
639; 639R; <; 6; 116; 1; 34; 34; 1
639; 639R; <; 7; 115; 1; 36; 36; 1
639; 639R; <; 8; 114; 1; 38; 38; 1
639; 639R; <; 9; 113; 1; 40; 40; 1
639; 639R; <; 10; 112; 1; 42; 42; 1
639; 639R; <; 11; 1; 1; 44; 44; 1
639; 639R; <; 12; 72; 1; 46; 46; 1
659; 659H; >; 1; 61; 1; 34; 34; 1
659; 659H; >; 2; 60; 1; 36; 36; 1
659; 659H; >; 3; 59; 1; 38; 38; 1
659; 659H; >; 4; 58; 1; 40; 40; 1
659; 659H; >; 5; 57; 1; 42; 42; 1
659; 659H; >; 6; 56; 1; 44; 44; 1
659; 659H; >; 7; 55; 1; 46; 46; 1
659; 659H; >; 8; 54; 1; 48; 48; 1
659; 659H; >; 9; 53; 1; 50; 50; 1
659; 659H; >; 10; 52; 1; 52; 52; 1
659; 659H; >; 11; 1; 1; 54; 54; 1
659; 659H; >; 12; 92; 1; 56; 56; 1
659; 659R; <; 1; 92; 1; 4; 4; 1
659; 659R; <; 2; 1; 1; 6; 6; 1
659; 659R; <; 3; 52; 1; 8; 8; 1
659; 659R; <; 4; 53; 1; 10; 10; 1
659; 659R; <; 5; 54; 1; 12; 12; 1
659; 659R; <; 6; 55; 1; 14; 14; 1
659; 659R; <; 7; 56; 1; 16; 16; 1
659; 659R; <; 8; 57; 1; 18; 18; 1
659; 659R; <; 9; 58; 1; 20; 20; 1
659; 659R; <; 10; 59; 1; 22; 22; 1
659; 659R; <; 11; 60; 1; 24; 24; 1
659; 659R; <; 12; 61; 1; 26; 26; 1
672; 672H; >; 1; 51; 1; 58; 58; 1
672; 672H; >; 2; 50; 1; 0; 0; 1
672; 672H; >; 3; 49; 1; 2; 2; 1
672; 672H; >; 4; 48; 1; 4; 4; 1
672; 672H; >; 5; 47; 1; 6; 6; 1
672; 672H; >; 6; 46; 1; 8; 8; 1
672; 672H; >; 7; 45; 1; 10; 10; 1
672; 672H; >; 8; 44; 1; 12; 12; 1
672; 672H; >; 9; 43; 1; 14; 14; 1
672; 672H; >; 10; 53; 1; 16; 16; 1
672; 672H; >; 11; 63; 1; 18; 18; 1
672; 672H; >; 12; 62; 1; 20; 20; 1
672; 672R; <; 1; 62; 1; 28; 28; 1
672; 672R; <; 2; 63; 1; 30; 30; 1
672; 672R; <; 3; 53; 1; 32; 32; 1
672; 672R; <; 4; 43; 1; 34; 34; 1
672; 672R; <; 5; 44; 1; 36; 36; 1
672; 672R; <; 6; 45; 1; 38; 38; 1
672; 672R; <; 7; 46; 1; 40; 40; 1
672; 672R; <; 8; 47; 1; 42; 42; 1
672; 672R; <; 9; 48; 1; 44; 44; 1
672; 672R; <; 10; 49; 1; 46; 46; 1
672; 672R; <; 11; 50; 1; 48; 48; 1
672; 672R; <; 12; 51; 1; 50; 50; 1
680; 680H; >; 1; 42; 1; 45; 45; 1
680; 680H; >; 2; 1; 1; 47; 47; 1
680; 680H; >; 3; 82; 1; 49; 49; 1
680; 680H; >; 4; 83; 1; 51; 51; 1
680; 680H; >; 5; 84; 1; 53; 53; 1
680; 680H; >; 6; 85; 1; 55; 55; 1
680; 680H; >; 7; 86; 1; 57; 57; 1
680; 680H; >; 8; 87; 1; 59; 59; 1
680; 680H; >; 9; 88; 1; 1; 1; 1
680; 680H; >; 10; 89; 1; 3; 3; 1
680; 680H; >; 11; 90; 1; 5; 5; 1
680; 680H; >; 12; 91; 1; 7; 7; 1
680; 680R; <; 1; 91; 1; 15; 15; 1
680; 680R; <; 2; 90; 1; 17; 17; 1
680; 680R; <; 3; 89; 1; 19; 19; 1
680; 680R; <; 4; 88; 1; 21; 21; 1
680; 680R; <; 5; 87; 1; 23; 23; 1
680; 680R; <; 6; 86; 1; 25; 25; 1
680; 680R; <; 7; 85; 1; 27; 27; 1
680; 680R; <; 8; 84; 1; 29; 29; 1
680; 680R; <; 9; 83; 1; 31; 31; 1
680; 680R; <; 10; 82; 1; 33; 33; 1
680; 680R; <; 11; 1; 1; 35; 35; 1
680; 680R; <; 12; 42; 1; 37; 37; 1
703; 703H; >; 1; 31; 1; 0; 0; 1
703; 703H; >; 2; 30; 1; 2; 2; 1
703; 703H; >; 3; 29; 1; 4; 4; 1
703; 703H; >; 4; 28; 1; 6; 6; 1
703; 703H; >; 5; 27; 1; 8; 8; 1
703; 703H; >; 6; 26; 1; 10; 10; 1
703; 703H; >; 7; 25; 1; 12; 12; 1
703; 703H; >; 8; 24; 1; 14; 14; 1
703; 703H; >; 9; 23; 1; 16; 16; 1
703; 703H; >; 10; 33; 1; 18; 18; 1
703; 703H; >; 11; 43; 1; 20; 20; 1
703; 703H; >; 12; 42; 1; 22; 22; 1
703; 703R; <; 1; 42; 1; 30; 30; 1
703; 703R; <; 2; 43; 1; 32; 32; 1
703; 703R; <; 3; 33; 1; 34; 34; 1
703; 703R; <; 4; 23; 1; 36; 36; 1
703; 703R; <; 5; 24; 1; 38; 38; 1
703; 703R; <; 6; 25; 1; 40; 40; 1
703; 703R; <; 7; 26; 1; 42; 42; 1
703; 703R; <; 8; 27; 1; 44; 44; 1
703; 703R; <; 9; 28; 1; 46; 46; 1
703; 703R; <; 10; 29; 1; 48; 48; 1
703; 703R; <; 11; 30; 1; 50; 50; 1
703; 703R; <; 12; 31; 1; 52; 52; 1
705; 705H; >; 1; 31; 1; 9; 9; 1
705; 705H; >; 2; 30; 1; 11; 11; 1
705; 705H; >; 3; 29; 1; 13; 13; 1
705; 705H; >; 4; 28; 1; 15; 15; 1
705; 705H; >; 5; 27; 1; 17; 17; 1
705; 705H; >; 6; 26; 1; 19; 19; 1
705; 705H; >; 7; 25; 1; 21; 21; 1
705; 705H; >; 8; 24; 1; 23; 23; 1
705; 705H; >; 9; 23; 1; 25; 25; 1
705; 705H; >; 10; 22; 1; 27; 27; 1
705; 705H; >; 11; 1; 1; 29; 29; 1
705; 705H; >; 12; 142; 1; 31; 31; 1
705; 705R; <; 1; 142; 1; 39; 39; 1
705; 705R; <; 2; 1; 1; 41; 41; 1
705; 705R; <; 3; 22; 1; 43; 43; 1
705; 705R; <; 4; 23; 1; 45; 45; 1
705; 705R; <; 5; 24; 1; 47; 47; 1
705; 705R; <; 6; 25; 1; 49; 49; 1
705; 705R; <; 7; 26; 1; 51; 51; 1
705; 705R; <; 8; 27; 1; 53; 53; 1
705; 705R; <; 9; 28; 1; 55; 55; 1
705; 705R; <; 10; 29; 1; 57; 57; 1
705; 705R; <; 11; 30; 1; 59; 59; 1
705; 705R; <; 12; 31; 1; 1; 1; 1
712; 712H; >; 1; 30; 1; 0; 0; 1
712; 712H; >; 2; 29; 1; 2; 2; 1
712; 712H; >; 3; 28; 1; 4; 4; 1
712; 712H; >; 4; 27; 1; 6; 6; 1
712; 712H; >; 5; 26; 1; 8; 8; 1
712; 712H; >; 6; 25; 1; 10; 10; 1
712; 712H; >; 7; 24; 1; 12; 12; 1
712; 712H; >; 8; 23; 1; 14; 14; 1
712; 712H; >; 9; 13; 1; 16; 16; 1
712; 712H; >; 10; 3; 1; 18; 18; 1
712; 712H; >; 11; 153; 1; 20; 20; 1
712; 712H; >; 12; 143; 1; 22; 22; 1
712; 712R; <; 1; 143; 1; 30; 30; 1
712; 712R; <; 2; 153; 1; 32; 32; 1
712; 712R; <; 3; 3; 1; 34; 34; 1
712; 712R; <; 4; 13; 1; 36; 36; 1
712; 712R; <; 5; 23; 1; 38; 38; 1
712; 712R; <; 6; 24; 1; 40; 40; 1
712; 712R; <; 7; 25; 1; 42; 42; 1
712; 712R; <; 8; 26; 1; 44; 44; 1
712; 712R; <; 9; 27; 1; 46; 46; 1
712; 712R; <; 10; 28; 1; 48; 48; 1
712; 712R; <; 11; 29; 1; 50; 50; 1
712; 712R; <; 12; 30; 1; 52; 52; 1
731; 731H; >; 1; 20; 1; 0; 0; 1
731; 731H; >; 2; 19; 1; 2; 2; 1
731; 731H; >; 3; 18; 1; 4; 4; 1
731; 731H; >; 4; 17; 1; 6; 6; 1
731; 731H; >; 5; 16; 1; 8; 8; 1
731; 731H; >; 6; 15; 1; 10; 10; 1
731; 731H; >; 7; 14; 1; 12; 12; 1
731; 731H; >; 8; 13; 1; 14; 14; 1
731; 731H; >; 9; 12; 1; 16; 16; 1
731; 731H; >; 10; 1; 1; 18; 18; 1
731; 731H; >; 11; 52; 1; 20; 20; 1
731; 731H; >; 12; 53; 1; 22; 22; 1
731; 731R; <; 1; 53; 1; 30; 30; 1
731; 731R; <; 2; 52; 1; 32; 32; 1
731; 731R; <; 3; 1; 1; 34; 34; 1
731; 731R; <; 4; 12; 1; 36; 36; 1
731; 731R; <; 5; 13; 1; 38; 38; 1
731; 731R; <; 6; 14; 1; 40; 40; 1
731; 731R; <; 7; 15; 1; 42; 42; 1
731; 731R; <; 8; 16; 1; 44; 44; 1
731; 731R; <; 9; 17; 1; 46; 46; 1
731; 731R; <; 10; 18; 1; 48; 48; 1
731; 731R; <; 11; 19; 1; 50; 50; 1
731; 731R; <; 12; 20; 1; 52; 52; 1
735; 735H; >; 1; 12; 1; 0; 0; 1
735; 735H; >; 2; 1; 1; 2; 2; 1
735; 735H; >; 3; 132; 1; 4; 4; 1
735; 735H; >; 4; 133; 1; 6; 6; 1
735; 735H; >; 5; 134; 1; 8; 8; 1
735; 735H; >; 6; 135; 1; 10; 10; 1
735; 735H; >; 7; 136; 1; 12; 12; 1
735; 735H; >; 8; 137; 1; 14; 14; 1
735; 735H; >; 9; 138; 1; 16; 16; 1
735; 735H; >; 10; 139; 1; 18; 18; 1
735; 735H; >; 11; 140; 1; 20; 20; 1
735; 735H; >; 12; 141; 1; 22; 22; 1
735; 735R; <; 1; 141; 1; 30; 30; 1
735; 735R; <; 2; 140; 1; 32; 32; 1
735; 735R; <; 3; 139; 1; 34; 34; 1
735; 735R; <; 4; 138; 1; 36; 36; 1
735; 735R; <; 5; 137; 1; 38; 38; 1
735; 735R; <; 6; 136; 1; 40; 40; 1
735; 735R; <; 7; 135; 1; 42; 42; 1
735; 735R; <; 8; 134; 1; 44; 44; 1
735; 735R; <; 9; 133; 1; 46; 46; 1
735; 735R; <; 10; 132; 1; 48; 48; 1
735; 735R; <; 11; 1; 1; 50; 50; 1
735; 735R; <; 12; 12; 1; 52; 52; 1
749; 749H; >; 1; 10; 1; 3; 3; 1
749; 749H; >; 2; 9; 1; 5; 5; 1
749; 749H; >; 3; 8; 1; 7; 7; 1
749; 749H; >; 4; 7; 1; 9; 9; 1
749; 749H; >; 5; 6; 1; 11; 11; 1
749; 749H; >; 6; 5; 1; 13; 13; 1
749; 749H; >; 7; 4; 1; 15; 15; 1
749; 749H; >; 8; 3; 1; 17; 17; 1
749; 749H; >; 9; 2; 1; 19; 19; 1
749; 749H; >; 10; 1; 1; 21; 21; 1
749; 749H; >; 11; 42; 1; 23; 23; 1
749; 749H; >; 12; 43; 1; 25; 25; 1
749; 749R; <; 1; 43; 1; 33; 33; 1
749; 749R; <; 2; 42; 1; 35; 35; 1
749; 749R; <; 3; 1; 1; 37; 37; 1
749; 749R; <; 4; 2; 1; 39; 39; 1
749; 749R; <; 5; 3; 1; 41; 41; 1
749; 749R; <; 6; 4; 1; 43; 43; 1
749; 749R; <; 7; 5; 1; 45; 45; 1
749; 749R; <; 8; 6; 1; 47; 47; 1
749; 749R; <; 9; 7; 1; 49; 49; 1
749; 749R; <; 10; 8; 1; 51; 51; 1
749; 749R; <; 11; 9; 1; 53; 53; 1
749; 749R; <; 12; 10; 1; 55; 55; 1
789; 789H; >; 1; 137; 1; 57; 57; 1
789; 789H; >; 2; 127; 1; 2; 2; 1
789; 789H; >; 3; 117; 1; 7; 7; 1
789; 789H; >; 4; 118; 1; 9; 9; 1
789; 789H; >; 5; 108; 1; 15; 15; 1
789; 789H; >; 6; 98; 1; 21; 21; 1
789; 789H; >; 7; 88; 1; 27; 27; 1
789; 789H; >; 8; 78; 1; 33; 33; 1
789; 789H; >; 9; 79; 1; 35; 35; 1
789; 789H; >; 10; 80; 1; 37; 37; 1
789; 789H; >; 11; 81; 1; 39; 39; 1
789; 789R; <; 1; 81; 1; 57; 57; 1
789; 789R; <; 2; 80; 1; 59; 59; 1
789; 789R; <; 3; 79; 1; 1; 1; 1
789; 789R; <; 4; 78; 1; 3; 3; 1
789; 789R; <; 5; 88; 1; 9; 9; 1
789; 789R; <; 6; 98; 1; 15; 15; 1
789; 789R; <; 7; 108; 1; 21; 21; 1
789; 789R; <; 8; 118; 1; 27; 27; 1
789; 789R; <; 9; 117; 1; 29; 29; 1
789; 789R; <; 10; 127; 1; 34; 34; 1
789; 789R; <; 11; 137; 1; 39; 39; 1
843; 843H; >; 1; 96; 1; 2; 2; 1
843; 843H; >; 2; 86; 1; 5; 5; 1
843; 843H; >; 3; 76; 1; 8; 8; 1
843; 843H; >; 4; 77; 1; 10; 10; 1
843; 843H; >; 5; 78; 1; 12; 12; 1
843; 843H; >; 6; 79; 1; 14; 14; 1
843; 843H; >; 7; 80; 1; 16; 16; 1
843; 843H; >; 8; 81; 1; 18; 18; 1
843; 843H; >; 9; 71; 1; 23; 23; 1
843; 843H; >; 10; 61; 1; 28; 28; 1
843; 843H; >; 11; 51; 1; 33; 33; 1
843; 843R; <; 1; 51; 1; 2; 2; 1
843; 843R; <; 2; 61; 1; 7; 7; 1
843; 843R; <; 3; 71; 1; 12; 12; 1
843; 843R; <; 4; 81; 1; 17; 17; 1
843; 843R; <; 5; 80; 1; 19; 19; 1
843; 843R; <; 6; 79; 1; 21; 21; 1
843; 843R; <; 7; 78; 1; 23; 23; 1
843; 843R; <; 8; 77; 1; 25; 25; 1
843; 843R; <; 9; 76; 1; 27; 27; 1
843; 843R; <; 10; 86; 1; 30; 30; 1
843; 843R; <; 11; 96; 1; 33; 33; 1
959; 959H; >; 1; 160; 1; 27; 27; 1
959; 959H; >; 2; 159; 1; 29; 29; 1
959; 959H; >; 3; 158; 1; 31; 31; 1
959; 959H; >; 4; 157; 1; 33; 33; 1
959; 959H; >; 5; 156; 1; 35; 35; 1
959; 959H; >; 6; 155; 1; 37; 37; 1
959; 959H; >; 7; 154; 1; 39; 39; 1
959; 959H; >; 8; 153; 1; 41; 41; 1
959; 959H; >; 9; 152; 1; 43; 43; 1
959; 959H; >; 10; 2; 1; 44; 44; 1
959; 959H; >; 11; 12; 1; 45; 45; 1
959; 959R; <; 1; 12; 1; 57; 57; 1
959; 959R; <; 2; 2; 1; 58; 58; 1
959; 959R; <; 3; 152; 1; 59; 59; 1
959; 959R; <; 4; 153; 1; 1; 1; 1
959; 959R; <; 5; 154; 1; 3; 3; 1
959; 959R; <; 6; 155; 1; 5; 5; 1
959; 959R; <; 7; 156; 1; 7; 7; 1
959; 959R; <; 8; 157; 1; 9; 9; 1
959; 959R; <; 9; 158; 1; 11; 11; 1
959; 959R; <; 10; 159; 1; 13; 13; 1
959; 959R; <; 11; 160; 1; 15; 15; 1
969; 969H; >; 1; 151; 1; 0; 0; 1
969; 969H; >; 2; 150; 1; 2; 2; 1
969; 969H; >; 3; 149; 1; 4; 4; 1
969; 969H; >; 4; 148; 1; 6; 6; 1
969; 969H; >; 5; 147; 1; 8; 8; 1
969; 969H; >; 6; 146; 1; 10; 10; 1
969; 969H; >; 7; 136; 1; 13; 13; 1
969; 969H; >; 8; 135; 1; 15; 15; 1
969; 969H; >; 9; 134; 1; 17; 17; 1
969; 969H; >; 10; 124; 1; 20; 20; 1
969; 969H; >; 11; 114; 1; 23; 23; 1
969; 969R; <; 1; 114; 1; 30; 30; 1
969; 969R; <; 2; 124; 1; 33; 33; 1
969; 969R; <; 3; 134; 1; 36; 36; 1
969; 969R; <; 4; 135; 1; 38; 38; 1
969; 969R; <; 5; 136; 1; 40; 40; 1
969; 969R; <; 6; 146; 1; 43; 43; 1
969; 969R; <; 7; 147; 1; 45; 45; 1
969; 969R; <; 8; 148; 1; 47; 47; 1
969; 969R; <; 9; 149; 1; 49; 49; 1
969; 969R; <; 10; 150; 1; 51; 51; 1
969; 969R; <; 11; 151; 1; 53; 53; 1
977; 977H; >; 1; 150; 1; 0; 0; 1
977; 977H; >; 2; 149; 1; 2; 2; 1
977; 977H; >; 3; 148; 1; 4; 4; 1
977; 977H; >; 4; 147; 1; 6; 6; 1
977; 977H; >; 5; 146; 1; 8; 8; 1
977; 977H; >; 6; 145; 1; 10; 10; 1
977; 977H; >; 7; 144; 1; 12; 12; 1
977; 977H; >; 8; 143; 1; 14; 14; 1
977; 977H; >; 9; 142; 1; 16; 16; 1
977; 977H; >; 10; 152; 1; 17; 17; 1
977; 977H; >; 11; 2; 1; 18; 18; 1
977; 977R; <; 1; 2; 1; 30; 30; 1
977; 977R; <; 2; 152; 1; 31; 31; 1
977; 977R; <; 3; 142; 1; 32; 32; 1
977; 977R; <; 4; 143; 1; 34; 34; 1
977; 977R; <; 5; 144; 1; 36; 36; 1
977; 977R; <; 6; 145; 1; 38; 38; 1
977; 977R; <; 7; 146; 1; 40; 40; 1
977; 977R; <; 8; 147; 1; 42; 42; 1
977; 977R; <; 9; 148; 1; 44; 44; 1
977; 977R; <; 10; 149; 1; 46; 46; 1
977; 977R; <; 11; 150; 1; 48; 48; 1
981; 981H; >; 1; 149; 1; 2; 2; 1
981; 981H; >; 2; 148; 1; 4; 4; 1
981; 981H; >; 3; 147; 1; 6; 6; 1
981; 981H; >; 4; 146; 1; 8; 8; 1
981; 981H; >; 5; 145; 1; 10; 10; 1
981; 981H; >; 6; 144; 1; 12; 12; 1
981; 981H; >; 7; 143; 1; 14; 14; 1
981; 981H; >; 8; 142; 1; 16; 16; 1
981; 981H; >; 9; 1; 1; 18; 18; 1
981; 981H; >; 10; 102; 1; 20; 20; 1
981; 981H; >; 11; 103; 1; 22; 22; 1
981; 981R; <; 1; 103; 1; 32; 32; 1
981; 981R; <; 2; 102; 1; 34; 34; 1
981; 981R; <; 3; 1; 1; 36; 36; 1
981; 981R; <; 4; 142; 1; 38; 38; 1
981; 981R; <; 5; 143; 1; 40; 40; 1
981; 981R; <; 6; 144; 1; 42; 42; 1
981; 981R; <; 7; 145; 1; 44; 44; 1
981; 981R; <; 8; 146; 1; 46; 46; 1
981; 981R; <; 9; 147; 1; 48; 48; 1
981; 981R; <; 10; 148; 1; 50; 50; 1
981; 981R; <; 11; 149; 1; 52; 52; 1
1063; 1063H; >; 1; 99; 1; 13; 13; 1
1063; 1063H; >; 2; 98; 1; 15; 15; 1
1063; 1063H; >; 3; 97; 1; 17; 17; 1
1063; 1063H; >; 4; 96; 1; 19; 19; 1
1063; 1063H; >; 5; 95; 1; 21; 21; 1
1063; 1063H; >; 6; 94; 1; 23; 23; 1
1063; 1063H; >; 7; 93; 1; 25; 25; 1
1063; 1063H; >; 8; 92; 1; 27; 27; 1
1063; 1063H; >; 9; 1; 1; 29; 29; 1
1063; 1063H; >; 10; 52; 1; 31; 31; 1
1063; 1063H; >; 11; 53; 1; 33; 33; 1
1063; 1063R; <; 1; 53; 1; 43; 43; 1
1063; 1063R; <; 2; 52; 1; 45; 45; 1
1063; 1063R; <; 3; 1; 1; 47; 47; 1
1063; 1063R; <; 4; 92; 1; 49; 49; 1
1063; 1063R; <; 5; 93; 1; 51; 51; 1
1063; 1063R; <; 6; 94; 1; 53; 53; 1
1063; 1063R; <; 7; 95; 1; 55; 55; 1
1063; 1063R; <; 8; 96; 1; 57; 57; 1
1063; 1063R; <; 9; 97; 1; 59; 59; 1
1063; 1063R; <; 10; 98; 1; 1; 1; 1
1063; 1063R; <; 11; 99; 1; 3; 3; 1
1066; 1066H; >; 1; 91; 1; 46; 46; 1
1066; 1066H; >; 2; 90; 1; 48; 48; 1
1066; 1066H; >; 3; 89; 1; 50; 50; 1
1066; 1066H; >; 4; 88; 1; 52; 52; 1
1066; 1066H; >; 5; 87; 1; 54; 54; 1
1066; 1066H; >; 6; 86; 1; 56; 56; 1
1066; 1066H; >; 7; 76; 1; 59; 59; 1
1066; 1066H; >; 8; 75; 1; 1; 1; 1
1066; 1066H; >; 9; 74; 1; 3; 3; 1
1066; 1066H; >; 10; 64; 1; 6; 6; 1
1066; 1066H; >; 11; 54; 1; 9; 9; 1
1066; 1066R; <; 1; 54; 1; 16; 16; 1
1066; 1066R; <; 2; 64; 1; 19; 19; 1
1066; 1066R; <; 3; 74; 1; 22; 22; 1
1066; 1066R; <; 4; 75; 1; 24; 24; 1
1066; 1066R; <; 5; 76; 1; 26; 26; 1
1066; 1066R; <; 6; 86; 1; 29; 29; 1
1066; 1066R; <; 7; 87; 1; 31; 31; 1
1066; 1066R; <; 8; 88; 1; 33; 33; 1
1066; 1066R; <; 9; 89; 1; 35; 35; 1
1066; 1066R; <; 10; 90; 1; 37; 37; 1
1066; 1066R; <; 11; 91; 1; 39; 39; 1
1073; 1073H; >; 1; 90; 1; 33; 33; 1
1073; 1073H; >; 2; 89; 1; 35; 35; 1
1073; 1073H; >; 3; 88; 1; 37; 37; 1
1073; 1073H; >; 4; 87; 1; 39; 39; 1
1073; 1073H; >; 5; 86; 1; 41; 41; 1
1073; 1073H; >; 6; 85; 1; 43; 43; 1
1073; 1073H; >; 7; 84; 1; 45; 45; 1
1073; 1073H; >; 8; 83; 1; 47; 47; 1
1073; 1073H; >; 9; 82; 1; 49; 49; 1
1073; 1073H; >; 10; 92; 1; 50; 50; 1
1073; 1073H; >; 11; 102; 1; 51; 51; 1
1073; 1073R; <; 1; 102; 1; 3; 3; 1
1073; 1073R; <; 2; 92; 1; 4; 4; 1
1073; 1073R; <; 3; 82; 1; 5; 5; 1
1073; 1073R; <; 4; 83; 1; 7; 7; 1
1073; 1073R; <; 5; 84; 1; 9; 9; 1
1073; 1073R; <; 6; 85; 1; 11; 11; 1
1073; 1073R; <; 7; 86; 1; 13; 13; 1
1073; 1073R; <; 8; 87; 1; 15; 15; 1
1073; 1073R; <; 9; 88; 1; 17; 17; 1
1073; 1073R; <; 10; 89; 1; 19; 19; 1
1073; 1073R; <; 11; 90; 1; 21; 21; 1
1080; 1080H; >; 1; 81; 1; 26; 26; 1
1080; 1080H; >; 2; 80; 1; 28; 28; 1
1080; 1080H; >; 3; 79; 1; 30; 30; 1
1080; 1080H; >; 4; 78; 1; 32; 32; 1
1080; 1080H; >; 5; 77; 1; 34; 34; 1
1080; 1080H; >; 6; 76; 1; 36; 36; 1
1080; 1080H; >; 7; 75; 1; 38; 38; 1
1080; 1080H; >; 8; 74; 1; 40; 40; 1
1080; 1080H; >; 9; 73; 1; 42; 42; 1
1080; 1080H; >; 10; 72; 1; 44; 44; 1
1080; 1080H; >; 11; 62; 1; 45; 45; 1
1080; 1080R; <; 1; 62; 1; 56; 56; 1
1080; 1080R; <; 2; 72; 1; 57; 57; 1
1080; 1080R; <; 3; 73; 1; 59; 59; 1
1080; 1080R; <; 4; 74; 1; 1; 1; 1
1080; 1080R; <; 5; 75; 1; 3; 3; 1
1080; 1080R; <; 6; 76; 1; 5; 5; 1
1080; 1080R; <; 7; 77; 1; 7; 7; 1
1080; 1080R; <; 8; 78; 1; 9; 9; 1
1080; 1080R; <; 9; 79; 1; 11; 11; 1
1080; 1080R; <; 10; 80; 1; 13; 13; 1
1080; 1080R; <; 11; 81; 1; 15; 15; 1
1084; 1084H; >; 1; 80; 1; 0; 0; 1
1084; 1084H; >; 2; 79; 1; 2; 2; 1
1084; 1084H; >; 3; 78; 1; 4; 4; 1
1084; 1084H; >; 4; 77; 1; 6; 6; 1
1084; 1084H; >; 5; 76; 1; 8; 8; 1
1084; 1084H; >; 6; 75; 1; 10; 10; 1
1084; 1084H; >; 7; 74; 1; 12; 12; 1
1084; 1084H; >; 8; 73; 1; 14; 14; 1
1084; 1084H; >; 9; 63; 1; 16; 16; 1
1084; 1084H; >; 10; 53; 1; 18; 18; 1
1084; 1084H; >; 11; 52; 1; 20; 20; 1
1084; 1084R; <; 1; 52; 1; 30; 30; 1
1084; 1084R; <; 2; 53; 1; 32; 32; 1
1084; 1084R; <; 3; 63; 1; 34; 34; 1
1084; 1084R; <; 4; 73; 1; 36; 36; 1
1084; 1084R; <; 5; 74; 1; 38; 38; 1
1084; 1084R; <; 6; 75; 1; 40; 40; 1
1084; 1084R; <; 7; 76; 1; 42; 42; 1
1084; 1084R; <; 8; 77; 1; 44; 44; 1
1084; 1084R; <; 9; 78; 1; 46; 46; 1
1084; 1084R; <; 10; 79; 1; 48; 48; 1
1084; 1084R; <; 11; 80; 1; 50; 50; 1
1085; 1085H; >; 1; 80; 1; 17; 17; 1
1085; 1085H; >; 2; 79; 1; 19; 19; 1
1085; 1085H; >; 3; 78; 1; 21; 21; 1
1085; 1085H; >; 4; 77; 1; 23; 23; 1
1085; 1085H; >; 5; 76; 1; 25; 25; 1
1085; 1085H; >; 6; 75; 1; 27; 27; 1
1085; 1085H; >; 7; 74; 1; 29; 29; 1
1085; 1085H; >; 8; 73; 1; 31; 31; 1
1085; 1085H; >; 9; 72; 1; 33; 33; 1
1085; 1085H; >; 10; 82; 1; 34; 34; 1
1085; 1085H; >; 11; 92; 1; 35; 35; 1
1085; 1085R; <; 1; 92; 1; 47; 47; 1
1085; 1085R; <; 2; 82; 1; 48; 48; 1
1085; 1085R; <; 3; 72; 1; 49; 49; 1
1085; 1085R; <; 4; 73; 1; 51; 51; 1
1085; 1085R; <; 5; 74; 1; 53; 53; 1
1085; 1085R; <; 6; 75; 1; 55; 55; 1
1085; 1085R; <; 7; 76; 1; 57; 57; 1
1085; 1085R; <; 8; 77; 1; 59; 59; 1
1085; 1085R; <; 9; 78; 1; 1; 1; 1
1085; 1085R; <; 10; 79; 1; 3; 3; 1
1085; 1085R; <; 11; 80; 1; 5; 5; 1
1093; 1093H; >; 1; 71; 1; 49; 49; 1
1093; 1093H; >; 2; 70; 1; 51; 51; 1
1093; 1093H; >; 3; 69; 1; 53; 53; 1
1093; 1093H; >; 4; 68; 1; 55; 55; 1
1093; 1093H; >; 5; 67; 1; 57; 57; 1
1093; 1093H; >; 6; 66; 1; 59; 59; 1
1093; 1093H; >; 7; 65; 1; 1; 1; 1
1093; 1093H; >; 8; 64; 1; 3; 3; 1
1093; 1093H; >; 9; 63; 1; 5; 5; 1
1093; 1093H; >; 10; 62; 1; 7; 7; 1
1093; 1093H; >; 11; 72; 1; 8; 8; 1
1093; 1093R; <; 1; 72; 1; 19; 19; 1
1093; 1093R; <; 2; 62; 1; 20; 20; 1
1093; 1093R; <; 3; 63; 1; 22; 22; 1
1093; 1093R; <; 4; 64; 1; 24; 24; 1
1093; 1093R; <; 5; 65; 1; 26; 26; 1
1093; 1093R; <; 6; 66; 1; 28; 28; 1
1093; 1093R; <; 7; 67; 1; 30; 30; 1
1093; 1093R; <; 8; 68; 1; 32; 32; 1
1093; 1093R; <; 9; 69; 1; 34; 34; 1
1093; 1093R; <; 10; 70; 1; 36; 36; 1
1093; 1093R; <; 11; 71; 1; 38; 38; 1
1094; 1094H; >; 1; 71; 1; 52; 52; 1
1094; 1094H; >; 2; 70; 1; 54; 54; 1
1094; 1094H; >; 3; 69; 1; 56; 56; 1
1094; 1094H; >; 4; 68; 1; 58; 58; 1
1094; 1094H; >; 5; 67; 1; 0; 0; 1
1094; 1094H; >; 6; 66; 1; 2; 2; 1
1094; 1094H; >; 7; 65; 1; 4; 4; 1
1094; 1094H; >; 8; 64; 1; 6; 6; 1
1094; 1094H; >; 9; 63; 1; 8; 8; 1
1094; 1094H; >; 10; 62; 1; 10; 10; 1
1094; 1094H; >; 11; 52; 1; 11; 11; 1
1094; 1094R; <; 1; 52; 1; 22; 22; 1
1094; 1094R; <; 2; 62; 1; 23; 23; 1
1094; 1094R; <; 3; 63; 1; 25; 25; 1
1094; 1094R; <; 4; 64; 1; 27; 27; 1
1094; 1094R; <; 5; 65; 1; 29; 29; 1
1094; 1094R; <; 6; 66; 1; 31; 31; 1
1094; 1094R; <; 7; 67; 1; 33; 33; 1
1094; 1094R; <; 8; 68; 1; 35; 35; 1
1094; 1094R; <; 9; 69; 1; 37; 37; 1
1094; 1094R; <; 10; 70; 1; 39; 39; 1
1094; 1094R; <; 11; 71; 1; 41; 41; 1
1109; 1109H; >; 1; 61; 1; 56; 56; 1
1109; 1109H; >; 2; 60; 1; 58; 58; 1
1109; 1109H; >; 3; 59; 1; 0; 0; 1
1109; 1109H; >; 4; 58; 1; 2; 2; 1
1109; 1109H; >; 5; 57; 1; 4; 4; 1
1109; 1109H; >; 6; 56; 1; 6; 6; 1
1109; 1109H; >; 7; 55; 1; 8; 8; 1
1109; 1109H; >; 8; 54; 1; 10; 10; 1
1109; 1109H; >; 9; 53; 1; 12; 12; 1
1109; 1109H; >; 10; 52; 1; 14; 14; 1
1109; 1109H; >; 11; 42; 1; 15; 15; 1
1109; 1109R; <; 1; 42; 1; 26; 26; 1
1109; 1109R; <; 2; 52; 1; 27; 27; 1
1109; 1109R; <; 3; 53; 1; 29; 29; 1
1109; 1109R; <; 4; 54; 1; 31; 31; 1
1109; 1109R; <; 5; 55; 1; 33; 33; 1
1109; 1109R; <; 6; 56; 1; 35; 35; 1
1109; 1109R; <; 7; 57; 1; 37; 37; 1
1109; 1109R; <; 8; 58; 1; 39; 39; 1
1109; 1109R; <; 9; 59; 1; 41; 41; 1
1109; 1109R; <; 10; 60; 1; 43; 43; 1
1109; 1109R; <; 11; 61; 1; 45; 45; 1
1115; 1115H; >; 1; 60; 1; 0; 0; 1
1115; 1115H; >; 2; 59; 1; 2; 2; 1
1115; 1115H; >; 3; 58; 1; 4; 4; 1
1115; 1115H; >; 4; 57; 1; 6; 6; 1
1115; 1115H; >; 5; 56; 1; 8; 8; 1
1115; 1115H; >; 6; 55; 1; 10; 10; 1
1115; 1115H; >; 7; 54; 1; 12; 12; 1
1115; 1115H; >; 8; 53; 1; 14; 14; 1
1115; 1115H; >; 9; 52; 1; 16; 16; 1
1115; 1115H; >; 10; 62; 1; 17; 17; 1
1115; 1115H; >; 11; 72; 1; 18; 18; 1
1115; 1115R; <; 1; 72; 1; 30; 30; 1
1115; 1115R; <; 2; 62; 1; 31; 31; 1
1115; 1115R; <; 3; 52; 1; 32; 32; 1
1115; 1115R; <; 4; 53; 1; 34; 34; 1
1115; 1115R; <; 5; 54; 1; 36; 36; 1
1115; 1115R; <; 6; 55; 1; 38; 38; 1
1115; 1115R; <; 7; 56; 1; 40; 40; 1
1115; 1115R; <; 8; 57; 1; 42; 42; 1
1115; 1115R; <; 9; 58; 1; 44; 44; 1
1115; 1115R; <; 10; 59; 1; 46; 46; 1
1115; 1115R; <; 11; 60; 1; 48; 48; 1
1148; 1148H; >; 1; 40; 1; 0; 0; 1
1148; 1148H; >; 2; 39; 1; 2; 2; 1
1148; 1148H; >; 3; 38; 1; 4; 4; 1
1148; 1148H; >; 4; 37; 1; 6; 6; 1
1148; 1148H; >; 5; 36; 1; 8; 8; 1
1148; 1148H; >; 6; 35; 1; 10; 10; 1
1148; 1148H; >; 7; 34; 1; 12; 12; 1
1148; 1148H; >; 8; 33; 1; 14; 14; 1
1148; 1148H; >; 9; 32; 1; 16; 16; 1
1148; 1148H; >; 10; 42; 1; 17; 17; 1
1148; 1148H; >; 11; 52; 1; 18; 18; 1
1148; 1148R; <; 1; 52; 1; 30; 30; 1
1148; 1148R; <; 2; 42; 1; 31; 31; 1
1148; 1148R; <; 3; 32; 1; 32; 32; 1
1148; 1148R; <; 4; 33; 1; 34; 34; 1
1148; 1148R; <; 5; 34; 1; 36; 36; 1
1148; 1148R; <; 6; 35; 1; 38; 38; 1
1148; 1148R; <; 7; 36; 1; 40; 40; 1
1148; 1148R; <; 8; 37; 1; 42; 42; 1
1148; 1148R; <; 9; 38; 1; 44; 44; 1
1148; 1148R; <; 10; 39; 1; 46; 46; 1
1148; 1148R; <; 11; 40; 1; 48; 48; 1
1164; 1164H; >; 1; 30; 1; 0; 0; 1
1164; 1164H; >; 2; 29; 1; 2; 2; 1
1164; 1164H; >; 3; 28; 1; 4; 4; 1
1164; 1164H; >; 4; 27; 1; 6; 6; 1
1164; 1164H; >; 5; 26; 1; 8; 8; 1
1164; 1164H; >; 6; 25; 1; 10; 10; 1
1164; 1164H; >; 7; 24; 1; 12; 12; 1
1164; 1164H; >; 8; 23; 1; 14; 14; 1
1164; 1164H; >; 9; 22; 1; 16; 16; 1
1164; 1164H; >; 10; 32; 1; 17; 17; 1
1164; 1164H; >; 11; 42; 1; 18; 18; 1
1164; 1164R; <; 1; 42; 1; 30; 30; 1
1164; 1164R; <; 2; 32; 1; 31; 31; 1
1164; 1164R; <; 3; 22; 1; 32; 32; 1
1164; 1164R; <; 4; 23; 1; 34; 34; 1
1164; 1164R; <; 5; 24; 1; 36; 36; 1
1164; 1164R; <; 6; 25; 1; 38; 38; 1
1164; 1164R; <; 7; 26; 1; 40; 40; 1
1164; 1164R; <; 8; 27; 1; 42; 42; 1
1164; 1164R; <; 9; 28; 1; 44; 44; 1
1164; 1164R; <; 10; 29; 1; 46; 46; 1
1164; 1164R; <; 11; 30; 1; 48; 48; 1
1376; 1376H; >; 1; 71; 1; 4; 4; 1
1376; 1376H; >; 2; 61; 1; 9; 9; 1
1376; 1376H; >; 3; 51; 1; 14; 14; 1
1376; 1376H; >; 4; 41; 1; 19; 19; 1
1376; 1376H; >; 5; 31; 1; 24; 24; 1
1376; 1376H; >; 6; 21; 1; 29; 29; 1
1376; 1376H; >; 7; 11; 1; 34; 34; 1
1376; 1376H; >; 8; 161; 1; 39; 39; 1
1376; 1376H; >; 9; 151; 1; 44; 44; 1
1376; 1376H; >; 10; 150; 1; 46; 46; 1
1376; 1376R; <; 1; 150; 1; 4; 4; 1
1376; 1376R; <; 2; 151; 1; 6; 6; 1
1376; 1376R; <; 3; 161; 1; 11; 11; 1
1376; 1376R; <; 4; 11; 1; 16; 16; 1
1376; 1376R; <; 5; 21; 1; 21; 21; 1
1376; 1376R; <; 6; 31; 1; 26; 26; 1
1376; 1376R; <; 7; 41; 1; 31; 31; 1
1376; 1376R; <; 8; 51; 1; 36; 36; 1
1376; 1376R; <; 9; 61; 1; 41; 41; 1
1376; 1376R; <; 10; 71; 1; 46; 46; 1
1394; 1394H; >; 1; 61; 1; 9; 9; 1
1394; 1394H; >; 2; 51; 1; 14; 14; 1
1394; 1394H; >; 3; 41; 1; 19; 19; 1
1394; 1394H; >; 4; 31; 1; 24; 24; 1
1394; 1394H; >; 5; 21; 1; 29; 29; 1
1394; 1394H; >; 6; 11; 1; 34; 34; 1
1394; 1394H; >; 7; 161; 1; 39; 39; 1
1394; 1394H; >; 8; 151; 1; 44; 44; 1
1394; 1394H; >; 9; 141; 1; 49; 49; 1
1394; 1394H; >; 10; 140; 1; 51; 51; 1
1394; 1394R; <; 1; 140; 1; 9; 9; 1
1394; 1394R; <; 2; 141; 1; 11; 11; 1
1394; 1394R; <; 3; 151; 1; 16; 16; 1
1394; 1394R; <; 4; 161; 1; 21; 21; 1
1394; 1394R; <; 5; 11; 1; 26; 26; 1
1394; 1394R; <; 6; 21; 1; 31; 31; 1
1394; 1394R; <; 7; 31; 1; 36; 36; 1
1394; 1394R; <; 8; 41; 1; 41; 41; 1
1394; 1394R; <; 9; 51; 1; 46; 46; 1
1394; 1394R; <; 10; 61; 1; 51; 51; 1
1449; 1449H; >; 1; 34; 1; 0; 0; 1
1449; 1449H; >; 2; 24; 1; 3; 3; 1
1449; 1449H; >; 3; 14; 1; 6; 6; 1
1449; 1449H; >; 4; 4; 1; 9; 9; 1
1449; 1449H; >; 5; 154; 1; 12; 12; 1
1449; 1449H; >; 6; 144; 1; 15; 15; 1
1449; 1449H; >; 7; 145; 1; 17; 17; 1
1449; 1449H; >; 8; 146; 1; 19; 19; 1
1449; 1449H; >; 9; 147; 1; 21; 21; 1
1449; 1449H; >; 10; 137; 1; 26; 26; 1
1449; 1449R; <; 1; 137; 1; 30; 30; 1
1449; 1449R; <; 2; 147; 1; 35; 35; 1
1449; 1449R; <; 3; 146; 1; 37; 37; 1
1449; 1449R; <; 4; 145; 1; 39; 39; 1
1449; 1449R; <; 5; 144; 1; 41; 41; 1
1449; 1449R; <; 6; 154; 1; 44; 44; 1
1449; 1449R; <; 7; 4; 1; 47; 47; 1
1449; 1449R; <; 8; 14; 1; 50; 50; 1
1449; 1449R; <; 9; 24; 1; 53; 53; 1
1449; 1449R; <; 10; 34; 1; 56; 56; 1
1523; 1523H; >; 1; 137; 1; 57; 57; 1
1523; 1523H; >; 2; 136; 1; 59; 59; 1
1523; 1523H; >; 3; 146; 1; 2; 2; 1
1523; 1523H; >; 4; 156; 1; 5; 5; 1
1523; 1523H; >; 5; 6; 1; 8; 8; 1
1523; 1523H; >; 6; 16; 1; 11; 11; 1
1523; 1523H; >; 7; 26; 1; 14; 14; 1
1523; 1523H; >; 8; 25; 1; 16; 16; 1
1523; 1523H; >; 9; 35; 1; 20; 20; 1
1523; 1523H; >; 10; 45; 1; 24; 24; 1
1523; 1523R; <; 1; 45; 1; 27; 27; 1
1523; 1523R; <; 2; 35; 1; 31; 31; 1
1523; 1523R; <; 3; 25; 1; 35; 35; 1
1523; 1523R; <; 4; 26; 1; 37; 37; 1
1523; 1523R; <; 5; 16; 1; 40; 40; 1
1523; 1523R; <; 6; 6; 1; 43; 43; 1
1523; 1523R; <; 7; 156; 1; 46; 46; 1
1523; 1523R; <; 8; 146; 1; 49; 49; 1
1523; 1523R; <; 9; 136; 1; 52; 52; 1
1523; 1523R; <; 10; 137; 1; 54; 54; 1
1533; 1533H; >; 1; 129; 1; 55; 55; 1
1533; 1533H; >; 2; 128; 1; 57; 57; 1
1533; 1533H; >; 3; 127; 1; 59; 59; 1
1533; 1533H; >; 4; 126; 1; 1; 1; 1
1533; 1533H; >; 5; 125; 1; 3; 3; 1
1533; 1533H; >; 6; 124; 1; 5; 5; 1
1533; 1533H; >; 7; 123; 1; 7; 7; 1
1533; 1533H; >; 8; 122; 1; 9; 9; 1
1533; 1533H; >; 9; 1; 1; 11; 11; 1
1533; 1533H; >; 10; 142; 1; 13; 13; 1
1533; 1533R; <; 1; 142; 1; 25; 25; 1
1533; 1533R; <; 2; 1; 1; 27; 27; 1
1533; 1533R; <; 3; 122; 1; 29; 29; 1
1533; 1533R; <; 4; 123; 1; 31; 31; 1
1533; 1533R; <; 5; 124; 1; 33; 33; 1
1533; 1533R; <; 6; 125; 1; 35; 35; 1
1533; 1533R; <; 7; 126; 1; 37; 37; 1
1533; 1533R; <; 8; 127; 1; 39; 39; 1
1533; 1533R; <; 9; 128; 1; 41; 41; 1
1533; 1533R; <; 10; 129; 1; 43; 43; 1
1567; 1567H; >; 1; 106; 1; 45; 45; 1
1567; 1567H; >; 2; 105; 1; 47; 47; 1
1567; 1567H; >; 3; 104; 1; 49; 49; 1
1567; 1567H; >; 4; 103; 1; 51; 51; 1
1567; 1567H; >; 5; 102; 1; 53; 53; 1
1567; 1567H; >; 6; 1; 1; 55; 55; 1
1567; 1567H; >; 7; 22; 1; 57; 57; 1
1567; 1567H; >; 8; 23; 1; 59; 59; 1
1567; 1567H; >; 9; 24; 1; 1; 1; 1
1567; 1567H; >; 10; 25; 1; 3; 3; 1
1567; 1567R; <; 1; 25; 1; 15; 15; 1
1567; 1567R; <; 2; 24; 1; 17; 17; 1
1567; 1567R; <; 3; 23; 1; 19; 19; 1
1567; 1567R; <; 4; 22; 1; 21; 21; 1
1567; 1567R; <; 5; 1; 1; 23; 23; 1
1567; 1567R; <; 6; 102; 1; 25; 25; 1
1567; 1567R; <; 7; 103; 1; 27; 27; 1
1567; 1567R; <; 8; 104; 1; 29; 29; 1
1567; 1567R; <; 9; 105; 1; 31; 31; 1
1567; 1567R; <; 10; 106; 1; 33; 33; 1
1595; 1595H; >; 1; 88; 1; 33; 33; 1
1595; 1595H; >; 2; 87; 1; 35; 35; 1
1595; 1595H; >; 3; 86; 1; 37; 37; 1
1595; 1595H; >; 4; 85; 1; 39; 39; 1
1595; 1595H; >; 5; 84; 1; 41; 41; 1
1595; 1595H; >; 6; 83; 1; 43; 43; 1
1595; 1595H; >; 7; 82; 1; 45; 45; 1
1595; 1595H; >; 8; 1; 1; 47; 47; 1
1595; 1595H; >; 9; 122; 1; 49; 49; 1
1595; 1595H; >; 10; 123; 1; 51; 51; 1
1595; 1595R; <; 1; 123; 1; 3; 3; 1
1595; 1595R; <; 2; 122; 1; 5; 5; 1
1595; 1595R; <; 3; 1; 1; 7; 7; 1
1595; 1595R; <; 4; 82; 1; 9; 9; 1
1595; 1595R; <; 5; 83; 1; 11; 11; 1
1595; 1595R; <; 6; 84; 1; 13; 13; 1
1595; 1595R; <; 7; 85; 1; 15; 15; 1
1595; 1595R; <; 8; 86; 1; 17; 17; 1
1595; 1595R; <; 9; 87; 1; 19; 19; 1
1595; 1595R; <; 10; 88; 1; 21; 21; 1
1615; 1615H; >; 1; 70; 1; 0; 0; 1
1615; 1615H; >; 2; 69; 1; 2; 2; 1
1615; 1615H; >; 3; 68; 1; 4; 4; 1
1615; 1615H; >; 4; 67; 1; 6; 6; 1
1615; 1615H; >; 5; 66; 1; 8; 8; 1
1615; 1615H; >; 6; 65; 1; 10; 10; 1
1615; 1615H; >; 7; 64; 1; 12; 12; 1
1615; 1615H; >; 8; 63; 1; 14; 14; 1
1615; 1615H; >; 9; 53; 1; 16; 16; 1
1615; 1615H; >; 10; 52; 1; 18; 18; 1
1615; 1615R; <; 1; 52; 1; 30; 30; 1
1615; 1615R; <; 2; 53; 1; 32; 32; 1
1615; 1615R; <; 3; 63; 1; 34; 34; 1
1615; 1615R; <; 4; 64; 1; 36; 36; 1
1615; 1615R; <; 5; 65; 1; 38; 38; 1
1615; 1615R; <; 6; 66; 1; 40; 40; 1
1615; 1615R; <; 7; 67; 1; 42; 42; 1
1615; 1615R; <; 8; 68; 1; 44; 44; 1
1615; 1615R; <; 9; 69; 1; 46; 46; 1
1615; 1615R; <; 10; 70; 1; 48; 48; 1
1663; 1663H; >; 1; 38; 1; 59; 59; 1
1663; 1663H; >; 2; 37; 1; 1; 1; 1
1663; 1663H; >; 3; 36; 1; 3; 3; 1
1663; 1663H; >; 4; 35; 1; 5; 5; 1
1663; 1663H; >; 5; 34; 1; 7; 7; 1
1663; 1663H; >; 6; 33; 1; 9; 9; 1
1663; 1663H; >; 7; 32; 1; 11; 11; 1
1663; 1663H; >; 8; 1; 1; 13; 13; 1
1663; 1663H; >; 9; 72; 1; 15; 15; 1
1663; 1663H; >; 10; 73; 1; 17; 17; 1
1663; 1663R; <; 1; 73; 1; 29; 29; 1
1663; 1663R; <; 2; 72; 1; 31; 31; 1
1663; 1663R; <; 3; 1; 1; 33; 33; 1
1663; 1663R; <; 4; 32; 1; 35; 35; 1
1663; 1663R; <; 5; 33; 1; 37; 37; 1
1663; 1663R; <; 6; 34; 1; 39; 39; 1
1663; 1663R; <; 7; 35; 1; 41; 41; 1
1663; 1663R; <; 8; 36; 1; 43; 43; 1
1663; 1663R; <; 9; 37; 1; 45; 45; 1
1663; 1663R; <; 10; 38; 1; 47; 47; 1
1726; 1726H; >; 1; 156; 1; 46; 46; 1
1726; 1726H; >; 2; 146; 1; 49; 49; 1
1726; 1726H; >; 3; 136; 1; 52; 52; 1
1726; 1726H; >; 4; 137; 1; 54; 54; 1
1726; 1726H; >; 5; 138; 1; 56; 56; 1
1726; 1726H; >; 6; 139; 1; 58; 58; 1
1726; 1726H; >; 7; 140; 1; 0; 0; 1
1726; 1726H; >; 8; 141; 1; 2; 2; 1
1726; 1726H; >; 9; 131; 1; 7; 7; 1
1726; 1726R; <; 1; 131; 1; 16; 16; 1
1726; 1726R; <; 2; 141; 1; 21; 21; 1
1726; 1726R; <; 3; 140; 1; 23; 23; 1
1726; 1726R; <; 4; 139; 1; 25; 25; 1
1726; 1726R; <; 5; 138; 1; 27; 27; 1
1726; 1726R; <; 6; 137; 1; 29; 29; 1
1726; 1726R; <; 7; 136; 1; 31; 31; 1
1726; 1726R; <; 8; 146; 1; 34; 34; 1
1726; 1726R; <; 9; 156; 1; 37; 37; 1
1814; 1814H; >; 1; 96; 1; 56; 56; 1
1814; 1814H; >; 2; 86; 1; 59; 59; 1
1814; 1814H; >; 3; 76; 1; 2; 2; 1
1814; 1814H; >; 4; 66; 1; 5; 5; 1
1814; 1814H; >; 5; 56; 1; 8; 8; 1
1814; 1814H; >; 6; 46; 1; 11; 11; 1
1814; 1814H; >; 7; 36; 1; 14; 14; 1
1814; 1814H; >; 8; 26; 1; 17; 17; 1
1814; 1814H; >; 9; 25; 1; 19; 19; 1
1814; 1814R; <; 1; 25; 1; 26; 26; 1
1814; 1814R; <; 2; 26; 1; 28; 28; 1
1814; 1814R; <; 3; 36; 1; 31; 31; 1
1814; 1814R; <; 4; 46; 1; 34; 34; 1
1814; 1814R; <; 5; 56; 1; 37; 37; 1
1814; 1814R; <; 6; 66; 1; 40; 40; 1
1814; 1814R; <; 7; 76; 1; 43; 43; 1
1814; 1814R; <; 8; 86; 1; 46; 46; 1
1814; 1814R; <; 9; 96; 1; 49; 49; 1
1967; 1967H; >; 1; 158; 1; 0; 0; 1
1967; 1967H; >; 2; 157; 1; 2; 2; 1
1967; 1967H; >; 3; 147; 1; 7; 7; 1
1967; 1967H; >; 4; 146; 1; 9; 9; 1
1967; 1967H; >; 5; 145; 1; 11; 11; 1
1967; 1967H; >; 6; 144; 1; 13; 13; 1
1967; 1967H; >; 7; 143; 1; 15; 15; 1
1967; 1967H; >; 8; 133; 1; 17; 17; 1
1967; 1967H; >; 9; 123; 1; 19; 19; 1
1967; 1967R; <; 1; 123; 1; 30; 30; 1
1967; 1967R; <; 2; 133; 1; 32; 32; 1
1967; 1967R; <; 3; 143; 1; 34; 34; 1
1967; 1967R; <; 4; 144; 1; 36; 36; 1
1967; 1967R; <; 5; 145; 1; 38; 38; 1
1967; 1967R; <; 6; 146; 1; 40; 40; 1
1967; 1967R; <; 7; 147; 1; 42; 42; 1
1967; 1967R; <; 8; 157; 1; 47; 47; 1
1967; 1967R; <; 9; 158; 1; 49; 49; 1
2172; 2172H; >; 1; 37; 1; 0; 0; 1
2172; 2172H; >; 2; 36; 1; 2; 2; 1
2172; 2172H; >; 3; 26; 1; 5; 5; 1
2172; 2172H; >; 4; 25; 1; 7; 7; 1
2172; 2172H; >; 5; 24; 1; 9; 9; 1
2172; 2172H; >; 6; 14; 1; 12; 12; 1
2172; 2172H; >; 7; 4; 1; 15; 15; 1
2172; 2172H; >; 8; 3; 1; 17; 17; 1
2172; 2172H; >; 9; 153; 1; 19; 19; 1
2172; 2172R; <; 1; 153; 1; 30; 30; 1
2172; 2172R; <; 2; 3; 1; 32; 32; 1
2172; 2172R; <; 3; 4; 1; 34; 34; 1
2172; 2172R; <; 4; 14; 1; 37; 37; 1
2172; 2172R; <; 5; 24; 1; 40; 40; 1
2172; 2172R; <; 6; 25; 1; 42; 42; 1
2172; 2172R; <; 7; 26; 1; 44; 44; 1
2172; 2172R; <; 8; 36; 1; 47; 47; 1
2172; 2172R; <; 9; 37; 1; 49; 49; 1
2330; 2330H; >; 1; 26; 1; 8; 8; 1
2330; 2330H; >; 2; 16; 1; 11; 11; 1
2330; 2330H; >; 3; 6; 1; 14; 14; 1
2330; 2330H; >; 4; 156; 1; 17; 17; 1
2330; 2330H; >; 5; 146; 1; 20; 20; 1
2330; 2330H; >; 6; 136; 1; 23; 23; 1
2330; 2330H; >; 7; 126; 1; 26; 26; 1
2330; 2330H; >; 8; 116; 1; 29; 29; 1
2330; 2330R; <; 1; 116; 1; 38; 38; 1
2330; 2330R; <; 2; 126; 1; 41; 41; 1
2330; 2330R; <; 3; 136; 1; 44; 44; 1
2330; 2330R; <; 4; 146; 1; 47; 47; 1
2330; 2330R; <; 5; 156; 1; 50; 50; 1
2330; 2330R; <; 6; 6; 1; 53; 53; 1
2330; 2330R; <; 7; 16; 1; 56; 56; 1
2330; 2330R; <; 8; 26; 1; 59; 59; 1
2350; 2350H; >; 1; 157; 1; 0; 0; 1
2350; 2350H; >; 2; 156; 1; 2; 2; 1
2350; 2350H; >; 3; 155; 1; 4; 4; 1
2350; 2350H; >; 4; 154; 1; 6; 6; 1
2350; 2350H; >; 5; 153; 1; 8; 8; 1
2350; 2350H; >; 6; 152; 1; 10; 10; 1
2350; 2350H; >; 7; 142; 1; 11; 11; 1
2350; 2350H; >; 8; 132; 1; 12; 12; 1
2350; 2350R; <; 1; 132; 1; 30; 30; 1
2350; 2350R; <; 2; 142; 1; 31; 31; 1
2350; 2350R; <; 3; 152; 1; 32; 32; 1
2350; 2350R; <; 4; 153; 1; 34; 34; 1
2350; 2350R; <; 5; 154; 1; 36; 36; 1
2350; 2350R; <; 6; 155; 1; 38; 38; 1
2350; 2350R; <; 7; 156; 1; 40; 40; 1
2350; 2350R; <; 8; 157; 1; 42; 42; 1
2365; 2365H; >; 1; 147; 1; 0; 0; 1
2365; 2365H; >; 2; 146; 1; 2; 2; 1
2365; 2365H; >; 3; 145; 1; 4; 4; 1
2365; 2365H; >; 4; 144; 1; 6; 6; 1
2365; 2365H; >; 5; 143; 1; 8; 8; 1
2365; 2365H; >; 6; 142; 1; 10; 10; 1
2365; 2365H; >; 7; 132; 1; 11; 11; 1
2365; 2365H; >; 8; 122; 1; 12; 12; 1
2365; 2365R; <; 1; 122; 1; 30; 30; 1
2365; 2365R; <; 2; 132; 1; 31; 31; 1
2365; 2365R; <; 3; 142; 1; 32; 32; 1
2365; 2365R; <; 4; 143; 1; 34; 34; 1
2365; 2365R; <; 5; 144; 1; 36; 36; 1
2365; 2365R; <; 6; 145; 1; 38; 38; 1
2365; 2365R; <; 7; 146; 1; 40; 40; 1
2365; 2365R; <; 8; 147; 1; 42; 42; 1
2492; 2492H; >; 1; 67; 1; 0; 0; 1
2492; 2492H; >; 2; 66; 1; 2; 2; 1
2492; 2492H; >; 3; 65; 1; 4; 4; 1
2492; 2492H; >; 4; 64; 1; 6; 6; 1
2492; 2492H; >; 5; 63; 1; 8; 8; 1
2492; 2492H; >; 6; 62; 1; 10; 10; 1
2492; 2492H; >; 7; 52; 1; 11; 11; 1
2492; 2492H; >; 8; 42; 1; 12; 12; 1
2492; 2492R; <; 1; 42; 1; 30; 30; 1
2492; 2492R; <; 2; 52; 1; 31; 31; 1
2492; 2492R; <; 3; 62; 1; 32; 32; 1
2492; 2492R; <; 4; 63; 1; 34; 34; 1
2492; 2492R; <; 5; 64; 1; 36; 36; 1
2492; 2492R; <; 6; 65; 1; 38; 38; 1
2492; 2492R; <; 7; 66; 1; 40; 40; 1
2492; 2492R; <; 8; 67; 1; 42; 42; 1
2555; 2555H; >; 1; 27; 1; 0; 0; 1
2555; 2555H; >; 2; 26; 1; 2; 2; 1
2555; 2555H; >; 3; 25; 1; 4; 4; 1
2555; 2555H; >; 4; 24; 1; 6; 6; 1
2555; 2555H; >; 5; 23; 1; 8; 8; 1
2555; 2555H; >; 6; 22; 1; 10; 10; 1
2555; 2555H; >; 7; 12; 1; 11; 11; 1
2555; 2555H; >; 8; 2; 1; 12; 12; 1
2555; 2555R; <; 1; 2; 1; 30; 30; 1
2555; 2555R; <; 2; 12; 1; 31; 31; 1
2555; 2555R; <; 3; 22; 1; 32; 32; 1
2555; 2555R; <; 4; 23; 1; 34; 34; 1
2555; 2555R; <; 5; 24; 1; 36; 36; 1
2555; 2555R; <; 6; 25; 1; 38; 38; 1
2555; 2555R; <; 7; 26; 1; 40; 40; 1
2555; 2555R; <; 8; 27; 1; 42; 42; 1
2583; 2583H; >; 1; 7; 1; 35; 35; 1
2583; 2583H; >; 2; 6; 1; 37; 37; 1
2583; 2583H; >; 3; 156; 1; 40; 40; 1
2583; 2583H; >; 4; 146; 1; 43; 43; 1
2583; 2583H; >; 5; 136; 1; 46; 46; 1
2583; 2583H; >; 6; 126; 1; 49; 49; 1
2583; 2583H; >; 7; 116; 1; 52; 52; 1
2583; 2583H; >; 8; 106; 1; 55; 55; 1
2583; 2583R; <; 1; 106; 1; 5; 5; 1
2583; 2583R; <; 2; 116; 1; 8; 8; 1
2583; 2583R; <; 3; 126; 1; 11; 11; 1
2583; 2583R; <; 4; 136; 1; 14; 14; 1
2583; 2583R; <; 5; 146; 1; 17; 17; 1
2583; 2583R; <; 6; 156; 1; 20; 20; 1
2583; 2583R; <; 7; 6; 1; 23; 23; 1
2583; 2583R; <; 8; 7; 1; 25; 25; 1
2590; 2590H; >; 1; 154; 1; 0; 0; 1
2590; 2590H; >; 2; 4; 1; 3; 3; 1
2590; 2590H; >; 3; 14; 1; 6; 6; 1
2590; 2590H; >; 4; 24; 1; 9; 9; 1
2590; 2590H; >; 5; 25; 1; 11; 11; 1
2590; 2590H; >; 6; 35; 1; 15; 15; 1
2590; 2590H; >; 7; 45; 1; 19; 19; 1
2590; 2590R; <; 1; 45; 1; 30; 30; 1
2590; 2590R; <; 2; 35; 1; 34; 34; 1
2590; 2590R; <; 3; 25; 1; 38; 38; 1
2590; 2590R; <; 4; 24; 1; 40; 40; 1
2590; 2590R; <; 5; 14; 1; 43; 43; 1
2590; 2590R; <; 6; 4; 1; 46; 46; 1
2590; 2590R; <; 7; 154; 1; 49; 49; 1
2639; 2639H; >; 1; 74; 1; 3; 3; 1
2639; 2639H; >; 2; 64; 1; 6; 6; 1
2639; 2639H; >; 3; 54; 1; 9; 9; 1
2639; 2639H; >; 4; 44; 1; 12; 12; 1
2639; 2639H; >; 5; 34; 1; 15; 15; 1
2639; 2639H; >; 6; 24; 1; 18; 18; 1
2639; 2639H; >; 7; 25; 1; 20; 20; 1
2639; 2639R; <; 1; 25; 1; 33; 33; 1
2639; 2639R; <; 2; 24; 1; 35; 35; 1
2639; 2639R; <; 3; 34; 1; 38; 38; 1
2639; 2639R; <; 4; 44; 1; 41; 41; 1
2639; 2639R; <; 5; 54; 1; 44; 44; 1
2639; 2639R; <; 6; 64; 1; 47; 47; 1
2639; 2639R; <; 7; 74; 1; 50; 50; 1
2643; 2643H; >; 1; 65; 1; 0; 0; 1
2643; 2643H; >; 2; 55; 1; 4; 4; 1
2643; 2643H; >; 3; 45; 1; 8; 8; 1
2643; 2643H; >; 4; 35; 1; 12; 12; 1
2643; 2643H; >; 5; 25; 1; 16; 16; 1
2643; 2643H; >; 6; 24; 1; 18; 18; 1
2643; 2643H; >; 7; 14; 1; 21; 21; 1
2643; 2643R; <; 1; 14; 1; 30; 30; 1
2643; 2643R; <; 2; 24; 1; 33; 33; 1
2643; 2643R; <; 3; 25; 1; 35; 35; 1
2643; 2643R; <; 4; 35; 1; 39; 39; 1
2643; 2643R; <; 5; 45; 1; 43; 43; 1
2643; 2643R; <; 6; 55; 1; 47; 47; 1
2643; 2643R; <; 7; 65; 1; 51; 51; 1
2749; 2749H; >; 1; 66; 1; 13; 13; 1
2749; 2749H; >; 2; 65; 1; 15; 15; 1
2749; 2749H; >; 3; 55; 1; 19; 19; 1
2749; 2749H; >; 4; 54; 1; 21; 21; 1
2749; 2749H; >; 5; 53; 1; 23; 23; 1
2749; 2749H; >; 6; 43; 1; 25; 25; 1
2749; 2749H; >; 7; 33; 1; 27; 27; 1
2749; 2749R; <; 1; 33; 1; 43; 43; 1
2749; 2749R; <; 2; 43; 1; 45; 45; 1
2749; 2749R; <; 3; 53; 1; 47; 47; 1
2749; 2749R; <; 4; 54; 1; 49; 49; 1
2749; 2749R; <; 5; 55; 1; 51; 51; 1
2749; 2749R; <; 6; 65; 1; 55; 55; 1
2749; 2749R; <; 7; 66; 1; 57; 57; 1
2806; 2806H; >; 1; 6; 1; 0; 0; 1
2806; 2806H; >; 2; 5; 1; 2; 2; 1
2806; 2806H; >; 3; 4; 1; 4; 4; 1
2806; 2806H; >; 4; 3; 1; 6; 6; 1
2806; 2806H; >; 5; 2; 1; 8; 8; 1
2806; 2806H; >; 6; 1; 1; 10; 10; 1
2806; 2806H; >; 7; 22; 1; 12; 12; 1
2806; 2806R; <; 1; 22; 1; 30; 30; 1
2806; 2806R; <; 2; 1; 1; 32; 32; 1
2806; 2806R; <; 3; 2; 1; 34; 34; 1
2806; 2806R; <; 4; 3; 1; 36; 36; 1
2806; 2806R; <; 5; 4; 1; 38; 38; 1
2806; 2806R; <; 6; 5; 1; 40; 40; 1
2806; 2806R; <; 7; 6; 1; 42; 42; 1
2889; 2889H; >; 1; 80; 1; 45; 45; 1
2889; 2889H; >; 2; 79; 1; 47; 47; 1
2889; 2889H; >; 3; 69; 1; 54; 54; 1
2889; 2889H; >; 4; 59; 1; 1; 1; 1
2889; 2889H; >; 5; 49; 1; 8; 8; 1
2889; 2889H; >; 6; 39; 1; 15; 15; 1
2889; 2889R; <; 1; 39; 1; 15; 15; 1
2889; 2889R; <; 2; 49; 1; 22; 22; 1
2889; 2889R; <; 3; 59; 1; 29; 29; 1
2889; 2889R; <; 4; 69; 1; 36; 36; 1
2889; 2889R; <; 5; 79; 1; 43; 43; 1
2889; 2889R; <; 6; 80; 1; 45; 45; 1
3023; 3023H; >; 1; 151; 1; 24; 24; 1
3023; 3023H; >; 2; 150; 1; 26; 26; 1
3023; 3023H; >; 3; 149; 1; 28; 28; 1
3023; 3023H; >; 4; 148; 1; 30; 30; 1
3023; 3023H; >; 5; 147; 1; 32; 32; 1
3023; 3023H; >; 6; 146; 1; 34; 34; 1
3023; 3023H; >; 7; 145; 1; 36; 36; 1
3023; 3023H; >; 8; 144; 1; 38; 38; 1
3023; 3023H; >; 9; 143; 1; 40; 40; 1
3023; 3023H; >; 10; 142; 1; 42; 42; 1
3023; 3023H; >; 11; 1; 1; 44; 44; 1
3023; 3023H; >; 12; 92; 1; 46; 46; 1
3023; 3023R; <; 1; 92; 1; 54; 54; 1
3023; 3023R; <; 2; 1; 1; 56; 56; 1
3023; 3023R; <; 3; 142; 1; 58; 58; 1
3023; 3023R; <; 4; 143; 1; 0; 0; 1
3023; 3023R; <; 5; 144; 1; 2; 2; 1
3023; 3023R; <; 6; 145; 1; 4; 4; 1
3023; 3023R; <; 7; 146; 1; 6; 6; 1
3023; 3023R; <; 8; 147; 1; 8; 8; 1
3023; 3023R; <; 9; 148; 1; 10; 10; 1
3023; 3023R; <; 10; 149; 1; 12; 12; 1
3023; 3023R; <; 11; 150; 1; 14; 14; 1
3023; 3023R; <; 12; 151; 1; 16; 16; 1
3033; 3033H; >; 1; 92; 1; 28; 28; 1
3033; 3033H; >; 2; 1; 1; 30; 30; 1
3033; 3033H; >; 3; 42; 1; 32; 32; 1
3033; 3033H; >; 4; 43; 1; 34; 34; 1
3033; 3033H; >; 5; 44; 1; 36; 36; 1
3033; 3033H; >; 6; 45; 1; 38; 38; 1
3033; 3033H; >; 7; 46; 1; 40; 40; 1
3033; 3033H; >; 8; 47; 1; 42; 42; 1
3033; 3033H; >; 9; 48; 1; 44; 44; 1
3033; 3033H; >; 10; 49; 1; 46; 46; 1
3033; 3033H; >; 11; 50; 1; 48; 48; 1
3033; 3033H; >; 12; 51; 1; 50; 50; 1
3033; 3033R; <; 1; 51; 1; 58; 58; 1
3033; 3033R; <; 2; 50; 1; 0; 0; 1
3033; 3033R; <; 3; 49; 1; 2; 2; 1
3033; 3033R; <; 4; 48; 1; 4; 4; 1
3033; 3033R; <; 5; 47; 1; 6; 6; 1
3033; 3033R; <; 6; 46; 1; 8; 8; 1
3033; 3033R; <; 7; 45; 1; 10; 10; 1
3033; 3033R; <; 8; 44; 1; 12; 12; 1
3033; 3033R; <; 9; 43; 1; 14; 14; 1
3033; 3033R; <; 10; 42; 1; 16; 16; 1
3033; 3033R; <; 11; 1; 1; 18; 18; 1
3033; 3033R; <; 12; 92; 1; 20; 20; 1
3034; 3034H; >; 1; 92; 1; 39; 39; 1
3034; 3034H; >; 2; 1; 1; 41; 41; 1
3034; 3034H; >; 3; 22; 1; 43; 43; 1
3034; 3034H; >; 4; 23; 1; 45; 45; 1
3034; 3034H; >; 5; 24; 1; 47; 47; 1
3034; 3034H; >; 6; 25; 1; 49; 49; 1
3034; 3034H; >; 7; 26; 1; 51; 51; 1
3034; 3034H; >; 8; 27; 1; 53; 53; 1
3034; 3034H; >; 9; 28; 1; 55; 55; 1
3034; 3034H; >; 10; 29; 1; 57; 57; 1
3034; 3034H; >; 11; 30; 1; 59; 59; 1
3034; 3034H; >; 12; 31; 1; 1; 1; 1
3034; 3034R; <; 1; 31; 1; 9; 9; 1
3034; 3034R; <; 2; 30; 1; 11; 11; 1
3034; 3034R; <; 3; 29; 1; 13; 13; 1
3034; 3034R; <; 4; 28; 1; 15; 15; 1
3034; 3034R; <; 5; 27; 1; 17; 17; 1
3034; 3034R; <; 6; 26; 1; 19; 19; 1
3034; 3034R; <; 7; 25; 1; 21; 21; 1
3034; 3034R; <; 8; 24; 1; 23; 23; 1
3034; 3034R; <; 9; 23; 1; 25; 25; 1
3034; 3034R; <; 10; 22; 1; 27; 27; 1
3034; 3034R; <; 11; 1; 1; 29; 29; 1
3034; 3034R; <; 12; 92; 1; 31; 31; 1
3035; 3035H; >; 1; 92; 1; 54; 54; 1
3035; 3035H; >; 2; 1; 1; 56; 56; 1
3035; 3035H; >; 3; 12; 1; 58; 58; 1
3035; 3035H; >; 4; 13; 1; 0; 0; 1
3035; 3035H; >; 5; 14; 1; 2; 2; 1
3035; 3035H; >; 6; 15; 1; 4; 4; 1
3035; 3035H; >; 7; 16; 1; 6; 6; 1
3035; 3035H; >; 8; 17; 1; 8; 8; 1
3035; 3035H; >; 9; 18; 1; 10; 10; 1
3035; 3035H; >; 10; 19; 1; 12; 12; 1
3035; 3035H; >; 11; 20; 1; 14; 14; 1
3035; 3035H; >; 12; 21; 1; 16; 16; 1
3035; 3035R; <; 1; 21; 1; 24; 24; 1
3035; 3035R; <; 2; 20; 1; 26; 26; 1
3035; 3035R; <; 3; 19; 1; 28; 28; 1
3035; 3035R; <; 4; 18; 1; 30; 30; 1
3035; 3035R; <; 5; 17; 1; 32; 32; 1
3035; 3035R; <; 6; 16; 1; 34; 34; 1
3035; 3035R; <; 7; 15; 1; 36; 36; 1
3035; 3035R; <; 8; 14; 1; 38; 38; 1
3035; 3035R; <; 9; 13; 1; 40; 40; 1
3035; 3035R; <; 10; 12; 1; 42; 42; 1
3035; 3035R; <; 11; 1; 1; 44; 44; 1
3035; 3035R; <; 12; 92; 1; 46; 46; 1
3036; 3036H; >; 1; 92; 1; 54; 54; 1
3036; 3036H; >; 2; 1; 1; 56; 56; 1
3036; 3036H; >; 3; 2; 1; 58; 58; 1
3036; 3036H; >; 4; 3; 1; 0; 0; 1
3036; 3036H; >; 5; 4; 1; 2; 2; 1
3036; 3036H; >; 6; 5; 1; 4; 4; 1
3036; 3036H; >; 7; 6; 1; 6; 6; 1
3036; 3036H; >; 8; 7; 1; 8; 8; 1
3036; 3036H; >; 9; 8; 1; 10; 10; 1
3036; 3036H; >; 10; 9; 1; 12; 12; 1
3036; 3036H; >; 11; 10; 1; 14; 14; 1
3036; 3036H; >; 12; 11; 1; 16; 16; 1
3036; 3036R; <; 1; 11; 1; 24; 24; 1
3036; 3036R; <; 2; 10; 1; 26; 26; 1
3036; 3036R; <; 3; 9; 1; 28; 28; 1
3036; 3036R; <; 4; 8; 1; 30; 30; 1
3036; 3036R; <; 5; 7; 1; 32; 32; 1
3036; 3036R; <; 6; 6; 1; 34; 34; 1
3036; 3036R; <; 7; 5; 1; 36; 36; 1
3036; 3036R; <; 8; 4; 1; 38; 38; 1
3036; 3036R; <; 9; 3; 1; 40; 40; 1
3036; 3036R; <; 10; 2; 1; 42; 42; 1
3036; 3036R; <; 11; 1; 1; 44; 44; 1
3036; 3036R; <; 12; 92; 1; 46; 46; 1
3059; 3059H; >; 1; 91; 1; 32; 32; 1
3059; 3059H; >; 2; 90; 1; 34; 34; 1
3059; 3059H; >; 3; 89; 1; 36; 36; 1
3059; 3059H; >; 4; 88; 1; 38; 38; 1
3059; 3059H; >; 5; 87; 1; 40; 40; 1
3059; 3059H; >; 6; 86; 1; 42; 42; 1
3059; 3059H; >; 7; 85; 1; 44; 44; 1
3059; 3059H; >; 8; 84; 1; 46; 46; 1
3059; 3059H; >; 9; 83; 1; 48; 48; 1
3059; 3059H; >; 10; 82; 1; 50; 50; 1
3059; 3059H; >; 11; 1; 1; 52; 52; 1
3059; 3059H; >; 12; 2; 1; 54; 54; 1
3059; 3059H; >; 13; 3; 1; 56; 56; 1
3059; 3059H; >; 14; 4; 1; 58; 58; 1
3059; 3059H; >; 15; 5; 1; 0; 0; 1
3059; 3059H; >; 16; 6; 1; 2; 2; 1
3059; 3059H; >; 17; 7; 1; 4; 4; 1
3059; 3059H; >; 18; 8; 1; 6; 6; 1
3059; 3059H; >; 19; 9; 1; 8; 8; 1
3059; 3059H; >; 20; 10; 1; 10; 10; 1
3059; 3059H; >; 21; 11; 1; 12; 12; 1
3059; 3059R; <; 1; 11; 1; 32; 32; 1
3059; 3059R; <; 2; 10; 1; 34; 34; 1
3059; 3059R; <; 3; 9; 1; 36; 36; 1
3059; 3059R; <; 4; 8; 1; 38; 38; 1
3059; 3059R; <; 5; 7; 1; 40; 40; 1
3059; 3059R; <; 6; 6; 1; 42; 42; 1
3059; 3059R; <; 7; 5; 1; 44; 44; 1
3059; 3059R; <; 8; 4; 1; 46; 46; 1
3059; 3059R; <; 9; 3; 1; 48; 48; 1
3059; 3059R; <; 10; 2; 1; 50; 50; 1
3059; 3059R; <; 11; 1; 1; 52; 52; 1
3059; 3059R; <; 12; 82; 1; 54; 54; 1
3059; 3059R; <; 13; 83; 1; 56; 56; 1
3059; 3059R; <; 14; 84; 1; 58; 58; 1
3059; 3059R; <; 15; 85; 1; 0; 0; 1
3059; 3059R; <; 16; 86; 1; 2; 2; 1
3059; 3059R; <; 17; 87; 1; 4; 4; 1
3059; 3059R; <; 18; 88; 1; 6; 6; 1
3059; 3059R; <; 19; 89; 1; 8; 8; 1
3059; 3059R; <; 20; 90; 1; 10; 10; 1
3059; 3059R; <; 21; 91; 1; 12; 12; 1
3060; 3060H; >; 1; 81; 1; 49; 49; 1
3060; 3060H; >; 2; 80; 1; 51; 51; 1
3060; 3060H; >; 3; 79; 1; 53; 53; 1
3060; 3060H; >; 4; 78; 1; 55; 55; 1
3060; 3060H; >; 5; 77; 1; 57; 57; 1
3060; 3060H; >; 6; 76; 1; 59; 59; 1
3060; 3060H; >; 7; 75; 1; 1; 1; 1
3060; 3060H; >; 8; 74; 1; 3; 3; 1
3060; 3060H; >; 9; 73; 1; 5; 5; 1
3060; 3060H; >; 10; 72; 1; 7; 7; 1
3060; 3060H; >; 11; 1; 1; 9; 9; 1
3060; 3060H; >; 12; 152; 1; 11; 11; 1
3060; 3060H; >; 13; 153; 1; 13; 13; 1
3060; 3060H; >; 14; 154; 1; 15; 15; 1
3060; 3060H; >; 15; 155; 1; 17; 17; 1
3060; 3060H; >; 16; 156; 1; 19; 19; 1
3060; 3060H; >; 17; 157; 1; 21; 21; 1
3060; 3060H; >; 18; 158; 1; 23; 23; 1
3060; 3060H; >; 19; 159; 1; 25; 25; 1
3060; 3060H; >; 20; 160; 1; 27; 27; 1
3060; 3060H; >; 21; 161; 1; 29; 29; 1
3060; 3060R; <; 1; 161; 1; 49; 49; 1
3060; 3060R; <; 2; 160; 1; 51; 51; 1
3060; 3060R; <; 3; 159; 1; 53; 53; 1
3060; 3060R; <; 4; 158; 1; 55; 55; 1
3060; 3060R; <; 5; 157; 1; 57; 57; 1
3060; 3060R; <; 6; 156; 1; 59; 59; 1
3060; 3060R; <; 7; 155; 1; 1; 1; 1
3060; 3060R; <; 8; 154; 1; 3; 3; 1
3060; 3060R; <; 9; 153; 1; 5; 5; 1
3060; 3060R; <; 10; 152; 1; 7; 7; 1
3060; 3060R; <; 11; 1; 1; 9; 9; 1
3060; 3060R; <; 12; 72; 1; 11; 11; 1
3060; 3060R; <; 13; 73; 1; 13; 13; 1
3060; 3060R; <; 14; 74; 1; 15; 15; 1
3060; 3060R; <; 15; 75; 1; 17; 17; 1
3060; 3060R; <; 16; 76; 1; 19; 19; 1
3060; 3060R; <; 17; 77; 1; 21; 21; 1
3060; 3060R; <; 18; 78; 1; 23; 23; 1
3060; 3060R; <; 19; 79; 1; 25; 25; 1
3060; 3060R; <; 20; 80; 1; 27; 27; 1
3060; 3060R; <; 21; 81; 1; 29; 29; 1
3061; 3061H; >; 1; 71; 1; 35; 35; 1
3061; 3061H; >; 2; 70; 1; 37; 37; 1
3061; 3061H; >; 3; 69; 1; 39; 39; 1
3061; 3061H; >; 4; 68; 1; 41; 41; 1
3061; 3061H; >; 5; 67; 1; 43; 43; 1
3061; 3061H; >; 6; 66; 1; 45; 45; 1
3061; 3061H; >; 7; 65; 1; 47; 47; 1
3061; 3061H; >; 8; 64; 1; 49; 49; 1
3061; 3061H; >; 9; 63; 1; 51; 51; 1
3061; 3061H; >; 10; 62; 1; 53; 53; 1
3061; 3061H; >; 11; 1; 1; 55; 55; 1
3061; 3061H; >; 12; 142; 1; 57; 57; 1
3061; 3061H; >; 13; 143; 1; 59; 59; 1
3061; 3061H; >; 14; 144; 1; 1; 1; 1
3061; 3061H; >; 15; 145; 1; 3; 3; 1
3061; 3061H; >; 16; 146; 1; 5; 5; 1
3061; 3061H; >; 17; 147; 1; 7; 7; 1
3061; 3061H; >; 18; 148; 1; 9; 9; 1
3061; 3061H; >; 19; 149; 1; 11; 11; 1
3061; 3061H; >; 20; 150; 1; 13; 13; 1
3061; 3061H; >; 21; 151; 1; 15; 15; 1
3061; 3061R; <; 1; 151; 1; 35; 35; 1
3061; 3061R; <; 2; 150; 1; 37; 37; 1
3061; 3061R; <; 3; 149; 1; 39; 39; 1
3061; 3061R; <; 4; 148; 1; 41; 41; 1
3061; 3061R; <; 5; 147; 1; 43; 43; 1
3061; 3061R; <; 6; 146; 1; 45; 45; 1
3061; 3061R; <; 7; 145; 1; 47; 47; 1
3061; 3061R; <; 8; 144; 1; 49; 49; 1
3061; 3061R; <; 9; 143; 1; 51; 51; 1
3061; 3061R; <; 10; 142; 1; 53; 53; 1
3061; 3061R; <; 11; 1; 1; 55; 55; 1
3061; 3061R; <; 12; 62; 1; 57; 57; 1
3061; 3061R; <; 13; 63; 1; 59; 59; 1
3061; 3061R; <; 14; 64; 1; 1; 1; 1
3061; 3061R; <; 15; 65; 1; 3; 3; 1
3061; 3061R; <; 16; 66; 1; 5; 5; 1
3061; 3061R; <; 17; 67; 1; 7; 7; 1
3061; 3061R; <; 18; 68; 1; 9; 9; 1
3061; 3061R; <; 19; 69; 1; 11; 11; 1
3061; 3061R; <; 20; 70; 1; 13; 13; 1
3061; 3061R; <; 21; 71; 1; 15; 15; 1
3062; 3062H; >; 1; 61; 1; 33; 33; 1
3062; 3062H; >; 2; 60; 1; 35; 35; 1
3062; 3062H; >; 3; 59; 1; 37; 37; 1
3062; 3062H; >; 4; 58; 1; 39; 39; 1
3062; 3062H; >; 5; 57; 1; 41; 41; 1
3062; 3062H; >; 6; 56; 1; 43; 43; 1
3062; 3062H; >; 7; 55; 1; 45; 45; 1
3062; 3062H; >; 8; 54; 1; 47; 47; 1
3062; 3062H; >; 9; 53; 1; 49; 49; 1
3062; 3062H; >; 10; 52; 1; 51; 51; 1
3062; 3062H; >; 11; 1; 1; 53; 53; 1
3062; 3062H; >; 12; 132; 1; 55; 55; 1
3062; 3062H; >; 13; 133; 1; 57; 57; 1
3062; 3062H; >; 14; 134; 1; 59; 59; 1
3062; 3062H; >; 15; 135; 1; 1; 1; 1
3062; 3062H; >; 16; 136; 1; 3; 3; 1
3062; 3062H; >; 17; 137; 1; 5; 5; 1
3062; 3062H; >; 18; 138; 1; 7; 7; 1
3062; 3062H; >; 19; 139; 1; 9; 9; 1
3062; 3062H; >; 20; 140; 1; 11; 11; 1
3062; 3062H; >; 21; 141; 1; 13; 13; 1
3062; 3062R; <; 1; 141; 1; 33; 33; 1
3062; 3062R; <; 2; 140; 1; 35; 35; 1
3062; 3062R; <; 3; 139; 1; 37; 37; 1
3062; 3062R; <; 4; 138; 1; 39; 39; 1
3062; 3062R; <; 5; 137; 1; 41; 41; 1
3062; 3062R; <; 6; 136; 1; 43; 43; 1
3062; 3062R; <; 7; 135; 1; 45; 45; 1
3062; 3062R; <; 8; 134; 1; 47; 47; 1
3062; 3062R; <; 9; 133; 1; 49; 49; 1
3062; 3062R; <; 10; 132; 1; 51; 51; 1
3062; 3062R; <; 11; 1; 1; 53; 53; 1
3062; 3062R; <; 12; 52; 1; 55; 55; 1
3062; 3062R; <; 13; 53; 1; 57; 57; 1
3062; 3062R; <; 14; 54; 1; 59; 59; 1
3062; 3062R; <; 15; 55; 1; 1; 1; 1
3062; 3062R; <; 16; 56; 1; 3; 3; 1
3062; 3062R; <; 17; 57; 1; 5; 5; 1
3062; 3062R; <; 18; 58; 1; 7; 7; 1
3062; 3062R; <; 19; 59; 1; 9; 9; 1
3062; 3062R; <; 20; 60; 1; 11; 11; 1
3062; 3062R; <; 21; 61; 1; 13; 13; 1
3065; 3065H; >; 1; 31; 1; 32; 32; 1
3065; 3065H; >; 2; 30; 1; 34; 34; 1
3065; 3065H; >; 3; 29; 1; 36; 36; 1
3065; 3065H; >; 4; 28; 1; 38; 38; 1
3065; 3065H; >; 5; 27; 1; 40; 40; 1
3065; 3065H; >; 6; 26; 1; 42; 42; 1
3065; 3065H; >; 7; 25; 1; 44; 44; 1
3065; 3065H; >; 8; 24; 1; 46; 46; 1
3065; 3065H; >; 9; 23; 1; 48; 48; 1
3065; 3065H; >; 10; 22; 1; 50; 50; 1
3065; 3065H; >; 11; 1; 1; 52; 52; 1
3065; 3065H; >; 12; 102; 1; 54; 54; 1
3065; 3065H; >; 13; 103; 1; 56; 56; 1
3065; 3065H; >; 14; 104; 1; 58; 58; 1
3065; 3065H; >; 15; 105; 1; 0; 0; 1
3065; 3065H; >; 16; 106; 1; 2; 2; 1
3065; 3065H; >; 17; 107; 1; 4; 4; 1
3065; 3065H; >; 18; 108; 1; 6; 6; 1
3065; 3065H; >; 19; 109; 1; 8; 8; 1
3065; 3065H; >; 20; 110; 1; 10; 10; 1
3065; 3065H; >; 21; 111; 1; 12; 12; 1
3065; 3065R; <; 1; 111; 1; 32; 32; 1
3065; 3065R; <; 2; 110; 1; 34; 34; 1
3065; 3065R; <; 3; 109; 1; 36; 36; 1
3065; 3065R; <; 4; 108; 1; 38; 38; 1
3065; 3065R; <; 5; 107; 1; 40; 40; 1
3065; 3065R; <; 6; 106; 1; 42; 42; 1
3065; 3065R; <; 7; 105; 1; 44; 44; 1
3065; 3065R; <; 8; 104; 1; 46; 46; 1
3065; 3065R; <; 9; 103; 1; 48; 48; 1
3065; 3065R; <; 10; 102; 1; 50; 50; 1
3065; 3065R; <; 11; 1; 1; 52; 52; 1
3065; 3065R; <; 12; 22; 1; 54; 54; 1
3065; 3065R; <; 13; 23; 1; 56; 56; 1
3065; 3065R; <; 14; 24; 1; 58; 58; 1
3065; 3065R; <; 15; 25; 1; 0; 0; 1
3065; 3065R; <; 16; 26; 1; 2; 2; 1
3065; 3065R; <; 17; 27; 1; 4; 4; 1
3065; 3065R; <; 18; 28; 1; 6; 6; 1
3065; 3065R; <; 19; 29; 1; 8; 8; 1
3065; 3065R; <; 20; 30; 1; 10; 10; 1
3065; 3065R; <; 21; 31; 1; 12; 12; 1
