#line-id;line-code;direction;edge-order;edge-id;frequency;departure_time;arrival_time
1;1H;<;1;1;3;0;6
1;1H;<;2;2;3;6;12
1;1H;<;3;29;3;12;18
1;1H;<;4;30;3;18;24
1;1H;<;5;31;3;24;30
1;1H;<;6;32;3;30;36
1;1H;<;7;19;3;36;42
1;1H;<;8;20;3;42;48
1;1R;>;1;20;3;9;15
1;1R;>;2;19;3;15;21
1;1R;>;3;32;3;21;27
1;1R;>;4;31;3;27;35
1;1R;>;5;30;3;35;41
1;1R;>;6;29;3;41;47
1;1R;>;7;2;3;47;53
1;1R;>;8;1;3;53;59
2;2H;<;1;5;3;6;12
2;2H;<;2;6;3;12;18
2;2H;<;3;30;3;18;24
2;2H;<;4;31;3;24;30
2;2H;<;5;15;3;30;36
2;2H;<;6;16;3;36;42
2;2R;>;1;16;3;8;14
2;2R;>;2;15;3;14;20
2;2R;>;3;31;3;20;26
2;2R;>;4;30;3;26;32
2;2R;>;5;6;3;32;38
2;2R;>;6;5;3;38;44
3;3H;<;1;9;3;9;15
3;3H;<;2;10;3;15;21
3;3H;<;3;11;3;21;27
3;3H;<;4;12;3;27;33
3;3R;>;1;12;3;9;15
3;3R;>;2;11;3;15;21
3;3R;>;3;10;3;21;27
3;3R;>;4;9;3;27;33
4;4H;<;1;13;3;0;6
4;4H;<;2;14;3;6;12
4;4H;<;3;31;3;12;18
4;4H;<;4;30;3;18;24
4;4H;<;5;7;3;24;30
4;4H;<;6;8;3;30;36
4;4R;>;1;8;3;0;6
4;4R;>;2;7;3;6;12
4;4R;>;3;30;3;12;18
4;4R;>;4;31;3;18;24
4;4R;>;5;14;3;24;30
4;4R;>;6;13;3;30;36
5;5H;<;1;17;2;9;15
5;5H;<;2;18;2;15;21
5;5H;<;3;32;2;21;27
5;5H;<;4;31;2;27;33
5;5H;<;5;30;2;33;39
5;5H;<;6;29;2;39;45
5;5H;<;7;3;2;45;51
5;5H;<;8;4;2;51;57
5;5R;>;1;4;2;27;33
5;5R;>;2;3;2;33;39
5;5R;>;3;29;2;39;45
5;5R;>;4;30;2;45;51
5;5R;>;5;31;2;51;57
5;5R;>;6;32;2;57;3
5;5R;>;7;18;2;3;9
5;5R;>;8;17;2;9;15
6;6H;<;1;1;2;21;27
6;6H;<;2;2;2;27;33
6;6H;<;3;29;2;33;39
6;6H;<;4;30;2;39;47
6;6R;>;1;30;2;16;22
6;6R;>;2;29;2;22;28
6;6R;>;3;2;2;28;34
6;6R;>;4;1;2;37;43
