#timetable found by modulo network simplex algorithm
#Wed Dec 14 17:11:59 2016
1; 0
2; 6
3; 6
4; 12
5; 12
6; 18
7; 18
8; 24
9; 24
10; 30
11; 30
12; 36
13; 36
14; 42
15; 42
16; 48
17; 20
18; 26
19; 26
20; 32
21; 32
22; 38
23; 38
24; 44
25; 44
26; 50
27; 50
28; 56
29; 56
30; 2
31; 2
32; 8
33; 40
34; 46
35; 46
36; 52
37; 52
38; 58
39; 58
40; 4
41; 4
42; 10
43; 10
44; 16
45; 16
46; 22
47; 22
48; 28
49; 9
50; 15
51; 15
52; 21
53; 21
54; 27
55; 27
56; 35
57; 35
58; 41
59; 41
60; 47
61; 47
62; 53
63; 53
64; 59
65; 29
66; 35
67; 35
68; 41
69; 41
70; 47
71; 47
72; 53
73; 55
74; 1
75; 1
76; 7
77; 7
78; 13
79; 13
80; 19
81; 49
82; 55
83; 55
84; 1
85; 1
86; 7
87; 7
88; 13
89; 15
90; 21
91; 21
92; 27
93; 27
94; 33
95; 33
96; 39
97; 46
98; 52
99; 52
100; 58
101; 58
102; 4
103; 4
104; 10
105; 10
106; 16
107; 16
108; 22
109; 6
110; 12
111; 12
112; 18
113; 18
114; 24
115; 24
116; 30
117; 30
118; 36
119; 36
120; 42
121; 26
122; 32
123; 32
124; 38
125; 38
126; 44
127; 44
128; 50
129; 50
130; 56
131; 56
132; 2
133; 8
134; 14
135; 14
136; 20
137; 20
138; 26
139; 26
140; 32
141; 32
142; 38
143; 38
144; 44
145; 28
146; 34
147; 34
148; 40
149; 40
150; 46
151; 46
152; 52
153; 52
154; 58
155; 58
156; 4
157; 48
158; 54
159; 54
160; 0
161; 0
162; 6
163; 6
164; 12
165; 12
166; 18
167; 18
168; 24
169; 9
170; 15
171; 15
172; 21
173; 21
174; 27
175; 27
176; 33
177; 29
178; 35
179; 35
180; 41
181; 41
182; 47
183; 47
184; 53
185; 49
186; 55
187; 55
188; 1
189; 1
190; 7
191; 7
192; 13
193; 9
194; 15
195; 15
196; 21
197; 21
198; 27
199; 27
200; 33
201; 29
202; 35
203; 35
204; 41
205; 41
206; 47
207; 47
208; 53
209; 49
210; 55
211; 55
212; 1
213; 1
214; 7
215; 7
216; 13
217; 20
218; 26
219; 26
220; 32
221; 32
222; 38
223; 38
224; 44
225; 44
226; 50
227; 50
228; 56
229; 40
230; 46
231; 46
232; 52
233; 52
234; 58
235; 58
236; 4
237; 4
238; 10
239; 10
240; 16
241; 60
242; 6
243; 6
244; 12
245; 12
246; 18
247; 18
248; 24
249; 24
250; 30
251; 30
252; 36
253; 0
254; 6
255; 6
256; 12
257; 12
258; 18
259; 18
260; 24
261; 24
262; 30
263; 30
264; 36
265; 20
266; 26
267; 26
268; 32
269; 32
270; 38
271; 38
272; 44
273; 44
274; 50
275; 50
276; 56
277; 40
278; 46
279; 46
280; 52
281; 52
282; 58
283; 58
284; 4
285; 4
286; 10
287; 10
288; 16
289; 9
290; 15
291; 15
292; 21
293; 21
294; 27
295; 27
296; 33
297; 33
298; 39
299; 39
300; 45
301; 45
302; 51
303; 51
304; 57
305; 39
306; 45
307; 45
308; 51
309; 51
310; 57
311; 57
312; 3
313; 3
314; 9
315; 9
316; 15
317; 15
318; 21
319; 21
320; 27
321; 57
322; 3
323; 3
324; 9
325; 9
326; 15
327; 15
328; 21
329; 21
330; 27
331; 27
332; 33
333; 33
334; 39
335; 39
336; 45
337; 27
338; 33
339; 33
340; 39
341; 39
342; 45
343; 45
344; 51
345; 51
346; 57
347; 57
348; 3
349; 3
350; 9
351; 9
352; 15
353; 21
354; 27
355; 27
356; 33
357; 33
358; 39
359; 39
360; 47
361; 51
362; 57
363; 57
364; 3
365; 3
366; 9
367; 9
368; 15
369; 16
370; 22
371; 22
372; 28
373; 28
374; 34
375; 37
376; 43
377; 46
378; 52
379; 52
380; 58
381; 58
382; 4
383; 7
384; 15
