#event-id; time
1; 0
2; 6
3; 6
4; 11
5; 11
6; 16
7; 16
8; 32
9; 32
10; 39
11; 39
12; 43
13; 20
14; 26
15; 26
16; 31
17; 31
18; 36
19; 36
20; 52
21; 52
22; 59
23; 59
24; 3
25; 40
26; 46
27; 46
28; 51
29; 51
30; 56
31; 56
32; 12
33; 12
34; 19
35; 19
36; 23
37; 0
38; 4
39; 4
40; 11
41; 11
42; 27
43; 27
44; 32
45; 32
46; 37
47; 37
48; 43
49; 20
50; 24
51; 24
52; 31
53; 31
54; 47
55; 47
56; 52
57; 52
58; 57
59; 57
60; 3
61; 40
62; 44
63; 44
64; 51
65; 51
66; 7
67; 7
68; 12
69; 12
70; 17
71; 17
72; 23
73; 0
74; 4
75; 4
76; 8
77; 8
78; 14
79; 14
80; 18
81; 18
82; 35
83; 35
84; 41
85; 0
86; 6
87; 6
88; 23
89; 23
90; 27
91; 27
92; 33
93; 33
94; 37
95; 37
96; 41
97; 32
98; 36
99; 36
100; 43
101; 43
102; 48
103; 48
104; 56
105; 56
106; 0
107; 0
108; 5
109; 40
110; 44
111; 44
112; 51
113; 51
114; 56
115; 56
116; 4
117; 4
118; 8
119; 8
120; 13
121; 49
122; 53
123; 53
124; 0
125; 0
126; 5
127; 5
128; 13
129; 13
130; 17
131; 17
132; 22
133; 57
134; 1
135; 1
136; 8
137; 8
138; 13
139; 13
140; 21
141; 21
142; 25
143; 25
144; 30
145; 6
146; 10
147; 10
148; 17
149; 17
150; 22
151; 22
152; 30
153; 30
154; 34
155; 34
156; 39
157; 14
158; 18
159; 18
160; 25
161; 25
162; 30
163; 30
164; 38
165; 38
166; 42
167; 42
168; 47
169; 23
170; 27
171; 27
172; 34
173; 34
174; 39
175; 39
176; 47
177; 47
178; 51
179; 51
180; 56
181; 32
182; 37
183; 37
184; 41
185; 41
186; 49
187; 49
188; 54
189; 54
190; 1
191; 1
192; 5
193; 40
194; 45
195; 45
196; 49
197; 49
198; 57
199; 57
200; 2
201; 2
202; 9
203; 9
204; 13
205; 49
206; 54
207; 54
208; 58
209; 58
210; 6
211; 6
212; 11
213; 11
214; 18
215; 18
216; 22
217; 57
218; 2
219; 2
220; 6
221; 6
222; 14
223; 14
224; 19
225; 19
226; 26
227; 26
228; 30
229; 6
230; 11
231; 11
232; 15
233; 15
234; 23
235; 23
236; 28
237; 28
238; 35
239; 35
240; 39
241; 14
242; 19
243; 19
244; 23
245; 23
246; 31
247; 31
248; 36
249; 36
250; 43
251; 43
252; 47
253; 23
254; 28
255; 28
256; 32
257; 32
258; 40
259; 40
260; 45
261; 45
262; 52
263; 52
264; 56
265; 10
266; 14
267; 14
268; 21
269; 21
270; 26
271; 26
272; 31
273; 31
274; 38
275; 38
276; 42
277; 18
278; 22
279; 22
280; 29
281; 29
282; 34
283; 34
284; 39
285; 39
286; 46
287; 46
288; 50
289; 27
290; 31
291; 31
292; 38
293; 38
294; 43
295; 43
296; 48
297; 48
298; 55
299; 55
300; 59
301; 35
302; 39
303; 39
304; 46
305; 46
306; 51
307; 51
308; 56
309; 56
310; 3
311; 3
312; 7
313; 44
314; 48
315; 48
316; 55
317; 55
318; 0
319; 0
320; 5
321; 5
322; 12
323; 12
324; 16
325; 52
326; 56
327; 56
328; 3
329; 3
330; 8
331; 8
332; 13
333; 13
334; 20
335; 20
336; 24
337; 1
338; 5
339; 5
340; 12
341; 12
342; 17
343; 17
344; 22
345; 22
346; 29
347; 29
348; 33
349; 10
350; 14
351; 14
352; 21
353; 21
354; 26
355; 26
356; 31
357; 31
358; 38
359; 38
360; 42
361; 18
362; 22
363; 22
364; 29
365; 29
366; 34
367; 34
368; 39
369; 39
370; 46
371; 46
372; 50
373; 27
374; 31
375; 31
376; 38
377; 38
378; 43
379; 43
380; 48
381; 48
382; 55
383; 55
384; 59
385; 35
386; 39
387; 39
388; 46
389; 46
390; 51
391; 51
392; 56
393; 56
394; 3
395; 3
396; 7
397; 44
398; 48
399; 48
400; 55
401; 55
402; 0
403; 0
404; 5
405; 5
406; 12
407; 12
408; 16
409; 52
410; 56
411; 56
412; 3
413; 3
414; 8
415; 8
416; 13
417; 13
418; 20
419; 20
420; 24
421; 1
422; 5
423; 5
424; 12
425; 12
426; 17
427; 17
428; 22
429; 22
430; 29
431; 29
432; 33
433; 0
434; 16
435; 16
436; 20
437; 20
438; 24
439; 24
440; 30
441; 30
442; 34
443; 34
444; 51
445; 0
446; 17
447; 17
448; 21
449; 21
450; 27
451; 27
452; 31
453; 31
454; 35
455; 35
456; 51
457; 0
458; 5
459; 5
460; 10
461; 10
462; 26
463; 26
464; 31
465; 31
466; 38
467; 0
468; 7
469; 7
470; 12
471; 12
472; 28
473; 28
474; 33
475; 33
476; 38
477; 0
478; 5
479; 5
480; 13
481; 13
482; 19
483; 19
484; 23
485; 23
486; 29
487; 30
488; 36
489; 36
490; 40
491; 40
492; 46
493; 46
494; 54
495; 54
496; 59
497; 0
498; 4
499; 4
500; 12
501; 12
502; 16
503; 16
504; 21
505; 21
506; 26
507; 30
508; 35
509; 35
510; 40
511; 40
512; 44
513; 44
514; 52
515; 52
516; 56
517; 0
518; 4
519; 4
520; 10
521; 10
522; 27
523; 27
524; 33
525; 33
526; 38
527; 0
528; 5
529; 5
530; 11
531; 11
532; 28
533; 28
534; 34
535; 34
536; 38
537; 0
538; 4
539; 4
540; 10
541; 10
542; 15
543; 15
544; 23
545; 23
546; 27
547; 30
548; 34
549; 34
550; 40
551; 40
552; 45
553; 45
554; 53
555; 53
556; 57
557; 30
558; 34
559; 34
560; 42
561; 42
562; 47
563; 47
564; 53
565; 53
566; 57
567; 0
568; 4
569; 4
570; 12
571; 12
572; 17
573; 17
574; 23
575; 23
576; 27
577; 0
578; 4
579; 4
580; 10
581; 10
582; 15
583; 15
584; 20
585; 20
586; 36
587; 0
588; 16
589; 16
590; 21
591; 21
592; 26
593; 26
594; 32
595; 32
596; 36
597; 0
598; 4
599; 4
600; 21
601; 21
602; 29
603; 29
604; 34
605; 34
606; 38
607; 0
608; 4
609; 4
610; 9
611; 9
612; 17
613; 17
614; 34
615; 34
616; 38
617; 0
618; 4
619; 4
620; 21
621; 21
622; 27
623; 27
624; 32
625; 32
626; 37
627; 0
628; 5
629; 5
630; 10
631; 10
632; 16
633; 16
634; 33
635; 33
636; 37
637; 0
638; 7
639; 7
640; 12
641; 12
642; 20
643; 20
644; 24
645; 24
646; 29
647; 30
648; 35
649; 35
650; 39
651; 39
652; 47
653; 47
654; 52
655; 52
656; 59
657; 0
658; 5
659; 5
660; 12
661; 12
662; 17
663; 17
664; 23
665; 23
666; 29
667; 30
668; 36
669; 36
670; 42
671; 42
672; 47
673; 47
674; 54
675; 54
676; 59
677; 0
678; 5
679; 5
680; 12
681; 12
682; 17
683; 17
684; 25
685; 25
686; 29
687; 30
688; 34
689; 34
690; 42
691; 42
692; 47
693; 47
694; 54
695; 54
696; 59
697; 0
698; 5
699; 5
700; 12
701; 12
702; 17
703; 17
704; 25
705; 25
706; 31
707; 0
708; 6
709; 6
710; 14
711; 14
712; 19
713; 19
714; 26
715; 26
716; 31
717; 0
718; 5
719; 5
720; 10
721; 10
722; 14
723; 14
724; 20
725; 20
726; 26
727; 30
728; 36
729; 36
730; 42
731; 42
732; 46
733; 46
734; 51
735; 51
736; 56
737; 0
738; 4
739; 4
740; 8
741; 8
742; 12
743; 12
744; 16
745; 16
746; 20
747; 30
748; 34
749; 34
750; 38
751; 38
752; 42
753; 42
754; 46
755; 46
756; 50
757; 30
758; 34
759; 34
760; 38
761; 38
762; 42
763; 42
764; 46
765; 46
766; 50
767; 0
768; 4
769; 4
770; 8
771; 8
772; 12
773; 12
774; 16
775; 16
776; 20
777; 17
778; 21
779; 21
780; 25
781; 25
782; 31
783; 31
784; 35
785; 35
786; 43
787; 37
788; 41
789; 41
790; 45
791; 45
792; 51
793; 51
794; 55
795; 55
796; 3
797; 57
798; 1
799; 1
800; 5
801; 5
802; 11
803; 11
804; 15
805; 15
806; 23
807; 47
808; 55
809; 55
810; 59
811; 59
812; 5
813; 5
814; 9
815; 9
816; 13
817; 7
818; 15
819; 15
820; 19
821; 19
822; 25
823; 25
824; 29
825; 29
826; 33
827; 27
828; 35
829; 35
830; 39
831; 39
832; 45
833; 45
834; 49
835; 49
836; 53
837; 0
838; 4
839; 4
840; 11
841; 11
842; 16
843; 16
844; 24
845; 24
846; 29
847; 30
848; 35
849; 35
850; 43
851; 43
852; 48
853; 48
854; 55
855; 55
856; 59
857; 38
858; 42
859; 42
860; 50
861; 50
862; 56
863; 56
864; 1
865; 8
866; 12
867; 12
868; 20
869; 20
870; 26
871; 26
872; 31
873; 8
874; 13
875; 13
876; 19
877; 19
878; 27
879; 27
880; 31
881; 38
882; 43
883; 43
884; 49
885; 49
886; 57
887; 57
888; 1
889; 56
890; 0
891; 0
892; 6
893; 6
894; 10
895; 10
896; 15
897; 16
898; 20
899; 20
900; 26
901; 26
902; 30
903; 30
904; 35
905; 36
906; 40
907; 40
908; 46
909; 46
910; 50
911; 50
912; 55
913; 26
914; 31
915; 31
916; 35
917; 35
918; 41
919; 41
920; 45
921; 46
922; 51
923; 51
924; 55
925; 55
926; 1
927; 1
928; 5
929; 6
930; 11
931; 11
932; 15
933; 15
934; 21
935; 21
936; 25
937; 0
938; 5
939; 5
940; 13
941; 13
942; 19
943; 19
944; 25
945; 30
946; 36
947; 36
948; 42
949; 42
950; 50
951; 50
952; 55
953; 0
954; 5
955; 5
956; 10
957; 10
958; 16
959; 16
960; 24
961; 30
962; 38
963; 38
964; 44
965; 44
966; 49
967; 49
968; 54
969; 0
970; 4
971; 4
972; 12
973; 12
974; 16
975; 16
976; 21
977; 30
978; 35
979; 35
980; 39
981; 39
982; 47
983; 47
984; 51
985; 0
986; 4
987; 4
988; 12
989; 12
990; 16
991; 16
992; 24
993; 30
994; 38
995; 38
996; 42
997; 42
998; 50
999; 50
1000; 54
1001; 0
1002; 4
1003; 4
1004; 9
1005; 9
1006; 14
1007; 14
1008; 30
1009; 30
1010; 46
1011; 46
1012; 51
1013; 51
1014; 56
1015; 56
1016; 0
1017; 0
1018; 4
1019; 4
1020; 10
1021; 10
1022; 18
1023; 18
1024; 22
1025; 30
1026; 34
1027; 34
1028; 42
1029; 42
1030; 48
1031; 48
1032; 52
1033; 0
1034; 6
1035; 6
1036; 12
1037; 12
1038; 16
1039; 16
1040; 24
1041; 30
1042; 38
1043; 38
1044; 42
1045; 42
1046; 48
1047; 48
1048; 54
1049; 0
1050; 6
1051; 6
1052; 10
1053; 10
1054; 16
1055; 16
1056; 20
1057; 30
1058; 34
1059; 34
1060; 40
1061; 40
1062; 44
1063; 44
1064; 50
1065; 0
1066; 5
1067; 5
1068; 12
1069; 12
1070; 20
1071; 20
1072; 24
1073; 30
1074; 34
1075; 34
1076; 42
1077; 42
1078; 49
1079; 49
1080; 54
1081; 0
1082; 5
1083; 5
1084; 12
1085; 12
1086; 17
1087; 17
1088; 24
1089; 30
1090; 35
1091; 35
1092; 42
1093; 42
1094; 47
1095; 47
1096; 54
1097; 30
1098; 37
1099; 37
1100; 42
1101; 42
1102; 49
1103; 49
1104; 54
1105; 0
1106; 7
1107; 7
1108; 12
1109; 12
1110; 19
1111; 19
1112; 24
1113; 6
1114; 22
1115; 22
1116; 26
1117; 26
1118; 30
1119; 30
1120; 34
1121; 36
1122; 52
1123; 52
1124; 56
1125; 56
1126; 0
1127; 0
1128; 4
1129; 36
1130; 40
1131; 40
1132; 44
1133; 44
1134; 48
1135; 48
1136; 4
1137; 6
1138; 10
1139; 10
1140; 14
1141; 14
1142; 18
1143; 18
1144; 34
1145; 0
1146; 5
1147; 5
1148; 11
1149; 11
1150; 15
1151; 30
1152; 34
1153; 34
1154; 40
1155; 40
1156; 45
1157; 0
1158; 8
1159; 8
1160; 13
1161; 13
1162; 19
1163; 30
1164; 36
1165; 36
1166; 41
1167; 41
1168; 49
1169; 0
1170; 4
1171; 4
1172; 11
1173; 11
1174; 15
1175; 30
1176; 34
1177; 34
1178; 41
1179; 41
1180; 45
1181; 0
1182; 4
1183; 4
1184; 21
1185; 21
1186; 29
1187; 30
1188; 38
1189; 38
1190; 55
1191; 55
1192; 59
1193; 0
1194; 6
1195; 6
1196; 10
1197; 10
1198; 14
1199; 30
1200; 36
1201; 36
1202; 40
1203; 40
1204; 44
1205; 30
1206; 34
1207; 34
1208; 38
1209; 38
1210; 44
1211; 0
1212; 4
1213; 4
1214; 8
1215; 8
1216; 14
1217; 0
1218; 4
1219; 4
1220; 8
1221; 8
1222; 15
1223; 30
1224; 37
1225; 37
1226; 41
1227; 41
1228; 45
1229; 0
1230; 4
1231; 4
1232; 8
1233; 8
1234; 14
1235; 30
1236; 36
1237; 36
1238; 40
1239; 40
1240; 44
1241; 0
1242; 5
1243; 5
1244; 11
1245; 11
1246; 15
1247; 30
1248; 34
1249; 34
1250; 40
1251; 40
1252; 45
1253; 0
1254; 8
1255; 8
1256; 16
1257; 20
1258; 28
1259; 28
1260; 36
1261; 40
1262; 48
1263; 48
1264; 56
1265; 30
1266; 38
1267; 38
1268; 46
1269; 50
1270; 58
1271; 58
1272; 6
1273; 10
1274; 18
1275; 18
1276; 26
1277; 0
1278; 6
1279; 6
1280; 11
1281; 11
1282; 15
1283; 15
1284; 20
1285; 20
1286; 24
1287; 24
1288; 29
1289; 29
1290; 34
1291; 0
1292; 5
1293; 5
1294; 10
1295; 10
1296; 14
1297; 14
1298; 19
1299; 19
1300; 23
1301; 23
1302; 28
1303; 28
1304; 34
1305; 0
1306; 8
1307; 8
1308; 13
1309; 13
1310; 21
1311; 21
1312; 25
1313; 25
1314; 30
1315; 30
1316; 35
1317; 35
1318; 40
1319; 0
1320; 5
1321; 5
1322; 10
1323; 10
1324; 15
1325; 15
1326; 19
1327; 19
1328; 27
1329; 27
1330; 32
1331; 32
1332; 40
1333; 0
1334; 6
1335; 6
1336; 10
1337; 10
1338; 14
1339; 14
1340; 30
1341; 30
1342; 34
1343; 34
1344; 39
1345; 39
1346; 44
1347; 0
1348; 5
1349; 5
1350; 10
1351; 10
1352; 14
1353; 14
1354; 30
1355; 30
1356; 34
1357; 34
1358; 38
1359; 38
1360; 44
1361; 0
1362; 6
1363; 6
1364; 11
1365; 11
1366; 15
1367; 15
1368; 23
1369; 23
1370; 28
1371; 28
1372; 33
1373; 0
1374; 5
1375; 5
1376; 10
1377; 10
1378; 18
1379; 18
1380; 22
1381; 22
1382; 27
1383; 27
1384; 33
1385; 22
1386; 28
1387; 28
1388; 33
1389; 33
1390; 37
1391; 37
1392; 45
1393; 45
1394; 49
1395; 49
1396; 53
1397; 52
1398; 58
1399; 58
1400; 3
1401; 3
1402; 7
1403; 7
1404; 15
1405; 15
1406; 19
1407; 19
1408; 23
1409; 22
1410; 26
1411; 26
1412; 30
1413; 30
1414; 38
1415; 38
1416; 42
1417; 42
1418; 47
1419; 47
1420; 53
1421; 52
1422; 56
1423; 56
1424; 0
1425; 0
1426; 8
1427; 8
1428; 12
1429; 12
1430; 17
1431; 17
1432; 23
1433; 0
1434; 5
1435; 5
1436; 9
1437; 9
1438; 14
1439; 14
1440; 19
1441; 19
1442; 24
1443; 24
1444; 29
1445; 30
1446; 35
1447; 35
1448; 39
1449; 39
1450; 44
1451; 44
1452; 49
1453; 49
1454; 54
1455; 54
1456; 59
1457; 30
1458; 35
1459; 35
1460; 40
1461; 40
1462; 45
1463; 45
1464; 50
1465; 50
1466; 54
1467; 54
1468; 59
1469; 0
1470; 5
1471; 5
1472; 10
1473; 10
1474; 15
1475; 15
1476; 20
1477; 20
1478; 24
1479; 24
1480; 29
1481; 0
1482; 4
1483; 4
1484; 10
1485; 10
1486; 14
1487; 14
1488; 20
1489; 20
1490; 25
1491; 25
1492; 30
1493; 20
1494; 24
1495; 24
1496; 30
1497; 30
1498; 34
1499; 34
1500; 40
1501; 40
1502; 45
1503; 45
1504; 50
1505; 40
1506; 44
1507; 44
1508; 50
1509; 50
1510; 54
1511; 54
1512; 0
1513; 0
1514; 5
1515; 5
1516; 10
1517; 30
1518; 35
1519; 35
1520; 40
1521; 40
1522; 46
1523; 46
1524; 50
1525; 50
1526; 56
1527; 56
1528; 0
1529; 50
1530; 55
1531; 55
1532; 0
1533; 0
1534; 6
1535; 6
1536; 10
1537; 10
1538; 16
1539; 16
1540; 20
1541; 10
1542; 15
1543; 15
1544; 20
1545; 20
1546; 26
1547; 26
1548; 30
1549; 30
1550; 36
1551; 36
1552; 40
1553; 0
1554; 6
1555; 6
1556; 11
1557; 11
1558; 16
1559; 16
1560; 21
1561; 21
1562; 26
1563; 30
1564; 35
1565; 35
1566; 40
1567; 40
1568; 45
1569; 45
1570; 50
1571; 50
1572; 56
1573; 0
1574; 6
1575; 6
1576; 23
1577; 23
1578; 29
1579; 29
1580; 33
1581; 33
1582; 39
1583; 0
1584; 6
1585; 6
1586; 10
1587; 10
1588; 16
1589; 16
1590; 33
1591; 33
1592; 39
1593; 0
1594; 4
1595; 4
1596; 8
1597; 8
1598; 12
1599; 12
1600; 18
1601; 18
1602; 22
1603; 30
1604; 34
1605; 34
1606; 40
1607; 40
1608; 44
1609; 44
1610; 48
1611; 48
1612; 52
1613; 0
1614; 5
1615; 5
1616; 21
1617; 21
1618; 28
1619; 28
1620; 33
1621; 33
1622; 38
1623; 0
1624; 5
1625; 5
1626; 10
1627; 10
1628; 17
1629; 17
1630; 33
1631; 33
1632; 38
1633; 0
1634; 4
1635; 4
1636; 12
1637; 12
1638; 19
1639; 19
1640; 24
1641; 30
1642; 34
1643; 34
1644; 42
1645; 42
1646; 49
1647; 49
1648; 54
1649; 30
1650; 35
1651; 35
1652; 42
1653; 42
1654; 50
1655; 50
1656; 54
1657; 0
1658; 5
1659; 5
1660; 12
1661; 12
1662; 20
1663; 20
1664; 24
1665; 0
1666; 8
1667; 8
1668; 13
1669; 13
1670; 17
1671; 17
1672; 21
1673; 30
1674; 38
1675; 38
1676; 43
1677; 43
1678; 47
1679; 47
1680; 51
1681; 30
1682; 34
1683; 34
1684; 38
1685; 38
1686; 43
1687; 43
1688; 51
1689; 0
1690; 4
1691; 4
1692; 8
1693; 8
1694; 13
1695; 13
1696; 21
1697; 28
1698; 36
1699; 36
1700; 43
1701; 43
1702; 48
1703; 48
1704; 52
1705; 48
1706; 56
1707; 56
1708; 3
1709; 3
1710; 8
1711; 8
1712; 12
1713; 8
1714; 16
1715; 16
1716; 23
1717; 23
1718; 28
1719; 28
1720; 32
1721; 58
1722; 2
1723; 2
1724; 7
1725; 7
1726; 14
1727; 14
1728; 22
1729; 18
1730; 22
1731; 22
1732; 27
1733; 27
1734; 34
1735; 34
1736; 42
1737; 38
1738; 42
1739; 42
1740; 47
1741; 47
1742; 54
1743; 54
1744; 2
1745; 0
1746; 5
1747; 5
1748; 10
1749; 30
1750; 35
1751; 35
1752; 40
1753; 30
1754; 35
1755; 35
1756; 40
1757; 0
1758; 5
1759; 5
1760; 10
1761; 0
1762; 4
1763; 4
1764; 8
1765; 30
1766; 34
1767; 34
1768; 38
1769; 0
1770; 5
1771; 5
1772; 10
1773; 10
1774; 16
1775; 30
1776; 36
1777; 36
1778; 41
1779; 41
1780; 46
1781; 0
1782; 5
1783; 5
1784; 10
1785; 10
1786; 16
1787; 16
1788; 22
1789; 20
1790; 25
1791; 25
1792; 30
1793; 30
1794; 36
1795; 36
1796; 42
1797; 40
1798; 45
1799; 45
1800; 50
1801; 50
1802; 56
1803; 56
1804; 2
1805; 30
1806; 36
1807; 36
1808; 42
1809; 42
1810; 47
1811; 47
1812; 52
1813; 50
1814; 56
1815; 56
1816; 2
1817; 2
1818; 7
1819; 7
1820; 12
1821; 10
1822; 16
1823; 16
1824; 22
1825; 22
1826; 27
1827; 27
1828; 32
1829; 0
1830; 6
1831; 6
1832; 12
1833; 30
1834; 36
1835; 36
1836; 42
1837; 0
1838; 4
1839; 4
1840; 11
1841; 11
1842; 27
1843; 30
1844; 46
1845; 46
1846; 53
1847; 53
1848; 57
1849; 0
1850; 7
1851; 7
1852; 15
1853; 15
1854; 19
1855; 19
1856; 24
1857; 30
1858; 35
1859; 35
1860; 39
1861; 39
1862; 47
1863; 47
1864; 54
1865; 0
1866; 4
1867; 4
1868; 8
1869; 8
1870; 12
1871; 12
1872; 16
1873; 16
1874; 20
1875; 20
1876; 28
1877; 30
1878; 38
1879; 38
1880; 42
1881; 42
1882; 46
1883; 46
1884; 50
1885; 50
1886; 54
1887; 54
1888; 58
