#timetable found by modulo network simplex algorithm
#Thu Jan  5 13:57:03 2017
1; 0
2; 6
3; 6
4; 12
5; 12
6; 18
7; 19
8; 25
9; 25
10; 31
11; 31
12; 37
13; 37
14; 43
15; 43
16; 49
17; 49
18; 55
19; 55
20; 1
21; 1
22; 7
23; 35
24; 41
25; 41
26; 47
27; 47
28; 53
29; 53
30; 59
31; 59
32; 5
33; 5
34; 11
35; 11
36; 17
37; 17
38; 23
39; 23
40; 29
41; 29
42; 35
43; 35
44; 41
45; 26
46; 32
47; 32
48; 38
49; 38
50; 44
51; 44
52; 50
53; 50
54; 56
55; 56
56; 2
57; 2
58; 8
59; 8
60; 14
61; 14
62; 20
63; 20
64; 26
65; 46
66; 52
67; 52
68; 58
69; 58
70; 4
71; 4
72; 10
73; 10
74; 16
75; 16
76; 22
77; 22
78; 28
79; 28
80; 34
81; 34
82; 40
83; 40
84; 46
85; 6
86; 12
87; 12
88; 18
89; 18
90; 24
91; 24
92; 30
93; 30
94; 36
95; 36
96; 42
97; 42
98; 48
99; 48
100; 54
101; 54
102; 0
103; 0
104; 6
105; 8
106; 14
107; 14
108; 20
109; 20
110; 26
111; 26
112; 32
113; 32
114; 38
115; 38
116; 44
117; 44
118; 50
119; 50
120; 56
121; 56
122; 2
123; 2
124; 8
125; 28
126; 34
127; 34
128; 40
129; 40
130; 46
131; 46
132; 52
133; 52
134; 58
135; 58
136; 4
137; 4
138; 10
139; 10
140; 16
141; 16
142; 22
143; 22
144; 28
145; 48
146; 54
147; 54
148; 0
149; 0
150; 6
151; 6
152; 12
153; 12
154; 18
155; 18
156; 24
157; 24
158; 30
159; 30
160; 36
161; 36
162; 42
163; 42
164; 48
165; 13
166; 19
167; 19
168; 25
169; 25
170; 31
171; 31
172; 37
173; 37
174; 43
175; 43
176; 49
177; 49
178; 55
179; 55
180; 1
181; 1
182; 7
183; 7
184; 13
185; 9
186; 15
187; 15
188; 21
189; 21
190; 27
191; 27
192; 33
193; 33
194; 39
195; 39
196; 45
197; 45
198; 51
199; 51
200; 57
201; 57
202; 3
203; 3
204; 9
205; 0
206; 6
207; 6
208; 12
209; 12
210; 18
211; 18
212; 24
213; 24
214; 30
215; 30
216; 36
217; 36
218; 42
219; 59
220; 5
221; 5
222; 11
223; 11
224; 17
225; 17
226; 23
227; 23
228; 29
229; 29
230; 35
231; 35
232; 41
233; 38
234; 44
235; 44
236; 50
237; 50
238; 56
239; 56
240; 2
241; 2
242; 8
243; 8
244; 14
245; 14
246; 20
247; 24
248; 30
249; 30
250; 36
251; 36
252; 42
253; 42
254; 48
255; 48
256; 54
257; 54
258; 60
259; 60
260; 6
261; 38
262; 44
263; 44
264; 50
265; 50
266; 56
267; 56
268; 2
269; 2
270; 8
271; 8
272; 14
273; 14
274; 20
275; 8
276; 14
277; 14
278; 20
279; 20
280; 26
281; 26
282; 32
283; 32
284; 38
285; 38
286; 44
287; 44
288; 50
289; 54
290; 0
291; 0
292; 6
293; 6
294; 12
295; 12
296; 18
297; 18
298; 24
299; 24
300; 30
301; 30
302; 36
303; 24
304; 30
305; 30
306; 36
307; 36
308; 42
309; 42
310; 48
311; 48
312; 54
313; 54
314; 60
315; 60
316; 6
317; 12
318; 18
319; 18
320; 24
321; 24
322; 30
323; 30
324; 36
325; 36
326; 42
327; 28
328; 34
329; 34
330; 40
331; 40
332; 46
333; 46
334; 52
335; 52
336; 58
337; 15
338; 21
339; 21
340; 27
341; 27
342; 33
343; 33
344; 39
345; 39
346; 47
347; 35
348; 41
349; 41
350; 47
351; 47
352; 53
353; 53
354; 59
355; 59
356; 5
357; 55
358; 1
359; 1
360; 7
361; 7
362; 13
363; 13
364; 19
365; 19
366; 25
367; 49
368; 55
369; 55
370; 1
371; 1
372; 7
373; 7
374; 13
375; 13
376; 19
377; 9
378; 15
379; 15
380; 21
381; 21
382; 27
383; 27
384; 33
385; 33
386; 39
387; 29
388; 35
389; 35
390; 41
391; 41
392; 47
393; 47
394; 53
395; 53
396; 59
397; 47
398; 53
399; 53
400; 59
401; 59
402; 5
403; 5
404; 11
405; 11
406; 17
407; 17
408; 23
409; 23
410; 29
411; 29
412; 35
413; 35
414; 41
415; 41
416; 47
417; 37
418; 43
419; 43
420; 49
421; 49
422; 55
423; 55
424; 1
425; 1
426; 9
427; 7
428; 13
429; 13
430; 19
431; 19
432; 25
433; 25
434; 31
435; 31
436; 37
437; 41
438; 47
439; 47
440; 53
441; 53
442; 59
443; 59
444; 5
445; 11
446; 17
447; 17
448; 23
449; 23
450; 29
451; 29
452; 35
453; 39
454; 45
455; 45
456; 51
457; 51
458; 57
459; 57
460; 3
461; 9
462; 15
463; 15
464; 21
465; 21
466; 27
467; 27
468; 33
469; 37
470; 43
471; 52
472; 0
473; 7
474; 13
475; 22
476; 30
477; 12
478; 18
479; 27
480; 33
481; 42
482; 50
483; 57
484; 5
485; 59
486; 5
487; 59
488; 5
