#timetable found by modulo network simplex algorithm
#Thu Jan  5 14:03:28 2017
1; 0
2; 6
3; 6
4; 12
5; 12
6; 18
7; 18
8; 24
9; 12
10; 18
11; 18
12; 24
13; 24
14; 30
15; 30
16; 36
17; 24
18; 30
19; 30
20; 36
21; 36
22; 42
23; 42
24; 48
25; 36
26; 42
27; 42
28; 48
29; 48
30; 54
31; 54
32; 60
33; 48
34; 54
35; 54
36; 60
37; 60
38; 6
39; 6
40; 12
41; 48
42; 54
43; 54
44; 0
45; 0
46; 6
47; 6
48; 12
49; 0
50; 6
51; 6
52; 12
53; 12
54; 18
55; 18
56; 24
57; 12
58; 18
59; 18
60; 24
61; 24
62; 30
63; 30
64; 36
65; 24
66; 30
67; 30
68; 36
69; 36
70; 42
71; 42
72; 50
73; 36
74; 42
75; 42
76; 48
77; 48
78; 54
79; 54
80; 60
81; 38
82; 44
83; 44
84; 50
85; 50
86; 56
87; 56
88; 2
89; 58
90; 4
91; 4
92; 10
93; 10
94; 16
95; 16
96; 22
97; 18
98; 24
99; 24
100; 30
101; 30
102; 36
103; 36
104; 42
105; 58
106; 4
107; 4
108; 10
109; 10
110; 16
111; 16
112; 22
113; 18
114; 24
115; 24
116; 30
117; 30
118; 36
119; 36
120; 42
121; 38
122; 44
123; 44
124; 50
125; 50
126; 56
127; 56
128; 2
129; 42
130; 48
131; 48
132; 54
133; 54
134; 60
135; 60
136; 6
137; 52
138; 58
139; 58
140; 4
141; 4
142; 10
143; 10
144; 16
145; 2
146; 8
147; 8
148; 14
149; 14
150; 20
151; 20
152; 26
153; 12
154; 18
155; 18
156; 24
157; 24
158; 30
159; 30
160; 36
161; 22
162; 28
163; 28
164; 34
165; 34
166; 40
167; 40
168; 46
169; 32
170; 38
171; 38
172; 44
173; 44
174; 50
175; 50
176; 56
177; 44
178; 50
179; 50
180; 56
181; 56
182; 2
183; 2
184; 8
185; 54
186; 60
187; 60
188; 6
189; 6
190; 12
191; 12
192; 18
193; 4
194; 10
195; 10
196; 16
197; 16
198; 22
199; 22
200; 28
201; 14
202; 20
203; 20
204; 26
205; 26
206; 32
207; 32
208; 38
209; 24
210; 30
211; 30
212; 36
213; 36
214; 42
215; 42
216; 48
217; 34
218; 40
219; 40
220; 46
221; 46
222; 52
223; 52
224; 58
225; 4
226; 10
227; 10
228; 16
229; 16
230; 22
231; 22
232; 28
233; 24
234; 30
235; 30
236; 36
237; 36
238; 42
239; 42
240; 48
241; 44
242; 50
243; 50
244; 56
245; 56
246; 2
247; 2
248; 8
249; 2
250; 8
251; 8
252; 14
253; 14
254; 20
255; 20
256; 26
257; 22
258; 28
259; 28
260; 34
261; 34
262; 40
263; 40
264; 46
265; 42
266; 48
267; 48
268; 54
269; 54
270; 0
271; 0
272; 6
273; 36
274; 42
275; 42
276; 48
277; 48
278; 54
279; 54
280; 60
281; 56
282; 2
283; 2
284; 8
285; 8
286; 14
287; 14
288; 20
289; 16
290; 22
291; 22
292; 28
293; 28
294; 34
295; 34
296; 40
297; 4
298; 10
299; 10
300; 16
301; 16
302; 22
303; 22
304; 28
305; 24
306; 30
307; 30
308; 36
309; 36
310; 42
311; 42
312; 48
313; 44
314; 50
315; 50
316; 56
317; 56
318; 2
319; 2
320; 8
321; 33
322; 39
323; 39
324; 45
325; 45
326; 51
327; 51
328; 57
329; 33
330; 39
331; 39
332; 45
333; 45
334; 51
335; 51
336; 57
337; 13
338; 19
339; 19
340; 25
341; 25
342; 31
343; 33
344; 39
345; 33
346; 39
347; 39
348; 45
349; 45
350; 51
351; 53
352; 59
353; 53
354; 59
355; 59
356; 5
357; 5
358; 11
359; 13
360; 19
361; 11
362; 17
363; 17
364; 23
365; 23
366; 29
367; 29
368; 35
369; 31
370; 37
371; 37
372; 43
373; 43
374; 49
375; 49
376; 55
377; 51
378; 57
379; 57
380; 3
381; 3
382; 9
383; 9
384; 15
385; 59
386; 5
387; 5
388; 11
389; 11
390; 17
391; 17
392; 23
393; 6
394; 12
395; 12
396; 18
397; 18
398; 24
399; 24
400; 30
401; 13
402; 19
403; 19
404; 25
405; 25
406; 31
407; 31
408; 37
409; 20
410; 26
411; 26
412; 32
413; 32
414; 38
415; 38
416; 44
417; 27
418; 33
419; 33
420; 39
421; 39
422; 45
423; 45
424; 51
425; 34
426; 40
427; 40
428; 46
429; 46
430; 52
431; 52
432; 58
433; 41
434; 47
435; 47
436; 53
437; 53
438; 59
439; 59
440; 5
441; 48
442; 54
443; 54
444; 60
445; 60
446; 6
447; 6
448; 12
449; 4
450; 10
451; 10
452; 16
453; 18
454; 24
455; 24
456; 30
457; 11
458; 17
459; 17
460; 23
461; 25
462; 31
463; 31
464; 37
465; 18
466; 24
467; 24
468; 32
469; 32
470; 38
471; 38
472; 46
473; 25
474; 31
475; 31
476; 39
477; 39
478; 45
479; 45
480; 51
481; 32
482; 38
483; 38
484; 46
485; 46
486; 52
487; 52
488; 58
489; 39
490; 45
491; 45
492; 51
493; 53
494; 59
495; 59
496; 5
497; 46
498; 52
499; 52
500; 58
501; 0
502; 6
503; 6
504; 14
505; 53
506; 59
507; 59
508; 5
509; 7
510; 13
511; 13
512; 19
513; 21
514; 27
515; 27
516; 33
517; 33
518; 39
519; 39
520; 45
521; 41
522; 47
523; 47
524; 53
525; 53
526; 59
527; 59
528; 5
529; 1
530; 7
531; 7
532; 13
533; 13
534; 19
535; 19
536; 25
537; 53
538; 59
539; 59
540; 5
541; 5
542; 11
543; 11
544; 17
545; 13
546; 19
547; 19
548; 25
549; 25
550; 31
551; 31
552; 37
553; 33
554; 39
555; 39
556; 45
557; 45
558; 51
559; 51
560; 57
561; 33
562; 39
563; 39
564; 45
565; 45
566; 51
567; 51
568; 57
569; 30
570; 36
571; 39
572; 45
573; 45
574; 51
575; 51
576; 57
