#line-id;line-code;direction;edge-order;edge-id;frequency;departure_time;arrival_time
1;1H;>;1;1;5;0;6
1;1H;>;2;3;5;6;12
1;1H;>;3;5;5;12;18
1;1H;>;4;7;5;18;24
1;1R;<;1;7;5;0;6
1;1R;<;2;5;5;6;12
1;1R;<;3;3;5;12;18
1;1R;<;4;1;5;18;24
2;2H;>;1;10;3;18;24
2;2H;>;2;12;3;24;30
2;2H;>;3;14;3;30;36
2;2H;>;4;16;3;36;42
2;2R;<;1;16;3;18;24
2;2R;<;2;14;3;24;30
2;2R;<;3;12;3;30;36
2;2R;<;4;10;3;36;42
3;3H;>;1;19;6;2;8
3;3H;>;2;21;6;8;14
3;3H;>;3;23;6;14;20
3;3H;>;4;25;6;20;26
3;3R;<;1;25;6;4;10
3;3R;<;2;23;6;10;16
3;3R;<;3;21;6;16;22
3;3R;<;4;19;6;22;28
4;4H;>;1;28;3;4;10
4;4H;>;2;30;3;10;16
4;4H;>;3;32;3;16;22
4;4H;>;4;34;3;22;28
4;4R;<;1;34;3;2;8
4;4R;<;2;32;3;8;14
4;4R;<;3;30;3;14;20
4;4R;<;4;28;3;20;26
5;5H;>;1;37;3;16;22
5;5H;>;2;38;3;22;28
5;5H;>;3;39;3;28;34
5;5H;>;4;40;3;34;40
5;5R;<;1;40;3;4;10
5;5R;<;2;39;3;10;16
5;5R;<;3;38;3;16;22
5;5R;<;4;37;3;22;28
6;6H;>;1;2;1;33;39
6;6H;>;2;11;1;39;45
6;6H;>;3;20;1;45;51
6;6H;>;4;29;1;51;57
6;6R;<;1;29;1;33;39
6;6R;<;2;20;1;39;45
6;6R;<;3;11;1;45;51
6;6R;<;4;2;1;51;57
7;7H;>;1;4;3;13;19
7;7H;>;2;13;3;19;25
7;7H;>;3;22;3;25;31
7;7H;>;4;31;3;33;39
7;7R;<;1;31;3;11;17
7;7R;<;2;22;3;17;23
7;7R;<;3;13;3;23;29
7;7R;<;4;4;3;29;35
8;8H;>;1;6;8;3;9
8;8H;>;2;15;8;9;15
8;8H;>;3;24;8;15;21
8;8H;>;4;33;8;21;27
8;8R;<;1;33;8;4;10
8;8R;<;2;24;8;10;16
8;8R;<;3;15;8;18;24
8;8R;<;4;6;8;24;30
9;9H;>;1;8;3;1;7
9;9H;>;2;17;3;7;13
9;9H;>;3;26;3;13;19
9;9H;>;4;35;3;19;25
9;9R;<;1;35;3;13;19
9;9R;<;2;26;3;19;25
9;9R;<;3;17;3;25;31
9;9R;<;4;8;3;31;37
10;10H;>;1;9;1;33;39
10;10H;>;2;18;1;39;45
10;10H;>;3;27;1;45;51
10;10H;>;4;36;1;51;57
10;10R;<;1;36;1;30;36
10;10R;<;2;27;1;39;45
10;10R;<;3;18;1;45;51
10;10R;<;4;9;1;51;57
