# event_index; time
1; 0
2; 6
3; 6
4; 12
5; 12
6; 18
7; 18
8; 24
9; 24
10; 30
11; 18
12; 24
13; 24
14; 30
15; 30
16; 36
17; 36
18; 42
19; 42
20; 48
21; 33
22; 39
23; 42
24; 48
25; 51
26; 57
27; 57
28; 3
29; 3
30; 9
31; 18
32; 24
33; 24
34; 30
35; 33
36; 39
37; 42
38; 48
39; 48
40; 56
41; 24
42; 30
43; 30
44; 36
45; 36
46; 42
47; 42
48; 48
49; 48
50; 54
51; 42
52; 48
53; 48
54; 54
55; 54
56; 0
57; 0
58; 6
59; 6
60; 12
61; 6
62; 12
63; 12
64; 18
65; 18
66; 24
67; 24
68; 30
69; 30
70; 36
71; 12
72; 18
73; 18
74; 24
75; 24
76; 30
77; 30
78; 36
79; 36
80; 42
81; 30
82; 36
83; 36
84; 42
85; 42
86; 48
87; 51
88; 57
89; 57
90; 3
91; 48
92; 54
93; 54
94; 0
95; 0
96; 6
97; 6
98; 12
99; 12
100; 18
101; 51
102; 57
103; 57
104; 3
105; 3
106; 9
107; 9
108; 15
109; 15
110; 21
111; 18
112; 24
113; 24
114; 30
115; 30
116; 36
117; 36
118; 42
119; 42
120; 48
121; 36
122; 42
123; 42
124; 48
125; 48
126; 54
127; 57
128; 3
129; 3
130; 9
131; 0
132; 6
133; 6
134; 12
135; 12
136; 18
137; 18
138; 24
139; 24
140; 30
141; 18
142; 24
143; 24
144; 30
145; 30
146; 36
147; 36
148; 42
149; 42
150; 48
151; 0
152; 6
153; 6
154; 12
155; 12
156; 18
157; 18
158; 24
159; 24
160; 30
161; 15
162; 21
163; 21
164; 27
165; 27
166; 33
167; 33
168; 39
169; 39
170; 45
171; 12
172; 18
173; 18
174; 24
175; 24
176; 30
177; 30
178; 36
179; 36
180; 42
181; 30
182; 36
183; 36
184; 42
185; 42
186; 48
187; 48
188; 54
189; 54
190; 0
191; 0
192; 6
193; 6
194; 12
195; 12
196; 18
197; 30
198; 36
199; 36
200; 42
201; 42
202; 48
203; 48
204; 54
205; 54
206; 0
207; 0
208; 6
209; 6
210; 12
211; 12
212; 18
213; 48
214; 54
215; 54
216; 0
217; 0
218; 6
219; 6
220; 12
221; 12
222; 18
223; 18
224; 24
225; 27
226; 33
227; 33
228; 39
229; 39
230; 45
231; 45
232; 51
233; 51
234; 57
235; 57
236; 3
237; 15
238; 21
239; 21
240; 27
241; 27
242; 33
243; 33
244; 39
245; 9
246; 15
247; 15
248; 21
249; 21
250; 27
251; 27
252; 33
253; 15
254; 21
255; 21
256; 27
257; 27
258; 33
259; 33
260; 39
261; 39
262; 45
263; 45
264; 51
265; 57
266; 3
267; 3
268; 9
269; 9
270; 15
271; 15
272; 21
273; 21
274; 27
275; 27
276; 33
277; 9
278; 15
279; 15
280; 21
281; 21
282; 27
283; 27
284; 33
285; 33
286; 39
287; 39
288; 45
289; 45
290; 51
291; 51
292; 57
293; 51
294; 57
295; 57
296; 3
297; 3
298; 9
299; 9
300; 15
301; 15
302; 21
303; 21
304; 27
305; 27
306; 33
307; 33
308; 39
309; 39
310; 45
311; 45
312; 51
313; 52
314; 0
315; 0
316; 6
317; 6
318; 12
319; 12
320; 18
321; 18
322; 24
323; 24
324; 30
325; 51
326; 57
327; 57
328; 3
329; 3
330; 9
331; 12
332; 18
333; 18
334; 24
335; 24
336; 30
337; 30
338; 36
339; 39
340; 45
