#line-id;line-code;direction;stop-order;stop-id;frequency;arrival_time;departure_time
2;2H;>;1;25;2;0;0
2;2H;>;2;24;2;6;6
2;2H;>;3;23;2;12;12
2;2H;>;4;22;2;18;18
2;2H;>;5;21;2;24;24
2;2H;>;6;16;2;30;30
2;2H;>;7;17;2;36;36
2;2H;>;8;18;2;42;42
2;2H;>;9;13;2;48;49
2;2H;>;10;14;2;55;55
2;2H;>;11;15;2;1;1
2;2R;<;1;15;2;7;7
2;2R;<;2;14;2;13;13
2;2R;<;3;13;2;19;19
2;2R;<;4;18;2;25;25
2;2R;<;5;17;2;31;31
2;2R;<;6;16;2;37;37
2;2R;<;7;21;2;43;43
2;2R;<;8;22;2;49;49
2;2R;<;9;23;2;55;55
2;2R;<;10;24;2;1;1
2;2R;<;11;25;2;7;7
6;6H;>;1;11;2;21;21
6;6H;>;2;12;2;27;27
6;6H;>;3;13;2;33;33
6;6H;>;4;8;2;39;39
6;6H;>;5;3;2;45;45
6;6H;>;6;2;2;51;51
6;6H;>;7;1;2;57;57
6;6R;<;1;1;2;28;28
6;6R;<;2;2;2;34;34
6;6R;<;3;3;2;40;40
6;6R;<;4;8;2;46;46
6;6R;<;5;13;2;52;52
6;6R;<;6;12;2;58;58
6;6R;<;7;11;2;4;4
12;12H;>;1;15;1;18;18
12;12H;>;2;14;1;24;24
12;12H;>;3;13;1;30;30
12;12H;>;4;8;1;36;36
12;12H;>;5;9;1;42;42
12;12H;>;6;10;1;48;48
12;12R;<;1;10;1;57;57
12;12R;<;2;9;1;3;3
12;12R;<;3;8;1;9;9
12;12R;<;4;13;1;15;15
12;12R;<;5;14;1;21;21
12;12R;<;6;15;1;27;27
15;15H;>;1;10;1;22;22
15;15H;>;2;9;1;28;28
15;15H;>;3;8;1;34;34
15;15H;>;4;3;1;40;40
15;15H;>;5;2;1;46;46
15;15H;>;6;1;1;52;52
15;15R;<;1;1;1;54;54
15;15R;<;2;2;1;0;0
15;15R;<;3;3;1;6;6
15;15R;<;4;8;1;12;12
15;15R;<;5;9;1;18;18
15;15R;<;6;10;1;24;24
29;29H;>;1;1;2;22;22
29;29H;>;2;2;2;28;28
29;29H;>;3;3;2;34;34
29;29H;>;4;8;2;40;40
29;29H;>;5;13;2;46;46
29;29H;>;6;18;2;52;52
29;29H;>;7;23;2;58;58
29;29H;>;8;24;2;4;4
29;29H;>;9;25;2;10;10
29;29R;<;1;25;2;25;25
29;29R;<;2;24;2;31;31
29;29R;<;3;23;2;37;37
29;29R;<;4;18;2;43;43
29;29R;<;5;13;2;49;49
29;29R;<;6;8;2;55;56
29;29R;<;7;3;2;2;2
29;29R;<;8;2;2;8;8
29;29R;<;9;1;2;14;14
30;30H;>;1;6;3;1;1
30;30H;>;2;7;3;7;7
30;30H;>;3;8;3;13;13
30;30H;>;4;13;3;19;19
30;30H;>;5;18;3;25;25
30;30H;>;6;19;3;31;31
30;30H;>;7;20;3;37;37
30;30R;<;1;20;3;8;8
30;30R;<;2;19;3;14;14
30;30R;<;3;18;3;20;20
30;30R;<;4;13;3;26;26
30;30R;<;5;8;3;32;32
30;30R;<;6;7;3;38;38
30;30R;<;7;6;3;44;44
32;32H;>;1;16;1;34;34
32;32H;>;2;17;1;40;40
32;32H;>;3;18;1;46;46
32;32H;>;4;13;1;52;52
32;32H;>;5;8;1;58;58
32;32H;>;6;9;1;4;4
32;32H;>;7;10;1;10;10
32;32R;<;1;10;1;25;25
32;32R;<;2;9;1;31;31
32;32R;<;3;8;1;37;37
32;32R;<;4;13;1;43;43
32;32R;<;5;18;1;49;49
32;32R;<;6;17;1;55;55
32;32R;<;7;16;1;1;1
33;33H;>;1;21;2;7;7
33;33H;>;2;22;2;13;13
33;33H;>;3;23;2;19;19
33;33H;>;4;18;2;25;25
33;33H;>;5;13;2;31;31
33;33H;>;6;8;2;37;37
33;33H;>;7;3;2;43;43
33;33H;>;8;4;2;49;49
33;33H;>;9;5;2;55;55
33;33R;<;1;5;2;11;11
33;33R;<;2;4;2;17;17
33;33R;<;3;3;2;23;23
33;33R;<;4;8;2;29;29
33;33R;<;5;13;2;35;36
33;33R;<;6;18;2;42;43
33;33R;<;7;23;2;49;49
33;33R;<;8;22;2;55;55
33;33R;<;9;21;2;1;1
