# event_index; time
1; 0
2; 6
3; 6
4; 12
5; 12
6; 18
7; 18
8; 24
9; 24
10; 30
11; 30
12; 36
13; 24
14; 30
15; 30
16; 36
17; 36
18; 42
19; 42
20; 48
21; 48
22; 54
23; 54
24; 0
25; 18
26; 24
27; 24
28; 30
29; 30
30; 36
31; 36
32; 42
33; 42
34; 48
35; 48
36; 54
37; 42
38; 48
39; 48
40; 54
41; 54
42; 0
43; 0
44; 6
45; 6
46; 12
47; 12
48; 18
49; 54
50; 0
51; 0
52; 6
53; 6
54; 12
55; 12
56; 18
57; 18
58; 24
59; 48
60; 54
61; 54
62; 0
63; 0
64; 6
65; 6
66; 12
67; 12
68; 18
69; 48
70; 54
71; 54
72; 0
73; 0
74; 6
75; 6
76; 12
77; 12
78; 18
79; 42
80; 48
81; 48
82; 54
83; 54
84; 0
85; 0
86; 6
87; 6
88; 12
89; 54
90; 0
91; 0
92; 6
93; 6
94; 12
95; 12
96; 18
97; 18
98; 24
99; 12
100; 18
101; 18
102; 24
103; 24
104; 30
105; 30
106; 36
107; 36
108; 42
109; 0
110; 6
111; 6
112; 12
113; 12
114; 18
115; 18
116; 24
117; 24
118; 30
119; 30
120; 36
121; 36
122; 42
123; 42
124; 48
125; 48
126; 54
127; 54
128; 0
129; 46
130; 52
131; 55
132; 3
133; 6
134; 12
135; 12
136; 18
137; 18
138; 24
139; 54
140; 0
141; 0
142; 6
143; 6
144; 12
145; 12
146; 18
147; 18
148; 26
149; 24
150; 30
151; 30
152; 36
153; 36
154; 42
155; 42
156; 48
157; 48
158; 54
159; 0
160; 6
161; 6
162; 12
163; 12
164; 18
165; 18
166; 24
167; 24
168; 30
169; 30
170; 36
171; 36
172; 42
173; 42
174; 48
175; 48
176; 54
177; 54
178; 0
179; 0
180; 6
181; 6
182; 12
183; 12
184; 18
185; 0
186; 6
187; 6
188; 12
189; 12
190; 18
191; 18
192; 24
193; 24
194; 30
195; 30
196; 36
197; 36
198; 42
199; 42
200; 48
201; 42
202; 48
203; 48
204; 54
205; 54
206; 0
207; 0
208; 6
209; 6
210; 12
211; 12
212; 18
213; 18
214; 24
215; 24
216; 30
217; 12
218; 18
219; 18
220; 24
221; 24
222; 30
223; 30
224; 36
225; 36
226; 42
227; 42
228; 48
229; 48
230; 54
231; 54
232; 0
233; 42
234; 48
235; 48
236; 54
237; 54
238; 0
239; 0
240; 6
241; 6
242; 12
243; 12
244; 18
245; 18
246; 24
247; 24
248; 30
249; 30
250; 36
251; 36
252; 42
253; 42
254; 48
255; 48
256; 54
257; 54
258; 0
259; 0
260; 6
261; 6
262; 12
263; 12
264; 18
265; 36
266; 42
267; 42
268; 48
269; 48
270; 54
271; 54
272; 0
273; 0
274; 6
275; 6
276; 12
277; 6
278; 12
279; 12
280; 18
281; 18
282; 24
283; 24
284; 30
285; 30
286; 36
287; 36
288; 42
289; 48
290; 54
291; 54
292; 0
293; 0
294; 6
295; 6
296; 12
297; 12
298; 18
299; 18
300; 24
301; 18
302; 24
303; 24
304; 30
305; 30
306; 36
307; 36
308; 42
309; 42
310; 48
311; 48
312; 54
313; 48
314; 54
315; 54
316; 0
317; 0
318; 6
319; 6
320; 12
321; 12
322; 18
323; 18
324; 24
325; 6
326; 12
327; 12
328; 18
329; 18
330; 24
331; 24
332; 30
333; 30
334; 36
335; 36
336; 42
337; 54
338; 0
339; 0
340; 6
341; 6
342; 12
343; 12
344; 18
345; 54
346; 0
347; 0
348; 6
349; 6
350; 12
351; 12
352; 18
