# line-id; line-code; direction; stop-order; stop-id; frequency; departure_time; arrival_time; line-repetition
4; 4H; >; 1; 18; 1; 0; 0; 1
4; 4H; >; 2; 13; 1; 6; 6; 1
4; 4H; >; 3; 12; 1; 12; 12; 1
4; 4H; >; 4; 11; 1; 18; 18; 1
4; 4H; >; 5; 6; 1; 24; 24; 1
4; 4H; >; 6; 1; 1; 30; 30; 1
4; 4H; >; 7; 2; 1; 36; 36; 1
4; 4R; <; 1; 2; 1; 24; 24; 1
4; 4R; <; 2; 1; 1; 30; 30; 1
4; 4R; <; 3; 6; 1; 36; 36; 1
4; 4R; <; 4; 11; 1; 42; 42; 1
4; 4R; <; 5; 12; 1; 48; 48; 1
4; 4R; <; 6; 13; 1; 54; 54; 1
4; 4R; <; 7; 18; 1; 0; 0; 1
6; 6H; >; 1; 25; 1; 18; 18; 1
6; 6H; >; 2; 24; 1; 24; 24; 1
6; 6H; >; 3; 19; 1; 30; 30; 1
6; 6H; >; 4; 14; 1; 36; 36; 1
6; 6H; >; 5; 9; 1; 42; 42; 1
6; 6H; >; 6; 4; 1; 48; 48; 1
6; 6H; >; 7; 3; 1; 54; 54; 1
6; 6R; <; 1; 3; 1; 42; 42; 1
6; 6R; <; 2; 4; 1; 48; 48; 1
6; 6R; <; 3; 9; 1; 54; 54; 1
6; 6R; <; 4; 14; 1; 0; 0; 1
6; 6R; <; 5; 19; 1; 6; 6; 1
6; 6R; <; 6; 24; 1; 12; 12; 1
6; 6R; <; 7; 25; 1; 18; 18; 1
12; 12H; >; 1; 7; 1; 54; 54; 1
12; 12H; >; 2; 12; 1; 0; 0; 1
12; 12H; >; 3; 13; 1; 6; 6; 1
12; 12H; >; 4; 8; 1; 12; 12; 1
12; 12H; >; 5; 3; 1; 18; 18; 1
12; 12H; >; 6; 2; 1; 24; 24; 1
12; 12R; <; 1; 2; 1; 48; 48; 1
12; 12R; <; 2; 3; 1; 54; 54; 1
12; 12R; <; 3; 8; 1; 0; 0; 1
12; 12R; <; 4; 13; 1; 6; 6; 1
12; 12R; <; 5; 12; 1; 12; 12; 1
12; 12R; <; 6; 7; 1; 18; 18; 1
13; 13H; >; 1; 24; 1; 48; 48; 1
13; 13H; >; 2; 23; 1; 54; 54; 1
13; 13H; >; 3; 18; 1; 0; 0; 1
13; 13H; >; 4; 17; 1; 6; 6; 1
13; 13H; >; 5; 12; 1; 12; 12; 1
13; 13H; >; 6; 7; 1; 18; 18; 1
13; 13R; <; 1; 7; 1; 42; 42; 1
13; 13R; <; 2; 12; 1; 48; 48; 1
13; 13R; <; 3; 17; 1; 54; 54; 1
13; 13R; <; 4; 18; 1; 0; 0; 1
13; 13R; <; 5; 23; 1; 6; 6; 1
13; 13R; <; 6; 24; 1; 12; 12; 1
16; 16H; >; 1; 23; 1; 54; 54; 1
16; 16H; >; 2; 22; 1; 0; 0; 1
16; 16H; >; 3; 21; 1; 6; 6; 1
16; 16H; >; 4; 16; 1; 12; 12; 1
16; 16H; >; 5; 11; 1; 18; 18; 1
16; 16H; >; 6; 12; 1; 24; 24; 1
16; 16R; <; 1; 12; 1; 12; 12; 1
16; 16R; <; 2; 11; 1; 18; 18; 1
16; 16R; <; 3; 16; 1; 24; 24; 1
16; 16R; <; 4; 21; 1; 30; 30; 1
16; 16R; <; 5; 22; 1; 36; 36; 1
16; 16R; <; 6; 23; 1; 42; 42; 1
23; 23H; >; 1; 18; 1; 0; 0; 1
23; 23H; >; 2; 19; 1; 6; 6; 1
23; 23H; >; 3; 14; 1; 12; 12; 1
23; 23H; >; 4; 9; 1; 18; 18; 1
23; 23H; >; 5; 10; 1; 24; 24; 1
23; 23H; >; 6; 15; 1; 30; 30; 1
23; 23R; <; 1; 15; 1; 30; 30; 1
23; 23R; <; 2; 10; 1; 36; 36; 1
23; 23R; <; 3; 9; 1; 42; 42; 1
23; 23R; <; 4; 14; 1; 48; 48; 1
23; 23R; <; 5; 19; 1; 54; 54; 1
23; 23R; <; 6; 18; 1; 0; 0; 1
27; 27H; >; 1; 18; 1; 46; 46; 1
27; 27H; >; 2; 17; 1; 52; 55; 1
27; 27H; >; 3; 12; 1; 3; 6; 1
27; 27H; >; 4; 13; 1; 12; 12; 1
27; 27H; >; 5; 8; 1; 18; 18; 1
27; 27H; >; 6; 9; 1; 24; 24; 1
27; 27R; <; 1; 9; 1; 54; 54; 1
27; 27R; <; 2; 8; 1; 0; 0; 1
27; 27R; <; 3; 13; 1; 6; 6; 1
27; 27R; <; 4; 12; 1; 12; 12; 1
27; 27R; <; 5; 17; 1; 18; 18; 1
27; 27R; <; 6; 18; 1; 26; 26; 1
30; 30H; >; 1; 14; 1; 24; 24; 1
30; 30H; >; 2; 13; 1; 30; 30; 1
30; 30H; >; 3; 8; 1; 36; 36; 1
30; 30H; >; 4; 3; 1; 42; 42; 1
30; 30H; >; 5; 2; 1; 48; 48; 1
30; 30H; >; 6; 1; 1; 54; 54; 1
30; 30R; <; 1; 1; 1; 0; 0; 1
30; 30R; <; 2; 2; 1; 6; 6; 1
30; 30R; <; 3; 3; 1; 12; 12; 1
30; 30R; <; 4; 8; 1; 18; 18; 1
30; 30R; <; 5; 13; 1; 24; 24; 1
30; 30R; <; 6; 14; 1; 30; 30; 1
42; 42H; >; 1; 1; 2; 30; 30; 1
42; 42H; >; 2; 2; 2; 36; 36; 1
42; 42H; >; 3; 3; 2; 42; 42; 1
42; 42H; >; 4; 8; 2; 48; 48; 1
42; 42H; >; 5; 13; 2; 54; 54; 1
42; 42H; >; 6; 18; 2; 0; 0; 1
42; 42H; >; 7; 23; 2; 6; 6; 1
42; 42H; >; 8; 24; 2; 12; 12; 1
42; 42H; >; 9; 25; 2; 18; 18; 1
42; 42H; >; 1; 1; 2; 0; 0; 2
42; 42H; >; 2; 2; 2; 6; 6; 2
42; 42H; >; 3; 3; 2; 12; 12; 2
42; 42H; >; 4; 8; 2; 18; 18; 2
42; 42H; >; 5; 13; 2; 24; 24; 2
42; 42H; >; 6; 18; 2; 30; 30; 2
42; 42H; >; 7; 23; 2; 36; 36; 2
42; 42H; >; 8; 24; 2; 42; 42; 2
42; 42H; >; 9; 25; 2; 48; 48; 2
42; 42R; <; 1; 25; 2; 42; 42; 1
42; 42R; <; 2; 24; 2; 48; 48; 1
42; 42R; <; 3; 23; 2; 54; 54; 1
42; 42R; <; 4; 18; 2; 0; 0; 1
42; 42R; <; 5; 13; 2; 6; 6; 1
42; 42R; <; 6; 8; 2; 12; 12; 1
42; 42R; <; 7; 3; 2; 18; 18; 1
42; 42R; <; 8; 2; 2; 24; 24; 1
42; 42R; <; 9; 1; 2; 30; 30; 1
42; 42R; <; 1; 25; 2; 12; 12; 2
42; 42R; <; 2; 24; 2; 18; 18; 2
42; 42R; <; 3; 23; 2; 24; 24; 2
42; 42R; <; 4; 18; 2; 30; 30; 2
42; 42R; <; 5; 13; 2; 36; 36; 2
42; 42R; <; 6; 8; 2; 42; 42; 2
42; 42R; <; 7; 3; 2; 48; 48; 2
42; 42R; <; 8; 2; 2; 54; 54; 2
42; 42R; <; 9; 1; 2; 0; 0; 2
43; 43H; >; 1; 21; 1; 42; 42; 1
43; 43H; >; 2; 22; 1; 48; 48; 1
43; 43H; >; 3; 23; 1; 54; 54; 1
43; 43H; >; 4; 18; 1; 0; 0; 1
43; 43H; >; 5; 13; 1; 6; 6; 1
43; 43H; >; 6; 8; 1; 12; 12; 1
43; 43H; >; 7; 3; 1; 18; 18; 1
43; 43H; >; 8; 4; 1; 24; 24; 1
43; 43H; >; 9; 5; 1; 30; 30; 1
43; 43R; <; 1; 5; 1; 30; 30; 1
43; 43R; <; 2; 4; 1; 36; 36; 1
43; 43R; <; 3; 3; 1; 42; 42; 1
43; 43R; <; 4; 8; 1; 48; 48; 1
43; 43R; <; 5; 13; 1; 54; 54; 1
43; 43R; <; 6; 18; 1; 0; 0; 1
43; 43R; <; 7; 23; 1; 6; 6; 1
43; 43R; <; 8; 22; 1; 12; 12; 1
43; 43R; <; 9; 21; 1; 18; 18; 1
44; 44H; >; 1; 6; 2; 36; 36; 1
44; 44H; >; 2; 7; 2; 42; 42; 1
44; 44H; >; 3; 8; 2; 48; 48; 1
44; 44H; >; 4; 13; 2; 54; 54; 1
44; 44H; >; 5; 18; 2; 0; 0; 1
44; 44H; >; 6; 19; 2; 6; 6; 1
44; 44H; >; 7; 20; 2; 12; 12; 1
44; 44H; >; 1; 6; 2; 6; 6; 2
44; 44H; >; 2; 7; 2; 12; 12; 2
44; 44H; >; 3; 8; 2; 18; 18; 2
44; 44H; >; 4; 13; 2; 24; 24; 2
44; 44H; >; 5; 18; 2; 30; 30; 2
44; 44H; >; 6; 19; 2; 36; 36; 2
44; 44H; >; 7; 20; 2; 42; 42; 2
44; 44R; <; 1; 20; 2; 48; 48; 1
44; 44R; <; 2; 19; 2; 54; 54; 1
44; 44R; <; 3; 18; 2; 0; 0; 1
44; 44R; <; 4; 13; 2; 6; 6; 1
44; 44R; <; 5; 8; 2; 12; 12; 1
44; 44R; <; 6; 7; 2; 18; 18; 1
44; 44R; <; 7; 6; 2; 24; 24; 1
44; 44R; <; 1; 20; 2; 18; 18; 2
44; 44R; <; 2; 19; 2; 24; 24; 2
44; 44R; <; 3; 18; 2; 30; 30; 2
44; 44R; <; 4; 13; 2; 36; 36; 2
44; 44R; <; 5; 8; 2; 42; 42; 2
44; 44R; <; 6; 7; 2; 48; 48; 2
44; 44R; <; 7; 6; 2; 54; 54; 2
45; 45H; >; 1; 16; 1; 48; 48; 1
45; 45H; >; 2; 17; 1; 54; 54; 1
45; 45H; >; 3; 18; 1; 0; 0; 1
45; 45H; >; 4; 13; 1; 6; 6; 1
45; 45H; >; 5; 8; 1; 12; 12; 1
45; 45H; >; 6; 9; 1; 18; 18; 1
45; 45H; >; 7; 10; 1; 24; 24; 1
45; 45R; <; 1; 10; 1; 6; 6; 1
45; 45R; <; 2; 9; 1; 12; 12; 1
45; 45R; <; 3; 8; 1; 18; 18; 1
45; 45R; <; 4; 13; 1; 24; 24; 1
45; 45R; <; 5; 18; 1; 30; 30; 1
45; 45R; <; 6; 17; 1; 36; 36; 1
45; 45R; <; 7; 16; 1; 42; 42; 1
46; 46H; >; 1; 11; 1; 54; 54; 1
46; 46H; >; 2; 12; 1; 0; 0; 1
46; 46H; >; 3; 13; 1; 6; 6; 1
46; 46H; >; 4; 14; 1; 12; 12; 1
46; 46H; >; 5; 15; 1; 18; 18; 1
46; 46R; <; 1; 15; 1; 54; 54; 1
46; 46R; <; 2; 14; 1; 0; 0; 1
46; 46R; <; 3; 13; 1; 6; 6; 1
46; 46R; <; 4; 12; 1; 12; 12; 1
46; 46R; <; 5; 11; 1; 18; 18; 1
