# line-id; line-code; direction; stop-order; stop-id; frequency; departure_time; arrival_time; line-repetition
4; 4H; >; 1; 18; 1; 0; 0
4; 4H; >; 2; 13; 1; 6; 6
4; 4H; >; 3; 12; 1; 12; 12
4; 4H; >; 4; 11; 1; 18; 18
4; 4H; >; 5; 6; 1; 24; 24
4; 4H; >; 6; 1; 1; 30; 30
4; 4H; >; 7; 2; 1; 36; 36
4; 4R; <; 1; 2; 1; 24; 24
4; 4R; <; 2; 1; 1; 30; 30
4; 4R; <; 3; 6; 1; 36; 36
4; 4R; <; 4; 11; 1; 42; 42
4; 4R; <; 5; 12; 1; 48; 48
4; 4R; <; 6; 13; 1; 54; 54
4; 4R; <; 7; 18; 1; 0; 0
6; 6H; >; 1; 25; 1; 18; 18
6; 6H; >; 2; 24; 1; 24; 24
6; 6H; >; 3; 19; 1; 30; 30
6; 6H; >; 4; 14; 1; 36; 36
6; 6H; >; 5; 9; 1; 42; 42
6; 6H; >; 6; 4; 1; 48; 48
6; 6H; >; 7; 3; 1; 54; 54
6; 6R; <; 1; 3; 1; 42; 42
6; 6R; <; 2; 4; 1; 48; 48
6; 6R; <; 3; 9; 1; 54; 54
6; 6R; <; 4; 14; 1; 0; 0
6; 6R; <; 5; 19; 1; 6; 6
6; 6R; <; 6; 24; 1; 12; 12
6; 6R; <; 7; 25; 1; 18; 18
12; 12H; >; 1; 7; 1; 54; 54
12; 12H; >; 2; 12; 1; 0; 0
12; 12H; >; 3; 13; 1; 6; 6
12; 12H; >; 4; 8; 1; 12; 12
12; 12H; >; 5; 3; 1; 18; 18
12; 12H; >; 6; 2; 1; 24; 24
12; 12R; <; 1; 2; 1; 48; 48
12; 12R; <; 2; 3; 1; 54; 54
12; 12R; <; 3; 8; 1; 0; 0
12; 12R; <; 4; 13; 1; 6; 6
12; 12R; <; 5; 12; 1; 12; 12
12; 12R; <; 6; 7; 1; 18; 18
13; 13H; >; 1; 24; 1; 48; 48
13; 13H; >; 2; 23; 1; 54; 54
13; 13H; >; 3; 18; 1; 0; 0
13; 13H; >; 4; 17; 1; 6; 6
13; 13H; >; 5; 12; 1; 12; 12
13; 13H; >; 6; 7; 1; 18; 18
13; 13R; <; 1; 7; 1; 42; 42
13; 13R; <; 2; 12; 1; 48; 48
13; 13R; <; 3; 17; 1; 54; 54
13; 13R; <; 4; 18; 1; 0; 0
13; 13R; <; 5; 23; 1; 6; 6
13; 13R; <; 6; 24; 1; 12; 12
16; 16H; >; 1; 23; 1; 54; 54
16; 16H; >; 2; 22; 1; 0; 0
16; 16H; >; 3; 21; 1; 6; 6
16; 16H; >; 4; 16; 1; 12; 12
16; 16H; >; 5; 11; 1; 18; 18
16; 16H; >; 6; 12; 1; 24; 24
16; 16R; <; 1; 12; 1; 12; 12
16; 16R; <; 2; 11; 1; 18; 18
16; 16R; <; 3; 16; 1; 24; 24
16; 16R; <; 4; 21; 1; 30; 30
16; 16R; <; 5; 22; 1; 36; 36
16; 16R; <; 6; 23; 1; 42; 42
23; 23H; >; 1; 18; 1; 0; 0
23; 23H; >; 2; 19; 1; 6; 6
23; 23H; >; 3; 14; 1; 12; 12
23; 23H; >; 4; 9; 1; 18; 18
23; 23H; >; 5; 10; 1; 24; 24
23; 23H; >; 6; 15; 1; 30; 30
23; 23R; <; 1; 15; 1; 30; 30
23; 23R; <; 2; 10; 1; 36; 36
23; 23R; <; 3; 9; 1; 42; 42
23; 23R; <; 4; 14; 1; 48; 48
23; 23R; <; 5; 19; 1; 54; 54
23; 23R; <; 6; 18; 1; 0; 0
27; 27H; >; 1; 18; 1; 46; 46
27; 27H; >; 2; 17; 1; 52; 55
27; 27H; >; 3; 12; 1; 3; 6
27; 27H; >; 4; 13; 1; 12; 12
27; 27H; >; 5; 8; 1; 18; 18
27; 27H; >; 6; 9; 1; 24; 24
27; 27R; <; 1; 9; 1; 54; 54
27; 27R; <; 2; 8; 1; 0; 0
27; 27R; <; 3; 13; 1; 6; 6
27; 27R; <; 4; 12; 1; 12; 12
27; 27R; <; 5; 17; 1; 18; 18
27; 27R; <; 6; 18; 1; 26; 26
30; 30H; >; 1; 14; 1; 24; 24
30; 30H; >; 2; 13; 1; 30; 30
30; 30H; >; 3; 8; 1; 36; 36
30; 30H; >; 4; 3; 1; 42; 42
30; 30H; >; 5; 2; 1; 48; 48
30; 30H; >; 6; 1; 1; 54; 54
30; 30R; <; 1; 1; 1; 0; 0
30; 30R; <; 2; 2; 1; 6; 6
30; 30R; <; 3; 3; 1; 12; 12
30; 30R; <; 4; 8; 1; 18; 18
30; 30R; <; 5; 13; 1; 24; 24
30; 30R; <; 6; 14; 1; 30; 30
42; 42H; >; 1; 1; 2; 30; 30
42; 42H; >; 2; 2; 2; 36; 36
42; 42H; >; 3; 3; 2; 42; 42
42; 42H; >; 4; 8; 2; 48; 48
42; 42H; >; 5; 13; 2; 54; 54
42; 42H; >; 6; 18; 2; 0; 0
42; 42H; >; 7; 23; 2; 6; 6
42; 42H; >; 8; 24; 2; 12; 12
42; 42H; >; 9; 25; 2; 18; 18
42; 42R; <; 1; 25; 2; 42; 42
42; 42R; <; 2; 24; 2; 48; 48
42; 42R; <; 3; 23; 2; 54; 54
42; 42R; <; 4; 18; 2; 0; 0
42; 42R; <; 5; 13; 2; 6; 6
42; 42R; <; 6; 8; 2; 12; 12
42; 42R; <; 7; 3; 2; 18; 18
42; 42R; <; 8; 2; 2; 24; 24
42; 42R; <; 9; 1; 2; 30; 30
43; 43H; >; 1; 21; 1; 42; 42
43; 43H; >; 2; 22; 1; 48; 48
43; 43H; >; 3; 23; 1; 54; 54
43; 43H; >; 4; 18; 1; 0; 0
43; 43H; >; 5; 13; 1; 6; 6
43; 43H; >; 6; 8; 1; 12; 12
43; 43H; >; 7; 3; 1; 18; 18
43; 43H; >; 8; 4; 1; 24; 24
43; 43H; >; 9; 5; 1; 30; 30
43; 43R; <; 1; 5; 1; 30; 30
43; 43R; <; 2; 4; 1; 36; 36
43; 43R; <; 3; 3; 1; 42; 42
43; 43R; <; 4; 8; 1; 48; 48
43; 43R; <; 5; 13; 1; 54; 54
43; 43R; <; 6; 18; 1; 0; 0
43; 43R; <; 7; 23; 1; 6; 6
43; 43R; <; 8; 22; 1; 12; 12
43; 43R; <; 9; 21; 1; 18; 18
44; 44H; >; 1; 6; 2; 36; 36
44; 44H; >; 2; 7; 2; 42; 42
44; 44H; >; 3; 8; 2; 48; 48
44; 44H; >; 4; 13; 2; 54; 54
44; 44H; >; 5; 18; 2; 0; 0
44; 44H; >; 6; 19; 2; 6; 6
44; 44H; >; 7; 20; 2; 12; 12
44; 44R; <; 1; 20; 2; 48; 48
44; 44R; <; 2; 19; 2; 54; 54
44; 44R; <; 3; 18; 2; 0; 0
44; 44R; <; 4; 13; 2; 6; 6
44; 44R; <; 5; 8; 2; 12; 12
44; 44R; <; 6; 7; 2; 18; 18
44; 44R; <; 7; 6; 2; 24; 24
45; 45H; >; 1; 16; 1; 48; 48
45; 45H; >; 2; 17; 1; 54; 54
45; 45H; >; 3; 18; 1; 0; 0
45; 45H; >; 4; 13; 1; 6; 6
45; 45H; >; 5; 8; 1; 12; 12
45; 45H; >; 6; 9; 1; 18; 18
45; 45H; >; 7; 10; 1; 24; 24
45; 45R; <; 1; 10; 1; 6; 6
45; 45R; <; 2; 9; 1; 12; 12
45; 45R; <; 3; 8; 1; 18; 18
45; 45R; <; 4; 13; 1; 24; 24
45; 45R; <; 5; 18; 1; 30; 30
45; 45R; <; 6; 17; 1; 36; 36
45; 45R; <; 7; 16; 1; 42; 42
46; 46H; >; 1; 11; 1; 54; 54
46; 46H; >; 2; 12; 1; 0; 0
46; 46H; >; 3; 13; 1; 6; 6
46; 46H; >; 4; 14; 1; 12; 12
46; 46H; >; 5; 15; 1; 18; 18
46; 46R; <; 1; 15; 1; 54; 54
46; 46R; <; 2; 14; 1; 0; 0
46; 46R; <; 3; 13; 1; 6; 6
46; 46R; <; 4; 12; 1; 12; 12
46; 46R; <; 5; 11; 1; 18; 18
