#event-id; time
1; 0
2; 4
3; 4
4; 8
5; 8
6; 14
7; 14
8; 18
9; 18
10; 35
11; 35
12; 41
13; 0
14; 6
15; 6
16; 23
17; 23
18; 27
19; 27
20; 33
21; 33
22; 37
23; 37
24; 41
25; 0
26; 4
27; 4
28; 11
29; 11
30; 16
31; 16
32; 24
33; 24
34; 28
35; 28
36; 33
37; 30
38; 34
39; 34
40; 41
41; 41
42; 46
43; 46
44; 54
45; 54
46; 58
47; 58
48; 3
49; 0
50; 5
51; 5
52; 9
53; 9
54; 17
55; 17
56; 22
57; 22
58; 29
59; 29
60; 33
61; 30
62; 35
63; 35
64; 39
65; 39
66; 47
67; 47
68; 52
69; 52
70; 59
71; 59
72; 3
73; 0
74; 4
75; 4
76; 11
77; 11
78; 16
79; 16
80; 21
81; 21
82; 28
83; 28
84; 32
85; 0
86; 4
87; 4
88; 11
89; 11
90; 16
91; 16
92; 21
93; 21
94; 28
95; 28
96; 32
97; 0
98; 16
99; 16
100; 20
101; 20
102; 24
103; 24
104; 30
105; 30
106; 34
107; 34
108; 51
109; 0
110; 17
111; 17
112; 21
113; 21
114; 27
115; 27
116; 31
117; 31
118; 35
119; 35
120; 51
121; 0
122; 5
123; 5
124; 10
125; 10
126; 26
127; 26
128; 31
129; 31
130; 38
131; 0
132; 7
133; 7
134; 12
135; 12
136; 28
137; 28
138; 33
139; 33
140; 38
141; 0
142; 5
143; 5
144; 13
145; 13
146; 19
147; 19
148; 23
149; 23
150; 29
151; 0
152; 6
153; 6
154; 10
155; 10
156; 16
157; 16
158; 24
159; 24
160; 29
161; 0
162; 4
163; 4
164; 12
165; 12
166; 16
167; 16
168; 21
169; 21
170; 26
171; 30
172; 34
173; 34
174; 42
175; 42
176; 46
177; 46
178; 51
179; 51
180; 56
181; 0
182; 5
183; 5
184; 10
185; 10
186; 14
187; 14
188; 22
189; 22
190; 26
191; 30
192; 35
193; 35
194; 40
195; 40
196; 44
197; 44
198; 52
199; 52
200; 56
201; 0
202; 4
203; 4
204; 10
205; 10
206; 27
207; 27
208; 33
209; 33
210; 38
211; 0
212; 5
213; 5
214; 11
215; 11
216; 28
217; 28
218; 34
219; 34
220; 38
221; 0
222; 4
223; 4
224; 10
225; 10
226; 15
227; 15
228; 23
229; 23
230; 27
231; 30
232; 34
233; 34
234; 40
235; 40
236; 45
237; 45
238; 53
239; 53
240; 57
241; 0
242; 4
243; 4
244; 12
245; 12
246; 17
247; 17
248; 23
249; 23
250; 27
251; 30
252; 34
253; 34
254; 42
255; 42
256; 47
257; 47
258; 53
259; 53
260; 57
261; 0
262; 4
263; 4
264; 10
265; 10
266; 15
267; 15
268; 20
269; 20
270; 36
271; 20
272; 24
273; 24
274; 30
275; 30
276; 35
277; 35
278; 40
279; 40
280; 56
281; 40
282; 44
283; 44
284; 50
285; 50
286; 55
287; 55
288; 0
289; 0
290; 16
291; 0
292; 16
293; 16
294; 21
295; 21
296; 26
297; 26
298; 32
299; 32
300; 36
301; 20
302; 36
303; 36
304; 41
305; 41
306; 46
307; 46
308; 52
309; 52
310; 56
311; 40
312; 56
313; 56
314; 1
315; 1
316; 6
317; 6
318; 12
319; 12
320; 16
321; 0
322; 4
323; 4
324; 21
325; 21
326; 29
327; 29
328; 34
329; 34
330; 38
331; 0
332; 4
333; 4
334; 9
335; 9
336; 17
337; 17
338; 34
339; 34
340; 38
341; 0
342; 4
343; 4
344; 21
345; 21
346; 27
347; 27
348; 32
349; 32
350; 37
351; 0
352; 5
353; 5
354; 10
355; 10
356; 16
357; 16
358; 33
359; 33
360; 37
361; 0
362; 7
363; 7
364; 12
365; 12
366; 20
367; 20
368; 24
369; 24
370; 29
371; 0
372; 5
373; 5
374; 9
375; 9
376; 17
377; 17
378; 22
379; 22
380; 29
381; 0
382; 5
383; 5
384; 12
385; 12
386; 17
387; 17
388; 23
389; 23
390; 29
391; 0
392; 6
393; 6
394; 12
395; 12
396; 17
397; 17
398; 24
399; 24
400; 29
401; 0
402; 5
403; 5
404; 12
405; 12
406; 17
407; 17
408; 25
409; 25
410; 29
411; 0
412; 4
413; 4
414; 12
415; 12
416; 17
417; 17
418; 24
419; 24
420; 29
421; 0
422; 5
423; 5
424; 12
425; 12
426; 17
427; 17
428; 25
429; 25
430; 31
431; 0
432; 6
433; 6
434; 14
435; 14
436; 19
437; 19
438; 26
439; 26
440; 31
441; 0
442; 5
443; 5
444; 10
445; 10
446; 14
447; 14
448; 20
449; 20
450; 26
451; 0
452; 6
453; 6
454; 12
455; 12
456; 16
457; 16
458; 21
459; 21
460; 26
461; 0
462; 4
463; 4
464; 8
465; 8
466; 12
467; 12
468; 16
469; 16
470; 20
471; 30
472; 34
473; 34
474; 38
475; 38
476; 42
477; 42
478; 46
479; 46
480; 50
481; 0
482; 4
483; 4
484; 8
485; 8
486; 12
487; 12
488; 16
489; 16
490; 20
491; 30
492; 34
493; 34
494; 38
495; 38
496; 42
497; 42
498; 46
499; 46
500; 50
501; 0
502; 4
503; 4
504; 8
505; 8
506; 14
507; 14
508; 18
509; 18
510; 26
511; 20
512; 24
513; 24
514; 28
515; 28
516; 34
517; 34
518; 38
519; 38
520; 46
521; 40
522; 44
523; 44
524; 48
525; 48
526; 54
527; 54
528; 58
529; 58
530; 6
531; 0
532; 8
533; 8
534; 12
535; 12
536; 18
537; 18
538; 22
539; 22
540; 26
541; 20
542; 28
543; 28
544; 32
545; 32
546; 38
547; 38
548; 42
549; 42
550; 46
551; 40
552; 48
553; 48
554; 52
555; 52
556; 58
557; 58
558; 2
559; 2
560; 6
561; 0
562; 4
563; 4
564; 11
565; 11
566; 16
567; 16
568; 24
569; 24
570; 29
571; 30
572; 34
573; 34
574; 41
575; 41
576; 46
577; 46
578; 54
579; 54
580; 59
581; 0
582; 5
583; 5
584; 13
585; 13
586; 18
587; 18
588; 25
589; 25
590; 29
591; 30
592; 35
593; 35
594; 43
595; 43
596; 48
597; 48
598; 55
599; 55
600; 59
601; 0
602; 4
603; 4
604; 12
605; 12
606; 18
607; 18
608; 23
609; 30
610; 34
611; 34
612; 42
613; 42
614; 48
615; 48
616; 53
617; 0
618; 5
619; 5
620; 11
621; 11
622; 19
623; 19
624; 23
625; 30
626; 35
627; 35
628; 41
629; 41
630; 49
631; 49
632; 53
633; 10
634; 14
635; 14
636; 20
637; 20
638; 24
639; 24
640; 29
641; 30
642; 34
643; 34
644; 40
645; 40
646; 44
647; 44
648; 49
649; 50
650; 54
651; 54
652; 0
653; 0
654; 4
655; 4
656; 9
657; 0
658; 5
659; 5
660; 9
661; 9
662; 15
663; 15
664; 19
665; 20
666; 25
667; 25
668; 29
669; 29
670; 35
671; 35
672; 39
673; 40
674; 45
675; 45
676; 49
677; 49
678; 55
679; 55
680; 59
681; 0
682; 4
683; 4
684; 9
685; 9
686; 14
687; 14
688; 19
689; 30
690; 34
691; 34
692; 39
693; 39
694; 44
695; 44
696; 49
697; 0
698; 5
699; 5
700; 10
701; 10
702; 15
703; 15
704; 19
705; 30
706; 35
707; 35
708; 40
709; 40
710; 45
711; 45
712; 49
713; 0
714; 5
715; 5
716; 13
717; 13
718; 19
719; 19
720; 25
721; 0
722; 6
723; 6
724; 12
725; 12
726; 20
727; 20
728; 25
729; 0
730; 8
731; 8
732; 13
733; 13
734; 17
735; 17
736; 22
737; 0
738; 5
739; 5
740; 9
741; 9
742; 14
743; 14
744; 22
745; 0
746; 5
747; 5
748; 10
749; 10
750; 15
751; 15
752; 19
753; 0
754; 4
755; 4
756; 9
757; 9
758; 14
759; 14
760; 19
761; 0
762; 5
763; 5
764; 10
765; 10
766; 16
767; 16
768; 24
769; 0
770; 8
771; 8
772; 14
773; 14
774; 19
775; 19
776; 24
777; 0
778; 4
779; 4
780; 12
781; 12
782; 16
783; 16
784; 21
785; 0
786; 5
787; 5
788; 9
789; 9
790; 17
791; 17
792; 21
793; 0
794; 4
795; 4
796; 12
797; 12
798; 16
799; 16
800; 24
801; 0
802; 8
803; 8
804; 12
805; 12
806; 20
807; 20
808; 24
809; 0
810; 4
811; 4
812; 9
813; 9
814; 14
815; 14
816; 30
817; 0
818; 16
819; 16
820; 21
821; 21
822; 26
823; 26
824; 30
825; 0
826; 4
827; 4
828; 10
829; 10
830; 18
831; 18
832; 22
833; 0
834; 4
835; 4
836; 12
837; 12
838; 18
839; 18
840; 22
841; 0
842; 6
843; 6
844; 12
845; 12
846; 16
847; 16
848; 24
849; 0
850; 8
851; 8
852; 12
853; 12
854; 18
855; 18
856; 24
857; 0
858; 6
859; 6
860; 10
861; 10
862; 16
863; 16
864; 20
865; 0
866; 4
867; 4
868; 10
869; 10
870; 14
871; 14
872; 20
873; 0
874; 5
875; 5
876; 12
877; 12
878; 20
879; 20
880; 24
881; 30
882; 35
883; 35
884; 42
885; 42
886; 50
887; 50
888; 54
889; 0
890; 4
891; 4
892; 12
893; 12
894; 19
895; 19
896; 24
897; 30
898; 34
899; 34
900; 42
901; 42
902; 49
903; 49
904; 54
905; 55
906; 0
907; 0
908; 7
909; 7
910; 12
911; 12
912; 19
913; 25
914; 30
915; 30
916; 37
917; 37
918; 42
919; 42
920; 49
921; 0
922; 7
923; 7
924; 12
925; 12
926; 19
927; 19
928; 24
929; 30
930; 37
931; 37
932; 42
933; 42
934; 49
935; 49
936; 54
937; 0
938; 16
939; 16
940; 20
941; 20
942; 24
943; 24
944; 28
945; 30
946; 46
947; 46
948; 50
949; 50
950; 54
951; 54
952; 58
953; 0
954; 4
955; 4
956; 8
957; 8
958; 12
959; 12
960; 28
961; 30
962; 34
963; 34
964; 38
965; 38
966; 42
967; 42
968; 58
969; 0
970; 5
971; 5
972; 11
973; 11
974; 15
975; 0
976; 4
977; 4
978; 10
979; 10
980; 15
981; 0
982; 8
983; 8
984; 12
985; 12
986; 17
987; 0
988; 5
989; 5
990; 9
991; 9
992; 17
993; 0
994; 5
995; 5
996; 10
997; 10
998; 14
999; 0
1000; 4
1001; 4
1002; 9
1003; 9
1004; 14
1005; 0
1006; 6
1007; 6
1008; 12
1009; 12
1010; 16
1011; 0
1012; 4
1013; 4
1014; 10
1015; 10
1016; 16
1017; 0
1018; 4
1019; 4
1020; 11
1021; 11
1022; 15
1023; 0
1024; 4
1025; 4
1026; 11
1027; 11
1028; 15
1029; 0
1030; 6
1031; 6
1032; 10
1033; 10
1034; 14
1035; 30
1036; 36
1037; 36
1038; 40
1039; 40
1040; 44
1041; 0
1042; 4
1043; 4
1044; 8
1045; 8
1046; 14
1047; 30
1048; 34
1049; 34
1050; 38
1051; 38
1052; 44
1053; 0
1054; 4
1055; 4
1056; 8
1057; 8
1058; 15
1059; 0
1060; 7
1061; 7
1062; 11
1063; 11
1064; 15
1065; 0
1066; 4
1067; 4
1068; 8
1069; 8
1070; 14
1071; 20
1072; 24
1073; 24
1074; 28
1075; 28
1076; 34
1077; 40
1078; 44
1079; 44
1080; 48
1081; 48
1082; 54
1083; 16
1084; 22
1085; 22
1086; 26
1087; 26
1088; 30
1089; 36
1090; 42
1091; 42
1092; 46
1093; 46
1094; 50
1095; 56
1096; 2
1097; 2
1098; 6
1099; 6
1100; 10
1101; 0
1102; 5
1103; 5
1104; 11
1105; 11
1106; 15
1107; 0
1108; 4
1109; 4
1110; 10
1111; 10
1112; 15
1113; 0
1114; 5
1115; 5
1116; 10
1117; 10
1118; 26
1119; 26
1120; 33
1121; 33
1122; 38
1123; 38
1124; 43
1125; 43
1126; 49
1127; 49
1128; 53
1129; 0
1130; 4
1131; 4
1132; 10
1133; 10
1134; 15
1135; 15
1136; 20
1137; 20
1138; 27
1139; 27
1140; 43
1141; 43
1142; 48
1143; 48
1144; 53
1145; 0
1146; 8
1147; 8
1148; 12
1149; 12
1150; 18
1151; 18
1152; 22
1153; 22
1154; 26
1155; 26
1156; 32
1157; 32
1158; 36
1159; 30
1160; 38
1161; 38
1162; 42
1163; 42
1164; 48
1165; 48
1166; 52
1167; 52
1168; 56
1169; 56
1170; 2
1171; 2
1172; 6
1173; 0
1174; 4
1175; 4
1176; 10
1177; 10
1178; 14
1179; 14
1180; 18
1181; 18
1182; 24
1183; 24
1184; 28
1185; 28
1186; 36
1187; 30
1188; 34
1189; 34
1190; 40
1191; 40
1192; 44
1193; 44
1194; 48
1195; 48
1196; 54
1197; 54
1198; 58
1199; 58
1200; 6
1201; 0
1202; 6
1203; 6
1204; 11
1205; 11
1206; 15
1207; 15
1208; 23
1209; 23
1210; 28
1211; 28
1212; 33
1213; 0
1214; 5
1215; 5
1216; 10
1217; 10
1218; 18
1219; 18
1220; 22
1221; 22
1222; 27
1223; 27
1224; 33
1225; 0
1226; 6
1227; 6
1228; 11
1229; 11
1230; 15
1231; 15
1232; 23
1233; 23
1234; 27
1235; 27
1236; 31
1237; 0
1238; 4
1239; 4
1240; 8
1241; 8
1242; 16
1243; 16
1244; 20
1245; 20
1246; 25
1247; 25
1248; 31
1249; 0
1250; 4
1251; 4
1252; 12
1253; 12
1254; 19
1255; 19
1256; 24
1257; 24
1258; 30
1259; 30
1260; 34
1261; 30
1262; 34
1263; 34
1264; 42
1265; 42
1266; 49
1267; 49
1268; 54
1269; 54
1270; 0
1271; 0
1272; 4
1273; 0
1274; 4
1275; 4
1276; 10
1277; 10
1278; 15
1279; 15
1280; 22
1281; 22
1282; 30
1283; 30
1284; 34
1285; 30
1286; 34
1287; 34
1288; 40
1289; 40
1290; 45
1291; 45
1292; 52
1293; 52
1294; 0
1295; 0
1296; 4
1297; 0
1298; 7
1299; 7
1300; 11
1301; 11
1302; 15
1303; 15
1304; 20
1305; 20
1306; 25
1307; 25
1308; 29
1309; 0
1310; 4
1311; 4
1312; 9
1313; 9
1314; 14
1315; 14
1316; 18
1317; 18
1318; 22
1319; 22
1320; 29
1321; 0
1322; 4
1323; 4
1324; 10
1325; 10
1326; 14
1327; 14
1328; 20
1329; 20
1330; 24
1331; 24
1332; 28
1333; 0
1334; 4
1335; 4
1336; 8
1337; 8
1338; 14
1339; 14
1340; 18
1341; 18
1342; 24
1343; 24
1344; 28
1345; 0
1346; 4
1347; 4
1348; 8
1349; 8
1350; 14
1351; 14
1352; 18
1353; 18
1354; 22
1355; 22
1356; 26
1357; 30
1358; 34
1359; 34
1360; 38
1361; 38
1362; 44
1363; 44
1364; 48
1365; 48
1366; 52
1367; 52
1368; 56
1369; 0
1370; 4
1371; 4
1372; 8
1373; 8
1374; 12
1375; 12
1376; 18
1377; 18
1378; 22
1379; 22
1380; 26
1381; 30
1382; 34
1383; 34
1384; 38
1385; 38
1386; 42
1387; 42
1388; 48
1389; 48
1390; 52
1391; 52
1392; 56
1393; 0
1394; 5
1395; 5
1396; 10
1397; 10
1398; 26
1399; 26
1400; 33
1401; 33
1402; 37
1403; 0
1404; 4
1405; 4
1406; 11
1407; 11
1408; 27
1409; 27
1410; 32
1411; 32
1412; 37
1413; 0
1414; 6
1415; 6
1416; 11
1417; 11
1418; 16
1419; 16
1420; 21
1421; 21
1422; 26
1423; 20
1424; 26
1425; 26
1426; 31
1427; 31
1428; 36
1429; 36
1430; 41
1431; 41
1432; 46
1433; 40
1434; 46
1435; 46
1436; 51
1437; 51
1438; 56
1439; 56
1440; 1
1441; 1
1442; 6
1443; 0
1444; 5
1445; 5
1446; 10
1447; 10
1448; 15
1449; 15
1450; 20
1451; 20
1452; 26
1453; 20
1454; 25
1455; 25
1456; 30
1457; 30
1458; 35
1459; 35
1460; 40
1461; 40
1462; 46
1463; 40
1464; 45
1465; 45
1466; 50
1467; 50
1468; 55
1469; 55
1470; 0
1471; 0
1472; 6
1473; 0
1474; 4
1475; 4
1476; 8
1477; 8
1478; 14
1479; 14
1480; 19
1481; 19
1482; 27
1483; 20
1484; 24
1485; 24
1486; 28
1487; 28
1488; 34
1489; 34
1490; 39
1491; 39
1492; 47
1493; 40
1494; 44
1495; 44
1496; 48
1497; 48
1498; 54
1499; 54
1500; 59
1501; 59
1502; 7
1503; 0
1504; 8
1505; 8
1506; 13
1507; 13
1508; 19
1509; 19
1510; 23
1511; 23
1512; 27
1513; 20
1514; 28
1515; 28
1516; 33
1517; 33
1518; 39
1519; 39
1520; 43
1521; 43
1522; 47
1523; 40
1524; 48
1525; 48
1526; 53
1527; 53
1528; 59
1529; 59
1530; 3
1531; 3
1532; 7
1533; 0
1534; 5
1535; 5
1536; 10
1537; 10
1538; 16
1539; 16
1540; 22
1541; 22
1542; 26
1543; 0
1544; 4
1545; 4
1546; 10
1547; 10
1548; 16
1549; 16
1550; 21
1551; 21
1552; 26
1553; 0
1554; 8
1555; 8
1556; 13
1557; 13
1558; 17
1559; 17
1560; 21
1561; 0
1562; 4
1563; 4
1564; 8
1565; 8
1566; 13
1567; 13
1568; 21
1569; 0
1570; 5
1571; 5
1572; 10
1573; 10
1574; 14
1575; 14
1576; 18
1577; 0
1578; 4
1579; 4
1580; 8
1581; 8
1582; 13
1583; 13
1584; 18
1585; 0
1586; 5
1587; 5
1588; 12
1589; 12
1590; 17
1591; 17
1592; 21
1593; 20
1594; 25
1595; 25
1596; 32
1597; 32
1598; 37
1599; 37
1600; 41
1601; 40
1602; 45
1603; 45
1604; 52
1605; 52
1606; 57
1607; 57
1608; 1
1609; 0
1610; 4
1611; 4
1612; 9
1613; 9
1614; 16
1615; 16
1616; 21
1617; 20
1618; 24
1619; 24
1620; 29
1621; 29
1622; 36
1623; 36
1624; 41
1625; 40
1626; 44
1627; 44
1628; 49
1629; 49
1630; 56
1631; 56
1632; 1
1633; 0
1634; 4
1635; 4
1636; 10
1637; 10
1638; 14
1639; 14
1640; 18
1641; 20
1642; 24
1643; 24
1644; 30
1645; 30
1646; 34
1647; 34
1648; 38
1649; 40
1650; 44
1651; 44
1652; 50
1653; 50
1654; 54
1655; 54
1656; 58
1657; 0
1658; 4
1659; 4
1660; 8
1661; 8
1662; 14
1663; 14
1664; 18
1665; 20
1666; 24
1667; 24
1668; 28
1669; 28
1670; 34
1671; 34
1672; 38
1673; 40
1674; 44
1675; 44
1676; 48
1677; 48
1678; 54
1679; 54
1680; 58
1681; 0
1682; 8
1683; 8
1684; 13
1685; 13
1686; 17
1687; 20
1688; 28
1689; 28
1690; 33
1691; 33
1692; 37
1693; 40
1694; 48
1695; 48
1696; 53
1697; 53
1698; 57
1699; 0
1700; 4
1701; 4
1702; 9
1703; 9
1704; 17
1705; 20
1706; 24
1707; 24
1708; 29
1709; 29
1710; 37
1711; 40
1712; 44
1713; 44
1714; 49
1715; 49
1716; 57
1717; 0
1718; 4
1719; 4
1720; 9
1721; 9
1722; 13
1723; 30
1724; 34
1725; 34
1726; 39
1727; 39
1728; 43
1729; 0
1730; 4
1731; 4
1732; 9
1733; 9
1734; 13
1735; 30
1736; 34
1737; 34
1738; 39
1739; 39
1740; 43
1741; 0
1742; 5
1743; 0
1744; 5
1745; 0
1746; 16
1747; 0
1748; 16
1749; 0
1750; 5
1751; 5
1752; 10
1753; 10
1754; 16
1755; 0
1756; 6
1757; 6
1758; 11
1759; 11
1760; 16
1761; 0
1762; 5
1763; 5
1764; 10
1765; 10
1766; 16
1767; 16
1768; 22
1769; 30
1770; 35
1771; 35
1772; 40
1773; 40
1774; 46
1775; 46
1776; 52
1777; 0
1778; 6
1779; 6
1780; 12
1781; 12
1782; 17
1783; 17
1784; 22
1785; 30
1786; 36
1787; 36
1788; 42
1789; 42
1790; 47
1791; 47
1792; 52
1793; 0
1794; 6
1795; 6
1796; 12
1797; 0
1798; 6
1799; 6
1800; 12
1801; 0
1802; 5
1803; 5
1804; 10
1805; 10
1806; 17
1807; 15
1808; 20
1809; 20
1810; 25
1811; 25
1812; 32
1813; 30
1814; 35
1815; 35
1816; 40
1817; 40
1818; 47
1819; 45
1820; 50
1821; 50
1822; 55
1823; 55
1824; 2
1825; 0
1826; 7
1827; 7
1828; 12
1829; 12
1830; 17
1831; 15
1832; 22
1833; 22
1834; 27
1835; 27
1836; 32
1837; 30
1838; 37
1839; 37
1840; 42
1841; 42
1842; 47
1843; 45
1844; 52
1845; 52
1846; 57
1847; 57
1848; 2
1849; 0
1850; 5
1851; 5
1852; 11
1853; 0
1854; 6
1855; 6
1856; 11
1857; 0
1858; 5
1859; 5
1860; 13
1861; 0
1862; 8
1863; 8
1864; 13
1865; 0
1866; 7
1867; 7
1868; 15
1869; 15
1870; 19
1871; 19
1872; 24
1873; 30
1874; 37
1875; 37
1876; 45
1877; 45
1878; 49
1879; 49
1880; 54
1881; 0
1882; 5
1883; 5
1884; 9
1885; 9
1886; 17
1887; 17
1888; 24
1889; 30
1890; 35
1891; 35
1892; 39
1893; 39
1894; 47
1895; 47
1896; 54
1897; 21
1898; 25
1899; 25
1900; 29
1901; 29
1902; 33
1903; 33
1904; 37
1905; 37
1906; 41
1907; 41
1908; 49
1909; 28
1910; 32
1911; 32
1912; 36
1913; 36
1914; 40
1915; 40
1916; 44
1917; 44
1918; 48
1919; 48
1920; 56
1921; 36
1922; 40
1923; 40
1924; 44
1925; 44
1926; 48
1927; 48
1928; 52
1929; 52
1930; 56
1931; 56
1932; 4
1933; 43
1934; 47
1935; 47
1936; 51
1937; 51
1938; 55
1939; 55
1940; 59
1941; 59
1942; 3
1943; 3
1944; 11
1945; 51
1946; 55
1947; 55
1948; 59
1949; 59
1950; 3
1951; 3
1952; 7
1953; 7
1954; 11
1955; 11
1956; 19
1957; 58
1958; 2
1959; 2
1960; 6
1961; 6
1962; 10
1963; 10
1964; 14
1965; 14
1966; 18
1967; 18
1968; 26
1969; 6
1970; 10
1971; 10
1972; 14
1973; 14
1974; 18
1975; 18
1976; 22
1977; 22
1978; 26
1979; 26
1980; 34
1981; 13
1982; 17
1983; 17
1984; 21
1985; 21
1986; 25
1987; 25
1988; 29
1989; 29
1990; 33
1991; 33
1992; 41
1993; 0
1994; 8
1995; 8
1996; 12
1997; 12
1998; 16
1999; 16
2000; 20
2001; 20
2002; 24
2003; 24
2004; 28
2005; 7
2006; 15
2007; 15
2008; 19
2009; 19
2010; 23
2011; 23
2012; 27
2013; 27
2014; 31
2015; 31
2016; 35
2017; 15
2018; 23
2019; 23
2020; 27
2021; 27
2022; 31
2023; 31
2024; 35
2025; 35
2026; 39
2027; 39
2028; 43
2029; 22
2030; 30
2031; 30
2032; 34
2033; 34
2034; 38
2035; 38
2036; 42
2037; 42
2038; 46
2039; 46
2040; 50
2041; 30
2042; 38
2043; 38
2044; 42
2045; 42
2046; 46
2047; 46
2048; 50
2049; 50
2050; 54
2051; 54
2052; 58
2053; 37
2054; 45
2055; 45
2056; 49
2057; 49
2058; 53
2059; 53
2060; 57
2061; 57
2062; 1
2063; 1
2064; 5
2065; 45
2066; 53
2067; 53
2068; 57
2069; 57
2070; 1
2071; 1
2072; 5
2073; 5
2074; 9
2075; 9
2076; 13
2077; 52
2078; 0
2079; 0
2080; 4
2081; 4
2082; 8
2083; 8
2084; 12
2085; 12
2086; 16
2087; 16
2088; 20
