#event-id; time
1; 1
2; 5
3; 5
4; 22
5; 22
6; 33
7; 33
8; 34
9; 34
10; 40
11; 40
12; 43
13; 0
14; 3
15; 3
16; 9
17; 9
18; 10
19; 10
20; 21
21; 21
22; 38
23; 38
24; 42
25; 0
26; 9
27; 9
28; 15
29; 15
30; 26
31; 26
32; 36
33; 1
34; 11
35; 11
36; 22
37; 22
38; 28
39; 28
40; 37
41; 0
42; 4
43; 4
44; 18
45; 18
46; 24
47; 24
48; 38
49; 0
50; 14
51; 14
52; 20
53; 20
54; 34
55; 34
56; 38
57; 0
58; 22
59; 22
60; 39
61; 39
62; 54
63; 0
64; 15
65; 15
66; 32
67; 32
68; 54
69; 0
70; 10
71; 10
72; 20
73; 20
74; 35
75; 0
76; 15
77; 15
78; 25
79; 25
80; 35
81; 0
82; 1
83; 1
84; 12
85; 12
86; 18
87; 0
88; 6
89; 6
90; 17
91; 17
92; 18
93; 0
94; 5
95; 5
96; 8
97; 8
98; 16
99; 49
100; 57
101; 57
102; 0
103; 0
104; 5
105; 0
106; 9
107; 9
108; 24
109; 0
110; 15
111; 15
112; 24
113; 0
114; 22
115; 22
116; 31
117; 0
118; 9
119; 9
120; 31
121; 0
122; 8
123; 8
124; 16
125; 0
126; 8
127; 8
128; 16
129; 0
130; 8
131; 8
132; 17
133; 0
134; 9
135; 9
136; 17
137; 5
138; 29
139; 29
140; 31
141; 31
142; 33
143; 33
144; 35
145; 35
146; 39
147; 39
148; 42
149; 42
150; 46
151; 46
152; 50
153; 50
154; 53
155; 53
156; 0
157; 59
158; 6
159; 6
160; 9
161; 9
162; 13
163; 13
164; 17
165; 17
166; 20
167; 20
168; 24
169; 24
170; 26
171; 26
172; 28
173; 28
174; 30
175; 30
176; 54
177; 0
178; 6
179; 6
180; 13
181; 13
182; 17
183; 17
184; 20
185; 20
186; 24
187; 24
188; 26
189; 26
190; 28
191; 28
192; 30
193; 30
194; 44
195; 0
196; 14
197; 14
198; 16
199; 16
200; 18
201; 18
202; 20
203; 20
204; 24
205; 24
206; 27
207; 27
208; 31
209; 31
210; 38
211; 38
212; 44
213; 40
214; 52
215; 52
216; 56
217; 56
218; 59
219; 59
220; 3
221; 3
222; 7
223; 7
224; 16
225; 16
226; 23
227; 23
228; 32
229; 27
230; 36
231; 36
232; 43
233; 43
234; 52
235; 52
236; 56
237; 56
238; 0
239; 0
240; 3
241; 3
242; 7
243; 7
244; 19
245; 4
246; 15
247; 15
248; 18
249; 18
250; 27
251; 27
252; 33
253; 33
254; 35
255; 35
256; 40
257; 40
258; 44
259; 44
260; 47
261; 24
262; 35
263; 35
264; 38
265; 38
266; 47
267; 47
268; 53
269; 53
270; 55
271; 55
272; 0
273; 0
274; 4
275; 4
276; 7
277; 44
278; 55
279; 55
280; 58
281; 58
282; 7
283; 7
284; 13
285; 13
286; 15
287; 15
288; 20
289; 20
290; 24
291; 24
292; 27
293; 52
294; 55
295; 55
296; 59
297; 59
298; 4
299; 4
300; 6
301; 6
302; 12
303; 12
304; 21
305; 21
306; 24
307; 24
308; 35
309; 12
310; 15
311; 15
312; 19
313; 19
314; 24
315; 24
316; 26
317; 26
318; 32
319; 32
320; 41
321; 41
322; 44
323; 44
324; 55
325; 32
326; 35
327; 35
328; 39
329; 39
330; 44
331; 44
332; 46
333; 46
334; 52
335; 52
336; 1
337; 1
338; 4
339; 4
340; 15
341; 44
342; 5
343; 5
344; 11
345; 11
346; 13
347; 13
348; 14
349; 14
350; 22
351; 22
352; 29
353; 29
354; 32
355; 17
356; 20
357; 20
358; 27
359; 27
360; 35
361; 35
362; 36
363; 36
364; 38
365; 38
366; 44
367; 44
368; 5
369; 0
370; 13
371; 13
372; 21
373; 21
374; 25
375; 25
376; 35
377; 35
378; 40
379; 40
380; 50
381; 0
382; 10
383; 10
384; 15
385; 15
386; 25
387; 25
388; 29
389; 29
390; 37
391; 37
392; 50
393; 44
394; 53
395; 53
396; 56
397; 56
398; 2
399; 2
400; 11
401; 11
402; 20
403; 20
404; 23
405; 0
406; 3
407; 3
408; 12
409; 12
410; 21
411; 21
412; 27
413; 27
414; 30
415; 30
416; 39
417; 17
418; 41
419; 41
420; 45
421; 45
422; 52
423; 52
424; 14
425; 14
426; 25
427; 44
428; 55
429; 55
430; 17
431; 17
432; 24
433; 24
434; 28
435; 28
436; 52
437; 0
438; 7
439; 7
440; 13
441; 13
442; 17
443; 17
444; 20
445; 20
446; 27
447; 0
448; 7
449; 7
450; 10
451; 10
452; 14
453; 14
454; 20
455; 20
456; 27
457; 21
458; 23
459; 23
460; 39
461; 39
462; 48
463; 48
464; 2
465; 2
466; 6
467; 0
468; 4
469; 4
470; 18
471; 18
472; 27
473; 27
474; 43
475; 43
476; 45
477; 0
478; 13
479; 13
480; 14
481; 14
482; 25
483; 25
484; 27
485; 0
486; 2
487; 2
488; 13
489; 13
490; 14
491; 14
492; 27
493; 0
494; 16
495; 16
496; 19
497; 19
498; 32
499; 32
500; 38
501; 0
502; 6
503; 6
504; 19
505; 19
506; 22
507; 22
508; 38
509; 1
510; 12
511; 12
512; 18
513; 18
514; 33
515; 33
516; 39
517; 30
518; 36
519; 36
520; 51
521; 51
522; 57
523; 57
524; 8
525; 0
526; 11
527; 11
528; 21
529; 21
530; 30
531; 30
532; 49
533; 44
534; 3
535; 3
536; 12
537; 12
538; 22
539; 22
540; 33
541; 56
542; 59
543; 59
544; 9
545; 9
546; 15
547; 15
548; 17
549; 11
550; 14
551; 14
552; 24
553; 24
554; 30
555; 30
556; 32
557; 26
558; 29
559; 29
560; 39
561; 39
562; 45
563; 45
564; 47
565; 41
566; 44
567; 44
568; 54
569; 54
570; 0
571; 0
572; 2
573; 2
574; 4
575; 4
576; 10
577; 10
578; 20
579; 20
580; 23
581; 17
582; 19
583; 19
584; 25
585; 25
586; 35
587; 35
588; 38
589; 32
590; 34
591; 34
592; 40
593; 40
594; 50
595; 50
596; 53
597; 47
598; 49
599; 49
600; 55
601; 55
602; 5
603; 5
604; 8
605; 0
606; 13
607; 13
608; 24
609; 24
610; 36
611; 0
612; 12
613; 12
614; 23
615; 23
616; 36
617; 1
618; 7
619; 7
620; 16
621; 16
622; 35
623; 0
624; 19
625; 19
626; 28
627; 28
628; 34
629; 0
630; 9
631; 9
632; 16
633; 16
634; 23
635; 0
636; 7
637; 7
638; 14
639; 14
640; 23
641; 0
642; 9
643; 9
644; 15
645; 15
646; 25
647; 0
648; 10
649; 10
650; 16
651; 16
652; 25
653; 0
654; 9
655; 9
656; 15
657; 15
658; 20
659; 0
660; 5
661; 5
662; 11
663; 11
664; 20
665; 8
666; 18
667; 18
668; 33
669; 33
670; 48
671; 0
672; 15
673; 15
674; 30
675; 30
676; 40
677; 0
678; 6
679; 6
680; 13
681; 13
682; 29
683; 0
684; 16
685; 16
686; 23
687; 23
688; 29
689; 19
690; 30
691; 30
692; 36
693; 36
694; 38
695; 1
696; 3
697; 3
698; 9
699; 9
700; 20
701; 0
702; 6
703; 6
704; 19
705; 19
706; 25
707; 0
708; 6
709; 6
710; 19
711; 19
712; 25
713; 20
714; 36
715; 36
716; 45
717; 0
718; 9
719; 9
720; 25
721; 0
722; 24
723; 24
724; 27
725; 0
726; 3
727; 3
728; 27
729; 0
730; 4
731; 4
732; 11
733; 0
734; 7
735; 7
736; 11
737; 51
738; 53
739; 53
740; 54
741; 54
742; 2
743; 2
744; 6
745; 6
746; 16
747; 16
748; 20
749; 19
750; 23
751; 23
752; 33
753; 33
754; 37
755; 37
756; 45
757; 45
758; 46
759; 46
760; 48
761; 5
762; 8
763; 8
764; 15
765; 15
766; 23
767; 23
768; 24
769; 24
770; 26
771; 26
772; 32
773; 32
774; 40
775; 40
776; 43
777; 43
778; 48
779; 51
780; 56
781; 56
782; 59
783; 59
784; 7
785; 7
786; 13
787; 13
788; 15
789; 15
790; 16
791; 16
792; 24
793; 24
794; 31
795; 31
796; 34
797; 0
798; 9
799; 9
800; 12
801; 12
802; 18
803; 18
804; 28
805; 37
806; 47
807; 47
808; 53
809; 53
810; 56
811; 56
812; 5
813; 0
814; 7
815; 7
816; 11
817; 11
818; 13
819; 13
820; 15
821; 15
822; 17
823; 17
824; 21
825; 21
826; 24
827; 24
828; 28
829; 28
830; 32
831; 0
832; 4
833; 4
834; 8
835; 8
836; 11
837; 11
838; 15
839; 15
840; 17
841; 17
842; 19
843; 19
844; 21
845; 21
846; 25
847; 25
848; 32
849; 45
850; 48
851; 48
852; 1
853; 1
854; 6
855; 6
856; 8
857; 8
858; 18
859; 55
860; 58
861; 58
862; 11
863; 11
864; 16
865; 16
866; 18
867; 18
868; 28
869; 5
870; 8
871; 8
872; 21
873; 21
874; 26
875; 26
876; 28
877; 28
878; 38
879; 15
880; 18
881; 18
882; 31
883; 31
884; 36
885; 36
886; 38
887; 38
888; 48
889; 25
890; 28
891; 28
892; 41
893; 41
894; 46
895; 46
896; 48
897; 48
898; 58
899; 35
900; 38
901; 38
902; 51
903; 51
904; 56
905; 56
906; 58
907; 58
908; 8
909; 31
910; 41
911; 41
912; 43
913; 43
914; 48
915; 48
916; 1
917; 1
918; 4
919; 41
920; 51
921; 51
922; 53
923; 53
924; 58
925; 58
926; 11
927; 11
928; 14
929; 51
930; 1
931; 1
932; 3
933; 3
934; 8
935; 8
936; 21
937; 21
938; 24
939; 1
940; 11
941; 11
942; 13
943; 13
944; 18
945; 18
946; 31
947; 31
948; 34
949; 11
950; 21
951; 21
952; 23
953; 23
954; 28
955; 28
956; 41
957; 41
958; 44
959; 21
960; 31
961; 31
962; 33
963; 33
964; 38
965; 38
966; 51
967; 51
968; 54
969; 32
970; 35
971; 35
972; 39
973; 39
974; 42
975; 42
976; 44
977; 44
978; 46
979; 46
980; 48
981; 48
982; 51
983; 51
984; 53
985; 53
986; 55
987; 55
988; 58
989; 58
990; 0
991; 0
992; 1
993; 42
994; 45
995; 45
996; 49
997; 49
998; 52
999; 52
1000; 54
1001; 54
1002; 56
1003; 56
1004; 58
1005; 58
1006; 1
1007; 1
1008; 3
1009; 3
1010; 5
1011; 5
1012; 8
1013; 8
1014; 10
1015; 10
1016; 11
1017; 52
1018; 55
1019; 55
1020; 59
1021; 59
1022; 2
1023; 2
1024; 4
1025; 4
1026; 6
1027; 6
1028; 8
1029; 8
1030; 11
1031; 11
1032; 13
1033; 13
1034; 15
1035; 15
1036; 18
1037; 18
1038; 20
1039; 20
1040; 21
1041; 2
1042; 5
1043; 5
1044; 9
1045; 9
1046; 12
1047; 12
1048; 14
1049; 14
1050; 16
1051; 16
1052; 18
1053; 18
1054; 21
1055; 21
1056; 23
1057; 23
1058; 25
1059; 25
1060; 28
1061; 28
1062; 30
1063; 30
1064; 31
1065; 12
1066; 15
1067; 15
1068; 19
1069; 19
1070; 22
1071; 22
1072; 24
1073; 24
1074; 26
1075; 26
1076; 28
1077; 28
1078; 31
1079; 31
1080; 33
1081; 33
1082; 35
1083; 35
1084; 38
1085; 38
1086; 40
1087; 40
1088; 41
1089; 22
1090; 25
1091; 25
1092; 29
1093; 29
1094; 32
1095; 32
1096; 34
1097; 34
1098; 36
1099; 36
1100; 38
1101; 38
1102; 41
1103; 41
1104; 43
1105; 43
1106; 45
1107; 45
1108; 48
1109; 48
1110; 50
1111; 50
1112; 51
1113; 55
1114; 56
1115; 56
1116; 58
1117; 58
1118; 1
1119; 1
1120; 3
1121; 3
1122; 5
1123; 5
1124; 8
1125; 8
1126; 10
1127; 10
1128; 12
1129; 12
1130; 14
1131; 14
1132; 17
1133; 17
1134; 21
1135; 21
1136; 24
1137; 5
1138; 6
1139; 6
1140; 8
1141; 8
1142; 11
1143; 11
1144; 13
1145; 13
1146; 15
1147; 15
1148; 18
1149; 18
1150; 20
1151; 20
1152; 22
1153; 22
1154; 24
1155; 24
1156; 27
1157; 27
1158; 31
1159; 31
1160; 34
1161; 15
1162; 16
1163; 16
1164; 18
1165; 18
1166; 21
1167; 21
1168; 23
1169; 23
1170; 25
1171; 25
1172; 28
1173; 28
1174; 30
1175; 30
1176; 32
1177; 32
1178; 34
1179; 34
1180; 37
1181; 37
1182; 41
1183; 41
1184; 44
1185; 25
1186; 26
1187; 26
1188; 28
1189; 28
1190; 31
1191; 31
1192; 33
1193; 33
1194; 35
1195; 35
1196; 38
1197; 38
1198; 40
1199; 40
1200; 42
1201; 42
1202; 44
1203; 44
1204; 47
1205; 47
1206; 51
1207; 51
1208; 54
1209; 35
1210; 36
1211; 36
1212; 38
1213; 38
1214; 41
1215; 41
1216; 43
1217; 43
1218; 45
1219; 45
1220; 48
1221; 48
1222; 50
1223; 50
1224; 52
1225; 52
1226; 54
1227; 54
1228; 57
1229; 57
1230; 1
1231; 1
1232; 4
1233; 45
1234; 46
1235; 46
1236; 48
1237; 48
1238; 51
1239; 51
1240; 53
1241; 53
1242; 55
1243; 55
1244; 58
1245; 58
1246; 0
1247; 0
1248; 2
1249; 2
1250; 4
1251; 4
1252; 7
1253; 7
1254; 11
1255; 11
1256; 14
1257; 31
1258; 34
1259; 34
1260; 41
1261; 41
1262; 51
1263; 51
1264; 54
1265; 41
1266; 44
1267; 44
1268; 51
1269; 51
1270; 1
1271; 1
1272; 4
1273; 51
1274; 54
1275; 54
1276; 1
1277; 1
1278; 11
1279; 11
1280; 14
1281; 1
1282; 4
1283; 4
1284; 11
1285; 11
1286; 21
1287; 21
1288; 24
1289; 11
1290; 14
1291; 14
1292; 21
1293; 21
1294; 31
1295; 31
1296; 34
1297; 21
1298; 24
1299; 24
1300; 31
1301; 31
1302; 41
1303; 41
1304; 44
1305; 55
1306; 58
1307; 58
1308; 8
1309; 8
1310; 15
1311; 15
1312; 18
1313; 5
1314; 8
1315; 8
1316; 18
1317; 18
1318; 25
1319; 25
1320; 28
1321; 15
1322; 18
1323; 18
1324; 28
1325; 28
1326; 35
1327; 35
1328; 38
1329; 25
1330; 28
1331; 28
1332; 38
1333; 38
1334; 45
1335; 45
1336; 48
1337; 35
1338; 38
1339; 38
1340; 48
1341; 48
1342; 55
1343; 55
1344; 58
1345; 45
1346; 48
1347; 48
1348; 58
1349; 58
1350; 5
1351; 5
1352; 8
