#event-id; time
1; 0
2; 4
3; 4
4; 10
5; 10
6; 14
7; 14
8; 31
9; 31
10; 37
11; 37
12; 42
13; 0
14; 5
15; 5
16; 11
17; 11
18; 28
19; 28
20; 32
21; 32
22; 38
23; 38
24; 42
25; 55
26; 59
27; 59
28; 6
29; 6
30; 11
31; 11
32; 16
33; 16
34; 23
35; 23
36; 27
37; 15
38; 19
39; 19
40; 26
41; 26
42; 31
43; 31
44; 36
45; 36
46; 43
47; 43
48; 47
49; 35
50; 39
51; 39
52; 46
53; 46
54; 51
55; 51
56; 56
57; 56
58; 3
59; 3
60; 7
61; 55
62; 59
63; 59
64; 6
65; 6
66; 11
67; 11
68; 16
69; 16
70; 23
71; 23
72; 27
73; 15
74; 19
75; 19
76; 26
77; 26
78; 31
79; 31
80; 36
81; 36
82; 43
83; 43
84; 47
85; 35
86; 39
87; 39
88; 46
89; 46
90; 51
91; 51
92; 56
93; 56
94; 3
95; 3
96; 7
97; 54
98; 2
99; 2
100; 7
101; 7
102; 11
103; 11
104; 16
105; 24
106; 29
107; 29
108; 33
109; 33
110; 38
111; 38
112; 46
113; 24
114; 28
115; 28
116; 36
117; 36
118; 40
119; 40
120; 45
121; 54
122; 59
123; 59
124; 3
125; 3
126; 11
127; 11
128; 15
129; 0
130; 8
131; 8
132; 12
133; 12
134; 17
135; 30
136; 35
137; 35
138; 39
139; 39
140; 47
141; 21
142; 26
143; 26
144; 31
145; 31
146; 47
147; 47
148; 54
149; 54
150; 59
151; 59
152; 4
153; 4
154; 10
155; 10
156; 14
157; 51
158; 56
159; 56
160; 1
161; 1
162; 17
163; 17
164; 24
165; 24
166; 29
167; 29
168; 34
169; 34
170; 40
171; 40
172; 44
173; 21
174; 25
175; 25
176; 31
177; 31
178; 36
179; 36
180; 41
181; 41
182; 48
183; 48
184; 4
185; 4
186; 9
187; 9
188; 14
189; 51
190; 55
191; 55
192; 1
193; 1
194; 6
195; 6
196; 11
197; 11
198; 18
199; 18
200; 34
201; 34
202; 39
203; 39
204; 44
205; 45
206; 51
207; 51
208; 56
209; 56
210; 0
211; 0
212; 8
213; 8
214; 13
215; 13
216; 18
217; 45
218; 50
219; 50
220; 55
221; 55
222; 3
223; 3
224; 7
225; 7
226; 12
227; 12
228; 18
229; 0
230; 4
231; 4
232; 12
233; 12
234; 19
235; 19
236; 24
237; 24
238; 30
239; 30
240; 34
241; 0
242; 4
243; 4
244; 10
245; 10
246; 15
247; 15
248; 22
249; 22
250; 30
251; 30
252; 34
253; 14
254; 18
255; 18
256; 22
257; 22
258; 28
259; 28
260; 32
261; 32
262; 36
263; 36
264; 40
265; 44
266; 48
267; 48
268; 52
269; 52
270; 58
271; 58
272; 2
273; 2
274; 6
275; 6
276; 10
277; 44
278; 48
279; 48
280; 52
281; 52
282; 56
283; 56
284; 2
285; 2
286; 6
287; 6
288; 10
289; 14
290; 18
291; 18
292; 22
293; 22
294; 26
295; 26
296; 32
297; 32
298; 36
299; 36
300; 40
301; 37
302; 41
303; 41
304; 46
305; 46
306; 52
307; 52
308; 0
309; 7
310; 15
311; 15
312; 21
313; 21
314; 26
315; 26
316; 30
317; 35
318; 43
319; 43
320; 48
321; 48
322; 52
323; 5
324; 9
325; 9
326; 14
327; 14
328; 22
329; 19
330; 24
331; 24
332; 29
333; 29
334; 35
335; 35
336; 41
337; 34
338; 39
339; 39
340; 44
341; 44
342; 50
343; 50
344; 56
345; 49
346; 54
347; 54
348; 59
349; 59
350; 5
351; 5
352; 11
353; 4
354; 9
355; 9
356; 14
357; 14
358; 20
359; 20
360; 26
361; 49
362; 55
363; 55
364; 1
365; 1
366; 6
367; 6
368; 11
369; 4
370; 10
371; 10
372; 16
373; 16
374; 21
375; 21
376; 26
377; 19
378; 25
379; 25
380; 31
381; 31
382; 36
383; 36
384; 41
385; 34
386; 40
387; 40
388; 46
389; 46
390; 51
391; 51
392; 56
393; 59
394; 6
395; 6
396; 14
397; 14
398; 18
399; 18
400; 23
401; 29
402; 36
403; 36
404; 44
405; 44
406; 48
407; 48
408; 53
409; 29
410; 34
411; 34
412; 38
413; 38
414; 46
415; 46
416; 53
417; 59
418; 4
419; 4
420; 8
421; 8
422; 16
423; 16
424; 23
425; 44
426; 48
427; 48
428; 52
429; 52
430; 56
431; 56
432; 0
433; 0
434; 4
435; 4
436; 12
437; 4
438; 8
439; 8
440; 12
441; 12
442; 16
443; 16
444; 20
445; 20
446; 24
447; 24
448; 32
449; 24
450; 28
451; 28
452; 32
453; 32
454; 36
455; 36
456; 40
457; 40
458; 44
459; 44
460; 52
461; 14
462; 22
463; 22
464; 26
465; 26
466; 30
467; 30
468; 34
469; 34
470; 38
471; 38
472; 42
473; 34
474; 42
475; 42
476; 46
477; 46
478; 50
479; 50
480; 54
481; 54
482; 58
483; 58
484; 2
485; 54
486; 2
487; 2
488; 6
489; 6
490; 10
491; 10
492; 14
493; 14
494; 18
495; 18
496; 22
