#event-id; time
1; 0
2; 5
3; 5
4; 9
5; 9
6; 14
7; 14
8; 22
9; 22
10; 30
11; 30
12; 34
13; 34
14; 38
15; 38
16; 44
17; 44
18; 48
19; 0
20; 4
21; 4
22; 10
23; 10
24; 14
25; 14
26; 18
27; 18
28; 26
29; 26
30; 34
31; 34
32; 39
33; 39
34; 43
35; 43
36; 48
37; 44
38; 49
39; 49
40; 54
41; 54
42; 59
43; 59
44; 7
45; 7
46; 15
47; 15
48; 19
49; 19
50; 23
51; 23
52; 29
53; 29
54; 33
55; 4
56; 9
57; 9
58; 14
59; 14
60; 19
61; 19
62; 27
63; 27
64; 35
65; 35
66; 39
67; 39
68; 43
69; 43
70; 49
71; 49
72; 53
73; 24
74; 29
75; 29
76; 34
77; 34
78; 39
79; 39
80; 47
81; 47
82; 55
83; 55
84; 59
85; 59
86; 3
87; 3
88; 9
89; 9
90; 13
91; 0
92; 4
93; 4
94; 10
95; 10
96; 14
97; 14
98; 18
99; 18
100; 26
101; 26
102; 34
103; 34
104; 39
105; 39
106; 44
107; 44
108; 49
109; 20
110; 24
111; 24
112; 30
113; 30
114; 34
115; 34
116; 38
117; 38
118; 46
119; 46
120; 54
121; 54
122; 59
123; 59
124; 4
125; 4
126; 9
127; 40
128; 44
129; 44
130; 50
131; 50
132; 54
133; 54
134; 58
135; 58
136; 6
137; 6
138; 14
139; 14
140; 19
141; 19
142; 24
143; 24
144; 29
145; 0
146; 4
147; 4
148; 12
149; 12
150; 19
151; 19
152; 24
153; 24
154; 28
155; 28
156; 32
157; 32
158; 40
159; 40
160; 46
161; 0
162; 6
163; 6
164; 14
165; 14
166; 18
167; 18
168; 22
169; 22
170; 27
171; 27
172; 34
173; 34
174; 42
175; 42
176; 46
177; 17
178; 22
179; 22
180; 38
181; 38
182; 45
183; 45
184; 49
185; 49
186; 5
187; 5
188; 9
189; 9
190; 13
191; 13
192; 17
193; 32
194; 37
195; 37
196; 53
197; 53
198; 0
199; 0
200; 4
201; 4
202; 20
203; 20
204; 24
205; 24
206; 28
207; 28
208; 32
209; 47
210; 52
211; 52
212; 8
213; 8
214; 15
215; 15
216; 19
217; 19
218; 35
219; 35
220; 39
221; 39
222; 43
223; 43
224; 47
225; 2
226; 7
227; 7
228; 23
229; 23
230; 30
231; 30
232; 34
233; 34
234; 50
235; 50
236; 54
237; 54
238; 58
239; 58
240; 2
241; 47
242; 51
243; 51
244; 55
245; 55
246; 59
247; 59
248; 15
249; 15
250; 19
251; 19
252; 26
253; 26
254; 42
255; 42
256; 47
257; 2
258; 6
259; 6
260; 10
261; 10
262; 14
263; 14
264; 30
265; 30
266; 34
267; 34
268; 41
269; 41
270; 57
271; 57
272; 2
273; 17
274; 21
275; 21
276; 25
277; 25
278; 29
279; 29
280; 45
281; 45
282; 49
283; 49
284; 56
285; 56
286; 12
287; 12
288; 17
289; 32
290; 36
291; 36
292; 40
293; 40
294; 44
295; 44
296; 0
297; 0
298; 4
299; 4
300; 11
301; 11
302; 27
303; 27
304; 32
305; 0
306; 6
307; 6
308; 11
309; 11
310; 15
311; 15
312; 20
313; 20
314; 24
315; 24
316; 29
317; 29
318; 34
319; 0
320; 5
321; 5
322; 10
323; 10
324; 14
325; 14
326; 19
327; 19
328; 23
329; 23
330; 28
331; 28
332; 34
333; 17
334; 21
335; 21
336; 29
337; 29
338; 36
339; 36
340; 41
341; 41
342; 45
343; 45
344; 49
345; 49
346; 56
347; 37
348; 41
349; 41
350; 49
351; 49
352; 56
353; 56
354; 1
355; 1
356; 5
357; 5
358; 9
359; 9
360; 16
361; 57
362; 1
363; 1
364; 9
365; 9
366; 16
367; 16
368; 21
369; 21
370; 25
371; 25
372; 29
373; 29
374; 36
375; 2
376; 9
377; 9
378; 13
379; 13
380; 17
381; 17
382; 22
383; 22
384; 29
385; 29
386; 37
387; 37
388; 41
389; 22
390; 29
391; 29
392; 33
393; 33
394; 37
395; 37
396; 42
397; 42
398; 49
399; 49
400; 57
401; 57
402; 1
403; 42
404; 49
405; 49
406; 53
407; 53
408; 57
409; 57
410; 2
411; 2
412; 9
413; 9
414; 17
415; 17
416; 21
417; 0
418; 4
419; 4
420; 10
421; 10
422; 14
423; 14
424; 20
425; 20
426; 24
427; 24
428; 30
429; 30
430; 34
431; 0
432; 4
433; 4
434; 10
435; 10
436; 14
437; 14
438; 20
439; 20
440; 24
441; 24
442; 30
443; 30
444; 34
445; 13
446; 19
447; 19
448; 24
449; 24
450; 28
451; 28
452; 36
453; 36
454; 41
455; 41
456; 46
457; 43
458; 49
459; 49
460; 54
461; 54
462; 58
463; 58
464; 6
465; 6
466; 11
467; 11
468; 16
469; 44
470; 49
471; 49
472; 54
473; 54
474; 2
475; 2
476; 6
477; 6
478; 11
479; 11
480; 17
481; 14
482; 19
483; 19
484; 24
485; 24
486; 32
487; 32
488; 36
489; 36
490; 41
491; 41
492; 47
493; 0
494; 6
495; 6
496; 11
497; 11
498; 16
499; 16
500; 21
501; 21
502; 26
503; 0
504; 5
505; 5
506; 10
507; 10
508; 15
509; 15
510; 20
511; 20
512; 26
513; 0
514; 6
515; 6
516; 23
517; 23
518; 27
519; 27
520; 33
521; 33
522; 37
523; 0
524; 4
525; 4
526; 10
527; 10
528; 14
529; 14
530; 31
531; 31
532; 37
533; 57
534; 1
535; 1
536; 5
537; 5
538; 11
539; 11
540; 16
541; 16
542; 21
543; 9
544; 13
545; 13
546; 17
547; 17
548; 23
549; 23
550; 28
551; 28
552; 33
553; 21
554; 25
555; 25
556; 29
557; 29
558; 35
559; 35
560; 40
561; 40
562; 45
563; 33
564; 37
565; 37
566; 41
567; 41
568; 47
569; 47
570; 52
571; 52
572; 57
573; 45
574; 49
575; 49
576; 53
577; 53
578; 59
579; 59
580; 4
581; 4
582; 9
583; 8
584; 13
585; 13
586; 18
587; 18
588; 24
589; 24
590; 28
591; 28
592; 32
593; 20
594; 25
595; 25
596; 30
597; 30
598; 36
599; 36
600; 40
601; 40
602; 44
603; 32
604; 37
605; 37
606; 42
607; 42
608; 48
609; 48
610; 52
611; 52
612; 56
613; 44
614; 49
615; 49
616; 54
617; 54
618; 0
619; 0
620; 4
621; 4
622; 8
623; 56
624; 1
625; 1
626; 6
627; 6
628; 12
629; 12
630; 16
631; 16
632; 20
633; 34
634; 38
635; 38
636; 44
637; 44
638; 49
639; 49
640; 54
641; 54
642; 58
643; 4
644; 8
645; 8
646; 14
647; 14
648; 19
649; 19
650; 24
651; 24
652; 28
653; 50
654; 54
655; 54
656; 59
657; 59
658; 4
659; 4
660; 10
661; 10
662; 14
663; 20
664; 24
665; 24
666; 29
667; 29
668; 34
669; 34
670; 40
671; 40
672; 44
673; 0
674; 8
675; 8
676; 13
677; 0
678; 5
679; 5
680; 13
681; 0
682; 5
683; 0
684; 5
685; 0
686; 4
687; 30
688; 34
689; 0
690; 4
691; 30
692; 34
