# line-id; line-code; direction; stop-order; stop-id; frequency; arrival_time; departure_time; line-repetition
1; 1H; >; 1; 15; 1; 0; 0; 1
1; 1H; >; 2; 14; 1; 5; 5; 1
1; 1H; >; 3; 23; 1; 9; 9; 1
1; 1H; >; 4; 22; 1; 14; 14; 1
1; 1H; >; 5; 20; 1; 22; 22; 1
1; 1H; >; 6; 19; 1; 30; 30; 1
1; 1H; >; 7; 17; 1; 34; 34; 1
1; 1H; >; 8; 16; 1; 38; 38; 1
1; 1H; >; 9; 18; 1; 44; 44; 1
1; 1H; >; 10; 7; 1; 48; 48; 1
1; 1R; <; 1; 7; 1; 0; 0; 1
1; 1R; <; 2; 18; 1; 4; 4; 1
1; 1R; <; 3; 16; 1; 10; 10; 1
1; 1R; <; 4; 17; 1; 14; 14; 1
1; 1R; <; 5; 19; 1; 18; 18; 1
1; 1R; <; 6; 20; 1; 26; 26; 1
1; 1R; <; 7; 22; 1; 34; 34; 1
1; 1R; <; 8; 23; 1; 39; 39; 1
1; 1R; <; 9; 14; 1; 43; 43; 1
1; 1R; <; 10; 15; 1; 48; 48; 1
2; 2H; >; 1; 13; 3; 44; 44; 1
2; 2H; >; 2; 24; 3; 49; 49; 1
2; 2H; >; 3; 21; 3; 54; 54; 1
2; 2H; >; 4; 22; 3; 59; 59; 1
2; 2H; >; 5; 20; 3; 7; 7; 1
2; 2H; >; 6; 19; 3; 15; 15; 1
2; 2H; >; 7; 17; 3; 19; 19; 1
2; 2H; >; 8; 16; 3; 23; 23; 1
2; 2H; >; 9; 18; 3; 29; 29; 1
2; 2H; >; 10; 7; 3; 33; 33; 1
2; 2H; >; 1; 13; 3; 4; 4; 2
2; 2H; >; 2; 24; 3; 9; 9; 2
2; 2H; >; 3; 21; 3; 14; 14; 2
2; 2H; >; 4; 22; 3; 19; 19; 2
2; 2H; >; 5; 20; 3; 27; 27; 2
2; 2H; >; 6; 19; 3; 35; 35; 2
2; 2H; >; 7; 17; 3; 39; 39; 2
2; 2H; >; 8; 16; 3; 43; 43; 2
2; 2H; >; 9; 18; 3; 49; 49; 2
2; 2H; >; 10; 7; 3; 53; 53; 2
2; 2H; >; 1; 13; 3; 24; 24; 3
2; 2H; >; 2; 24; 3; 29; 29; 3
2; 2H; >; 3; 21; 3; 34; 34; 3
2; 2H; >; 4; 22; 3; 39; 39; 3
2; 2H; >; 5; 20; 3; 47; 47; 3
2; 2H; >; 6; 19; 3; 55; 55; 3
2; 2H; >; 7; 17; 3; 59; 59; 3
2; 2H; >; 8; 16; 3; 3; 3; 3
2; 2H; >; 9; 18; 3; 9; 9; 3
2; 2H; >; 10; 7; 3; 13; 13; 3
2; 2R; <; 1; 7; 3; 0; 0; 1
2; 2R; <; 2; 18; 3; 4; 4; 1
2; 2R; <; 3; 16; 3; 10; 10; 1
2; 2R; <; 4; 17; 3; 14; 14; 1
2; 2R; <; 5; 19; 3; 18; 18; 1
2; 2R; <; 6; 20; 3; 26; 26; 1
2; 2R; <; 7; 22; 3; 34; 34; 1
2; 2R; <; 8; 21; 3; 39; 39; 1
2; 2R; <; 9; 24; 3; 44; 44; 1
2; 2R; <; 10; 13; 3; 49; 49; 1
2; 2R; <; 1; 7; 3; 20; 20; 2
2; 2R; <; 2; 18; 3; 24; 24; 2
2; 2R; <; 3; 16; 3; 30; 30; 2
2; 2R; <; 4; 17; 3; 34; 34; 2
2; 2R; <; 5; 19; 3; 38; 38; 2
2; 2R; <; 6; 20; 3; 46; 46; 2
2; 2R; <; 7; 22; 3; 54; 54; 2
2; 2R; <; 8; 21; 3; 59; 59; 2
2; 2R; <; 9; 24; 3; 4; 4; 2
2; 2R; <; 10; 13; 3; 9; 9; 2
2; 2R; <; 1; 7; 3; 40; 40; 3
2; 2R; <; 2; 18; 3; 44; 44; 3
2; 2R; <; 3; 16; 3; 50; 50; 3
2; 2R; <; 4; 17; 3; 54; 54; 3
2; 2R; <; 5; 19; 3; 58; 58; 3
2; 2R; <; 6; 20; 3; 6; 6; 3
2; 2R; <; 7; 22; 3; 14; 14; 3
2; 2R; <; 8; 21; 3; 19; 19; 3
2; 2R; <; 9; 24; 3; 24; 24; 3
2; 2R; <; 10; 13; 3; 29; 29; 3
3; 3H; >; 1; 23; 1; 0; 0; 1
3; 3H; >; 2; 14; 1; 4; 4; 1
3; 3H; >; 3; 11; 1; 12; 12; 1
3; 3H; >; 4; 4; 1; 19; 19; 1
3; 3H; >; 5; 5; 1; 24; 24; 1
3; 3H; >; 6; 9; 1; 28; 28; 1
3; 3H; >; 7; 10; 1; 32; 32; 1
3; 3H; >; 8; 15; 1; 40; 40; 1
3; 3H; >; 9; 19; 1; 46; 46; 1
3; 3R; <; 1; 19; 1; 0; 0; 1
3; 3R; <; 2; 15; 1; 6; 6; 1
3; 3R; <; 3; 10; 1; 14; 14; 1
3; 3R; <; 4; 9; 1; 18; 18; 1
3; 3R; <; 5; 5; 1; 22; 22; 1
3; 3R; <; 6; 4; 1; 27; 27; 1
3; 3R; <; 7; 11; 1; 34; 34; 1
3; 3R; <; 8; 14; 1; 42; 42; 1
3; 3R; <; 9; 23; 1; 46; 46; 1
4; 4H; >; 1; 24; 4; 17; 17; 1
4; 4H; >; 2; 13; 4; 22; 22; 1
4; 4H; >; 3; 12; 4; 38; 38; 1
4; 4H; >; 4; 3; 4; 45; 45; 1
4; 4H; >; 5; 1; 4; 49; 49; 1
4; 4H; >; 6; 2; 4; 5; 5; 1
4; 4H; >; 7; 6; 4; 9; 9; 1
4; 4H; >; 8; 8; 4; 13; 13; 1
4; 4H; >; 9; 16; 4; 17; 17; 1
4; 4H; >; 1; 24; 4; 32; 32; 2
4; 4H; >; 2; 13; 4; 37; 37; 2
4; 4H; >; 3; 12; 4; 53; 53; 2
4; 4H; >; 4; 3; 4; 0; 0; 2
4; 4H; >; 5; 1; 4; 4; 4; 2
4; 4H; >; 6; 2; 4; 20; 20; 2
4; 4H; >; 7; 6; 4; 24; 24; 2
4; 4H; >; 8; 8; 4; 28; 28; 2
4; 4H; >; 9; 16; 4; 32; 32; 2
4; 4H; >; 1; 24; 4; 47; 47; 3
4; 4H; >; 2; 13; 4; 52; 52; 3
4; 4H; >; 3; 12; 4; 8; 8; 3
4; 4H; >; 4; 3; 4; 15; 15; 3
4; 4H; >; 5; 1; 4; 19; 19; 3
4; 4H; >; 6; 2; 4; 35; 35; 3
4; 4H; >; 7; 6; 4; 39; 39; 3
4; 4H; >; 8; 8; 4; 43; 43; 3
4; 4H; >; 9; 16; 4; 47; 47; 3
4; 4H; >; 1; 24; 4; 2; 2; 4
4; 4H; >; 2; 13; 4; 7; 7; 4
4; 4H; >; 3; 12; 4; 23; 23; 4
4; 4H; >; 4; 3; 4; 30; 30; 4
4; 4H; >; 5; 1; 4; 34; 34; 4
4; 4H; >; 6; 2; 4; 50; 50; 4
4; 4H; >; 7; 6; 4; 54; 54; 4
4; 4H; >; 8; 8; 4; 58; 58; 4
4; 4H; >; 9; 16; 4; 2; 2; 4
4; 4R; <; 1; 16; 4; 47; 47; 1
4; 4R; <; 2; 8; 4; 51; 51; 1
4; 4R; <; 3; 6; 4; 55; 55; 1
4; 4R; <; 4; 2; 4; 59; 59; 1
4; 4R; <; 5; 1; 4; 15; 15; 1
4; 4R; <; 6; 3; 4; 19; 19; 1
4; 4R; <; 7; 12; 4; 26; 26; 1
4; 4R; <; 8; 13; 4; 42; 42; 1
4; 4R; <; 9; 24; 4; 47; 47; 1
4; 4R; <; 1; 16; 4; 2; 2; 2
4; 4R; <; 2; 8; 4; 6; 6; 2
4; 4R; <; 3; 6; 4; 10; 10; 2
4; 4R; <; 4; 2; 4; 14; 14; 2
4; 4R; <; 5; 1; 4; 30; 30; 2
4; 4R; <; 6; 3; 4; 34; 34; 2
4; 4R; <; 7; 12; 4; 41; 41; 2
4; 4R; <; 8; 13; 4; 57; 57; 2
4; 4R; <; 9; 24; 4; 2; 2; 2
4; 4R; <; 1; 16; 4; 17; 17; 3
4; 4R; <; 2; 8; 4; 21; 21; 3
4; 4R; <; 3; 6; 4; 25; 25; 3
4; 4R; <; 4; 2; 4; 29; 29; 3
4; 4R; <; 5; 1; 4; 45; 45; 3
4; 4R; <; 6; 3; 4; 49; 49; 3
4; 4R; <; 7; 12; 4; 56; 56; 3
4; 4R; <; 8; 13; 4; 12; 12; 3
4; 4R; <; 9; 24; 4; 17; 17; 3
4; 4R; <; 1; 16; 4; 32; 32; 4
4; 4R; <; 2; 8; 4; 36; 36; 4
4; 4R; <; 3; 6; 4; 40; 40; 4
4; 4R; <; 4; 2; 4; 44; 44; 4
4; 4R; <; 5; 1; 4; 0; 0; 4
4; 4R; <; 6; 3; 4; 4; 4; 4
4; 4R; <; 7; 12; 4; 11; 11; 4
4; 4R; <; 8; 13; 4; 27; 27; 4
4; 4R; <; 9; 24; 4; 32; 32; 4
5; 5H; >; 1; 20; 1; 0; 0; 1
5; 5H; >; 2; 21; 1; 6; 6; 1
5; 5H; >; 3; 22; 1; 11; 11; 1
5; 5H; >; 4; 15; 1; 15; 15; 1
5; 5H; >; 5; 14; 1; 20; 20; 1
5; 5H; >; 6; 23; 1; 24; 24; 1
5; 5H; >; 7; 24; 1; 29; 29; 1
5; 5H; >; 8; 13; 1; 34; 34; 1
5; 5R; <; 1; 13; 1; 0; 0; 1
5; 5R; <; 2; 24; 1; 5; 5; 1
5; 5R; <; 3; 23; 1; 10; 10; 1
5; 5R; <; 4; 14; 1; 14; 14; 1
5; 5R; <; 5; 15; 1; 19; 19; 1
5; 5R; <; 6; 22; 1; 23; 23; 1
5; 5R; <; 7; 21; 1; 28; 28; 1
5; 5R; <; 8; 20; 1; 34; 34; 1
6; 6H; >; 1; 23; 3; 17; 17; 1
6; 6H; >; 2; 14; 3; 21; 21; 1
6; 6H; >; 3; 11; 3; 29; 29; 1
6; 6H; >; 4; 4; 3; 36; 36; 1
6; 6H; >; 5; 5; 3; 41; 41; 1
6; 6H; >; 6; 9; 3; 45; 45; 1
6; 6H; >; 7; 10; 3; 49; 49; 1
6; 6H; >; 8; 17; 3; 56; 56; 1
6; 6H; >; 1; 23; 3; 37; 37; 2
6; 6H; >; 2; 14; 3; 41; 41; 2
6; 6H; >; 3; 11; 3; 49; 49; 2
6; 6H; >; 4; 4; 3; 56; 56; 2
6; 6H; >; 5; 5; 3; 1; 1; 2
6; 6H; >; 6; 9; 3; 5; 5; 2
6; 6H; >; 7; 10; 3; 9; 9; 2
6; 6H; >; 8; 17; 3; 16; 16; 2
6; 6H; >; 1; 23; 3; 57; 57; 3
6; 6H; >; 2; 14; 3; 1; 1; 3
6; 6H; >; 3; 11; 3; 9; 9; 3
6; 6H; >; 4; 4; 3; 16; 16; 3
6; 6H; >; 5; 5; 3; 21; 21; 3
6; 6H; >; 6; 9; 3; 25; 25; 3
6; 6H; >; 7; 10; 3; 29; 29; 3
6; 6H; >; 8; 17; 3; 36; 36; 3
6; 6R; <; 1; 17; 3; 2; 2; 1
6; 6R; <; 2; 10; 3; 9; 9; 1
6; 6R; <; 3; 9; 3; 13; 13; 1
6; 6R; <; 4; 5; 3; 17; 17; 1
6; 6R; <; 5; 4; 3; 22; 22; 1
6; 6R; <; 6; 11; 3; 29; 29; 1
6; 6R; <; 7; 14; 3; 37; 37; 1
6; 6R; <; 8; 23; 3; 41; 41; 1
6; 6R; <; 1; 17; 3; 22; 22; 2
6; 6R; <; 2; 10; 3; 29; 29; 2
6; 6R; <; 3; 9; 3; 33; 33; 2
6; 6R; <; 4; 5; 3; 37; 37; 2
6; 6R; <; 5; 4; 3; 42; 42; 2
6; 6R; <; 6; 11; 3; 49; 49; 2
6; 6R; <; 7; 14; 3; 57; 57; 2
6; 6R; <; 8; 23; 3; 1; 1; 2
6; 6R; <; 1; 17; 3; 42; 42; 3
6; 6R; <; 2; 10; 3; 49; 49; 3
6; 6R; <; 3; 9; 3; 53; 53; 3
6; 6R; <; 4; 5; 3; 57; 57; 3
6; 6R; <; 5; 4; 3; 2; 2; 3
6; 6R; <; 6; 11; 3; 9; 9; 3
6; 6R; <; 7; 14; 3; 17; 17; 3
6; 6R; <; 8; 23; 3; 21; 21; 3
8; 8H; >; 1; 7; 1; 0; 0; 1
8; 8H; >; 2; 18; 1; 4; 4; 1
8; 8H; >; 3; 16; 1; 10; 10; 1
8; 8H; >; 4; 8; 1; 14; 14; 1
8; 8H; >; 5; 9; 1; 20; 20; 1
8; 8H; >; 6; 5; 1; 24; 24; 1
8; 8H; >; 7; 6; 1; 30; 30; 1
8; 8H; >; 8; 2; 1; 34; 34; 1
8; 8R; <; 1; 2; 1; 0; 0; 1
8; 8R; <; 2; 6; 1; 4; 4; 1
8; 8R; <; 3; 5; 1; 10; 10; 1
8; 8R; <; 4; 9; 1; 14; 14; 1
8; 8R; <; 5; 8; 1; 20; 20; 1
8; 8R; <; 6; 16; 1; 24; 24; 1
8; 8R; <; 7; 18; 1; 30; 30; 1
8; 8R; <; 8; 7; 1; 34; 34; 1
9; 9H; >; 1; 20; 2; 13; 13; 1
9; 9H; >; 2; 21; 2; 19; 19; 1
9; 9H; >; 3; 22; 2; 24; 24; 1
9; 9H; >; 4; 15; 2; 28; 28; 1
9; 9H; >; 5; 10; 2; 36; 36; 1
9; 9H; >; 6; 11; 2; 41; 41; 1
9; 9H; >; 7; 12; 2; 46; 46; 1
9; 9H; >; 1; 20; 2; 43; 43; 2
9; 9H; >; 2; 21; 2; 49; 49; 2
9; 9H; >; 3; 22; 2; 54; 54; 2
9; 9H; >; 4; 15; 2; 58; 58; 2
9; 9H; >; 5; 10; 2; 6; 6; 2
9; 9H; >; 6; 11; 2; 11; 11; 2
9; 9H; >; 7; 12; 2; 16; 16; 2
9; 9R; <; 1; 12; 2; 44; 44; 1
9; 9R; <; 2; 11; 2; 49; 49; 1
9; 9R; <; 3; 10; 2; 54; 54; 1
9; 9R; <; 4; 15; 2; 2; 2; 1
9; 9R; <; 5; 22; 2; 6; 6; 1
9; 9R; <; 6; 21; 2; 11; 11; 1
9; 9R; <; 7; 20; 2; 17; 17; 1
9; 9R; <; 1; 12; 2; 14; 14; 2
9; 9R; <; 2; 11; 2; 19; 19; 2
9; 9R; <; 3; 10; 2; 24; 24; 2
9; 9R; <; 4; 15; 2; 32; 32; 2
9; 9R; <; 5; 22; 2; 36; 36; 2
9; 9R; <; 6; 21; 2; 41; 41; 2
9; 9R; <; 7; 20; 2; 47; 47; 2
13; 13H; >; 1; 20; 1; 0; 0; 1
13; 13H; >; 2; 21; 1; 6; 6; 1
13; 13H; >; 3; 22; 1; 11; 11; 1
13; 13H; >; 4; 23; 1; 16; 16; 1
13; 13H; >; 5; 24; 1; 21; 21; 1
13; 13H; >; 6; 13; 1; 26; 26; 1
13; 13R; <; 1; 13; 1; 0; 0; 1
13; 13R; <; 2; 24; 1; 5; 5; 1
13; 13R; <; 3; 23; 1; 10; 10; 1
13; 13R; <; 4; 22; 1; 15; 15; 1
13; 13R; <; 5; 21; 1; 20; 20; 1
13; 13R; <; 6; 20; 1; 26; 26; 1
14; 14H; >; 1; 21; 1; 0; 0; 1
14; 14H; >; 2; 20; 1; 6; 6; 1
14; 14H; >; 3; 18; 1; 23; 23; 1
14; 14H; >; 4; 7; 1; 27; 27; 1
14; 14H; >; 5; 8; 1; 33; 33; 1
14; 14H; >; 6; 16; 1; 37; 37; 1
14; 14R; <; 1; 16; 1; 0; 0; 1
14; 14R; <; 2; 8; 1; 4; 4; 1
14; 14R; <; 3; 7; 1; 10; 10; 1
14; 14R; <; 4; 18; 1; 14; 14; 1
14; 14R; <; 5; 20; 1; 31; 31; 1
14; 14R; <; 6; 21; 1; 37; 37; 1
16; 16H; >; 1; 19; 5; 57; 57; 1
16; 16H; >; 2; 17; 5; 1; 1; 1
16; 16H; >; 3; 16; 5; 5; 5; 1
16; 16H; >; 4; 10; 5; 11; 11; 1
16; 16H; >; 5; 11; 5; 16; 16; 1
16; 16H; >; 6; 12; 5; 21; 21; 1
16; 16H; >; 1; 19; 5; 9; 9; 2
16; 16H; >; 2; 17; 5; 13; 13; 2
16; 16H; >; 3; 16; 5; 17; 17; 2
16; 16H; >; 4; 10; 5; 23; 23; 2
16; 16H; >; 5; 11; 5; 28; 28; 2
16; 16H; >; 6; 12; 5; 33; 33; 2
16; 16H; >; 1; 19; 5; 21; 21; 3
16; 16H; >; 2; 17; 5; 25; 25; 3
16; 16H; >; 3; 16; 5; 29; 29; 3
16; 16H; >; 4; 10; 5; 35; 35; 3
16; 16H; >; 5; 11; 5; 40; 40; 3
16; 16H; >; 6; 12; 5; 45; 45; 3
16; 16H; >; 1; 19; 5; 33; 33; 4
16; 16H; >; 2; 17; 5; 37; 37; 4
16; 16H; >; 3; 16; 5; 41; 41; 4
16; 16H; >; 4; 10; 5; 47; 47; 4
16; 16H; >; 5; 11; 5; 52; 52; 4
16; 16H; >; 6; 12; 5; 57; 57; 4
16; 16H; >; 1; 19; 5; 45; 45; 5
16; 16H; >; 2; 17; 5; 49; 49; 5
16; 16H; >; 3; 16; 5; 53; 53; 5
16; 16H; >; 4; 10; 5; 59; 59; 5
16; 16H; >; 5; 11; 5; 4; 4; 5
16; 16H; >; 6; 12; 5; 9; 9; 5
16; 16R; <; 1; 12; 5; 8; 8; 1
16; 16R; <; 2; 11; 5; 13; 13; 1
16; 16R; <; 3; 10; 5; 18; 18; 1
16; 16R; <; 4; 16; 5; 24; 24; 1
16; 16R; <; 5; 17; 5; 28; 28; 1
16; 16R; <; 6; 19; 5; 32; 32; 1
16; 16R; <; 1; 12; 5; 20; 20; 2
16; 16R; <; 2; 11; 5; 25; 25; 2
16; 16R; <; 3; 10; 5; 30; 30; 2
16; 16R; <; 4; 16; 5; 36; 36; 2
16; 16R; <; 5; 17; 5; 40; 40; 2
16; 16R; <; 6; 19; 5; 44; 44; 2
16; 16R; <; 1; 12; 5; 32; 32; 3
16; 16R; <; 2; 11; 5; 37; 37; 3
16; 16R; <; 3; 10; 5; 42; 42; 3
16; 16R; <; 4; 16; 5; 48; 48; 3
16; 16R; <; 5; 17; 5; 52; 52; 3
16; 16R; <; 6; 19; 5; 56; 56; 3
16; 16R; <; 1; 12; 5; 44; 44; 4
16; 16R; <; 2; 11; 5; 49; 49; 4
16; 16R; <; 3; 10; 5; 54; 54; 4
16; 16R; <; 4; 16; 5; 0; 0; 4
16; 16R; <; 5; 17; 5; 4; 4; 4
16; 16R; <; 6; 19; 5; 8; 8; 4
16; 16R; <; 1; 12; 5; 56; 56; 5
16; 16R; <; 2; 11; 5; 1; 1; 5
16; 16R; <; 3; 10; 5; 6; 6; 5
16; 16R; <; 4; 16; 5; 12; 12; 5
16; 16R; <; 5; 17; 5; 16; 16; 5
16; 16R; <; 6; 19; 5; 20; 20; 5
21; 21H; >; 1; 2; 2; 34; 34; 1
21; 21H; >; 2; 6; 2; 38; 38; 1
21; 21H; >; 3; 5; 2; 44; 44; 1
21; 21H; >; 4; 4; 2; 49; 49; 1
21; 21H; >; 5; 3; 2; 54; 54; 1
21; 21H; >; 6; 1; 2; 58; 58; 1
21; 21H; >; 1; 2; 2; 4; 4; 2
21; 21H; >; 2; 6; 2; 8; 8; 2
21; 21H; >; 3; 5; 2; 14; 14; 2
21; 21H; >; 4; 4; 2; 19; 19; 2
21; 21H; >; 5; 3; 2; 24; 24; 2
21; 21H; >; 6; 1; 2; 28; 28; 2
21; 21R; <; 1; 1; 2; 50; 50; 1
21; 21R; <; 2; 3; 2; 54; 54; 1
21; 21R; <; 3; 4; 2; 59; 59; 1
21; 21R; <; 4; 5; 2; 4; 4; 1
21; 21R; <; 5; 6; 2; 10; 10; 1
21; 21R; <; 6; 2; 2; 14; 14; 1
21; 21R; <; 1; 1; 2; 20; 20; 2
21; 21R; <; 2; 3; 2; 24; 24; 2
21; 21R; <; 3; 4; 2; 29; 29; 2
21; 21R; <; 4; 5; 2; 34; 34; 2
21; 21R; <; 5; 6; 2; 40; 40; 2
21; 21R; <; 6; 2; 2; 44; 44; 2
35; 35H; >; 1; 14; 1; 0; 0; 1
35; 35H; >; 2; 11; 1; 8; 8; 1
35; 35H; >; 3; 12; 1; 13; 13; 1
35; 35R; <; 1; 12; 1; 0; 0; 1
35; 35R; <; 2; 11; 1; 5; 5; 1
35; 35R; <; 3; 14; 1; 13; 13; 1
39; 39H; >; 1; 23; 1; 0; 0; 1
39; 39H; >; 2; 24; 1; 5; 5; 1
39; 39R; <; 1; 24; 1; 0; 0; 1
39; 39R; <; 2; 23; 1; 5; 5; 1
49; 49H; >; 1; 6; 2; 0; 0; 1
49; 49H; >; 2; 8; 2; 4; 4; 1
49; 49H; >; 1; 6; 2; 30; 30; 2
49; 49H; >; 2; 8; 2; 34; 34; 2
49; 49R; <; 1; 8; 2; 0; 0; 1
49; 49R; <; 2; 6; 2; 4; 4; 1
49; 49R; <; 1; 8; 2; 30; 30; 2
49; 49R; <; 2; 6; 2; 34; 34; 2
