# line-id; line-code; direction; stop-order; stop-id; frequency; arrival_time; departure_time; line-repetition
2; 2H; >; 1; 20; 3; 0; 0; 1
2; 2H; >; 2; 21; 3; 6; 6; 1
2; 2H; >; 3; 24; 3; 11; 11; 1
2; 2H; >; 4; 13; 3; 16; 16; 1
2; 2H; >; 5; 12; 3; 32; 32; 1
2; 2H; >; 6; 3; 3; 39; 39; 1
2; 2H; >; 7; 1; 3; 43; 43; 1
2; 2H; >; 1; 20; 3; 20; 20; 2
2; 2H; >; 2; 21; 3; 26; 26; 2
2; 2H; >; 3; 24; 3; 31; 31; 2
2; 2H; >; 4; 13; 3; 36; 36; 2
2; 2H; >; 5; 12; 3; 52; 52; 2
2; 2H; >; 6; 3; 3; 59; 59; 2
2; 2H; >; 7; 1; 3; 3; 3; 2
2; 2H; >; 1; 20; 3; 40; 40; 3
2; 2H; >; 2; 21; 3; 46; 46; 3
2; 2H; >; 3; 24; 3; 51; 51; 3
2; 2H; >; 4; 13; 3; 56; 56; 3
2; 2H; >; 5; 12; 3; 12; 12; 3
2; 2H; >; 6; 3; 3; 19; 19; 3
2; 2H; >; 7; 1; 3; 23; 23; 3
2; 2R; <; 1; 1; 3; 0; 0; 1
2; 2R; <; 2; 3; 3; 4; 4; 1
2; 2R; <; 3; 12; 3; 11; 11; 1
2; 2R; <; 4; 13; 3; 27; 27; 1
2; 2R; <; 5; 24; 3; 32; 32; 1
2; 2R; <; 6; 21; 3; 37; 37; 1
2; 2R; <; 7; 20; 3; 43; 43; 1
2; 2R; <; 1; 1; 3; 20; 20; 2
2; 2R; <; 2; 3; 3; 24; 24; 2
2; 2R; <; 3; 12; 3; 31; 31; 2
2; 2R; <; 4; 13; 3; 47; 47; 2
2; 2R; <; 5; 24; 3; 52; 52; 2
2; 2R; <; 6; 21; 3; 57; 57; 2
2; 2R; <; 7; 20; 3; 3; 3; 2
2; 2R; <; 1; 1; 3; 40; 40; 3
2; 2R; <; 2; 3; 3; 44; 44; 3
2; 2R; <; 3; 12; 3; 51; 51; 3
2; 2R; <; 4; 13; 3; 7; 7; 3
2; 2R; <; 5; 24; 3; 12; 12; 3
2; 2R; <; 6; 21; 3; 17; 17; 3
2; 2R; <; 7; 20; 3; 23; 23; 3
5; 5H; >; 1; 2; 1; 0; 0; 1
5; 5H; >; 2; 6; 1; 4; 4; 1
5; 5H; >; 3; 8; 1; 8; 8; 1
5; 5H; >; 4; 7; 1; 14; 14; 1
5; 5H; >; 5; 18; 1; 18; 18; 1
5; 5H; >; 6; 20; 1; 35; 35; 1
5; 5H; >; 7; 21; 1; 41; 41; 1
5; 5R; <; 1; 21; 1; 0; 0; 1
5; 5R; <; 2; 20; 1; 6; 6; 1
5; 5R; <; 3; 18; 1; 23; 23; 1
5; 5R; <; 4; 7; 1; 27; 27; 1
5; 5R; <; 5; 8; 1; 33; 33; 1
5; 5R; <; 6; 6; 1; 37; 37; 1
5; 5R; <; 7; 2; 1; 41; 41; 1
6; 6H; >; 1; 1; 7; 32; 32; 1
6; 6H; >; 2; 3; 7; 36; 36; 1
6; 6H; >; 3; 12; 7; 43; 43; 1
6; 6H; >; 4; 11; 7; 48; 48; 1
6; 6H; >; 5; 14; 7; 56; 56; 1
6; 6H; >; 6; 23; 7; 0; 0; 1
6; 6H; >; 7; 22; 7; 5; 5; 1
6; 6H; >; 1; 1; 7; 40; 40; 2
6; 6H; >; 2; 3; 7; 44; 44; 2
6; 6H; >; 3; 12; 7; 51; 51; 2
6; 6H; >; 4; 11; 7; 56; 56; 2
6; 6H; >; 5; 14; 7; 4; 4; 2
6; 6H; >; 6; 23; 7; 8; 8; 2
6; 6H; >; 7; 22; 7; 13; 13; 2
6; 6H; >; 1; 1; 7; 49; 49; 3
6; 6H; >; 2; 3; 7; 53; 53; 3
6; 6H; >; 3; 12; 7; 0; 0; 3
6; 6H; >; 4; 11; 7; 5; 5; 3
6; 6H; >; 5; 14; 7; 13; 13; 3
6; 6H; >; 6; 23; 7; 17; 17; 3
6; 6H; >; 7; 22; 7; 22; 22; 3
6; 6H; >; 1; 1; 7; 57; 57; 4
6; 6H; >; 2; 3; 7; 1; 1; 4
6; 6H; >; 3; 12; 7; 8; 8; 4
6; 6H; >; 4; 11; 7; 13; 13; 4
6; 6H; >; 5; 14; 7; 21; 21; 4
6; 6H; >; 6; 23; 7; 25; 25; 4
6; 6H; >; 7; 22; 7; 30; 30; 4
6; 6H; >; 1; 1; 7; 6; 6; 5
6; 6H; >; 2; 3; 7; 10; 10; 5
6; 6H; >; 3; 12; 7; 17; 17; 5
6; 6H; >; 4; 11; 7; 22; 22; 5
6; 6H; >; 5; 14; 7; 30; 30; 5
6; 6H; >; 6; 23; 7; 34; 34; 5
6; 6H; >; 7; 22; 7; 39; 39; 5
6; 6H; >; 1; 1; 7; 14; 14; 6
6; 6H; >; 2; 3; 7; 18; 18; 6
6; 6H; >; 3; 12; 7; 25; 25; 6
6; 6H; >; 4; 11; 7; 30; 30; 6
6; 6H; >; 5; 14; 7; 38; 38; 6
6; 6H; >; 6; 23; 7; 42; 42; 6
6; 6H; >; 7; 22; 7; 47; 47; 6
6; 6H; >; 1; 1; 7; 23; 23; 7
6; 6H; >; 2; 3; 7; 27; 27; 7
6; 6H; >; 3; 12; 7; 34; 34; 7
6; 6H; >; 4; 11; 7; 39; 39; 7
6; 6H; >; 5; 14; 7; 47; 47; 7
6; 6H; >; 6; 23; 7; 51; 51; 7
6; 6H; >; 7; 22; 7; 56; 56; 7
6; 6R; <; 1; 22; 7; 32; 32; 1
6; 6R; <; 2; 23; 7; 37; 37; 1
6; 6R; <; 3; 14; 7; 41; 41; 1
6; 6R; <; 4; 11; 7; 49; 49; 1
6; 6R; <; 5; 12; 7; 54; 54; 1
6; 6R; <; 6; 3; 7; 1; 1; 1
6; 6R; <; 7; 1; 7; 5; 5; 1
6; 6R; <; 1; 22; 7; 40; 40; 2
6; 6R; <; 2; 23; 7; 45; 45; 2
6; 6R; <; 3; 14; 7; 49; 49; 2
6; 6R; <; 4; 11; 7; 57; 57; 2
6; 6R; <; 5; 12; 7; 2; 2; 2
6; 6R; <; 6; 3; 7; 9; 9; 2
6; 6R; <; 7; 1; 7; 13; 13; 2
6; 6R; <; 1; 22; 7; 49; 49; 3
6; 6R; <; 2; 23; 7; 54; 54; 3
6; 6R; <; 3; 14; 7; 58; 58; 3
6; 6R; <; 4; 11; 7; 6; 6; 3
6; 6R; <; 5; 12; 7; 11; 11; 3
6; 6R; <; 6; 3; 7; 18; 18; 3
6; 6R; <; 7; 1; 7; 22; 22; 3
6; 6R; <; 1; 22; 7; 57; 57; 4
6; 6R; <; 2; 23; 7; 2; 2; 4
6; 6R; <; 3; 14; 7; 6; 6; 4
6; 6R; <; 4; 11; 7; 14; 14; 4
6; 6R; <; 5; 12; 7; 19; 19; 4
6; 6R; <; 6; 3; 7; 26; 26; 4
6; 6R; <; 7; 1; 7; 30; 30; 4
6; 6R; <; 1; 22; 7; 6; 6; 5
6; 6R; <; 2; 23; 7; 11; 11; 5
6; 6R; <; 3; 14; 7; 15; 15; 5
6; 6R; <; 4; 11; 7; 23; 23; 5
6; 6R; <; 5; 12; 7; 28; 28; 5
6; 6R; <; 6; 3; 7; 35; 35; 5
6; 6R; <; 7; 1; 7; 39; 39; 5
6; 6R; <; 1; 22; 7; 14; 14; 6
6; 6R; <; 2; 23; 7; 19; 19; 6
6; 6R; <; 3; 14; 7; 23; 23; 6
6; 6R; <; 4; 11; 7; 31; 31; 6
6; 6R; <; 5; 12; 7; 36; 36; 6
6; 6R; <; 6; 3; 7; 43; 43; 6
6; 6R; <; 7; 1; 7; 47; 47; 6
6; 6R; <; 1; 22; 7; 23; 23; 7
6; 6R; <; 2; 23; 7; 28; 28; 7
6; 6R; <; 3; 14; 7; 32; 32; 7
6; 6R; <; 4; 11; 7; 40; 40; 7
6; 6R; <; 5; 12; 7; 45; 45; 7
6; 6R; <; 6; 3; 7; 52; 52; 7
6; 6R; <; 7; 1; 7; 56; 56; 7
7; 7H; >; 1; 1; 7; 10; 10; 1
7; 7H; >; 2; 3; 7; 14; 14; 1
7; 7H; >; 3; 12; 7; 21; 21; 1
7; 7H; >; 4; 11; 7; 26; 26; 1
7; 7H; >; 5; 10; 7; 31; 31; 1
7; 7H; >; 6; 17; 7; 38; 38; 1
7; 7H; >; 7; 19; 7; 42; 42; 1
7; 7H; >; 1; 1; 7; 18; 18; 2
7; 7H; >; 2; 3; 7; 22; 22; 2
7; 7H; >; 3; 12; 7; 29; 29; 2
7; 7H; >; 4; 11; 7; 34; 34; 2
7; 7H; >; 5; 10; 7; 39; 39; 2
7; 7H; >; 6; 17; 7; 46; 46; 2
7; 7H; >; 7; 19; 7; 50; 50; 2
7; 7H; >; 1; 1; 7; 27; 27; 3
7; 7H; >; 2; 3; 7; 31; 31; 3
7; 7H; >; 3; 12; 7; 38; 38; 3
7; 7H; >; 4; 11; 7; 43; 43; 3
7; 7H; >; 5; 10; 7; 48; 48; 3
7; 7H; >; 6; 17; 7; 55; 55; 3
7; 7H; >; 7; 19; 7; 59; 59; 3
7; 7H; >; 1; 1; 7; 35; 35; 4
7; 7H; >; 2; 3; 7; 39; 39; 4
7; 7H; >; 3; 12; 7; 46; 46; 4
7; 7H; >; 4; 11; 7; 51; 51; 4
7; 7H; >; 5; 10; 7; 56; 56; 4
7; 7H; >; 6; 17; 7; 3; 3; 4
7; 7H; >; 7; 19; 7; 7; 7; 4
7; 7H; >; 1; 1; 7; 44; 44; 5
7; 7H; >; 2; 3; 7; 48; 48; 5
7; 7H; >; 3; 12; 7; 55; 55; 5
7; 7H; >; 4; 11; 7; 0; 0; 5
7; 7H; >; 5; 10; 7; 5; 5; 5
7; 7H; >; 6; 17; 7; 12; 12; 5
7; 7H; >; 7; 19; 7; 16; 16; 5
7; 7H; >; 1; 1; 7; 52; 52; 6
7; 7H; >; 2; 3; 7; 56; 56; 6
7; 7H; >; 3; 12; 7; 3; 3; 6
7; 7H; >; 4; 11; 7; 8; 8; 6
7; 7H; >; 5; 10; 7; 13; 13; 6
7; 7H; >; 6; 17; 7; 20; 20; 6
7; 7H; >; 7; 19; 7; 24; 24; 6
7; 7H; >; 1; 1; 7; 1; 1; 7
7; 7H; >; 2; 3; 7; 5; 5; 7
7; 7H; >; 3; 12; 7; 12; 12; 7
7; 7H; >; 4; 11; 7; 17; 17; 7
7; 7H; >; 5; 10; 7; 22; 22; 7
7; 7H; >; 6; 17; 7; 29; 29; 7
7; 7H; >; 7; 19; 7; 33; 33; 7
7; 7R; <; 1; 19; 7; 10; 10; 1
7; 7R; <; 2; 17; 7; 14; 14; 1
7; 7R; <; 3; 10; 7; 21; 21; 1
7; 7R; <; 4; 11; 7; 26; 26; 1
7; 7R; <; 5; 12; 7; 31; 31; 1
7; 7R; <; 6; 3; 7; 38; 38; 1
7; 7R; <; 7; 1; 7; 42; 42; 1
7; 7R; <; 1; 19; 7; 18; 18; 2
7; 7R; <; 2; 17; 7; 22; 22; 2
7; 7R; <; 3; 10; 7; 29; 29; 2
7; 7R; <; 4; 11; 7; 34; 34; 2
7; 7R; <; 5; 12; 7; 39; 39; 2
7; 7R; <; 6; 3; 7; 46; 46; 2
7; 7R; <; 7; 1; 7; 50; 50; 2
7; 7R; <; 1; 19; 7; 27; 27; 3
7; 7R; <; 2; 17; 7; 31; 31; 3
7; 7R; <; 3; 10; 7; 38; 38; 3
7; 7R; <; 4; 11; 7; 43; 43; 3
7; 7R; <; 5; 12; 7; 48; 48; 3
7; 7R; <; 6; 3; 7; 55; 55; 3
7; 7R; <; 7; 1; 7; 59; 59; 3
7; 7R; <; 1; 19; 7; 35; 35; 4
7; 7R; <; 2; 17; 7; 39; 39; 4
7; 7R; <; 3; 10; 7; 46; 46; 4
7; 7R; <; 4; 11; 7; 51; 51; 4
7; 7R; <; 5; 12; 7; 56; 56; 4
7; 7R; <; 6; 3; 7; 3; 3; 4
7; 7R; <; 7; 1; 7; 7; 7; 4
7; 7R; <; 1; 19; 7; 44; 44; 5
7; 7R; <; 2; 17; 7; 48; 48; 5
7; 7R; <; 3; 10; 7; 55; 55; 5
7; 7R; <; 4; 11; 7; 0; 0; 5
7; 7R; <; 5; 12; 7; 5; 5; 5
7; 7R; <; 6; 3; 7; 12; 12; 5
7; 7R; <; 7; 1; 7; 16; 16; 5
7; 7R; <; 1; 19; 7; 52; 52; 6
7; 7R; <; 2; 17; 7; 56; 56; 6
7; 7R; <; 3; 10; 7; 3; 3; 6
7; 7R; <; 4; 11; 7; 8; 8; 6
7; 7R; <; 5; 12; 7; 13; 13; 6
7; 7R; <; 6; 3; 7; 20; 20; 6
7; 7R; <; 7; 1; 7; 24; 24; 6
7; 7R; <; 1; 19; 7; 1; 1; 7
7; 7R; <; 2; 17; 7; 5; 5; 7
7; 7R; <; 3; 10; 7; 12; 12; 7
7; 7R; <; 4; 11; 7; 17; 17; 7
7; 7R; <; 5; 12; 7; 22; 22; 7
7; 7R; <; 6; 3; 7; 29; 29; 7
7; 7R; <; 7; 1; 7; 33; 33; 7
8; 8H; >; 1; 1; 1; 0; 0; 1
8; 8H; >; 2; 2; 1; 16; 16; 1
8; 8H; >; 3; 6; 1; 20; 20; 1
8; 8H; >; 4; 8; 1; 24; 24; 1
8; 8H; >; 5; 7; 1; 30; 30; 1
8; 8H; >; 6; 18; 1; 34; 34; 1
8; 8H; >; 7; 20; 1; 51; 51; 1
8; 8R; <; 1; 20; 1; 0; 0; 1
8; 8R; <; 2; 18; 1; 17; 17; 1
8; 8R; <; 3; 7; 1; 21; 21; 1
8; 8R; <; 4; 8; 1; 27; 27; 1
8; 8R; <; 5; 6; 1; 31; 31; 1
8; 8R; <; 6; 2; 1; 35; 35; 1
8; 8R; <; 7; 1; 1; 51; 51; 1
9; 9H; >; 1; 21; 1; 0; 0; 1
9; 9H; >; 2; 24; 1; 5; 5; 1
9; 9H; >; 3; 13; 1; 10; 10; 1
9; 9H; >; 4; 12; 1; 26; 26; 1
9; 9H; >; 5; 11; 1; 31; 31; 1
9; 9H; >; 6; 4; 1; 38; 38; 1
9; 9R; <; 1; 4; 1; 0; 0; 1
9; 9R; <; 2; 11; 1; 7; 7; 1
9; 9R; <; 3; 12; 1; 12; 12; 1
9; 9R; <; 4; 13; 1; 28; 28; 1
9; 9R; <; 5; 24; 1; 33; 33; 1
9; 9R; <; 6; 21; 1; 38; 38; 1
10; 10H; >; 1; 14; 1; 0; 0; 1
10; 10H; >; 2; 15; 1; 5; 5; 1
10; 10H; >; 3; 10; 1; 13; 13; 1
10; 10H; >; 4; 16; 1; 19; 19; 1
10; 10H; >; 5; 8; 1; 23; 23; 1
10; 10H; >; 6; 7; 1; 29; 29; 1
10; 10R; <; 1; 7; 1; 30; 30; 1
10; 10R; <; 2; 8; 1; 36; 36; 1
10; 10R; <; 3; 16; 1; 40; 40; 1
10; 10R; <; 4; 10; 1; 46; 46; 1
10; 10R; <; 5; 15; 1; 54; 54; 1
10; 10R; <; 6; 14; 1; 59; 59; 1
11; 11H; >; 1; 9; 1; 0; 0; 1
11; 11H; >; 2; 10; 1; 4; 4; 1
11; 11H; >; 3; 15; 1; 12; 12; 1
11; 11H; >; 4; 22; 1; 16; 16; 1
11; 11H; >; 5; 21; 1; 21; 21; 1
11; 11H; >; 6; 24; 1; 26; 26; 1
11; 11R; <; 1; 24; 1; 30; 30; 1
11; 11R; <; 2; 21; 1; 35; 35; 1
11; 11R; <; 3; 22; 1; 40; 40; 1
11; 11R; <; 4; 15; 1; 44; 44; 1
11; 11R; <; 5; 10; 1; 52; 52; 1
11; 11R; <; 6; 9; 1; 56; 56; 1
12; 12H; >; 1; 8; 1; 0; 0; 1
12; 12H; >; 2; 16; 1; 4; 4; 1
12; 12H; >; 3; 18; 1; 10; 10; 1
12; 12H; >; 4; 20; 1; 27; 27; 1
12; 12H; >; 5; 21; 1; 33; 33; 1
12; 12H; >; 6; 24; 1; 38; 38; 1
12; 12R; <; 1; 24; 1; 0; 0; 1
12; 12R; <; 2; 21; 1; 5; 5; 1
12; 12R; <; 3; 20; 1; 11; 11; 1
12; 12R; <; 4; 18; 1; 28; 28; 1
12; 12R; <; 5; 16; 1; 34; 34; 1
12; 12R; <; 6; 8; 1; 38; 38; 1
13; 13H; >; 1; 8; 2; 0; 0; 1
13; 13H; >; 2; 16; 2; 4; 4; 1
13; 13H; >; 3; 10; 2; 10; 10; 1
13; 13H; >; 4; 11; 2; 15; 15; 1
13; 13H; >; 5; 14; 2; 23; 23; 1
13; 13H; >; 6; 23; 2; 27; 27; 1
13; 13H; >; 1; 8; 2; 30; 30; 2
13; 13H; >; 2; 16; 2; 34; 34; 2
13; 13H; >; 3; 10; 2; 40; 40; 2
13; 13H; >; 4; 11; 2; 45; 45; 2
13; 13H; >; 5; 14; 2; 53; 53; 2
13; 13H; >; 6; 23; 2; 57; 57; 2
13; 13R; <; 1; 23; 2; 30; 30; 1
13; 13R; <; 2; 14; 2; 34; 34; 1
13; 13R; <; 3; 11; 2; 42; 42; 1
13; 13R; <; 4; 10; 2; 47; 47; 1
13; 13R; <; 5; 16; 2; 53; 53; 1
13; 13R; <; 6; 8; 2; 57; 57; 1
13; 13R; <; 1; 23; 2; 0; 0; 2
13; 13R; <; 2; 14; 2; 4; 4; 2
13; 13R; <; 3; 11; 2; 12; 12; 2
13; 13R; <; 4; 10; 2; 17; 17; 2
13; 13R; <; 5; 16; 2; 23; 23; 2
13; 13R; <; 6; 8; 2; 27; 27; 2
14; 14H; >; 1; 8; 1; 0; 0; 1
14; 14H; >; 2; 16; 1; 4; 4; 1
14; 14H; >; 3; 10; 1; 10; 10; 1
14; 14H; >; 4; 11; 1; 15; 15; 1
14; 14H; >; 5; 12; 1; 20; 20; 1
14; 14H; >; 6; 13; 1; 36; 36; 1
14; 14R; <; 1; 13; 1; 0; 0; 1
14; 14R; <; 2; 12; 1; 16; 16; 1
14; 14R; <; 3; 11; 1; 21; 21; 1
14; 14R; <; 4; 10; 1; 26; 26; 1
14; 14R; <; 5; 16; 1; 32; 32; 1
14; 14R; <; 6; 8; 1; 36; 36; 1
15; 15H; >; 1; 7; 1; 0; 0; 1
15; 15H; >; 2; 18; 1; 4; 4; 1
15; 15H; >; 3; 20; 1; 21; 21; 1
15; 15H; >; 4; 22; 1; 29; 29; 1
15; 15H; >; 5; 23; 1; 34; 34; 1
15; 15H; >; 6; 14; 1; 38; 38; 1
15; 15R; <; 1; 14; 1; 0; 0; 1
15; 15R; <; 2; 23; 1; 4; 4; 1
15; 15R; <; 3; 22; 1; 9; 9; 1
15; 15R; <; 4; 20; 1; 17; 17; 1
15; 15R; <; 5; 18; 1; 34; 34; 1
15; 15R; <; 6; 7; 1; 38; 38; 1
16; 16H; >; 1; 7; 1; 0; 0; 1
16; 16H; >; 2; 18; 1; 4; 4; 1
16; 16H; >; 3; 20; 1; 21; 21; 1
16; 16H; >; 4; 21; 1; 27; 27; 1
16; 16H; >; 5; 24; 1; 32; 32; 1
16; 16H; >; 6; 13; 1; 37; 37; 1
16; 16R; <; 1; 13; 1; 0; 0; 1
16; 16R; <; 2; 24; 1; 5; 5; 1
16; 16R; <; 3; 21; 1; 10; 10; 1
16; 16R; <; 4; 20; 1; 16; 16; 1
16; 16R; <; 5; 18; 1; 33; 33; 1
16; 16R; <; 6; 7; 1; 37; 37; 1
21; 21H; >; 1; 4; 1; 0; 0; 1
21; 21H; >; 2; 11; 1; 7; 7; 1
21; 21H; >; 3; 10; 1; 12; 12; 1
21; 21H; >; 4; 15; 1; 20; 20; 1
21; 21H; >; 5; 22; 1; 24; 24; 1
21; 21H; >; 6; 21; 1; 29; 29; 1
21; 21R; <; 1; 21; 1; 30; 30; 1
21; 21R; <; 2; 22; 1; 35; 35; 1
21; 21R; <; 3; 15; 1; 39; 39; 1
21; 21R; <; 4; 10; 1; 47; 47; 1
21; 21R; <; 5; 11; 1; 52; 52; 1
21; 21R; <; 6; 4; 1; 59; 59; 1
23; 23H; >; 1; 3; 1; 0; 0; 1
23; 23H; >; 2; 4; 1; 5; 5; 1
23; 23H; >; 3; 11; 1; 12; 12; 1
23; 23H; >; 4; 10; 1; 17; 17; 1
23; 23H; >; 5; 16; 1; 23; 23; 1
23; 23H; >; 6; 18; 1; 29; 29; 1
23; 23R; <; 1; 18; 1; 30; 30; 1
23; 23R; <; 2; 16; 1; 36; 36; 1
23; 23R; <; 3; 10; 1; 42; 42; 1
23; 23R; <; 4; 11; 1; 47; 47; 1
23; 23R; <; 5; 4; 1; 54; 54; 1
23; 23R; <; 6; 3; 1; 59; 59; 1
24; 24H; >; 1; 3; 1; 0; 0; 1
24; 24H; >; 2; 4; 1; 5; 5; 1
24; 24H; >; 3; 11; 1; 12; 12; 1
24; 24H; >; 4; 10; 1; 17; 17; 1
24; 24H; >; 5; 15; 1; 25; 25; 1
24; 24H; >; 6; 22; 1; 29; 29; 1
24; 24R; <; 1; 22; 1; 30; 30; 1
24; 24R; <; 2; 15; 1; 34; 34; 1
24; 24R; <; 3; 10; 1; 42; 42; 1
24; 24R; <; 4; 11; 1; 47; 47; 1
24; 24R; <; 5; 4; 1; 54; 54; 1
24; 24R; <; 6; 3; 1; 59; 59; 1
25; 25H; >; 1; 3; 1; 0; 0; 1
25; 25H; >; 2; 4; 1; 5; 5; 1
25; 25H; >; 3; 11; 1; 12; 12; 1
25; 25H; >; 4; 10; 1; 17; 17; 1
25; 25H; >; 5; 15; 1; 25; 25; 1
25; 25H; >; 6; 19; 1; 31; 31; 1
25; 25R; <; 1; 19; 1; 0; 0; 1
25; 25R; <; 2; 15; 1; 6; 6; 1
25; 25R; <; 3; 10; 1; 14; 14; 1
25; 25R; <; 4; 11; 1; 19; 19; 1
25; 25R; <; 5; 4; 1; 26; 26; 1
25; 25R; <; 6; 3; 1; 31; 31; 1
26; 26H; >; 1; 3; 1; 0; 0; 1
26; 26H; >; 2; 4; 1; 5; 5; 1
26; 26H; >; 3; 5; 1; 10; 10; 1
26; 26H; >; 4; 9; 1; 14; 14; 1
26; 26H; >; 5; 8; 1; 20; 20; 1
26; 26H; >; 6; 7; 1; 26; 26; 1
26; 26R; <; 1; 7; 1; 30; 30; 1
26; 26R; <; 2; 8; 1; 36; 36; 1
26; 26R; <; 3; 9; 1; 42; 42; 1
26; 26R; <; 4; 5; 1; 46; 46; 1
26; 26R; <; 5; 4; 1; 51; 51; 1
26; 26R; <; 6; 3; 1; 56; 56; 1
27; 27H; >; 1; 2; 2; 0; 0; 1
27; 27H; >; 2; 6; 2; 4; 4; 1
27; 27H; >; 3; 8; 2; 8; 8; 1
27; 27H; >; 4; 16; 2; 12; 12; 1
27; 27H; >; 5; 17; 2; 16; 16; 1
27; 27H; >; 6; 19; 2; 20; 20; 1
27; 27H; >; 1; 2; 2; 30; 30; 2
27; 27H; >; 2; 6; 2; 34; 34; 2
27; 27H; >; 3; 8; 2; 38; 38; 2
27; 27H; >; 4; 16; 2; 42; 42; 2
27; 27H; >; 5; 17; 2; 46; 46; 2
27; 27H; >; 6; 19; 2; 50; 50; 2
27; 27R; <; 1; 19; 2; 30; 30; 1
27; 27R; <; 2; 17; 2; 34; 34; 1
27; 27R; <; 3; 16; 2; 38; 38; 1
27; 27R; <; 4; 8; 2; 42; 42; 1
27; 27R; <; 5; 6; 2; 46; 46; 1
27; 27R; <; 6; 2; 2; 50; 50; 1
27; 27R; <; 1; 19; 2; 0; 0; 2
27; 27R; <; 2; 17; 2; 4; 4; 2
27; 27R; <; 3; 16; 2; 8; 8; 2
27; 27R; <; 4; 8; 2; 12; 12; 2
27; 27R; <; 5; 6; 2; 16; 16; 2
27; 27R; <; 6; 2; 2; 20; 20; 2
28; 28H; >; 1; 2; 3; 17; 17; 1
28; 28H; >; 2; 6; 3; 21; 21; 1
28; 28H; >; 3; 8; 3; 25; 25; 1
28; 28H; >; 4; 9; 3; 31; 31; 1
28; 28H; >; 5; 10; 3; 35; 35; 1
28; 28H; >; 6; 15; 3; 43; 43; 1
28; 28H; >; 1; 2; 3; 37; 37; 2
28; 28H; >; 2; 6; 3; 41; 41; 2
28; 28H; >; 3; 8; 3; 45; 45; 2
28; 28H; >; 4; 9; 3; 51; 51; 2
28; 28H; >; 5; 10; 3; 55; 55; 2
28; 28H; >; 6; 15; 3; 3; 3; 2
28; 28H; >; 1; 2; 3; 57; 57; 3
28; 28H; >; 2; 6; 3; 1; 1; 3
28; 28H; >; 3; 8; 3; 5; 5; 3
28; 28H; >; 4; 9; 3; 11; 11; 3
28; 28H; >; 5; 10; 3; 15; 15; 3
28; 28H; >; 6; 15; 3; 23; 23; 3
28; 28R; <; 1; 15; 3; 47; 47; 1
28; 28R; <; 2; 10; 3; 55; 55; 1
28; 28R; <; 3; 9; 3; 59; 59; 1
28; 28R; <; 4; 8; 3; 5; 5; 1
28; 28R; <; 5; 6; 3; 9; 9; 1
28; 28R; <; 6; 2; 3; 13; 13; 1
28; 28R; <; 1; 15; 3; 7; 7; 2
28; 28R; <; 2; 10; 3; 15; 15; 2
28; 28R; <; 3; 9; 3; 19; 19; 2
28; 28R; <; 4; 8; 3; 25; 25; 2
28; 28R; <; 5; 6; 3; 29; 29; 2
28; 28R; <; 6; 2; 3; 33; 33; 2
28; 28R; <; 1; 15; 3; 27; 27; 3
28; 28R; <; 2; 10; 3; 35; 35; 3
28; 28R; <; 3; 9; 3; 39; 39; 3
28; 28R; <; 4; 8; 3; 45; 45; 3
28; 28R; <; 5; 6; 3; 49; 49; 3
28; 28R; <; 6; 2; 3; 53; 53; 3
29; 29H; >; 1; 1; 1; 0; 0; 1
29; 29H; >; 2; 3; 1; 4; 4; 1
29; 29H; >; 3; 12; 1; 11; 11; 1
29; 29H; >; 4; 11; 1; 16; 16; 1
29; 29H; >; 5; 14; 1; 24; 24; 1
29; 29H; >; 6; 15; 1; 29; 29; 1
29; 29R; <; 1; 15; 1; 30; 30; 1
29; 29R; <; 2; 14; 1; 35; 35; 1
29; 29R; <; 3; 11; 1; 43; 43; 1
29; 29R; <; 4; 12; 1; 48; 48; 1
29; 29R; <; 5; 3; 1; 55; 55; 1
29; 29R; <; 6; 1; 1; 59; 59; 1
30; 30H; >; 1; 17; 2; 38; 38; 1
30; 30H; >; 2; 19; 2; 42; 42; 1
30; 30H; >; 3; 20; 2; 50; 50; 1
30; 30H; >; 4; 21; 2; 56; 56; 1
30; 30H; >; 5; 24; 2; 1; 1; 1
30; 30H; >; 1; 17; 2; 8; 8; 2
30; 30H; >; 2; 19; 2; 12; 12; 2
30; 30H; >; 3; 20; 2; 20; 20; 2
30; 30H; >; 4; 21; 2; 26; 26; 2
30; 30H; >; 5; 24; 2; 31; 31; 2
30; 30R; <; 1; 24; 2; 8; 8; 1
30; 30R; <; 2; 21; 2; 13; 13; 1
30; 30R; <; 3; 20; 2; 19; 19; 1
30; 30R; <; 4; 19; 2; 27; 27; 1
30; 30R; <; 5; 17; 2; 31; 31; 1
30; 30R; <; 1; 24; 2; 38; 38; 2
30; 30R; <; 2; 21; 2; 43; 43; 2
30; 30R; <; 3; 20; 2; 49; 49; 2
30; 30R; <; 4; 19; 2; 57; 57; 2
30; 30R; <; 5; 17; 2; 1; 1; 2
31; 31H; >; 1; 17; 3; 56; 56; 1
31; 31H; >; 2; 19; 3; 0; 0; 1
31; 31H; >; 3; 15; 3; 6; 6; 1
31; 31H; >; 4; 22; 3; 10; 10; 1
31; 31H; >; 5; 23; 3; 15; 15; 1
31; 31H; >; 1; 17; 3; 16; 16; 2
31; 31H; >; 2; 19; 3; 20; 20; 2
31; 31H; >; 3; 15; 3; 26; 26; 2
31; 31H; >; 4; 22; 3; 30; 30; 2
31; 31H; >; 5; 23; 3; 35; 35; 2
31; 31H; >; 1; 17; 3; 36; 36; 3
31; 31H; >; 2; 19; 3; 40; 40; 3
31; 31H; >; 3; 15; 3; 46; 46; 3
31; 31H; >; 4; 22; 3; 50; 50; 3
31; 31H; >; 5; 23; 3; 55; 55; 3
31; 31R; <; 1; 23; 3; 26; 26; 1
31; 31R; <; 2; 22; 3; 31; 31; 1
31; 31R; <; 3; 15; 3; 35; 35; 1
31; 31R; <; 4; 19; 3; 41; 41; 1
31; 31R; <; 5; 17; 3; 45; 45; 1
31; 31R; <; 1; 23; 3; 46; 46; 2
31; 31R; <; 2; 22; 3; 51; 51; 2
31; 31R; <; 3; 15; 3; 55; 55; 2
31; 31R; <; 4; 19; 3; 1; 1; 2
31; 31R; <; 5; 17; 3; 5; 5; 2
31; 31R; <; 1; 23; 3; 6; 6; 3
31; 31R; <; 2; 22; 3; 11; 11; 3
31; 31R; <; 3; 15; 3; 15; 15; 3
31; 31R; <; 4; 19; 3; 21; 21; 3
31; 31R; <; 5; 17; 3; 25; 25; 3
33; 33H; >; 1; 14; 1; 0; 0; 1
33; 33H; >; 2; 15; 1; 5; 5; 1
33; 33H; >; 3; 10; 1; 13; 13; 1
33; 33H; >; 4; 16; 1; 19; 19; 1
33; 33H; >; 5; 18; 1; 25; 25; 1
33; 33R; <; 1; 18; 1; 30; 30; 1
33; 33R; <; 2; 16; 1; 36; 36; 1
33; 33R; <; 3; 10; 1; 42; 42; 1
33; 33R; <; 4; 15; 1; 50; 50; 1
33; 33R; <; 5; 14; 1; 55; 55; 1
36; 36H; >; 1; 13; 1; 0; 0; 1
36; 36H; >; 2; 24; 1; 5; 5; 1
36; 36H; >; 3; 21; 1; 10; 10; 1
36; 36H; >; 4; 20; 1; 16; 16; 1
36; 36H; >; 5; 19; 1; 24; 24; 1
36; 36R; <; 1; 19; 1; 30; 30; 1
36; 36R; <; 2; 20; 1; 38; 38; 1
36; 36R; <; 3; 21; 1; 44; 44; 1
36; 36R; <; 4; 24; 1; 49; 49; 1
36; 36R; <; 5; 13; 1; 54; 54; 1
39; 39H; >; 1; 9; 1; 0; 0; 1
39; 39H; >; 2; 10; 1; 4; 4; 1
39; 39H; >; 3; 15; 1; 12; 12; 1
39; 39H; >; 4; 22; 1; 16; 16; 1
39; 39H; >; 5; 23; 1; 21; 21; 1
39; 39R; <; 1; 23; 1; 30; 30; 1
39; 39R; <; 2; 22; 1; 35; 35; 1
39; 39R; <; 3; 15; 1; 39; 39; 1
39; 39R; <; 4; 10; 1; 47; 47; 1
39; 39R; <; 5; 9; 1; 51; 51; 1
40; 40H; >; 1; 9; 1; 0; 0; 1
40; 40H; >; 2; 10; 1; 4; 4; 1
40; 40H; >; 3; 15; 1; 12; 12; 1
40; 40H; >; 4; 22; 1; 16; 16; 1
40; 40H; >; 5; 20; 1; 24; 24; 1
40; 40R; <; 1; 20; 1; 30; 30; 1
40; 40R; <; 2; 22; 1; 38; 38; 1
40; 40R; <; 3; 15; 1; 42; 42; 1
40; 40R; <; 4; 10; 1; 50; 50; 1
40; 40R; <; 5; 9; 1; 54; 54; 1
41; 41H; >; 1; 9; 1; 0; 0; 1
41; 41H; >; 2; 10; 1; 4; 4; 1
41; 41H; >; 3; 11; 1; 9; 9; 1
41; 41H; >; 4; 12; 1; 14; 14; 1
41; 41H; >; 5; 13; 1; 30; 30; 1
41; 41R; <; 1; 13; 1; 30; 30; 1
41; 41R; <; 2; 12; 1; 46; 46; 1
41; 41R; <; 3; 11; 1; 51; 51; 1
41; 41R; <; 4; 10; 1; 56; 56; 1
41; 41R; <; 5; 9; 1; 0; 0; 1
42; 42H; >; 1; 8; 1; 0; 0; 1
42; 42H; >; 2; 16; 1; 4; 4; 1
42; 42H; >; 3; 10; 1; 10; 10; 1
42; 42H; >; 4; 15; 1; 18; 18; 1
42; 42H; >; 5; 22; 1; 22; 22; 1
42; 42R; <; 1; 22; 1; 30; 30; 1
42; 42R; <; 2; 15; 1; 34; 34; 1
42; 42R; <; 3; 10; 1; 42; 42; 1
42; 42R; <; 4; 16; 1; 48; 48; 1
42; 42R; <; 5; 8; 1; 52; 52; 1
43; 43H; >; 1; 7; 1; 0; 0; 1
43; 43H; >; 2; 8; 1; 6; 6; 1
43; 43H; >; 3; 9; 1; 12; 12; 1
43; 43H; >; 4; 10; 1; 16; 16; 1
43; 43H; >; 5; 15; 1; 24; 24; 1
43; 43R; <; 1; 15; 1; 30; 30; 1
43; 43R; <; 2; 10; 1; 38; 38; 1
43; 43R; <; 3; 9; 1; 42; 42; 1
43; 43R; <; 4; 8; 1; 48; 48; 1
43; 43R; <; 5; 7; 1; 54; 54; 1
44; 44H; >; 1; 5; 1; 0; 0; 1
44; 44H; >; 2; 6; 1; 6; 6; 1
44; 44H; >; 3; 8; 1; 10; 10; 1
44; 44H; >; 4; 7; 1; 16; 16; 1
44; 44H; >; 5; 18; 1; 20; 20; 1
44; 44R; <; 1; 18; 1; 30; 30; 1
44; 44R; <; 2; 7; 1; 34; 34; 1
44; 44R; <; 3; 8; 1; 40; 40; 1
44; 44R; <; 4; 6; 1; 44; 44; 1
44; 44R; <; 5; 5; 1; 50; 50; 1
45; 45H; >; 1; 3; 1; 0; 0; 1
45; 45H; >; 2; 4; 1; 5; 5; 1
45; 45H; >; 3; 11; 1; 12; 12; 1
45; 45H; >; 4; 14; 1; 20; 20; 1
45; 45H; >; 5; 23; 1; 24; 24; 1
45; 45R; <; 1; 23; 1; 30; 30; 1
45; 45R; <; 2; 14; 1; 34; 34; 1
45; 45R; <; 3; 11; 1; 42; 42; 1
45; 45R; <; 4; 4; 1; 49; 49; 1
45; 45R; <; 5; 3; 1; 54; 54; 1
46; 46H; >; 1; 3; 2; 0; 0; 1
46; 46H; >; 2; 4; 2; 5; 5; 1
46; 46H; >; 3; 11; 2; 12; 12; 1
46; 46H; >; 4; 10; 2; 17; 17; 1
46; 46H; >; 5; 17; 2; 24; 24; 1
46; 46H; >; 1; 3; 2; 30; 30; 2
46; 46H; >; 2; 4; 2; 35; 35; 2
46; 46H; >; 3; 11; 2; 42; 42; 2
46; 46H; >; 4; 10; 2; 47; 47; 2
46; 46H; >; 5; 17; 2; 54; 54; 2
46; 46R; <; 1; 17; 2; 30; 30; 1
46; 46R; <; 2; 10; 2; 37; 37; 1
46; 46R; <; 3; 11; 2; 42; 42; 1
46; 46R; <; 4; 4; 2; 49; 49; 1
46; 46R; <; 5; 3; 2; 54; 54; 1
46; 46R; <; 1; 17; 2; 0; 0; 2
46; 46R; <; 2; 10; 2; 7; 7; 2
46; 46R; <; 3; 11; 2; 12; 12; 2
46; 46R; <; 4; 4; 2; 19; 19; 2
46; 46R; <; 5; 3; 2; 24; 24; 2
47; 47H; >; 1; 1; 2; 6; 6; 1
47; 47H; >; 2; 2; 2; 22; 22; 1
47; 47H; >; 3; 6; 2; 26; 26; 1
47; 47H; >; 4; 8; 2; 30; 30; 1
47; 47H; >; 5; 16; 2; 34; 34; 1
47; 47H; >; 1; 1; 2; 36; 36; 2
47; 47H; >; 2; 2; 2; 52; 52; 2
47; 47H; >; 3; 6; 2; 56; 56; 2
47; 47H; >; 4; 8; 2; 0; 0; 2
47; 47H; >; 5; 16; 2; 4; 4; 2
47; 47R; <; 1; 16; 2; 36; 36; 1
47; 47R; <; 2; 8; 2; 40; 40; 1
47; 47R; <; 3; 6; 2; 44; 44; 1
47; 47R; <; 4; 2; 2; 48; 48; 1
47; 47R; <; 5; 1; 2; 4; 4; 1
47; 47R; <; 1; 16; 2; 6; 6; 2
47; 47R; <; 2; 8; 2; 10; 10; 2
47; 47R; <; 3; 6; 2; 14; 14; 2
47; 47R; <; 4; 2; 2; 18; 18; 2
47; 47R; <; 5; 1; 2; 34; 34; 2
50; 50H; >; 1; 14; 1; 0; 0; 1
50; 50H; >; 2; 15; 1; 5; 5; 1
50; 50H; >; 3; 19; 1; 11; 11; 1
50; 50H; >; 4; 17; 1; 15; 15; 1
50; 50R; <; 1; 17; 1; 30; 30; 1
50; 50R; <; 2; 19; 1; 34; 34; 1
50; 50R; <; 3; 15; 1; 40; 40; 1
50; 50R; <; 4; 14; 1; 45; 45; 1
53; 53H; >; 1; 11; 1; 0; 0; 1
53; 53H; >; 2; 14; 1; 8; 8; 1
53; 53H; >; 3; 15; 1; 13; 13; 1
53; 53H; >; 4; 19; 1; 19; 19; 1
53; 53R; <; 1; 19; 1; 30; 30; 1
53; 53R; <; 2; 15; 1; 36; 36; 1
53; 53R; <; 3; 14; 1; 41; 41; 1
53; 53R; <; 4; 11; 1; 49; 49; 1
57; 57H; >; 1; 9; 1; 0; 0; 1
57; 57H; >; 2; 10; 1; 4; 4; 1
57; 57H; >; 3; 17; 1; 11; 11; 1
57; 57H; >; 4; 19; 1; 15; 15; 1
57; 57R; <; 1; 19; 1; 30; 30; 1
57; 57R; <; 2; 17; 1; 34; 34; 1
57; 57R; <; 3; 10; 1; 41; 41; 1
57; 57R; <; 4; 9; 1; 45; 45; 1
59; 59H; >; 1; 7; 1; 0; 0; 1
59; 59H; >; 2; 18; 1; 4; 4; 1
59; 59H; >; 3; 20; 1; 21; 21; 1
59; 59H; >; 4; 19; 1; 29; 29; 1
59; 59R; <; 1; 19; 1; 30; 30; 1
59; 59R; <; 2; 20; 1; 38; 38; 1
59; 59R; <; 3; 18; 1; 55; 55; 1
59; 59R; <; 4; 7; 1; 59; 59; 1
60; 60H; >; 1; 7; 2; 0; 0; 1
60; 60H; >; 2; 8; 2; 6; 6; 1
60; 60H; >; 3; 16; 2; 10; 10; 1
60; 60H; >; 4; 17; 2; 14; 14; 1
60; 60H; >; 1; 7; 2; 30; 30; 2
60; 60H; >; 2; 8; 2; 36; 36; 2
60; 60H; >; 3; 16; 2; 40; 40; 2
60; 60H; >; 4; 17; 2; 44; 44; 2
60; 60R; <; 1; 17; 2; 30; 30; 1
60; 60R; <; 2; 16; 2; 34; 34; 1
60; 60R; <; 3; 8; 2; 38; 38; 1
60; 60R; <; 4; 7; 2; 44; 44; 1
60; 60R; <; 1; 17; 2; 0; 0; 2
60; 60R; <; 2; 16; 2; 4; 4; 2
60; 60R; <; 3; 8; 2; 8; 8; 2
60; 60R; <; 4; 7; 2; 14; 14; 2
61; 61H; >; 1; 5; 1; 0; 0; 1
61; 61H; >; 2; 9; 1; 4; 4; 1
61; 61H; >; 3; 10; 1; 8; 8; 1
61; 61H; >; 4; 17; 1; 15; 15; 1
61; 61R; <; 1; 17; 1; 30; 30; 1
61; 61R; <; 2; 10; 1; 37; 37; 1
61; 61R; <; 3; 9; 1; 41; 41; 1
61; 61R; <; 4; 5; 1; 45; 45; 1
62; 62H; >; 1; 5; 1; 0; 0; 1
62; 62H; >; 2; 9; 1; 4; 4; 1
62; 62H; >; 3; 10; 1; 8; 8; 1
62; 62H; >; 4; 16; 1; 14; 14; 1
62; 62R; <; 1; 16; 1; 30; 30; 1
62; 62R; <; 2; 10; 1; 36; 36; 1
62; 62R; <; 3; 9; 1; 40; 40; 1
62; 62R; <; 4; 5; 1; 44; 44; 1
63; 63H; >; 1; 4; 1; 0; 0; 1
63; 63H; >; 2; 5; 1; 5; 5; 1
63; 63H; >; 3; 6; 1; 11; 11; 1
63; 63H; >; 4; 2; 1; 15; 15; 1
63; 63R; <; 1; 2; 1; 30; 30; 1
63; 63R; <; 2; 6; 1; 34; 34; 1
63; 63R; <; 3; 5; 1; 40; 40; 1
63; 63R; <; 4; 4; 1; 45; 45; 1
67; 67H; >; 1; 19; 3; 0; 0; 1
67; 67H; >; 2; 20; 3; 8; 8; 1
67; 67H; >; 3; 22; 3; 16; 16; 1
67; 67H; >; 1; 19; 3; 20; 20; 2
67; 67H; >; 2; 20; 3; 28; 28; 2
67; 67H; >; 3; 22; 3; 36; 36; 2
67; 67H; >; 1; 19; 3; 40; 40; 3
67; 67H; >; 2; 20; 3; 48; 48; 3
67; 67H; >; 3; 22; 3; 56; 56; 3
67; 67R; <; 1; 22; 3; 30; 30; 1
67; 67R; <; 2; 20; 3; 38; 38; 1
67; 67R; <; 3; 19; 3; 46; 46; 1
67; 67R; <; 1; 22; 3; 50; 50; 2
67; 67R; <; 2; 20; 3; 58; 58; 2
67; 67R; <; 3; 19; 3; 6; 6; 2
67; 67R; <; 1; 22; 3; 10; 10; 3
67; 67R; <; 2; 20; 3; 18; 18; 3
67; 67R; <; 3; 19; 3; 26; 26; 3
71; 71H; >; 1; 20; 1; 0; 0; 1
71; 71H; >; 2; 21; 1; 6; 6; 1
71; 71H; >; 3; 22; 1; 11; 11; 1
71; 71H; >; 4; 15; 1; 15; 15; 1
71; 71H; >; 5; 14; 1; 20; 20; 1
71; 71H; >; 6; 23; 1; 24; 24; 1
71; 71H; >; 7; 24; 1; 29; 29; 1
71; 71H; >; 8; 13; 1; 34; 34; 1
71; 71R; <; 1; 13; 1; 0; 0; 1
71; 71R; <; 2; 24; 1; 5; 5; 1
71; 71R; <; 3; 23; 1; 10; 10; 1
71; 71R; <; 4; 14; 1; 14; 14; 1
71; 71R; <; 5; 15; 1; 19; 19; 1
71; 71R; <; 6; 22; 1; 23; 23; 1
71; 71R; <; 7; 21; 1; 28; 28; 1
71; 71R; <; 8; 20; 1; 34; 34; 1
72; 72H; >; 1; 14; 1; 0; 0; 1
72; 72H; >; 2; 11; 1; 8; 8; 1
72; 72H; >; 3; 10; 1; 13; 13; 1
72; 72H; >; 4; 15; 1; 21; 21; 1
72; 72H; >; 5; 22; 1; 25; 25; 1
72; 72H; >; 6; 23; 1; 30; 30; 1
72; 72H; >; 7; 24; 1; 35; 35; 1
72; 72H; >; 8; 13; 1; 40; 40; 1
72; 72R; <; 1; 13; 1; 0; 0; 1
72; 72R; <; 2; 24; 1; 5; 5; 1
72; 72R; <; 3; 23; 1; 10; 10; 1
72; 72R; <; 4; 22; 1; 15; 15; 1
72; 72R; <; 5; 15; 1; 19; 19; 1
72; 72R; <; 6; 10; 1; 27; 27; 1
72; 72R; <; 7; 11; 1; 32; 32; 1
72; 72R; <; 8; 14; 1; 40; 40; 1
74; 74H; >; 1; 7; 1; 0; 0; 1
74; 74H; >; 2; 8; 1; 6; 6; 1
74; 74H; >; 3; 6; 1; 10; 10; 1
74; 74H; >; 4; 2; 1; 14; 14; 1
74; 74H; >; 5; 1; 1; 30; 30; 1
74; 74H; >; 6; 3; 1; 34; 34; 1
74; 74H; >; 7; 4; 1; 39; 39; 1
74; 74H; >; 8; 5; 1; 44; 44; 1
74; 74R; <; 1; 5; 1; 0; 0; 1
74; 74R; <; 2; 4; 1; 5; 5; 1
74; 74R; <; 3; 3; 1; 10; 10; 1
74; 74R; <; 4; 1; 1; 14; 14; 1
74; 74R; <; 5; 2; 1; 30; 30; 1
74; 74R; <; 6; 6; 1; 34; 34; 1
74; 74R; <; 7; 8; 1; 38; 38; 1
74; 74R; <; 8; 7; 1; 44; 44; 1
76; 76H; >; 1; 20; 1; 0; 0; 1
76; 76H; >; 2; 21; 1; 6; 6; 1
76; 76H; >; 3; 22; 1; 11; 11; 1
76; 76H; >; 4; 15; 1; 15; 15; 1
76; 76H; >; 5; 10; 1; 23; 23; 1
76; 76H; >; 6; 11; 1; 28; 28; 1
76; 76H; >; 7; 12; 1; 33; 33; 1
76; 76R; <; 1; 12; 1; 0; 0; 1
76; 76R; <; 2; 11; 1; 5; 5; 1
76; 76R; <; 3; 10; 1; 10; 10; 1
76; 76R; <; 4; 15; 1; 18; 18; 1
76; 76R; <; 5; 22; 1; 22; 22; 1
76; 76R; <; 6; 21; 1; 27; 27; 1
76; 76R; <; 7; 20; 1; 33; 33; 1
77; 77H; >; 1; 20; 2; 22; 22; 1
77; 77H; >; 2; 21; 2; 28; 28; 1
77; 77H; >; 3; 22; 2; 33; 33; 1
77; 77H; >; 4; 15; 2; 37; 37; 1
77; 77H; >; 5; 10; 2; 45; 45; 1
77; 77H; >; 6; 9; 2; 49; 49; 1
77; 77H; >; 7; 5; 2; 53; 53; 1
77; 77H; >; 1; 20; 2; 52; 52; 2
77; 77H; >; 2; 21; 2; 58; 58; 2
77; 77H; >; 3; 22; 2; 3; 3; 2
77; 77H; >; 4; 15; 2; 7; 7; 2
77; 77H; >; 5; 10; 2; 15; 15; 2
77; 77H; >; 6; 9; 2; 19; 19; 2
77; 77H; >; 7; 5; 2; 23; 23; 2
77; 77R; <; 1; 5; 2; 22; 22; 1
77; 77R; <; 2; 9; 2; 26; 26; 1
77; 77R; <; 3; 10; 2; 30; 30; 1
77; 77R; <; 4; 15; 2; 38; 38; 1
77; 77R; <; 5; 22; 2; 42; 42; 1
77; 77R; <; 6; 21; 2; 47; 47; 1
77; 77R; <; 7; 20; 2; 53; 53; 1
77; 77R; <; 1; 5; 2; 52; 52; 2
77; 77R; <; 2; 9; 2; 56; 56; 2
77; 77R; <; 3; 10; 2; 0; 0; 2
77; 77R; <; 4; 15; 2; 8; 8; 2
77; 77R; <; 5; 22; 2; 12; 12; 2
77; 77R; <; 6; 21; 2; 17; 17; 2
77; 77R; <; 7; 20; 2; 23; 23; 2
78; 78H; >; 1; 15; 2; 0; 0; 1
78; 78H; >; 2; 14; 2; 5; 5; 1
78; 78H; >; 3; 23; 2; 9; 9; 1
78; 78H; >; 4; 22; 2; 14; 14; 1
78; 78H; >; 5; 21; 2; 19; 19; 1
78; 78H; >; 6; 24; 2; 24; 24; 1
78; 78H; >; 7; 13; 2; 29; 29; 1
78; 78H; >; 1; 15; 2; 30; 30; 2
78; 78H; >; 2; 14; 2; 35; 35; 2
78; 78H; >; 3; 23; 2; 39; 39; 2
78; 78H; >; 4; 22; 2; 44; 44; 2
78; 78H; >; 5; 21; 2; 49; 49; 2
78; 78H; >; 6; 24; 2; 54; 54; 2
78; 78H; >; 7; 13; 2; 59; 59; 2
78; 78R; <; 1; 13; 2; 30; 30; 1
78; 78R; <; 2; 24; 2; 35; 35; 1
78; 78R; <; 3; 21; 2; 40; 40; 1
78; 78R; <; 4; 22; 2; 45; 45; 1
78; 78R; <; 5; 23; 2; 50; 50; 1
78; 78R; <; 6; 14; 2; 54; 54; 1
78; 78R; <; 7; 15; 2; 59; 59; 1
78; 78R; <; 1; 13; 2; 0; 0; 2
78; 78R; <; 2; 24; 2; 5; 5; 2
78; 78R; <; 3; 21; 2; 10; 10; 2
78; 78R; <; 4; 22; 2; 15; 15; 2
78; 78R; <; 5; 23; 2; 20; 20; 2
78; 78R; <; 6; 14; 2; 24; 24; 2
78; 78R; <; 7; 15; 2; 29; 29; 2
79; 79H; >; 1; 18; 3; 0; 0; 1
79; 79H; >; 2; 7; 3; 4; 4; 1
79; 79H; >; 3; 8; 3; 10; 10; 1
79; 79H; >; 4; 16; 3; 14; 14; 1
79; 79H; >; 5; 10; 3; 20; 20; 1
79; 79H; >; 6; 11; 3; 25; 25; 1
79; 79H; >; 7; 12; 3; 30; 30; 1
79; 79H; >; 1; 18; 3; 20; 20; 2
79; 79H; >; 2; 7; 3; 24; 24; 2
79; 79H; >; 3; 8; 3; 30; 30; 2
79; 79H; >; 4; 16; 3; 34; 34; 2
79; 79H; >; 5; 10; 3; 40; 40; 2
79; 79H; >; 6; 11; 3; 45; 45; 2
79; 79H; >; 7; 12; 3; 50; 50; 2
79; 79H; >; 1; 18; 3; 40; 40; 3
79; 79H; >; 2; 7; 3; 44; 44; 3
79; 79H; >; 3; 8; 3; 50; 50; 3
79; 79H; >; 4; 16; 3; 54; 54; 3
79; 79H; >; 5; 10; 3; 0; 0; 3
79; 79H; >; 6; 11; 3; 5; 5; 3
79; 79H; >; 7; 12; 3; 10; 10; 3
79; 79R; <; 1; 12; 3; 30; 30; 1
79; 79R; <; 2; 11; 3; 35; 35; 1
79; 79R; <; 3; 10; 3; 40; 40; 1
79; 79R; <; 4; 16; 3; 46; 46; 1
79; 79R; <; 5; 8; 3; 50; 50; 1
79; 79R; <; 6; 7; 3; 56; 56; 1
79; 79R; <; 7; 18; 3; 0; 0; 1
79; 79R; <; 1; 12; 3; 50; 50; 2
79; 79R; <; 2; 11; 3; 55; 55; 2
79; 79R; <; 3; 10; 3; 0; 0; 2
79; 79R; <; 4; 16; 3; 6; 6; 2
79; 79R; <; 5; 8; 3; 10; 10; 2
79; 79R; <; 6; 7; 3; 16; 16; 2
79; 79R; <; 7; 18; 3; 20; 20; 2
79; 79R; <; 1; 12; 3; 10; 10; 3
79; 79R; <; 2; 11; 3; 15; 15; 3
79; 79R; <; 3; 10; 3; 20; 20; 3
79; 79R; <; 4; 16; 3; 26; 26; 3
79; 79R; <; 5; 8; 3; 30; 30; 3
79; 79R; <; 6; 7; 3; 36; 36; 3
79; 79R; <; 7; 18; 3; 40; 40; 3
82; 82H; >; 1; 20; 1; 0; 0; 1
82; 82H; >; 2; 21; 1; 6; 6; 1
82; 82H; >; 3; 22; 1; 11; 11; 1
82; 82H; >; 4; 23; 1; 16; 16; 1
82; 82H; >; 5; 24; 1; 21; 21; 1
82; 82H; >; 6; 13; 1; 26; 26; 1
82; 82R; <; 1; 13; 1; 30; 30; 1
82; 82R; <; 2; 24; 1; 35; 35; 1
82; 82R; <; 3; 23; 1; 40; 40; 1
82; 82R; <; 4; 22; 1; 45; 45; 1
82; 82R; <; 5; 21; 1; 50; 50; 1
82; 82R; <; 6; 20; 1; 56; 56; 1
83; 83H; >; 1; 21; 1; 0; 0; 1
83; 83H; >; 2; 20; 1; 6; 6; 1
83; 83H; >; 3; 18; 1; 23; 23; 1
83; 83H; >; 4; 16; 1; 29; 29; 1
83; 83H; >; 5; 8; 1; 33; 33; 1
83; 83H; >; 6; 9; 1; 39; 39; 1
83; 83R; <; 1; 9; 1; 0; 0; 1
83; 83R; <; 2; 8; 1; 6; 6; 1
83; 83R; <; 3; 16; 1; 10; 10; 1
83; 83R; <; 4; 18; 1; 16; 16; 1
83; 83R; <; 5; 20; 1; 33; 33; 1
83; 83R; <; 6; 21; 1; 39; 39; 1
88; 88H; >; 1; 19; 1; 0; 0; 1
88; 88H; >; 2; 17; 1; 4; 4; 1
88; 88H; >; 3; 16; 1; 8; 8; 1
88; 88H; >; 4; 8; 1; 12; 12; 1
88; 88H; >; 5; 7; 1; 18; 18; 1
88; 88H; >; 6; 18; 1; 22; 22; 1
88; 88R; <; 1; 18; 1; 30; 30; 1
88; 88R; <; 2; 7; 1; 34; 34; 1
88; 88R; <; 3; 8; 1; 40; 40; 1
88; 88R; <; 4; 16; 1; 44; 44; 1
88; 88R; <; 5; 17; 1; 48; 48; 1
88; 88R; <; 6; 19; 1; 52; 52; 1
91; 91H; >; 1; 24; 1; 0; 0; 1
91; 91H; >; 2; 13; 1; 5; 5; 1
91; 91H; >; 3; 12; 1; 21; 21; 1
91; 91H; >; 4; 3; 1; 28; 28; 1
91; 91H; >; 5; 4; 1; 33; 33; 1
91; 91H; >; 6; 5; 1; 38; 38; 1
91; 91R; <; 1; 5; 1; 0; 0; 1
91; 91R; <; 2; 4; 1; 5; 5; 1
91; 91R; <; 3; 3; 1; 10; 10; 1
91; 91R; <; 4; 12; 1; 17; 17; 1
91; 91R; <; 5; 13; 1; 33; 33; 1
91; 91R; <; 6; 24; 1; 38; 38; 1
93; 93H; >; 1; 23; 2; 0; 0; 1
93; 93H; >; 2; 14; 2; 4; 4; 1
93; 93H; >; 3; 11; 2; 12; 12; 1
93; 93H; >; 4; 4; 2; 19; 19; 1
93; 93H; >; 5; 5; 2; 24; 24; 1
93; 93H; >; 1; 23; 2; 30; 30; 2
93; 93H; >; 2; 14; 2; 34; 34; 2
93; 93H; >; 3; 11; 2; 42; 42; 2
93; 93H; >; 4; 4; 2; 49; 49; 2
93; 93H; >; 5; 5; 2; 54; 54; 2
93; 93R; <; 1; 5; 2; 30; 30; 1
93; 93R; <; 2; 4; 2; 35; 35; 1
93; 93R; <; 3; 11; 2; 42; 42; 1
93; 93R; <; 4; 14; 2; 50; 50; 1
93; 93R; <; 5; 23; 2; 54; 54; 1
93; 93R; <; 1; 5; 2; 0; 0; 2
93; 93R; <; 2; 4; 2; 5; 5; 2
93; 93R; <; 3; 11; 2; 12; 12; 2
93; 93R; <; 4; 14; 2; 20; 20; 2
93; 93R; <; 5; 23; 2; 24; 24; 2
94; 94H; >; 1; 14; 2; 0; 0; 1
94; 94H; >; 2; 11; 2; 8; 8; 1
94; 94H; >; 3; 10; 2; 13; 13; 1
94; 94H; >; 4; 9; 2; 17; 17; 1
94; 94H; >; 5; 5; 2; 21; 21; 1
94; 94H; >; 1; 14; 2; 30; 30; 2
94; 94H; >; 2; 11; 2; 38; 38; 2
94; 94H; >; 3; 10; 2; 43; 43; 2
94; 94H; >; 4; 9; 2; 47; 47; 2
94; 94H; >; 5; 5; 2; 51; 51; 2
94; 94R; <; 1; 5; 2; 30; 30; 1
94; 94R; <; 2; 9; 2; 34; 34; 1
94; 94R; <; 3; 10; 2; 38; 38; 1
94; 94R; <; 4; 11; 2; 43; 43; 1
94; 94R; <; 5; 14; 2; 51; 51; 1
94; 94R; <; 1; 5; 2; 0; 0; 2
94; 94R; <; 2; 9; 2; 4; 4; 2
94; 94R; <; 3; 10; 2; 8; 8; 2
94; 94R; <; 4; 11; 2; 13; 13; 2
94; 94R; <; 5; 14; 2; 21; 21; 2
95; 95H; >; 1; 14; 3; 28; 28; 1
95; 95H; >; 2; 11; 3; 36; 36; 1
95; 95H; >; 3; 4; 3; 43; 43; 1
95; 95H; >; 4; 3; 3; 48; 48; 1
95; 95H; >; 5; 1; 3; 52; 52; 1
95; 95H; >; 1; 14; 3; 48; 48; 2
95; 95H; >; 2; 11; 3; 56; 56; 2
95; 95H; >; 3; 4; 3; 3; 3; 2
95; 95H; >; 4; 3; 3; 8; 8; 2
95; 95H; >; 5; 1; 3; 12; 12; 2
95; 95H; >; 1; 14; 3; 8; 8; 3
95; 95H; >; 2; 11; 3; 16; 16; 3
95; 95H; >; 3; 4; 3; 23; 23; 3
95; 95H; >; 4; 3; 3; 28; 28; 3
95; 95H; >; 5; 1; 3; 32; 32; 3
95; 95R; <; 1; 1; 3; 58; 58; 1
95; 95R; <; 2; 3; 3; 2; 2; 1
95; 95R; <; 3; 4; 3; 7; 7; 1
95; 95R; <; 4; 11; 3; 14; 14; 1
95; 95R; <; 5; 14; 3; 22; 22; 1
95; 95R; <; 1; 1; 3; 18; 18; 2
95; 95R; <; 2; 3; 3; 22; 22; 2
95; 95R; <; 3; 4; 3; 27; 27; 2
95; 95R; <; 4; 11; 3; 34; 34; 2
95; 95R; <; 5; 14; 3; 42; 42; 2
95; 95R; <; 1; 1; 3; 38; 38; 3
95; 95R; <; 2; 3; 3; 42; 42; 3
95; 95R; <; 3; 4; 3; 47; 47; 3
95; 95R; <; 4; 11; 3; 54; 54; 3
95; 95R; <; 5; 14; 3; 2; 2; 3
109; 109H; >; 1; 13; 2; 0; 0; 1
109; 109H; >; 2; 24; 2; 5; 5; 1
109; 109H; >; 3; 23; 2; 10; 10; 1
109; 109H; >; 1; 13; 2; 30; 30; 2
109; 109H; >; 2; 24; 2; 35; 35; 2
109; 109H; >; 3; 23; 2; 40; 40; 2
109; 109R; <; 1; 23; 2; 30; 30; 1
109; 109R; <; 2; 24; 2; 35; 35; 1
109; 109R; <; 3; 13; 2; 40; 40; 1
109; 109R; <; 1; 23; 2; 0; 0; 2
109; 109R; <; 2; 24; 2; 5; 5; 2
109; 109R; <; 3; 13; 2; 10; 10; 2
111; 111H; >; 1; 6; 1; 0; 0; 1
111; 111H; >; 2; 8; 1; 4; 4; 1
111; 111H; >; 3; 16; 1; 8; 8; 1
111; 111R; <; 1; 16; 1; 30; 30; 1
111; 111R; <; 2; 8; 1; 34; 34; 1
111; 111R; <; 3; 6; 1; 38; 38; 1
125; 125H; >; 1; 3; 1; 0; 0; 1
125; 125H; >; 2; 4; 1; 5; 5; 1
125; 125H; >; 3; 5; 1; 10; 10; 1
125; 125H; >; 4; 6; 1; 16; 16; 1
125; 125R; <; 1; 6; 1; 30; 30; 1
125; 125R; <; 2; 5; 1; 36; 36; 1
125; 125R; <; 3; 4; 1; 41; 41; 1
125; 125R; <; 4; 3; 1; 46; 46; 1
126; 126H; >; 1; 12; 3; 0; 0; 1
126; 126H; >; 2; 11; 3; 5; 5; 1
126; 126H; >; 3; 10; 3; 10; 10; 1
126; 126H; >; 4; 16; 3; 16; 16; 1
126; 126H; >; 5; 18; 3; 22; 22; 1
126; 126H; >; 1; 12; 3; 20; 20; 2
126; 126H; >; 2; 11; 3; 25; 25; 2
126; 126H; >; 3; 10; 3; 30; 30; 2
126; 126H; >; 4; 16; 3; 36; 36; 2
126; 126H; >; 5; 18; 3; 42; 42; 2
126; 126H; >; 1; 12; 3; 40; 40; 3
126; 126H; >; 2; 11; 3; 45; 45; 3
126; 126H; >; 3; 10; 3; 50; 50; 3
126; 126H; >; 4; 16; 3; 56; 56; 3
126; 126H; >; 5; 18; 3; 2; 2; 3
126; 126R; <; 1; 18; 3; 30; 30; 1
126; 126R; <; 2; 16; 3; 36; 36; 1
126; 126R; <; 3; 10; 3; 42; 42; 1
126; 126R; <; 4; 11; 3; 47; 47; 1
126; 126R; <; 5; 12; 3; 52; 52; 1
126; 126R; <; 1; 18; 3; 50; 50; 2
126; 126R; <; 2; 16; 3; 56; 56; 2
126; 126R; <; 3; 10; 3; 2; 2; 2
126; 126R; <; 4; 11; 3; 7; 7; 2
126; 126R; <; 5; 12; 3; 12; 12; 2
126; 126R; <; 1; 18; 3; 10; 10; 3
126; 126R; <; 2; 16; 3; 16; 16; 3
126; 126R; <; 3; 10; 3; 22; 22; 3
126; 126R; <; 4; 11; 3; 27; 27; 3
126; 126R; <; 5; 12; 3; 32; 32; 3
127; 127H; >; 1; 9; 1; 0; 0; 1
127; 127H; >; 2; 8; 1; 6; 6; 1
127; 127H; >; 3; 7; 1; 12; 12; 1
127; 127R; <; 1; 7; 1; 30; 30; 1
127; 127R; <; 2; 8; 1; 36; 36; 1
127; 127R; <; 3; 9; 1; 42; 42; 1
132; 132H; >; 1; 1; 1; 0; 0; 1
132; 132H; >; 2; 3; 1; 4; 4; 1
132; 132H; >; 3; 12; 1; 11; 11; 1
132; 132H; >; 4; 13; 1; 27; 27; 1
132; 132R; <; 1; 13; 1; 30; 30; 1
132; 132R; <; 2; 12; 1; 46; 46; 1
132; 132R; <; 3; 3; 1; 53; 53; 1
132; 132R; <; 4; 1; 1; 57; 57; 1
133; 133H; >; 1; 4; 1; 0; 0; 1
133; 133H; >; 2; 11; 1; 7; 7; 1
133; 133H; >; 3; 14; 1; 15; 15; 1
133; 133H; >; 4; 23; 1; 19; 19; 1
133; 133H; >; 5; 24; 1; 24; 24; 1
133; 133R; <; 1; 24; 1; 30; 30; 1
133; 133R; <; 2; 23; 1; 35; 35; 1
133; 133R; <; 3; 14; 1; 39; 39; 1
133; 133R; <; 4; 11; 1; 47; 47; 1
133; 133R; <; 5; 4; 1; 54; 54; 1
135; 135H; >; 1; 2; 1; 0; 0; 1
135; 135H; >; 2; 6; 1; 4; 4; 1
135; 135H; >; 3; 8; 1; 8; 8; 1
135; 135H; >; 4; 16; 1; 12; 12; 1
135; 135H; >; 5; 17; 1; 16; 16; 1
135; 135H; >; 6; 19; 1; 20; 20; 1
135; 135H; >; 7; 20; 1; 28; 28; 1
135; 135R; <; 1; 20; 1; 30; 30; 1
135; 135R; <; 2; 19; 1; 38; 38; 1
135; 135R; <; 3; 17; 1; 42; 42; 1
135; 135R; <; 4; 16; 1; 46; 46; 1
135; 135R; <; 5; 8; 1; 50; 50; 1
135; 135R; <; 6; 6; 1; 54; 54; 1
135; 135R; <; 7; 2; 1; 58; 58; 1
