#origin-stop-id;destination-stop-id;perceived-travel-time;passengers
1;2;16;1.32
1;3;4;8.64
1;4;26;24.76
1;5;31;1.69
1;6;28;5.4
1;7;46;0.98
1;8;32;11.72
1;9;43;7.7
1;10;29;19.82
1;11;24;33.57
1;12;11;2.86
1;13;27;1.49
1;14;41;2.42
1;15;45;2.28
1;16;35;21.36
1;17;40;15.73
1;18;41;1.9
1;19;44;1.58
1;20;52;1.22
1;21;50;4.17
1;22;49;10.47
1;23;45;18.25
1;24;45;2.32
2;1;16;0.82
2;3;33;0.91
2;4;25;4.25
2;5;20;4.33
2;6;4;20.64
2;7;22;2.51
2;8;8;29.86
2;9;26;13.17
2;10;26;16.86
2;11;31;16.44
2;12;36;1.67
2;13;57;0.87
2;14;39;1.41
2;15;34;2.17
2;16;12;33.03
2;17;16;24.29
2;18;27;2.98
2;19;20;2.46
2;20;28;1.81
2;21;46;2.92
2;22;44;9.81
2;23;51;10.36
2;24;52;1.34
3;1;4;5.77
3;2;35;0.98
3;4;5;17.9
3;5;10;1.24
3;6;16;3.93
3;7;57;0.71
3;8;33;8.45
3;9;22;5.56
3;10;25;14.33
3;11;20;24.23
3;12;7;2.13
3;13;23;1.11
3;14;30;1.8
3;15;34;1.67
3;16;31;15.41
3;17;41;11.35
3;18;37;1.4
3;19;45;1.15
3;20;52;0.9
3;21;43;3.03
3;22;38;7.55
3;23;34;13.17
3;24;39;1.69
4;1;26;4.37
4;2;30;1.13
4;3;5;4.29
4;5;5;1.25
4;6;11;3.72
4;7;49;0.68
4;8;28;7.16
4;9;17;4.86
4;10;20;12.58
4;11;7;20.81
4;12;24;2.48
4;13;37;1.26
4;14;15;2.13
4;15;28;1.69
4;16;31;13.15
4;17;27;9.65
4;18;37;1.5
4;19;34;1.16
4;20;44;1.03
4;21;38;2.83
4;22;33;6.47
4;23;19;11.19
4;24;24;1.62
5;1;34;0.89
5;2;25;2.22
5;3;13;0.93
5;4;5;3.88
5;6;6;10.71
5;7;34;0.75
5;8;23;9.84
5;9;4;11.96
5;10;8;15.36
5;11;21;14.81
5;12;26;1.74
5;13;44;0.9
5;14;29;1.48
5;15;16;2.12
5;16;22;10.96
5;17;23;8.06
5;18;28;1.12
5;19;35;0.89
5;20;39;0.74
5;21;25;2.23
5;22;20;8.87
5;23;33;9.35
5;24;38;1.26
6;1;33;1.29
6;2;5;7.86
6;3;19;1.41
6;4;11;6.35
6;5;6;6.61
6;7;18;3.79
6;8;4;44.49
6;9;18;19.71
6;10;22;25.27
6;11;27;24.54
6;12;32;2.59
6;13;53;1.34
6;14;35;2.2
6;15;30;3.32
6;16;8;49.27
6;17;12;36.21
6;18;23;4.58
6;19;16;3.75
6;20;24;2.79
6;21;39;5.36
6;22;34;14.64
6;23;39;15.46
6;24;44;2.03
7;1;54;0.32
7;2;26;1.28
7;3;52;0.34
7;4;44;1.48
7;5;37;1.11
7;6;18;4.91
7;8;6;10.33
7;9;12;3.1
7;10;24;5.88
7;11;29;5.7
7;12;34;0.62
7;13;61;0.32
7;14;45;0.53
7;15;40;0.79
7;16;18;11.45
7;17;22;8.42
7;18;4;1.09
7;19;26;0.89
7;20;21;0.67
7;21;49;0.99
7;22;40;3.41
7;23;45;3.59
7;24;54;0.48
8;1;40;1.13
8;2;12;3.84
8;3;35;0.97
8;4;27;2.45
8;5;22;2.09
8;6;4;9.84
8;7;6;2.18
8;9;6;4.42
8;10;18;9.58
8;11;23;8.66
8;12;28;1.94
8;13;49;0.95
8;14;31;1.68
8;15;26;1.83
8;16;4;17.27
8;17;8;12.56
8;18;19;2.88
8;19;12;2.11
8;20;20;1.99
8;21;38;1.98
8;22;36;5.16
8;23;43;5.35
8;24;44;0.99
9;1;47;1.73
9;2;30;2.71
9;3;36;1.58
9;4;28;4.76
9;5;4;4.22
9;6;22;9.9
9;7;12;0.69
9;8;6;7.65
9;10;4;18.82
9;11;17;17.34
9;12;22;3.06
9;13;40;1.53
9;14;27;2.61
9;15;12;3.25
9;16;18;12.86
9;17;19;9.41
9;18;24;1.86
9;19;30;1.29
9;20;35;1.26
9;21;21;2.99
9;22;16;10.45
9;23;29;10.86
9;24;35;1.74
10;1;34;3.74
10;2;31;4.18
10;3;28;3.45
10;4;20;11.05
10;5;8;5.68
10;6;23;15.05
10;7;24;2.27
10;8;19;21.92
10;9;4;20.35
10;11;5;43.31
10;12;10;6.81
10;13;36;3.11
10;14;21;5.35
10;15;8;6.5
10;16;6;40.56
10;17;7;29.66
10;18;12;5.29
10;19;23;3.99
10;20;31;3.53
10;21;17;7.43
10;22;12;22.09
10;23;25;23.11
10;24;30;3.63
11;1;29;4.82
11;2;36;2.56
11;3;20;4.37
11;4;7;13.14
11;5;21;2.58
11;6;28;7.18
11;7;29;1.34
11;8;24;12.17
11;9;17;8.64
11;10;5;22.48
11;12;5;6.94
11;13;30;3.17
11;14;8;6.09
11;15;21;3.69
11;16;11;22.59
11;17;12;16.47
11;18;17;3.2
11;19;27;2.37
11;20;36;2.38
11;21;30;6.14
11;22;25;12.26
11;23;12;23.43
11;24;17;3.89
12;1;13;2.17
12;2;41;1.97
12;3;7;2.35
12;4;21;10.53
12;5;26;2.45
12;6;33;7.74
12;7;34;1.41
12;8;29;16.42
12;9;22;10.85
12;10;10;27.96
12;11;5;44.86
12;13;16;2.23
12;14;22;3.67
12;15;26;3.3
12;16;16;29.98
12;17;17;22.08
12;18;22;2.8
12;19;33;2.29
12;20;41;1.72
12;21;35;5.95
12;22;30;14.7
12;23;26;25.63
12;24;31;3.32
13;1;29;0.96
13;2;56;0.87
13;3;23;1.04
13;4;40;4.67
13;5;47;1.08
13;6;48;3.44
13;7;61;0.62
13;8;44;7.29
13;9;43;4.8
13;10;34;12.38
13;11;29;19.88
13;12;16;1.91
13;14;25;4
13;15;31;2.68
13;16;40;13.29
13;17;36;11.23
13;18;46;1.24
13;19;32;1.56
13;20;16;2.12
13;21;10;11.79
13;22;27;17.78
13;23;21;41.81
13;24;5;8.82
14;1;47;1.73
14;2;43;1.48
14;3;28;1.93
14;4;15;8.95
14;5;30;1.8
14;6;35;5.98
14;7;45;1.03
14;8;31;12.9
14;9;35;8.12
14;10;21;21.88
14;11;8;39.08
14;12;25;3.51
14;13;22;4.1
14;15;5;4.17
14;16;27;23.52
14;17;23;19.23
14;18;38;2.11
14;19;11;2.3
14;20;29;2.06
14;21;23;11.92
14;22;19;28.24
14;23;4;54.8
14;24;9;7.03
15;1;54;0.98
15;2;38;1.38
15;3;48;0.97
15;4;28;3.61
15;5;16;2.5
15;6;30;6.21
15;7;37;1.37
15;8;26;9.2
15;9;12;10
15;10;8;19.23
15;11;21;14.01
15;12;26;1.88
15;13;28;2.69
15;14;5;2.62
15;16;22;18.5
15;17;18;16.73
15;18;28;1.79
15;19;6;2.93
15;20;23;2.7
15;21;9;6.29
15;22;4;24.37
15;23;17;25.6
15;24;23;3.6
16;1;40;2.39
16;2;16;4.99
16;3;34;2.06
16;4;26;5.8
16;5;22;2.86
16;6;8;13.64
16;7;18;3.04
16;8;4;24.82
16;9;18;9.55
16;10;6;24.16
16;11;11;22.26
16;12;16;4.17
16;13;43;1.89
16;14;27;3.33
16;15;22;3.75
16;17;4;27.61
16;18;6;5.67
16;19;8;4.23
16;20;16;3.87
16;21;31;4.97
16;22;26;11.34
16;23;31;11.79
16;24;36;2.05
17;1;41;1.04
17;2;20;2.35
17;3;35;0.99
17;4;27;3.44
17;5;23;1.5
17;6;12;7.48
17;7;22;1.65
17;8;8;15.5
17;9;19;5.71
17;10;7;13.04
17;11;12;12.33
17;12;17;1.94
17;13;41;0.99
17;14;23;1.33
17;15;18;2.17
17;16;4;25.81
17;18;19;2.08
17;19;4;3.24
17;20;12;2.72
17;21;30;3.42
17;22;28;7.84
17;23;32;8.2
17;24;36;1.46
18;1;46;0.94
18;2;30;2.36
18;3;40;1.04
18;4;32;4.75
18;5;28;1.79
18;6;22;9.43
18;7;4;1.71
18;8;18;20.2
18;9;24;8.06
18;10;12;17.04
18;11;17;16.6
18;12;22;1.9
18;13;49;0.6
18;14;33;0.99
18;15;28;1.49
18;16;6;33.34
18;17;18;16.46
18;19;22;1.69
18;20;17;1.25
18;21;37;2.35
18;22;32;6.65
18;23;37;7.03
18;24;42;0.91
19;1;52;0.6
19;2;24;1.48
19;3;47;0.65
19;4;34;2.87
19;5;33;1.1
19;6;16;5.76
19;7;26;1.27
19;8;12;13.51
19;9;29;4.71
19;10;22;10.92
19;11;27;10.6
19;12;32;1.2
19;13;37;0.94
19;14;11;0.98
19;15;6;2.3
19;16;8;22.33
19;17;4;24.48
19;18;23;1.42
19;20;8;2.58
19;21;26;4.01
19;22;24;10.05
19;23;27;10.61
19;24;32;1.64
20;1;54;0.69
20;2;32;1.83
20;3;48;0.77
20;4;44;3.58
20;5;40;1.4
20;6;24;7.37
20;7;21;1.33
20;8;20;15.87
20;9;36;6.27
20;10;30;13.36
20;11;35;14.17
20;12;40;1.46
20;13;17;2.32
20;14;27;1.79
20;15;24;2.37
20;16;16;26.19
20;17;12;28.79
20;18;17;1.59
20;19;8;4.35
20;21;6;17.04
20;22;8;10.74
20;23;15;19.67
20;24;12;4.14
21;1;47;1.48
21;2;46;1.55
21;3;41;1.45
21;4;43;5.36
21;5;25;1.71
21;6;38;5.16
21;7;46;1.11
21;8;34;9.87
21;9;21;6.62
21;10;17;13.15
21;11;30;19.25
21;12;34;2.77
21;13;10;6.27
21;14;26;5.15
21;15;9;4.36
21;16;30;16.41
21;17;26;18.03
21;18;37;1.14
21;19;22;3.23
21;20;6;8
21;22;5;20.02
21;23;20;40.27
21;24;5;9.39
22;1;58;0.68
22;2;51;0.95
22;3;52;0.66
22;4;34;2.3
22;5;20;1.65
22;6;43;4.03
22;7;41;0.9
22;8;35;5.79
22;9;16;6.36
22;10;12;12.23
22;11;25;9.52
22;12;30;1.29
22;13;24;2.71
22;14;17;2.71
22;15;4;4.18
22;16;26;11.68
22;17;30;10.51
22;18;32;1.21
22;19;27;1.93
22;20;8;1.94
22;21;5;6.04
22;23;5;23.99
22;24;18;3.52
23;1;51;0.89
23;2;59;0.72
23;3;32;0.92
23;4;19;3.74
23;5;34;1.14
23;6;40;3.25
23;7;54;0.64
23;8;47;6.17
23;9;31;4.78
23;10;25;10.73
23;11;12;16.13
23;12;29;1.73
23;13;18;2.96
23;14;4;3.7
23;15;19;2.85
23;16;36;10.75
23;17;32;9.16
23;18;42;0.98
23;19;27;1.33
23;20;16;1.48
23;21;19;7.67
23;22;5;17.44
23;24;5;4.63
24;1;42;1.25
24;2;51;0.94
24;3;36;1.15
24;4;26;3.67
24;5;41;1.05
24;6;43;3.03
24;7;56;0.59
24;8;39;5.39
24;9;38;3.74
24;10;32;9.58
24;11;19;15.23
24;12;29;2.27
24;13;5;6.34
24;14;11;4.98
24;15;26;2.76
24;16;35;9.81
24;17;31;8.39
24;18;49;1.18
24;19;27;1.67
24;20;11;3.12
24;21;5;12.97
24;22;22;13.71
24;23;5;31.57
