#origin-stop-id;destination-stop-id;perceived-travel-time;passengers
1;2;34;1.32
1;3;4;8.64
1;4;19;24.76
1;5;24;1.69
1;6;30;5.4
1;7;65;0.98
1;8;42;11.72
1;9;36;7.7
1;10;21;19.82
1;11;16;33.57
1;12;11;2.86
1;13;44;1.49
1;14;32;2.42
1;15;37;2.28
1;16;35;21.36
1;17;28;15.73
1;18;41;1.9
1;19;32;1.58
1;20;50;1.22
1;21;46;4.17
1;22;41;10.47
1;23;38;18.25
1;24;43;2.32
2;1;41;0.82
2;3;20;0.91
2;4;15;4.25
2;5;10;4.33
2;6;4;20.64
2;7;24;2.51
2;8;8;29.86
2;9;22;13.17
2;10;18;16.86
2;11;22;16.44
2;12;27;1.67
2;13;43;0.87
2;14;30;1.41
2;15;42;2.17
2;16;12;33.03
2;17;16;24.29
2;18;27;2.98
2;19;20;2.46
2;20;28;1.81
2;21;51;2.92
2;22;44;9.81
2;23;34;10.36
2;24;48;1.34
3;1;4;5.77
3;2;20;0.98
3;4;5;17.9
3;5;10;1.24
3;6;16;3.93
3;7;51;0.71
3;8;33;8.45
3;9;29;5.56
3;10;17;14.33
3;11;12;24.23
3;12;7;2.13
3;13;23;1.11
3;14;28;1.8
3;15;33;1.67
3;16;31;15.41
3;17;24;11.35
3;18;37;1.4
3;19;28;1.15
3;20;46;0.9
3;21;33;3.03
3;22;37;7.55
3;23;34;13.17
3;24;28;1.69
4;1;26;4.37
4;2;15;1.13
4;3;5;4.29
4;5;5;1.25
4;6;11;3.72
4;7;46;0.68
4;8;28;7.16
4;9;24;4.86
4;10;20;12.58
4;11;7;20.81
4;12;12;2.48
4;13;28;1.26
4;14;15;2.13
4;15;36;1.69
4;16;26;13.15
4;17;29;9.65
4;18;32;1.5
4;19;33;1.16
4;20;47;1.03
4;21;38;2.83
4;22;35;6.47
4;23;19;11.19
4;24;24;1.62
5;1;31;0.89
5;2;10;2.22
5;3;10;0.93
5;4;5;3.88
5;6;6;10.71
5;7;41;0.75
5;8;18;9.84
5;9;4;11.96
5;10;8;15.36
5;11;12;14.81
5;12;17;1.74
5;13;33;0.9
5;14;20;1.48
5;15;24;2.12
5;16;14;10.96
5;17;24;8.06
5;18;32;1.12
5;19;28;0.89
5;20;39;0.74
5;21;33;2.23
5;22;28;8.87
5;23;24;9.35
5;24;38;1.26
6;1;37;1.29
6;2;4;7.86
6;3;16;1.41
6;4;11;6.35
6;5;6;6.61
6;7;10;3.79
6;8;4;44.49
6;9;18;19.71
6;10;14;25.27
6;11;18;24.54
6;12;23;2.59
6;13;39;1.34
6;14;26;2.2
6;15;38;3.32
6;16;8;49.27
6;17;12;36.21
6;18;14;4.58
6;19;16;3.75
6;20;24;2.79
6;21;37;5.36
6;22;40;14.64
6;23;30;15.46
6;24;42;2.03
7;1;65;0.32
7;2;35;1.28
7;3;44;0.34
7;4;39;1.48
7;5;34;1.11
7;6;10;4.91
7;8;6;10.33
7;9;39;3.1
7;10;26;5.88
7;11;31;5.7
7;12;36;0.62
7;13;56;0.32
7;14;47;0.53
7;15;55;0.79
7;16;20;11.45
7;17;33;8.42
7;18;4;1.09
7;19;37;0.89
7;20;21;0.67
7;21;27;0.99
7;22;38;3.41
7;23;43;3.59
7;24;32;0.48
8;1;40;1.13
8;2;8;3.84
8;3;32;0.97
8;4;26;2.45
8;5;18;2.09
8;6;4;9.84
8;7;6;2.18
8;9;14;4.42
8;10;10;9.58
8;11;24;8.66
8;12;29;1.94
8;13;55;0.95
8;14;39;1.68
8;15;34;1.83
8;16;4;17.27
8;17;8;12.56
8;18;10;2.88
8;19;12;2.11
8;20;20;1.99
8;21;33;1.98
8;22;36;5.16
8;23;41;5.35
8;24;38;0.99
9;1;34;1.73
9;2;22;2.71
9;3;30;1.58
9;4;35;4.76
9;5;4;4.22
9;6;18;9.9
9;7;54;0.69
9;8;14;7.65
9;10;4;18.82
9;11;17;17.34
9;12;22;3.06
9;13;47;1.53
9;14;33;2.61
9;15;12;3.25
9;16;10;12.86
9;17;20;9.41
9;18;28;1.86
9;19;24;1.29
9;20;35;1.26
9;21;29;2.99
9;22;16;10.45
9;23;21;10.86
9;24;34;1.74
10;1;21;3.74
10;2;18;4.18
10;3;17;3.45
10;4;20;11.05
10;5;8;5.68
10;6;14;15.05
10;7;38;2.27
10;8;10;21.92
10;9;4;20.35
10;11;5;43.31
10;12;10;6.81
10;13;38;3.11
10;14;21;5.35
10;15;8;6.5
10;16;6;40.56
10;17;7;29.66
10;18;12;5.29
10;19;11;3.99
10;20;23;3.53
10;21;17;7.43
10;22;12;22.09
10;23;17;23.11
10;24;30;3.63
11;1;16;4.82
11;2;22;2.56
11;3;12;4.37
11;4;7;13.14
11;5;12;2.58
11;6;18;7.18
11;7;43;1.34
11;8;25;12.17
11;9;17;8.64
11;10;5;22.48
11;12;5;6.94
11;13;30;3.17
11;14;8;6.09
11;15;13;3.69
11;16;11;22.59
11;17;12;16.47
11;18;17;3.2
11;19;16;2.37
11;20;28;2.38
11;21;22;6.14
11;22;17;12.26
11;23;12;23.43
11;24;17;3.89
12;1;11;2.17
12;2;27;1.97
12;3;7;2.35
12;4;12;10.53
12;5;17;2.45
12;6;23;7.74
12;7;48;1.41
12;8;30;16.42
12;9;22;10.85
12;10;10;27.96
12;11;5;44.86
12;13;16;2.23
12;14;21;3.67
12;15;18;3.3
12;16;16;29.98
12;17;17;22.08
12;18;22;2.8
12;19;21;2.29
12;20;33;1.72
12;21;26;5.95
12;22;22;14.7
12;23;27;25.63
12;24;21;3.32
13;1;41;0.96
13;2;43;0.87
13;3;23;1.04
13;4;28;4.67
13;5;33;1.08
13;6;39;3.44
13;7;63;0.62
13;8;56;7.29
13;9;51;4.8
13;10;39;12.38
13;11;35;19.88
13;12;16;1.91
13;14;39;4
13;15;31;2.68
13;16;54;13.29
13;17;47;11.23
13;18;59;1.24
13;19;51;1.56
13;20;42;2.12
13;21;10;11.79
13;22;27;17.78
13;23;35;41.81
13;24;5;8.82
14;1;33;1.73
14;2;30;1.48
14;3;29;1.93
14;4;15;8.95
14;5;20;1.8
14;6;26;5.98
14;7;53;1.03
14;8;38;12.9
14;9;36;8.12
14;10;21;21.88
14;11;8;39.08
14;12;22;3.51
14;13;22;4.1
14;15;5;4.17
14;16;31;23.52
14;17;23;19.23
14;18;37;2.11
14;19;11;2.3
14;20;17;2.06
14;21;14;11.92
14;22;9;28.24
14;23;4;54.8
14;24;9;7.03
15;1;39;0.98
15;2;41;1.38
15;3;35;0.97
15;4;28;3.61
15;5;42;2.5
15;6;37;6.21
15;7;51;1.37
15;8;33;9.2
15;9;12;10
15;10;8;19.23
15;11;13;14.01
15;12;18;1.88
15;13;29;2.69
15;14;5;2.62
15;16;22;18.5
15;17;18;16.73
15;18;28;1.79
15;19;6;2.93
15;20;14;2.7
15;21;9;6.29
15;22;4;24.37
15;23;9;25.6
15;24;22;3.6
16;1;36;2.39
16;2;12;4.99
16;3;32;2.06
16;4;29;5.8
16;5;14;2.86
16;6;8;13.64
16;7;25;3.04
16;8;4;24.82
16;9;10;9.55
16;10;6;24.16
16;11;11;22.26
16;12;16;4.17
16;13;44;1.89
16;14;27;3.33
16;15;28;3.75
16;17;4;27.61
16;18;6;5.67
16;19;8;4.23
16;20;16;3.87
16;21;37;4.97
16;22;32;11.34
16;23;37;11.79
16;24;42;2.05
17;1;28;1.04
17;2;16;2.35
17;3;24;0.99
17;4;29;3.44
17;5;26;1.5
17;6;12;7.48
17;7;29;1.65
17;8;8;15.5
17;9;21;5.71
17;10;7;13.04
17;11;12;12.33
17;12;17;1.94
17;13;50;0.99
17;14;28;1.33
17;15;23;2.17
17;16;4;25.81
17;18;20;2.08
17;19;4;3.24
17;20;12;2.72
17;21;36;3.42
17;22;28;7.84
17;23;32;8.2
17;24;39;1.46
18;1;43;0.94
18;2;26;2.36
18;3;39;1.04
18;4;35;4.75
18;5;38;1.79
18;6;14;9.43
18;7;4;1.71
18;8;10;20.2
18;9;31;8.06
18;10;12;17.04
18;11;17;16.6
18;12;22;1.9
18;13;50;0.6
18;14;33;0.99
18;15;34;1.49
18;16;6;33.34
18;17;21;16.46
18;19;25;1.69
18;20;17;1.25
18;21;23;2.35
18;22;34;6.65
18;23;39;7.03
18;24;28;0.91
19;1;32;0.6
19;2;20;1.48
19;3;28;0.65
19;4;33;2.87
19;5;30;1.1
19;6;16;5.76
19;7;33;1.27
19;8;12;13.51
19;9;25;4.71
19;10;11;10.92
19;11;16;10.6
19;12;21;1.2
19;13;54;0.94
19;14;11;0.98
19;15;6;2.3
19;16;8;22.33
19;17;4;24.48
19;18;24;1.42
19;20;8;2.58
19;21;32;4.01
19;22;24;10.05
19;23;15;10.61
19;24;43;1.64
20;1;58;0.69
20;2;28;1.83
20;3;52;0.77
20;4;43;3.58
20;5;41;1.4
20;6;24;7.37
20;7;21;1.33
20;8;20;15.87
20;9;35;6.27
20;10;23;13.36
20;11;28;14.17
20;12;33;1.46
20;13;35;2.32
20;14;17;1.79
20;15;14;2.37
20;16;16;26.19
20;17;12;28.79
20;18;17;1.59
20;19;8;4.35
20;21;6;17.04
20;22;8;10.74
20;23;13;19.67
20;24;11;4.14
21;1;48;1.48
21;2;42;1.55
21;3;33;1.45
21;4;37;5.36
21;5;43;1.71
21;6;37;5.16
21;7;27;1.11
21;8;33;9.87
21;9;29;6.62
21;10;17;13.15
21;11;22;19.25
21;12;26;2.77
21;13;10;6.27
21;14;14;5.15
21;15;9;4.36
21;16;30;16.41
21;17;26;18.03
21;18;23;1.14
21;19;22;3.23
21;20;6;8
21;22;5;20.02
21;23;18;40.27
21;24;5;9.39
22;1;43;0.68
22;2;46;0.95
22;3;39;0.66
22;4;32;2.3
22;5;46;1.65
22;6;42;4.03
22;7;62;0.9
22;8;38;5.79
22;9;16;6.36
22;10;12;12.23
22;11;17;9.52
22;12;22;1.29
22;13;25;2.71
22;14;9;2.71
22;15;4;4.18
22;16;26;11.68
22;17;29;10.51
22;18;32;1.21
22;19;28;1.93
22;20;8;1.94
22;21;5;6.04
22;23;5;23.99
22;24;18;3.52
23;1;37;0.89
23;2;34;0.72
23;3;33;0.92
23;4;19;3.74
23;5;24;1.14
23;6;30;3.25
23;7;49;0.64
23;8;42;6.17
23;9;21;4.78
23;10;17;10.73
23;11;12;16.13
23;12;26;1.73
23;13;18;2.96
23;14;4;3.7
23;15;9;2.85
23;16;31;10.75
23;17;27;9.16
23;18;37;0.98
23;19;15;1.33
23;20;13;1.48
23;21;22;7.67
23;22;5;17.44
23;24;5;4.63
24;1;42;1.25
24;2;47;0.94
24;3;28;1.15
24;4;24;3.67
24;5;38;1.05
24;6;42;3.03
24;7;32;0.59
24;8;38;5.39
24;9;46;3.74
24;10;30;9.58
24;11;17;15.23
24;12;21;2.27
24;13;5;6.34
24;14;9;4.98
24;15;22;2.76
24;16;35;9.81
24;17;31;8.39
24;18;28;1.18
24;19;27;1.67
24;20;11;3.12
24;21;5;12.97
24;22;20;13.71
24;23;5;31.57
