# line-id; line-code; direction; stop-order; stop-id; frequency; departure_time; arrival_time; line-repetition
23; 23H; >; 1; 25; 1; 0; 0; 1
23; 23H; >; 2; 24; 1; 6; 6; 1
23; 23H; >; 3; 19; 1; 12; 12; 1
23; 23H; >; 4; 14; 1; 18; 18; 1
23; 23H; >; 5; 9; 1; 24; 24; 1
23; 23H; >; 6; 4; 1; 30; 30; 1
23; 23R; <; 1; 4; 1; 18; 18; 1
23; 23R; <; 2; 9; 1; 24; 24; 1
23; 23R; <; 3; 14; 1; 30; 30; 1
23; 23R; <; 4; 19; 1; 36; 36; 1
23; 23R; <; 5; 24; 1; 42; 42; 1
23; 23R; <; 6; 25; 1; 48; 48; 1
27; 27H; >; 1; 24; 1; 33; 33; 1
27; 27H; >; 2; 23; 1; 39; 42; 1
27; 27H; >; 3; 18; 1; 48; 51; 1
27; 27H; >; 4; 13; 1; 57; 57; 1
27; 27H; >; 5; 8; 1; 3; 3; 1
27; 27H; >; 6; 9; 1; 9; 9; 1
27; 27R; <; 1; 9; 1; 18; 18; 1
27; 27R; <; 2; 8; 1; 24; 24; 1
27; 27R; <; 3; 13; 1; 30; 33; 1
27; 27R; <; 4; 18; 1; 39; 42; 1
27; 27R; <; 5; 23; 1; 48; 48; 1
27; 27R; <; 6; 24; 1; 56; 56; 1
32; 32H; >; 1; 22; 1; 24; 24; 1
32; 32H; >; 2; 23; 1; 30; 30; 1
32; 32H; >; 3; 18; 1; 36; 36; 1
32; 32H; >; 4; 13; 1; 42; 42; 1
32; 32H; >; 5; 8; 1; 48; 48; 1
32; 32H; >; 6; 9; 1; 54; 54; 1
32; 32R; <; 1; 9; 1; 42; 42; 1
32; 32R; <; 2; 8; 1; 48; 48; 1
32; 32R; <; 3; 13; 1; 54; 54; 1
32; 32R; <; 4; 18; 1; 0; 0; 1
32; 32R; <; 5; 23; 1; 6; 6; 1
32; 32R; <; 6; 22; 1; 12; 12; 1
49; 49H; >; 1; 19; 1; 6; 6; 1
49; 49H; >; 2; 18; 1; 12; 12; 1
49; 49H; >; 3; 17; 1; 18; 18; 1
49; 49H; >; 4; 12; 1; 24; 24; 1
49; 49H; >; 5; 7; 1; 30; 30; 1
49; 49H; >; 6; 2; 1; 36; 36; 1
49; 49R; <; 1; 2; 1; 12; 12; 1
49; 49R; <; 2; 7; 1; 18; 18; 1
49; 49R; <; 3; 12; 1; 24; 24; 1
49; 49R; <; 4; 17; 1; 30; 30; 1
49; 49R; <; 5; 18; 1; 36; 36; 1
49; 49R; <; 6; 19; 1; 42; 42; 1
51; 51H; >; 1; 19; 1; 30; 30; 1
51; 51H; >; 2; 18; 1; 36; 36; 1
51; 51H; >; 3; 13; 1; 42; 42; 1
51; 51H; >; 4; 8; 1; 48; 51; 1
51; 51H; >; 5; 7; 1; 57; 57; 1
51; 51H; >; 6; 2; 1; 3; 3; 1
51; 51R; <; 1; 2; 1; 48; 48; 1
51; 51R; <; 2; 7; 1; 54; 54; 1
51; 51R; <; 3; 8; 1; 0; 0; 1
51; 51R; <; 4; 13; 1; 6; 6; 1
51; 51R; <; 5; 18; 1; 12; 12; 1
51; 51R; <; 6; 19; 1; 18; 18; 1
57; 57H; >; 1; 17; 1; 51; 51; 1
57; 57H; >; 2; 18; 1; 57; 57; 1
57; 57H; >; 3; 13; 1; 3; 3; 1
57; 57H; >; 4; 8; 1; 9; 9; 1
57; 57H; >; 5; 3; 1; 15; 15; 1
57; 57H; >; 6; 4; 1; 21; 21; 1
57; 57R; <; 1; 4; 1; 18; 18; 1
57; 57R; <; 2; 3; 1; 24; 24; 1
57; 57R; <; 3; 8; 1; 30; 30; 1
57; 57R; <; 4; 13; 1; 36; 36; 1
57; 57R; <; 5; 18; 1; 42; 42; 1
57; 57R; <; 6; 17; 1; 48; 48; 1
80; 80H; >; 1; 14; 1; 36; 36; 1
80; 80H; >; 2; 13; 1; 42; 42; 1
80; 80H; >; 3; 8; 1; 48; 48; 1
80; 80H; >; 4; 7; 1; 54; 57; 1
80; 80H; >; 5; 2; 1; 3; 3; 1
80; 80H; >; 6; 3; 1; 9; 9; 1
80; 80R; <; 1; 3; 1; 0; 0; 1
80; 80R; <; 2; 2; 1; 6; 6; 1
80; 80R; <; 3; 7; 1; 12; 12; 1
80; 80R; <; 4; 8; 1; 18; 18; 1
80; 80R; <; 5; 13; 1; 24; 24; 1
80; 80R; <; 6; 14; 1; 30; 30; 1
83; 83H; >; 1; 14; 1; 18; 18; 1
83; 83H; >; 2; 13; 1; 24; 24; 1
83; 83H; >; 3; 8; 1; 30; 30; 1
83; 83H; >; 4; 3; 1; 36; 36; 1
83; 83H; >; 5; 2; 1; 42; 42; 1
83; 83H; >; 6; 1; 1; 48; 48; 1
83; 83R; <; 1; 1; 1; 0; 0; 1
83; 83R; <; 2; 2; 1; 6; 6; 1
83; 83R; <; 3; 3; 1; 12; 12; 1
83; 83R; <; 4; 8; 1; 18; 18; 1
83; 83R; <; 5; 13; 1; 24; 24; 1
83; 83R; <; 6; 14; 1; 30; 30; 1
90; 90H; >; 1; 12; 1; 15; 15; 1
90; 90H; >; 2; 13; 1; 21; 21; 1
90; 90H; >; 3; 8; 1; 27; 27; 1
90; 90H; >; 4; 3; 1; 33; 33; 1
90; 90H; >; 5; 2; 1; 39; 39; 1
90; 90H; >; 6; 1; 1; 45; 45; 1
90; 90R; <; 1; 1; 1; 12; 12; 1
90; 90R; <; 2; 2; 1; 18; 18; 1
90; 90R; <; 3; 3; 1; 24; 24; 1
90; 90R; <; 4; 8; 1; 30; 30; 1
90; 90R; <; 5; 13; 1; 36; 36; 1
90; 90R; <; 6; 12; 1; 42; 42; 1
126; 126H; >; 1; 1; 1; 30; 30; 1
126; 126H; >; 2; 2; 1; 36; 36; 1
126; 126H; >; 3; 3; 1; 42; 42; 1
126; 126H; >; 4; 8; 1; 48; 48; 1
126; 126H; >; 5; 13; 1; 54; 54; 1
126; 126H; >; 6; 18; 1; 0; 0; 1
126; 126H; >; 7; 23; 1; 6; 6; 1
126; 126H; >; 8; 24; 1; 12; 12; 1
126; 126H; >; 9; 25; 1; 18; 18; 1
126; 126R; <; 1; 25; 1; 30; 30; 1
126; 126R; <; 2; 24; 1; 36; 36; 1
126; 126R; <; 3; 23; 1; 42; 42; 1
126; 126R; <; 4; 18; 1; 48; 48; 1
126; 126R; <; 5; 13; 1; 54; 54; 1
126; 126R; <; 6; 8; 1; 0; 0; 1
126; 126R; <; 7; 3; 1; 6; 6; 1
126; 126R; <; 8; 2; 1; 12; 12; 1
126; 126R; <; 9; 1; 1; 18; 18; 1
128; 128H; >; 1; 6; 1; 48; 48; 1
128; 128H; >; 2; 7; 1; 54; 54; 1
128; 128H; >; 3; 8; 1; 0; 0; 1
128; 128H; >; 4; 13; 1; 6; 6; 1
128; 128H; >; 5; 18; 1; 12; 12; 1
128; 128H; >; 6; 19; 1; 18; 18; 1
128; 128H; >; 7; 20; 1; 24; 24; 1
128; 128R; <; 1; 20; 1; 27; 27; 1
128; 128R; <; 2; 19; 1; 33; 33; 1
128; 128R; <; 3; 18; 1; 39; 39; 1
128; 128R; <; 4; 13; 1; 45; 45; 1
128; 128R; <; 5; 8; 1; 51; 51; 1
128; 128R; <; 6; 7; 1; 57; 57; 1
128; 128R; <; 7; 6; 1; 3; 3; 1
129; 129H; >; 1; 11; 1; 15; 15; 1
129; 129H; >; 2; 12; 1; 21; 21; 1
129; 129H; >; 3; 13; 1; 27; 27; 1
129; 129H; >; 4; 14; 1; 33; 33; 1
129; 129H; >; 5; 15; 1; 39; 39; 1
129; 129R; <; 1; 15; 1; 9; 9; 1
129; 129R; <; 2; 14; 1; 15; 15; 1
129; 129R; <; 3; 13; 1; 21; 21; 1
129; 129R; <; 4; 12; 1; 27; 27; 1
129; 129R; <; 5; 11; 1; 33; 33; 1
130; 130H; >; 1; 10; 1; 15; 15; 1
130; 130H; >; 2; 9; 1; 21; 21; 1
130; 130H; >; 3; 8; 1; 27; 27; 1
130; 130H; >; 4; 13; 1; 33; 33; 1
130; 130H; >; 5; 18; 1; 39; 39; 1
130; 130H; >; 6; 17; 1; 45; 45; 1
130; 130H; >; 7; 16; 1; 51; 51; 1
130; 130R; <; 1; 16; 1; 57; 57; 1
130; 130R; <; 2; 17; 1; 3; 3; 1
130; 130R; <; 3; 18; 1; 9; 9; 1
130; 130R; <; 4; 13; 1; 15; 15; 1
130; 130R; <; 5; 8; 1; 21; 21; 1
130; 130R; <; 6; 9; 1; 27; 27; 1
130; 130R; <; 7; 10; 1; 33; 33; 1
131; 131H; >; 1; 5; 1; 9; 9; 1
131; 131H; >; 2; 4; 1; 15; 15; 1
131; 131H; >; 3; 3; 1; 21; 21; 1
131; 131H; >; 4; 8; 1; 27; 27; 1
131; 131H; >; 5; 13; 1; 33; 33; 1
131; 131H; >; 6; 18; 1; 39; 39; 1
131; 131H; >; 7; 23; 1; 45; 45; 1
131; 131H; >; 8; 22; 1; 51; 51; 1
131; 131H; >; 9; 21; 1; 57; 57; 1
131; 131R; <; 1; 21; 1; 51; 51; 1
131; 131R; <; 2; 22; 1; 57; 57; 1
131; 131R; <; 3; 23; 1; 3; 3; 1
131; 131R; <; 4; 18; 1; 9; 9; 1
131; 131R; <; 5; 13; 1; 15; 15; 1
131; 131R; <; 6; 8; 1; 21; 21; 1
131; 131R; <; 7; 3; 1; 27; 27; 1
131; 131R; <; 8; 4; 1; 33; 33; 1
131; 131R; <; 9; 5; 1; 39; 39; 1
132; 132H; >; 1; 1; 1; 39; 39; 1
132; 132H; >; 2; 2; 1; 45; 45; 1
132; 132H; >; 3; 3; 1; 51; 52; 1
132; 132H; >; 4; 8; 1; 0; 0; 1
132; 132H; >; 5; 13; 1; 6; 6; 1
132; 132H; >; 6; 18; 1; 12; 12; 1
132; 132H; >; 7; 23; 1; 18; 18; 1
132; 132H; >; 8; 24; 1; 24; 24; 1
132; 132H; >; 9; 25; 1; 30; 30; 1
132; 132R; <; 1; 25; 1; 51; 51; 1
132; 132R; <; 2; 24; 1; 57; 57; 1
132; 132R; <; 3; 23; 1; 3; 3; 1
132; 132R; <; 4; 18; 1; 9; 12; 1
132; 132R; <; 5; 13; 1; 18; 18; 1
132; 132R; <; 6; 8; 1; 24; 24; 1
132; 132R; <; 7; 3; 1; 30; 30; 1
132; 132R; <; 8; 2; 1; 36; 39; 1
132; 132R; <; 9; 1; 1; 45; 45; 1
