#event-id; time
1; 0
2; 6
3; 6
4; 12
5; 12
6; 18
7; 18
8; 24
9; 24
10; 30
11; 30
12; 36
13; 36
14; 42
15; 42
16; 48
17; 12
18; 18
19; 18
20; 24
21; 24
22; 30
23; 30
24; 36
25; 36
26; 42
27; 42
28; 48
29; 48
30; 54
31; 54
32; 0
33; 24
34; 30
35; 30
36; 36
37; 36
38; 42
39; 42
40; 48
41; 48
42; 54
43; 54
44; 0
45; 0
46; 6
47; 6
48; 12
49; 36
50; 42
51; 42
52; 48
53; 48
54; 54
55; 54
56; 0
57; 0
58; 6
59; 6
60; 12
61; 12
62; 18
63; 18
64; 24
65; 48
66; 54
67; 54
68; 0
69; 0
70; 6
71; 6
72; 12
73; 12
74; 18
75; 18
76; 24
77; 24
78; 30
79; 30
80; 36
81; 0
82; 6
83; 6
84; 12
85; 12
86; 18
87; 18
88; 24
89; 24
90; 30
91; 30
92; 36
93; 36
94; 42
95; 42
96; 48
97; 12
98; 18
99; 18
100; 24
101; 24
102; 30
103; 30
104; 36
105; 36
106; 42
107; 42
108; 48
109; 48
110; 54
111; 54
112; 0
113; 24
114; 30
115; 30
116; 36
117; 36
118; 42
119; 42
120; 48
121; 48
122; 54
123; 54
124; 0
125; 0
126; 6
127; 6
128; 12
129; 36
130; 42
131; 42
132; 48
133; 48
134; 54
135; 54
136; 0
137; 0
138; 6
139; 6
140; 12
141; 12
142; 18
143; 18
144; 24
145; 48
146; 54
147; 54
148; 0
149; 0
150; 6
151; 6
152; 12
153; 12
154; 18
155; 18
156; 24
157; 24
158; 30
159; 30
160; 36
161; 0
162; 6
163; 6
164; 12
165; 12
166; 18
167; 18
168; 24
169; 24
170; 30
171; 30
172; 36
173; 20
174; 26
175; 26
176; 32
177; 32
178; 38
179; 38
180; 44
181; 44
182; 50
183; 50
184; 56
185; 40
186; 46
187; 46
188; 52
189; 52
190; 58
191; 58
192; 4
193; 4
194; 10
195; 10
196; 16
197; 0
198; 6
199; 6
200; 12
201; 12
202; 18
203; 18
204; 24
205; 24
206; 30
207; 30
208; 36
209; 20
210; 26
211; 26
212; 32
213; 32
214; 38
215; 38
216; 44
217; 44
218; 50
219; 50
220; 56
221; 40
222; 46
223; 46
224; 52
225; 52
226; 58
227; 58
228; 4
229; 4
230; 10
231; 10
232; 16
233; 13
234; 19
235; 19
236; 25
237; 25
238; 31
239; 31
240; 37
241; 33
242; 39
243; 39
244; 45
245; 45
246; 51
247; 51
248; 57
249; 53
250; 59
251; 59
252; 5
253; 5
254; 11
255; 11
256; 17
257; 43
258; 49
259; 49
260; 55
261; 55
262; 1
263; 1
264; 7
265; 3
266; 9
267; 9
268; 15
269; 15
270; 21
271; 21
272; 27
273; 23
274; 29
275; 29
276; 35
277; 35
278; 41
279; 41
280; 47
281; 31
282; 37
283; 37
284; 43
285; 43
286; 49
287; 49
288; 55
289; 55
290; 1
291; 1
292; 7
293; 51
294; 57
295; 57
296; 3
297; 3
298; 9
299; 9
300; 15
301; 15
302; 21
303; 21
304; 27
305; 11
306; 17
307; 17
308; 23
309; 23
310; 29
311; 29
312; 35
313; 35
314; 41
315; 41
316; 47
317; 31
318; 37
319; 37
320; 43
321; 43
322; 49
323; 49
324; 55
325; 55
326; 1
327; 1
328; 7
329; 51
330; 57
331; 57
332; 3
333; 3
334; 9
335; 9
336; 15
337; 15
338; 21
339; 21
340; 27
341; 11
342; 17
343; 17
344; 23
345; 23
346; 29
347; 29
348; 35
349; 35
350; 41
351; 41
352; 47
353; 28
354; 34
355; 34
356; 40
357; 40
358; 46
359; 46
360; 52
361; 52
362; 58
363; 58
364; 4
365; 4
366; 10
367; 10
368; 16
369; 58
370; 4
371; 4
372; 10
373; 10
374; 16
375; 16
376; 22
377; 22
378; 28
379; 28
380; 34
381; 34
382; 40
383; 40
384; 46
385; 28
386; 34
387; 34
388; 40
389; 40
390; 46
391; 46
392; 52
393; 52
394; 58
395; 58
396; 4
397; 4
398; 10
399; 10
400; 16
401; 58
402; 4
403; 4
404; 10
405; 10
406; 16
407; 16
408; 22
409; 22
410; 28
411; 28
412; 34
413; 34
414; 40
415; 40
416; 46
