# event_index; time
1; 0
2; 6
3; 6
4; 12
5; 12
6; 18
7; 18
8; 24
9; 24
10; 30
11; 30
12; 36
13; 36
14; 42
15; 42
16; 48
17; 39
18; 45
19; 45
20; 51
21; 51
22; 57
23; 57
24; 3
25; 3
26; 9
27; 9
28; 15
29; 15
30; 21
31; 21
32; 27
33; 20
34; 26
35; 26
36; 32
37; 32
38; 38
39; 38
40; 44
41; 44
42; 50
43; 50
44; 56
45; 56
46; 2
47; 2
48; 8
49; 33
50; 39
51; 39
52; 45
53; 45
54; 51
55; 51
56; 57
57; 57
58; 3
59; 3
60; 9
61; 9
62; 15
63; 15
64; 21
65; 36
66; 42
67; 42
68; 48
69; 48
70; 54
71; 54
72; 0
73; 0
74; 6
75; 6
76; 12
77; 12
78; 18
79; 54
80; 0
81; 0
82; 6
83; 6
84; 12
85; 12
86; 18
87; 18
88; 24
89; 24
90; 30
91; 30
92; 36
93; 8
94; 14
95; 14
96; 20
97; 20
98; 26
99; 26
100; 32
101; 32
102; 38
103; 44
104; 50
105; 50
106; 56
107; 56
108; 2
109; 2
110; 8
111; 8
112; 14
113; 27
114; 33
115; 33
116; 39
117; 39
118; 45
119; 45
120; 51
121; 51
122; 57
123; 39
124; 45
125; 45
126; 51
127; 51
128; 57
129; 57
130; 3
131; 3
132; 9
133; 5
134; 11
135; 11
136; 17
137; 18
138; 24
139; 27
140; 35
141; 36
142; 42
143; 29
144; 37
145; 40
146; 46
147; 46
148; 54
149; 57
150; 3
151; 3
152; 9
153; 8
154; 14
155; 17
156; 23
157; 24
158; 30
159; 30
160; 36
161; 59
162; 5
163; 8
164; 14
165; 14
166; 20
167; 20
168; 26
169; 24
170; 30
171; 30
172; 36
173; 36
174; 42
175; 42
176; 48
177; 48
178; 54
179; 54
180; 0
181; 18
182; 24
183; 24
184; 30
185; 30
186; 36
187; 36
188; 42
189; 42
190; 48
191; 48
192; 54
193; 42
194; 48
195; 48
196; 54
197; 54
198; 0
199; 0
200; 6
201; 6
202; 12
203; 29
204; 35
205; 35
206; 41
207; 41
208; 47
209; 47
210; 53
211; 53
212; 59
213; 39
214; 45
215; 45
216; 51
217; 51
218; 57
219; 57
220; 3
221; 3
222; 9
223; 9
224; 15
225; 15
226; 21
227; 21
228; 27
229; 9
230; 15
231; 15
232; 21
233; 21
234; 27
235; 27
236; 33
237; 33
238; 39
239; 39
240; 45
241; 45
242; 51
243; 51
244; 57
245; 59
246; 5
247; 5
248; 11
249; 11
250; 17
251; 17
252; 23
253; 23
254; 29
255; 29
256; 35
257; 35
258; 41
259; 41
260; 47
261; 29
262; 35
263; 35
264; 41
265; 41
266; 47
267; 47
268; 53
269; 53
270; 59
271; 59
272; 5
273; 5
274; 11
275; 11
276; 17
277; 35
278; 41
279; 41
280; 47
281; 47
282; 53
283; 53
284; 59
285; 59
286; 5
287; 5
288; 11
289; 9
290; 15
291; 15
292; 21
293; 21
294; 27
295; 27
296; 33
297; 33
298; 39
299; 39
300; 45
301; 26
302; 32
303; 32
304; 38
305; 38
306; 44
307; 44
308; 50
309; 50
310; 56
311; 56
312; 2
313; 56
314; 2
315; 2
316; 8
317; 8
318; 14
319; 14
320; 20
321; 20
322; 26
323; 26
324; 32
325; 18
326; 24
327; 24
328; 30
329; 30
330; 36
331; 36
332; 42
333; 42
334; 48
335; 48
336; 54
337; 48
338; 54
339; 54
340; 0
341; 0
342; 6
343; 6
344; 12
345; 12
346; 18
347; 18
348; 24
349; 27
350; 33
351; 33
352; 39
353; 39
354; 45
355; 45
356; 51
357; 51
358; 57
359; 57
360; 3
361; 3
362; 9
363; 9
364; 15
365; 54
366; 0
367; 0
368; 6
369; 6
370; 12
371; 12
372; 18
373; 18
374; 24
375; 24
376; 30
377; 30
378; 36
379; 36
380; 42
