#timetable found by modulo network simplex algorithm
#Wed Dec 19 18:06:00 2018
1; 0
2; 5
3; 5
4; 10
5; 10
6; 12
7; 12
8; 14
9; 14
10; 16
11; 16
12; 18
13; 18
14; 20
15; 20
16; 23
17; 23
18; 25
19; 25
20; 27
21; 27
22; 29
23; 29
24; 32
25; 30
26; 35
27; 35
28; 40
29; 40
30; 42
31; 42
32; 44
33; 44
34; 46
35; 46
36; 48
37; 48
38; 50
39; 50
40; 53
41; 53
42; 55
43; 55
44; 57
45; 57
46; 59
47; 59
48; 1
49; 13
50; 15
51; 15
52; 17
53; 17
54; 19
55; 19
56; 21
57; 21
58; 24
59; 27
60; 30
61; 33
62; 36
63; 39
64; 42
65; 45
66; 48
67; 51
68; 54
69; 57
70; 4
71; 7
72; 14
73; 43
74; 45
75; 45
76; 47
77; 47
78; 49
79; 49
80; 51
81; 51
82; 55
83; 57
84; 60
85; 3
86; 6
87; 9
88; 12
89; 15
90; 18
91; 21
92; 24
93; 27
94; 34
95; 37
96; 44
97; 54
98; 56
99; 56
100; 58
101; 58
102; 0
103; 0
104; 2
105; 2
106; 4
107; 4
108; 7
109; 7
110; 10
111; 10
112; 12
113; 12
114; 14
115; 14
116; 17
117; 19
118; 22
119; 25
120; 28
121; 9
122; 11
123; 11
124; 13
125; 13
126; 15
127; 15
128; 17
129; 17
130; 19
131; 19
132; 22
133; 22
134; 25
135; 25
136; 27
137; 27
138; 29
139; 29
140; 31
141; 34
142; 37
143; 40
144; 43
145; 24
146; 26
147; 26
148; 28
149; 28
150; 30
151; 30
152; 32
153; 32
154; 34
155; 34
156; 37
157; 37
158; 40
159; 40
160; 42
161; 42
162; 44
163; 44
164; 47
165; 49
166; 52
167; 55
168; 58
169; 39
170; 41
171; 41
172; 43
173; 43
174; 45
175; 45
176; 47
177; 47
178; 49
179; 49
180; 52
181; 52
182; 55
183; 55
184; 57
185; 57
186; 59
187; 59
188; 1
189; 4
190; 7
191; 10
192; 13
193; 56
194; 58
195; 58
196; 0
197; 0
198; 2
199; 2
200; 4
201; 4
202; 6
203; 6
204; 9
205; 9
206; 12
207; 12
208; 14
209; 14
210; 16
211; 16
212; 18
213; 18
214; 20
215; 20
216; 22
217; 11
218; 13
219; 13
220; 15
221; 15
222; 17
223; 17
224; 19
225; 19
226; 21
227; 21
228; 24
229; 24
230; 27
231; 27
232; 29
233; 29
234; 31
235; 31
236; 33
237; 33
238; 35
239; 35
240; 37
241; 26
242; 28
243; 28
244; 30
245; 30
246; 32
247; 32
248; 34
249; 34
250; 36
251; 36
252; 39
253; 39
254; 42
255; 42
256; 44
257; 44
258; 46
259; 46
260; 48
261; 48
262; 50
263; 50
264; 52
265; 41
266; 43
267; 43
268; 45
269; 45
270; 47
271; 47
272; 49
273; 49
274; 51
275; 51
276; 54
277; 54
278; 57
279; 57
280; 59
281; 59
282; 1
283; 1
284; 3
285; 3
286; 5
287; 5
288; 7
289; 15
290; 17
291; 17
292; 19
293; 19
294; 21
295; 21
296; 23
297; 23
298; 25
299; 25
300; 28
301; 28
302; 30
303; 30
304; 32
305; 32
306; 34
307; 34
308; 36
309; 36
310; 39
311; 45
312; 47
313; 47
314; 49
315; 49
316; 51
317; 51
318; 53
319; 53
320; 55
321; 55
322; 58
323; 58
324; 60
325; 60
326; 2
327; 2
328; 4
329; 4
330; 6
331; 6
332; 8
333; 8
334; 10
335; 10
336; 12
337; 12
338; 14
339; 14
340; 16
341; 16
342; 18
343; 18
344; 21
345; 21
346; 23
347; 23
348; 25
349; 25
350; 27
351; 27
352; 29
353; 29
354; 31
355; 38
356; 40
357; 40
358; 42
359; 42
360; 44
361; 44
362; 46
363; 46
364; 48
365; 48
366; 51
367; 51
368; 53
369; 53
370; 55
371; 55
372; 57
373; 57
374; 59
375; 59
376; 1
377; 14
378; 16
379; 16
380; 18
381; 18
382; 20
383; 20
384; 22
385; 22
386; 24
387; 24
388; 27
389; 27
390; 29
391; 29
392; 31
393; 31
394; 33
395; 33
396; 35
397; 35
398; 37
399; 44
400; 46
401; 46
402; 48
403; 48
404; 50
405; 50
406; 52
407; 52
408; 54
409; 54
410; 57
411; 57
412; 59
413; 59
414; 1
415; 1
416; 3
417; 3
418; 5
419; 5
420; 7
421; 20
422; 22
423; 22
424; 24
425; 24
426; 26
427; 26
428; 28
429; 28
430; 30
431; 30
432; 33
433; 33
434; 35
435; 35
436; 37
437; 37
438; 39
439; 39
440; 41
441; 41
442; 43
443; 50
444; 52
445; 52
446; 54
447; 54
448; 56
449; 56
450; 58
451; 58
452; 60
453; 60
454; 3
455; 3
456; 5
457; 5
458; 7
459; 7
460; 9
461; 9
462; 11
463; 11
464; 13
465; 48
466; 50
467; 50
468; 52
469; 52
470; 54
471; 54
472; 56
473; 56
474; 58
475; 58
476; 0
477; 0
478; 2
479; 2
480; 4
481; 4
482; 6
483; 6
484; 8
485; 8
486; 10
487; 18
488; 20
489; 20
490; 22
491; 22
492; 24
493; 24
494; 26
495; 26
496; 28
497; 28
498; 30
499; 30
500; 32
501; 32
502; 34
503; 34
504; 36
505; 36
506; 38
507; 38
508; 41
509; 39
510; 41
511; 41
512; 43
513; 43
514; 45
515; 45
516; 47
517; 47
518; 49
519; 49
520; 51
521; 51
522; 53
523; 53
524; 55
525; 55
526; 57
527; 57
528; 59
529; 59
530; 1
531; 9
532; 11
533; 11
534; 13
535; 13
536; 15
537; 15
538; 17
539; 17
540; 19
541; 19
542; 21
543; 21
544; 23
545; 23
546; 25
547; 25
548; 27
549; 27
550; 29
551; 29
552; 31
553; 57
554; 59
555; 59
556; 1
557; 1
558; 3
559; 3
560; 5
561; 5
562; 7
563; 7
564; 11
565; 13
566; 16
567; 19
568; 22
569; 25
570; 28
571; 31
572; 34
573; 37
574; 40
575; 12
576; 14
577; 14
578; 16
579; 16
580; 18
581; 18
582; 20
583; 20
584; 22
585; 22
586; 26
587; 28
588; 31
589; 34
590; 37
591; 40
592; 43
593; 46
594; 49
595; 52
596; 55
597; 27
598; 29
599; 29
600; 31
601; 31
602; 33
603; 33
604; 35
605; 35
606; 37
607; 37
608; 40
609; 43
610; 46
611; 49
612; 52
613; 55
614; 58
615; 1
616; 4
617; 7
618; 10
619; 42
620; 44
621; 44
622; 46
623; 46
624; 48
625; 48
626; 50
627; 50
628; 52
629; 52
630; 55
631; 58
632; 1
633; 4
634; 7
635; 10
636; 13
637; 16
638; 19
639; 22
640; 25
641; 44
642; 46
643; 46
644; 48
645; 48
646; 50
647; 50
648; 52
649; 52
650; 54
651; 54
652; 57
653; 57
654; 59
655; 59
656; 1
657; 1
658; 3
659; 3
660; 5
661; 5
662; 8
663; 59
664; 1
665; 1
666; 3
667; 3
668; 5
669; 5
670; 7
671; 7
672; 9
673; 9
674; 12
675; 12
676; 14
677; 14
678; 16
679; 16
680; 18
681; 18
682; 20
683; 20
684; 22
685; 14
686; 16
687; 16
688; 18
689; 18
690; 20
691; 20
692; 22
693; 22
694; 24
695; 24
696; 27
697; 27
698; 29
699; 29
700; 31
701; 31
702; 33
703; 33
704; 35
705; 35
706; 38
707; 29
708; 31
709; 31
710; 33
711; 33
712; 35
713; 35
714; 37
715; 37
716; 39
717; 39
718; 42
719; 42
720; 44
721; 44
722; 46
723; 46
724; 48
725; 48
726; 50
727; 50
728; 53
729; 48
730; 50
731; 50
732; 52
733; 52
734; 54
735; 54
736; 56
737; 56
738; 58
739; 58
740; 0
741; 0
742; 2
743; 2
744; 4
745; 4
746; 6
747; 6
748; 8
749; 8
750; 11
751; 18
752; 20
753; 20
754; 22
755; 22
756; 24
757; 24
758; 26
759; 26
760; 28
761; 28
762; 30
763; 30
764; 32
765; 32
766; 34
767; 34
768; 36
769; 36
770; 38
771; 38
772; 40
773; 9
774; 11
775; 11
776; 13
777; 13
778; 15
779; 15
780; 17
781; 17
782; 19
783; 19
784; 21
785; 21
786; 23
787; 23
788; 25
789; 25
790; 27
791; 27
792; 29
793; 29
794; 31
795; 39
796; 41
797; 41
798; 43
799; 43
800; 45
801; 45
802; 47
803; 47
804; 49
805; 49
806; 51
807; 51
808; 53
809; 53
810; 55
811; 55
812; 57
813; 57
814; 59
815; 59
816; 1
817; 53
818; 55
819; 55
820; 57
821; 57
822; 59
823; 59
824; 1
825; 1
826; 3
827; 3
828; 6
829; 6
830; 8
831; 8
832; 10
833; 10
834; 12
835; 12
836; 14
837; 14
838; 17
839; 8
840; 10
841; 10
842; 12
843; 12
844; 14
845; 14
846; 16
847; 16
848; 18
849; 18
850; 21
851; 21
852; 23
853; 23
854; 25
855; 25
856; 27
857; 27
858; 29
859; 29
860; 32
861; 23
862; 25
863; 25
864; 27
865; 27
866; 29
867; 29
868; 31
869; 31
870; 33
871; 33
872; 36
873; 36
874; 38
875; 38
876; 40
877; 40
878; 42
879; 42
880; 44
881; 44
882; 47
883; 38
884; 40
885; 40
886; 42
887; 42
888; 44
889; 44
890; 46
891; 46
892; 48
893; 48
894; 51
895; 51
896; 53
897; 53
898; 55
899; 55
900; 57
901; 57
902; 59
903; 59
904; 1
905; 53
906; 55
907; 55
908; 57
909; 57
910; 59
911; 59
912; 1
913; 1
914; 3
915; 3
916; 6
917; 6
918; 8
919; 8
920; 10
921; 10
922; 12
923; 12
924; 14
925; 14
926; 17
927; 8
928; 10
929; 10
930; 12
931; 12
932; 14
933; 14
934; 16
935; 16
936; 18
937; 18
938; 21
939; 21
940; 23
941; 23
942; 25
943; 25
944; 27
945; 27
946; 29
947; 29
948; 32
949; 23
950; 25
951; 25
952; 27
953; 27
954; 29
955; 29
956; 31
957; 31
958; 33
959; 33
960; 36
961; 36
962; 38
963; 38
964; 40
965; 40
966; 42
967; 42
968; 44
969; 44
970; 47
971; 38
972; 40
973; 40
974; 42
975; 42
976; 44
977; 44
978; 46
979; 46
980; 48
981; 48
982; 51
983; 51
984; 53
985; 53
986; 55
987; 55
988; 57
989; 57
990; 59
991; 59
992; 1
993; 18
994; 20
995; 20
996; 22
997; 22
998; 24
999; 24
1000; 26
1001; 26
1002; 28
1003; 28
1004; 30
1005; 30
1006; 32
1007; 32
1008; 34
1009; 34
1010; 36
1011; 36
1012; 38
1013; 38
1014; 41
1015; 33
1016; 35
1017; 35
1018; 37
1019; 37
1020; 39
1021; 39
1022; 41
1023; 41
1024; 43
1025; 43
1026; 45
1027; 45
1028; 47
1029; 47
1030; 49
1031; 49
1032; 51
1033; 51
1034; 53
1035; 53
1036; 56
1037; 48
1038; 50
1039; 50
1040; 52
1041; 52
1042; 54
1043; 54
1044; 56
1045; 56
1046; 58
1047; 58
1048; 0
1049; 0
1050; 2
1051; 2
1052; 4
1053; 4
1054; 6
1055; 6
1056; 8
1057; 8
1058; 10
1059; 3
1060; 5
1061; 5
1062; 7
1063; 7
1064; 9
1065; 9
1066; 11
1067; 11
1068; 13
1069; 13
1070; 15
1071; 15
1072; 17
1073; 17
1074; 19
1075; 19
1076; 21
1077; 21
1078; 23
1079; 23
1080; 26
1081; 54
1082; 56
1083; 56
1084; 58
1085; 58
1086; 0
1087; 0
1088; 2
1089; 2
1090; 4
1091; 4
1092; 6
1093; 6
1094; 8
1095; 8
1096; 10
1097; 10
1098; 12
1099; 12
1100; 14
1101; 14
1102; 17
1103; 9
1104; 11
1105; 11
1106; 13
1107; 13
1108; 15
1109; 15
1110; 17
1111; 17
1112; 19
1113; 19
1114; 21
1115; 21
1116; 23
1117; 23
1118; 25
1119; 25
1120; 27
1121; 27
1122; 29
1123; 29
1124; 32
1125; 24
1126; 26
1127; 26
1128; 28
1129; 28
1130; 30
1131; 30
1132; 32
1133; 32
1134; 34
1135; 34
1136; 36
1137; 36
1138; 38
1139; 38
1140; 40
1141; 40
1142; 42
1143; 42
1144; 44
1145; 44
1146; 47
1147; 39
1148; 41
1149; 41
1150; 43
1151; 43
1152; 45
1153; 45
1154; 47
1155; 47
1156; 49
1157; 49
1158; 51
1159; 51
1160; 53
1161; 53
1162; 55
1163; 55
1164; 57
1165; 57
1166; 59
1167; 59
1168; 1
1169; 38
1170; 40
1171; 40
1172; 42
1173; 42
1174; 44
1175; 44
1176; 46
1177; 46
1178; 48
1179; 48
1180; 50
1181; 50
1182; 52
1183; 52
1184; 54
1185; 54
1186; 56
1187; 56
1188; 58
1189; 58
1190; 0
1191; 53
1192; 55
1193; 55
1194; 57
1195; 57
1196; 59
1197; 59
1198; 1
1199; 1
1200; 3
1201; 3
1202; 5
1203; 5
1204; 7
1205; 7
1206; 9
1207; 9
1208; 11
1209; 11
1210; 13
1211; 13
1212; 15
1213; 8
1214; 10
1215; 10
1216; 12
1217; 12
1218; 14
1219; 14
1220; 16
1221; 16
1222; 18
1223; 18
1224; 20
1225; 20
1226; 22
1227; 22
1228; 24
1229; 24
1230; 26
1231; 26
1232; 28
1233; 28
1234; 30
1235; 23
1236; 25
1237; 25
1238; 27
1239; 27
1240; 29
1241; 29
1242; 31
1243; 31
1244; 33
1245; 33
1246; 35
1247; 35
1248; 37
1249; 37
1250; 39
1251; 39
1252; 41
1253; 41
1254; 43
1255; 43
1256; 45
1257; 54
1258; 56
1259; 56
1260; 58
1261; 58
1262; 0
1263; 0
1264; 2
1265; 2
1266; 4
1267; 4
1268; 6
1269; 6
1270; 8
1271; 8
1272; 10
1273; 10
1274; 12
1275; 12
1276; 14
1277; 14
1278; 17
1279; 9
1280; 11
1281; 11
1282; 13
1283; 13
1284; 15
1285; 15
1286; 17
1287; 17
1288; 19
1289; 19
1290; 21
1291; 21
1292; 23
1293; 23
1294; 25
1295; 25
1296; 27
1297; 27
1298; 29
1299; 29
1300; 32
1301; 24
1302; 26
1303; 26
1304; 28
1305; 28
1306; 30
1307; 30
1308; 32
1309; 32
1310; 34
1311; 34
1312; 36
1313; 36
1314; 38
1315; 38
1316; 40
1317; 40
1318; 42
1319; 42
1320; 44
1321; 44
1322; 47
1323; 39
1324; 41
1325; 41
1326; 43
1327; 43
1328; 45
1329; 45
1330; 47
1331; 47
1332; 49
1333; 49
1334; 51
1335; 51
1336; 53
1337; 53
1338; 55
1339; 55
1340; 57
1341; 57
1342; 59
1343; 59
1344; 1
1345; 8
1346; 10
1347; 10
1348; 12
1349; 12
1350; 14
1351; 14
1352; 16
1353; 16
1354; 18
1355; 18
1356; 21
1357; 21
1358; 23
1359; 23
1360; 25
1361; 25
1362; 27
1363; 27
1364; 29
1365; 29
1366; 32
1367; 38
1368; 40
1369; 40
1370; 42
1371; 42
1372; 44
1373; 44
1374; 46
1375; 46
1376; 48
1377; 48
1378; 51
1379; 51
1380; 53
1381; 53
1382; 55
1383; 55
1384; 57
1385; 57
1386; 59
1387; 59
1388; 1
1389; 8
1390; 10
1391; 10
1392; 12
1393; 12
1394; 14
1395; 14
1396; 16
1397; 16
1398; 18
1399; 18
1400; 21
1401; 21
1402; 23
1403; 23
1404; 25
1405; 25
1406; 27
1407; 27
1408; 29
1409; 29
1410; 32
1411; 38
1412; 40
1413; 40
1414; 42
1415; 42
1416; 44
1417; 44
1418; 46
1419; 46
1420; 48
1421; 48
1422; 51
1423; 51
1424; 53
1425; 53
1426; 55
1427; 55
1428; 57
1429; 57
1430; 59
1431; 59
1432; 1
1433; 48
1434; 50
1435; 50
1436; 52
1437; 52
1438; 54
1439; 54
1440; 56
1441; 56
1442; 58
1443; 58
1444; 0
1445; 0
1446; 2
1447; 2
1448; 4
1449; 4
1450; 6
1451; 6
1452; 8
1453; 8
1454; 10
1455; 18
1456; 20
1457; 20
1458; 22
1459; 22
1460; 24
1461; 24
1462; 26
1463; 26
1464; 28
1465; 28
1466; 30
1467; 30
1468; 32
1469; 32
1470; 34
1471; 34
1472; 36
1473; 36
1474; 38
1475; 38
1476; 40
1477; 6
1478; 8
1479; 8
1480; 10
1481; 10
1482; 12
1483; 12
1484; 14
1485; 14
1486; 16
1487; 16
1488; 18
1489; 18
1490; 20
1491; 20
1492; 22
1493; 22
1494; 24
1495; 24
1496; 26
1497; 26
1498; 29
1499; 36
1500; 38
1501; 38
1502; 40
1503; 40
1504; 42
1505; 42
1506; 44
1507; 44
1508; 46
1509; 46
1510; 48
1511; 48
1512; 50
1513; 50
1514; 52
1515; 52
1516; 54
1517; 54
1518; 56
1519; 56
1520; 58
1521; 8
1522; 10
1523; 10
1524; 12
1525; 12
1526; 14
1527; 14
1528; 16
1529; 16
1530; 18
1531; 18
1532; 21
1533; 21
1534; 23
1535; 23
1536; 25
1537; 25
1538; 27
1539; 27
1540; 29
1541; 29
1542; 32
1543; 38
1544; 40
1545; 40
1546; 42
1547; 42
1548; 44
1549; 44
1550; 46
1551; 46
1552; 48
1553; 48
1554; 51
1555; 51
1556; 53
1557; 53
1558; 55
1559; 55
1560; 57
1561; 57
1562; 59
1563; 59
1564; 1
1565; 8
1566; 10
1567; 10
1568; 12
1569; 12
1570; 14
1571; 14
1572; 16
1573; 16
1574; 18
1575; 18
1576; 21
1577; 21
1578; 23
1579; 23
1580; 25
1581; 25
1582; 27
1583; 27
1584; 29
1585; 29
1586; 32
1587; 38
1588; 40
1589; 40
1590; 42
1591; 42
1592; 44
1593; 44
1594; 46
1595; 46
1596; 48
1597; 48
1598; 51
1599; 51
1600; 53
1601; 53
1602; 55
1603; 55
1604; 57
1605; 57
1606; 59
1607; 59
1608; 1
1609; 48
1610; 50
1611; 50
1612; 52
1613; 52
1614; 54
1615; 54
1616; 56
1617; 56
1618; 58
1619; 58
1620; 60
1621; 60
1622; 2
1623; 2
1624; 4
1625; 4
1626; 6
1627; 6
1628; 8
1629; 8
1630; 10
1631; 18
1632; 20
1633; 20
1634; 22
1635; 22
1636; 24
1637; 24
1638; 26
1639; 26
1640; 28
1641; 28
1642; 30
1643; 30
1644; 32
1645; 32
1646; 34
1647; 34
1648; 36
1649; 36
1650; 38
1651; 38
1652; 41
1653; 9
1654; 11
1655; 11
1656; 13
1657; 13
1658; 15
1659; 15
1660; 17
1661; 17
1662; 19
1663; 19
1664; 21
1665; 21
1666; 23
1667; 23
1668; 25
1669; 25
1670; 27
1671; 27
1672; 29
1673; 29
1674; 32
1675; 39
1676; 41
1677; 41
1678; 43
1679; 43
1680; 45
1681; 45
1682; 47
1683; 47
1684; 49
1685; 49
1686; 51
1687; 51
1688; 53
1689; 53
1690; 55
1691; 55
1692; 57
1693; 57
1694; 59
1695; 59
1696; 1
1697; 8
1698; 10
1699; 10
1700; 12
1701; 12
1702; 14
1703; 14
1704; 16
1705; 16
1706; 18
1707; 18
1708; 21
1709; 21
1710; 23
1711; 23
1712; 25
1713; 25
1714; 27
1715; 27
1716; 29
1717; 29
1718; 32
1719; 38
1720; 40
1721; 40
1722; 42
1723; 42
1724; 44
1725; 44
1726; 46
1727; 46
1728; 48
1729; 48
1730; 51
1731; 51
1732; 53
1733; 53
1734; 55
1735; 55
1736; 57
1737; 57
1738; 59
1739; 59
1740; 1
1741; 32
1742; 34
1743; 34
1744; 36
1745; 36
1746; 38
1747; 38
1748; 40
1749; 40
1750; 42
1751; 42
1752; 45
1753; 45
1754; 47
1755; 47
1756; 49
1757; 52
1758; 55
1759; 58
1760; 1
1761; 4
1762; 7
1763; 2
1764; 4
1765; 4
1766; 6
1767; 6
1768; 8
1769; 8
1770; 10
1771; 10
1772; 12
1773; 12
1774; 15
1775; 15
1776; 17
1777; 17
1778; 20
1779; 22
1780; 25
1781; 28
1782; 31
1783; 34
1784; 37
1785; 18
1786; 20
1787; 20
1788; 22
1789; 22
1790; 24
1791; 24
1792; 26
1793; 26
1794; 28
1795; 28
1796; 30
1797; 30
1798; 32
1799; 32
1800; 34
1801; 34
1802; 36
1803; 36
1804; 38
1805; 41
1806; 44
1807; 48
1808; 50
1809; 50
1810; 52
1811; 52
1812; 54
1813; 54
1814; 56
1815; 56
1816; 58
1817; 58
1818; 0
1819; 0
1820; 2
1821; 2
1822; 4
1823; 4
1824; 6
1825; 6
1826; 8
1827; 11
1828; 14
1829; 9
1830; 11
1831; 11
1832; 13
1833; 13
1834; 15
1835; 15
1836; 17
1837; 17
1838; 19
1839; 19
1840; 21
1841; 21
1842; 23
1843; 23
1844; 25
1845; 28
1846; 31
1847; 34
1848; 37
1849; 40
1850; 43
1851; 39
1852; 41
1853; 41
1854; 43
1855; 43
1856; 45
1857; 45
1858; 47
1859; 47
1860; 49
1861; 49
1862; 51
1863; 51
1864; 53
1865; 53
1866; 55
1867; 58
1868; 1
1869; 4
1870; 7
1871; 10
1872; 13
1873; 41
1874; 43
1875; 43
1876; 45
1877; 45
1878; 47
1879; 47
1880; 49
1881; 49
1882; 51
1883; 51
1884; 54
1885; 54
1886; 56
1887; 56
1888; 58
1889; 1
1890; 4
1891; 7
1892; 10
1893; 13
1894; 16
1895; 11
1896; 13
1897; 13
1898; 15
1899; 15
1900; 17
1901; 17
1902; 19
1903; 19
1904; 21
1905; 21
1906; 24
1907; 24
1908; 26
1909; 26
1910; 28
1911; 31
1912; 34
1913; 37
1914; 40
1915; 43
1916; 46
1917; 26
1918; 28
1919; 28
1920; 30
1921; 30
1922; 32
1923; 32
1924; 34
1925; 34
1926; 36
1927; 36
1928; 39
1929; 39
1930; 42
1931; 44
1932; 47
1933; 50
1934; 53
1935; 56
1936; 59
1937; 2
1938; 5
1939; 56
1940; 58
1941; 58
1942; 0
1943; 0
1944; 2
1945; 2
1946; 4
1947; 4
1948; 6
1949; 6
1950; 9
1951; 9
1952; 11
1953; 14
1954; 17
1955; 20
1956; 23
1957; 26
1958; 29
1959; 32
1960; 35
1961; 12
1962; 14
1963; 14
1964; 16
1965; 16
1966; 18
1967; 18
1968; 20
1969; 20
1970; 22
1971; 22
1972; 24
1973; 24
1974; 26
1975; 26
1976; 28
1977; 28
1978; 30
1979; 30
1980; 32
1981; 35
1982; 38
1983; 42
1984; 44
1985; 44
1986; 46
1987; 46
1988; 48
1989; 48
1990; 50
1991; 50
1992; 52
1993; 52
1994; 54
1995; 54
1996; 56
1997; 56
1998; 58
1999; 58
2000; 0
2001; 0
2002; 3
2003; 5
2004; 8
2005; 18
2006; 20
2007; 20
2008; 22
2009; 22
2010; 24
2011; 24
2012; 26
2013; 26
2014; 28
2015; 28
2016; 30
2017; 30
2018; 32
2019; 32
2020; 34
2021; 34
2022; 36
2023; 36
2024; 38
2025; 41
2026; 44
2027; 48
2028; 50
2029; 50
2030; 52
2031; 52
2032; 54
2033; 54
2034; 56
2035; 56
2036; 58
2037; 58
2038; 60
2039; 60
2040; 2
2041; 2
2042; 4
2043; 4
2044; 6
2045; 6
2046; 8
2047; 11
2048; 14
2049; 39
2050; 41
2051; 41
2052; 43
2053; 43
2054; 45
2055; 45
2056; 47
2057; 47
2058; 49
2059; 49
2060; 51
2061; 51
2062; 53
2063; 53
2064; 55
2065; 55
2066; 57
2067; 57
2068; 59
2069; 59
2070; 1
2071; 9
2072; 11
2073; 11
2074; 13
2075; 13
2076; 15
2077; 15
2078; 17
2079; 17
2080; 19
2081; 19
2082; 21
2083; 21
2084; 23
2085; 23
2086; 25
2087; 25
2088; 27
2089; 27
2090; 29
2091; 29
2092; 31
2093; 47
2094; 49
2095; 49
2096; 51
2097; 51
2098; 53
2099; 53
2100; 55
2101; 55
2102; 57
2103; 57
2104; 59
2105; 59
2106; 1
2107; 1
2108; 3
2109; 3
2110; 5
2111; 5
2112; 7
2113; 10
2114; 13
2115; 17
2116; 19
2117; 19
2118; 21
2119; 21
2120; 23
2121; 23
2122; 25
2123; 25
2124; 27
2125; 27
2126; 29
2127; 29
2128; 31
2129; 31
2130; 33
2131; 33
2132; 35
2133; 35
2134; 37
2135; 40
2136; 43
2137; 9
2138; 11
2139; 11
2140; 13
2141; 13
2142; 15
2143; 15
2144; 17
2145; 17
2146; 19
2147; 19
2148; 21
2149; 21
2150; 23
2151; 23
2152; 25
2153; 25
2154; 27
2155; 27
2156; 29
2157; 29
2158; 31
2159; 39
2160; 41
2161; 41
2162; 43
2163; 43
2164; 45
2165; 45
2166; 47
2167; 47
2168; 49
2169; 49
2170; 51
2171; 51
2172; 53
2173; 53
2174; 55
2175; 55
2176; 57
2177; 57
2178; 59
2179; 59
2180; 2
2181; 18
2182; 20
2183; 20
2184; 22
2185; 22
2186; 24
2187; 24
2188; 26
2189; 26
2190; 28
2191; 28
2192; 30
2193; 30
2194; 32
2195; 32
2196; 34
2197; 34
2198; 36
2199; 36
2200; 38
2201; 38
2202; 41
2203; 48
2204; 50
2205; 50
2206; 52
2207; 52
2208; 54
2209; 54
2210; 56
2211; 56
2212; 58
2213; 58
2214; 0
2215; 0
2216; 2
2217; 2
2218; 4
2219; 4
2220; 6
2221; 6
2222; 8
2223; 8
2224; 10
2225; 39
2226; 41
2227; 41
2228; 43
2229; 43
2230; 45
2231; 45
2232; 47
2233; 47
2234; 49
2235; 49
2236; 51
2237; 51
2238; 53
2239; 53
2240; 55
2241; 55
2242; 57
2243; 60
2244; 3
2245; 6
2246; 9
2247; 54
2248; 56
2249; 56
2250; 58
2251; 58
2252; 60
2253; 60
2254; 2
2255; 2
2256; 4
2257; 4
2258; 6
2259; 6
2260; 8
2261; 8
2262; 10
2263; 10
2264; 12
2265; 15
2266; 18
2267; 21
2268; 24
2269; 9
2270; 11
2271; 11
2272; 13
2273; 13
2274; 15
2275; 15
2276; 17
2277; 17
2278; 19
2279; 19
2280; 21
2281; 21
2282; 23
2283; 23
2284; 25
2285; 25
2286; 27
2287; 30
2288; 33
2289; 36
2290; 39
2291; 24
2292; 26
2293; 26
2294; 28
2295; 28
2296; 30
2297; 30
2298; 32
2299; 32
2300; 34
2301; 34
2302; 36
2303; 36
2304; 38
2305; 38
2306; 40
2307; 40
2308; 42
2309; 45
2310; 48
2311; 51
2312; 54
2313; 33
2314; 35
2315; 35
2316; 37
2317; 37
2318; 39
2319; 39
2320; 41
2321; 41
2322; 43
2323; 43
2324; 45
2325; 45
2326; 47
2327; 47
2328; 49
2329; 49
2330; 51
2331; 51
2332; 53
2333; 53
2334; 56
2335; 48
2336; 50
2337; 50
2338; 52
2339; 52
2340; 54
2341; 54
2342; 56
2343; 56
2344; 58
2345; 58
2346; 0
2347; 0
2348; 2
2349; 2
2350; 4
2351; 4
2352; 6
2353; 6
2354; 8
2355; 8
2356; 10
2357; 3
2358; 5
2359; 5
2360; 7
2361; 7
2362; 9
2363; 9
2364; 11
2365; 11
2366; 13
2367; 13
2368; 15
2369; 15
2370; 17
2371; 17
2372; 19
2373; 19
2374; 21
2375; 21
2376; 23
2377; 23
2378; 26
2379; 18
2380; 20
2381; 20
2382; 22
2383; 22
2384; 24
2385; 24
2386; 26
2387; 26
2388; 28
2389; 28
2390; 30
2391; 30
2392; 32
2393; 32
2394; 34
2395; 34
2396; 36
2397; 36
2398; 38
2399; 38
2400; 40
2401; 39
2402; 41
2403; 41
2404; 43
2405; 43
2406; 45
2407; 45
2408; 47
2409; 47
2410; 49
2411; 49
2412; 51
2413; 51
2414; 53
2415; 53
2416; 55
2417; 55
2418; 57
2419; 57
2420; 0
2421; 2
2422; 5
2423; 9
2424; 11
2425; 11
2426; 13
2427; 13
2428; 15
2429; 15
2430; 17
2431; 17
2432; 19
2433; 19
2434; 21
2435; 21
2436; 23
2437; 23
2438; 25
2439; 25
2440; 27
2441; 27
2442; 29
2443; 32
2444; 35
2445; 18
2446; 20
2447; 20
2448; 22
2449; 22
2450; 24
2451; 24
2452; 26
2453; 26
2454; 28
2455; 28
2456; 30
2457; 30
2458; 32
2459; 32
2460; 34
2461; 34
2462; 36
2463; 36
2464; 38
2465; 38
2466; 41
2467; 48
2468; 50
2469; 50
2470; 52
2471; 52
2472; 54
2473; 54
2474; 56
2475; 56
2476; 58
2477; 58
2478; 60
2479; 60
2480; 2
2481; 2
2482; 4
2483; 4
2484; 6
2485; 6
2486; 8
2487; 8
2488; 10
2489; 39
2490; 41
2491; 41
2492; 43
2493; 43
2494; 45
2495; 45
2496; 47
2497; 47
2498; 49
2499; 49
2500; 51
2501; 51
2502; 53
2503; 53
2504; 55
2505; 55
2506; 57
2507; 57
2508; 59
2509; 59
2510; 1
2511; 9
2512; 11
2513; 11
2514; 13
2515; 13
2516; 15
2517; 15
2518; 17
2519; 17
2520; 19
2521; 19
2522; 21
2523; 21
2524; 23
2525; 23
2526; 25
2527; 25
2528; 27
2529; 27
2530; 29
2531; 29
2532; 31
2533; 48
2534; 50
2535; 50
2536; 52
2537; 52
2538; 54
2539; 54
2540; 56
2541; 56
2542; 58
2543; 58
2544; 60
2545; 60
2546; 2
2547; 2
2548; 4
2549; 4
2550; 6
2551; 6
2552; 8
2553; 11
2554; 14
2555; 18
2556; 20
2557; 20
2558; 22
2559; 22
2560; 24
2561; 24
2562; 26
2563; 26
2564; 28
2565; 28
2566; 30
2567; 30
2568; 32
2569; 32
2570; 34
2571; 34
2572; 36
2573; 36
2574; 39
2575; 41
2576; 44
2577; 9
2578; 11
2579; 11
2580; 13
2581; 13
2582; 15
2583; 15
2584; 17
2585; 17
2586; 19
2587; 19
2588; 21
2589; 21
2590; 23
2591; 23
2592; 25
2593; 25
2594; 27
2595; 27
2596; 29
2597; 29
2598; 31
2599; 39
2600; 41
2601; 41
2602; 43
2603; 43
2604; 45
2605; 45
2606; 47
2607; 47
2608; 49
2609; 49
2610; 51
2611; 51
2612; 53
2613; 53
2614; 55
2615; 55
2616; 57
2617; 57
2618; 59
2619; 59
2620; 1
2621; 5
2622; 7
2623; 7
2624; 9
2625; 9
2626; 11
2627; 11
2628; 13
2629; 13
2630; 15
2631; 15
2632; 17
2633; 17
2634; 19
2635; 19
2636; 21
2637; 21
2638; 23
2639; 23
2640; 25
2641; 25
2642; 28
2643; 35
2644; 37
2645; 37
2646; 39
2647; 39
2648; 41
2649; 41
2650; 43
2651; 43
2652; 45
2653; 45
2654; 47
2655; 47
2656; 49
2657; 49
2658; 51
2659; 51
2660; 53
2661; 53
2662; 55
2663; 55
2664; 57
2665; 17
2666; 19
2667; 19
2668; 21
2669; 21
2670; 23
2671; 23
2672; 25
2673; 25
2674; 27
2675; 27
2676; 30
2677; 30
2678; 32
2679; 32
2680; 34
2681; 34
2682; 36
2683; 36
2684; 38
2685; 38
2686; 40
2687; 47
2688; 49
2689; 49
2690; 51
2691; 51
2692; 53
2693; 53
2694; 55
2695; 55
2696; 57
2697; 57
2698; 60
2699; 60
2700; 2
2701; 2
2702; 4
2703; 4
2704; 6
2705; 6
2706; 8
2707; 8
2708; 11
2709; 50
2710; 52
2711; 52
2712; 54
2713; 54
2714; 56
2715; 56
2716; 58
2717; 58
2718; 0
2719; 0
2720; 3
2721; 3
2722; 5
2723; 5
2724; 7
2725; 10
2726; 13
2727; 16
2728; 19
2729; 22
2730; 25
2731; 20
2732; 22
2733; 22
2734; 24
2735; 24
2736; 26
2737; 26
2738; 28
2739; 28
2740; 30
2741; 30
2742; 33
2743; 33
2744; 35
2745; 35
2746; 37
2747; 40
2748; 43
2749; 46
2750; 49
2751; 52
2752; 55
2753; 36
2754; 38
2755; 38
2756; 40
2757; 40
2758; 42
2759; 42
2760; 44
2761; 44
2762; 46
2763; 46
2764; 49
2765; 52
2766; 55
2767; 58
2768; 1
2769; 4
2770; 7
2771; 10
2772; 13
2773; 16
2774; 19
2775; 6
2776; 8
2777; 8
2778; 10
2779; 10
2780; 12
2781; 12
2782; 14
2783; 14
2784; 16
2785; 16
2786; 20
2787; 22
2788; 25
2789; 28
2790; 31
2791; 34
2792; 37
2793; 40
2794; 43
2795; 46
2796; 49
2797; 44
2798; 46
2799; 46
2800; 48
2801; 48
2802; 50
2803; 50
2804; 52
2805; 52
2806; 54
2807; 54
2808; 57
2809; 57
2810; 59
2811; 59
2812; 1
2813; 1
2814; 3
2815; 3
2816; 5
2817; 5
2818; 7
2819; 14
2820; 16
2821; 16
2822; 18
2823; 18
2824; 20
2825; 20
2826; 22
2827; 22
2828; 24
2829; 24
2830; 27
2831; 27
2832; 29
2833; 29
2834; 31
2835; 31
2836; 33
2837; 33
2838; 35
2839; 35
2840; 37
2841; 42
2842; 44
2843; 44
2844; 46
2845; 46
2846; 48
2847; 48
2848; 50
2849; 50
2850; 52
2851; 52
2852; 55
2853; 55
2854; 57
2855; 57
2856; 59
2857; 59
2858; 1
2859; 4
2860; 7
2861; 10
2862; 13
2863; 12
2864; 14
2865; 14
2866; 16
2867; 16
2868; 18
2869; 18
2870; 20
2871; 20
2872; 22
2873; 22
2874; 25
2875; 25
2876; 27
2877; 27
2878; 29
2879; 29
2880; 31
2881; 34
2882; 37
2883; 40
2884; 43
2885; 8
2886; 10
2887; 10
2888; 12
2889; 12
2890; 14
2891; 14
2892; 16
2893; 16
2894; 18
2895; 18
2896; 21
2897; 21
2898; 23
2899; 23
2900; 25
2901; 25
2902; 27
2903; 27
2904; 29
2905; 29
2906; 32
2907; 38
2908; 40
2909; 40
2910; 42
2911; 42
2912; 44
2913; 44
2914; 46
2915; 46
2916; 48
2917; 48
2918; 51
2919; 51
2920; 53
2921; 53
2922; 55
2923; 55
2924; 57
2925; 57
2926; 59
2927; 59
2928; 1
2929; 8
2930; 10
2931; 10
2932; 12
2933; 12
2934; 14
2935; 14
2936; 16
2937; 16
2938; 18
2939; 18
2940; 21
2941; 21
2942; 23
2943; 23
2944; 25
2945; 25
2946; 27
2947; 27
2948; 29
2949; 29
2950; 32
2951; 38
2952; 40
2953; 40
2954; 42
2955; 42
2956; 44
2957; 44
2958; 46
2959; 46
2960; 48
2961; 48
2962; 51
2963; 51
2964; 53
2965; 53
2966; 55
2967; 55
2968; 57
2969; 57
2970; 59
2971; 59
2972; 1
2973; 27
2974; 29
2975; 29
2976; 31
2977; 31
2978; 33
2979; 33
2980; 35
2981; 35
2982; 37
2983; 37
2984; 40
2985; 40
2986; 42
2987; 42
2988; 44
2989; 44
2990; 47
2991; 49
2992; 52
2993; 55
2994; 58
2995; 57
2996; 59
2997; 59
2998; 1
2999; 1
3000; 3
3001; 3
3002; 5
3003; 5
3004; 7
3005; 7
3006; 10
3007; 10
3008; 12
3009; 12
3010; 14
3011; 14
3012; 16
3013; 19
3014; 22
3015; 25
3016; 28
3017; 13
3018; 15
3019; 15
3020; 17
3021; 17
3022; 19
3023; 19
3024; 21
3025; 21
3026; 24
3027; 24
3028; 27
3029; 30
3030; 33
3031; 36
3032; 39
3033; 42
3034; 45
3035; 48
3036; 51
3037; 54
3038; 57
3039; 43
3040; 45
3041; 45
3042; 47
3043; 47
3044; 49
3045; 49
3046; 51
3047; 51
3048; 54
3049; 54
3050; 57
3051; 0
3052; 3
3053; 6
3054; 9
3055; 12
3056; 15
3057; 18
3058; 21
3059; 24
3060; 27
3061; 42
3062; 44
3063; 44
3064; 46
3065; 46
3066; 48
3067; 48
3068; 50
3069; 50
3070; 52
3071; 52
3072; 55
3073; 55
3074; 58
3075; 58
3076; 1
3077; 3
3078; 6
3079; 9
3080; 12
3081; 15
3082; 18
3083; 12
3084; 14
3085; 14
3086; 16
3087; 16
3088; 18
3089; 18
3090; 20
3091; 20
3092; 22
3093; 22
3094; 25
3095; 25
3096; 28
3097; 28
3098; 30
3099; 33
3100; 36
3101; 39
3102; 42
3103; 45
3104; 48
3105; 32
3106; 34
3107; 34
3108; 36
3109; 36
3110; 38
3111; 38
3112; 40
3113; 40
3114; 42
3115; 42
3116; 45
3117; 48
3118; 51
3119; 54
3120; 57
3121; 0
3122; 3
3123; 6
3124; 9
3125; 12
3126; 15
3127; 2
3128; 4
3129; 4
3130; 6
3131; 6
3132; 8
3133; 8
3134; 10
3135; 10
3136; 12
3137; 12
3138; 16
3139; 18
3140; 21
3141; 24
3142; 27
3143; 30
3144; 33
3145; 36
3146; 39
3147; 42
3148; 45
3149; 8
3150; 10
3151; 10
3152; 12
3153; 12
3154; 14
3155; 14
3156; 16
3157; 16
3158; 18
3159; 18
3160; 21
3161; 21
3162; 23
3163; 23
3164; 25
3165; 25
3166; 27
3167; 27
3168; 29
3169; 29
3170; 32
3171; 38
3172; 40
3173; 40
3174; 42
3175; 42
3176; 44
3177; 44
3178; 46
3179; 46
3180; 48
3181; 48
3182; 51
3183; 51
3184; 53
3185; 53
3186; 55
3187; 55
3188; 57
3189; 57
3190; 59
3191; 59
3192; 1
3193; 3
3194; 4
3195; 4
3196; 5
3197; 8
3198; 9
3199; 9
3200; 10
3201; 10
3202; 11
3203; 14
3204; 15
3205; 15
3206; 16
3207; 19
3208; 20
3209; 23
3210; 25
3211; 28
3212; 31
3213; 33
3214; 34
3215; 34
3216; 35
3217; 38
3218; 39
3219; 39
3220; 40
3221; 40
3222; 41
3223; 44
3224; 45
3225; 45
3226; 46
3227; 49
3228; 50
3229; 53
3230; 55
3231; 58
3232; 0
3233; 34
3234; 36
3235; 36
3236; 37
3237; 37
3238; 38
3239; 38
3240; 39
3241; 39
3242; 40
3243; 40
3244; 41
3245; 41
3246; 42
3247; 42
3248; 43
3249; 43
3250; 45
3251; 47
3252; 49
3253; 4
3254; 6
3255; 6
3256; 7
3257; 7
3258; 8
3259; 8
3260; 9
3261; 9
3262; 10
3263; 10
3264; 11
3265; 11
3266; 12
3267; 12
3268; 13
3269; 13
3270; 14
3271; 17
3272; 19
3273; 48
3274; 49
3275; 49
3276; 51
3277; 51
3278; 53
3279; 53
3280; 55
3281; 55
3282; 57
3283; 57
3284; 59
3285; 59
3286; 1
3287; 1
3288; 3
3289; 6
3290; 9
3291; 12
3292; 15
3293; 18
3294; 19
3295; 19
3296; 21
3297; 21
3298; 23
3299; 23
3300; 25
3301; 25
3302; 27
3303; 27
3304; 29
3305; 29
3306; 31
3307; 31
3308; 34
3309; 36
3310; 39
3311; 42
3312; 45
3313; 47
3314; 49
3315; 49
3316; 51
3317; 51
3318; 53
3319; 53
3320; 55
3321; 55
3322; 57
3323; 57
3324; 59
3325; 59
3326; 1
3327; 1
3328; 3
3329; 3
3330; 5
3331; 5
3332; 6
3333; 17
3334; 19
3335; 19
3336; 21
3337; 21
3338; 23
3339; 23
3340; 25
3341; 25
3342; 27
3343; 27
3344; 29
3345; 29
3346; 31
3347; 31
3348; 33
3349; 33
3350; 35
3351; 35
3352; 36
3353; 48
3354; 50
3355; 50
3356; 52
3357; 52
3358; 54
3359; 54
3360; 56
3361; 56
3362; 58
3363; 58
3364; 0
3365; 0
3366; 2
3367; 2
3368; 4
3369; 4
3370; 6
3371; 6
3372; 8
3373; 18
3374; 20
3375; 20
3376; 22
3377; 22
3378; 24
3379; 24
3380; 26
3381; 26
3382; 28
3383; 28
3384; 30
3385; 30
3386; 32
3387; 32
3388; 34
3389; 34
3390; 36
3391; 36
3392; 38
3393; 41
3394; 43
3395; 43
3396; 45
3397; 45
3398; 47
3399; 47
3400; 49
3401; 49
3402; 51
3403; 51
3404; 53
3405; 53
3406; 55
3407; 55
3408; 57
3409; 57
3410; 59
3411; 59
3412; 1
3413; 11
3414; 13
3415; 13
3416; 15
3417; 15
3418; 17
3419; 17
3420; 19
3421; 19
3422; 21
3423; 21
3424; 23
3425; 23
3426; 25
3427; 25
3428; 27
3429; 27
3430; 29
3431; 29
3432; 31
3433; 18
3434; 20
3435; 20
3436; 22
3437; 22
3438; 24
3439; 24
3440; 26
3441; 26
3442; 28
3443; 28
3444; 30
3445; 30
3446; 32
3447; 32
3448; 34
3449; 34
3450; 36
3451; 36
3452; 38
3453; 48
3454; 50
3455; 50
3456; 52
3457; 52
3458; 54
3459; 54
3460; 56
3461; 56
3462; 58
3463; 58
3464; 0
3465; 0
3466; 2
3467; 2
3468; 4
3469; 4
3470; 6
3471; 6
3472; 8
3473; 41
3474; 43
3475; 43
3476; 45
3477; 45
3478; 47
3479; 47
3480; 49
3481; 49
3482; 51
3483; 51
3484; 53
3485; 53
3486; 55
3487; 55
3488; 57
3489; 57
3490; 59
3491; 59
3492; 1
3493; 11
3494; 13
3495; 13
3496; 15
3497; 15
3498; 17
3499; 17
3500; 19
3501; 19
3502; 21
3503; 21
3504; 23
3505; 23
3506; 25
3507; 25
3508; 27
3509; 27
3510; 29
3511; 29
3512; 31
3513; 3
3514; 5
3515; 5
3516; 7
3517; 7
3518; 9
3519; 9
3520; 11
3521; 11
3522; 13
3523; 13
3524; 15
3525; 15
3526; 17
3527; 17
3528; 19
3529; 19
3530; 21
3531; 21
3532; 23
3533; 18
3534; 20
3535; 20
3536; 22
3537; 22
3538; 24
3539; 24
3540; 26
3541; 26
3542; 28
3543; 28
3544; 30
3545; 30
3546; 32
3547; 32
3548; 34
3549; 34
3550; 36
3551; 36
3552; 39
3553; 33
3554; 35
3555; 35
3556; 37
3557; 37
3558; 39
3559; 39
3560; 41
3561; 41
3562; 43
3563; 43
3564; 45
3565; 45
3566; 47
3567; 47
3568; 49
3569; 49
3570; 51
3571; 51
3572; 54
3573; 48
3574; 50
3575; 50
3576; 52
3577; 52
3578; 54
3579; 54
3580; 56
3581; 56
3582; 58
3583; 58
3584; 0
3585; 0
3586; 2
3587; 2
3588; 4
3589; 4
3590; 6
3591; 6
3592; 8
3593; 56
3594; 58
3595; 58
3596; 0
3597; 0
3598; 2
3599; 2
3600; 4
3601; 4
3602; 6
3603; 6
3604; 8
3605; 8
3606; 10
3607; 10
3608; 12
3609; 12
3610; 14
3611; 14
3612; 17
3613; 11
3614; 13
3615; 13
3616; 15
3617; 15
3618; 17
3619; 17
3620; 19
3621; 19
3622; 21
3623; 21
3624; 23
3625; 23
3626; 25
3627; 25
3628; 27
3629; 27
3630; 29
3631; 29
3632; 32
3633; 26
3634; 28
3635; 28
3636; 30
3637; 30
3638; 32
3639; 32
3640; 34
3641; 34
3642; 36
3643; 36
3644; 38
3645; 38
3646; 40
3647; 40
3648; 42
3649; 42
3650; 44
3651; 44
3652; 47
3653; 41
3654; 43
3655; 43
3656; 45
3657; 45
3658; 47
3659; 47
3660; 49
3661; 49
3662; 51
3663; 51
3664; 53
3665; 53
3666; 55
3667; 55
3668; 57
3669; 57
3670; 59
3671; 59
3672; 1
3673; 12
3674; 14
3675; 14
3676; 16
3677; 16
3678; 18
3679; 18
3680; 20
3681; 20
3682; 23
3683; 23
3684; 25
3685; 25
3686; 27
3687; 27
3688; 29
3689; 29
3690; 32
3691; 42
3692; 44
3693; 44
3694; 46
3695; 46
3696; 48
3697; 48
3698; 50
3699; 50
3700; 53
3701; 53
3702; 55
3703; 55
3704; 57
3705; 57
3706; 59
3707; 59
3708; 1
3709; 23
3710; 25
3711; 25
3712; 27
3713; 27
3714; 29
3715; 29
3716; 31
3717; 31
3718; 34
3719; 37
3720; 40
3721; 43
3722; 46
3723; 49
3724; 52
3725; 55
3726; 58
3727; 53
3728; 55
3729; 55
3730; 57
3731; 57
3732; 59
3733; 59
3734; 1
3735; 1
3736; 4
3737; 7
3738; 10
3739; 13
3740; 16
3741; 19
3742; 22
3743; 25
3744; 28
3745; 21
3746; 23
3747; 23
3748; 25
3749; 25
3750; 27
3751; 27
3752; 29
3753; 29
3754; 31
3755; 51
3756; 53
3757; 53
3758; 55
3759; 55
3760; 57
3761; 57
3762; 59
3763; 59
3764; 1
3765; 21
3766; 23
3767; 23
3768; 25
3769; 25
3770; 27
3771; 27
3772; 29
3773; 29
3774; 32
3775; 51
3776; 53
3777; 53
3778; 55
3779; 55
3780; 57
3781; 57
3782; 59
3783; 59
3784; 1
3785; 21
3786; 23
3787; 23
3788; 25
3789; 25
3790; 27
3791; 27
3792; 29
3793; 29
3794; 32
3795; 51
3796; 53
3797; 53
3798; 55
3799; 55
3800; 57
3801; 57
3802; 59
3803; 59
3804; 1
3805; 21
3806; 23
3807; 23
3808; 25
3809; 25
3810; 27
3811; 27
3812; 29
3813; 29
3814; 32
3815; 51
3816; 53
3817; 53
3818; 55
3819; 55
3820; 57
3821; 57
3822; 59
3823; 59
3824; 1
3825; 21
3826; 23
3827; 23
3828; 25
3829; 25
3830; 27
3831; 27
3832; 29
3833; 29
3834; 31
3835; 51
3836; 53
3837; 53
3838; 55
3839; 55
3840; 57
3841; 57
3842; 59
3843; 59
3844; 1
3845; 21
3846; 23
3847; 23
3848; 25
3849; 25
3850; 27
3851; 27
3852; 29
3853; 29
3854; 32
3855; 51
3856; 53
3857; 53
3858; 55
3859; 55
3860; 57
3861; 57
3862; 59
3863; 59
3864; 1
3865; 21
3866; 23
3867; 23
3868; 25
3869; 25
3870; 27
3871; 27
3872; 29
3873; 29
3874; 32
3875; 51
3876; 53
3877; 53
3878; 55
3879; 55
3880; 57
3881; 57
3882; 59
3883; 59
3884; 1
3885; 21
3886; 23
3887; 23
3888; 25
3889; 25
3890; 27
3891; 27
3892; 29
3893; 29
3894; 32
3895; 51
3896; 53
3897; 53
3898; 55
3899; 55
3900; 57
3901; 57
3902; 59
3903; 59
3904; 1
3905; 46
3906; 48
3907; 48
3908; 50
3909; 50
3910; 52
3911; 55
3912; 58
3913; 1
3914; 4
3915; 16
3916; 18
3917; 18
3918; 20
3919; 20
3920; 22
3921; 25
3922; 28
3923; 31
3924; 34
3925; 21
3926; 23
3927; 23
3928; 25
3929; 25
3930; 27
3931; 27
3932; 29
3933; 29
3934; 32
3935; 51
3936; 53
3937; 53
3938; 55
3939; 55
3940; 57
3941; 57
3942; 59
3943; 59
3944; 1
3945; 21
3946; 23
3947; 23
3948; 25
3949; 25
3950; 27
3951; 27
3952; 29
3953; 29
3954; 32
3955; 51
3956; 53
3957; 53
3958; 55
3959; 55
3960; 57
3961; 57
3962; 59
3963; 59
3964; 1
3965; 21
3966; 23
3967; 23
3968; 25
3969; 25
3970; 27
3971; 27
3972; 29
3973; 29
3974; 32
3975; 51
3976; 53
3977; 53
3978; 55
3979; 55
3980; 57
3981; 57
3982; 59
3983; 59
3984; 1
3985; 48
3986; 50
3987; 50
3988; 52
3989; 52
3990; 54
3991; 54
3992; 56
3993; 56
3994; 58
3995; 58
3996; 60
3997; 60
3998; 2
3999; 2
4000; 4
4001; 4
4002; 6
4003; 6
4004; 8
4005; 11
4006; 13
4007; 13
4008; 15
4009; 15
4010; 17
4011; 17
4012; 19
4013; 19
4014; 21
4015; 21
4016; 23
4017; 23
4018; 25
4019; 25
4020; 28
4021; 30
4022; 33
4023; 36
4024; 39
4025; 18
4026; 20
4027; 20
4028; 22
4029; 22
4030; 24
4031; 24
4032; 26
4033; 26
4034; 28
4035; 28
4036; 30
4037; 30
4038; 32
4039; 32
4040; 34
4041; 34
4042; 36
4043; 36
4044; 38
4045; 41
4046; 43
4047; 43
4048; 45
4049; 45
4050; 47
4051; 47
4052; 49
4053; 49
4054; 51
4055; 51
4056; 53
4057; 53
4058; 55
4059; 55
4060; 57
4061; 60
4062; 3
4063; 6
4064; 9
4065; 18
4066; 20
4067; 20
4068; 22
4069; 22
4070; 24
4071; 24
4072; 26
4073; 26
4074; 28
4075; 28
4076; 30
4077; 30
4078; 32
4079; 32
4080; 34
4081; 34
4082; 36
4083; 36
4084; 38
4085; 38
4086; 40
4087; 40
4088; 42
4089; 42
4090; 44
4091; 44
4092; 46
4093; 46
4094; 48
4095; 48
4096; 50
4097; 50
4098; 52
4099; 52
4100; 54
4101; 54
4102; 56
4103; 56
4104; 58
4105; 48
4106; 50
4107; 50
4108; 52
4109; 52
4110; 54
4111; 54
4112; 56
4113; 56
4114; 58
4115; 58
4116; 0
4117; 0
4118; 2
4119; 2
4120; 4
4121; 4
4122; 6
4123; 6
4124; 8
4125; 8
4126; 10
4127; 10
4128; 12
4129; 12
4130; 14
4131; 14
4132; 16
4133; 16
4134; 18
4135; 18
4136; 20
4137; 20
4138; 22
4139; 22
4140; 24
4141; 24
4142; 26
4143; 26
4144; 28
4145; 48
4146; 50
4147; 50
4148; 52
4149; 52
4150; 54
4151; 54
4152; 56
4153; 56
4154; 58
4155; 58
4156; 0
4157; 0
4158; 2
4159; 2
4160; 4
4161; 4
4162; 6
4163; 6
4164; 8
4165; 11
4166; 13
4167; 13
4168; 15
4169; 15
4170; 17
4171; 17
4172; 19
4173; 19
4174; 21
4175; 21
4176; 23
4177; 23
4178; 25
4179; 25
4180; 27
4181; 27
4182; 29
4183; 29
4184; 31
4185; 18
4186; 20
4187; 20
4188; 22
4189; 22
4190; 24
4191; 24
4192; 26
4193; 26
4194; 28
4195; 28
4196; 30
4197; 30
4198; 32
4199; 32
4200; 34
4201; 34
4202; 36
4203; 36
4204; 38
4205; 41
4206; 43
4207; 43
4208; 45
4209; 45
4210; 47
4211; 47
4212; 49
4213; 49
4214; 51
4215; 51
4216; 53
4217; 53
4218; 55
4219; 55
4220; 57
4221; 57
4222; 59
4223; 59
4224; 1
4225; 48
4226; 50
4227; 50
4228; 52
4229; 52
4230; 54
4231; 54
4232; 56
4233; 56
4234; 58
4235; 58
4236; 60
4237; 60
4238; 2
4239; 2
4240; 4
4241; 4
4242; 6
4243; 6
4244; 8
4245; 11
4246; 13
4247; 13
4248; 15
4249; 15
4250; 17
4251; 17
4252; 19
4253; 19
4254; 21
4255; 21
4256; 23
4257; 23
4258; 25
4259; 25
4260; 27
4261; 27
4262; 29
4263; 29
4264; 31
4265; 18
4266; 20
4267; 20
4268; 22
4269; 22
4270; 24
4271; 24
4272; 26
4273; 26
4274; 28
4275; 28
4276; 30
4277; 30
4278; 32
4279; 32
4280; 34
4281; 34
4282; 36
4283; 36
4284; 38
4285; 41
4286; 43
4287; 43
4288; 45
4289; 45
4290; 47
4291; 47
4292; 49
4293; 49
4294; 51
4295; 51
4296; 53
4297; 53
4298; 55
4299; 55
4300; 57
4301; 57
4302; 59
4303; 59
4304; 1
4305; 48
4306; 50
4307; 50
4308; 52
4309; 52
4310; 54
4311; 54
4312; 56
4313; 56
4314; 58
4315; 58
4316; 0
4317; 0
4318; 2
4319; 2
4320; 4
4321; 4
4322; 6
4323; 6
4324; 8
4325; 8
4326; 10
4327; 10
4328; 12
4329; 12
4330; 14
4331; 14
4332; 16
4333; 16
4334; 18
4335; 18
4336; 20
4337; 20
4338; 22
4339; 22
4340; 24
4341; 24
4342; 26
4343; 29
4344; 32
4345; 18
4346; 20
4347; 20
4348; 22
4349; 22
4350; 24
4351; 24
4352; 26
4353; 26
4354; 28
4355; 28
4356; 30
4357; 30
4358; 32
4359; 32
4360; 34
4361; 34
4362; 36
4363; 36
4364; 38
4365; 38
4366; 40
4367; 40
4368; 42
4369; 42
4370; 44
4371; 44
4372; 46
4373; 46
4374; 48
4375; 48
4376; 50
4377; 50
4378; 52
4379; 52
4380; 54
4381; 54
4382; 56
4383; 59
4384; 2
4385; 18
4386; 20
4387; 20
4388; 22
4389; 22
4390; 24
4391; 24
4392; 26
4393; 26
4394; 28
4395; 28
4396; 30
4397; 30
4398; 32
4399; 32
4400; 34
4401; 34
4402; 36
4403; 36
4404; 38
4405; 41
4406; 43
4407; 43
4408; 45
4409; 45
4410; 47
4411; 47
4412; 49
4413; 49
4414; 51
4415; 51
4416; 53
4417; 53
4418; 55
4419; 55
4420; 57
4421; 57
4422; 59
4423; 59
4424; 1
4425; 48
4426; 50
4427; 50
4428; 52
4429; 52
4430; 54
4431; 54
4432; 56
4433; 56
4434; 58
4435; 58
4436; 60
4437; 60
4438; 2
4439; 2
4440; 4
4441; 4
4442; 6
4443; 6
4444; 8
4445; 11
4446; 13
4447; 13
4448; 15
4449; 15
4450; 17
4451; 17
4452; 19
4453; 19
4454; 21
4455; 21
4456; 23
4457; 23
4458; 25
4459; 25
4460; 27
4461; 27
4462; 29
4463; 29
4464; 32
4465; 48
4466; 50
4467; 50
4468; 52
4469; 52
4470; 54
4471; 54
4472; 56
4473; 56
4474; 58
4475; 58
4476; 60
4477; 60
4478; 2
4479; 2
4480; 4
4481; 4
4482; 6
4483; 6
4484; 8
4485; 8
4486; 10
4487; 10
4488; 12
4489; 12
4490; 14
4491; 14
4492; 16
4493; 16
4494; 18
4495; 18
4496; 20
4497; 20
4498; 22
4499; 22
4500; 24
4501; 24
4502; 26
4503; 29
4504; 32
4505; 18
4506; 20
4507; 20
4508; 22
4509; 22
4510; 24
4511; 24
4512; 26
4513; 26
4514; 28
4515; 28
4516; 30
4517; 30
4518; 32
4519; 32
4520; 34
4521; 34
4522; 36
4523; 36
4524; 38
4525; 38
4526; 40
4527; 40
4528; 42
4529; 42
4530; 44
4531; 44
4532; 46
4533; 46
4534; 48
4535; 48
4536; 50
4537; 50
4538; 52
4539; 52
4540; 54
4541; 54
4542; 57
4543; 59
4544; 2
4545; 18
4546; 20
4547; 20
4548; 22
4549; 22
4550; 24
4551; 24
4552; 26
4553; 26
4554; 28
4555; 28
4556; 30
4557; 30
4558; 32
4559; 32
4560; 34
4561; 34
4562; 36
4563; 36
4564; 38
4565; 38
4566; 40
4567; 40
4568; 42
4569; 42
4570; 44
4571; 44
4572; 46
4573; 46
4574; 48
4575; 48
4576; 50
4577; 50
4578; 52
4579; 52
4580; 54
4581; 57
4582; 60
4583; 3
4584; 6
4585; 48
4586; 50
4587; 50
4588; 52
4589; 52
4590; 54
4591; 54
4592; 56
4593; 56
4594; 58
4595; 58
4596; 60
4597; 60
4598; 2
4599; 2
4600; 4
4601; 4
4602; 6
4603; 6
4604; 8
4605; 8
4606; 10
4607; 10
4608; 12
4609; 12
4610; 14
4611; 14
4612; 16
4613; 16
4614; 18
4615; 18
4616; 20
4617; 20
4618; 22
4619; 22
4620; 24
4621; 27
4622; 30
4623; 33
4624; 36
4625; 48
4626; 50
4627; 50
4628; 52
4629; 52
4630; 54
4631; 54
4632; 56
4633; 56
4634; 58
4635; 58
4636; 0
4637; 0
4638; 2
4639; 2
4640; 4
4641; 4
4642; 6
4643; 6
4644; 8
4645; 8
4646; 10
4647; 10
4648; 12
4649; 12
4650; 14
4651; 14
4652; 16
4653; 16
4654; 18
4655; 18
4656; 20
4657; 20
4658; 22
4659; 22
4660; 24
4661; 27
4662; 30
4663; 33
4664; 36
4665; 18
4666; 20
4667; 20
4668; 22
4669; 22
4670; 24
4671; 24
4672; 26
4673; 26
4674; 28
4675; 28
4676; 30
4677; 30
4678; 32
4679; 32
4680; 34
4681; 34
4682; 36
4683; 36
4684; 38
4685; 38
4686; 40
4687; 40
4688; 42
4689; 42
4690; 44
4691; 44
4692; 46
4693; 46
4694; 48
4695; 48
4696; 50
4697; 50
4698; 52
4699; 52
4700; 54
4701; 57
4702; 60
4703; 3
4704; 6
4705; 18
4706; 20
4707; 20
4708; 22
4709; 22
4710; 24
4711; 24
4712; 26
4713; 26
4714; 28
4715; 28
4716; 30
4717; 30
4718; 32
4719; 32
4720; 34
4721; 34
4722; 36
4723; 36
4724; 38
4725; 41
4726; 43
4727; 43
4728; 45
4729; 45
4730; 47
4731; 47
4732; 49
4733; 49
4734; 51
4735; 51
4736; 53
4737; 53
4738; 55
4739; 55
4740; 57
4741; 57
4742; 60
4743; 2
4744; 5
4745; 48
4746; 50
4747; 50
4748; 52
4749; 52
4750; 54
4751; 54
4752; 56
4753; 56
4754; 58
4755; 58
4756; 60
4757; 60
4758; 2
4759; 2
4760; 4
4761; 4
4762; 6
4763; 6
4764; 8
4765; 11
4766; 13
4767; 13
4768; 15
4769; 15
4770; 17
4771; 17
4772; 19
4773; 19
4774; 21
4775; 21
4776; 23
4777; 23
4778; 25
4779; 25
4780; 27
4781; 27
4782; 29
4783; 32
4784; 35
4785; 33
4786; 35
4787; 35
4788; 37
4789; 37
4790; 39
4791; 39
4792; 41
4793; 41
4794; 43
4795; 43
4796; 45
4797; 45
4798; 47
4799; 47
4800; 49
4801; 49
4802; 51
4803; 51
4804; 53
4805; 53
4806; 55
4807; 55
4808; 57
4809; 57
4810; 59
4811; 59
4812; 1
4813; 1
4814; 3
4815; 3
4816; 5
4817; 5
4818; 7
4819; 7
4820; 9
4821; 9
4822; 12
4823; 14
4824; 17
4825; 48
4826; 50
4827; 50
4828; 52
4829; 52
4830; 54
4831; 54
4832; 56
4833; 56
4834; 58
4835; 58
4836; 0
4837; 0
4838; 2
4839; 2
4840; 4
4841; 4
4842; 6
4843; 6
4844; 8
4845; 8
4846; 10
4847; 10
4848; 12
4849; 12
4850; 14
4851; 14
4852; 16
4853; 16
4854; 18
4855; 18
4856; 20
4857; 20
4858; 22
4859; 22
4860; 24
4861; 24
4862; 27
4863; 29
4864; 32
4865; 3
4866; 5
4867; 5
4868; 7
4869; 7
4870; 9
4871; 9
4872; 11
4873; 11
4874; 13
4875; 13
4876; 15
4877; 15
4878; 17
4879; 17
4880; 19
4881; 19
4882; 21
4883; 21
4884; 23
4885; 23
4886; 25
4887; 25
4888; 27
4889; 27
4890; 29
4891; 29
4892; 31
4893; 31
4894; 33
4895; 33
4896; 35
4897; 35
4898; 37
4899; 37
4900; 39
4901; 39
4902; 42
4903; 44
4904; 47
4905; 18
4906; 20
4907; 20
4908; 22
4909; 22
4910; 24
4911; 24
4912; 26
4913; 26
4914; 28
4915; 28
4916; 30
4917; 30
4918; 32
4919; 32
4920; 34
4921; 34
4922; 36
4923; 36
4924; 38
4925; 38
4926; 40
4927; 40
4928; 42
4929; 42
4930; 44
4931; 44
4932; 46
4933; 46
4934; 48
4935; 48
4936; 50
4937; 50
4938; 52
4939; 52
4940; 54
4941; 54
4942; 56
4943; 59
4944; 1
4945; 18
4946; 20
4947; 20
4948; 22
4949; 22
4950; 24
4951; 24
4952; 26
4953; 26
4954; 28
4955; 28
4956; 30
4957; 30
4958; 32
4959; 32
4960; 34
4961; 34
4962; 36
4963; 36
4964; 38
4965; 41
4966; 43
4967; 43
4968; 45
4969; 45
4970; 47
4971; 47
4972; 49
4973; 49
4974; 51
4975; 51
4976; 53
4977; 53
4978; 55
4979; 55
4980; 57
4981; 60
4982; 3
4983; 6
4984; 9
4985; 33
4986; 35
4987; 35
4988; 37
4989; 37
4990; 39
4991; 39
4992; 41
4993; 41
4994; 43
4995; 43
4996; 45
4997; 45
4998; 47
4999; 47
5000; 49
5001; 49
5002; 51
5003; 51
5004; 53
5005; 56
5006; 58
5007; 58
5008; 60
5009; 60
5010; 2
5011; 2
5012; 4
5013; 4
5014; 6
5015; 6
5016; 8
5017; 8
5018; 10
5019; 10
5020; 12
5021; 15
5022; 18
5023; 21
5024; 24
5025; 48
5026; 50
5027; 50
5028; 52
5029; 52
5030; 54
5031; 54
5032; 56
5033; 56
5034; 58
5035; 58
5036; 60
5037; 60
5038; 2
5039; 2
5040; 4
5041; 4
5042; 6
5043; 6
5044; 8
5045; 11
5046; 13
5047; 13
5048; 15
5049; 15
5050; 17
5051; 17
5052; 19
5053; 19
5054; 21
5055; 21
5056; 23
5057; 23
5058; 25
5059; 25
5060; 27
5061; 30
5062; 33
5063; 36
5064; 39
5065; 3
5066; 5
5067; 5
5068; 7
5069; 7
5070; 9
5071; 9
5072; 11
5073; 11
5074; 13
5075; 13
5076; 15
5077; 15
5078; 17
5079; 17
5080; 19
5081; 19
5082; 21
5083; 21
5084; 23
5085; 26
5086; 28
5087; 28
5088; 30
5089; 30
5090; 32
5091; 32
5092; 34
5093; 34
5094; 36
5095; 36
5096; 38
5097; 38
5098; 40
5099; 40
5100; 42
5101; 45
5102; 48
5103; 51
5104; 54
5105; 18
5106; 20
5107; 20
5108; 22
5109; 22
5110; 24
5111; 24
5112; 26
5113; 26
5114; 28
5115; 28
5116; 30
5117; 30
5118; 32
5119; 32
5120; 34
5121; 34
5122; 36
5123; 36
5124; 38
5125; 41
5126; 43
5127; 43
5128; 45
5129; 45
5130; 47
5131; 47
5132; 49
5133; 49
5134; 51
5135; 51
5136; 53
5137; 53
5138; 55
5139; 55
5140; 57
5141; 57
5142; 59
5143; 59
5144; 1
5145; 48
5146; 50
5147; 50
5148; 52
5149; 52
5150; 54
5151; 54
5152; 56
5153; 56
5154; 58
5155; 58
5156; 0
5157; 0
5158; 2
5159; 2
5160; 4
5161; 4
5162; 6
5163; 6
5164; 8
5165; 11
5166; 13
5167; 13
5168; 15
5169; 15
5170; 17
5171; 17
5172; 19
5173; 19
5174; 21
5175; 21
5176; 23
5177; 23
5178; 25
5179; 25
5180; 27
5181; 27
5182; 29
5183; 29
5184; 31
5185; 21
5186; 23
5187; 23
5188; 25
5189; 25
5190; 27
5191; 27
5192; 29
5193; 29
5194; 31
5195; 31
5196; 33
5197; 33
5198; 35
5199; 35
5200; 37
5201; 37
5202; 39
5203; 39
5204; 41
5205; 41
5206; 43
5207; 43
5208; 45
5209; 45
5210; 47
5211; 47
5212; 49
5213; 49
5214; 51
5215; 51
5216; 53
5217; 53
5218; 55
5219; 55
5220; 57
5221; 57
5222; 0
5223; 2
5224; 5
5225; 51
5226; 53
5227; 53
5228; 55
5229; 55
5230; 57
5231; 57
5232; 59
5233; 59
5234; 1
5235; 1
5236; 3
5237; 3
5238; 5
5239; 5
5240; 7
5241; 7
5242; 9
5243; 9
5244; 11
5245; 11
5246; 13
5247; 13
5248; 15
5249; 15
5250; 17
5251; 17
5252; 19
5253; 19
5254; 21
5255; 21
5256; 23
5257; 23
5258; 25
5259; 25
5260; 27
5261; 27
5262; 29
5263; 32
5264; 35
5265; 48
5266; 50
5267; 50
5268; 52
5269; 52
5270; 54
5271; 54
5272; 56
5273; 56
5274; 58
5275; 58
5276; 60
5277; 60
5278; 2
5279; 2
5280; 4
5281; 4
5282; 6
5283; 6
5284; 8
5285; 11
5286; 13
5287; 13
5288; 15
5289; 15
5290; 17
5291; 17
5292; 19
5293; 19
5294; 21
5295; 21
5296; 23
5297; 23
5298; 25
5299; 25
5300; 27
5301; 27
5302; 29
5303; 29
5304; 31
5305; 18
5306; 20
5307; 20
5308; 22
5309; 22
5310; 24
5311; 24
5312; 26
5313; 26
5314; 28
5315; 28
5316; 30
5317; 30
5318; 32
5319; 32
5320; 34
5321; 34
5322; 36
5323; 36
5324; 38
5325; 41
5326; 43
5327; 43
5328; 45
5329; 45
5330; 47
5331; 47
5332; 49
5333; 49
5334; 51
5335; 51
5336; 53
5337; 53
5338; 55
5339; 55
5340; 57
5341; 57
5342; 59
5343; 59
5344; 1
5345; 48
5346; 50
5347; 50
5348; 52
5349; 52
5350; 54
5351; 54
5352; 56
5353; 56
5354; 58
5355; 58
5356; 0
5357; 0
5358; 2
5359; 2
5360; 4
5361; 4
5362; 6
5363; 6
5364; 9
5365; 11
5366; 13
5367; 13
5368; 15
5369; 15
5370; 17
5371; 17
5372; 19
5373; 19
5374; 21
5375; 21
5376; 23
5377; 23
5378; 25
5379; 25
5380; 27
5381; 27
5382; 29
5383; 29
5384; 31
5385; 18
5386; 20
5387; 20
5388; 22
5389; 22
5390; 24
5391; 24
5392; 26
5393; 26
5394; 28
5395; 28
5396; 30
5397; 30
5398; 32
5399; 32
5400; 34
5401; 34
5402; 36
5403; 36
5404; 38
5405; 41
5406; 43
5407; 43
5408; 45
5409; 45
5410; 47
5411; 47
5412; 49
5413; 49
5414; 51
5415; 51
5416; 53
5417; 53
5418; 55
5419; 55
5420; 57
5421; 57
5422; 59
5423; 59
5424; 1
