#line-id;line-code;direction;stop-order;stop-id;frequency;arrival_time;departure_time
33; 33H; >; 1; 22; 2; 30; 30
33; 33H; >; 2; 23; 2; 36; 36
33; 33H; >; 3; 18; 2; 42; 42
33; 33H; >; 4; 13; 2; 48; 48
33; 33H; >; 5; 8; 2; 54; 54
33; 33H; >; 6; 7; 2; 0; 0
33; 33R; <; 1; 7; 2; 0; 0
33; 33R; <; 2; 8; 2; 6; 6
33; 33R; <; 3; 13; 2; 12; 12
33; 33R; <; 4; 18; 2; 18; 18
33; 33R; <; 5; 23; 2; 24; 24
33; 33R; <; 6; 22; 2; 30; 30
35; 35H; >; 1; 22; 2; 3; 3
35; 35H; >; 2; 21; 2; 9; 9
35; 35H; >; 3; 16; 2; 15; 15
35; 35H; >; 4; 11; 2; 21; 21
35; 35H; >; 5; 6; 2; 27; 27
35; 35H; >; 6; 7; 2; 33; 33
35; 35R; <; 1; 7; 2; 57; 57
35; 35R; <; 2; 6; 2; 3; 3
35; 35R; <; 3; 11; 2; 9; 9
35; 35R; <; 4; 16; 2; 15; 15
35; 35R; <; 5; 21; 2; 21; 21
35; 35R; <; 6; 22; 2; 27; 27
38; 38H; >; 1; 25; 2; 57; 57
38; 38H; >; 2; 20; 2; 3; 3
38; 38H; >; 3; 19; 2; 9; 9
38; 38H; >; 4; 18; 2; 15; 15
38; 38H; >; 5; 13; 2; 21; 21
38; 38H; >; 6; 8; 2; 27; 27
38; 38R; <; 1; 8; 2; 57; 57
38; 38R; <; 2; 13; 2; 3; 3
38; 38R; <; 3; 18; 2; 9; 9
38; 38R; <; 4; 19; 2; 15; 15
38; 38R; <; 5; 20; 2; 21; 21
38; 38R; <; 6; 25; 2; 27; 27
49; 49H; >; 1; 19; 2; 51; 51
49; 49H; >; 2; 18; 2; 57; 57
49; 49H; >; 3; 17; 2; 3; 3
49; 49H; >; 4; 12; 2; 9; 9
49; 49H; >; 5; 7; 2; 15; 15
49; 49H; >; 6; 2; 2; 21; 21
49; 49R; <; 1; 2; 2; 12; 12
49; 49R; <; 2; 7; 2; 18; 18
49; 49R; <; 3; 12; 2; 24; 24
49; 49R; <; 4; 17; 2; 30; 30
49; 49R; <; 5; 18; 2; 36; 36
49; 49R; <; 6; 19; 2; 42; 42
81; 81H; >; 1; 14; 2; 30; 30
81; 81H; >; 2; 13; 2; 36; 36
81; 81H; >; 3; 8; 2; 42; 42
81; 81H; >; 4; 3; 2; 48; 48
81; 81H; >; 5; 4; 2; 54; 54
81; 81H; >; 6; 5; 2; 0; 0
81; 81R; <; 1; 5; 2; 57; 57
81; 81R; <; 2; 4; 2; 3; 3
81; 81R; <; 3; 3; 2; 9; 9
81; 81R; <; 4; 8; 2; 15; 15
81; 81R; <; 5; 13; 2; 21; 21
81; 81R; <; 6; 14; 2; 27; 27
103; 103H; >; 1; 9; 2; 57; 57
103; 103H; >; 2; 8; 2; 3; 3
103; 103H; >; 3; 7; 2; 9; 9
103; 103H; >; 4; 2; 2; 15; 15
103; 103H; >; 5; 3; 2; 21; 21
103; 103H; >; 6; 4; 2; 27; 27
103; 103R; <; 1; 4; 2; 0; 0
103; 103R; <; 2; 3; 2; 6; 6
103; 103R; <; 3; 2; 2; 12; 12
103; 103R; <; 4; 7; 2; 18; 18
103; 103R; <; 5; 8; 2; 24; 24
103; 103R; <; 6; 9; 2; 30; 30
126; 126H; >; 1; 1; 2; 3; 3
126; 126H; >; 2; 2; 2; 9; 9
126; 126H; >; 3; 3; 2; 15; 15
126; 126H; >; 4; 8; 2; 21; 21
126; 126H; >; 5; 13; 2; 27; 27
126; 126H; >; 6; 18; 2; 33; 33
126; 126H; >; 7; 23; 2; 39; 39
126; 126H; >; 8; 24; 2; 45; 45
126; 126H; >; 9; 25; 2; 51; 51
126; 126R; <; 1; 25; 2; 36; 36
126; 126R; <; 2; 24; 2; 42; 42
126; 126R; <; 3; 23; 2; 48; 48
126; 126R; <; 4; 18; 2; 54; 54
126; 126R; <; 5; 13; 2; 0; 0
126; 126R; <; 6; 8; 2; 6; 6
126; 126R; <; 7; 3; 2; 12; 12
126; 126R; <; 8; 2; 2; 18; 18
126; 126R; <; 9; 1; 2; 24; 24
129; 129H; >; 1; 11; 2; 48; 48
129; 129H; >; 2; 12; 2; 54; 54
129; 129H; >; 3; 13; 2; 0; 0
129; 129H; >; 4; 14; 2; 6; 6
129; 129H; >; 5; 15; 2; 12; 12
129; 129R; <; 1; 15; 2; 42; 42
129; 129R; <; 2; 14; 2; 48; 48
129; 129R; <; 3; 13; 2; 54; 54
129; 129R; <; 4; 12; 2; 0; 0
129; 129R; <; 5; 11; 2; 6; 6
130; 130H; >; 1; 10; 2; 6; 6
130; 130H; >; 2; 9; 2; 12; 12
130; 130H; >; 3; 8; 2; 18; 18
130; 130H; >; 4; 13; 2; 24; 24
130; 130H; >; 5; 18; 2; 30; 30
130; 130H; >; 6; 17; 2; 36; 36
130; 130H; >; 7; 16; 2; 42; 42
130; 130R; <; 1; 16; 2; 18; 18
130; 130R; <; 2; 17; 2; 24; 24
130; 130R; <; 3; 18; 2; 30; 30
130; 130R; <; 4; 13; 2; 36; 36
130; 130R; <; 5; 8; 2; 42; 42
130; 130R; <; 6; 9; 2; 48; 48
130; 130R; <; 7; 10; 2; 54; 54
132; 132H; >; 1; 1; 2; 3; 3
132; 132H; >; 2; 2; 2; 9; 9
132; 132H; >; 3; 3; 2; 15; 15
132; 132H; >; 4; 8; 2; 21; 21
132; 132H; >; 5; 13; 2; 27; 27
132; 132H; >; 6; 18; 2; 33; 33
132; 132H; >; 7; 23; 2; 39; 39
132; 132H; >; 8; 24; 2; 45; 45
132; 132H; >; 9; 25; 2; 51; 51
132; 132R; <; 1; 25; 2; 3; 3
132; 132R; <; 2; 24; 2; 9; 9
132; 132R; <; 3; 23; 2; 15; 15
132; 132R; <; 4; 18; 2; 21; 21
132; 132R; <; 5; 13; 2; 27; 27
132; 132R; <; 6; 8; 2; 33; 33
132; 132R; <; 7; 3; 2; 39; 39
132; 132R; <; 8; 2; 2; 45; 45
132; 132R; <; 9; 1; 2; 51; 51
