#event-id; time
1; 30
2; 36
3; 36
4; 42
5; 42
6; 48
7; 48
8; 54
9; 54
10; 0
11; 0
12; 6
13; 6
14; 12
15; 12
16; 18
17; 18
18; 24
19; 24
20; 30
21; 0
22; 6
23; 6
24; 12
25; 12
26; 18
27; 18
28; 24
29; 24
30; 30
31; 30
32; 36
33; 36
34; 42
35; 42
36; 48
37; 48
38; 54
39; 54
40; 0
41; 3
42; 9
43; 9
44; 15
45; 15
46; 21
47; 21
48; 27
49; 27
50; 33
51; 33
52; 39
53; 39
54; 45
55; 45
56; 51
57; 51
58; 57
59; 57
60; 3
61; 57
62; 3
63; 3
64; 9
65; 9
66; 15
67; 15
68; 21
69; 21
70; 27
71; 27
72; 33
73; 33
74; 39
75; 39
76; 45
77; 45
78; 51
79; 51
80; 57
81; 57
82; 3
83; 3
84; 9
85; 9
86; 15
87; 15
88; 21
89; 21
90; 27
91; 27
92; 33
93; 33
94; 39
95; 39
96; 45
97; 45
98; 51
99; 51
100; 57
101; 57
102; 3
103; 3
104; 9
105; 9
106; 15
107; 15
108; 21
109; 21
110; 27
111; 27
112; 33
113; 33
114; 39
115; 39
116; 45
117; 45
118; 51
119; 51
120; 57
121; 51
122; 57
123; 57
124; 3
125; 3
126; 9
127; 9
128; 15
129; 15
130; 21
131; 21
132; 27
133; 27
134; 33
135; 33
136; 39
137; 39
138; 45
139; 45
140; 51
141; 12
142; 18
143; 18
144; 24
145; 24
146; 30
147; 30
148; 36
149; 36
150; 42
151; 42
152; 48
153; 48
154; 54
155; 54
156; 0
157; 0
158; 6
159; 6
160; 12
161; 30
162; 36
163; 36
164; 42
165; 42
166; 48
167; 48
168; 54
169; 54
170; 0
171; 0
172; 6
173; 6
174; 12
175; 12
176; 18
177; 18
178; 24
179; 24
180; 30
181; 57
182; 3
183; 3
184; 9
185; 9
186; 15
187; 15
188; 21
189; 21
190; 27
191; 27
192; 33
193; 33
194; 39
195; 39
196; 45
197; 45
198; 51
199; 51
200; 57
201; 57
202; 3
203; 3
204; 9
205; 9
206; 15
207; 15
208; 21
209; 21
210; 27
211; 27
212; 33
213; 33
214; 39
215; 39
216; 45
217; 45
218; 51
219; 51
220; 57
221; 0
222; 6
223; 6
224; 12
225; 12
226; 18
227; 18
228; 24
229; 24
230; 30
231; 30
232; 36
233; 36
234; 42
235; 42
236; 48
237; 48
238; 54
239; 54
240; 0
241; 3
242; 9
243; 9
244; 15
245; 15
246; 21
247; 21
248; 27
249; 27
250; 33
251; 33
252; 39
253; 39
254; 45
255; 45
256; 51
257; 33
258; 39
259; 39
260; 45
261; 45
262; 51
263; 51
264; 57
265; 57
266; 3
267; 3
268; 9
269; 9
270; 15
271; 15
272; 21
273; 36
274; 42
275; 42
276; 48
277; 48
278; 54
279; 54
280; 0
281; 0
282; 6
283; 6
284; 12
285; 12
286; 18
287; 18
288; 24
289; 6
290; 12
291; 12
292; 18
293; 18
294; 24
295; 24
296; 30
297; 30
298; 36
299; 36
300; 42
301; 42
302; 48
303; 48
304; 54
305; 48
306; 54
307; 54
308; 0
309; 0
310; 6
311; 6
312; 12
313; 18
314; 24
315; 24
316; 30
317; 30
318; 36
319; 36
320; 42
321; 42
322; 48
323; 48
324; 54
325; 54
326; 0
327; 0
328; 6
329; 12
330; 18
331; 18
332; 24
333; 24
334; 30
335; 30
336; 36
337; 6
338; 12
339; 12
340; 18
341; 18
342; 24
343; 24
344; 30
345; 30
346; 36
347; 36
348; 42
349; 36
350; 42
351; 42
352; 48
353; 48
354; 54
355; 54
356; 0
357; 0
358; 6
359; 6
360; 12
361; 18
362; 24
363; 24
364; 30
365; 30
366; 36
367; 36
368; 42
369; 42
370; 48
371; 48
372; 54
373; 48
374; 54
375; 54
376; 0
377; 0
378; 6
379; 6
380; 12
381; 12
382; 18
383; 18
384; 24
385; 3
386; 9
387; 9
388; 15
389; 15
390; 21
391; 21
392; 27
393; 27
394; 33
395; 33
396; 39
397; 39
398; 45
399; 45
400; 51
401; 33
402; 39
403; 39
404; 45
405; 45
406; 51
407; 51
408; 57
409; 57
410; 3
411; 3
412; 9
413; 9
414; 15
415; 15
416; 21
417; 3
418; 9
419; 9
420; 15
421; 15
422; 21
423; 21
424; 27
425; 27
426; 33
427; 33
428; 39
429; 39
430; 45
431; 45
432; 51
433; 33
434; 39
435; 39
436; 45
437; 45
438; 51
439; 51
440; 57
441; 57
442; 3
443; 3
444; 9
445; 9
446; 15
447; 15
448; 21
