# line-id; line-code; direction; stop-order; stop-id; frequency; arrival_time; departure_time; line-repetition
115; 115H; >; 1; 54; 2; 0; 0; 1
115; 115H; >; 2; 53; 2; 3; 6; 1
115; 115H; >; 3; 52; 2; 8; 8; 1
115; 115H; >; 4; 1; 2; 10; 10; 1
115; 115H; >; 5; 122; 2; 12; 12; 1
115; 115H; >; 6; 123; 2; 14; 14; 1
115; 115H; >; 7; 124; 2; 16; 16; 1
115; 115H; >; 8; 125; 2; 18; 18; 1
115; 115H; >; 9; 126; 2; 20; 20; 1
115; 115H; >; 10; 127; 2; 22; 22; 1
115; 115H; >; 11; 128; 2; 24; 24; 1
115; 115H; >; 12; 129; 2; 26; 26; 1
115; 115H; >; 13; 130; 2; 28; 28; 1
115; 115H; >; 14; 131; 2; 30; 30; 1
115; 115H; >; 1; 54; 2; 30; 30; 2
115; 115H; >; 2; 53; 2; 33; 36; 2
115; 115H; >; 3; 52; 2; 38; 38; 2
115; 115H; >; 4; 1; 2; 40; 40; 2
115; 115H; >; 5; 122; 2; 42; 42; 2
115; 115H; >; 6; 123; 2; 44; 44; 2
115; 115H; >; 7; 124; 2; 46; 46; 2
115; 115H; >; 8; 125; 2; 48; 48; 2
115; 115H; >; 9; 126; 2; 50; 50; 2
115; 115H; >; 10; 127; 2; 52; 52; 2
115; 115H; >; 11; 128; 2; 54; 54; 2
115; 115H; >; 12; 129; 2; 56; 56; 2
115; 115H; >; 13; 130; 2; 58; 58; 2
115; 115H; >; 14; 131; 2; 60; 60; 2
115; 115R; <; 1; 131; 2; 54; 54; 1
115; 115R; <; 2; 130; 2; 56; 56; 1
115; 115R; <; 3; 129; 2; 58; 58; 1
115; 115R; <; 4; 128; 2; 0; 0; 1
115; 115R; <; 5; 127; 2; 2; 2; 1
115; 115R; <; 6; 126; 2; 4; 4; 1
115; 115R; <; 7; 125; 2; 6; 6; 1
115; 115R; <; 8; 124; 2; 8; 8; 1
115; 115R; <; 9; 123; 2; 10; 10; 1
115; 115R; <; 10; 122; 2; 12; 12; 1
115; 115R; <; 11; 1; 2; 14; 14; 1
115; 115R; <; 12; 52; 2; 16; 16; 1
115; 115R; <; 13; 53; 2; 18; 18; 1
115; 115R; <; 14; 54; 2; 20; 20; 1
115; 115R; <; 1; 131; 2; 24; 24; 2
115; 115R; <; 2; 130; 2; 26; 26; 2
115; 115R; <; 3; 129; 2; 28; 28; 2
115; 115R; <; 4; 128; 2; 30; 30; 2
115; 115R; <; 5; 127; 2; 32; 32; 2
115; 115R; <; 6; 126; 2; 34; 34; 2
115; 115R; <; 7; 125; 2; 36; 36; 2
115; 115R; <; 8; 124; 2; 38; 38; 2
115; 115R; <; 9; 123; 2; 40; 40; 2
115; 115R; <; 10; 122; 2; 42; 42; 2
115; 115R; <; 11; 1; 2; 44; 44; 2
115; 115R; <; 12; 52; 2; 46; 46; 2
115; 115R; <; 13; 53; 2; 48; 48; 2
115; 115R; <; 14; 54; 2; 50; 50; 2
215; 215H; >; 1; 71; 2; 44; 44; 1
215; 215H; >; 2; 61; 2; 49; 49; 1
215; 215H; >; 3; 51; 2; 54; 54; 1
215; 215H; >; 4; 41; 2; 59; 59; 1
215; 215H; >; 5; 31; 2; 4; 4; 1
215; 215H; >; 6; 21; 2; 9; 9; 1
215; 215H; >; 7; 11; 2; 14; 14; 1
215; 215H; >; 8; 161; 2; 19; 19; 1
215; 215H; >; 9; 160; 2; 21; 21; 1
215; 215H; >; 10; 159; 2; 23; 23; 1
215; 215H; >; 11; 158; 2; 25; 25; 1
215; 215H; >; 12; 157; 2; 27; 27; 1
215; 215H; >; 13; 156; 2; 29; 29; 1
215; 215H; >; 1; 71; 2; 14; 14; 2
215; 215H; >; 2; 61; 2; 19; 19; 2
215; 215H; >; 3; 51; 2; 24; 24; 2
215; 215H; >; 4; 41; 2; 29; 29; 2
215; 215H; >; 5; 31; 2; 34; 34; 2
215; 215H; >; 6; 21; 2; 39; 39; 2
215; 215H; >; 7; 11; 2; 44; 44; 2
215; 215H; >; 8; 161; 2; 49; 49; 2
215; 215H; >; 9; 160; 2; 51; 51; 2
215; 215H; >; 10; 159; 2; 53; 53; 2
215; 215H; >; 11; 158; 2; 55; 55; 2
215; 215H; >; 12; 157; 2; 57; 57; 2
215; 215H; >; 13; 156; 2; 59; 59; 2
215; 215R; <; 1; 156; 2; 3; 3; 1
215; 215R; <; 2; 157; 2; 5; 5; 1
215; 215R; <; 3; 158; 2; 7; 7; 1
215; 215R; <; 4; 159; 2; 9; 9; 1
215; 215R; <; 5; 160; 2; 11; 11; 1
215; 215R; <; 6; 161; 2; 13; 16; 1
215; 215R; <; 7; 11; 2; 21; 23; 1
215; 215R; <; 8; 21; 2; 28; 28; 1
215; 215R; <; 9; 31; 2; 33; 33; 1
215; 215R; <; 10; 41; 2; 38; 41; 1
215; 215R; <; 11; 51; 2; 46; 49; 1
215; 215R; <; 12; 61; 2; 54; 57; 1
215; 215R; <; 13; 71; 2; 4; 4; 1
215; 215R; <; 1; 156; 2; 33; 33; 2
215; 215R; <; 2; 157; 2; 35; 35; 2
215; 215R; <; 3; 158; 2; 37; 37; 2
215; 215R; <; 4; 159; 2; 39; 39; 2
215; 215R; <; 5; 160; 2; 41; 41; 2
215; 215R; <; 6; 161; 2; 43; 46; 2
215; 215R; <; 7; 11; 2; 51; 53; 2
215; 215R; <; 8; 21; 2; 58; 58; 2
215; 215R; <; 9; 31; 2; 3; 3; 2
215; 215R; <; 10; 41; 2; 10; 11; 2
215; 215R; <; 11; 51; 2; 18; 19; 2
215; 215R; <; 12; 61; 2; 24; 27; 2
215; 215R; <; 13; 71; 2; 34; 34; 2
338; 338H; >; 1; 51; 2; 31; 31; 1
338; 338H; >; 2; 50; 2; 34; 37; 1
338; 338H; >; 3; 49; 2; 40; 43; 1
338; 338H; >; 4; 48; 2; 46; 48; 1
338; 338H; >; 5; 47; 2; 50; 50; 1
338; 338H; >; 6; 46; 2; 52; 52; 1
338; 338H; >; 7; 45; 2; 54; 54; 1
338; 338H; >; 8; 44; 2; 56; 56; 1
338; 338H; >; 9; 43; 2; 58; 58; 1
338; 338H; >; 10; 53; 2; 0; 0; 1
338; 338H; >; 11; 63; 2; 2; 2; 1
338; 338H; >; 12; 73; 2; 4; 4; 1
338; 338H; >; 13; 83; 2; 6; 6; 1
338; 338H; >; 1; 51; 2; 1; 1; 2
338; 338H; >; 2; 50; 2; 4; 7; 2
338; 338H; >; 3; 49; 2; 10; 13; 2
338; 338H; >; 4; 48; 2; 16; 18; 2
338; 338H; >; 5; 47; 2; 20; 20; 2
338; 338H; >; 6; 46; 2; 22; 22; 2
338; 338H; >; 7; 45; 2; 24; 24; 2
338; 338H; >; 8; 44; 2; 26; 26; 2
338; 338H; >; 9; 43; 2; 28; 28; 2
338; 338H; >; 10; 53; 2; 30; 30; 2
338; 338H; >; 11; 63; 2; 32; 32; 2
338; 338H; >; 12; 73; 2; 34; 34; 2
338; 338H; >; 13; 83; 2; 36; 36; 2
338; 338R; <; 1; 83; 2; 6; 6; 1
338; 338R; <; 2; 73; 2; 8; 8; 1
338; 338R; <; 3; 63; 2; 10; 10; 1
338; 338R; <; 4; 53; 2; 12; 14; 1
338; 338R; <; 5; 43; 2; 16; 16; 1
338; 338R; <; 6; 44; 2; 18; 18; 1
338; 338R; <; 7; 45; 2; 20; 20; 1
338; 338R; <; 8; 46; 2; 22; 25; 1
338; 338R; <; 9; 47; 2; 27; 30; 1
338; 338R; <; 10; 48; 2; 33; 36; 1
338; 338R; <; 11; 49; 2; 39; 42; 1
338; 338R; <; 12; 50; 2; 45; 48; 1
338; 338R; <; 13; 51; 2; 51; 51; 1
338; 338R; <; 1; 83; 2; 36; 36; 2
338; 338R; <; 2; 73; 2; 38; 38; 2
338; 338R; <; 3; 63; 2; 40; 40; 2
338; 338R; <; 4; 53; 2; 42; 44; 2
338; 338R; <; 5; 43; 2; 46; 46; 2
338; 338R; <; 6; 44; 2; 48; 48; 2
338; 338R; <; 7; 45; 2; 50; 50; 2
338; 338R; <; 8; 46; 2; 52; 55; 2
338; 338R; <; 9; 47; 2; 57; 60; 2
338; 338R; <; 10; 48; 2; 3; 6; 2
338; 338R; <; 11; 49; 2; 9; 12; 2
338; 338R; <; 12; 50; 2; 15; 18; 2
338; 338R; <; 13; 51; 2; 21; 21; 2
349; 349H; >; 1; 43; 2; 1; 1; 1
349; 349H; >; 2; 42; 2; 3; 3; 1
349; 349H; >; 3; 1; 2; 5; 8; 1
349; 349H; >; 4; 92; 2; 10; 10; 1
349; 349H; >; 5; 93; 2; 12; 12; 1
349; 349H; >; 6; 94; 2; 14; 14; 1
349; 349H; >; 7; 95; 2; 16; 16; 1
349; 349H; >; 8; 96; 2; 18; 18; 1
349; 349H; >; 9; 97; 2; 20; 23; 1
349; 349H; >; 10; 98; 2; 25; 28; 1
349; 349H; >; 11; 99; 2; 31; 34; 1
349; 349H; >; 12; 100; 2; 37; 40; 1
349; 349H; >; 13; 101; 2; 43; 43; 1
349; 349H; >; 1; 43; 2; 31; 31; 2
349; 349H; >; 2; 42; 2; 33; 33; 2
349; 349H; >; 3; 1; 2; 35; 38; 2
349; 349H; >; 4; 92; 2; 40; 40; 2
349; 349H; >; 5; 93; 2; 42; 42; 2
349; 349H; >; 6; 94; 2; 44; 44; 2
349; 349H; >; 7; 95; 2; 46; 46; 2
349; 349H; >; 8; 96; 2; 48; 48; 2
349; 349H; >; 9; 97; 2; 50; 53; 2
349; 349H; >; 10; 98; 2; 55; 58; 2
349; 349H; >; 11; 99; 2; 1; 4; 2
349; 349H; >; 12; 100; 2; 7; 10; 2
349; 349H; >; 13; 101; 2; 13; 13; 2
349; 349R; <; 1; 101; 2; 23; 23; 1
349; 349R; <; 2; 100; 2; 26; 29; 1
349; 349R; <; 3; 99; 2; 31; 31; 1
349; 349R; <; 4; 98; 2; 33; 33; 1
349; 349R; <; 5; 97; 2; 35; 35; 1
349; 349R; <; 6; 96; 2; 37; 37; 1
349; 349R; <; 7; 95; 2; 39; 39; 1
349; 349R; <; 8; 94; 2; 41; 41; 1
349; 349R; <; 9; 93; 2; 43; 43; 1
349; 349R; <; 10; 92; 2; 45; 45; 1
349; 349R; <; 11; 1; 2; 47; 47; 1
349; 349R; <; 12; 42; 2; 49; 49; 1
349; 349R; <; 13; 43; 2; 51; 51; 1
349; 349R; <; 1; 101; 2; 53; 53; 2
349; 349R; <; 2; 100; 2; 56; 59; 2
349; 349R; <; 3; 99; 2; 1; 1; 2
349; 349R; <; 4; 98; 2; 3; 3; 2
349; 349R; <; 5; 97; 2; 5; 5; 2
349; 349R; <; 6; 96; 2; 7; 7; 2
349; 349R; <; 7; 95; 2; 9; 9; 2
349; 349R; <; 8; 94; 2; 11; 11; 2
349; 349R; <; 9; 93; 2; 13; 13; 2
349; 349R; <; 10; 92; 2; 15; 15; 2
349; 349R; <; 11; 1; 2; 17; 17; 2
349; 349R; <; 12; 42; 2; 19; 19; 2
349; 349R; <; 13; 43; 2; 21; 21; 2
374; 374H; >; 1; 21; 2; 16; 16; 1
374; 374H; >; 2; 20; 2; 19; 22; 1
374; 374H; >; 3; 19; 2; 25; 25; 1
374; 374H; >; 4; 18; 2; 27; 27; 1
374; 374H; >; 5; 17; 2; 29; 29; 1
374; 374H; >; 6; 16; 2; 31; 31; 1
374; 374H; >; 7; 15; 2; 33; 33; 1
374; 374H; >; 8; 14; 2; 35; 35; 1
374; 374H; >; 9; 13; 2; 37; 37; 1
374; 374H; >; 10; 23; 2; 39; 39; 1
374; 374H; >; 11; 33; 2; 41; 41; 1
374; 374H; >; 12; 43; 2; 43; 43; 1
374; 374H; >; 13; 53; 2; 45; 45; 1
374; 374H; >; 1; 21; 2; 46; 46; 2
374; 374H; >; 2; 20; 2; 49; 52; 2
374; 374H; >; 3; 19; 2; 55; 55; 2
374; 374H; >; 4; 18; 2; 57; 57; 2
374; 374H; >; 5; 17; 2; 59; 59; 2
374; 374H; >; 6; 16; 2; 1; 1; 2
374; 374H; >; 7; 15; 2; 3; 3; 2
374; 374H; >; 8; 14; 2; 5; 5; 2
374; 374H; >; 9; 13; 2; 7; 7; 2
374; 374H; >; 10; 23; 2; 9; 9; 2
374; 374H; >; 11; 33; 2; 11; 11; 2
374; 374H; >; 12; 43; 2; 13; 13; 2
374; 374H; >; 13; 53; 2; 15; 15; 2
374; 374R; <; 1; 53; 2; 12; 12; 1
374; 374R; <; 2; 43; 2; 14; 14; 1
374; 374R; <; 3; 33; 2; 16; 16; 1
374; 374R; <; 4; 23; 2; 18; 18; 1
374; 374R; <; 5; 13; 2; 20; 20; 1
374; 374R; <; 6; 14; 2; 22; 22; 1
374; 374R; <; 7; 15; 2; 24; 24; 1
374; 374R; <; 8; 16; 2; 26; 26; 1
374; 374R; <; 9; 17; 2; 28; 28; 1
374; 374R; <; 10; 18; 2; 30; 30; 1
374; 374R; <; 11; 19; 2; 32; 32; 1
374; 374R; <; 12; 20; 2; 34; 34; 1
374; 374R; <; 13; 21; 2; 36; 36; 1
374; 374R; <; 1; 53; 2; 42; 42; 2
374; 374R; <; 2; 43; 2; 44; 44; 2
374; 374R; <; 3; 33; 2; 46; 46; 2
374; 374R; <; 4; 23; 2; 48; 48; 2
374; 374R; <; 5; 13; 2; 50; 50; 2
374; 374R; <; 6; 14; 2; 52; 52; 2
374; 374R; <; 7; 15; 2; 54; 54; 2
374; 374R; <; 8; 16; 2; 56; 56; 2
374; 374R; <; 9; 17; 2; 58; 58; 2
374; 374R; <; 10; 18; 2; 0; 0; 2
374; 374R; <; 11; 19; 2; 2; 2; 2
374; 374R; <; 12; 20; 2; 4; 4; 2
374; 374R; <; 13; 21; 2; 6; 6; 2
382; 382H; >; 1; 13; 2; 40; 40; 1
382; 382H; >; 2; 12; 2; 42; 42; 1
382; 382H; >; 3; 1; 2; 44; 47; 1
382; 382H; >; 4; 72; 2; 49; 49; 1
382; 382H; >; 5; 73; 2; 51; 51; 1
382; 382H; >; 6; 74; 2; 53; 53; 1
382; 382H; >; 7; 75; 2; 55; 55; 1
382; 382H; >; 8; 76; 2; 57; 57; 1
382; 382H; >; 9; 77; 2; 59; 59; 1
382; 382H; >; 10; 78; 2; 1; 1; 1
382; 382H; >; 11; 79; 2; 3; 3; 1
382; 382H; >; 12; 80; 2; 5; 5; 1
382; 382H; >; 13; 81; 2; 7; 7; 1
382; 382H; >; 1; 13; 2; 10; 10; 2
382; 382H; >; 2; 12; 2; 12; 12; 2
382; 382H; >; 3; 1; 2; 14; 17; 2
382; 382H; >; 4; 72; 2; 19; 19; 2
382; 382H; >; 5; 73; 2; 21; 21; 2
382; 382H; >; 6; 74; 2; 23; 23; 2
382; 382H; >; 7; 75; 2; 25; 25; 2
382; 382H; >; 8; 76; 2; 27; 27; 2
382; 382H; >; 9; 77; 2; 29; 29; 2
382; 382H; >; 10; 78; 2; 31; 31; 2
382; 382H; >; 11; 79; 2; 33; 33; 2
382; 382H; >; 12; 80; 2; 35; 35; 2
382; 382H; >; 13; 81; 2; 37; 37; 2
382; 382R; <; 1; 81; 2; 47; 47; 1
382; 382R; <; 2; 80; 2; 50; 53; 1
382; 382R; <; 3; 79; 2; 55; 55; 1
382; 382R; <; 4; 78; 2; 57; 57; 1
382; 382R; <; 5; 77; 2; 59; 59; 1
382; 382R; <; 6; 76; 2; 1; 1; 1
382; 382R; <; 7; 75; 2; 3; 3; 1
382; 382R; <; 8; 74; 2; 5; 5; 1
382; 382R; <; 9; 73; 2; 7; 7; 1
382; 382R; <; 10; 72; 2; 9; 9; 1
382; 382R; <; 11; 1; 2; 11; 13; 1
382; 382R; <; 12; 12; 2; 15; 15; 1
382; 382R; <; 13; 13; 2; 17; 17; 1
382; 382R; <; 1; 81; 2; 17; 17; 2
382; 382R; <; 2; 80; 2; 20; 23; 2
382; 382R; <; 3; 79; 2; 25; 25; 2
382; 382R; <; 4; 78; 2; 27; 27; 2
382; 382R; <; 5; 77; 2; 29; 29; 2
382; 382R; <; 6; 76; 2; 31; 31; 2
382; 382R; <; 7; 75; 2; 33; 33; 2
382; 382R; <; 8; 74; 2; 35; 35; 2
382; 382R; <; 9; 73; 2; 37; 37; 2
382; 382R; <; 10; 72; 2; 39; 39; 2
382; 382R; <; 11; 1; 2; 41; 43; 2
382; 382R; <; 12; 12; 2; 45; 45; 2
382; 382R; <; 13; 13; 2; 47; 47; 2
761; 761H; >; 1; 156; 2; 46; 46; 1
761; 761H; >; 2; 6; 2; 50; 51; 1
761; 761H; >; 3; 16; 2; 54; 54; 1
761; 761H; >; 4; 26; 2; 57; 57; 1
761; 761H; >; 5; 36; 2; 0; 0; 1
761; 761H; >; 6; 46; 2; 3; 3; 1
761; 761H; >; 7; 56; 2; 6; 6; 1
761; 761H; >; 8; 66; 2; 9; 9; 1
761; 761H; >; 9; 76; 2; 12; 12; 1
761; 761H; >; 10; 77; 2; 14; 14; 1
761; 761H; >; 11; 78; 2; 16; 16; 1
761; 761H; >; 1; 156; 2; 16; 16; 2
761; 761H; >; 2; 6; 2; 19; 21; 2
761; 761H; >; 3; 16; 2; 24; 24; 2
761; 761H; >; 4; 26; 2; 27; 27; 2
761; 761H; >; 5; 36; 2; 30; 30; 2
761; 761H; >; 6; 46; 2; 33; 33; 2
761; 761H; >; 7; 56; 2; 36; 36; 2
761; 761H; >; 8; 66; 2; 39; 39; 2
761; 761H; >; 9; 76; 2; 42; 42; 2
761; 761H; >; 10; 77; 2; 44; 44; 2
761; 761H; >; 11; 78; 2; 46; 46; 2
761; 761R; <; 1; 78; 2; 38; 38; 1
761; 761R; <; 2; 77; 2; 40; 40; 1
761; 761R; <; 3; 76; 2; 42; 42; 1
761; 761R; <; 4; 66; 2; 45; 45; 1
761; 761R; <; 5; 56; 2; 48; 48; 1
761; 761R; <; 6; 46; 2; 51; 51; 1
761; 761R; <; 7; 36; 2; 54; 54; 1
761; 761R; <; 8; 26; 2; 57; 57; 1
761; 761R; <; 9; 16; 2; 0; 0; 1
761; 761R; <; 10; 6; 2; 3; 3; 1
761; 761R; <; 11; 156; 2; 6; 6; 1
761; 761R; <; 1; 78; 2; 8; 8; 2
761; 761R; <; 2; 77; 2; 10; 10; 2
761; 761R; <; 3; 76; 2; 12; 12; 2
761; 761R; <; 4; 66; 2; 15; 15; 2
761; 761R; <; 5; 56; 2; 18; 18; 2
761; 761R; <; 6; 46; 2; 21; 21; 2
761; 761R; <; 7; 36; 2; 24; 24; 2
761; 761R; <; 8; 26; 2; 27; 27; 2
761; 761R; <; 9; 16; 2; 30; 30; 2
761; 761R; <; 10; 6; 2; 33; 33; 2
761; 761R; <; 11; 156; 2; 36; 36; 2
1726; 1726H; >; 1; 156; 2; 39; 39; 1
1726; 1726H; >; 2; 146; 2; 42; 45; 1
1726; 1726H; >; 3; 136; 2; 48; 51; 1
1726; 1726H; >; 4; 137; 2; 54; 57; 1
1726; 1726H; >; 5; 138; 2; 0; 3; 1
1726; 1726H; >; 6; 139; 2; 6; 9; 1
1726; 1726H; >; 7; 140; 2; 12; 15; 1
1726; 1726H; >; 8; 141; 2; 18; 21; 1
1726; 1726H; >; 9; 131; 2; 28; 28; 1
1726; 1726H; >; 1; 156; 2; 9; 9; 2
1726; 1726H; >; 2; 146; 2; 12; 15; 2
1726; 1726H; >; 3; 136; 2; 18; 21; 2
1726; 1726H; >; 4; 137; 2; 24; 27; 2
1726; 1726H; >; 5; 138; 2; 30; 33; 2
1726; 1726H; >; 6; 139; 2; 36; 39; 2
1726; 1726H; >; 7; 140; 2; 42; 45; 2
1726; 1726H; >; 8; 141; 2; 48; 51; 2
1726; 1726H; >; 9; 131; 2; 58; 58; 2
1726; 1726R; <; 1; 131; 2; 39; 39; 1
1726; 1726R; <; 2; 141; 2; 44; 44; 1
1726; 1726R; <; 3; 140; 2; 46; 46; 1
1726; 1726R; <; 4; 139; 2; 48; 48; 1
1726; 1726R; <; 5; 138; 2; 50; 50; 1
1726; 1726R; <; 6; 137; 2; 52; 52; 1
1726; 1726R; <; 7; 136; 2; 54; 54; 1
1726; 1726R; <; 8; 146; 2; 57; 57; 1
1726; 1726R; <; 9; 156; 2; 1; 1; 1
1726; 1726R; <; 1; 131; 2; 9; 9; 2
1726; 1726R; <; 2; 141; 2; 14; 14; 2
1726; 1726R; <; 3; 140; 2; 16; 16; 2
1726; 1726R; <; 4; 139; 2; 18; 18; 2
1726; 1726R; <; 5; 138; 2; 20; 20; 2
1726; 1726R; <; 6; 137; 2; 22; 22; 2
1726; 1726R; <; 7; 136; 2; 24; 24; 2
1726; 1726R; <; 8; 146; 2; 27; 27; 2
1726; 1726R; <; 9; 156; 2; 30; 30; 2
2240; 2240H; >; 1; 146; 2; 17; 17; 1
2240; 2240H; >; 2; 136; 2; 20; 20; 1
2240; 2240H; >; 3; 126; 2; 23; 23; 1
2240; 2240H; >; 4; 116; 2; 26; 26; 1
2240; 2240H; >; 5; 106; 2; 29; 29; 1
2240; 2240H; >; 6; 96; 2; 32; 32; 1
2240; 2240H; >; 7; 86; 2; 35; 35; 1
2240; 2240H; >; 8; 76; 2; 38; 38; 1
2240; 2240H; >; 1; 146; 2; 47; 47; 2
2240; 2240H; >; 2; 136; 2; 50; 50; 2
2240; 2240H; >; 3; 126; 2; 53; 53; 2
2240; 2240H; >; 4; 116; 2; 56; 56; 2
2240; 2240H; >; 5; 106; 2; 59; 59; 2
2240; 2240H; >; 6; 96; 2; 2; 2; 2
2240; 2240H; >; 7; 86; 2; 5; 5; 2
2240; 2240H; >; 8; 76; 2; 8; 8; 2
2240; 2240R; <; 1; 76; 2; 38; 38; 1
2240; 2240R; <; 2; 86; 2; 41; 41; 1
2240; 2240R; <; 3; 96; 2; 44; 44; 1
2240; 2240R; <; 4; 106; 2; 47; 47; 1
2240; 2240R; <; 5; 116; 2; 50; 50; 1
2240; 2240R; <; 6; 126; 2; 53; 53; 1
2240; 2240R; <; 7; 136; 2; 56; 56; 1
2240; 2240R; <; 8; 146; 2; 59; 59; 1
2240; 2240R; <; 1; 76; 2; 8; 8; 2
2240; 2240R; <; 2; 86; 2; 11; 11; 2
2240; 2240R; <; 3; 96; 2; 14; 14; 2
2240; 2240R; <; 4; 106; 2; 17; 17; 2
2240; 2240R; <; 5; 116; 2; 20; 20; 2
2240; 2240R; <; 6; 126; 2; 23; 23; 2
2240; 2240R; <; 7; 136; 2; 26; 26; 2
2240; 2240R; <; 8; 146; 2; 29; 29; 2
3051; 3051H; >; 1; 92; 2; 10; 10; 1
3051; 3051H; >; 2; 82; 2; 11; 11; 1
3051; 3051H; >; 3; 72; 2; 12; 12; 1
3051; 3051H; >; 4; 62; 2; 13; 13; 1
3051; 3051H; >; 5; 52; 2; 14; 14; 1
3051; 3051H; >; 6; 42; 2; 15; 18; 1
3051; 3051H; >; 7; 32; 2; 20; 23; 1
3051; 3051H; >; 8; 22; 2; 25; 28; 1
3051; 3051H; >; 9; 12; 2; 30; 33; 1
3051; 3051H; >; 10; 2; 2; 35; 38; 1
3051; 3051H; >; 11; 1; 2; 41; 41; 1
3051; 3051H; >; 1; 92; 2; 40; 40; 2
3051; 3051H; >; 2; 82; 2; 41; 41; 2
3051; 3051H; >; 3; 72; 2; 42; 42; 2
3051; 3051H; >; 4; 62; 2; 43; 43; 2
3051; 3051H; >; 5; 52; 2; 44; 44; 2
3051; 3051H; >; 6; 42; 2; 45; 48; 2
3051; 3051H; >; 7; 32; 2; 50; 53; 2
3051; 3051H; >; 8; 22; 2; 55; 58; 2
3051; 3051H; >; 9; 12; 2; 0; 3; 2
3051; 3051H; >; 10; 2; 2; 5; 8; 2
3051; 3051H; >; 11; 1; 2; 11; 11; 2
3051; 3051R; <; 1; 1; 2; 21; 21; 1
3051; 3051R; <; 2; 2; 2; 24; 27; 1
3051; 3051R; <; 3; 12; 2; 29; 32; 1
3051; 3051R; <; 4; 22; 2; 33; 36; 1
3051; 3051R; <; 5; 32; 2; 37; 38; 1
3051; 3051R; <; 6; 42; 2; 39; 39; 1
3051; 3051R; <; 7; 52; 2; 40; 40; 1
3051; 3051R; <; 8; 62; 2; 41; 41; 1
3051; 3051R; <; 9; 72; 2; 42; 42; 1
3051; 3051R; <; 10; 82; 2; 43; 43; 1
3051; 3051R; <; 11; 92; 2; 44; 44; 1
3051; 3051R; <; 1; 1; 2; 51; 51; 2
3051; 3051R; <; 2; 2; 2; 54; 57; 2
3051; 3051R; <; 3; 12; 2; 59; 2; 2
3051; 3051R; <; 4; 22; 2; 3; 6; 2
3051; 3051R; <; 5; 32; 2; 8; 8; 2
3051; 3051R; <; 6; 42; 2; 9; 9; 2
3051; 3051R; <; 7; 52; 2; 10; 10; 2
3051; 3051R; <; 8; 62; 2; 11; 11; 2
3051; 3051R; <; 9; 72; 2; 12; 12; 2
3051; 3051R; <; 10; 82; 2; 13; 13; 2
3051; 3051R; <; 11; 92; 2; 15; 15; 2
3080; 3080H; >; 1; 91; 2; 47; 47; 1
3080; 3080H; >; 2; 90; 2; 49; 49; 1
3080; 3080H; >; 3; 89; 2; 51; 51; 1
3080; 3080H; >; 4; 88; 2; 53; 53; 1
3080; 3080H; >; 5; 87; 2; 55; 55; 1
3080; 3080H; >; 6; 86; 2; 57; 57; 1
3080; 3080H; >; 7; 85; 2; 59; 59; 1
3080; 3080H; >; 8; 84; 2; 1; 1; 1
3080; 3080H; >; 9; 83; 2; 3; 3; 1
3080; 3080H; >; 10; 82; 2; 5; 5; 1
3080; 3080H; >; 11; 1; 2; 7; 7; 1
3080; 3080H; >; 12; 2; 2; 9; 9; 1
3080; 3080H; >; 13; 3; 2; 11; 11; 1
3080; 3080H; >; 14; 4; 2; 13; 13; 1
3080; 3080H; >; 15; 5; 2; 15; 15; 1
3080; 3080H; >; 16; 6; 2; 17; 17; 1
3080; 3080H; >; 17; 7; 2; 19; 19; 1
3080; 3080H; >; 18; 8; 2; 21; 21; 1
3080; 3080H; >; 19; 9; 2; 23; 23; 1
3080; 3080H; >; 20; 10; 2; 25; 25; 1
3080; 3080H; >; 21; 11; 2; 27; 27; 1
3080; 3080H; >; 1; 91; 2; 17; 17; 2
3080; 3080H; >; 2; 90; 2; 19; 19; 2
3080; 3080H; >; 3; 89; 2; 21; 21; 2
3080; 3080H; >; 4; 88; 2; 23; 23; 2
3080; 3080H; >; 5; 87; 2; 25; 25; 2
3080; 3080H; >; 6; 86; 2; 27; 27; 2
3080; 3080H; >; 7; 85; 2; 29; 29; 2
3080; 3080H; >; 8; 84; 2; 31; 31; 2
3080; 3080H; >; 9; 83; 2; 33; 33; 2
3080; 3080H; >; 10; 82; 2; 35; 35; 2
3080; 3080H; >; 11; 1; 2; 37; 37; 2
3080; 3080H; >; 12; 2; 2; 39; 39; 2
3080; 3080H; >; 13; 3; 2; 41; 41; 2
3080; 3080H; >; 14; 4; 2; 43; 43; 2
3080; 3080H; >; 15; 5; 2; 45; 45; 2
3080; 3080H; >; 16; 6; 2; 47; 47; 2
3080; 3080H; >; 17; 7; 2; 49; 49; 2
3080; 3080H; >; 18; 8; 2; 51; 51; 2
3080; 3080H; >; 19; 9; 2; 53; 53; 2
3080; 3080H; >; 20; 10; 2; 55; 55; 2
3080; 3080H; >; 21; 11; 2; 57; 57; 2
3080; 3080R; <; 1; 11; 2; 30; 30; 1
3080; 3080R; <; 2; 10; 2; 32; 32; 1
3080; 3080R; <; 3; 9; 2; 34; 34; 1
3080; 3080R; <; 4; 8; 2; 36; 36; 1
3080; 3080R; <; 5; 7; 2; 38; 38; 1
3080; 3080R; <; 6; 6; 2; 40; 40; 1
3080; 3080R; <; 7; 5; 2; 42; 42; 1
3080; 3080R; <; 8; 4; 2; 44; 44; 1
3080; 3080R; <; 9; 3; 2; 46; 46; 1
3080; 3080R; <; 10; 2; 2; 48; 48; 1
3080; 3080R; <; 11; 1; 2; 50; 50; 1
3080; 3080R; <; 12; 82; 2; 52; 52; 1
3080; 3080R; <; 13; 83; 2; 54; 54; 1
3080; 3080R; <; 14; 84; 2; 56; 56; 1
3080; 3080R; <; 15; 85; 2; 58; 58; 1
3080; 3080R; <; 16; 86; 2; 0; 0; 1
3080; 3080R; <; 17; 87; 2; 2; 2; 1
3080; 3080R; <; 18; 88; 2; 4; 4; 1
3080; 3080R; <; 19; 89; 2; 6; 6; 1
3080; 3080R; <; 20; 90; 2; 8; 11; 1
3080; 3080R; <; 21; 91; 2; 14; 14; 1
3080; 3080R; <; 1; 11; 2; 0; 0; 2
3080; 3080R; <; 2; 10; 2; 2; 2; 2
3080; 3080R; <; 3; 9; 2; 4; 4; 2
3080; 3080R; <; 4; 8; 2; 6; 6; 2
3080; 3080R; <; 5; 7; 2; 8; 8; 2
3080; 3080R; <; 6; 6; 2; 10; 10; 2
3080; 3080R; <; 7; 5; 2; 12; 12; 2
3080; 3080R; <; 8; 4; 2; 14; 14; 2
3080; 3080R; <; 9; 3; 2; 16; 16; 2
3080; 3080R; <; 10; 2; 2; 18; 18; 2
3080; 3080R; <; 11; 1; 2; 20; 20; 2
3080; 3080R; <; 12; 82; 2; 22; 22; 2
3080; 3080R; <; 13; 83; 2; 24; 24; 2
3080; 3080R; <; 14; 84; 2; 26; 26; 2
3080; 3080R; <; 15; 85; 2; 28; 28; 2
3080; 3080R; <; 16; 86; 2; 30; 30; 2
3080; 3080R; <; 17; 87; 2; 32; 32; 2
3080; 3080R; <; 18; 88; 2; 34; 34; 2
3080; 3080R; <; 19; 89; 2; 36; 36; 2
3080; 3080R; <; 20; 90; 2; 38; 41; 2
3080; 3080R; <; 21; 91; 2; 44; 44; 2
3081; 3081H; >; 1; 81; 2; 17; 17; 1
3081; 3081H; >; 2; 80; 2; 20; 23; 1
3081; 3081H; >; 3; 79; 2; 25; 25; 1
3081; 3081H; >; 4; 78; 2; 27; 27; 1
3081; 3081H; >; 5; 77; 2; 29; 29; 1
3081; 3081H; >; 6; 76; 2; 31; 31; 1
3081; 3081H; >; 7; 75; 2; 33; 33; 1
3081; 3081H; >; 8; 74; 2; 35; 35; 1
3081; 3081H; >; 9; 73; 2; 37; 37; 1
3081; 3081H; >; 10; 72; 2; 39; 39; 1
3081; 3081H; >; 11; 1; 2; 41; 43; 1
3081; 3081H; >; 12; 152; 2; 45; 45; 1
3081; 3081H; >; 13; 153; 2; 47; 47; 1
3081; 3081H; >; 14; 154; 2; 49; 49; 1
3081; 3081H; >; 15; 155; 2; 51; 51; 1
3081; 3081H; >; 16; 156; 2; 53; 53; 1
3081; 3081H; >; 17; 157; 2; 55; 55; 1
3081; 3081H; >; 18; 158; 2; 57; 57; 1
3081; 3081H; >; 19; 159; 2; 59; 59; 1
3081; 3081H; >; 20; 160; 2; 1; 1; 1
3081; 3081H; >; 21; 161; 2; 3; 3; 1
3081; 3081H; >; 1; 81; 2; 47; 47; 2
3081; 3081H; >; 2; 80; 2; 50; 53; 2
3081; 3081H; >; 3; 79; 2; 55; 55; 2
3081; 3081H; >; 4; 78; 2; 57; 57; 2
3081; 3081H; >; 5; 77; 2; 59; 59; 2
3081; 3081H; >; 6; 76; 2; 1; 1; 2
3081; 3081H; >; 7; 75; 2; 3; 3; 2
3081; 3081H; >; 8; 74; 2; 5; 5; 2
3081; 3081H; >; 9; 73; 2; 7; 7; 2
3081; 3081H; >; 10; 72; 2; 9; 9; 2
3081; 3081H; >; 11; 1; 2; 11; 13; 2
3081; 3081H; >; 12; 152; 2; 15; 15; 2
3081; 3081H; >; 13; 153; 2; 17; 17; 2
3081; 3081H; >; 14; 154; 2; 19; 19; 2
3081; 3081H; >; 15; 155; 2; 21; 21; 2
3081; 3081H; >; 16; 156; 2; 23; 23; 2
3081; 3081H; >; 17; 157; 2; 25; 25; 2
3081; 3081H; >; 18; 158; 2; 27; 27; 2
3081; 3081H; >; 19; 159; 2; 29; 29; 2
3081; 3081H; >; 20; 160; 2; 31; 31; 2
3081; 3081H; >; 21; 161; 2; 33; 33; 2
3081; 3081R; <; 1; 161; 2; 43; 43; 1
3081; 3081R; <; 2; 160; 2; 46; 49; 1
3081; 3081R; <; 3; 159; 2; 52; 55; 1
3081; 3081R; <; 4; 158; 2; 58; 0; 1
3081; 3081R; <; 5; 157; 2; 2; 5; 1
3081; 3081R; <; 6; 156; 2; 7; 7; 1
3081; 3081R; <; 7; 155; 2; 9; 9; 1
3081; 3081R; <; 8; 154; 2; 11; 11; 1
3081; 3081R; <; 9; 153; 2; 13; 13; 1
3081; 3081R; <; 10; 152; 2; 15; 15; 1
3081; 3081R; <; 11; 1; 2; 17; 17; 1
3081; 3081R; <; 12; 72; 2; 19; 19; 1
3081; 3081R; <; 13; 73; 2; 21; 21; 1
3081; 3081R; <; 14; 74; 2; 23; 23; 1
3081; 3081R; <; 15; 75; 2; 25; 25; 1
3081; 3081R; <; 16; 76; 2; 27; 27; 1
3081; 3081R; <; 17; 77; 2; 29; 29; 1
3081; 3081R; <; 18; 78; 2; 31; 31; 1
3081; 3081R; <; 19; 79; 2; 33; 33; 1
3081; 3081R; <; 20; 80; 2; 35; 35; 1
3081; 3081R; <; 21; 81; 2; 37; 37; 1
3081; 3081R; <; 1; 161; 2; 13; 13; 2
3081; 3081R; <; 2; 160; 2; 16; 19; 2
3081; 3081R; <; 3; 159; 2; 22; 25; 2
3081; 3081R; <; 4; 158; 2; 28; 30; 2
3081; 3081R; <; 5; 157; 2; 32; 35; 2
3081; 3081R; <; 6; 156; 2; 37; 37; 2
3081; 3081R; <; 7; 155; 2; 39; 39; 2
3081; 3081R; <; 8; 154; 2; 41; 41; 2
3081; 3081R; <; 9; 153; 2; 43; 43; 2
3081; 3081R; <; 10; 152; 2; 45; 45; 2
3081; 3081R; <; 11; 1; 2; 47; 47; 2
3081; 3081R; <; 12; 72; 2; 49; 49; 2
3081; 3081R; <; 13; 73; 2; 51; 51; 2
3081; 3081R; <; 14; 74; 2; 53; 53; 2
3081; 3081R; <; 15; 75; 2; 55; 55; 2
3081; 3081R; <; 16; 76; 2; 57; 57; 2
3081; 3081R; <; 17; 77; 2; 59; 59; 2
3081; 3081R; <; 18; 78; 2; 1; 1; 2
3081; 3081R; <; 19; 79; 2; 3; 3; 2
3081; 3081R; <; 20; 80; 2; 5; 5; 2
3081; 3081R; <; 21; 81; 2; 7; 7; 2
3082; 3082H; >; 1; 71; 2; 50; 50; 1
3082; 3082H; >; 2; 70; 2; 52; 52; 1
3082; 3082H; >; 3; 69; 2; 54; 54; 1
3082; 3082H; >; 4; 68; 2; 56; 56; 1
3082; 3082H; >; 5; 67; 2; 58; 58; 1
3082; 3082H; >; 6; 66; 2; 0; 0; 1
3082; 3082H; >; 7; 65; 2; 2; 2; 1
3082; 3082H; >; 8; 64; 2; 4; 4; 1
3082; 3082H; >; 9; 63; 2; 6; 6; 1
3082; 3082H; >; 10; 62; 2; 8; 8; 1
3082; 3082H; >; 11; 1; 2; 10; 10; 1
3082; 3082H; >; 12; 142; 2; 12; 12; 1
3082; 3082H; >; 13; 143; 2; 14; 14; 1
3082; 3082H; >; 14; 144; 2; 16; 16; 1
3082; 3082H; >; 15; 145; 2; 18; 18; 1
3082; 3082H; >; 16; 146; 2; 20; 20; 1
3082; 3082H; >; 17; 147; 2; 22; 22; 1
3082; 3082H; >; 18; 148; 2; 24; 24; 1
3082; 3082H; >; 19; 149; 2; 26; 26; 1
3082; 3082H; >; 20; 150; 2; 28; 28; 1
3082; 3082H; >; 21; 151; 2; 30; 30; 1
3082; 3082H; >; 1; 71; 2; 20; 20; 2
3082; 3082H; >; 2; 70; 2; 22; 22; 2
3082; 3082H; >; 3; 69; 2; 24; 24; 2
3082; 3082H; >; 4; 68; 2; 26; 26; 2
3082; 3082H; >; 5; 67; 2; 28; 28; 2
3082; 3082H; >; 6; 66; 2; 30; 30; 2
3082; 3082H; >; 7; 65; 2; 32; 32; 2
3082; 3082H; >; 8; 64; 2; 34; 34; 2
3082; 3082H; >; 9; 63; 2; 36; 36; 2
3082; 3082H; >; 10; 62; 2; 38; 38; 2
3082; 3082H; >; 11; 1; 2; 40; 40; 2
3082; 3082H; >; 12; 142; 2; 42; 42; 2
3082; 3082H; >; 13; 143; 2; 44; 44; 2
3082; 3082H; >; 14; 144; 2; 46; 46; 2
3082; 3082H; >; 15; 145; 2; 48; 48; 2
3082; 3082H; >; 16; 146; 2; 50; 50; 2
3082; 3082H; >; 17; 147; 2; 52; 52; 2
3082; 3082H; >; 18; 148; 2; 54; 54; 2
3082; 3082H; >; 19; 149; 2; 56; 56; 2
3082; 3082H; >; 20; 150; 2; 58; 58; 2
3082; 3082H; >; 21; 151; 2; 60; 60; 2
3082; 3082R; <; 1; 151; 2; 50; 50; 1
3082; 3082R; <; 2; 150; 2; 52; 52; 1
3082; 3082R; <; 3; 149; 2; 54; 54; 1
3082; 3082R; <; 4; 148; 2; 56; 56; 1
3082; 3082R; <; 5; 147; 2; 58; 58; 1
3082; 3082R; <; 6; 146; 2; 0; 0; 1
3082; 3082R; <; 7; 145; 2; 2; 2; 1
3082; 3082R; <; 8; 144; 2; 4; 4; 1
3082; 3082R; <; 9; 143; 2; 6; 6; 1
3082; 3082R; <; 10; 142; 2; 8; 8; 1
3082; 3082R; <; 11; 1; 2; 10; 13; 1
3082; 3082R; <; 12; 62; 2; 15; 15; 1
3082; 3082R; <; 13; 63; 2; 17; 17; 1
3082; 3082R; <; 14; 64; 2; 19; 19; 1
3082; 3082R; <; 15; 65; 2; 21; 21; 1
3082; 3082R; <; 16; 66; 2; 23; 23; 1
3082; 3082R; <; 17; 67; 2; 25; 25; 1
3082; 3082R; <; 18; 68; 2; 27; 27; 1
3082; 3082R; <; 19; 69; 2; 29; 29; 1
3082; 3082R; <; 20; 70; 2; 31; 31; 1
3082; 3082R; <; 21; 71; 2; 33; 33; 1
3082; 3082R; <; 1; 151; 2; 20; 20; 2
3082; 3082R; <; 2; 150; 2; 22; 22; 2
3082; 3082R; <; 3; 149; 2; 24; 24; 2
3082; 3082R; <; 4; 148; 2; 26; 26; 2
3082; 3082R; <; 5; 147; 2; 28; 28; 2
3082; 3082R; <; 6; 146; 2; 30; 30; 2
3082; 3082R; <; 7; 145; 2; 32; 32; 2
3082; 3082R; <; 8; 144; 2; 34; 34; 2
3082; 3082R; <; 9; 143; 2; 36; 36; 2
3082; 3082R; <; 10; 142; 2; 38; 38; 2
3082; 3082R; <; 11; 1; 2; 40; 43; 2
3082; 3082R; <; 12; 62; 2; 45; 45; 2
3082; 3082R; <; 13; 63; 2; 47; 47; 2
3082; 3082R; <; 14; 64; 2; 49; 49; 2
3082; 3082R; <; 15; 65; 2; 51; 51; 2
3082; 3082R; <; 16; 66; 2; 53; 53; 2
3082; 3082R; <; 17; 67; 2; 55; 55; 2
3082; 3082R; <; 18; 68; 2; 57; 57; 2
3082; 3082R; <; 19; 69; 2; 59; 59; 2
3082; 3082R; <; 20; 70; 2; 1; 1; 2
3082; 3082R; <; 21; 71; 2; 3; 3; 2
3083; 3083H; >; 1; 61; 2; 47; 47; 1
3083; 3083H; >; 2; 60; 2; 49; 49; 1
3083; 3083H; >; 3; 59; 2; 51; 51; 1
3083; 3083H; >; 4; 58; 2; 53; 53; 1
3083; 3083H; >; 5; 57; 2; 55; 55; 1
3083; 3083H; >; 6; 56; 2; 57; 57; 1
3083; 3083H; >; 7; 55; 2; 59; 59; 1
3083; 3083H; >; 8; 54; 2; 1; 1; 1
3083; 3083H; >; 9; 53; 2; 3; 3; 1
3083; 3083H; >; 10; 52; 2; 5; 5; 1
3083; 3083H; >; 11; 1; 2; 7; 10; 1
3083; 3083H; >; 12; 132; 2; 12; 12; 1
3083; 3083H; >; 13; 133; 2; 14; 14; 1
3083; 3083H; >; 14; 134; 2; 16; 16; 1
3083; 3083H; >; 15; 135; 2; 18; 18; 1
3083; 3083H; >; 16; 136; 2; 20; 20; 1
3083; 3083H; >; 17; 137; 2; 22; 22; 1
3083; 3083H; >; 18; 138; 2; 24; 27; 1
3083; 3083H; >; 19; 139; 2; 30; 32; 1
3083; 3083H; >; 20; 140; 2; 34; 37; 1
3083; 3083H; >; 21; 141; 2; 40; 40; 1
3083; 3083H; >; 1; 61; 2; 17; 17; 2
3083; 3083H; >; 2; 60; 2; 19; 19; 2
3083; 3083H; >; 3; 59; 2; 21; 21; 2
3083; 3083H; >; 4; 58; 2; 23; 23; 2
3083; 3083H; >; 5; 57; 2; 25; 25; 2
3083; 3083H; >; 6; 56; 2; 27; 27; 2
3083; 3083H; >; 7; 55; 2; 29; 29; 2
3083; 3083H; >; 8; 54; 2; 31; 31; 2
3083; 3083H; >; 9; 53; 2; 33; 33; 2
3083; 3083H; >; 10; 52; 2; 35; 35; 2
3083; 3083H; >; 11; 1; 2; 37; 40; 2
3083; 3083H; >; 12; 132; 2; 42; 42; 2
3083; 3083H; >; 13; 133; 2; 44; 44; 2
3083; 3083H; >; 14; 134; 2; 46; 46; 2
3083; 3083H; >; 15; 135; 2; 48; 48; 2
3083; 3083H; >; 16; 136; 2; 50; 50; 2
3083; 3083H; >; 17; 137; 2; 52; 52; 2
3083; 3083H; >; 18; 138; 2; 55; 57; 2
3083; 3083H; >; 19; 139; 2; 60; 2; 2
3083; 3083H; >; 20; 140; 2; 4; 7; 2
3083; 3083H; >; 21; 141; 2; 10; 10; 2
3083; 3083R; <; 1; 141; 2; 20; 20; 1
3083; 3083R; <; 2; 140; 2; 23; 26; 1
3083; 3083R; <; 3; 139; 2; 28; 28; 1
3083; 3083R; <; 4; 138; 2; 30; 30; 1
3083; 3083R; <; 5; 137; 2; 32; 32; 1
3083; 3083R; <; 6; 136; 2; 34; 34; 1
3083; 3083R; <; 7; 135; 2; 36; 36; 1
3083; 3083R; <; 8; 134; 2; 38; 38; 1
3083; 3083R; <; 9; 133; 2; 40; 40; 1
3083; 3083R; <; 10; 132; 2; 42; 42; 1
3083; 3083R; <; 11; 1; 2; 44; 44; 1
3083; 3083R; <; 12; 52; 2; 46; 46; 1
3083; 3083R; <; 13; 53; 2; 48; 48; 1
3083; 3083R; <; 14; 54; 2; 50; 50; 1
3083; 3083R; <; 15; 55; 2; 52; 52; 1
3083; 3083R; <; 16; 56; 2; 54; 54; 1
3083; 3083R; <; 17; 57; 2; 56; 56; 1
3083; 3083R; <; 18; 58; 2; 58; 58; 1
3083; 3083R; <; 19; 59; 2; 0; 0; 1
3083; 3083R; <; 20; 60; 2; 2; 5; 1
3083; 3083R; <; 21; 61; 2; 7; 7; 1
3083; 3083R; <; 1; 141; 2; 50; 50; 2
3083; 3083R; <; 2; 140; 2; 53; 56; 2
3083; 3083R; <; 3; 139; 2; 58; 58; 2
3083; 3083R; <; 4; 138; 2; 0; 0; 2
3083; 3083R; <; 5; 137; 2; 2; 2; 2
3083; 3083R; <; 6; 136; 2; 4; 4; 2
3083; 3083R; <; 7; 135; 2; 6; 6; 2
3083; 3083R; <; 8; 134; 2; 8; 8; 2
3083; 3083R; <; 9; 133; 2; 10; 10; 2
3083; 3083R; <; 10; 132; 2; 12; 12; 2
3083; 3083R; <; 11; 1; 2; 14; 14; 2
3083; 3083R; <; 12; 52; 2; 16; 16; 2
3083; 3083R; <; 13; 53; 2; 18; 18; 2
3083; 3083R; <; 14; 54; 2; 20; 20; 2
3083; 3083R; <; 15; 55; 2; 22; 22; 2
3083; 3083R; <; 16; 56; 2; 24; 24; 2
3083; 3083R; <; 17; 57; 2; 26; 26; 2
3083; 3083R; <; 18; 58; 2; 28; 28; 2
3083; 3083R; <; 19; 59; 2; 30; 30; 2
3083; 3083R; <; 20; 60; 2; 32; 35; 2
3083; 3083R; <; 21; 61; 2; 37; 37; 2
3085; 3085H; >; 1; 41; 2; 43; 43; 1
3085; 3085H; >; 2; 40; 2; 46; 49; 1
3085; 3085H; >; 3; 39; 2; 51; 51; 1
3085; 3085H; >; 4; 38; 2; 53; 53; 1
3085; 3085H; >; 5; 37; 2; 55; 55; 1
3085; 3085H; >; 6; 36; 2; 57; 57; 1
3085; 3085H; >; 7; 35; 2; 59; 59; 1
3085; 3085H; >; 8; 34; 2; 1; 1; 1
3085; 3085H; >; 9; 33; 2; 3; 3; 1
3085; 3085H; >; 10; 32; 2; 5; 5; 1
3085; 3085H; >; 11; 1; 2; 7; 7; 1
3085; 3085H; >; 12; 112; 2; 9; 9; 1
3085; 3085H; >; 13; 113; 2; 11; 11; 1
3085; 3085H; >; 14; 114; 2; 13; 13; 1
3085; 3085H; >; 15; 115; 2; 15; 15; 1
3085; 3085H; >; 16; 116; 2; 17; 17; 1
3085; 3085H; >; 17; 117; 2; 19; 19; 1
3085; 3085H; >; 18; 118; 2; 21; 24; 1
3085; 3085H; >; 19; 119; 2; 27; 28; 1
3085; 3085H; >; 20; 120; 2; 30; 33; 1
3085; 3085H; >; 21; 121; 2; 36; 36; 1
3085; 3085H; >; 1; 41; 2; 13; 13; 2
3085; 3085H; >; 2; 40; 2; 16; 19; 2
3085; 3085H; >; 3; 39; 2; 21; 21; 2
3085; 3085H; >; 4; 38; 2; 23; 23; 2
3085; 3085H; >; 5; 37; 2; 25; 25; 2
3085; 3085H; >; 6; 36; 2; 27; 27; 2
3085; 3085H; >; 7; 35; 2; 29; 29; 2
3085; 3085H; >; 8; 34; 2; 31; 31; 2
3085; 3085H; >; 9; 33; 2; 33; 33; 2
3085; 3085H; >; 10; 32; 2; 35; 35; 2
3085; 3085H; >; 11; 1; 2; 37; 37; 2
3085; 3085H; >; 12; 112; 2; 39; 39; 2
3085; 3085H; >; 13; 113; 2; 41; 41; 2
3085; 3085H; >; 14; 114; 2; 43; 43; 2
3085; 3085H; >; 15; 115; 2; 45; 45; 2
3085; 3085H; >; 16; 116; 2; 47; 47; 2
3085; 3085H; >; 17; 117; 2; 49; 49; 2
3085; 3085H; >; 18; 118; 2; 51; 54; 2
3085; 3085H; >; 19; 119; 2; 57; 58; 2
3085; 3085H; >; 20; 120; 2; 0; 3; 2
3085; 3085H; >; 21; 121; 2; 6; 6; 2
3085; 3085R; <; 1; 121; 2; 16; 16; 1
3085; 3085R; <; 2; 120; 2; 19; 22; 1
3085; 3085R; <; 3; 119; 2; 24; 24; 1
3085; 3085R; <; 4; 118; 2; 26; 26; 1
3085; 3085R; <; 5; 117; 2; 28; 28; 1
3085; 3085R; <; 6; 116; 2; 30; 30; 1
3085; 3085R; <; 7; 115; 2; 32; 32; 1
3085; 3085R; <; 8; 114; 2; 34; 34; 1
3085; 3085R; <; 9; 113; 2; 36; 36; 1
3085; 3085R; <; 10; 112; 2; 38; 38; 1
3085; 3085R; <; 11; 1; 2; 40; 40; 1
3085; 3085R; <; 12; 32; 2; 42; 42; 1
3085; 3085R; <; 13; 33; 2; 44; 44; 1
3085; 3085R; <; 14; 34; 2; 46; 46; 1
3085; 3085R; <; 15; 35; 2; 48; 48; 1
3085; 3085R; <; 16; 36; 2; 50; 50; 1
3085; 3085R; <; 17; 37; 2; 52; 52; 1
3085; 3085R; <; 18; 38; 2; 54; 54; 1
3085; 3085R; <; 19; 39; 2; 56; 59; 1
3085; 3085R; <; 20; 40; 2; 1; 1; 1
3085; 3085R; <; 21; 41; 2; 3; 3; 1
3085; 3085R; <; 1; 121; 2; 46; 46; 2
3085; 3085R; <; 2; 120; 2; 49; 52; 2
3085; 3085R; <; 3; 119; 2; 54; 54; 2
3085; 3085R; <; 4; 118; 2; 56; 56; 2
3085; 3085R; <; 5; 117; 2; 58; 58; 2
3085; 3085R; <; 6; 116; 2; 0; 0; 2
3085; 3085R; <; 7; 115; 2; 2; 2; 2
3085; 3085R; <; 8; 114; 2; 4; 4; 2
3085; 3085R; <; 9; 113; 2; 6; 6; 2
3085; 3085R; <; 10; 112; 2; 8; 8; 2
3085; 3085R; <; 11; 1; 2; 10; 10; 2
3085; 3085R; <; 12; 32; 2; 12; 12; 2
3085; 3085R; <; 13; 33; 2; 14; 14; 2
3085; 3085R; <; 14; 34; 2; 16; 16; 2
3085; 3085R; <; 15; 35; 2; 18; 18; 2
3085; 3085R; <; 16; 36; 2; 20; 20; 2
3085; 3085R; <; 17; 37; 2; 22; 22; 2
3085; 3085R; <; 18; 38; 2; 24; 24; 2
3085; 3085R; <; 19; 39; 2; 26; 29; 2
3085; 3085R; <; 20; 40; 2; 31; 31; 2
3085; 3085R; <; 21; 41; 2; 33; 33; 2
3086; 3086H; >; 1; 31; 2; 37; 37; 1
3086; 3086H; >; 2; 30; 2; 40; 43; 1
3086; 3086H; >; 3; 29; 2; 46; 49; 1
3086; 3086H; >; 4; 28; 2; 52; 55; 1
3086; 3086H; >; 5; 27; 2; 58; 58; 1
3086; 3086H; >; 6; 26; 2; 0; 0; 1
3086; 3086H; >; 7; 25; 2; 2; 2; 1
3086; 3086H; >; 8; 24; 2; 4; 4; 1
3086; 3086H; >; 9; 23; 2; 6; 6; 1
3086; 3086H; >; 10; 22; 2; 8; 8; 1
3086; 3086H; >; 11; 1; 2; 10; 13; 1
3086; 3086H; >; 12; 102; 2; 15; 15; 1
3086; 3086H; >; 13; 103; 2; 17; 17; 1
3086; 3086H; >; 14; 104; 2; 19; 21; 1
3086; 3086H; >; 15; 105; 2; 23; 26; 1
3086; 3086H; >; 16; 106; 2; 28; 31; 1
3086; 3086H; >; 17; 107; 2; 34; 37; 1
3086; 3086H; >; 18; 108; 2; 40; 43; 1
3086; 3086H; >; 19; 109; 2; 46; 49; 1
3086; 3086H; >; 20; 110; 2; 52; 55; 1
3086; 3086H; >; 21; 111; 2; 58; 58; 1
3086; 3086H; >; 1; 31; 2; 7; 7; 2
3086; 3086H; >; 2; 30; 2; 10; 13; 2
3086; 3086H; >; 3; 29; 2; 16; 19; 2
3086; 3086H; >; 4; 28; 2; 22; 25; 2
3086; 3086H; >; 5; 27; 2; 28; 28; 2
3086; 3086H; >; 6; 26; 2; 30; 30; 2
3086; 3086H; >; 7; 25; 2; 32; 32; 2
3086; 3086H; >; 8; 24; 2; 34; 34; 2
3086; 3086H; >; 9; 23; 2; 36; 36; 2
3086; 3086H; >; 10; 22; 2; 38; 38; 2
3086; 3086H; >; 11; 1; 2; 40; 43; 2
3086; 3086H; >; 12; 102; 2; 45; 45; 2
3086; 3086H; >; 13; 103; 2; 47; 47; 2
3086; 3086H; >; 14; 104; 2; 49; 51; 2
3086; 3086H; >; 15; 105; 2; 53; 56; 2
3086; 3086H; >; 16; 106; 2; 58; 1; 2
3086; 3086H; >; 17; 107; 2; 4; 7; 2
3086; 3086H; >; 18; 108; 2; 10; 13; 2
3086; 3086H; >; 19; 109; 2; 16; 19; 2
3086; 3086H; >; 20; 110; 2; 22; 25; 2
3086; 3086H; >; 21; 111; 2; 28; 28; 2
3086; 3086R; <; 1; 111; 2; 38; 38; 1
3086; 3086R; <; 2; 110; 2; 41; 44; 1
3086; 3086R; <; 3; 109; 2; 47; 50; 1
3086; 3086R; <; 4; 108; 2; 53; 56; 1
3086; 3086R; <; 5; 107; 2; 58; 58; 1
3086; 3086R; <; 6; 106; 2; 0; 0; 1
3086; 3086R; <; 7; 105; 2; 2; 2; 1
3086; 3086R; <; 8; 104; 2; 4; 4; 1
3086; 3086R; <; 9; 103; 2; 6; 6; 1
3086; 3086R; <; 10; 102; 2; 8; 8; 1
3086; 3086R; <; 11; 1; 2; 10; 13; 1
3086; 3086R; <; 12; 22; 2; 15; 15; 1
3086; 3086R; <; 13; 23; 2; 17; 17; 1
3086; 3086R; <; 14; 24; 2; 19; 19; 1
3086; 3086R; <; 15; 25; 2; 21; 24; 1
3086; 3086R; <; 16; 26; 2; 27; 30; 1
3086; 3086R; <; 17; 27; 2; 33; 36; 1
3086; 3086R; <; 18; 28; 2; 39; 42; 1
3086; 3086R; <; 19; 29; 2; 45; 48; 1
3086; 3086R; <; 20; 30; 2; 51; 54; 1
3086; 3086R; <; 21; 31; 2; 57; 57; 1
3086; 3086R; <; 1; 111; 2; 8; 8; 2
3086; 3086R; <; 2; 110; 2; 11; 14; 2
3086; 3086R; <; 3; 109; 2; 17; 20; 2
3086; 3086R; <; 4; 108; 2; 23; 26; 2
3086; 3086R; <; 5; 107; 2; 28; 28; 2
3086; 3086R; <; 6; 106; 2; 30; 30; 2
3086; 3086R; <; 7; 105; 2; 32; 32; 2
3086; 3086R; <; 8; 104; 2; 34; 34; 2
3086; 3086R; <; 9; 103; 2; 36; 36; 2
3086; 3086R; <; 10; 102; 2; 38; 38; 2
3086; 3086R; <; 11; 1; 2; 40; 43; 2
3086; 3086R; <; 12; 22; 2; 45; 45; 2
3086; 3086R; <; 13; 23; 2; 47; 47; 2
3086; 3086R; <; 14; 24; 2; 49; 49; 2
3086; 3086R; <; 15; 25; 2; 51; 54; 2
3086; 3086R; <; 16; 26; 2; 57; 60; 2
3086; 3086R; <; 17; 27; 2; 3; 6; 2
3086; 3086R; <; 18; 28; 2; 9; 12; 2
3086; 3086R; <; 19; 29; 2; 15; 18; 2
3086; 3086R; <; 20; 30; 2; 21; 24; 2
3086; 3086R; <; 21; 31; 2; 27; 27; 2
