#event-id; time
1; 0
2; 2
3; 2
4; 4
5; 4
6; 6
7; 6
8; 8
9; 8
10; 10
11; 10
12; 12
13; 12
14; 14
15; 14
16; 16
17; 16
18; 18
19; 18
20; 20
21; 20
22; 22
23; 22
24; 24
25; 24
26; 26
27; 30
28; 32
29; 32
30; 34
31; 34
32; 36
33; 36
34; 38
35; 38
36; 40
37; 40
38; 42
39; 42
40; 44
41; 44
42; 46
43; 46
44; 48
45; 48
46; 50
47; 50
48; 52
49; 52
50; 54
51; 54
52; 56
53; 0
54; 2
55; 2
56; 4
57; 4
58; 6
59; 6
60; 8
61; 8
62; 10
63; 10
64; 12
65; 12
66; 14
67; 14
68; 16
69; 16
70; 18
71; 18
72; 20
73; 20
74; 22
75; 22
76; 24
77; 24
78; 26
79; 30
80; 32
81; 32
82; 34
83; 34
84; 36
85; 36
86; 38
87; 38
88; 40
89; 40
90; 42
91; 42
92; 44
93; 44
94; 46
95; 46
96; 48
97; 48
98; 50
99; 50
100; 52
101; 52
102; 54
103; 54
104; 56
105; 50
106; 52
107; 52
108; 54
109; 54
110; 56
111; 56
112; 58
113; 58
114; 0
115; 0
116; 2
117; 2
118; 4
119; 4
120; 6
121; 6
122; 8
123; 8
124; 10
125; 10
126; 12
127; 12
128; 14
129; 20
130; 22
131; 22
132; 24
133; 24
134; 26
135; 26
136; 28
137; 28
138; 30
139; 30
140; 32
141; 32
142; 34
143; 34
144; 36
145; 36
146; 38
147; 38
148; 40
149; 40
150; 42
151; 42
152; 44
153; 27
154; 29
155; 29
156; 31
157; 31
158; 33
159; 33
160; 35
161; 35
162; 37
163; 37
164; 39
165; 39
166; 41
167; 41
168; 43
169; 43
170; 45
171; 45
172; 47
173; 47
174; 49
175; 49
176; 51
177; 57
178; 59
179; 59
180; 1
181; 1
182; 3
183; 3
184; 5
185; 5
186; 7
187; 7
188; 9
189; 9
190; 11
191; 11
192; 13
193; 13
194; 15
195; 15
196; 17
197; 17
198; 19
199; 19
200; 21
201; 0
202; 2
203; 2
204; 4
205; 4
206; 6
207; 6
208; 8
209; 8
210; 10
211; 10
212; 12
213; 12
214; 14
215; 14
216; 16
217; 16
218; 18
219; 18
220; 20
221; 20
222; 22
223; 30
224; 32
225; 32
226; 34
227; 34
228; 36
229; 36
230; 38
231; 38
232; 40
233; 40
234; 42
235; 42
236; 44
237; 44
238; 46
239; 46
240; 48
241; 48
242; 50
243; 50
244; 52
245; 0
246; 2
247; 2
248; 4
249; 4
250; 6
251; 6
252; 8
253; 8
254; 10
255; 10
256; 12
257; 12
258; 14
259; 14
260; 16
261; 16
262; 18
263; 18
264; 20
265; 20
266; 22
267; 30
268; 32
269; 32
270; 34
271; 34
272; 36
273; 36
274; 38
275; 38
276; 40
277; 40
278; 42
279; 42
280; 44
281; 44
282; 46
283; 46
284; 48
285; 48
286; 50
287; 50
288; 52
289; 4
290; 6
291; 6
292; 8
293; 8
294; 10
295; 10
296; 12
297; 12
298; 14
299; 14
300; 16
301; 16
302; 18
303; 18
304; 20
305; 20
306; 22
307; 22
308; 24
309; 34
310; 36
311; 36
312; 38
313; 38
314; 40
315; 40
316; 42
317; 42
318; 44
319; 44
320; 46
321; 46
322; 48
323; 48
324; 50
325; 50
326; 52
327; 52
328; 54
329; 0
330; 2
331; 2
332; 4
333; 4
334; 6
335; 6
336; 8
337; 8
338; 10
339; 10
340; 12
341; 12
342; 14
343; 14
344; 16
345; 16
346; 18
347; 30
348; 32
349; 32
350; 34
351; 34
352; 36
353; 36
354; 38
355; 38
356; 40
357; 40
358; 42
359; 42
360; 44
361; 44
362; 46
363; 46
364; 48
365; 22
366; 24
367; 24
368; 26
369; 26
370; 28
371; 28
372; 30
373; 30
374; 32
375; 32
376; 34
377; 34
378; 36
379; 36
380; 38
381; 38
382; 40
383; 52
384; 54
385; 54
386; 56
387; 56
388; 58
389; 58
390; 0
391; 0
392; 2
393; 2
394; 4
395; 4
396; 6
397; 6
398; 8
399; 8
400; 10
401; 58
402; 0
403; 0
404; 2
405; 2
406; 4
407; 4
408; 6
409; 6
410; 8
411; 8
412; 10
413; 10
414; 12
415; 12
416; 14
417; 14
418; 16
419; 28
420; 30
421; 30
422; 32
423; 32
424; 34
425; 34
426; 36
427; 36
428; 38
429; 38
430; 40
431; 40
432; 42
433; 42
434; 44
435; 44
436; 46
437; 0
438; 2
439; 2
440; 4
441; 4
442; 6
443; 6
444; 8
445; 8
446; 10
447; 10
448; 12
449; 12
450; 14
451; 14
452; 16
453; 16
454; 18
455; 30
456; 32
457; 32
458; 34
459; 34
460; 36
461; 36
462; 38
463; 38
464; 40
465; 40
466; 42
467; 42
468; 44
469; 44
470; 46
471; 46
472; 48
473; 0
474; 2
475; 2
476; 4
477; 4
478; 6
479; 6
480; 8
481; 8
482; 10
483; 10
484; 12
485; 12
486; 14
487; 14
488; 16
489; 16
490; 18
491; 30
492; 32
493; 32
494; 34
495; 34
496; 36
497; 36
498; 38
499; 38
500; 40
501; 40
502; 42
503; 42
504; 44
505; 44
506; 46
507; 46
508; 48
509; 10
510; 12
511; 12
512; 14
513; 14
514; 16
515; 16
516; 18
517; 18
518; 20
519; 20
520; 22
521; 40
522; 42
523; 42
524; 44
525; 44
526; 46
527; 46
528; 48
529; 48
530; 50
531; 50
532; 52
533; 22
534; 24
535; 24
536; 26
537; 26
538; 28
539; 28
540; 30
541; 30
542; 32
543; 32
544; 34
545; 34
546; 36
547; 36
548; 38
549; 38
550; 40
551; 40
552; 42
553; 42
554; 44
555; 52
556; 54
557; 54
558; 56
559; 56
560; 58
561; 58
562; 0
563; 0
564; 2
565; 2
566; 4
567; 4
568; 6
569; 6
570; 8
571; 8
572; 10
573; 10
574; 12
575; 12
576; 14
577; 52
578; 54
579; 54
580; 56
581; 56
582; 58
583; 58
584; 0
585; 0
586; 2
587; 2
588; 4
589; 4
590; 6
591; 6
592; 8
593; 8
594; 10
595; 10
596; 12
597; 12
598; 14
599; 22
600; 24
601; 24
602; 26
603; 26
604; 28
605; 28
606; 30
607; 30
608; 32
609; 32
610; 34
611; 34
612; 36
613; 36
614; 38
615; 38
616; 40
617; 40
618; 42
619; 42
620; 44
621; 39
622; 41
623; 41
624; 43
625; 43
626; 45
627; 45
628; 47
629; 47
630; 49
631; 49
632; 51
633; 51
634; 53
635; 53
636; 55
637; 55
638; 57
639; 57
640; 59
641; 59
642; 1
643; 1
644; 3
645; 3
646; 5
647; 5
648; 7
649; 7
650; 9
651; 9
652; 11
653; 11
654; 13
655; 13
656; 15
657; 15
658; 17
659; 17
660; 19
661; 9
662; 11
663; 11
664; 13
665; 13
666; 15
667; 15
668; 17
669; 17
670; 19
671; 19
672; 21
673; 21
674; 23
675; 23
676; 25
677; 25
678; 27
679; 27
680; 29
681; 29
682; 31
683; 31
684; 33
685; 33
686; 35
687; 35
688; 37
689; 37
690; 39
691; 39
692; 41
693; 41
694; 43
695; 43
696; 45
697; 45
698; 47
699; 47
700; 49
701; 39
702; 41
703; 41
704; 43
705; 43
706; 45
707; 45
708; 47
709; 47
710; 49
711; 49
712; 51
713; 51
714; 53
715; 53
716; 55
717; 55
718; 57
719; 57
720; 59
721; 59
722; 1
723; 1
724; 3
725; 3
726; 5
727; 5
728; 7
729; 7
730; 9
731; 9
732; 11
733; 11
734; 13
735; 13
736; 15
737; 15
738; 17
739; 17
740; 19
741; 9
742; 11
743; 11
744; 13
745; 13
746; 15
747; 15
748; 17
749; 17
750; 19
751; 19
752; 21
753; 21
754; 23
755; 23
756; 25
757; 25
758; 27
759; 27
760; 29
761; 29
762; 31
763; 31
764; 33
765; 33
766; 35
767; 35
768; 37
769; 37
770; 39
771; 39
772; 41
773; 41
774; 43
775; 43
776; 45
777; 45
778; 47
779; 47
780; 49
781; 6
782; 8
783; 8
784; 10
785; 10
786; 12
787; 12
788; 14
789; 14
790; 16
791; 16
792; 18
793; 18
794; 20
795; 20
796; 22
797; 22
798; 24
799; 24
800; 26
801; 26
802; 28
803; 28
804; 30
805; 30
806; 32
807; 32
808; 34
809; 34
810; 36
811; 36
812; 38
813; 38
814; 40
815; 40
816; 42
817; 42
818; 44
819; 44
820; 46
821; 6
822; 8
823; 8
824; 10
825; 10
826; 12
827; 12
828; 14
829; 14
830; 16
831; 16
832; 18
833; 18
834; 20
835; 20
836; 22
837; 22
838; 24
839; 24
840; 26
841; 26
842; 28
843; 28
844; 30
845; 30
846; 32
847; 32
848; 34
849; 34
850; 36
851; 36
852; 38
853; 38
854; 40
855; 40
856; 42
857; 42
858; 44
859; 44
860; 46
861; 3
862; 5
863; 5
864; 7
865; 7
866; 9
867; 9
868; 11
869; 11
870; 13
871; 13
872; 15
873; 15
874; 17
875; 17
876; 19
877; 19
878; 21
879; 21
880; 23
881; 23
882; 25
883; 25
884; 27
885; 27
886; 29
887; 29
888; 31
889; 31
890; 33
891; 33
892; 35
893; 35
894; 37
895; 37
896; 39
897; 39
898; 41
899; 41
900; 43
901; 33
902; 35
903; 35
904; 37
905; 37
906; 39
907; 39
908; 41
909; 41
910; 43
911; 43
912; 45
913; 45
914; 47
915; 47
916; 49
917; 49
918; 51
919; 51
920; 53
921; 53
922; 55
923; 55
924; 57
925; 57
926; 59
927; 59
928; 1
929; 1
930; 3
931; 3
932; 5
933; 5
934; 7
935; 7
936; 9
937; 9
938; 11
939; 11
940; 13
941; 3
942; 5
943; 5
944; 7
945; 7
946; 9
947; 9
948; 11
949; 11
950; 13
951; 13
952; 15
953; 15
954; 17
955; 17
956; 19
957; 19
958; 21
959; 21
960; 23
961; 23
962; 25
963; 25
964; 27
965; 27
966; 29
967; 29
968; 31
969; 31
970; 33
971; 33
972; 35
973; 35
974; 37
975; 37
976; 39
977; 39
978; 41
979; 41
980; 43
981; 33
982; 35
983; 35
984; 37
985; 37
986; 39
987; 39
988; 41
989; 41
990; 43
991; 43
992; 45
993; 45
994; 47
995; 47
996; 49
997; 49
998; 51
999; 51
1000; 53
1001; 53
1002; 55
1003; 55
1004; 57
1005; 57
1006; 59
1007; 59
1008; 1
1009; 1
1010; 3
1011; 3
1012; 5
1013; 5
1014; 7
1015; 7
1016; 9
1017; 9
1018; 11
1019; 11
1020; 13
1021; 3
1022; 5
1023; 5
1024; 7
1025; 7
1026; 9
1027; 9
1028; 11
1029; 11
1030; 13
1031; 13
1032; 15
1033; 15
1034; 17
1035; 17
1036; 19
1037; 19
1038; 21
1039; 21
1040; 23
1041; 23
1042; 25
1043; 25
1044; 27
1045; 27
1046; 29
1047; 29
1048; 31
1049; 31
1050; 33
1051; 33
1052; 35
1053; 35
1054; 37
1055; 37
1056; 39
1057; 39
1058; 41
1059; 41
1060; 43
1061; 3
1062; 5
1063; 5
1064; 7
1065; 7
1066; 9
1067; 9
1068; 11
1069; 11
1070; 13
1071; 13
1072; 15
1073; 15
1074; 17
1075; 17
1076; 19
1077; 19
1078; 21
1079; 21
1080; 23
1081; 23
1082; 25
1083; 25
1084; 27
1085; 27
1086; 29
1087; 29
1088; 31
1089; 31
1090; 33
1091; 33
1092; 35
1093; 35
1094; 37
1095; 37
1096; 39
1097; 39
1098; 41
1099; 41
1100; 43
1101; 0
1102; 2
1103; 2
1104; 4
1105; 4
1106; 6
1107; 6
1108; 8
1109; 8
1110; 10
1111; 10
1112; 12
1113; 12
1114; 14
1115; 14
1116; 16
1117; 16
1118; 18
1119; 18
1120; 20
1121; 20
1122; 22
1123; 22
1124; 24
1125; 24
1126; 26
1127; 26
1128; 28
1129; 28
1130; 30
1131; 30
1132; 32
1133; 32
1134; 34
1135; 34
1136; 36
1137; 36
1138; 38
1139; 38
1140; 40
1141; 0
1142; 2
1143; 2
1144; 4
1145; 4
1146; 6
1147; 6
1148; 8
1149; 8
1150; 10
1151; 10
1152; 12
1153; 12
1154; 14
1155; 14
1156; 16
1157; 16
1158; 18
1159; 18
1160; 20
1161; 20
1162; 22
1163; 22
1164; 24
1165; 24
1166; 26
1167; 26
1168; 28
1169; 28
1170; 30
1171; 30
1172; 32
1173; 32
1174; 34
1175; 34
1176; 36
1177; 36
1178; 38
1179; 38
1180; 40
1181; 6
1182; 8
1183; 8
1184; 10
1185; 10
1186; 12
1187; 12
1188; 14
1189; 14
1190; 16
1191; 16
1192; 18
1193; 18
1194; 20
1195; 20
1196; 22
1197; 22
1198; 24
1199; 24
1200; 26
1201; 26
1202; 28
1203; 28
1204; 30
1205; 30
1206; 32
1207; 32
1208; 34
1209; 34
1210; 36
1211; 36
1212; 38
1213; 38
1214; 40
1215; 40
1216; 42
1217; 42
1218; 44
1219; 44
1220; 46
1221; 36
1222; 38
1223; 38
1224; 40
1225; 40
1226; 42
1227; 42
1228; 44
1229; 44
1230; 46
1231; 46
1232; 48
1233; 48
1234; 50
1235; 50
1236; 52
1237; 52
1238; 54
1239; 54
1240; 56
1241; 56
1242; 58
1243; 58
1244; 0
1245; 0
1246; 2
1247; 2
1248; 4
1249; 4
1250; 6
1251; 6
1252; 8
1253; 8
1254; 10
1255; 10
1256; 12
1257; 12
1258; 14
1259; 14
1260; 16
1261; 6
1262; 8
1263; 8
1264; 10
1265; 10
1266; 12
1267; 12
1268; 14
1269; 14
1270; 16
1271; 16
1272; 18
1273; 18
1274; 20
1275; 20
1276; 22
1277; 22
1278; 24
1279; 24
1280; 26
1281; 26
1282; 28
1283; 28
1284; 30
1285; 30
1286; 32
1287; 32
1288; 34
1289; 34
1290; 36
1291; 36
1292; 38
1293; 38
1294; 40
1295; 40
1296; 42
1297; 42
1298; 44
1299; 44
1300; 46
1301; 36
1302; 38
1303; 38
1304; 40
1305; 40
1306; 42
1307; 42
1308; 44
1309; 44
1310; 46
1311; 46
1312; 48
1313; 48
1314; 50
1315; 50
1316; 52
1317; 52
1318; 54
1319; 54
1320; 56
1321; 56
1322; 58
1323; 58
1324; 0
1325; 0
1326; 2
1327; 2
1328; 4
1329; 4
1330; 6
1331; 6
1332; 8
1333; 8
1334; 10
1335; 10
1336; 12
1337; 12
1338; 14
1339; 14
1340; 16
