#line-id;line-code;direction;stop-order;stop-id;frequency;departure_time;arrival_time;line-repetition
1; 1H; >; 1; 141; 2; 50; 50; 1
1; 1H; >; 2; 151; 2; 55; 55; 1
1; 1H; >; 3; 161; 2; 0; 0; 1
1; 1H; >; 4; 11; 2; 5; 5; 1
1; 1H; >; 5; 10; 2; 7; 7; 1
1; 1H; >; 6; 160; 2; 15; 15; 1
1; 1H; >; 7; 150; 2; 23; 23; 1
1; 1H; >; 8; 140; 2; 31; 31; 1
1; 1H; >; 9; 130; 2; 39; 39; 1
1; 1H; >; 10; 120; 2; 47; 47; 1
1; 1H; >; 11; 110; 2; 55; 55; 1
1; 1H; >; 12; 100; 2; 3; 3; 1
1; 1H; >; 13; 90; 2; 11; 11; 1
1; 1H; >; 14; 80; 2; 19; 19; 1
1; 1H; >; 15; 70; 2; 27; 27; 1
1; 1H; >; 16; 60; 2; 35; 35; 1
1; 1H; >; 17; 61; 2; 37; 37; 1
1; 1H; >; 18; 71; 2; 42; 42; 1
1; 1H; >; 19; 81; 2; 47; 47; 1
1; 1H; >; 20; 91; 2; 52; 52; 1
1; 1H; >; 21; 101; 2; 57; 57; 1
1; 1H; >; 22; 111; 2; 2; 2; 1
1; 1H; >; 23; 121; 2; 7; 7; 1
1; 1H; >; 24; 131; 2; 12; 12; 1
1; 1H; >; 1; 141; 2; 20; 20; 2
1; 1H; >; 2; 151; 2; 25; 25; 2
1; 1H; >; 3; 161; 2; 30; 30; 2
1; 1H; >; 4; 11; 2; 35; 35; 2
1; 1H; >; 5; 10; 2; 37; 37; 2
1; 1H; >; 6; 160; 2; 45; 45; 2
1; 1H; >; 7; 150; 2; 53; 53; 2
1; 1H; >; 8; 140; 2; 1; 1; 2
1; 1H; >; 9; 130; 2; 9; 9; 2
1; 1H; >; 10; 120; 2; 17; 17; 2
1; 1H; >; 11; 110; 2; 25; 25; 2
1; 1H; >; 12; 100; 2; 33; 33; 2
1; 1H; >; 13; 90; 2; 41; 41; 2
1; 1H; >; 14; 80; 2; 49; 49; 2
1; 1H; >; 15; 70; 2; 57; 57; 2
1; 1H; >; 16; 60; 2; 5; 5; 2
1; 1H; >; 17; 61; 2; 7; 7; 2
1; 1H; >; 18; 71; 2; 12; 12; 2
1; 1H; >; 19; 81; 2; 17; 17; 2
1; 1H; >; 20; 91; 2; 22; 22; 2
1; 1H; >; 21; 101; 2; 27; 27; 2
1; 1H; >; 22; 111; 2; 32; 32; 2
1; 1H; >; 23; 121; 2; 37; 37; 2
1; 1H; >; 24; 131; 2; 42; 42; 2
1; 1R; <; 1; 131; 2; 0; 0; 1
1; 1R; <; 2; 121; 2; 5; 5; 1
1; 1R; <; 3; 111; 2; 10; 10; 1
1; 1R; <; 4; 101; 2; 15; 15; 1
1; 1R; <; 5; 91; 2; 20; 20; 1
1; 1R; <; 6; 81; 2; 25; 25; 1
1; 1R; <; 7; 71; 2; 30; 30; 1
1; 1R; <; 8; 61; 2; 35; 35; 1
1; 1R; <; 9; 60; 2; 37; 37; 1
1; 1R; <; 10; 70; 2; 45; 45; 1
1; 1R; <; 11; 80; 2; 53; 53; 1
1; 1R; <; 12; 90; 2; 1; 1; 1
1; 1R; <; 13; 100; 2; 9; 9; 1
1; 1R; <; 14; 110; 2; 17; 17; 1
1; 1R; <; 15; 120; 2; 25; 25; 1
1; 1R; <; 16; 130; 2; 33; 33; 1
1; 1R; <; 17; 140; 2; 41; 41; 1
1; 1R; <; 18; 150; 2; 49; 49; 1
1; 1R; <; 19; 160; 2; 57; 57; 1
1; 1R; <; 20; 10; 2; 5; 5; 1
1; 1R; <; 21; 11; 2; 7; 7; 1
1; 1R; <; 22; 161; 2; 12; 12; 1
1; 1R; <; 23; 151; 2; 17; 17; 1
1; 1R; <; 24; 141; 2; 22; 22; 1
1; 1R; <; 1; 131; 2; 30; 30; 2
1; 1R; <; 2; 121; 2; 35; 35; 2
1; 1R; <; 3; 111; 2; 40; 40; 2
1; 1R; <; 4; 101; 2; 45; 45; 2
1; 1R; <; 5; 91; 2; 50; 50; 2
1; 1R; <; 6; 81; 2; 55; 55; 2
1; 1R; <; 7; 71; 2; 0; 0; 2
1; 1R; <; 8; 61; 2; 5; 5; 2
1; 1R; <; 9; 60; 2; 7; 7; 2
1; 1R; <; 10; 70; 2; 15; 15; 2
1; 1R; <; 11; 80; 2; 23; 23; 2
1; 1R; <; 12; 90; 2; 31; 31; 2
1; 1R; <; 13; 100; 2; 39; 39; 2
1; 1R; <; 14; 110; 2; 47; 47; 2
1; 1R; <; 15; 120; 2; 55; 55; 2
1; 1R; <; 16; 130; 2; 3; 3; 2
1; 1R; <; 17; 140; 2; 11; 11; 2
1; 1R; <; 18; 150; 2; 19; 19; 2
1; 1R; <; 19; 160; 2; 27; 27; 2
1; 1R; <; 20; 10; 2; 35; 35; 2
1; 1R; <; 21; 11; 2; 37; 37; 2
1; 1R; <; 22; 161; 2; 42; 42; 2
1; 1R; <; 23; 151; 2; 47; 47; 2
1; 1R; <; 24; 141; 2; 52; 52; 2
2; 2H; >; 1; 158; 2; 25; 25; 1
2; 2H; >; 2; 148; 2; 31; 31; 1
2; 2H; >; 3; 138; 2; 37; 37; 1
2; 2H; >; 4; 128; 2; 43; 43; 1
2; 2H; >; 5; 118; 2; 49; 49; 1
2; 2H; >; 6; 108; 2; 55; 55; 1
2; 2H; >; 7; 98; 2; 1; 1; 1
2; 2H; >; 8; 88; 2; 7; 7; 1
2; 2H; >; 9; 78; 2; 13; 13; 1
2; 2H; >; 10; 68; 2; 19; 19; 1
2; 2H; >; 11; 58; 2; 25; 25; 1
2; 2H; >; 12; 48; 2; 31; 31; 1
2; 2H; >; 13; 38; 2; 37; 37; 1
2; 2H; >; 14; 28; 2; 43; 43; 1
2; 2H; >; 15; 18; 2; 49; 49; 1
2; 2H; >; 16; 8; 2; 55; 55; 1
2; 2H; >; 17; 7; 2; 57; 57; 1
2; 2H; >; 18; 6; 2; 59; 59; 1
2; 2H; >; 19; 16; 2; 2; 2; 1
2; 2H; >; 20; 26; 2; 5; 5; 1
2; 2H; >; 21; 36; 2; 8; 8; 1
2; 2H; >; 22; 46; 2; 11; 11; 1
2; 2H; >; 1; 158; 2; 55; 55; 2
2; 2H; >; 2; 148; 2; 1; 1; 2
2; 2H; >; 3; 138; 2; 7; 7; 2
2; 2H; >; 4; 128; 2; 13; 13; 2
2; 2H; >; 5; 118; 2; 19; 19; 2
2; 2H; >; 6; 108; 2; 25; 25; 2
2; 2H; >; 7; 98; 2; 31; 31; 2
2; 2H; >; 8; 88; 2; 37; 37; 2
2; 2H; >; 9; 78; 2; 43; 43; 2
2; 2H; >; 10; 68; 2; 49; 49; 2
2; 2H; >; 11; 58; 2; 55; 55; 2
2; 2H; >; 12; 48; 2; 1; 1; 2
2; 2H; >; 13; 38; 2; 7; 7; 2
2; 2H; >; 14; 28; 2; 13; 13; 2
2; 2H; >; 15; 18; 2; 19; 19; 2
2; 2H; >; 16; 8; 2; 25; 25; 2
2; 2H; >; 17; 7; 2; 27; 27; 2
2; 2H; >; 18; 6; 2; 29; 29; 2
2; 2H; >; 19; 16; 2; 32; 32; 2
2; 2H; >; 20; 26; 2; 35; 35; 2
2; 2H; >; 21; 36; 2; 38; 38; 2
2; 2H; >; 22; 46; 2; 41; 41; 2
2; 2R; <; 1; 46; 2; 39; 39; 1
2; 2R; <; 2; 36; 2; 42; 42; 1
2; 2R; <; 3; 26; 2; 45; 45; 1
2; 2R; <; 4; 16; 2; 48; 48; 1
2; 2R; <; 5; 6; 2; 51; 51; 1
2; 2R; <; 6; 7; 2; 53; 53; 1
2; 2R; <; 7; 8; 2; 55; 55; 1
2; 2R; <; 8; 18; 2; 1; 1; 1
2; 2R; <; 9; 28; 2; 7; 7; 1
2; 2R; <; 10; 38; 2; 13; 13; 1
2; 2R; <; 11; 48; 2; 19; 19; 1
2; 2R; <; 12; 58; 2; 25; 25; 1
2; 2R; <; 13; 68; 2; 31; 31; 1
2; 2R; <; 14; 78; 2; 37; 37; 1
2; 2R; <; 15; 88; 2; 43; 43; 1
2; 2R; <; 16; 98; 2; 49; 49; 1
2; 2R; <; 17; 108; 2; 55; 55; 1
2; 2R; <; 18; 118; 2; 1; 1; 1
2; 2R; <; 19; 128; 2; 7; 7; 1
2; 2R; <; 20; 138; 2; 13; 13; 1
2; 2R; <; 21; 148; 2; 19; 19; 1
2; 2R; <; 22; 158; 2; 25; 25; 1
2; 2R; <; 1; 46; 2; 9; 9; 2
2; 2R; <; 2; 36; 2; 12; 12; 2
2; 2R; <; 3; 26; 2; 15; 15; 2
2; 2R; <; 4; 16; 2; 18; 18; 2
2; 2R; <; 5; 6; 2; 21; 21; 2
2; 2R; <; 6; 7; 2; 23; 23; 2
2; 2R; <; 7; 8; 2; 25; 25; 2
2; 2R; <; 8; 18; 2; 31; 31; 2
2; 2R; <; 9; 28; 2; 37; 37; 2
2; 2R; <; 10; 38; 2; 43; 43; 2
2; 2R; <; 11; 48; 2; 49; 49; 2
2; 2R; <; 12; 58; 2; 55; 55; 2
2; 2R; <; 13; 68; 2; 1; 1; 2
2; 2R; <; 14; 78; 2; 7; 7; 2
2; 2R; <; 15; 88; 2; 13; 13; 2
2; 2R; <; 16; 98; 2; 19; 19; 2
2; 2R; <; 17; 108; 2; 25; 25; 2
2; 2R; <; 18; 118; 2; 31; 31; 2
2; 2R; <; 19; 128; 2; 37; 37; 2
2; 2R; <; 20; 138; 2; 43; 43; 2
2; 2R; <; 21; 148; 2; 49; 49; 2
2; 2R; <; 22; 158; 2; 55; 55; 2
3; 3H; >; 1; 159; 2; 57; 57; 1
3; 3H; >; 2; 149; 2; 4; 4; 1
3; 3H; >; 3; 139; 2; 11; 11; 1
3; 3H; >; 4; 129; 2; 18; 18; 1
3; 3H; >; 5; 119; 2; 25; 25; 1
3; 3H; >; 6; 109; 2; 32; 32; 1
3; 3H; >; 7; 99; 2; 39; 39; 1
3; 3H; >; 8; 89; 2; 46; 46; 1
3; 3H; >; 9; 79; 2; 53; 53; 1
3; 3H; >; 10; 69; 2; 0; 0; 1
3; 3H; >; 11; 59; 2; 7; 7; 1
3; 3H; >; 12; 49; 2; 14; 14; 1
3; 3H; >; 13; 39; 2; 21; 21; 1
3; 3H; >; 14; 29; 2; 28; 28; 1
3; 3H; >; 15; 19; 2; 35; 35; 1
3; 3H; >; 16; 9; 2; 42; 42; 1
3; 3H; >; 17; 10; 2; 44; 44; 1
3; 3H; >; 18; 20; 2; 52; 52; 1
3; 3H; >; 19; 30; 2; 0; 0; 1
3; 3H; >; 20; 40; 2; 8; 8; 1
3; 3H; >; 21; 50; 2; 16; 16; 1
3; 3H; >; 1; 159; 2; 27; 27; 2
3; 3H; >; 2; 149; 2; 34; 34; 2
3; 3H; >; 3; 139; 2; 41; 41; 2
3; 3H; >; 4; 129; 2; 48; 48; 2
3; 3H; >; 5; 119; 2; 55; 55; 2
3; 3H; >; 6; 109; 2; 2; 2; 2
3; 3H; >; 7; 99; 2; 9; 9; 2
3; 3H; >; 8; 89; 2; 16; 16; 2
3; 3H; >; 9; 79; 2; 23; 23; 2
3; 3H; >; 10; 69; 2; 30; 30; 2
3; 3H; >; 11; 59; 2; 37; 37; 2
3; 3H; >; 12; 49; 2; 44; 44; 2
3; 3H; >; 13; 39; 2; 51; 51; 2
3; 3H; >; 14; 29; 2; 58; 58; 2
3; 3H; >; 15; 19; 2; 5; 5; 2
3; 3H; >; 16; 9; 2; 12; 12; 2
3; 3H; >; 17; 10; 2; 14; 14; 2
3; 3H; >; 18; 20; 2; 22; 22; 2
3; 3H; >; 19; 30; 2; 30; 30; 2
3; 3H; >; 20; 40; 2; 38; 38; 2
3; 3H; >; 21; 50; 2; 46; 46; 2
3; 3R; <; 1; 50; 2; 0; 0; 1
3; 3R; <; 2; 40; 2; 8; 8; 1
3; 3R; <; 3; 30; 2; 16; 16; 1
3; 3R; <; 4; 20; 2; 24; 24; 1
3; 3R; <; 5; 10; 2; 32; 32; 1
3; 3R; <; 6; 9; 2; 34; 34; 1
3; 3R; <; 7; 19; 2; 41; 41; 1
3; 3R; <; 8; 29; 2; 48; 48; 1
3; 3R; <; 9; 39; 2; 55; 55; 1
3; 3R; <; 10; 49; 2; 2; 2; 1
3; 3R; <; 11; 59; 2; 9; 9; 1
3; 3R; <; 12; 69; 2; 16; 16; 1
3; 3R; <; 13; 79; 2; 23; 23; 1
3; 3R; <; 14; 89; 2; 30; 30; 1
3; 3R; <; 15; 99; 2; 37; 37; 1
3; 3R; <; 16; 109; 2; 44; 44; 1
3; 3R; <; 17; 119; 2; 51; 51; 1
3; 3R; <; 18; 129; 2; 58; 58; 1
3; 3R; <; 19; 139; 2; 5; 5; 1
3; 3R; <; 20; 149; 2; 12; 12; 1
3; 3R; <; 21; 159; 2; 19; 19; 1
3; 3R; <; 1; 50; 2; 30; 30; 2
3; 3R; <; 2; 40; 2; 38; 38; 2
3; 3R; <; 3; 30; 2; 46; 46; 2
3; 3R; <; 4; 20; 2; 54; 54; 2
3; 3R; <; 5; 10; 2; 2; 2; 2
3; 3R; <; 6; 9; 2; 4; 4; 2
3; 3R; <; 7; 19; 2; 11; 11; 2
3; 3R; <; 8; 29; 2; 18; 18; 2
3; 3R; <; 9; 39; 2; 25; 25; 2
3; 3R; <; 10; 49; 2; 32; 32; 2
3; 3R; <; 11; 59; 2; 39; 39; 2
3; 3R; <; 12; 69; 2; 46; 46; 2
3; 3R; <; 13; 79; 2; 53; 53; 2
3; 3R; <; 14; 89; 2; 0; 0; 2
3; 3R; <; 15; 99; 2; 7; 7; 2
3; 3R; <; 16; 109; 2; 14; 14; 2
3; 3R; <; 17; 119; 2; 21; 21; 2
3; 3R; <; 18; 129; 2; 28; 28; 2
3; 3R; <; 19; 139; 2; 35; 35; 2
3; 3R; <; 20; 149; 2; 42; 42; 2
3; 3R; <; 21; 159; 2; 49; 49; 2
4; 4H; >; 1; 157; 2; 9; 9; 1
4; 4H; >; 2; 147; 2; 14; 14; 1
4; 4H; >; 3; 137; 2; 19; 19; 1
4; 4H; >; 4; 127; 2; 24; 24; 1
4; 4H; >; 5; 117; 2; 29; 29; 1
4; 4H; >; 6; 107; 2; 34; 34; 1
4; 4H; >; 7; 97; 2; 39; 39; 1
4; 4H; >; 8; 87; 2; 44; 44; 1
4; 4H; >; 9; 77; 2; 49; 49; 1
4; 4H; >; 10; 67; 2; 54; 54; 1
4; 4H; >; 11; 57; 2; 59; 59; 1
4; 4H; >; 12; 47; 2; 4; 4; 1
4; 4H; >; 13; 37; 2; 9; 9; 1
4; 4H; >; 14; 27; 2; 14; 14; 1
4; 4H; >; 15; 17; 2; 19; 19; 1
4; 4H; >; 16; 7; 2; 24; 24; 1
4; 4H; >; 17; 6; 2; 26; 26; 1
4; 4H; >; 18; 16; 2; 29; 29; 1
4; 4H; >; 19; 26; 2; 32; 32; 1
4; 4H; >; 20; 36; 2; 35; 35; 1
4; 4H; >; 21; 46; 2; 38; 38; 1
4; 4H; >; 1; 157; 2; 39; 39; 2
4; 4H; >; 2; 147; 2; 44; 44; 2
4; 4H; >; 3; 137; 2; 49; 49; 2
4; 4H; >; 4; 127; 2; 54; 54; 2
4; 4H; >; 5; 117; 2; 59; 59; 2
4; 4H; >; 6; 107; 2; 4; 4; 2
4; 4H; >; 7; 97; 2; 9; 9; 2
4; 4H; >; 8; 87; 2; 14; 14; 2
4; 4H; >; 9; 77; 2; 19; 19; 2
4; 4H; >; 10; 67; 2; 24; 24; 2
4; 4H; >; 11; 57; 2; 29; 29; 2
4; 4H; >; 12; 47; 2; 34; 34; 2
4; 4H; >; 13; 37; 2; 39; 39; 2
4; 4H; >; 14; 27; 2; 44; 44; 2
4; 4H; >; 15; 17; 2; 49; 49; 2
4; 4H; >; 16; 7; 2; 54; 54; 2
4; 4H; >; 17; 6; 2; 56; 56; 2
4; 4H; >; 18; 16; 2; 59; 59; 2
4; 4H; >; 19; 26; 2; 2; 2; 2
4; 4H; >; 20; 36; 2; 5; 5; 2
4; 4H; >; 21; 46; 2; 8; 8; 2
4; 4R; <; 1; 46; 2; 26; 26; 1
4; 4R; <; 2; 36; 2; 29; 29; 1
4; 4R; <; 3; 26; 2; 32; 32; 1
4; 4R; <; 4; 16; 2; 35; 35; 1
4; 4R; <; 5; 6; 2; 38; 38; 1
4; 4R; <; 6; 7; 2; 40; 40; 1
4; 4R; <; 7; 17; 2; 45; 45; 1
4; 4R; <; 8; 27; 2; 50; 50; 1
4; 4R; <; 9; 37; 2; 55; 55; 1
4; 4R; <; 10; 47; 2; 0; 0; 1
4; 4R; <; 11; 57; 2; 5; 5; 1
4; 4R; <; 12; 67; 2; 10; 10; 1
4; 4R; <; 13; 77; 2; 15; 15; 1
4; 4R; <; 14; 87; 2; 20; 20; 1
4; 4R; <; 15; 97; 2; 25; 25; 1
4; 4R; <; 16; 107; 2; 30; 30; 1
4; 4R; <; 17; 117; 2; 35; 35; 1
4; 4R; <; 18; 127; 2; 40; 40; 1
4; 4R; <; 19; 137; 2; 45; 45; 1
4; 4R; <; 20; 147; 2; 50; 50; 1
4; 4R; <; 21; 157; 2; 55; 55; 1
4; 4R; <; 1; 46; 2; 56; 56; 2
4; 4R; <; 2; 36; 2; 59; 59; 2
4; 4R; <; 3; 26; 2; 2; 2; 2
4; 4R; <; 4; 16; 2; 5; 5; 2
4; 4R; <; 5; 6; 2; 8; 8; 2
4; 4R; <; 6; 7; 2; 10; 10; 2
4; 4R; <; 7; 17; 2; 15; 15; 2
4; 4R; <; 8; 27; 2; 20; 20; 2
4; 4R; <; 9; 37; 2; 25; 25; 2
4; 4R; <; 10; 47; 2; 30; 30; 2
4; 4R; <; 11; 57; 2; 35; 35; 2
4; 4R; <; 12; 67; 2; 40; 40; 2
4; 4R; <; 13; 77; 2; 45; 45; 2
4; 4R; <; 14; 87; 2; 50; 50; 2
4; 4R; <; 15; 97; 2; 55; 55; 2
4; 4R; <; 16; 107; 2; 0; 0; 2
4; 4R; <; 17; 117; 2; 5; 5; 2
4; 4R; <; 18; 127; 2; 10; 10; 2
4; 4R; <; 19; 137; 2; 15; 15; 2
4; 4R; <; 20; 147; 2; 20; 20; 2
4; 4R; <; 21; 157; 2; 25; 25; 2
5; 5H; >; 1; 154; 2; 24; 24; 1
5; 5H; >; 2; 144; 2; 27; 27; 1
5; 5H; >; 3; 134; 2; 30; 30; 1
5; 5H; >; 4; 124; 2; 33; 33; 1
5; 5H; >; 5; 114; 2; 36; 36; 1
5; 5H; >; 6; 104; 2; 39; 39; 1
5; 5H; >; 7; 94; 2; 42; 42; 1
5; 5H; >; 8; 84; 2; 45; 45; 1
5; 5H; >; 9; 74; 2; 48; 48; 1
5; 5H; >; 10; 64; 2; 51; 51; 1
5; 5H; >; 11; 54; 2; 54; 54; 1
5; 5H; >; 12; 44; 2; 57; 57; 1
5; 5H; >; 13; 34; 2; 0; 0; 1
5; 5H; >; 14; 24; 2; 3; 3; 1
5; 5H; >; 15; 14; 2; 6; 6; 1
5; 5H; >; 16; 4; 2; 9; 9; 1
5; 5H; >; 17; 3; 2; 11; 11; 1
5; 5H; >; 18; 2; 2; 13; 13; 1
5; 5H; >; 19; 1; 2; 15; 15; 1
5; 5H; >; 1; 154; 2; 54; 54; 2
5; 5H; >; 2; 144; 2; 57; 57; 2
5; 5H; >; 3; 134; 2; 0; 0; 2
5; 5H; >; 4; 124; 2; 3; 3; 2
5; 5H; >; 5; 114; 2; 6; 6; 2
5; 5H; >; 6; 104; 2; 9; 9; 2
5; 5H; >; 7; 94; 2; 12; 12; 2
5; 5H; >; 8; 84; 2; 15; 15; 2
5; 5H; >; 9; 74; 2; 18; 18; 2
5; 5H; >; 10; 64; 2; 21; 21; 2
5; 5H; >; 11; 54; 2; 24; 24; 2
5; 5H; >; 12; 44; 2; 27; 27; 2
5; 5H; >; 13; 34; 2; 30; 30; 2
5; 5H; >; 14; 24; 2; 33; 33; 2
5; 5H; >; 15; 14; 2; 36; 36; 2
5; 5H; >; 16; 4; 2; 39; 39; 2
5; 5H; >; 17; 3; 2; 41; 41; 2
5; 5H; >; 18; 2; 2; 43; 43; 2
5; 5H; >; 19; 1; 2; 45; 45; 2
5; 5R; <; 1; 1; 2; 54; 54; 1
5; 5R; <; 2; 2; 2; 56; 56; 1
5; 5R; <; 3; 3; 2; 58; 58; 1
5; 5R; <; 4; 4; 2; 0; 0; 1
5; 5R; <; 5; 14; 2; 3; 3; 1
5; 5R; <; 6; 24; 2; 6; 6; 1
5; 5R; <; 7; 34; 2; 9; 9; 1
5; 5R; <; 8; 44; 2; 12; 12; 1
5; 5R; <; 9; 54; 2; 15; 15; 1
5; 5R; <; 10; 64; 2; 18; 18; 1
5; 5R; <; 11; 74; 2; 21; 21; 1
5; 5R; <; 12; 84; 2; 24; 24; 1
5; 5R; <; 13; 94; 2; 27; 27; 1
5; 5R; <; 14; 104; 2; 30; 30; 1
5; 5R; <; 15; 114; 2; 33; 33; 1
5; 5R; <; 16; 124; 2; 36; 36; 1
5; 5R; <; 17; 134; 2; 39; 39; 1
5; 5R; <; 18; 144; 2; 42; 42; 1
5; 5R; <; 19; 154; 2; 45; 45; 1
5; 5R; <; 1; 1; 2; 24; 24; 2
5; 5R; <; 2; 2; 2; 26; 26; 2
5; 5R; <; 3; 3; 2; 28; 28; 2
5; 5R; <; 4; 4; 2; 30; 30; 2
5; 5R; <; 5; 14; 2; 33; 33; 2
5; 5R; <; 6; 24; 2; 36; 36; 2
5; 5R; <; 7; 34; 2; 39; 39; 2
5; 5R; <; 8; 44; 2; 42; 42; 2
5; 5R; <; 9; 54; 2; 45; 45; 2
5; 5R; <; 10; 64; 2; 48; 48; 2
5; 5R; <; 11; 74; 2; 51; 51; 2
5; 5R; <; 12; 84; 2; 54; 54; 2
5; 5R; <; 13; 94; 2; 57; 57; 2
5; 5R; <; 14; 104; 2; 0; 0; 2
5; 5R; <; 15; 114; 2; 3; 3; 2
5; 5R; <; 16; 124; 2; 6; 6; 2
5; 5R; <; 17; 134; 2; 9; 9; 2
5; 5R; <; 18; 144; 2; 12; 12; 2
5; 5R; <; 19; 154; 2; 15; 15; 2
6; 6H; >; 1; 153; 2; 38; 38; 1
6; 6H; >; 2; 143; 2; 40; 40; 1
6; 6H; >; 3; 133; 2; 42; 42; 1
6; 6H; >; 4; 123; 2; 44; 44; 1
6; 6H; >; 5; 113; 2; 46; 46; 1
6; 6H; >; 6; 103; 2; 48; 48; 1
6; 6H; >; 7; 93; 2; 50; 50; 1
6; 6H; >; 8; 83; 2; 52; 52; 1
6; 6H; >; 9; 73; 2; 54; 54; 1
6; 6H; >; 10; 63; 2; 56; 56; 1
6; 6H; >; 11; 53; 2; 58; 58; 1
6; 6H; >; 12; 43; 2; 0; 0; 1
6; 6H; >; 13; 33; 2; 2; 2; 1
6; 6H; >; 14; 23; 2; 4; 4; 1
6; 6H; >; 15; 13; 2; 6; 6; 1
6; 6H; >; 16; 3; 2; 8; 8; 1
6; 6H; >; 17; 2; 2; 10; 10; 1
6; 6H; >; 18; 1; 2; 12; 12; 1
6; 6H; >; 1; 153; 2; 8; 8; 2
6; 6H; >; 2; 143; 2; 10; 10; 2
6; 6H; >; 3; 133; 2; 12; 12; 2
6; 6H; >; 4; 123; 2; 14; 14; 2
6; 6H; >; 5; 113; 2; 16; 16; 2
6; 6H; >; 6; 103; 2; 18; 18; 2
6; 6H; >; 7; 93; 2; 20; 20; 2
6; 6H; >; 8; 83; 2; 22; 22; 2
6; 6H; >; 9; 73; 2; 24; 24; 2
6; 6H; >; 10; 63; 2; 26; 26; 2
6; 6H; >; 11; 53; 2; 28; 28; 2
6; 6H; >; 12; 43; 2; 30; 30; 2
6; 6H; >; 13; 33; 2; 32; 32; 2
6; 6H; >; 14; 23; 2; 34; 34; 2
6; 6H; >; 15; 13; 2; 36; 36; 2
6; 6H; >; 16; 3; 2; 38; 38; 2
6; 6H; >; 17; 2; 2; 40; 40; 2
6; 6H; >; 18; 1; 2; 42; 42; 2
6; 6R; <; 1; 1; 2; 11; 11; 1
6; 6R; <; 2; 2; 2; 13; 13; 1
6; 6R; <; 3; 3; 2; 15; 15; 1
6; 6R; <; 4; 13; 2; 17; 17; 1
6; 6R; <; 5; 23; 2; 19; 19; 1
6; 6R; <; 6; 33; 2; 21; 21; 1
6; 6R; <; 7; 43; 2; 23; 23; 1
6; 6R; <; 8; 53; 2; 25; 25; 1
6; 6R; <; 9; 63; 2; 27; 27; 1
6; 6R; <; 10; 73; 2; 29; 29; 1
6; 6R; <; 11; 83; 2; 31; 31; 1
6; 6R; <; 12; 93; 2; 33; 33; 1
6; 6R; <; 13; 103; 2; 35; 35; 1
6; 6R; <; 14; 113; 2; 37; 37; 1
6; 6R; <; 15; 123; 2; 39; 39; 1
6; 6R; <; 16; 133; 2; 41; 41; 1
6; 6R; <; 17; 143; 2; 43; 43; 1
6; 6R; <; 18; 153; 2; 45; 45; 1
6; 6R; <; 1; 1; 2; 41; 41; 2
6; 6R; <; 2; 2; 2; 43; 43; 2
6; 6R; <; 3; 3; 2; 45; 45; 2
6; 6R; <; 4; 13; 2; 47; 47; 2
6; 6R; <; 5; 23; 2; 49; 49; 2
6; 6R; <; 6; 33; 2; 51; 51; 2
6; 6R; <; 7; 43; 2; 53; 53; 2
6; 6R; <; 8; 53; 2; 55; 55; 2
6; 6R; <; 9; 63; 2; 57; 57; 2
6; 6R; <; 10; 73; 2; 59; 59; 2
6; 6R; <; 11; 83; 2; 1; 1; 2
6; 6R; <; 12; 93; 2; 3; 3; 2
6; 6R; <; 13; 103; 2; 5; 5; 2
6; 6R; <; 14; 113; 2; 7; 7; 2
6; 6R; <; 15; 123; 2; 9; 9; 2
6; 6R; <; 16; 133; 2; 11; 11; 2
6; 6R; <; 17; 143; 2; 13; 13; 2
6; 6R; <; 18; 153; 2; 15; 15; 2
7; 7H; >; 1; 56; 2; 23; 23; 1
7; 7H; >; 2; 66; 2; 26; 26; 1
7; 7H; >; 3; 76; 2; 29; 29; 1
7; 7H; >; 4; 86; 2; 32; 32; 1
7; 7H; >; 5; 96; 2; 35; 35; 1
7; 7H; >; 6; 106; 2; 38; 38; 1
7; 7H; >; 7; 116; 2; 41; 41; 1
7; 7H; >; 8; 126; 2; 44; 44; 1
7; 7H; >; 9; 136; 2; 47; 47; 1
7; 7H; >; 10; 146; 2; 50; 50; 1
7; 7H; >; 11; 156; 2; 53; 53; 1
7; 7H; >; 12; 6; 2; 56; 56; 1
7; 7H; >; 13; 16; 2; 59; 59; 1
7; 7H; >; 14; 26; 2; 2; 2; 1
7; 7H; >; 15; 36; 2; 5; 5; 1
7; 7H; >; 16; 46; 2; 8; 8; 1
7; 7H; >; 1; 56; 2; 53; 53; 2
7; 7H; >; 2; 66; 2; 56; 56; 2
7; 7H; >; 3; 76; 2; 59; 59; 2
7; 7H; >; 4; 86; 2; 2; 2; 2
7; 7H; >; 5; 96; 2; 5; 5; 2
7; 7H; >; 6; 106; 2; 8; 8; 2
7; 7H; >; 7; 116; 2; 11; 11; 2
7; 7H; >; 8; 126; 2; 14; 14; 2
7; 7H; >; 9; 136; 2; 17; 17; 2
7; 7H; >; 10; 146; 2; 20; 20; 2
7; 7H; >; 11; 156; 2; 23; 23; 2
7; 7H; >; 12; 6; 2; 26; 26; 2
7; 7H; >; 13; 16; 2; 29; 29; 2
7; 7H; >; 14; 26; 2; 32; 32; 2
7; 7H; >; 15; 36; 2; 35; 35; 2
7; 7H; >; 16; 46; 2; 38; 38; 2
7; 7R; <; 1; 46; 2; 10; 10; 1
7; 7R; <; 2; 36; 2; 13; 13; 1
7; 7R; <; 3; 26; 2; 16; 16; 1
7; 7R; <; 4; 16; 2; 19; 19; 1
7; 7R; <; 5; 6; 2; 22; 22; 1
7; 7R; <; 6; 156; 2; 25; 25; 1
7; 7R; <; 7; 146; 2; 28; 28; 1
7; 7R; <; 8; 136; 2; 31; 31; 1
7; 7R; <; 9; 126; 2; 34; 34; 1
7; 7R; <; 10; 116; 2; 37; 37; 1
7; 7R; <; 11; 106; 2; 40; 40; 1
7; 7R; <; 12; 96; 2; 43; 43; 1
7; 7R; <; 13; 86; 2; 46; 46; 1
7; 7R; <; 14; 76; 2; 49; 49; 1
7; 7R; <; 15; 66; 2; 52; 52; 1
7; 7R; <; 16; 56; 2; 55; 55; 1
7; 7R; <; 1; 46; 2; 40; 40; 2
7; 7R; <; 2; 36; 2; 43; 43; 2
7; 7R; <; 3; 26; 2; 46; 46; 2
7; 7R; <; 4; 16; 2; 49; 49; 2
7; 7R; <; 5; 6; 2; 52; 52; 2
7; 7R; <; 6; 156; 2; 55; 55; 2
7; 7R; <; 7; 146; 2; 58; 58; 2
7; 7R; <; 8; 136; 2; 1; 1; 2
7; 7R; <; 9; 126; 2; 4; 4; 2
7; 7R; <; 10; 116; 2; 7; 7; 2
7; 7R; <; 11; 106; 2; 10; 10; 2
7; 7R; <; 12; 96; 2; 13; 13; 2
7; 7R; <; 13; 86; 2; 16; 16; 2
7; 7R; <; 14; 76; 2; 19; 19; 2
7; 7R; <; 15; 66; 2; 22; 22; 2
7; 7R; <; 16; 56; 2; 25; 25; 2
8; 8H; >; 1; 55; 2; 13; 13; 1
8; 8H; >; 2; 65; 2; 17; 17; 1
8; 8H; >; 3; 75; 2; 21; 21; 1
8; 8H; >; 4; 85; 2; 25; 25; 1
8; 8H; >; 5; 95; 2; 29; 29; 1
8; 8H; >; 6; 105; 2; 33; 33; 1
8; 8H; >; 7; 115; 2; 37; 37; 1
8; 8H; >; 8; 125; 2; 41; 41; 1
8; 8H; >; 9; 135; 2; 45; 45; 1
8; 8H; >; 10; 145; 2; 49; 49; 1
8; 8H; >; 11; 155; 2; 53; 53; 1
8; 8H; >; 12; 5; 2; 57; 57; 1
8; 8H; >; 13; 15; 2; 1; 1; 1
8; 8H; >; 14; 25; 2; 5; 5; 1
8; 8H; >; 15; 35; 2; 9; 9; 1
8; 8H; >; 16; 45; 2; 13; 13; 1
8; 8H; >; 1; 55; 2; 43; 43; 2
8; 8H; >; 2; 65; 2; 47; 47; 2
8; 8H; >; 3; 75; 2; 51; 51; 2
8; 8H; >; 4; 85; 2; 55; 55; 2
8; 8H; >; 5; 95; 2; 59; 59; 2
8; 8H; >; 6; 105; 2; 3; 3; 2
8; 8H; >; 7; 115; 2; 7; 7; 2
8; 8H; >; 8; 125; 2; 11; 11; 2
8; 8H; >; 9; 135; 2; 15; 15; 2
8; 8H; >; 10; 145; 2; 19; 19; 2
8; 8H; >; 11; 155; 2; 23; 23; 2
8; 8H; >; 12; 5; 2; 27; 27; 2
8; 8H; >; 13; 15; 2; 31; 31; 2
8; 8H; >; 14; 25; 2; 35; 35; 2
8; 8H; >; 15; 35; 2; 39; 39; 2
8; 8H; >; 16; 45; 2; 43; 43; 2
8; 8R; <; 1; 45; 2; 1; 1; 1
8; 8R; <; 2; 35; 2; 5; 5; 1
8; 8R; <; 3; 25; 2; 9; 9; 1
8; 8R; <; 4; 15; 2; 13; 13; 1
8; 8R; <; 5; 5; 2; 17; 17; 1
8; 8R; <; 6; 155; 2; 21; 21; 1
8; 8R; <; 7; 145; 2; 25; 25; 1
8; 8R; <; 8; 135; 2; 29; 29; 1
8; 8R; <; 9; 125; 2; 33; 33; 1
8; 8R; <; 10; 115; 2; 37; 37; 1
8; 8R; <; 11; 105; 2; 41; 41; 1
8; 8R; <; 12; 95; 2; 45; 45; 1
8; 8R; <; 13; 85; 2; 49; 49; 1
8; 8R; <; 14; 75; 2; 53; 53; 1
8; 8R; <; 15; 65; 2; 57; 57; 1
8; 8R; <; 16; 55; 2; 1; 1; 1
8; 8R; <; 1; 45; 2; 31; 31; 2
8; 8R; <; 2; 35; 2; 35; 35; 2
8; 8R; <; 3; 25; 2; 39; 39; 2
8; 8R; <; 4; 15; 2; 43; 43; 2
8; 8R; <; 5; 5; 2; 47; 47; 2
8; 8R; <; 6; 155; 2; 51; 51; 2
8; 8R; <; 7; 145; 2; 55; 55; 2
8; 8R; <; 8; 135; 2; 59; 59; 2
8; 8R; <; 9; 125; 2; 3; 3; 2
8; 8R; <; 10; 115; 2; 7; 7; 2
8; 8R; <; 11; 105; 2; 11; 11; 2
8; 8R; <; 12; 95; 2; 15; 15; 2
8; 8R; <; 13; 85; 2; 19; 19; 2
8; 8R; <; 14; 75; 2; 23; 23; 2
8; 8R; <; 15; 65; 2; 27; 27; 2
8; 8R; <; 16; 55; 2; 31; 31; 2
14; 14H; >; 1; 141; 2; 47; 47; 1
14; 14H; >; 2; 131; 2; 52; 52; 1
14; 14H; >; 3; 130; 2; 54; 54; 1
14; 14H; >; 4; 129; 2; 56; 56; 1
14; 14H; >; 5; 128; 2; 58; 58; 1
14; 14H; >; 6; 127; 2; 0; 0; 1
14; 14H; >; 7; 126; 2; 2; 2; 1
14; 14H; >; 8; 125; 2; 4; 4; 1
14; 14H; >; 9; 124; 2; 6; 6; 1
14; 14H; >; 10; 123; 2; 8; 8; 1
14; 14H; >; 11; 122; 2; 10; 10; 1
14; 14H; >; 12; 1; 2; 12; 12; 1
14; 14H; >; 1; 141; 2; 17; 17; 2
14; 14H; >; 2; 131; 2; 22; 22; 2
14; 14H; >; 3; 130; 2; 24; 24; 2
14; 14H; >; 4; 129; 2; 26; 26; 2
14; 14H; >; 5; 128; 2; 28; 28; 2
14; 14H; >; 6; 127; 2; 30; 30; 2
14; 14H; >; 7; 126; 2; 32; 32; 2
14; 14H; >; 8; 125; 2; 34; 34; 2
14; 14H; >; 9; 124; 2; 36; 36; 2
14; 14H; >; 10; 123; 2; 38; 38; 2
14; 14H; >; 11; 122; 2; 40; 40; 2
14; 14H; >; 12; 1; 2; 42; 42; 2
14; 14R; <; 1; 1; 2; 48; 48; 1
14; 14R; <; 2; 122; 2; 50; 50; 1
14; 14R; <; 3; 123; 2; 52; 52; 1
14; 14R; <; 4; 124; 2; 54; 54; 1
14; 14R; <; 5; 125; 2; 56; 56; 1
14; 14R; <; 6; 126; 2; 58; 58; 1
14; 14R; <; 7; 127; 2; 0; 0; 1
14; 14R; <; 8; 128; 2; 2; 2; 1
14; 14R; <; 9; 129; 2; 4; 4; 1
14; 14R; <; 10; 130; 2; 6; 6; 1
14; 14R; <; 11; 131; 2; 8; 8; 1
14; 14R; <; 12; 141; 2; 13; 13; 1
14; 14R; <; 1; 1; 2; 18; 18; 2
14; 14R; <; 2; 122; 2; 20; 20; 2
14; 14R; <; 3; 123; 2; 22; 22; 2
14; 14R; <; 4; 124; 2; 24; 24; 2
14; 14R; <; 5; 125; 2; 26; 26; 2
14; 14R; <; 6; 126; 2; 28; 28; 2
14; 14R; <; 7; 127; 2; 30; 30; 2
14; 14R; <; 8; 128; 2; 32; 32; 2
14; 14R; <; 9; 129; 2; 34; 34; 2
14; 14R; <; 10; 130; 2; 36; 36; 2
14; 14R; <; 11; 131; 2; 38; 38; 2
14; 14R; <; 12; 141; 2; 43; 43; 2
18; 18H; >; 1; 140; 2; 30; 30; 1
18; 18H; >; 2; 139; 2; 32; 32; 1
18; 18H; >; 3; 138; 2; 34; 34; 1
18; 18H; >; 4; 137; 2; 36; 36; 1
18; 18H; >; 5; 136; 2; 38; 38; 1
18; 18H; >; 6; 135; 2; 40; 40; 1
18; 18H; >; 7; 134; 2; 42; 42; 1
18; 18H; >; 8; 133; 2; 44; 44; 1
18; 18H; >; 9; 132; 2; 46; 46; 1
18; 18H; >; 10; 1; 2; 48; 48; 1
18; 18H; >; 11; 52; 2; 50; 50; 1
18; 18H; >; 12; 53; 2; 52; 52; 1
18; 18H; >; 1; 140; 2; 0; 0; 2
18; 18H; >; 2; 139; 2; 2; 2; 2
18; 18H; >; 3; 138; 2; 4; 4; 2
18; 18H; >; 4; 137; 2; 6; 6; 2
18; 18H; >; 5; 136; 2; 8; 8; 2
18; 18H; >; 6; 135; 2; 10; 10; 2
18; 18H; >; 7; 134; 2; 12; 12; 2
18; 18H; >; 8; 133; 2; 14; 14; 2
18; 18H; >; 9; 132; 2; 16; 16; 2
18; 18H; >; 10; 1; 2; 18; 18; 2
18; 18H; >; 11; 52; 2; 20; 20; 2
18; 18H; >; 12; 53; 2; 22; 22; 2
18; 18R; <; 1; 53; 2; 41; 41; 1
18; 18R; <; 2; 52; 2; 43; 43; 1
18; 18R; <; 3; 1; 2; 45; 45; 1
18; 18R; <; 4; 132; 2; 47; 47; 1
18; 18R; <; 5; 133; 2; 49; 49; 1
18; 18R; <; 6; 134; 2; 51; 51; 1
18; 18R; <; 7; 135; 2; 53; 53; 1
18; 18R; <; 8; 136; 2; 55; 55; 1
18; 18R; <; 9; 137; 2; 57; 57; 1
18; 18R; <; 10; 138; 2; 59; 59; 1
18; 18R; <; 11; 139; 2; 1; 1; 1
18; 18R; <; 12; 140; 2; 3; 3; 1
18; 18R; <; 1; 53; 2; 11; 11; 2
18; 18R; <; 2; 52; 2; 13; 13; 2
18; 18R; <; 3; 1; 2; 15; 15; 2
18; 18R; <; 4; 132; 2; 17; 17; 2
18; 18R; <; 5; 133; 2; 19; 19; 2
18; 18R; <; 6; 134; 2; 21; 21; 2
18; 18R; <; 7; 135; 2; 23; 23; 2
18; 18R; <; 8; 136; 2; 25; 25; 2
18; 18R; <; 9; 137; 2; 27; 27; 2
18; 18R; <; 10; 138; 2; 29; 29; 2
18; 18R; <; 11; 139; 2; 31; 31; 2
18; 18R; <; 12; 140; 2; 33; 33; 2
26; 26H; >; 1; 92; 2; 25; 25; 1
26; 26H; >; 2; 1; 2; 27; 27; 1
26; 26H; >; 3; 42; 2; 29; 29; 1
26; 26H; >; 4; 43; 2; 31; 31; 1
26; 26H; >; 5; 44; 2; 33; 33; 1
26; 26H; >; 6; 45; 2; 35; 35; 1
26; 26H; >; 7; 46; 2; 37; 37; 1
26; 26H; >; 8; 47; 2; 39; 39; 1
26; 26H; >; 9; 48; 2; 41; 41; 1
26; 26H; >; 10; 49; 2; 43; 43; 1
26; 26H; >; 11; 50; 2; 45; 45; 1
26; 26H; >; 12; 51; 2; 47; 47; 1
26; 26H; >; 1; 92; 2; 55; 55; 2
26; 26H; >; 2; 1; 2; 57; 57; 2
26; 26H; >; 3; 42; 2; 59; 59; 2
26; 26H; >; 4; 43; 2; 1; 1; 2
26; 26H; >; 5; 44; 2; 3; 3; 2
26; 26H; >; 6; 45; 2; 5; 5; 2
26; 26H; >; 7; 46; 2; 7; 7; 2
26; 26H; >; 8; 47; 2; 9; 9; 2
26; 26H; >; 9; 48; 2; 11; 11; 2
26; 26H; >; 10; 49; 2; 13; 13; 2
26; 26H; >; 11; 50; 2; 15; 15; 2
26; 26H; >; 12; 51; 2; 17; 17; 2
26; 26R; <; 1; 51; 2; 25; 25; 1
26; 26R; <; 2; 50; 2; 27; 27; 1
26; 26R; <; 3; 49; 2; 29; 29; 1
26; 26R; <; 4; 48; 2; 31; 31; 1
26; 26R; <; 5; 47; 2; 33; 33; 1
26; 26R; <; 6; 46; 2; 35; 35; 1
26; 26R; <; 7; 45; 2; 37; 37; 1
26; 26R; <; 8; 44; 2; 39; 39; 1
26; 26R; <; 9; 43; 2; 41; 41; 1
26; 26R; <; 10; 42; 2; 43; 43; 1
26; 26R; <; 11; 1; 2; 45; 45; 1
26; 26R; <; 12; 92; 2; 47; 47; 1
26; 26R; <; 1; 51; 2; 55; 55; 2
26; 26R; <; 2; 50; 2; 57; 57; 2
26; 26R; <; 3; 49; 2; 59; 59; 2
26; 26R; <; 4; 48; 2; 1; 1; 2
26; 26R; <; 5; 47; 2; 3; 3; 2
26; 26R; <; 6; 46; 2; 5; 5; 2
26; 26R; <; 7; 45; 2; 7; 7; 2
26; 26R; <; 8; 44; 2; 9; 9; 2
26; 26R; <; 9; 43; 2; 11; 11; 2
26; 26R; <; 10; 42; 2; 13; 13; 2
26; 26R; <; 11; 1; 2; 15; 15; 2
26; 26R; <; 12; 92; 2; 17; 17; 2
40; 40H; >; 1; 45; 2; 26; 26; 1
40; 40H; >; 2; 35; 2; 30; 30; 1
40; 40H; >; 3; 25; 2; 34; 34; 1
40; 40H; >; 4; 15; 2; 38; 38; 1
40; 40H; >; 5; 5; 2; 42; 42; 1
40; 40H; >; 6; 4; 2; 44; 44; 1
40; 40H; >; 7; 3; 2; 46; 46; 1
40; 40H; >; 8; 2; 2; 48; 48; 1
40; 40H; >; 9; 12; 2; 49; 49; 1
40; 40H; >; 10; 22; 2; 50; 50; 1
40; 40H; >; 1; 45; 2; 56; 56; 2
40; 40H; >; 2; 35; 2; 0; 0; 2
40; 40H; >; 3; 25; 2; 4; 4; 2
40; 40H; >; 4; 15; 2; 8; 8; 2
40; 40H; >; 5; 5; 2; 12; 12; 2
40; 40H; >; 6; 4; 2; 14; 14; 2
40; 40H; >; 7; 3; 2; 16; 16; 2
40; 40H; >; 8; 2; 2; 18; 18; 2
40; 40H; >; 9; 12; 2; 19; 19; 2
40; 40H; >; 10; 22; 2; 20; 20; 2
40; 40R; <; 1; 22; 2; 46; 46; 1
40; 40R; <; 2; 12; 2; 47; 47; 1
40; 40R; <; 3; 2; 2; 48; 48; 1
40; 40R; <; 4; 3; 2; 50; 50; 1
40; 40R; <; 5; 4; 2; 52; 52; 1
40; 40R; <; 6; 5; 2; 54; 54; 1
40; 40R; <; 7; 15; 2; 58; 58; 1
40; 40R; <; 8; 25; 2; 2; 2; 1
40; 40R; <; 9; 35; 2; 6; 6; 1
40; 40R; <; 10; 45; 2; 10; 10; 1
40; 40R; <; 1; 22; 2; 16; 16; 2
40; 40R; <; 2; 12; 2; 17; 17; 2
40; 40R; <; 3; 2; 2; 18; 18; 2
40; 40R; <; 4; 3; 2; 20; 20; 2
40; 40R; <; 5; 4; 2; 22; 22; 2
40; 40R; <; 6; 5; 2; 24; 24; 2
40; 40R; <; 7; 15; 2; 28; 28; 2
40; 40R; <; 8; 25; 2; 32; 32; 2
40; 40R; <; 9; 35; 2; 36; 36; 2
40; 40R; <; 10; 45; 2; 40; 40; 2
46; 46H; >; 1; 61; 2; 36; 36; 1
46; 46H; >; 2; 51; 2; 41; 41; 1
46; 46H; >; 3; 50; 2; 43; 43; 1
46; 46H; >; 4; 49; 2; 45; 45; 1
46; 46H; >; 5; 48; 2; 47; 47; 1
46; 46H; >; 6; 47; 2; 49; 49; 1
46; 46H; >; 7; 46; 2; 51; 51; 1
46; 46H; >; 8; 45; 2; 53; 53; 1
46; 46H; >; 9; 55; 2; 57; 57; 1
46; 46H; >; 1; 61; 2; 6; 6; 2
46; 46H; >; 2; 51; 2; 11; 11; 2
46; 46H; >; 3; 50; 2; 13; 13; 2
46; 46H; >; 4; 49; 2; 15; 15; 2
46; 46H; >; 5; 48; 2; 17; 17; 2
46; 46H; >; 6; 47; 2; 19; 19; 2
46; 46H; >; 7; 46; 2; 21; 21; 2
46; 46H; >; 8; 45; 2; 23; 23; 2
46; 46H; >; 9; 55; 2; 27; 27; 2
46; 46R; <; 1; 55; 2; 0; 0; 1
46; 46R; <; 2; 45; 2; 4; 4; 1
46; 46R; <; 3; 46; 2; 6; 6; 1
46; 46R; <; 4; 47; 2; 8; 8; 1
46; 46R; <; 5; 48; 2; 10; 10; 1
46; 46R; <; 6; 49; 2; 12; 12; 1
46; 46R; <; 7; 50; 2; 14; 14; 1
46; 46R; <; 8; 51; 2; 16; 16; 1
46; 46R; <; 9; 61; 2; 21; 21; 1
46; 46R; <; 1; 55; 2; 30; 30; 2
46; 46R; <; 2; 45; 2; 34; 34; 2
46; 46R; <; 3; 46; 2; 36; 36; 2
46; 46R; <; 4; 47; 2; 38; 38; 2
46; 46R; <; 5; 48; 2; 40; 40; 2
46; 46R; <; 6; 49; 2; 42; 42; 2
46; 46R; <; 7; 50; 2; 44; 44; 2
46; 46R; <; 8; 51; 2; 46; 46; 2
46; 46R; <; 9; 61; 2; 51; 51; 2
48; 48H; >; 1; 92; 2; 11; 11; 1
48; 48H; >; 2; 102; 2; 12; 12; 1
48; 48H; >; 3; 112; 2; 13; 13; 1
48; 48H; >; 4; 122; 2; 14; 14; 1
48; 48H; >; 5; 132; 2; 15; 15; 1
48; 48H; >; 6; 142; 2; 16; 16; 1
48; 48H; >; 7; 152; 2; 17; 17; 1
48; 48H; >; 8; 2; 2; 18; 18; 1
48; 48H; >; 9; 1; 2; 20; 20; 1
48; 48H; >; 1; 92; 2; 41; 41; 2
48; 48H; >; 2; 102; 2; 42; 42; 2
48; 48H; >; 3; 112; 2; 43; 43; 2
48; 48H; >; 4; 122; 2; 44; 44; 2
48; 48H; >; 5; 132; 2; 45; 45; 2
48; 48H; >; 6; 142; 2; 46; 46; 2
48; 48H; >; 7; 152; 2; 47; 47; 2
48; 48H; >; 8; 2; 2; 48; 48; 2
48; 48H; >; 9; 1; 2; 50; 50; 2
48; 48R; <; 1; 1; 2; 19; 19; 1
48; 48R; <; 2; 2; 2; 21; 21; 1
48; 48R; <; 3; 152; 2; 22; 22; 1
48; 48R; <; 4; 142; 2; 23; 23; 1
48; 48R; <; 5; 132; 2; 24; 24; 1
48; 48R; <; 6; 122; 2; 25; 25; 1
48; 48R; <; 7; 112; 2; 26; 26; 1
48; 48R; <; 8; 102; 2; 27; 27; 1
48; 48R; <; 9; 92; 2; 28; 28; 1
48; 48R; <; 1; 1; 2; 49; 49; 2
48; 48R; <; 2; 2; 2; 51; 51; 2
48; 48R; <; 3; 152; 2; 52; 52; 2
48; 48R; <; 4; 142; 2; 53; 53; 2
48; 48R; <; 5; 132; 2; 54; 54; 2
48; 48R; <; 6; 122; 2; 55; 55; 2
48; 48R; <; 7; 112; 2; 56; 56; 2
48; 48R; <; 8; 102; 2; 57; 57; 2
48; 48R; <; 9; 92; 2; 58; 58; 2
49; 49H; >; 1; 141; 2; 16; 16; 1
49; 49H; >; 2; 151; 2; 21; 21; 1
49; 49H; >; 3; 161; 2; 26; 26; 1
49; 49H; >; 4; 11; 2; 31; 31; 1
49; 49H; >; 5; 21; 2; 36; 36; 1
49; 49H; >; 6; 31; 2; 41; 41; 1
49; 49H; >; 7; 41; 2; 46; 46; 1
49; 49H; >; 8; 51; 2; 51; 51; 1
49; 49H; >; 1; 141; 2; 46; 46; 2
49; 49H; >; 2; 151; 2; 51; 51; 2
49; 49H; >; 3; 161; 2; 56; 56; 2
49; 49H; >; 4; 11; 2; 1; 1; 2
49; 49H; >; 5; 21; 2; 6; 6; 2
49; 49H; >; 6; 31; 2; 11; 11; 2
49; 49H; >; 7; 41; 2; 16; 16; 2
49; 49H; >; 8; 51; 2; 21; 21; 2
49; 49R; <; 1; 51; 2; 29; 29; 1
49; 49R; <; 2; 41; 2; 34; 34; 1
49; 49R; <; 3; 31; 2; 39; 39; 1
49; 49R; <; 4; 21; 2; 44; 44; 1
49; 49R; <; 5; 11; 2; 49; 49; 1
49; 49R; <; 6; 161; 2; 54; 54; 1
49; 49R; <; 7; 151; 2; 59; 59; 1
49; 49R; <; 8; 141; 2; 4; 4; 1
49; 49R; <; 1; 51; 2; 59; 59; 2
49; 49R; <; 2; 41; 2; 4; 4; 2
49; 49R; <; 3; 31; 2; 9; 9; 2
49; 49R; <; 4; 21; 2; 14; 14; 2
49; 49R; <; 5; 11; 2; 19; 19; 2
49; 49R; <; 6; 161; 2; 24; 24; 2
49; 49R; <; 7; 151; 2; 29; 29; 2
49; 49R; <; 8; 141; 2; 34; 34; 2
50; 50H; >; 1; 60; 2; 0; 0; 1
50; 50H; >; 2; 50; 2; 8; 8; 1
50; 50H; >; 3; 49; 2; 10; 10; 1
50; 50H; >; 4; 48; 2; 12; 12; 1
50; 50H; >; 5; 47; 2; 14; 14; 1
50; 50H; >; 6; 46; 2; 16; 16; 1
50; 50H; >; 7; 45; 2; 18; 18; 1
50; 50H; >; 8; 55; 2; 22; 22; 1
50; 50H; >; 1; 60; 2; 30; 30; 2
50; 50H; >; 2; 50; 2; 38; 38; 2
50; 50H; >; 3; 49; 2; 40; 40; 2
50; 50H; >; 4; 48; 2; 42; 42; 2
50; 50H; >; 5; 47; 2; 44; 44; 2
50; 50H; >; 6; 46; 2; 46; 46; 2
50; 50H; >; 7; 45; 2; 48; 48; 2
50; 50H; >; 8; 55; 2; 52; 52; 2
50; 50R; <; 1; 55; 2; 19; 19; 1
50; 50R; <; 2; 45; 2; 23; 23; 1
50; 50R; <; 3; 46; 2; 25; 25; 1
50; 50R; <; 4; 47; 2; 27; 27; 1
50; 50R; <; 5; 48; 2; 29; 29; 1
50; 50R; <; 6; 49; 2; 31; 31; 1
50; 50R; <; 7; 50; 2; 33; 33; 1
50; 50R; <; 8; 60; 2; 41; 41; 1
50; 50R; <; 1; 55; 2; 49; 49; 2
50; 50R; <; 2; 45; 2; 53; 53; 2
50; 50R; <; 3; 46; 2; 55; 55; 2
50; 50R; <; 4; 47; 2; 57; 57; 2
50; 50R; <; 5; 48; 2; 59; 59; 2
50; 50R; <; 6; 49; 2; 1; 1; 2
50; 50R; <; 7; 50; 2; 3; 3; 2
50; 50R; <; 8; 60; 2; 11; 11; 2
51; 51H; >; 1; 92; 2; 47; 47; 1
51; 51H; >; 2; 82; 2; 48; 48; 1
51; 51H; >; 3; 72; 2; 49; 49; 1
51; 51H; >; 4; 62; 2; 50; 50; 1
51; 51H; >; 5; 52; 2; 51; 51; 1
51; 51H; >; 6; 42; 2; 52; 52; 1
51; 51H; >; 7; 32; 2; 53; 53; 1
51; 51H; >; 1; 92; 2; 17; 17; 2
51; 51H; >; 2; 82; 2; 18; 18; 2
51; 51H; >; 3; 72; 2; 19; 19; 2
51; 51H; >; 4; 62; 2; 20; 20; 2
51; 51H; >; 5; 52; 2; 21; 21; 2
51; 51H; >; 6; 42; 2; 22; 22; 2
51; 51H; >; 7; 32; 2; 23; 23; 2
51; 51R; <; 1; 32; 2; 16; 16; 1
51; 51R; <; 2; 42; 2; 17; 17; 1
51; 51R; <; 3; 52; 2; 18; 18; 1
51; 51R; <; 4; 62; 2; 19; 19; 1
51; 51R; <; 5; 72; 2; 20; 20; 1
51; 51R; <; 6; 82; 2; 21; 21; 1
51; 51R; <; 7; 92; 2; 22; 22; 1
51; 51R; <; 1; 32; 2; 46; 46; 2
51; 51R; <; 2; 42; 2; 47; 47; 2
51; 51R; <; 3; 52; 2; 48; 48; 2
51; 51R; <; 4; 62; 2; 49; 49; 2
51; 51R; <; 5; 72; 2; 50; 50; 2
51; 51R; <; 6; 82; 2; 51; 51; 2
51; 51R; <; 7; 92; 2; 52; 52; 2
53; 53H; >; 1; 59; 2; 17; 17; 1
53; 53H; >; 2; 58; 2; 19; 19; 1
53; 53H; >; 3; 57; 2; 21; 21; 1
53; 53H; >; 4; 56; 2; 23; 23; 1
53; 53H; >; 5; 46; 2; 26; 26; 1
53; 53H; >; 6; 45; 2; 28; 28; 1
53; 53H; >; 7; 55; 2; 32; 32; 1
53; 53H; >; 1; 59; 2; 47; 47; 2
53; 53H; >; 2; 58; 2; 49; 49; 2
53; 53H; >; 3; 57; 2; 51; 51; 2
53; 53H; >; 4; 56; 2; 53; 53; 2
53; 53H; >; 5; 46; 2; 56; 56; 2
53; 53H; >; 6; 45; 2; 58; 58; 2
53; 53H; >; 7; 55; 2; 2; 2; 2
53; 53R; <; 1; 55; 2; 19; 19; 1
53; 53R; <; 2; 45; 2; 23; 23; 1
53; 53R; <; 3; 46; 2; 25; 25; 1
53; 53R; <; 4; 56; 2; 28; 28; 1
53; 53R; <; 5; 57; 2; 30; 30; 1
53; 53R; <; 6; 58; 2; 32; 32; 1
53; 53R; <; 7; 59; 2; 34; 34; 1
53; 53R; <; 1; 55; 2; 49; 49; 2
53; 53R; <; 2; 45; 2; 53; 53; 2
53; 53R; <; 3; 46; 2; 55; 55; 2
53; 53R; <; 4; 56; 2; 58; 58; 2
53; 53R; <; 5; 57; 2; 0; 0; 2
53; 53R; <; 6; 58; 2; 2; 2; 2
53; 53R; <; 7; 59; 2; 4; 4; 2
54; 54H; >; 1; 157; 2; 0; 0; 1
54; 54H; >; 2; 7; 2; 5; 5; 1
54; 54H; >; 3; 8; 2; 7; 7; 1
54; 54H; >; 4; 9; 2; 9; 9; 1
54; 54H; >; 5; 10; 2; 11; 11; 1
54; 54H; >; 6; 11; 2; 13; 13; 1
54; 54H; >; 1; 157; 2; 30; 30; 2
54; 54H; >; 2; 7; 2; 35; 35; 2
54; 54H; >; 3; 8; 2; 37; 37; 2
54; 54H; >; 4; 9; 2; 39; 39; 2
54; 54H; >; 5; 10; 2; 41; 41; 2
54; 54H; >; 6; 11; 2; 43; 43; 2
54; 54R; <; 1; 11; 2; 33; 33; 1
54; 54R; <; 2; 10; 2; 35; 35; 1
54; 54R; <; 3; 9; 2; 37; 37; 1
54; 54R; <; 4; 8; 2; 39; 39; 1
54; 54R; <; 5; 7; 2; 41; 41; 1
54; 54R; <; 6; 157; 2; 46; 46; 1
54; 54R; <; 1; 11; 2; 3; 3; 2
54; 54R; <; 2; 10; 2; 5; 5; 2
54; 54R; <; 3; 9; 2; 7; 7; 2
54; 54R; <; 4; 8; 2; 9; 9; 2
54; 54R; <; 5; 7; 2; 11; 11; 2
54; 54R; <; 6; 157; 2; 16; 16; 2
56; 56H; >; 1; 161; 2; 0; 0; 1
56; 56H; >; 2; 160; 2; 2; 2; 1
56; 56H; >; 3; 159; 2; 4; 4; 1
56; 56H; >; 4; 9; 2; 11; 11; 1
56; 56H; >; 5; 8; 2; 13; 13; 1
56; 56H; >; 6; 158; 2; 19; 19; 1
56; 56H; >; 1; 161; 2; 30; 30; 2
56; 56H; >; 2; 160; 2; 32; 32; 2
56; 56H; >; 3; 159; 2; 34; 34; 2
56; 56H; >; 4; 9; 2; 41; 41; 2
56; 56H; >; 5; 8; 2; 43; 43; 2
56; 56H; >; 6; 158; 2; 49; 49; 2
56; 56R; <; 1; 158; 2; 0; 0; 1
56; 56R; <; 2; 8; 2; 6; 6; 1
56; 56R; <; 3; 9; 2; 8; 8; 1
56; 56R; <; 4; 159; 2; 15; 15; 1
56; 56R; <; 5; 160; 2; 17; 17; 1
56; 56R; <; 6; 161; 2; 19; 19; 1
56; 56R; <; 1; 158; 2; 30; 30; 2
56; 56R; <; 2; 8; 2; 36; 36; 2
56; 56R; <; 3; 9; 2; 38; 38; 2
56; 56R; <; 4; 159; 2; 45; 45; 2
56; 56R; <; 5; 160; 2; 47; 47; 2
56; 56R; <; 6; 161; 2; 49; 49; 2
57; 57H; >; 1; 156; 2; 12; 12; 1
57; 57H; >; 2; 155; 2; 14; 14; 1
57; 57H; >; 3; 154; 2; 16; 16; 1
57; 57H; >; 4; 4; 2; 19; 19; 1
57; 57H; >; 5; 3; 2; 21; 21; 1
57; 57H; >; 6; 153; 2; 23; 23; 1
57; 57H; >; 1; 156; 2; 42; 42; 2
57; 57H; >; 2; 155; 2; 44; 44; 2
57; 57H; >; 3; 154; 2; 46; 46; 2
57; 57H; >; 4; 4; 2; 49; 49; 2
57; 57H; >; 5; 3; 2; 51; 51; 2
57; 57H; >; 6; 153; 2; 53; 53; 2
57; 57R; <; 1; 153; 2; 41; 41; 1
57; 57R; <; 2; 3; 2; 43; 43; 1
57; 57R; <; 3; 4; 2; 45; 45; 1
57; 57R; <; 4; 154; 2; 48; 48; 1
57; 57R; <; 5; 155; 2; 50; 50; 1
57; 57R; <; 6; 156; 2; 52; 52; 1
57; 57R; <; 1; 153; 2; 11; 11; 2
57; 57R; <; 2; 3; 2; 13; 13; 2
57; 57R; <; 3; 4; 2; 15; 15; 2
57; 57R; <; 4; 154; 2; 18; 18; 2
57; 57R; <; 5; 155; 2; 20; 20; 2
57; 57R; <; 6; 156; 2; 22; 22; 2
61; 61H; >; 1; 92; 2; 16; 16; 1
61; 61H; >; 2; 1; 2; 18; 18; 1
61; 61H; >; 3; 22; 2; 20; 20; 1
61; 61H; >; 4; 32; 2; 21; 21; 1
61; 61H; >; 1; 92; 2; 46; 46; 2
61; 61H; >; 2; 1; 2; 48; 48; 2
61; 61H; >; 3; 22; 2; 50; 50; 2
61; 61H; >; 4; 32; 2; 51; 51; 2
61; 61R; <; 1; 32; 2; 0; 0; 1
61; 61R; <; 2; 22; 2; 1; 1; 1
61; 61R; <; 3; 1; 2; 3; 3; 1
61; 61R; <; 4; 92; 2; 5; 5; 1
61; 61R; <; 1; 32; 2; 30; 30; 2
61; 61R; <; 2; 22; 2; 31; 31; 2
61; 61R; <; 3; 1; 2; 33; 33; 2
61; 61R; <; 4; 92; 2; 35; 35; 2
63; 63H; >; 1; 91; 2; 25; 25; 1
63; 63H; >; 2; 90; 2; 27; 27; 1
63; 63H; >; 3; 89; 2; 29; 29; 1
63; 63H; >; 4; 88; 2; 31; 31; 1
63; 63H; >; 5; 87; 2; 33; 33; 1
63; 63H; >; 6; 86; 2; 35; 35; 1
63; 63H; >; 7; 85; 2; 37; 37; 1
63; 63H; >; 8; 84; 2; 39; 39; 1
63; 63H; >; 9; 83; 2; 41; 41; 1
63; 63H; >; 10; 82; 2; 43; 43; 1
63; 63H; >; 11; 1; 2; 45; 45; 1
63; 63H; >; 12; 2; 2; 47; 47; 1
63; 63H; >; 13; 3; 2; 49; 49; 1
63; 63H; >; 14; 4; 2; 51; 51; 1
63; 63H; >; 15; 5; 2; 53; 53; 1
63; 63H; >; 16; 6; 2; 55; 55; 1
63; 63H; >; 17; 7; 2; 57; 57; 1
63; 63H; >; 18; 8; 2; 59; 59; 1
63; 63H; >; 19; 9; 2; 1; 1; 1
63; 63H; >; 20; 10; 2; 3; 3; 1
63; 63H; >; 21; 11; 2; 5; 5; 1
63; 63H; >; 1; 91; 2; 55; 55; 2
63; 63H; >; 2; 90; 2; 57; 57; 2
63; 63H; >; 3; 89; 2; 59; 59; 2
63; 63H; >; 4; 88; 2; 1; 1; 2
63; 63H; >; 5; 87; 2; 3; 3; 2
63; 63H; >; 6; 86; 2; 5; 5; 2
63; 63H; >; 7; 85; 2; 7; 7; 2
63; 63H; >; 8; 84; 2; 9; 9; 2
63; 63H; >; 9; 83; 2; 11; 11; 2
63; 63H; >; 10; 82; 2; 13; 13; 2
63; 63H; >; 11; 1; 2; 15; 15; 2
63; 63H; >; 12; 2; 2; 17; 17; 2
63; 63H; >; 13; 3; 2; 19; 19; 2
63; 63H; >; 14; 4; 2; 21; 21; 2
63; 63H; >; 15; 5; 2; 23; 23; 2
63; 63H; >; 16; 6; 2; 25; 25; 2
63; 63H; >; 17; 7; 2; 27; 27; 2
63; 63H; >; 18; 8; 2; 29; 29; 2
63; 63H; >; 19; 9; 2; 31; 31; 2
63; 63H; >; 20; 10; 2; 33; 33; 2
63; 63H; >; 21; 11; 2; 35; 35; 2
63; 63R; <; 1; 11; 2; 1; 1; 1
63; 63R; <; 2; 10; 2; 3; 3; 1
63; 63R; <; 3; 9; 2; 5; 5; 1
63; 63R; <; 4; 8; 2; 7; 7; 1
63; 63R; <; 5; 7; 2; 9; 9; 1
63; 63R; <; 6; 6; 2; 11; 11; 1
63; 63R; <; 7; 5; 2; 13; 13; 1
63; 63R; <; 8; 4; 2; 15; 15; 1
63; 63R; <; 9; 3; 2; 17; 17; 1
63; 63R; <; 10; 2; 2; 19; 19; 1
63; 63R; <; 11; 1; 2; 21; 21; 1
63; 63R; <; 12; 82; 2; 23; 23; 1
63; 63R; <; 13; 83; 2; 25; 25; 1
63; 63R; <; 14; 84; 2; 27; 27; 1
63; 63R; <; 15; 85; 2; 29; 29; 1
63; 63R; <; 16; 86; 2; 31; 31; 1
63; 63R; <; 17; 87; 2; 33; 33; 1
63; 63R; <; 18; 88; 2; 35; 35; 1
63; 63R; <; 19; 89; 2; 37; 37; 1
63; 63R; <; 20; 90; 2; 39; 39; 1
63; 63R; <; 21; 91; 2; 41; 41; 1
63; 63R; <; 1; 11; 2; 31; 31; 2
63; 63R; <; 2; 10; 2; 33; 33; 2
63; 63R; <; 3; 9; 2; 35; 35; 2
63; 63R; <; 4; 8; 2; 37; 37; 2
63; 63R; <; 5; 7; 2; 39; 39; 2
63; 63R; <; 6; 6; 2; 41; 41; 2
63; 63R; <; 7; 5; 2; 43; 43; 2
63; 63R; <; 8; 4; 2; 45; 45; 2
63; 63R; <; 9; 3; 2; 47; 47; 2
63; 63R; <; 10; 2; 2; 49; 49; 2
63; 63R; <; 11; 1; 2; 51; 51; 2
63; 63R; <; 12; 82; 2; 53; 53; 2
63; 63R; <; 13; 83; 2; 55; 55; 2
63; 63R; <; 14; 84; 2; 57; 57; 2
63; 63R; <; 15; 85; 2; 59; 59; 2
63; 63R; <; 16; 86; 2; 1; 1; 2
63; 63R; <; 17; 87; 2; 3; 3; 2
63; 63R; <; 18; 88; 2; 5; 5; 2
63; 63R; <; 19; 89; 2; 7; 7; 2
63; 63R; <; 20; 90; 2; 9; 9; 2
63; 63R; <; 21; 91; 2; 11; 11; 2
64; 64H; >; 1; 81; 2; 28; 28; 1
64; 64H; >; 2; 80; 2; 30; 30; 1
64; 64H; >; 3; 79; 2; 32; 32; 1
64; 64H; >; 4; 78; 2; 34; 34; 1
64; 64H; >; 5; 77; 2; 36; 36; 1
64; 64H; >; 6; 76; 2; 38; 38; 1
64; 64H; >; 7; 75; 2; 40; 40; 1
64; 64H; >; 8; 74; 2; 42; 42; 1
64; 64H; >; 9; 73; 2; 44; 44; 1
64; 64H; >; 10; 72; 2; 46; 46; 1
64; 64H; >; 11; 1; 2; 48; 48; 1
64; 64H; >; 12; 152; 2; 50; 50; 1
64; 64H; >; 13; 153; 2; 52; 52; 1
64; 64H; >; 14; 154; 2; 54; 54; 1
64; 64H; >; 15; 155; 2; 56; 56; 1
64; 64H; >; 16; 156; 2; 58; 58; 1
64; 64H; >; 17; 157; 2; 0; 0; 1
64; 64H; >; 18; 158; 2; 2; 2; 1
64; 64H; >; 19; 159; 2; 4; 4; 1
64; 64H; >; 20; 160; 2; 6; 6; 1
64; 64H; >; 21; 161; 2; 8; 8; 1
64; 64H; >; 1; 81; 2; 58; 58; 2
64; 64H; >; 2; 80; 2; 0; 0; 2
64; 64H; >; 3; 79; 2; 2; 2; 2
64; 64H; >; 4; 78; 2; 4; 4; 2
64; 64H; >; 5; 77; 2; 6; 6; 2
64; 64H; >; 6; 76; 2; 8; 8; 2
64; 64H; >; 7; 75; 2; 10; 10; 2
64; 64H; >; 8; 74; 2; 12; 12; 2
64; 64H; >; 9; 73; 2; 14; 14; 2
64; 64H; >; 10; 72; 2; 16; 16; 2
64; 64H; >; 11; 1; 2; 18; 18; 2
64; 64H; >; 12; 152; 2; 20; 20; 2
64; 64H; >; 13; 153; 2; 22; 22; 2
64; 64H; >; 14; 154; 2; 24; 24; 2
64; 64H; >; 15; 155; 2; 26; 26; 2
64; 64H; >; 16; 156; 2; 28; 28; 2
64; 64H; >; 17; 157; 2; 30; 30; 2
64; 64H; >; 18; 158; 2; 32; 32; 2
64; 64H; >; 19; 159; 2; 34; 34; 2
64; 64H; >; 20; 160; 2; 36; 36; 2
64; 64H; >; 21; 161; 2; 38; 38; 2
64; 64R; <; 1; 161; 2; 28; 28; 1
64; 64R; <; 2; 160; 2; 30; 30; 1
64; 64R; <; 3; 159; 2; 32; 32; 1
64; 64R; <; 4; 158; 2; 34; 34; 1
64; 64R; <; 5; 157; 2; 36; 36; 1
64; 64R; <; 6; 156; 2; 38; 38; 1
64; 64R; <; 7; 155; 2; 40; 40; 1
64; 64R; <; 8; 154; 2; 42; 42; 1
64; 64R; <; 9; 153; 2; 44; 44; 1
64; 64R; <; 10; 152; 2; 46; 46; 1
64; 64R; <; 11; 1; 2; 48; 48; 1
64; 64R; <; 12; 72; 2; 50; 50; 1
64; 64R; <; 13; 73; 2; 52; 52; 1
64; 64R; <; 14; 74; 2; 54; 54; 1
64; 64R; <; 15; 75; 2; 56; 56; 1
64; 64R; <; 16; 76; 2; 58; 58; 1
64; 64R; <; 17; 77; 2; 0; 0; 1
64; 64R; <; 18; 78; 2; 2; 2; 1
64; 64R; <; 19; 79; 2; 4; 4; 1
64; 64R; <; 20; 80; 2; 6; 6; 1
64; 64R; <; 21; 81; 2; 8; 8; 1
64; 64R; <; 1; 161; 2; 58; 58; 2
64; 64R; <; 2; 160; 2; 0; 0; 2
64; 64R; <; 3; 159; 2; 2; 2; 2
64; 64R; <; 4; 158; 2; 4; 4; 2
64; 64R; <; 5; 157; 2; 6; 6; 2
64; 64R; <; 6; 156; 2; 8; 8; 2
64; 64R; <; 7; 155; 2; 10; 10; 2
64; 64R; <; 8; 154; 2; 12; 12; 2
64; 64R; <; 9; 153; 2; 14; 14; 2
64; 64R; <; 10; 152; 2; 16; 16; 2
64; 64R; <; 11; 1; 2; 18; 18; 2
64; 64R; <; 12; 72; 2; 20; 20; 2
64; 64R; <; 13; 73; 2; 22; 22; 2
64; 64R; <; 14; 74; 2; 24; 24; 2
64; 64R; <; 15; 75; 2; 26; 26; 2
64; 64R; <; 16; 76; 2; 28; 28; 2
64; 64R; <; 17; 77; 2; 30; 30; 2
64; 64R; <; 18; 78; 2; 32; 32; 2
64; 64R; <; 19; 79; 2; 34; 34; 2
64; 64R; <; 20; 80; 2; 36; 36; 2
64; 64R; <; 21; 81; 2; 38; 38; 2
65; 65H; >; 1; 71; 2; 4; 4; 1
65; 65H; >; 2; 70; 2; 6; 6; 1
65; 65H; >; 3; 69; 2; 8; 8; 1
65; 65H; >; 4; 68; 2; 10; 10; 1
65; 65H; >; 5; 67; 2; 12; 12; 1
65; 65H; >; 6; 66; 2; 14; 14; 1
65; 65H; >; 7; 65; 2; 16; 16; 1
65; 65H; >; 8; 64; 2; 18; 18; 1
65; 65H; >; 9; 63; 2; 20; 20; 1
65; 65H; >; 10; 62; 2; 22; 22; 1
65; 65H; >; 11; 1; 2; 24; 24; 1
65; 65H; >; 12; 142; 2; 26; 26; 1
65; 65H; >; 13; 143; 2; 28; 28; 1
65; 65H; >; 14; 144; 2; 30; 30; 1
65; 65H; >; 15; 145; 2; 32; 32; 1
65; 65H; >; 16; 146; 2; 34; 34; 1
65; 65H; >; 17; 147; 2; 36; 36; 1
65; 65H; >; 18; 148; 2; 38; 38; 1
65; 65H; >; 19; 149; 2; 40; 40; 1
65; 65H; >; 20; 150; 2; 42; 42; 1
65; 65H; >; 21; 151; 2; 44; 44; 1
65; 65H; >; 1; 71; 2; 34; 34; 2
65; 65H; >; 2; 70; 2; 36; 36; 2
65; 65H; >; 3; 69; 2; 38; 38; 2
65; 65H; >; 4; 68; 2; 40; 40; 2
65; 65H; >; 5; 67; 2; 42; 42; 2
65; 65H; >; 6; 66; 2; 44; 44; 2
65; 65H; >; 7; 65; 2; 46; 46; 2
65; 65H; >; 8; 64; 2; 48; 48; 2
65; 65H; >; 9; 63; 2; 50; 50; 2
65; 65H; >; 10; 62; 2; 52; 52; 2
65; 65H; >; 11; 1; 2; 54; 54; 2
65; 65H; >; 12; 142; 2; 56; 56; 2
65; 65H; >; 13; 143; 2; 58; 58; 2
65; 65H; >; 14; 144; 2; 0; 0; 2
65; 65H; >; 15; 145; 2; 2; 2; 2
65; 65H; >; 16; 146; 2; 4; 4; 2
65; 65H; >; 17; 147; 2; 6; 6; 2
65; 65H; >; 18; 148; 2; 8; 8; 2
65; 65H; >; 19; 149; 2; 10; 10; 2
65; 65H; >; 20; 150; 2; 12; 12; 2
65; 65H; >; 21; 151; 2; 14; 14; 2
65; 65R; <; 1; 151; 2; 25; 25; 1
65; 65R; <; 2; 150; 2; 27; 27; 1
65; 65R; <; 3; 149; 2; 29; 29; 1
65; 65R; <; 4; 148; 2; 31; 31; 1
65; 65R; <; 5; 147; 2; 33; 33; 1
65; 65R; <; 6; 146; 2; 35; 35; 1
65; 65R; <; 7; 145; 2; 37; 37; 1
65; 65R; <; 8; 144; 2; 39; 39; 1
65; 65R; <; 9; 143; 2; 41; 41; 1
65; 65R; <; 10; 142; 2; 43; 43; 1
65; 65R; <; 11; 1; 2; 45; 45; 1
65; 65R; <; 12; 62; 2; 47; 47; 1
65; 65R; <; 13; 63; 2; 49; 49; 1
65; 65R; <; 14; 64; 2; 51; 51; 1
65; 65R; <; 15; 65; 2; 53; 53; 1
65; 65R; <; 16; 66; 2; 55; 55; 1
65; 65R; <; 17; 67; 2; 57; 57; 1
65; 65R; <; 18; 68; 2; 59; 59; 1
65; 65R; <; 19; 69; 2; 1; 1; 1
65; 65R; <; 20; 70; 2; 3; 3; 1
65; 65R; <; 21; 71; 2; 5; 5; 1
65; 65R; <; 1; 151; 2; 55; 55; 2
65; 65R; <; 2; 150; 2; 57; 57; 2
65; 65R; <; 3; 149; 2; 59; 59; 2
65; 65R; <; 4; 148; 2; 1; 1; 2
65; 65R; <; 5; 147; 2; 3; 3; 2
65; 65R; <; 6; 146; 2; 5; 5; 2
65; 65R; <; 7; 145; 2; 7; 7; 2
65; 65R; <; 8; 144; 2; 9; 9; 2
65; 65R; <; 9; 143; 2; 11; 11; 2
65; 65R; <; 10; 142; 2; 13; 13; 2
65; 65R; <; 11; 1; 2; 15; 15; 2
65; 65R; <; 12; 62; 2; 17; 17; 2
65; 65R; <; 13; 63; 2; 19; 19; 2
65; 65R; <; 14; 64; 2; 21; 21; 2
65; 65R; <; 15; 65; 2; 23; 23; 2
65; 65R; <; 16; 66; 2; 25; 25; 2
65; 65R; <; 17; 67; 2; 27; 27; 2
65; 65R; <; 18; 68; 2; 29; 29; 2
65; 65R; <; 19; 69; 2; 31; 31; 2
65; 65R; <; 20; 70; 2; 33; 33; 2
65; 65R; <; 21; 71; 2; 35; 35; 2
66; 66H; >; 1; 61; 2; 55; 55; 1
66; 66H; >; 2; 60; 2; 57; 57; 1
66; 66H; >; 3; 59; 2; 59; 59; 1
66; 66H; >; 4; 58; 2; 1; 1; 1
66; 66H; >; 5; 57; 2; 3; 3; 1
66; 66H; >; 6; 56; 2; 5; 5; 1
66; 66H; >; 7; 55; 2; 7; 7; 1
66; 66H; >; 8; 54; 2; 9; 9; 1
66; 66H; >; 9; 53; 2; 11; 11; 1
66; 66H; >; 10; 52; 2; 13; 13; 1
66; 66H; >; 11; 1; 2; 15; 15; 1
66; 66H; >; 12; 132; 2; 17; 17; 1
66; 66H; >; 13; 133; 2; 19; 19; 1
66; 66H; >; 14; 134; 2; 21; 21; 1
66; 66H; >; 15; 135; 2; 23; 23; 1
66; 66H; >; 16; 136; 2; 25; 25; 1
66; 66H; >; 17; 137; 2; 27; 27; 1
66; 66H; >; 18; 138; 2; 29; 29; 1
66; 66H; >; 19; 139; 2; 31; 31; 1
66; 66H; >; 20; 140; 2; 33; 33; 1
66; 66H; >; 21; 141; 2; 35; 35; 1
66; 66H; >; 1; 61; 2; 25; 25; 2
66; 66H; >; 2; 60; 2; 27; 27; 2
66; 66H; >; 3; 59; 2; 29; 29; 2
66; 66H; >; 4; 58; 2; 31; 31; 2
66; 66H; >; 5; 57; 2; 33; 33; 2
66; 66H; >; 6; 56; 2; 35; 35; 2
66; 66H; >; 7; 55; 2; 37; 37; 2
66; 66H; >; 8; 54; 2; 39; 39; 2
66; 66H; >; 9; 53; 2; 41; 41; 2
66; 66H; >; 10; 52; 2; 43; 43; 2
66; 66H; >; 11; 1; 2; 45; 45; 2
66; 66H; >; 12; 132; 2; 47; 47; 2
66; 66H; >; 13; 133; 2; 49; 49; 2
66; 66H; >; 14; 134; 2; 51; 51; 2
66; 66H; >; 15; 135; 2; 53; 53; 2
66; 66H; >; 16; 136; 2; 55; 55; 2
66; 66H; >; 17; 137; 2; 57; 57; 2
66; 66H; >; 18; 138; 2; 59; 59; 2
66; 66H; >; 19; 139; 2; 1; 1; 2
66; 66H; >; 20; 140; 2; 3; 3; 2
66; 66H; >; 21; 141; 2; 5; 5; 2
66; 66R; <; 1; 141; 2; 34; 34; 1
66; 66R; <; 2; 140; 2; 36; 36; 1
66; 66R; <; 3; 139; 2; 38; 38; 1
66; 66R; <; 4; 138; 2; 40; 40; 1
66; 66R; <; 5; 137; 2; 42; 42; 1
66; 66R; <; 6; 136; 2; 44; 44; 1
66; 66R; <; 7; 135; 2; 46; 46; 1
66; 66R; <; 8; 134; 2; 48; 48; 1
66; 66R; <; 9; 133; 2; 50; 50; 1
66; 66R; <; 10; 132; 2; 52; 52; 1
66; 66R; <; 11; 1; 2; 54; 54; 1
66; 66R; <; 12; 52; 2; 56; 56; 1
66; 66R; <; 13; 53; 2; 58; 58; 1
66; 66R; <; 14; 54; 2; 0; 0; 1
66; 66R; <; 15; 55; 2; 2; 2; 1
66; 66R; <; 16; 56; 2; 4; 4; 1
66; 66R; <; 17; 57; 2; 6; 6; 1
66; 66R; <; 18; 58; 2; 8; 8; 1
66; 66R; <; 19; 59; 2; 10; 10; 1
66; 66R; <; 20; 60; 2; 12; 12; 1
66; 66R; <; 21; 61; 2; 14; 14; 1
66; 66R; <; 1; 141; 2; 4; 4; 2
66; 66R; <; 2; 140; 2; 6; 6; 2
66; 66R; <; 3; 139; 2; 8; 8; 2
66; 66R; <; 4; 138; 2; 10; 10; 2
66; 66R; <; 5; 137; 2; 12; 12; 2
66; 66R; <; 6; 136; 2; 14; 14; 2
66; 66R; <; 7; 135; 2; 16; 16; 2
66; 66R; <; 8; 134; 2; 18; 18; 2
66; 66R; <; 9; 133; 2; 20; 20; 2
66; 66R; <; 10; 132; 2; 22; 22; 2
66; 66R; <; 11; 1; 2; 24; 24; 2
66; 66R; <; 12; 52; 2; 26; 26; 2
66; 66R; <; 13; 53; 2; 28; 28; 2
66; 66R; <; 14; 54; 2; 30; 30; 2
66; 66R; <; 15; 55; 2; 32; 32; 2
66; 66R; <; 16; 56; 2; 34; 34; 2
66; 66R; <; 17; 57; 2; 36; 36; 2
66; 66R; <; 18; 58; 2; 38; 38; 2
66; 66R; <; 19; 59; 2; 40; 40; 2
66; 66R; <; 20; 60; 2; 42; 42; 2
66; 66R; <; 21; 61; 2; 44; 44; 2
68; 68H; >; 1; 41; 2; 55; 55; 1
68; 68H; >; 2; 40; 2; 57; 57; 1
68; 68H; >; 3; 39; 2; 59; 59; 1
68; 68H; >; 4; 38; 2; 1; 1; 1
68; 68H; >; 5; 37; 2; 3; 3; 1
68; 68H; >; 6; 36; 2; 5; 5; 1
68; 68H; >; 7; 35; 2; 7; 7; 1
68; 68H; >; 8; 34; 2; 9; 9; 1
68; 68H; >; 9; 33; 2; 11; 11; 1
68; 68H; >; 10; 32; 2; 13; 13; 1
68; 68H; >; 11; 1; 2; 15; 15; 1
68; 68H; >; 12; 112; 2; 17; 17; 1
68; 68H; >; 13; 113; 2; 19; 19; 1
68; 68H; >; 14; 114; 2; 21; 21; 1
68; 68H; >; 15; 115; 2; 23; 23; 1
68; 68H; >; 16; 116; 2; 25; 25; 1
68; 68H; >; 17; 117; 2; 27; 27; 1
68; 68H; >; 18; 118; 2; 29; 29; 1
68; 68H; >; 19; 119; 2; 31; 31; 1
68; 68H; >; 20; 120; 2; 33; 33; 1
68; 68H; >; 21; 121; 2; 35; 35; 1
68; 68H; >; 1; 41; 2; 25; 25; 2
68; 68H; >; 2; 40; 2; 27; 27; 2
68; 68H; >; 3; 39; 2; 29; 29; 2
68; 68H; >; 4; 38; 2; 31; 31; 2
68; 68H; >; 5; 37; 2; 33; 33; 2
68; 68H; >; 6; 36; 2; 35; 35; 2
68; 68H; >; 7; 35; 2; 37; 37; 2
68; 68H; >; 8; 34; 2; 39; 39; 2
68; 68H; >; 9; 33; 2; 41; 41; 2
68; 68H; >; 10; 32; 2; 43; 43; 2
68; 68H; >; 11; 1; 2; 45; 45; 2
68; 68H; >; 12; 112; 2; 47; 47; 2
68; 68H; >; 13; 113; 2; 49; 49; 2
68; 68H; >; 14; 114; 2; 51; 51; 2
68; 68H; >; 15; 115; 2; 53; 53; 2
68; 68H; >; 16; 116; 2; 55; 55; 2
68; 68H; >; 17; 117; 2; 57; 57; 2
68; 68H; >; 18; 118; 2; 59; 59; 2
68; 68H; >; 19; 119; 2; 1; 1; 2
68; 68H; >; 20; 120; 2; 3; 3; 2
68; 68H; >; 21; 121; 2; 5; 5; 2
68; 68R; <; 1; 121; 2; 55; 55; 1
68; 68R; <; 2; 120; 2; 57; 57; 1
68; 68R; <; 3; 119; 2; 59; 59; 1
68; 68R; <; 4; 118; 2; 1; 1; 1
68; 68R; <; 5; 117; 2; 3; 3; 1
68; 68R; <; 6; 116; 2; 5; 5; 1
68; 68R; <; 7; 115; 2; 7; 7; 1
68; 68R; <; 8; 114; 2; 9; 9; 1
68; 68R; <; 9; 113; 2; 11; 11; 1
68; 68R; <; 10; 112; 2; 13; 13; 1
68; 68R; <; 11; 1; 2; 15; 15; 1
68; 68R; <; 12; 32; 2; 17; 17; 1
68; 68R; <; 13; 33; 2; 19; 19; 1
68; 68R; <; 14; 34; 2; 21; 21; 1
68; 68R; <; 15; 35; 2; 23; 23; 1
68; 68R; <; 16; 36; 2; 25; 25; 1
68; 68R; <; 17; 37; 2; 27; 27; 1
68; 68R; <; 18; 38; 2; 29; 29; 1
68; 68R; <; 19; 39; 2; 31; 31; 1
68; 68R; <; 20; 40; 2; 33; 33; 1
68; 68R; <; 21; 41; 2; 35; 35; 1
68; 68R; <; 1; 121; 2; 25; 25; 2
68; 68R; <; 2; 120; 2; 27; 27; 2
68; 68R; <; 3; 119; 2; 29; 29; 2
68; 68R; <; 4; 118; 2; 31; 31; 2
68; 68R; <; 5; 117; 2; 33; 33; 2
68; 68R; <; 6; 116; 2; 35; 35; 2
68; 68R; <; 7; 115; 2; 37; 37; 2
68; 68R; <; 8; 114; 2; 39; 39; 2
68; 68R; <; 9; 113; 2; 41; 41; 2
68; 68R; <; 10; 112; 2; 43; 43; 2
68; 68R; <; 11; 1; 2; 45; 45; 2
68; 68R; <; 12; 32; 2; 47; 47; 2
68; 68R; <; 13; 33; 2; 49; 49; 2
68; 68R; <; 14; 34; 2; 51; 51; 2
68; 68R; <; 15; 35; 2; 53; 53; 2
68; 68R; <; 16; 36; 2; 55; 55; 2
68; 68R; <; 17; 37; 2; 57; 57; 2
68; 68R; <; 18; 38; 2; 59; 59; 2
68; 68R; <; 19; 39; 2; 1; 1; 2
68; 68R; <; 20; 40; 2; 3; 3; 2
68; 68R; <; 21; 41; 2; 5; 5; 2
69; 69H; >; 1; 31; 2; 55; 55; 1
69; 69H; >; 2; 30; 2; 57; 57; 1
69; 69H; >; 3; 29; 2; 59; 59; 1
69; 69H; >; 4; 28; 2; 1; 1; 1
69; 69H; >; 5; 27; 2; 3; 3; 1
69; 69H; >; 6; 26; 2; 5; 5; 1
69; 69H; >; 7; 25; 2; 7; 7; 1
69; 69H; >; 8; 24; 2; 9; 9; 1
69; 69H; >; 9; 23; 2; 11; 11; 1
69; 69H; >; 10; 22; 2; 13; 13; 1
69; 69H; >; 11; 1; 2; 15; 15; 1
69; 69H; >; 12; 102; 2; 17; 17; 1
69; 69H; >; 13; 103; 2; 19; 19; 1
69; 69H; >; 14; 104; 2; 21; 21; 1
69; 69H; >; 15; 105; 2; 23; 23; 1
69; 69H; >; 16; 106; 2; 25; 25; 1
69; 69H; >; 17; 107; 2; 27; 27; 1
69; 69H; >; 18; 108; 2; 29; 29; 1
69; 69H; >; 19; 109; 2; 31; 31; 1
69; 69H; >; 20; 110; 2; 33; 33; 1
69; 69H; >; 21; 111; 2; 35; 35; 1
69; 69H; >; 1; 31; 2; 25; 25; 2
69; 69H; >; 2; 30; 2; 27; 27; 2
69; 69H; >; 3; 29; 2; 29; 29; 2
69; 69H; >; 4; 28; 2; 31; 31; 2
69; 69H; >; 5; 27; 2; 33; 33; 2
69; 69H; >; 6; 26; 2; 35; 35; 2
69; 69H; >; 7; 25; 2; 37; 37; 2
69; 69H; >; 8; 24; 2; 39; 39; 2
69; 69H; >; 9; 23; 2; 41; 41; 2
69; 69H; >; 10; 22; 2; 43; 43; 2
69; 69H; >; 11; 1; 2; 45; 45; 2
69; 69H; >; 12; 102; 2; 47; 47; 2
69; 69H; >; 13; 103; 2; 49; 49; 2
69; 69H; >; 14; 104; 2; 51; 51; 2
69; 69H; >; 15; 105; 2; 53; 53; 2
69; 69H; >; 16; 106; 2; 55; 55; 2
69; 69H; >; 17; 107; 2; 57; 57; 2
69; 69H; >; 18; 108; 2; 59; 59; 2
69; 69H; >; 19; 109; 2; 1; 1; 2
69; 69H; >; 20; 110; 2; 3; 3; 2
69; 69H; >; 21; 111; 2; 5; 5; 2
69; 69R; <; 1; 111; 2; 1; 1; 1
69; 69R; <; 2; 110; 2; 3; 3; 1
69; 69R; <; 3; 109; 2; 5; 5; 1
69; 69R; <; 4; 108; 2; 7; 7; 1
69; 69R; <; 5; 107; 2; 9; 9; 1
69; 69R; <; 6; 106; 2; 11; 11; 1
69; 69R; <; 7; 105; 2; 13; 13; 1
69; 69R; <; 8; 104; 2; 15; 15; 1
69; 69R; <; 9; 103; 2; 17; 17; 1
69; 69R; <; 10; 102; 2; 19; 19; 1
69; 69R; <; 11; 1; 2; 21; 21; 1
69; 69R; <; 12; 22; 2; 23; 23; 1
69; 69R; <; 13; 23; 2; 25; 25; 1
69; 69R; <; 14; 24; 2; 27; 27; 1
69; 69R; <; 15; 25; 2; 29; 29; 1
69; 69R; <; 16; 26; 2; 31; 31; 1
69; 69R; <; 17; 27; 2; 33; 33; 1
69; 69R; <; 18; 28; 2; 35; 35; 1
69; 69R; <; 19; 29; 2; 37; 37; 1
69; 69R; <; 20; 30; 2; 39; 39; 1
69; 69R; <; 21; 31; 2; 41; 41; 1
69; 69R; <; 1; 111; 2; 31; 31; 2
69; 69R; <; 2; 110; 2; 33; 33; 2
69; 69R; <; 3; 109; 2; 35; 35; 2
69; 69R; <; 4; 108; 2; 37; 37; 2
69; 69R; <; 5; 107; 2; 39; 39; 2
69; 69R; <; 6; 106; 2; 41; 41; 2
69; 69R; <; 7; 105; 2; 43; 43; 2
69; 69R; <; 8; 104; 2; 45; 45; 2
69; 69R; <; 9; 103; 2; 47; 47; 2
69; 69R; <; 10; 102; 2; 49; 49; 2
69; 69R; <; 11; 1; 2; 51; 51; 2
69; 69R; <; 12; 22; 2; 53; 53; 2
69; 69R; <; 13; 23; 2; 55; 55; 2
69; 69R; <; 14; 24; 2; 57; 57; 2
69; 69R; <; 15; 25; 2; 59; 59; 2
69; 69R; <; 16; 26; 2; 1; 1; 2
69; 69R; <; 17; 27; 2; 3; 3; 2
69; 69R; <; 18; 28; 2; 5; 5; 2
69; 69R; <; 19; 29; 2; 7; 7; 2
69; 69R; <; 20; 30; 2; 9; 9; 2
69; 69R; <; 21; 31; 2; 11; 11; 2
70; 70H; >; 1; 21; 2; 52; 52; 1
70; 70H; >; 2; 20; 2; 54; 54; 1
70; 70H; >; 3; 19; 2; 56; 56; 1
70; 70H; >; 4; 18; 2; 58; 58; 1
70; 70H; >; 5; 17; 2; 0; 0; 1
70; 70H; >; 6; 16; 2; 2; 2; 1
70; 70H; >; 7; 15; 2; 4; 4; 1
70; 70H; >; 8; 14; 2; 6; 6; 1
70; 70H; >; 9; 13; 2; 8; 8; 1
70; 70H; >; 10; 12; 2; 10; 10; 1
70; 70H; >; 11; 1; 2; 12; 12; 1
70; 70H; >; 12; 92; 2; 14; 14; 1
70; 70H; >; 13; 93; 2; 16; 16; 1
70; 70H; >; 14; 94; 2; 18; 18; 1
70; 70H; >; 15; 95; 2; 20; 20; 1
70; 70H; >; 16; 96; 2; 22; 22; 1
70; 70H; >; 17; 97; 2; 24; 24; 1
70; 70H; >; 18; 98; 2; 26; 26; 1
70; 70H; >; 19; 99; 2; 28; 28; 1
70; 70H; >; 20; 100; 2; 30; 30; 1
70; 70H; >; 21; 101; 2; 32; 32; 1
70; 70H; >; 1; 21; 2; 22; 22; 2
70; 70H; >; 2; 20; 2; 24; 24; 2
70; 70H; >; 3; 19; 2; 26; 26; 2
70; 70H; >; 4; 18; 2; 28; 28; 2
70; 70H; >; 5; 17; 2; 30; 30; 2
70; 70H; >; 6; 16; 2; 32; 32; 2
70; 70H; >; 7; 15; 2; 34; 34; 2
70; 70H; >; 8; 14; 2; 36; 36; 2
70; 70H; >; 9; 13; 2; 38; 38; 2
70; 70H; >; 10; 12; 2; 40; 40; 2
70; 70H; >; 11; 1; 2; 42; 42; 2
70; 70H; >; 12; 92; 2; 44; 44; 2
70; 70H; >; 13; 93; 2; 46; 46; 2
70; 70H; >; 14; 94; 2; 48; 48; 2
70; 70H; >; 15; 95; 2; 50; 50; 2
70; 70H; >; 16; 96; 2; 52; 52; 2
70; 70H; >; 17; 97; 2; 54; 54; 2
70; 70H; >; 18; 98; 2; 56; 56; 2
70; 70H; >; 19; 99; 2; 58; 58; 2
70; 70H; >; 20; 100; 2; 0; 0; 2
70; 70H; >; 21; 101; 2; 2; 2; 2
70; 70R; <; 1; 101; 2; 31; 31; 1
70; 70R; <; 2; 100; 2; 33; 33; 1
70; 70R; <; 3; 99; 2; 35; 35; 1
70; 70R; <; 4; 98; 2; 37; 37; 1
70; 70R; <; 5; 97; 2; 39; 39; 1
70; 70R; <; 6; 96; 2; 41; 41; 1
70; 70R; <; 7; 95; 2; 43; 43; 1
70; 70R; <; 8; 94; 2; 45; 45; 1
70; 70R; <; 9; 93; 2; 47; 47; 1
70; 70R; <; 10; 92; 2; 49; 49; 1
70; 70R; <; 11; 1; 2; 51; 51; 1
70; 70R; <; 12; 12; 2; 53; 53; 1
70; 70R; <; 13; 13; 2; 55; 55; 1
70; 70R; <; 14; 14; 2; 57; 57; 1
70; 70R; <; 15; 15; 2; 59; 59; 1
70; 70R; <; 16; 16; 2; 1; 1; 1
70; 70R; <; 17; 17; 2; 3; 3; 1
70; 70R; <; 18; 18; 2; 5; 5; 1
70; 70R; <; 19; 19; 2; 7; 7; 1
70; 70R; <; 20; 20; 2; 9; 9; 1
70; 70R; <; 21; 21; 2; 11; 11; 1
70; 70R; <; 1; 101; 2; 1; 1; 2
70; 70R; <; 2; 100; 2; 3; 3; 2
70; 70R; <; 3; 99; 2; 5; 5; 2
70; 70R; <; 4; 98; 2; 7; 7; 2
70; 70R; <; 5; 97; 2; 9; 9; 2
70; 70R; <; 6; 96; 2; 11; 11; 2
70; 70R; <; 7; 95; 2; 13; 13; 2
70; 70R; <; 8; 94; 2; 15; 15; 2
70; 70R; <; 9; 93; 2; 17; 17; 2
70; 70R; <; 10; 92; 2; 19; 19; 2
70; 70R; <; 11; 1; 2; 21; 21; 2
70; 70R; <; 12; 12; 2; 23; 23; 2
70; 70R; <; 13; 13; 2; 25; 25; 2
70; 70R; <; 14; 14; 2; 27; 27; 2
70; 70R; <; 15; 15; 2; 29; 29; 2
70; 70R; <; 16; 16; 2; 31; 31; 2
70; 70R; <; 17; 17; 2; 33; 33; 2
70; 70R; <; 18; 18; 2; 35; 35; 2
70; 70R; <; 19; 19; 2; 37; 37; 2
70; 70R; <; 20; 20; 2; 39; 39; 2
70; 70R; <; 21; 21; 2; 41; 41; 2
