#event-id; time
1; 50
2; 55
3; 55
4; 0
5; 0
6; 5
7; 5
8; 7
9; 7
10; 15
11; 15
12; 23
13; 23
14; 31
15; 31
16; 39
17; 39
18; 47
19; 47
20; 55
21; 55
22; 3
23; 3
24; 11
25; 11
26; 19
27; 19
28; 27
29; 27
30; 35
31; 35
32; 37
33; 37
34; 42
35; 42
36; 47
37; 47
38; 52
39; 52
40; 57
41; 57
42; 2
43; 2
44; 7
45; 7
46; 12
47; 20
48; 25
49; 25
50; 30
51; 30
52; 35
53; 35
54; 37
55; 37
56; 45
57; 45
58; 53
59; 53
60; 1
61; 1
62; 9
63; 9
64; 17
65; 17
66; 25
67; 25
68; 33
69; 33
70; 41
71; 41
72; 49
73; 49
74; 57
75; 57
76; 5
77; 5
78; 7
79; 7
80; 12
81; 12
82; 17
83; 17
84; 22
85; 22
86; 27
87; 27
88; 32
89; 32
90; 37
91; 37
92; 42
93; 0
94; 5
95; 5
96; 10
97; 10
98; 15
99; 15
100; 20
101; 20
102; 25
103; 25
104; 30
105; 30
106; 35
107; 35
108; 37
109; 37
110; 45
111; 45
112; 53
113; 53
114; 1
115; 1
116; 9
117; 9
118; 17
119; 17
120; 25
121; 25
122; 33
123; 33
124; 41
125; 41
126; 49
127; 49
128; 57
129; 57
130; 5
131; 5
132; 7
133; 7
134; 12
135; 12
136; 17
137; 17
138; 22
139; 30
140; 35
141; 35
142; 40
143; 40
144; 45
145; 45
146; 50
147; 50
148; 55
149; 55
150; 0
151; 0
152; 5
153; 5
154; 7
155; 7
156; 15
157; 15
158; 23
159; 23
160; 31
161; 31
162; 39
163; 39
164; 47
165; 47
166; 55
167; 55
168; 3
169; 3
170; 11
171; 11
172; 19
173; 19
174; 27
175; 27
176; 35
177; 35
178; 37
179; 37
180; 42
181; 42
182; 47
183; 47
184; 52
185; 25
186; 31
187; 31
188; 37
189; 37
190; 43
191; 43
192; 49
193; 49
194; 55
195; 55
196; 1
197; 1
198; 7
199; 7
200; 13
201; 13
202; 19
203; 19
204; 25
205; 25
206; 31
207; 31
208; 37
209; 37
210; 43
211; 43
212; 49
213; 49
214; 55
215; 55
216; 57
217; 57
218; 59
219; 59
220; 2
221; 2
222; 5
223; 5
224; 8
225; 8
226; 11
227; 55
228; 1
229; 1
230; 7
231; 7
232; 13
233; 13
234; 19
235; 19
236; 25
237; 25
238; 31
239; 31
240; 37
241; 37
242; 43
243; 43
244; 49
245; 49
246; 55
247; 55
248; 1
249; 1
250; 7
251; 7
252; 13
253; 13
254; 19
255; 19
256; 25
257; 25
258; 27
259; 27
260; 29
261; 29
262; 32
263; 32
264; 35
265; 35
266; 38
267; 38
268; 41
269; 39
270; 42
271; 42
272; 45
273; 45
274; 48
275; 48
276; 51
277; 51
278; 53
279; 53
280; 55
281; 55
282; 1
283; 1
284; 7
285; 7
286; 13
287; 13
288; 19
289; 19
290; 25
291; 25
292; 31
293; 31
294; 37
295; 37
296; 43
297; 43
298; 49
299; 49
300; 55
301; 55
302; 1
303; 1
304; 7
305; 7
306; 13
307; 13
308; 19
309; 19
310; 25
311; 9
312; 12
313; 12
314; 15
315; 15
316; 18
317; 18
318; 21
319; 21
320; 23
321; 23
322; 25
323; 25
324; 31
325; 31
326; 37
327; 37
328; 43
329; 43
330; 49
331; 49
332; 55
333; 55
334; 1
335; 1
336; 7
337; 7
338; 13
339; 13
340; 19
341; 19
342; 25
343; 25
344; 31
345; 31
346; 37
347; 37
348; 43
349; 43
350; 49
351; 49
352; 55
353; 57
354; 4
355; 4
356; 11
357; 11
358; 18
359; 18
360; 25
361; 25
362; 32
363; 32
364; 39
365; 39
366; 46
367; 46
368; 53
369; 53
370; 0
371; 0
372; 7
373; 7
374; 14
375; 14
376; 21
377; 21
378; 28
379; 28
380; 35
381; 35
382; 42
383; 42
384; 44
385; 44
386; 52
387; 52
388; 0
389; 0
390; 8
391; 8
392; 16
393; 27
394; 34
395; 34
396; 41
397; 41
398; 48
399; 48
400; 55
401; 55
402; 2
403; 2
404; 9
405; 9
406; 16
407; 16
408; 23
409; 23
410; 30
411; 30
412; 37
413; 37
414; 44
415; 44
416; 51
417; 51
418; 58
419; 58
420; 5
421; 5
422; 12
423; 12
424; 14
425; 14
426; 22
427; 22
428; 30
429; 30
430; 38
431; 38
432; 46
433; 0
434; 8
435; 8
436; 16
437; 16
438; 24
439; 24
440; 32
441; 32
442; 34
443; 34
444; 41
445; 41
446; 48
447; 48
448; 55
449; 55
450; 2
451; 2
452; 9
453; 9
454; 16
455; 16
456; 23
457; 23
458; 30
459; 30
460; 37
461; 37
462; 44
463; 44
464; 51
465; 51
466; 58
467; 58
468; 5
469; 5
470; 12
471; 12
472; 19
473; 30
474; 38
475; 38
476; 46
477; 46
478; 54
479; 54
480; 2
481; 2
482; 4
483; 4
484; 11
485; 11
486; 18
487; 18
488; 25
489; 25
490; 32
491; 32
492; 39
493; 39
494; 46
495; 46
496; 53
497; 53
498; 0
499; 0
500; 7
501; 7
502; 14
503; 14
504; 21
505; 21
506; 28
507; 28
508; 35
509; 35
510; 42
511; 42
512; 49
513; 9
514; 14
515; 14
516; 19
517; 19
518; 24
519; 24
520; 29
521; 29
522; 34
523; 34
524; 39
525; 39
526; 44
527; 44
528; 49
529; 49
530; 54
531; 54
532; 59
533; 59
534; 4
535; 4
536; 9
537; 9
538; 14
539; 14
540; 19
541; 19
542; 24
543; 24
544; 26
545; 26
546; 29
547; 29
548; 32
549; 32
550; 35
551; 35
552; 38
553; 39
554; 44
555; 44
556; 49
557; 49
558; 54
559; 54
560; 59
561; 59
562; 4
563; 4
564; 9
565; 9
566; 14
567; 14
568; 19
569; 19
570; 24
571; 24
572; 29
573; 29
574; 34
575; 34
576; 39
577; 39
578; 44
579; 44
580; 49
581; 49
582; 54
583; 54
584; 56
585; 56
586; 59
587; 59
588; 2
589; 2
590; 5
591; 5
592; 8
593; 26
594; 29
595; 29
596; 32
597; 32
598; 35
599; 35
600; 38
601; 38
602; 40
603; 40
604; 45
605; 45
606; 50
607; 50
608; 55
609; 55
610; 0
611; 0
612; 5
613; 5
614; 10
615; 10
616; 15
617; 15
618; 20
619; 20
620; 25
621; 25
622; 30
623; 30
624; 35
625; 35
626; 40
627; 40
628; 45
629; 45
630; 50
631; 50
632; 55
633; 56
634; 59
635; 59
636; 2
637; 2
638; 5
639; 5
640; 8
641; 8
642; 10
643; 10
644; 15
645; 15
646; 20
647; 20
648; 25
649; 25
650; 30
651; 30
652; 35
653; 35
654; 40
655; 40
656; 45
657; 45
658; 50
659; 50
660; 55
661; 55
662; 0
663; 0
664; 5
665; 5
666; 10
667; 10
668; 15
669; 15
670; 20
671; 20
672; 25
673; 24
674; 27
675; 27
676; 30
677; 30
678; 33
679; 33
680; 36
681; 36
682; 39
683; 39
684; 42
685; 42
686; 45
687; 45
688; 48
689; 48
690; 51
691; 51
692; 54
693; 54
694; 57
695; 57
696; 0
697; 0
698; 3
699; 3
700; 6
701; 6
702; 9
703; 9
704; 11
705; 11
706; 13
707; 13
708; 15
709; 54
710; 57
711; 57
712; 0
713; 0
714; 3
715; 3
716; 6
717; 6
718; 9
719; 9
720; 12
721; 12
722; 15
723; 15
724; 18
725; 18
726; 21
727; 21
728; 24
729; 24
730; 27
731; 27
732; 30
733; 30
734; 33
735; 33
736; 36
737; 36
738; 39
739; 39
740; 41
741; 41
742; 43
743; 43
744; 45
745; 54
746; 56
747; 56
748; 58
749; 58
750; 0
751; 0
752; 3
753; 3
754; 6
755; 6
756; 9
757; 9
758; 12
759; 12
760; 15
761; 15
762; 18
763; 18
764; 21
765; 21
766; 24
767; 24
768; 27
769; 27
770; 30
771; 30
772; 33
773; 33
774; 36
775; 36
776; 39
777; 39
778; 42
779; 42
780; 45
781; 24
782; 26
783; 26
784; 28
785; 28
786; 30
787; 30
788; 33
789; 33
790; 36
791; 36
792; 39
793; 39
794; 42
795; 42
796; 45
797; 45
798; 48
799; 48
800; 51
801; 51
802; 54
803; 54
804; 57
805; 57
806; 0
807; 0
808; 3
809; 3
810; 6
811; 6
812; 9
813; 9
814; 12
815; 12
816; 15
817; 38
818; 40
819; 40
820; 42
821; 42
822; 44
823; 44
824; 46
825; 46
826; 48
827; 48
828; 50
829; 50
830; 52
831; 52
832; 54
833; 54
834; 56
835; 56
836; 58
837; 58
838; 0
839; 0
840; 2
841; 2
842; 4
843; 4
844; 6
845; 6
846; 8
847; 8
848; 10
849; 10
850; 12
851; 8
852; 10
853; 10
854; 12
855; 12
856; 14
857; 14
858; 16
859; 16
860; 18
861; 18
862; 20
863; 20
864; 22
865; 22
866; 24
867; 24
868; 26
869; 26
870; 28
871; 28
872; 30
873; 30
874; 32
875; 32
876; 34
877; 34
878; 36
879; 36
880; 38
881; 38
882; 40
883; 40
884; 42
885; 11
886; 13
887; 13
888; 15
889; 15
890; 17
891; 17
892; 19
893; 19
894; 21
895; 21
896; 23
897; 23
898; 25
899; 25
900; 27
901; 27
902; 29
903; 29
904; 31
905; 31
906; 33
907; 33
908; 35
909; 35
910; 37
911; 37
912; 39
913; 39
914; 41
915; 41
916; 43
917; 43
918; 45
919; 41
920; 43
921; 43
922; 45
923; 45
924; 47
925; 47
926; 49
927; 49
928; 51
929; 51
930; 53
931; 53
932; 55
933; 55
934; 57
935; 57
936; 59
937; 59
938; 1
939; 1
940; 3
941; 3
942; 5
943; 5
944; 7
945; 7
946; 9
947; 9
948; 11
949; 11
950; 13
951; 13
952; 15
953; 23
954; 26
955; 26
956; 29
957; 29
958; 32
959; 32
960; 35
961; 35
962; 38
963; 38
964; 41
965; 41
966; 44
967; 44
968; 47
969; 47
970; 50
971; 50
972; 53
973; 53
974; 56
975; 56
976; 59
977; 59
978; 2
979; 2
980; 5
981; 5
982; 8
983; 53
984; 56
985; 56
986; 59
987; 59
988; 2
989; 2
990; 5
991; 5
992; 8
993; 8
994; 11
995; 11
996; 14
997; 14
998; 17
999; 17
1000; 20
1001; 20
1002; 23
1003; 23
1004; 26
1005; 26
1006; 29
1007; 29
1008; 32
1009; 32
1010; 35
1011; 35
1012; 38
1013; 10
1014; 13
1015; 13
1016; 16
1017; 16
1018; 19
1019; 19
1020; 22
1021; 22
1022; 25
1023; 25
1024; 28
1025; 28
1026; 31
1027; 31
1028; 34
1029; 34
1030; 37
1031; 37
1032; 40
1033; 40
1034; 43
1035; 43
1036; 46
1037; 46
1038; 49
1039; 49
1040; 52
1041; 52
1042; 55
1043; 40
1044; 43
1045; 43
1046; 46
1047; 46
1048; 49
1049; 49
1050; 52
1051; 52
1052; 55
1053; 55
1054; 58
1055; 58
1056; 1
1057; 1
1058; 4
1059; 4
1060; 7
1061; 7
1062; 10
1063; 10
1064; 13
1065; 13
1066; 16
1067; 16
1068; 19
1069; 19
1070; 22
1071; 22
1072; 25
1073; 13
1074; 17
1075; 17
1076; 21
1077; 21
1078; 25
1079; 25
1080; 29
1081; 29
1082; 33
1083; 33
1084; 37
1085; 37
1086; 41
1087; 41
1088; 45
1089; 45
1090; 49
1091; 49
1092; 53
1093; 53
1094; 57
1095; 57
1096; 1
1097; 1
1098; 5
1099; 5
1100; 9
1101; 9
1102; 13
1103; 43
1104; 47
1105; 47
1106; 51
1107; 51
1108; 55
1109; 55
1110; 59
1111; 59
1112; 3
1113; 3
1114; 7
1115; 7
1116; 11
1117; 11
1118; 15
1119; 15
1120; 19
1121; 19
1122; 23
1123; 23
1124; 27
1125; 27
1126; 31
1127; 31
1128; 35
1129; 35
1130; 39
1131; 39
1132; 43
1133; 1
1134; 5
1135; 5
1136; 9
1137; 9
1138; 13
1139; 13
1140; 17
1141; 17
1142; 21
1143; 21
1144; 25
1145; 25
1146; 29
1147; 29
1148; 33
1149; 33
1150; 37
1151; 37
1152; 41
1153; 41
1154; 45
1155; 45
1156; 49
1157; 49
1158; 53
1159; 53
1160; 57
1161; 57
1162; 1
1163; 31
1164; 35
1165; 35
1166; 39
1167; 39
1168; 43
1169; 43
1170; 47
1171; 47
1172; 51
1173; 51
1174; 55
1175; 55
1176; 59
1177; 59
1178; 3
1179; 3
1180; 7
1181; 7
1182; 11
1183; 11
1184; 15
1185; 15
1186; 19
1187; 19
1188; 23
1189; 23
1190; 27
1191; 27
1192; 31
1193; 47
1194; 52
1195; 52
1196; 54
1197; 54
1198; 56
1199; 56
1200; 58
1201; 58
1202; 0
1203; 0
1204; 2
1205; 2
1206; 4
1207; 4
1208; 6
1209; 6
1210; 8
1211; 8
1212; 10
1213; 10
1214; 12
1215; 17
1216; 22
1217; 22
1218; 24
1219; 24
1220; 26
1221; 26
1222; 28
1223; 28
1224; 30
1225; 30
1226; 32
1227; 32
1228; 34
1229; 34
1230; 36
1231; 36
1232; 38
1233; 38
1234; 40
1235; 40
1236; 42
1237; 48
1238; 50
1239; 50
1240; 52
1241; 52
1242; 54
1243; 54
1244; 56
1245; 56
1246; 58
1247; 58
1248; 0
1249; 0
1250; 2
1251; 2
1252; 4
1253; 4
1254; 6
1255; 6
1256; 8
1257; 8
1258; 13
1259; 18
1260; 20
1261; 20
1262; 22
1263; 22
1264; 24
1265; 24
1266; 26
1267; 26
1268; 28
1269; 28
1270; 30
1271; 30
1272; 32
1273; 32
1274; 34
1275; 34
1276; 36
1277; 36
1278; 38
1279; 38
1280; 43
1281; 30
1282; 32
1283; 32
1284; 34
1285; 34
1286; 36
1287; 36
1288; 38
1289; 38
1290; 40
1291; 40
1292; 42
1293; 42
1294; 44
1295; 44
1296; 46
1297; 46
1298; 48
1299; 48
1300; 50
1301; 50
1302; 52
1303; 0
1304; 2
1305; 2
1306; 4
1307; 4
1308; 6
1309; 6
1310; 8
1311; 8
1312; 10
1313; 10
1314; 12
1315; 12
1316; 14
1317; 14
1318; 16
1319; 16
1320; 18
1321; 18
1322; 20
1323; 20
1324; 22
1325; 41
1326; 43
1327; 43
1328; 45
1329; 45
1330; 47
1331; 47
1332; 49
1333; 49
1334; 51
1335; 51
1336; 53
1337; 53
1338; 55
1339; 55
1340; 57
1341; 57
1342; 59
1343; 59
1344; 1
1345; 1
1346; 3
1347; 11
1348; 13
1349; 13
1350; 15
1351; 15
1352; 17
1353; 17
1354; 19
1355; 19
1356; 21
1357; 21
1358; 23
1359; 23
1360; 25
1361; 25
1362; 27
1363; 27
1364; 29
1365; 29
1366; 31
1367; 31
1368; 33
1369; 25
1370; 27
1371; 27
1372; 29
1373; 29
1374; 31
1375; 31
1376; 33
1377; 33
1378; 35
1379; 35
1380; 37
1381; 37
1382; 39
1383; 39
1384; 41
1385; 41
1386; 43
1387; 43
1388; 45
1389; 45
1390; 47
1391; 55
1392; 57
1393; 57
1394; 59
1395; 59
1396; 1
1397; 1
1398; 3
1399; 3
1400; 5
1401; 5
1402; 7
1403; 7
1404; 9
1405; 9
1406; 11
1407; 11
1408; 13
1409; 13
1410; 15
1411; 15
1412; 17
1413; 25
1414; 27
1415; 27
1416; 29
1417; 29
1418; 31
1419; 31
1420; 33
1421; 33
1422; 35
1423; 35
1424; 37
1425; 37
1426; 39
1427; 39
1428; 41
1429; 41
1430; 43
1431; 43
1432; 45
1433; 45
1434; 47
1435; 55
1436; 57
1437; 57
1438; 59
1439; 59
1440; 1
1441; 1
1442; 3
1443; 3
1444; 5
1445; 5
1446; 7
1447; 7
1448; 9
1449; 9
1450; 11
1451; 11
1452; 13
1453; 13
1454; 15
1455; 15
1456; 17
1457; 26
1458; 30
1459; 30
1460; 34
1461; 34
1462; 38
1463; 38
1464; 42
1465; 42
1466; 44
1467; 44
1468; 46
1469; 46
1470; 48
1471; 48
1472; 49
1473; 49
1474; 50
1475; 56
1476; 0
1477; 0
1478; 4
1479; 4
1480; 8
1481; 8
1482; 12
1483; 12
1484; 14
1485; 14
1486; 16
1487; 16
1488; 18
1489; 18
1490; 19
1491; 19
1492; 20
1493; 46
1494; 47
1495; 47
1496; 48
1497; 48
1498; 50
1499; 50
1500; 52
1501; 52
1502; 54
1503; 54
1504; 58
1505; 58
1506; 2
1507; 2
1508; 6
1509; 6
1510; 10
1511; 16
1512; 17
1513; 17
1514; 18
1515; 18
1516; 20
1517; 20
1518; 22
1519; 22
1520; 24
1521; 24
1522; 28
1523; 28
1524; 32
1525; 32
1526; 36
1527; 36
1528; 40
1529; 36
1530; 41
1531; 41
1532; 43
1533; 43
1534; 45
1535; 45
1536; 47
1537; 47
1538; 49
1539; 49
1540; 51
1541; 51
1542; 53
1543; 53
1544; 57
1545; 6
1546; 11
1547; 11
1548; 13
1549; 13
1550; 15
1551; 15
1552; 17
1553; 17
1554; 19
1555; 19
1556; 21
1557; 21
1558; 23
1559; 23
1560; 27
1561; 0
1562; 4
1563; 4
1564; 6
1565; 6
1566; 8
1567; 8
1568; 10
1569; 10
1570; 12
1571; 12
1572; 14
1573; 14
1574; 16
1575; 16
1576; 21
1577; 30
1578; 34
1579; 34
1580; 36
1581; 36
1582; 38
1583; 38
1584; 40
1585; 40
1586; 42
1587; 42
1588; 44
1589; 44
1590; 46
1591; 46
1592; 51
1593; 11
1594; 12
1595; 12
1596; 13
1597; 13
1598; 14
1599; 14
1600; 15
1601; 15
1602; 16
1603; 16
1604; 17
1605; 17
1606; 18
1607; 18
1608; 20
1609; 41
1610; 42
1611; 42
1612; 43
1613; 43
1614; 44
1615; 44
1616; 45
1617; 45
1618; 46
1619; 46
1620; 47
1621; 47
1622; 48
1623; 48
1624; 50
1625; 19
1626; 21
1627; 21
1628; 22
1629; 22
1630; 23
1631; 23
1632; 24
1633; 24
1634; 25
1635; 25
1636; 26
1637; 26
1638; 27
1639; 27
1640; 28
1641; 49
1642; 51
1643; 51
1644; 52
1645; 52
1646; 53
1647; 53
1648; 54
1649; 54
1650; 55
1651; 55
1652; 56
1653; 56
1654; 57
1655; 57
1656; 58
1657; 16
1658; 21
1659; 21
1660; 26
1661; 26
1662; 31
1663; 31
1664; 36
1665; 36
1666; 41
1667; 41
1668; 46
1669; 46
1670; 51
1671; 46
1672; 51
1673; 51
1674; 56
1675; 56
1676; 1
1677; 1
1678; 6
1679; 6
1680; 11
1681; 11
1682; 16
1683; 16
1684; 21
1685; 29
1686; 34
1687; 34
1688; 39
1689; 39
1690; 44
1691; 44
1692; 49
1693; 49
1694; 54
1695; 54
1696; 59
1697; 59
1698; 4
1699; 59
1700; 4
1701; 4
1702; 9
1703; 9
1704; 14
1705; 14
1706; 19
1707; 19
1708; 24
1709; 24
1710; 29
1711; 29
1712; 34
1713; 0
1714; 8
1715; 8
1716; 10
1717; 10
1718; 12
1719; 12
1720; 14
1721; 14
1722; 16
1723; 16
1724; 18
1725; 18
1726; 22
1727; 30
1728; 38
1729; 38
1730; 40
1731; 40
1732; 42
1733; 42
1734; 44
1735; 44
1736; 46
1737; 46
1738; 48
1739; 48
1740; 52
1741; 19
1742; 23
1743; 23
1744; 25
1745; 25
1746; 27
1747; 27
1748; 29
1749; 29
1750; 31
1751; 31
1752; 33
1753; 33
1754; 41
1755; 49
1756; 53
1757; 53
1758; 55
1759; 55
1760; 57
1761; 57
1762; 59
1763; 59
1764; 1
1765; 1
1766; 3
1767; 3
1768; 11
1769; 47
1770; 48
1771; 48
1772; 49
1773; 49
1774; 50
1775; 50
1776; 51
1777; 51
1778; 52
1779; 52
1780; 53
1781; 17
1782; 18
1783; 18
1784; 19
1785; 19
1786; 20
1787; 20
1788; 21
1789; 21
1790; 22
1791; 22
1792; 23
1793; 16
1794; 17
1795; 17
1796; 18
1797; 18
1798; 19
1799; 19
1800; 20
1801; 20
1802; 21
1803; 21
1804; 22
1805; 46
1806; 47
1807; 47
1808; 48
1809; 48
1810; 49
1811; 49
1812; 50
1813; 50
1814; 51
1815; 51
1816; 52
1817; 17
1818; 19
1819; 19
1820; 21
1821; 21
1822; 23
1823; 23
1824; 26
1825; 26
1826; 28
1827; 28
1828; 32
1829; 47
1830; 49
1831; 49
1832; 51
1833; 51
1834; 53
1835; 53
1836; 56
1837; 56
1838; 58
1839; 58
1840; 2
1841; 19
1842; 23
1843; 23
1844; 25
1845; 25
1846; 28
1847; 28
1848; 30
1849; 30
1850; 32
1851; 32
1852; 34
1853; 49
1854; 53
1855; 53
1856; 55
1857; 55
1858; 58
1859; 58
1860; 0
1861; 0
1862; 2
1863; 2
1864; 4
1865; 0
1866; 5
1867; 5
1868; 7
1869; 7
1870; 9
1871; 9
1872; 11
1873; 11
1874; 13
1875; 30
1876; 35
1877; 35
1878; 37
1879; 37
1880; 39
1881; 39
1882; 41
1883; 41
1884; 43
1885; 33
1886; 35
1887; 35
1888; 37
1889; 37
1890; 39
1891; 39
1892; 41
1893; 41
1894; 46
1895; 3
1896; 5
1897; 5
1898; 7
1899; 7
1900; 9
1901; 9
1902; 11
1903; 11
1904; 16
1905; 0
1906; 2
1907; 2
1908; 4
1909; 4
1910; 11
1911; 11
1912; 13
1913; 13
1914; 19
1915; 30
1916; 32
1917; 32
1918; 34
1919; 34
1920; 41
1921; 41
1922; 43
1923; 43
1924; 49
1925; 0
1926; 6
1927; 6
1928; 8
1929; 8
1930; 15
1931; 15
1932; 17
1933; 17
1934; 19
1935; 30
1936; 36
1937; 36
1938; 38
1939; 38
1940; 45
1941; 45
1942; 47
1943; 47
1944; 49
1945; 12
1946; 14
1947; 14
1948; 16
1949; 16
1950; 19
1951; 19
1952; 21
1953; 21
1954; 23
1955; 42
1956; 44
1957; 44
1958; 46
1959; 46
1960; 49
1961; 49
1962; 51
1963; 51
1964; 53
1965; 41
1966; 43
1967; 43
1968; 45
1969; 45
1970; 48
1971; 48
1972; 50
1973; 50
1974; 52
1975; 11
1976; 13
1977; 13
1978; 15
1979; 15
1980; 18
1981; 18
1982; 20
1983; 20
1984; 22
1985; 16
1986; 18
1987; 18
1988; 20
1989; 20
1990; 21
1991; 46
1992; 48
1993; 48
1994; 50
1995; 50
1996; 51
1997; 0
1998; 1
1999; 1
2000; 3
2001; 3
2002; 5
2003; 30
2004; 31
2005; 31
2006; 33
2007; 33
2008; 35
2009; 25
2010; 27
2011; 27
2012; 29
2013; 29
2014; 31
2015; 31
2016; 33
2017; 33
2018; 35
2019; 35
2020; 37
2021; 37
2022; 39
2023; 39
2024; 41
2025; 41
2026; 43
2027; 43
2028; 45
2029; 45
2030; 47
2031; 47
2032; 49
2033; 49
2034; 51
2035; 51
2036; 53
2037; 53
2038; 55
2039; 55
2040; 57
2041; 57
2042; 59
2043; 59
2044; 1
2045; 1
2046; 3
2047; 3
2048; 5
2049; 55
2050; 57
2051; 57
2052; 59
2053; 59
2054; 1
2055; 1
2056; 3
2057; 3
2058; 5
2059; 5
2060; 7
2061; 7
2062; 9
2063; 9
2064; 11
2065; 11
2066; 13
2067; 13
2068; 15
2069; 15
2070; 17
2071; 17
2072; 19
2073; 19
2074; 21
2075; 21
2076; 23
2077; 23
2078; 25
2079; 25
2080; 27
2081; 27
2082; 29
2083; 29
2084; 31
2085; 31
2086; 33
2087; 33
2088; 35
2089; 1
2090; 3
2091; 3
2092; 5
2093; 5
2094; 7
2095; 7
2096; 9
2097; 9
2098; 11
2099; 11
2100; 13
2101; 13
2102; 15
2103; 15
2104; 17
2105; 17
2106; 19
2107; 19
2108; 21
2109; 21
2110; 23
2111; 23
2112; 25
2113; 25
2114; 27
2115; 27
2116; 29
2117; 29
2118; 31
2119; 31
2120; 33
2121; 33
2122; 35
2123; 35
2124; 37
2125; 37
2126; 39
2127; 39
2128; 41
2129; 31
2130; 33
2131; 33
2132; 35
2133; 35
2134; 37
2135; 37
2136; 39
2137; 39
2138; 41
2139; 41
2140; 43
2141; 43
2142; 45
2143; 45
2144; 47
2145; 47
2146; 49
2147; 49
2148; 51
2149; 51
2150; 53
2151; 53
2152; 55
2153; 55
2154; 57
2155; 57
2156; 59
2157; 59
2158; 1
2159; 1
2160; 3
2161; 3
2162; 5
2163; 5
2164; 7
2165; 7
2166; 9
2167; 9
2168; 11
2169; 28
2170; 30
2171; 30
2172; 32
2173; 32
2174; 34
2175; 34
2176; 36
2177; 36
2178; 38
2179; 38
2180; 40
2181; 40
2182; 42
2183; 42
2184; 44
2185; 44
2186; 46
2187; 46
2188; 48
2189; 48
2190; 50
2191; 50
2192; 52
2193; 52
2194; 54
2195; 54
2196; 56
2197; 56
2198; 58
2199; 58
2200; 0
2201; 0
2202; 2
2203; 2
2204; 4
2205; 4
2206; 6
2207; 6
2208; 8
2209; 58
2210; 0
2211; 0
2212; 2
2213; 2
2214; 4
2215; 4
2216; 6
2217; 6
2218; 8
2219; 8
2220; 10
2221; 10
2222; 12
2223; 12
2224; 14
2225; 14
2226; 16
2227; 16
2228; 18
2229; 18
2230; 20
2231; 20
2232; 22
2233; 22
2234; 24
2235; 24
2236; 26
2237; 26
2238; 28
2239; 28
2240; 30
2241; 30
2242; 32
2243; 32
2244; 34
2245; 34
2246; 36
2247; 36
2248; 38
2249; 28
2250; 30
2251; 30
2252; 32
2253; 32
2254; 34
2255; 34
2256; 36
2257; 36
2258; 38
2259; 38
2260; 40
2261; 40
2262; 42
2263; 42
2264; 44
2265; 44
2266; 46
2267; 46
2268; 48
2269; 48
2270; 50
2271; 50
2272; 52
2273; 52
2274; 54
2275; 54
2276; 56
2277; 56
2278; 58
2279; 58
2280; 0
2281; 0
2282; 2
2283; 2
2284; 4
2285; 4
2286; 6
2287; 6
2288; 8
2289; 58
2290; 0
2291; 0
2292; 2
2293; 2
2294; 4
2295; 4
2296; 6
2297; 6
2298; 8
2299; 8
2300; 10
2301; 10
2302; 12
2303; 12
2304; 14
2305; 14
2306; 16
2307; 16
2308; 18
2309; 18
2310; 20
2311; 20
2312; 22
2313; 22
2314; 24
2315; 24
2316; 26
2317; 26
2318; 28
2319; 28
2320; 30
2321; 30
2322; 32
2323; 32
2324; 34
2325; 34
2326; 36
2327; 36
2328; 38
2329; 4
2330; 6
2331; 6
2332; 8
2333; 8
2334; 10
2335; 10
2336; 12
2337; 12
2338; 14
2339; 14
2340; 16
2341; 16
2342; 18
2343; 18
2344; 20
2345; 20
2346; 22
2347; 22
2348; 24
2349; 24
2350; 26
2351; 26
2352; 28
2353; 28
2354; 30
2355; 30
2356; 32
2357; 32
2358; 34
2359; 34
2360; 36
2361; 36
2362; 38
2363; 38
2364; 40
2365; 40
2366; 42
2367; 42
2368; 44
2369; 34
2370; 36
2371; 36
2372; 38
2373; 38
2374; 40
2375; 40
2376; 42
2377; 42
2378; 44
2379; 44
2380; 46
2381; 46
2382; 48
2383; 48
2384; 50
2385; 50
2386; 52
2387; 52
2388; 54
2389; 54
2390; 56
2391; 56
2392; 58
2393; 58
2394; 0
2395; 0
2396; 2
2397; 2
2398; 4
2399; 4
2400; 6
2401; 6
2402; 8
2403; 8
2404; 10
2405; 10
2406; 12
2407; 12
2408; 14
2409; 25
2410; 27
2411; 27
2412; 29
2413; 29
2414; 31
2415; 31
2416; 33
2417; 33
2418; 35
2419; 35
2420; 37
2421; 37
2422; 39
2423; 39
2424; 41
2425; 41
2426; 43
2427; 43
2428; 45
2429; 45
2430; 47
2431; 47
2432; 49
2433; 49
2434; 51
2435; 51
2436; 53
2437; 53
2438; 55
2439; 55
2440; 57
2441; 57
2442; 59
2443; 59
2444; 1
2445; 1
2446; 3
2447; 3
2448; 5
2449; 55
2450; 57
2451; 57
2452; 59
2453; 59
2454; 1
2455; 1
2456; 3
2457; 3
2458; 5
2459; 5
2460; 7
2461; 7
2462; 9
2463; 9
2464; 11
2465; 11
2466; 13
2467; 13
2468; 15
2469; 15
2470; 17
2471; 17
2472; 19
2473; 19
2474; 21
2475; 21
2476; 23
2477; 23
2478; 25
2479; 25
2480; 27
2481; 27
2482; 29
2483; 29
2484; 31
2485; 31
2486; 33
2487; 33
2488; 35
2489; 55
2490; 57
2491; 57
2492; 59
2493; 59
2494; 1
2495; 1
2496; 3
2497; 3
2498; 5
2499; 5
2500; 7
2501; 7
2502; 9
2503; 9
2504; 11
2505; 11
2506; 13
2507; 13
2508; 15
2509; 15
2510; 17
2511; 17
2512; 19
2513; 19
2514; 21
2515; 21
2516; 23
2517; 23
2518; 25
2519; 25
2520; 27
2521; 27
2522; 29
2523; 29
2524; 31
2525; 31
2526; 33
2527; 33
2528; 35
2529; 25
2530; 27
2531; 27
2532; 29
2533; 29
2534; 31
2535; 31
2536; 33
2537; 33
2538; 35
2539; 35
2540; 37
2541; 37
2542; 39
2543; 39
2544; 41
2545; 41
2546; 43
2547; 43
2548; 45
2549; 45
2550; 47
2551; 47
2552; 49
2553; 49
2554; 51
2555; 51
2556; 53
2557; 53
2558; 55
2559; 55
2560; 57
2561; 57
2562; 59
2563; 59
2564; 1
2565; 1
2566; 3
2567; 3
2568; 5
2569; 34
2570; 36
2571; 36
2572; 38
2573; 38
2574; 40
2575; 40
2576; 42
2577; 42
2578; 44
2579; 44
2580; 46
2581; 46
2582; 48
2583; 48
2584; 50
2585; 50
2586; 52
2587; 52
2588; 54
2589; 54
2590; 56
2591; 56
2592; 58
2593; 58
2594; 0
2595; 0
2596; 2
2597; 2
2598; 4
2599; 4
2600; 6
2601; 6
2602; 8
2603; 8
2604; 10
2605; 10
2606; 12
2607; 12
2608; 14
2609; 4
2610; 6
2611; 6
2612; 8
2613; 8
2614; 10
2615; 10
2616; 12
2617; 12
2618; 14
2619; 14
2620; 16
2621; 16
2622; 18
2623; 18
2624; 20
2625; 20
2626; 22
2627; 22
2628; 24
2629; 24
2630; 26
2631; 26
2632; 28
2633; 28
2634; 30
2635; 30
2636; 32
2637; 32
2638; 34
2639; 34
2640; 36
2641; 36
2642; 38
2643; 38
2644; 40
2645; 40
2646; 42
2647; 42
2648; 44
2649; 55
2650; 57
2651; 57
2652; 59
2653; 59
2654; 1
2655; 1
2656; 3
2657; 3
2658; 5
2659; 5
2660; 7
2661; 7
2662; 9
2663; 9
2664; 11
2665; 11
2666; 13
2667; 13
2668; 15
2669; 15
2670; 17
2671; 17
2672; 19
2673; 19
2674; 21
2675; 21
2676; 23
2677; 23
2678; 25
2679; 25
2680; 27
2681; 27
2682; 29
2683; 29
2684; 31
2685; 31
2686; 33
2687; 33
2688; 35
2689; 25
2690; 27
2691; 27
2692; 29
2693; 29
2694; 31
2695; 31
2696; 33
2697; 33
2698; 35
2699; 35
2700; 37
2701; 37
2702; 39
2703; 39
2704; 41
2705; 41
2706; 43
2707; 43
2708; 45
2709; 45
2710; 47
2711; 47
2712; 49
2713; 49
2714; 51
2715; 51
2716; 53
2717; 53
2718; 55
2719; 55
2720; 57
2721; 57
2722; 59
2723; 59
2724; 1
2725; 1
2726; 3
2727; 3
2728; 5
2729; 55
2730; 57
2731; 57
2732; 59
2733; 59
2734; 1
2735; 1
2736; 3
2737; 3
2738; 5
2739; 5
2740; 7
2741; 7
2742; 9
2743; 9
2744; 11
2745; 11
2746; 13
2747; 13
2748; 15
2749; 15
2750; 17
2751; 17
2752; 19
2753; 19
2754; 21
2755; 21
2756; 23
2757; 23
2758; 25
2759; 25
2760; 27
2761; 27
2762; 29
2763; 29
2764; 31
2765; 31
2766; 33
2767; 33
2768; 35
2769; 25
2770; 27
2771; 27
2772; 29
2773; 29
2774; 31
2775; 31
2776; 33
2777; 33
2778; 35
2779; 35
2780; 37
2781; 37
2782; 39
2783; 39
2784; 41
2785; 41
2786; 43
2787; 43
2788; 45
2789; 45
2790; 47
2791; 47
2792; 49
2793; 49
2794; 51
2795; 51
2796; 53
2797; 53
2798; 55
2799; 55
2800; 57
2801; 57
2802; 59
2803; 59
2804; 1
2805; 1
2806; 3
2807; 3
2808; 5
2809; 55
2810; 57
2811; 57
2812; 59
2813; 59
2814; 1
2815; 1
2816; 3
2817; 3
2818; 5
2819; 5
2820; 7
2821; 7
2822; 9
2823; 9
2824; 11
2825; 11
2826; 13
2827; 13
2828; 15
2829; 15
2830; 17
2831; 17
2832; 19
2833; 19
2834; 21
2835; 21
2836; 23
2837; 23
2838; 25
2839; 25
2840; 27
2841; 27
2842; 29
2843; 29
2844; 31
2845; 31
2846; 33
2847; 33
2848; 35
2849; 25
2850; 27
2851; 27
2852; 29
2853; 29
2854; 31
2855; 31
2856; 33
2857; 33
2858; 35
2859; 35
2860; 37
2861; 37
2862; 39
2863; 39
2864; 41
2865; 41
2866; 43
2867; 43
2868; 45
2869; 45
2870; 47
2871; 47
2872; 49
2873; 49
2874; 51
2875; 51
2876; 53
2877; 53
2878; 55
2879; 55
2880; 57
2881; 57
2882; 59
2883; 59
2884; 1
2885; 1
2886; 3
2887; 3
2888; 5
2889; 1
2890; 3
2891; 3
2892; 5
2893; 5
2894; 7
2895; 7
2896; 9
2897; 9
2898; 11
2899; 11
2900; 13
2901; 13
2902; 15
2903; 15
2904; 17
2905; 17
2906; 19
2907; 19
2908; 21
2909; 21
2910; 23
2911; 23
2912; 25
2913; 25
2914; 27
2915; 27
2916; 29
2917; 29
2918; 31
2919; 31
2920; 33
2921; 33
2922; 35
2923; 35
2924; 37
2925; 37
2926; 39
2927; 39
2928; 41
2929; 31
2930; 33
2931; 33
2932; 35
2933; 35
2934; 37
2935; 37
2936; 39
2937; 39
2938; 41
2939; 41
2940; 43
2941; 43
2942; 45
2943; 45
2944; 47
2945; 47
2946; 49
2947; 49
2948; 51
2949; 51
2950; 53
2951; 53
2952; 55
2953; 55
2954; 57
2955; 57
2956; 59
2957; 59
2958; 1
2959; 1
2960; 3
2961; 3
2962; 5
2963; 5
2964; 7
2965; 7
2966; 9
2967; 9
2968; 11
2969; 52
2970; 54
2971; 54
2972; 56
2973; 56
2974; 58
2975; 58
2976; 0
2977; 0
2978; 2
2979; 2
2980; 4
2981; 4
2982; 6
2983; 6
2984; 8
2985; 8
2986; 10
2987; 10
2988; 12
2989; 12
2990; 14
2991; 14
2992; 16
2993; 16
2994; 18
2995; 18
2996; 20
2997; 20
2998; 22
2999; 22
3000; 24
3001; 24
3002; 26
3003; 26
3004; 28
3005; 28
3006; 30
3007; 30
3008; 32
3009; 22
3010; 24
3011; 24
3012; 26
3013; 26
3014; 28
3015; 28
3016; 30
3017; 30
3018; 32
3019; 32
3020; 34
3021; 34
3022; 36
3023; 36
3024; 38
3025; 38
3026; 40
3027; 40
3028; 42
3029; 42
3030; 44
3031; 44
3032; 46
3033; 46
3034; 48
3035; 48
3036; 50
3037; 50
3038; 52
3039; 52
3040; 54
3041; 54
3042; 56
3043; 56
3044; 58
3045; 58
3046; 0
3047; 0
3048; 2
3049; 31
3050; 33
3051; 33
3052; 35
3053; 35
3054; 37
3055; 37
3056; 39
3057; 39
3058; 41
3059; 41
3060; 43
3061; 43
3062; 45
3063; 45
3064; 47
3065; 47
3066; 49
3067; 49
3068; 51
3069; 51
3070; 53
3071; 53
3072; 55
3073; 55
3074; 57
3075; 57
3076; 59
3077; 59
3078; 1
3079; 1
3080; 3
3081; 3
3082; 5
3083; 5
3084; 7
3085; 7
3086; 9
3087; 9
3088; 11
3089; 1
3090; 3
3091; 3
3092; 5
3093; 5
3094; 7
3095; 7
3096; 9
3097; 9
3098; 11
3099; 11
3100; 13
3101; 13
3102; 15
3103; 15
3104; 17
3105; 17
3106; 19
3107; 19
3108; 21
3109; 21
3110; 23
3111; 23
3112; 25
3113; 25
3114; 27
3115; 27
3116; 29
3117; 29
3118; 31
3119; 31
3120; 33
3121; 33
3122; 35
3123; 35
3124; 37
3125; 37
3126; 39
3127; 39
3128; 41
