# event_index; time
1; 0
2; 6
3; 6
4; 12
5; 12
6; 18
7; 18
8; 24
9; 24
10; 30
11; 33
12; 39
13; 39
14; 45
15; 48
16; 54
17; 18
18; 24
19; 24
20; 30
21; 30
22; 36
23; 36
24; 42
25; 42
26; 48
27; 48
28; 54
29; 54
30; 0
31; 0
32; 6
33; 0
34; 6
35; 6
36; 12
37; 12
38; 18
39; 18
40; 24
41; 24
42; 30
43; 30
44; 36
45; 36
46; 42
47; 42
48; 48
49; 45
50; 51
51; 51
52; 57
53; 57
54; 3
55; 3
56; 9
57; 9
58; 15
59; 15
60; 21
61; 21
62; 27
63; 27
64; 33
65; 45
66; 51
67; 51
68; 57
69; 57
70; 3
71; 3
72; 9
73; 9
74; 15
75; 15
76; 21
77; 21
78; 27
79; 51
80; 57
81; 57
82; 3
83; 3
84; 9
85; 9
86; 15
87; 18
88; 24
89; 24
90; 30
91; 30
92; 36
93; 18
94; 24
95; 24
96; 30
97; 30
98; 36
99; 36
100; 42
101; 42
102; 48
103; 12
104; 18
105; 18
106; 24
107; 24
108; 30
109; 33
110; 39
111; 39
112; 45
113; 6
114; 12
115; 12
116; 18
117; 18
118; 24
119; 24
120; 30
121; 30
122; 36
123; 9
124; 15
125; 18
126; 24
127; 24
128; 30
129; 30
130; 36
131; 36
132; 42
133; 51
134; 57
135; 57
136; 3
137; 3
138; 9
139; 9
140; 15
141; 15
142; 21
143; 3
144; 9
145; 9
146; 15
147; 15
148; 21
149; 21
150; 27
151; 27
152; 33
153; 15
154; 21
155; 21
156; 27
157; 27
158; 33
159; 33
160; 39
161; 30
162; 36
163; 36
164; 42
165; 42
166; 48
167; 48
168; 54
169; 21
170; 27
171; 27
172; 33
173; 33
174; 39
175; 39
176; 45
177; 45
178; 51
179; 51
180; 57
181; 30
182; 36
183; 36
184; 42
185; 42
186; 48
187; 48
188; 54
189; 54
190; 0
191; 0
192; 6
193; 9
194; 15
195; 15
196; 21
197; 21
198; 27
199; 27
200; 33
201; 33
202; 39
203; 9
204; 15
205; 15
206; 21
207; 21
208; 27
209; 27
210; 33
211; 33
212; 39
213; 42
214; 48
215; 48
216; 54
217; 54
218; 0
219; 0
220; 6
221; 6
222; 12
223; 12
224; 18
225; 18
226; 24
227; 24
228; 30
229; 12
230; 18
231; 18
232; 24
233; 24
234; 30
235; 30
236; 36
237; 36
238; 42
239; 42
240; 48
241; 48
242; 54
243; 54
244; 0
245; 39
246; 45
247; 45
248; 51
249; 51
250; 57
251; 57
252; 3
253; 3
254; 9
255; 9
256; 15
257; 15
258; 21
259; 21
260; 27
261; 9
262; 15
263; 15
264; 21
265; 21
266; 27
267; 27
268; 33
269; 33
270; 39
271; 39
272; 45
273; 45
274; 51
275; 51
276; 57
277; 39
278; 45
279; 45
280; 51
281; 51
282; 57
283; 57
284; 3
285; 3
286; 9
287; 9
288; 15
289; 57
290; 3
291; 3
292; 9
293; 9
294; 15
295; 15
296; 21
297; 21
298; 27
299; 27
300; 33
301; 0
302; 6
303; 6
304; 12
305; 12
306; 18
307; 18
308; 24
309; 24
310; 30
311; 30
312; 36
313; 30
314; 36
315; 36
316; 42
317; 42
318; 48
319; 48
320; 54
321; 54
322; 0
323; 0
324; 6
325; 6
326; 12
327; 12
328; 18
329; 18
330; 24
331; 24
332; 30
333; 30
334; 36
335; 36
336; 42
337; 36
338; 42
339; 42
340; 48
341; 48
342; 54
343; 54
344; 0
345; 0
346; 6
347; 6
348; 12
349; 24
350; 30
351; 30
352; 36
353; 36
354; 42
355; 42
356; 48
357; 48
358; 54
359; 54
360; 0
361; 0
362; 6
363; 6
364; 12
365; 0
366; 6
367; 6
368; 12
369; 12
370; 18
371; 18
372; 24
373; 24
374; 30
375; 30
376; 36
377; 36
378; 42
379; 42
380; 48
