#line-id;line-code;direction;stop-order;stop-id;frequency;arrival_time;departure_time
98; 98H; >; 1; 14; 3; 21; 21
98; 98H; >; 2; 9; 3; 27; 27
98; 98H; >; 3; 8; 3; 33; 33
98; 98H; >; 4; 3; 3; 39; 39
98; 98H; >; 5; 2; 3; 45; 45
98; 98H; >; 6; 1; 3; 51; 51
98; 98R; <; 1; 1; 3; 0; 0
98; 98R; <; 2; 2; 3; 6; 6
98; 98R; <; 3; 3; 3; 12; 12
98; 98R; <; 4; 8; 3; 18; 18
98; 98R; <; 5; 9; 3; 24; 24
98; 98R; <; 6; 14; 3; 30; 30
128; 128H; >; 1; 6; 3; 57; 57
128; 128H; >; 2; 7; 3; 3; 3
128; 128H; >; 3; 8; 3; 9; 9
128; 128H; >; 4; 13; 3; 15; 15
128; 128H; >; 5; 18; 3; 21; 21
128; 128H; >; 6; 19; 3; 27; 27
128; 128H; >; 7; 20; 3; 33; 33
128; 128R; <; 1; 20; 3; 3; 3
128; 128R; <; 2; 19; 3; 9; 9
128; 128R; <; 3; 18; 3; 15; 15
128; 128R; <; 4; 13; 3; 21; 21
128; 128R; <; 5; 8; 3; 27; 27
128; 128R; <; 6; 7; 3; 33; 33
128; 128R; <; 7; 6; 3; 39; 39
129; 129H; >; 1; 11; 3; 15; 15
129; 129H; >; 2; 12; 3; 21; 21
129; 129H; >; 3; 13; 3; 27; 27
129; 129H; >; 4; 14; 3; 33; 33
129; 129H; >; 5; 15; 3; 39; 39
129; 129R; <; 1; 15; 3; 15; 15
129; 129R; <; 2; 14; 3; 21; 21
129; 129R; <; 3; 13; 3; 27; 27
129; 129R; <; 4; 12; 3; 33; 33
129; 129R; <; 5; 11; 3; 39; 39
130; 130H; >; 1; 10; 3; 12; 12
130; 130H; >; 2; 9; 3; 18; 18
130; 130H; >; 3; 8; 3; 24; 24
130; 130H; >; 4; 13; 3; 30; 30
130; 130H; >; 5; 18; 3; 36; 36
130; 130H; >; 6; 17; 3; 42; 42
130; 130H; >; 7; 16; 3; 48; 48
130; 130R; <; 1; 16; 3; 26; 26
130; 130R; <; 2; 17; 3; 32; 32
130; 130R; <; 3; 18; 3; 38; 38
130; 130R; <; 4; 13; 3; 44; 44
130; 130R; <; 5; 8; 3; 50; 50
130; 130R; <; 6; 9; 3; 56; 56
130; 130R; <; 7; 10; 3; 2; 2
131; 131H; >; 1; 5; 3; 14; 14
131; 131H; >; 2; 4; 3; 20; 20
131; 131H; >; 3; 3; 3; 26; 26
131; 131H; >; 4; 8; 3; 32; 32
131; 131H; >; 5; 13; 3; 38; 38
131; 131H; >; 6; 18; 3; 44; 44
131; 131H; >; 7; 23; 3; 50; 50
131; 131H; >; 8; 22; 3; 56; 56
131; 131H; >; 9; 21; 3; 2; 2
131; 131R; <; 1; 21; 3; 20; 20
131; 131R; <; 2; 22; 3; 26; 26
131; 131R; <; 3; 23; 3; 32; 32
131; 131R; <; 4; 18; 3; 38; 38
131; 131R; <; 5; 13; 3; 44; 44
131; 131R; <; 6; 8; 3; 50; 50
131; 131R; <; 7; 3; 3; 56; 56
131; 131R; <; 8; 4; 3; 2; 2
131; 131R; <; 9; 5; 3; 8; 8
132; 132H; >; 1; 1; 3; 20; 20
132; 132H; >; 2; 2; 3; 26; 26
132; 132H; >; 3; 3; 3; 32; 32
132; 132H; >; 4; 8; 3; 38; 38
132; 132H; >; 5; 13; 3; 44; 44
132; 132H; >; 6; 18; 3; 50; 50
132; 132H; >; 7; 23; 3; 56; 56
132; 132H; >; 8; 24; 3; 2; 2
132; 132H; >; 9; 25; 3; 8; 8
132; 132R; <; 1; 25; 3; 14; 14
132; 132R; <; 2; 24; 3; 20; 20
132; 132R; <; 3; 23; 3; 26; 26
132; 132R; <; 4; 18; 3; 32; 32
132; 132R; <; 5; 13; 3; 38; 38
132; 132R; <; 6; 8; 3; 44; 44
132; 132R; <; 7; 3; 3; 50; 50
132; 132R; <; 8; 2; 3; 56; 56
132; 132R; <; 9; 1; 3; 2; 2
