#event-id; time
1; 21
2; 27
3; 27
4; 33
5; 33
6; 39
7; 39
8; 45
9; 45
10; 51
11; 41
12; 47
13; 47
14; 53
15; 53
16; 59
17; 59
18; 5
19; 5
20; 11
21; 1
22; 7
23; 7
24; 13
25; 13
26; 19
27; 19
28; 25
29; 25
30; 31
31; 0
32; 6
33; 6
34; 12
35; 12
36; 18
37; 18
38; 24
39; 24
40; 30
41; 20
42; 26
43; 26
44; 32
45; 32
46; 38
47; 38
48; 44
49; 44
50; 50
51; 40
52; 46
53; 46
54; 52
55; 52
56; 58
57; 58
58; 4
59; 4
60; 10
61; 57
62; 3
63; 3
64; 9
65; 9
66; 15
67; 15
68; 21
69; 21
70; 27
71; 27
72; 33
73; 17
74; 23
75; 23
76; 29
77; 29
78; 35
79; 35
80; 41
81; 41
82; 47
83; 47
84; 53
85; 37
86; 43
87; 43
88; 49
89; 49
90; 55
91; 55
92; 1
93; 1
94; 7
95; 7
96; 13
97; 3
98; 9
99; 9
100; 15
101; 15
102; 21
103; 21
104; 27
105; 27
106; 33
107; 33
108; 39
109; 23
110; 29
111; 29
112; 35
113; 35
114; 41
115; 41
116; 47
117; 47
118; 53
119; 53
120; 59
121; 43
122; 49
123; 49
124; 55
125; 55
126; 1
127; 1
128; 7
129; 7
130; 13
131; 13
132; 19
133; 15
134; 21
135; 21
136; 27
137; 27
138; 33
139; 33
140; 39
141; 35
142; 41
143; 41
144; 47
145; 47
146; 53
147; 53
148; 59
149; 55
150; 1
151; 1
152; 7
153; 7
154; 13
155; 13
156; 19
157; 15
158; 21
159; 21
160; 27
161; 27
162; 33
163; 33
164; 39
165; 35
166; 41
167; 41
168; 47
169; 47
170; 53
171; 53
172; 59
173; 55
174; 1
175; 1
176; 7
177; 7
178; 13
179; 13
180; 19
181; 12
182; 18
183; 18
184; 24
185; 24
186; 30
187; 30
188; 36
189; 36
190; 42
191; 42
192; 48
193; 32
194; 38
195; 38
196; 44
197; 44
198; 50
199; 50
200; 56
201; 56
202; 2
203; 2
204; 8
205; 52
206; 58
207; 58
208; 4
209; 4
210; 10
211; 10
212; 16
213; 16
214; 22
215; 22
216; 28
217; 26
218; 32
219; 32
220; 38
221; 38
222; 44
223; 44
224; 50
225; 50
226; 56
227; 56
228; 2
229; 46
230; 52
231; 52
232; 58
233; 58
234; 4
235; 4
236; 10
237; 10
238; 16
239; 16
240; 22
241; 6
242; 12
243; 12
244; 18
245; 18
246; 24
247; 24
248; 30
249; 30
250; 36
251; 36
252; 42
253; 14
254; 20
255; 20
256; 26
257; 26
258; 32
259; 32
260; 38
261; 38
262; 44
263; 44
264; 50
265; 50
266; 56
267; 56
268; 2
269; 34
270; 40
271; 40
272; 46
273; 46
274; 52
275; 52
276; 58
277; 58
278; 4
279; 4
280; 10
281; 10
282; 16
283; 16
284; 22
285; 54
286; 0
287; 0
288; 6
289; 6
290; 12
291; 12
292; 18
293; 18
294; 24
295; 24
296; 30
297; 30
298; 36
299; 36
300; 42
301; 20
302; 26
303; 26
304; 32
305; 32
306; 38
307; 38
308; 44
309; 44
310; 50
311; 50
312; 56
313; 56
314; 2
315; 2
316; 8
317; 40
318; 46
319; 46
320; 52
321; 52
322; 58
323; 58
324; 4
325; 4
326; 10
327; 10
328; 16
329; 16
330; 22
331; 22
332; 28
333; 0
334; 6
335; 6
336; 12
337; 12
338; 18
339; 18
340; 24
341; 24
342; 30
343; 30
344; 36
345; 36
346; 42
347; 42
348; 48
349; 20
350; 26
351; 26
352; 32
353; 32
354; 38
355; 38
356; 44
357; 44
358; 50
359; 50
360; 56
361; 56
362; 2
363; 2
364; 8
365; 40
366; 46
367; 46
368; 52
369; 52
370; 58
371; 58
372; 4
373; 4
374; 10
375; 10
376; 16
377; 16
378; 22
379; 22
380; 28
381; 0
382; 6
383; 6
384; 12
385; 12
386; 18
387; 18
388; 24
389; 24
390; 30
391; 30
392; 36
393; 36
394; 42
395; 42
396; 48
397; 14
398; 20
399; 20
400; 26
401; 26
402; 32
403; 32
404; 38
405; 38
406; 44
407; 44
408; 50
409; 50
410; 56
411; 56
412; 2
413; 34
414; 40
415; 40
416; 46
417; 46
418; 52
419; 52
420; 58
421; 58
422; 4
423; 4
424; 10
425; 10
426; 16
427; 16
428; 22
429; 54
430; 0
431; 0
432; 6
433; 6
434; 12
435; 12
436; 18
437; 18
438; 24
439; 24
440; 30
441; 30
442; 36
443; 36
444; 42
