#origin-stop-id;destination-stop-id;perceived-travel-time;passengers
1;2;6;21
1;3;12;15
1;4;26;10
1;5;44;8
1;6;41;5
1;7;23;11
1;8;18;19
1;9;38;7
1;10;44;3
1;11;44;3
1;12;29;6
1;13;24;82
1;14;30;8
1;15;44;4
1;16;49;3
1;17;35;7
1;18;30;11
1;19;47;4
1;20;53;2
1;21;65;2
1;22;59;2
1;23;36;5
1;24;42;4
1;25;48;15
2;1;6;5
2;3;6;4
2;4;20;3
2;5;38;2
2;6;29;1
2;7;6;3
2;8;12;5
2;9;26;2
2;10;32;1
2;11;32;1
2;12;12;2
2;13;18;20
2;14;24;2
2;15;38;1
2;16;32;1
2;17;18;2
2;18;24;3
2;19;30;1
2;20;47;0
2;21;53;0
2;22;47;1
2;23;30;1
2;24;36;1
2;25;42;4
3;1;12;3
3;2;6;3
3;4;6;4
3;5;12;3
3;6;29;1
3;7;12;3
3;8;6;7
3;9;23;3
3;10;29;1
3;11;32;1
3;12;18;3
3;13;12;30
3;14;18;2
3;15;32;1
3;16;49;1
3;17;24;2
3;18;18;4
3;19;32;2
3;20;38;1
3;21;36;1
3;22;30;1
3;23;24;2
3;24;30;1
3;25;36;4
4;1;32;2
4;2;23;2
4;3;6;4
4;5;6;4
4;6;68;1
4;7;29;2
4;8;12;5
4;9;6;3
4;10;35;1
4;11;71;1
4;12;44;3
4;13;18;19
4;14;12;1
4;15;47;1
4;16;71;0
4;17;30;1
4;18;24;3
4;19;18;2
4;20;44;1
4;21;42;1
4;22;36;1
4;23;30;1
4;24;24;1
4;25;30;2
5;1;53;2
5;2;29;2
5;3;12;3
5;4;6;4
5;6;89;1
5;7;35;1
5;8;18;4
5;9;20;2
5;10;56;1
5;11;92;1
5;12;53;2
5;13;24;16
5;14;26;1
5;15;56;0
5;16;92;0
5;17;47;1
5;18;30;2
5;19;32;1
5;20;65;1
5;21;48;1
5;22;42;1
5;23;36;1
5;24;38;0
5;25;44;2
6;1;34;1
6;2;20;1
6;3;29;1
6;4;35;1
6;5;41;1
6;7;6;8
6;8;12;5
6;9;26;4
6;10;32;2
6;11;68;1
6;12;53;1
6;13;18;20
6;14;67;2
6;15;92;1
6;16;68;1
6;17;59;1
6;18;24;3
6;19;30;2
6;20;36;1
6;21;89;0
6;22;83;0
6;23;38;1
6;24;44;1
6;25;50;3
7;1;20;2
7;2;6;3
7;3;12;3
7;4;29;2
7;5;35;1
7;6;6;7
7;8;6;11
7;9;20;9
7;10;26;4
7;11;26;1
7;12;6;3
7;13;12;47
7;14;18;4
7;15;50;2
7;16;26;1
7;17;12;3
7;18;18;7
7;19;24;6
7;20;30;2
7;21;47;1
7;22;41;1
7;23;32;2
7;24;38;2
7;25;44;7
8;1;18;4
8;2;12;4
8;3;6;7
8;4;12;4
8;5;18;3
8;6;12;4
8;7;6;10
8;9;6;11
8;10;12;5
8;11;26;3
8;12;12;6
8;13;6;78
8;14;12;7
8;15;26;3
8;16;24;2
8;17;18;6
8;18;12;11
8;19;18;6
8;20;24;3
8;21;30;2
8;22;24;3
8;23;18;4
8;24;24;3
8;25;30;10
9;1;41;1
9;2;32;2
9;3;20;3
9;4;6;3
9;5;53;2
9;6;29;3
9;7;23;8
9;8;6;11
9;10;6;7
9;11;32;2
9;12;26;5
9;13;12;46
9;14;6;6
9;15;41;3
9;16;30;2
9;17;24;5
9;18;18;6
9;19;12;3
9;20;50;1
9;21;53;1
9;22;30;2
9;23;24;2
9;24;18;1
9;25;24;4
10;1;62;1
10;2;43;1
10;3;29;1
10;4;23;1
10;5;74;1
10;6;38;1
10;7;32;4
10;8;12;5
10;9;6;7
10;11;41;1
10;12;32;2
10;13;18;19
10;14;35;3
10;15;65;1
10;16;36;1
10;17;30;2
10;18;24;3
10;19;41;1
10;20;74;1
10;21;62;1
10;22;56;1
10;23;38;1
10;24;44;0
10;25;53;2
11;1;50;1
11;2;38;1
11;3;38;1
11;4;47;1
11;5;98;1
11;6;62;1
11;7;32;2
11;8;32;3
11;9;38;1
11;10;89;1
11;12;6;7
11;13;12;25
11;14;18;4
11;15;24;2
11;16;65;1
11;17;56;1
11;18;26;3
11;19;32;2
11;20;38;1
11;21;86;1
11;22;80;1
11;23;35;1
11;24;41;1
11;25;47;3
12;1;29;1
12;2;12;1
12;3;18;1
12;4;41;1
12;5;47;1
12;6;41;1
12;7;6;2
12;8;12;4
12;9;32;2
12;10;38;1
12;11;6;4
12;13;6;29
12;14;12;5
12;15;18;2
12;16;20;1
12;17;6;2
12;18;12;4
12;19;18;3
12;20;32;1
12;21;41;1
12;22;35;1
12;23;29;2
12;24;35;1
12;25;41;3
13;1;24;14
13;2;18;4
13;3;12;7
13;4;18;5
13;5;24;4
13;6;18;5
13;7;12;11
13;8;6;18
13;9;12;11
13;10;18;5
13;11;12;6
13;12;6;9
13;14;6;14
13;15;12;6
13;16;18;5
13;17;12;11
13;18;6;18
13;19;12;11
13;20;18;5
13;21;24;4
13;22;18;5
13;23;12;7
13;24;18;5
13;25;24;8
14;1;30;1
14;2;24;1
14;3;18;2
14;4;12;2
14;5;56;2
14;6;41;2
14;7;18;6
14;8;12;7
14;9;6;4
14;10;47;2
14;11;18;4
14;12;12;9
14;13;6;55
14;15;6;7
14;16;44;2
14;17;26;4
14;18;20;7
14;19;6;6
14;20;44;3
14;21;44;1
14;22;38;1
14;23;29;3
14;24;12;2
14;25;18;8
15;1;50;0
15;2;41;0
15;3;38;1
15;4;56;1
15;5;62;1
15;6;86;1
15;7;35;3
15;8;29;3
15;9;47;2
15;10;53;1
15;11;24;2
15;12;18;4
15;13;12;23
15;14;6;7
15;16;89;1
15;17;49;2
15;18;32;3
15;19;29;3
15;20;62;1
15;21;50;0
15;22;44;1
15;23;38;1
15;24;35;1
15;25;41;3
16;1;50;1
16;2;44;1
16;3;38;1
16;4;44;0
16;5;50;0
16;6;74;1
16;7;44;1
16;8;24;3
16;9;30;2
16;10;36;1
16;11;77;1
16;12;38;2
16;13;18;19
16;14;32;3
16;15;41;1
16;17;6;8
16;18;12;5
16;19;44;4
16;20;50;2
16;21;38;1
16;22;32;1
16;23;26;2
16;24;32;1
16;25;38;5
17;1;35;1
17;2;18;2
17;3;24;2
17;4;30;1
17;5;44;1
17;6;38;1
17;7;12;3
17;8;18;6
17;9;24;5
17;10;30;2
17;11;41;2
17;12;6;4
17;13;12;45
17;14;26;6
17;15;35;3
17;16;6;7
17;18;6;11
17;19;12;9
17;20;44;4
17;21;32;1
17;22;26;2
17;23;20;4
17;24;26;3
17;25;32;11
18;1;30;2
18;2;24;2
18;3;18;4
18;4;24;2
18;5;30;2
18;6;24;2
18;7;18;5
18;8;12;10
18;9;18;6
18;10;24;2
18;11;32;3
18;12;12;6
18;13;6;75
18;14;20;7
18;15;26;3
18;16;12;4
18;17;6;11
18;19;6;11
18;20;12;5
18;21;18;3
18;22;12;4
18;23;6;7
18;24;12;4
18;25;18;17
19;1;44;1
19;2;30;1
19;3;32;2
19;4;18;2
19;5;56;1
19;6;30;2
19;7;24;5
19;8;18;6
19;9;12;3
19;10;47;1
19;11;38;1
19;12;18;3
19;13;12;45
19;14;6;4
19;15;47;2
19;16;38;4
19;17;12;9
19;18;6;11
19;20;6;7
19;21;44;2
19;22;38;3
19;23;20;3
19;24;6;2
19;25;12;7
20;1;65;0
20;2;56;0
20;3;53;1
20;4;71;1
20;5;77;1
20;6;36;1
20;7;30;2
20;8;24;2
20;9;62;1
20;10;68;1
20;11;44;0
20;12;35;1
20;13;18;18
20;14;59;2
20;15;68;1
20;16;44;2
20;17;38;4
20;18;12;5
20;19;6;7
20;21;65;1
20;22;59;1
20;23;41;1
20;24;47;1
20;25;56;3
21;1;65;0
21;2;53;0
21;3;36;1
21;4;42;1
21;5;48;1
21;6;77;0
21;7;47;1
21;8;30;2
21;9;53;1
21;10;104;1
21;11;80;0
21;12;41;1
21;13;24;15
21;14;38;2
21;15;44;1
21;16;80;1
21;17;35;1
21;18;18;4
21;19;47;2
21;20;53;1
21;22;6;5
21;23;12;3
21;24;35;2
21;25;41;8
22;1;59;0
22;2;47;0
22;3;30;1
22;4;36;1
22;5;42;1
22;6;47;0
22;7;41;1
22;8;24;2
22;9;30;2
22;10;74;1
22;11;50;1
22;12;35;1
22;13;18;18
22;14;32;2
22;15;38;1
22;16;50;1
22;17;29;2
22;18;12;5
22;19;32;3
22;20;47;1
22;21;6;4
22;23;6;4
22;24;26;3
22;25;32;9
23;1;36;1
23;2;30;1
23;3;24;2
23;4;30;1
23;5;36;1
23;6;41;1
23;7;35;2
23;8;18;4
23;9;24;2
23;10;68;1
23;11;44;1
23;12;29;3
23;13;12;28
23;14;26;2
23;15;32;1
23;16;44;1
23;17;20;3
23;18;6;7
23;19;20;3
23;20;29;1
23;21;12;3
23;22;6;4
23;24;6;4
23;25;12;13
24;1;42;1
24;2;36;1
24;3;30;1
24;4;24;0
24;5;80;0
24;6;44;1
24;7;38;2
24;8;24;2
24;9;18;1
24;10;71;0
24;11;47;1
24;12;35;2
24;13;18;17
24;14;12;1
24;15;38;0
24;16;52;1
24;17;26;3
24;18;12;4
24;19;6;2
24;20;20;1
24;21;35;2
24;22;29;2
24;23;6;4
24;25;6;19
25;1;48;1
25;2;42;1
25;3;36;1
25;4;30;0
25;5;86;0
25;6;50;0
25;7;44;1
25;8;30;2
25;9;24;1
25;10;77;0
25;11;53;1
25;12;41;2
25;13;24;13
25;14;18;1
25;15;44;0
25;16;58;1
25;17;35;2
25;18;18;3
25;19;12;1
25;20;26;1
25;21;41;1
25;22;35;2
25;23;12;3
25;24;6;4
