#timetable found by modulo network simplex algorithm
#Thu Oct 19 18:37:05 2017
1; 0
2; 6
3; 6
4; 12
5; 12
6; 18
7; 18
8; 24
9; 24
10; 30
11; 30
12; 36
13; 36
14; 42
15; 42
16; 48
17; 20
18; 26
19; 26
20; 32
21; 32
22; 38
23; 38
24; 44
25; 44
26; 50
27; 50
28; 56
29; 56
30; 2
31; 2
32; 8
33; 40
34; 46
35; 46
36; 52
37; 52
38; 58
39; 58
40; 4
41; 4
42; 10
43; 10
44; 16
45; 16
46; 22
47; 22
48; 28
49; 20
50; 26
51; 26
52; 32
53; 32
54; 38
55; 38
56; 44
57; 44
58; 50
59; 50
60; 56
61; 56
62; 2
63; 2
64; 8
65; 40
66; 46
67; 46
68; 52
69; 52
70; 58
71; 58
72; 4
73; 4
74; 10
75; 10
76; 16
77; 16
78; 22
79; 22
80; 28
81; 0
82; 6
83; 6
84; 12
85; 12
86; 18
87; 18
88; 24
89; 24
90; 30
91; 30
92; 36
93; 36
94; 42
95; 42
96; 48
97; 46
98; 52
99; 52
100; 58
101; 58
102; 4
103; 4
104; 10
105; 10
106; 16
107; 16
108; 24
109; 6
110; 12
111; 12
112; 18
113; 18
114; 24
115; 24
116; 30
117; 30
118; 36
119; 36
120; 42
121; 26
122; 32
123; 32
124; 38
125; 38
126; 44
127; 44
128; 50
129; 50
130; 56
131; 56
132; 2
133; 12
134; 18
135; 18
136; 24
137; 24
138; 30
139; 30
140; 36
141; 36
142; 42
143; 42
144; 48
145; 32
146; 38
147; 38
148; 44
149; 44
150; 50
151; 50
152; 56
153; 56
154; 2
155; 2
156; 8
157; 52
158; 58
159; 58
160; 4
161; 4
162; 10
163; 10
164; 16
165; 16
166; 22
167; 22
168; 28
169; 9
170; 15
171; 15
172; 21
173; 21
174; 27
175; 27
176; 33
177; 33
178; 39
179; 39
180; 45
181; 29
182; 35
183; 35
184; 41
185; 41
186; 47
187; 47
188; 53
189; 53
190; 59
191; 59
192; 5
193; 49
194; 55
195; 55
196; 1
197; 1
198; 7
199; 7
200; 13
201; 13
202; 19
203; 19
204; 25
205; 12
206; 18
207; 18
208; 24
209; 24
210; 30
211; 30
212; 36
213; 36
214; 42
215; 42
216; 48
217; 32
218; 38
219; 38
220; 44
221; 44
222; 50
223; 50
224; 56
225; 56
226; 2
227; 2
228; 8
229; 52
230; 58
231; 58
232; 4
233; 4
234; 10
235; 10
236; 16
237; 16
238; 22
239; 22
240; 28
241; 41
242; 47
243; 47
244; 53
245; 55
246; 1
247; 1
248; 7
249; 7
250; 13
251; 13
252; 19
253; 19
254; 25
255; 25
256; 31
257; 1
258; 7
259; 7
260; 13
261; 15
262; 21
263; 21
264; 27
265; 27
266; 33
267; 33
268; 39
269; 39
270; 45
271; 45
272; 51
273; 21
274; 27
275; 27
276; 35
277; 35
278; 41
279; 41
280; 47
281; 47
282; 53
283; 53
284; 59
285; 59
286; 5
287; 5
288; 11
289; 55
290; 1
291; 1
292; 7
293; 7
294; 13
295; 13
296; 19
297; 19
298; 25
299; 25
300; 31
301; 31
302; 37
303; 37
304; 43
305; 15
306; 21
307; 21
308; 27
309; 27
310; 33
311; 33
312; 39
313; 39
314; 45
315; 45
316; 51
317; 51
318; 57
319; 57
320; 3
321; 35
322; 41
323; 41
324; 47
325; 47
326; 53
327; 53
328; 59
329; 59
330; 5
331; 5
332; 11
333; 11
334; 17
335; 17
336; 23
337; 49
338; 55
339; 55
340; 1
341; 1
342; 7
343; 7
344; 13
345; 13
346; 19
347; 21
348; 27
349; 27
350; 33
351; 33
352; 39
353; 9
354; 15
355; 15
356; 21
357; 21
358; 27
359; 27
360; 33
361; 33
362; 39
363; 41
364; 47
365; 47
366; 53
367; 53
368; 59
369; 29
370; 35
371; 35
372; 41
373; 41
374; 47
375; 47
376; 53
377; 53
378; 59
379; 1
380; 7
381; 7
382; 13
383; 13
384; 19
385; 49
386; 55
387; 55
388; 1
389; 1
390; 7
391; 10
392; 16
393; 18
394; 24
395; 27
396; 33
397; 36
398; 42
399; 42
400; 48
401; 9
402; 15
403; 15
404; 21
405; 21
406; 27
407; 30
408; 36
409; 38
410; 44
411; 47
412; 53
413; 56
414; 2
415; 2
416; 8
417; 29
418; 35
419; 35
420; 41
421; 41
422; 47
423; 50
424; 58
425; 58
426; 4
427; 7
428; 13
429; 16
430; 22
431; 22
432; 28
