#timetable found by modulo network simplex algorithm
#Thu Oct 19 18:35:28 2017
1; 0
2; 6
3; 6
4; 12
5; 12
6; 18
7; 18
8; 24
9; 24
10; 30
11; 30
12; 36
13; 36
14; 42
15; 42
16; 48
17; 51
18; 57
19; 57
20; 3
21; 30
22; 36
23; 36
24; 42
25; 42
26; 48
27; 48
28; 54
29; 54
30; 60
31; 60
32; 6
33; 6
34; 12
35; 12
36; 18
37; 21
38; 27
39; 27
40; 33
41; 8
42; 14
43; 14
44; 22
45; 23
46; 29
47; 29
48; 35
49; 35
50; 41
51; 41
52; 47
53; 47
54; 53
55; 53
56; 59
57; 59
58; 5
59; 5
60; 11
61; 38
62; 44
63; 44
64; 50
65; 53
66; 59
67; 59
68; 5
69; 5
70; 11
71; 11
72; 17
73; 17
74; 23
75; 23
76; 29
77; 29
78; 35
79; 35
80; 41
81; 44
82; 50
83; 50
84; 56
85; 59
86; 7
87; 8
88; 14
89; 14
90; 20
91; 21
92; 27
93; 30
94; 36
95; 39
96; 47
97; 50
98; 56
99; 56
100; 2
101; 59
102; 5
103; 5
104; 13
105; 14
106; 22
107; 23
108; 29
109; 29
110; 35
111; 36
112; 42
113; 45
114; 51
115; 54
116; 2
117; 5
118; 11
119; 11
120; 17
121; 14
122; 20
123; 20
124; 26
125; 29
126; 35
127; 38
128; 44
129; 44
130; 50
131; 51
132; 57
133; 60
134; 6
135; 9
136; 17
137; 20
138; 26
139; 26
140; 32
141; 29
142; 35
143; 35
144; 43
145; 44
146; 52
147; 53
148; 59
149; 59
150; 5
151; 6
152; 12
153; 15
154; 21
155; 24
156; 32
157; 35
158; 41
159; 41
160; 47
161; 44
162; 50
163; 50
164; 56
165; 56
166; 2
167; 2
168; 8
169; 8
170; 14
171; 14
172; 20
173; 20
174; 26
175; 26
176; 32
177; 32
178; 38
179; 38
180; 44
181; 59
182; 5
183; 5
184; 11
185; 11
186; 17
187; 17
188; 23
189; 23
190; 29
191; 29
192; 35
193; 35
194; 41
195; 41
196; 47
197; 47
198; 53
199; 53
200; 59
201; 14
202; 20
203; 20
204; 26
205; 26
206; 32
207; 32
208; 38
209; 38
210; 44
211; 44
212; 50
213; 50
214; 56
215; 56
216; 2
217; 2
218; 8
219; 8
220; 14
221; 29
222; 35
223; 35
224; 41
225; 41
226; 47
227; 47
228; 53
229; 53
230; 59
231; 59
232; 5
233; 5
234; 11
235; 11
236; 17
237; 17
238; 23
239; 23
240; 29
241; 41
242; 47
243; 47
244; 53
245; 53
246; 59
247; 59
248; 5
249; 5
250; 11
251; 11
252; 17
253; 11
254; 17
255; 17
256; 23
257; 23
258; 29
259; 29
260; 35
261; 35
262; 41
263; 41
264; 47
265; 56
266; 2
267; 2
268; 8
269; 8
270; 14
271; 14
272; 20
273; 20
274; 26
275; 26
276; 32
277; 26
278; 32
279; 32
280; 38
281; 38
282; 44
283; 44
284; 50
285; 50
286; 56
287; 56
288; 2
289; 23
290; 29
291; 29
292; 35
293; 35
294; 41
295; 41
296; 47
297; 47
298; 55
299; 53
300; 59
301; 59
302; 5
303; 5
304; 11
305; 11
306; 17
307; 17
308; 23
309; 8
310; 14
311; 14
312; 20
313; 20
314; 26
315; 26
316; 32
317; 32
318; 38
319; 38
320; 44
321; 44
322; 50
323; 50
324; 56
325; 56
326; 2
327; 2
328; 8
329; 11
330; 17
331; 17
332; 23
333; 23
334; 29
335; 29
336; 35
337; 35
338; 43
339; 41
340; 47
341; 47
342; 53
343; 53
344; 59
345; 59
346; 5
347; 5
348; 11
349; 53
350; 59
351; 59
352; 5
353; 5
354; 11
355; 11
356; 17
357; 17
358; 23
359; 23
360; 29
361; 29
362; 35
363; 35
364; 41
365; 41
366; 47
367; 47
368; 53
369; 41
370; 47
371; 47
372; 53
373; 53
374; 59
375; 59
376; 5
377; 5
378; 13
379; 11
380; 17
381; 17
382; 23
383; 23
384; 29
385; 29
386; 35
387; 35
388; 41
389; 6
390; 12
391; 12
392; 18
393; 18
394; 24
395; 24
396; 30
397; 30
398; 36
399; 36
400; 42
401; 42
402; 48
403; 48
404; 54
405; 54
406; 0
407; 0
408; 6
409; 14
410; 20
411; 20
412; 26
413; 26
414; 32
415; 32
416; 40
417; 24
418; 30
419; 30
420; 36
421; 36
422; 42
423; 42
424; 50
425; 34
426; 40
427; 40
428; 46
429; 46
430; 52
431; 52
432; 60
433; 44
434; 50
435; 50
436; 56
437; 56
438; 2
439; 2
440; 8
441; 54
442; 60
443; 60
444; 6
445; 6
446; 12
447; 12
448; 18
449; 4
450; 10
451; 10
452; 16
453; 16
454; 22
455; 22
456; 30
457; 21
458; 27
459; 27
460; 33
461; 33
462; 39
463; 39
464; 45
465; 31
466; 37
467; 37
468; 43
469; 43
470; 49
471; 49
472; 55
473; 41
474; 47
475; 47
476; 53
477; 53
478; 59
479; 59
480; 5
481; 51
482; 57
483; 57
484; 3
485; 3
486; 9
487; 9
488; 15
489; 1
490; 7
491; 7
492; 13
493; 13
494; 19
495; 19
496; 25
497; 11
498; 17
499; 17
500; 23
501; 23
502; 29
503; 29
504; 35
505; 44
506; 50
507; 59
508; 7
509; 14
510; 22
511; 29
512; 35
513; 42
514; 48
515; 57
516; 5
517; 12
518; 20
519; 27
520; 35
