#line-id;line-code;direction;stop-order;stop-id;frequency;departure_time;arrival_time
2; 2H; >; 1; 25; 2; 0; 0
2; 2H; >; 2; 24; 2; 6; 6
2; 2H; >; 3; 23; 2; 12; 12
2; 2H; >; 4; 22; 2; 18; 18
2; 2H; >; 5; 21; 2; 24; 24
2; 2H; >; 6; 16; 2; 30; 30
2; 2H; >; 7; 17; 2; 36; 36
2; 2H; >; 8; 18; 2; 42; 42
2; 2H; >; 9; 13; 2; 48; 51
2; 2H; >; 10; 14; 2; 57; 57
2; 2H; >; 11; 15; 2; 3; 3
2; 2R; <; 1; 15; 2; 8; 8
2; 2R; <; 2; 14; 2; 14; 14
2; 2R; <; 3; 13; 2; 22; 23
2; 2R; <; 4; 18; 2; 29; 29
2; 2R; <; 5; 17; 2; 35; 35
2; 2R; <; 6; 16; 2; 41; 41
2; 2R; <; 7; 21; 2; 47; 47
2; 2R; <; 8; 22; 2; 53; 53
2; 2R; <; 9; 23; 2; 59; 59
2; 2R; <; 10; 24; 2; 5; 5
2; 2R; <; 11; 25; 2; 11; 11
3; 3H; >; 1; 20; 4; 44; 44
3; 3H; >; 2; 19; 4; 50; 50
3; 3H; >; 3; 18; 4; 56; 59
3; 3H; >; 4; 13; 4; 7; 8
3; 3H; >; 5; 12; 4; 14; 14
3; 3H; >; 6; 11; 4; 20; 21
3; 3H; >; 7; 6; 4; 27; 30
3; 3H; >; 8; 7; 4; 36; 39
3; 3H; >; 9; 8; 4; 47; 50
3; 3H; >; 10; 9; 4; 56; 56
3; 3H; >; 11; 10; 4; 2; 2
3; 3R; <; 1; 10; 4; 44; 44
3; 3R; <; 2; 9; 4; 50; 50
3; 3R; <; 3; 8; 4; 56; 56
3; 3R; <; 4; 7; 4; 2; 2
3; 3R; <; 5; 6; 4; 8; 8
3; 3R; <; 6; 11; 4; 14; 14
3; 3R; <; 7; 12; 4; 20; 20
3; 3R; <; 8; 13; 4; 26; 26
3; 3R; <; 9; 18; 4; 32; 32
3; 3R; <; 10; 19; 4; 38; 38
3; 3R; <; 11; 20; 4; 44; 44
5; 5H; >; 1; 11; 2; 41; 41
5; 5H; >; 2; 12; 2; 47; 47
5; 5H; >; 3; 13; 2; 53; 53
5; 5H; >; 4; 8; 2; 59; 59
5; 5H; >; 5; 3; 2; 5; 5
5; 5H; >; 6; 4; 2; 11; 11
5; 5H; >; 7; 5; 2; 17; 17
5; 5R; <; 1; 5; 2; 56; 56
5; 5R; <; 2; 4; 2; 2; 2
5; 5R; <; 3; 3; 2; 8; 8
5; 5R; <; 4; 8; 2; 14; 14
5; 5R; <; 5; 13; 2; 20; 20
5; 5R; <; 6; 12; 2; 26; 26
5; 5R; <; 7; 11; 2; 32; 32
8; 8H; >; 1; 25; 2; 23; 23
8; 8H; >; 2; 24; 2; 29; 29
8; 8H; >; 3; 23; 2; 35; 35
8; 8H; >; 4; 18; 2; 41; 41
8; 8H; >; 5; 19; 2; 47; 47
8; 8H; >; 6; 20; 2; 55; 55
8; 8R; <; 1; 20; 2; 8; 8
8; 8R; <; 2; 19; 2; 14; 14
8; 8R; <; 3; 18; 2; 20; 20
8; 8R; <; 4; 23; 2; 26; 26
8; 8R; <; 5; 24; 2; 32; 32
8; 8R; <; 6; 25; 2; 38; 38
9; 9H; >; 1; 25; 2; 11; 11
9; 9H; >; 2; 24; 2; 17; 17
9; 9H; >; 3; 23; 2; 23; 23
9; 9H; >; 4; 18; 2; 29; 29
9; 9H; >; 5; 17; 2; 35; 35
9; 9H; >; 6; 16; 2; 43; 43
9; 9R; <; 1; 16; 2; 53; 53
9; 9R; <; 2; 17; 2; 59; 59
9; 9R; <; 3; 18; 2; 5; 5
9; 9R; <; 4; 23; 2; 11; 11
9; 9R; <; 5; 24; 2; 17; 17
9; 9R; <; 6; 25; 2; 23; 23
10; 10H; >; 1; 20; 2; 41; 41
10; 10H; >; 2; 19; 2; 47; 47
10; 10H; >; 3; 18; 2; 53; 53
10; 10H; >; 4; 13; 2; 59; 59
10; 10H; >; 5; 14; 2; 5; 5
10; 10H; >; 6; 15; 2; 13; 13
10; 10R; <; 1; 15; 2; 6; 6
10; 10R; <; 2; 14; 2; 12; 12
10; 10R; <; 3; 13; 2; 18; 18
10; 10R; <; 4; 18; 2; 24; 24
10; 10R; <; 5; 19; 2; 30; 30
10; 10R; <; 6; 20; 2; 36; 36
19; 19H; >; 1; 1; 6; 14; 14
19; 19H; >; 2; 2; 6; 20; 20
19; 19H; >; 3; 3; 6; 26; 26
19; 19H; >; 4; 8; 6; 32; 32
19; 19H; >; 5; 13; 6; 40; 40
19; 19R; <; 1; 13; 6; 21; 21
19; 19R; <; 2; 8; 6; 27; 27
19; 19R; <; 3; 3; 6; 33; 33
19; 19R; <; 4; 2; 6; 39; 39
19; 19R; <; 5; 1; 6; 45; 45
24; 24H; >; 1; 8; 4; 44; 44
24; 24H; >; 2; 13; 4; 50; 50
24; 24R; <; 1; 13; 4; 42; 42
24; 24R; <; 2; 8; 4; 48; 48
