#timetable found by modulo network simplex algorithm
#Thu Oct 19 18:38:08 2017
1; 0
2; 6
3; 6
4; 12
5; 12
6; 18
7; 18
8; 24
9; 24
10; 30
11; 30
12; 36
13; 36
14; 42
15; 42
16; 48
17; 20
18; 26
19; 26
20; 32
21; 32
22; 38
23; 38
24; 44
25; 44
26; 50
27; 50
28; 56
29; 56
30; 2
31; 2
32; 8
33; 40
34; 46
35; 46
36; 52
37; 52
38; 58
39; 58
40; 4
41; 4
42; 10
43; 10
44; 16
45; 16
46; 22
47; 22
48; 28
49; 52
50; 58
51; 58
52; 4
53; 4
54; 10
55; 10
56; 16
57; 16
58; 22
59; 22
60; 28
61; 28
62; 34
63; 34
64; 40
65; 12
66; 18
67; 18
68; 24
69; 24
70; 30
71; 30
72; 36
73; 36
74; 42
75; 42
76; 48
77; 48
78; 54
79; 54
80; 0
81; 32
82; 38
83; 38
84; 44
85; 44
86; 50
87; 50
88; 56
89; 56
90; 2
91; 2
92; 8
93; 8
94; 14
95; 14
96; 20
97; 0
98; 6
99; 6
100; 12
101; 12
102; 18
103; 18
104; 24
105; 24
106; 30
107; 30
108; 38
109; 20
110; 26
111; 26
112; 32
113; 32
114; 38
115; 38
116; 44
117; 44
118; 50
119; 50
120; 56
121; 40
122; 46
123; 46
124; 52
125; 52
126; 58
127; 58
128; 4
129; 4
130; 10
131; 10
132; 16
133; 24
134; 30
135; 30
136; 36
137; 36
138; 42
139; 42
140; 48
141; 48
142; 54
143; 54
144; 60
145; 44
146; 50
147; 50
148; 56
149; 56
150; 2
151; 2
152; 8
153; 8
154; 14
155; 14
156; 20
157; 4
158; 10
159; 10
160; 16
161; 16
162; 22
163; 22
164; 28
165; 28
166; 34
167; 34
168; 40
169; 32
170; 38
171; 38
172; 44
173; 44
174; 50
175; 50
176; 56
177; 56
178; 2
179; 2
180; 8
181; 52
182; 58
183; 58
184; 4
185; 4
186; 10
187; 10
188; 16
189; 16
190; 22
191; 22
192; 28
193; 12
194; 18
195; 18
196; 24
197; 24
198; 30
199; 30
200; 36
201; 36
202; 42
203; 42
204; 48
205; 10
206; 16
207; 16
208; 22
209; 22
210; 28
211; 28
212; 34
213; 34
214; 40
215; 40
216; 46
217; 30
218; 36
219; 36
220; 42
221; 42
222; 48
223; 48
224; 54
225; 54
226; 0
227; 0
228; 6
229; 50
230; 56
231; 56
232; 2
233; 2
234; 8
235; 8
236; 14
237; 14
238; 20
239; 20
240; 26
241; 57
242; 3
243; 3
244; 9
245; 9
246; 15
247; 15
248; 21
249; 21
250; 27
251; 27
252; 33
253; 33
254; 39
255; 39
256; 45
257; 17
258; 23
259; 23
260; 29
261; 29
262; 35
263; 35
264; 41
265; 41
266; 47
267; 47
268; 53
269; 53
270; 59
271; 59
272; 5
273; 37
274; 43
275; 43
276; 49
277; 49
278; 55
279; 55
280; 1
281; 1
282; 7
283; 7
284; 13
285; 13
286; 19
287; 19
288; 25
289; 23
290; 29
291; 29
292; 35
293; 35
294; 41
295; 41
296; 47
297; 47
298; 53
299; 53
300; 59
301; 59
302; 5
303; 5
304; 11
305; 43
306; 49
307; 49
308; 55
309; 55
310; 1
311; 1
312; 7
313; 7
314; 13
315; 13
316; 19
317; 19
318; 25
319; 25
320; 31
321; 3
322; 9
323; 9
324; 15
325; 15
326; 21
327; 21
328; 27
329; 27
330; 33
331; 33
332; 39
333; 39
334; 45
335; 45
336; 51
337; 1
338; 7
339; 7
340; 13
341; 13
342; 19
343; 19
344; 25
345; 25
346; 31
347; 33
348; 39
349; 39
350; 45
351; 45
352; 51
353; 21
354; 27
355; 27
356; 33
357; 33
358; 39
359; 39
360; 45
361; 45
362; 51
363; 53
364; 59
365; 59
366; 5
367; 5
368; 11
369; 41
370; 47
371; 47
372; 53
373; 53
374; 59
375; 59
376; 5
377; 5
378; 11
379; 13
380; 19
381; 19
382; 25
383; 25
384; 31
385; 9
386; 15
387; 15
388; 21
389; 21
390; 27
391; 27
392; 33
393; 33
394; 39
395; 41
396; 47
397; 47
398; 53
399; 53
400; 59
401; 29
402; 35
403; 35
404; 41
405; 41
406; 47
407; 47
408; 53
409; 53
410; 59
411; 1
412; 7
413; 7
414; 13
415; 13
416; 19
417; 49
418; 55
419; 55
420; 1
421; 1
422; 7
423; 7
424; 13
425; 13
426; 19
427; 21
428; 27
429; 27
430; 33
431; 33
432; 39
