#line-id;line-code;direction;stop-order;stop-id;frequency;arrival_time;departure_time
30; 30H; >; 1; 1; 3; 0; 0
30; 30H; >; 2; 2; 3; 6; 6
30; 30H; >; 3; 3; 3; 12; 12
30; 30H; >; 4; 8; 3; 18; 18
30; 30H; >; 5; 13; 3; 24; 24
30; 30H; >; 6; 18; 3; 30; 30
30; 30H; >; 7; 23; 3; 36; 36
30; 30H; >; 8; 24; 3; 42; 42
30; 30H; >; 9; 25; 3; 48; 48
30; 30R; <; 1; 25; 3; 52; 52
30; 30R; <; 2; 24; 3; 58; 58
30; 30R; <; 3; 23; 3; 4; 4
30; 30R; <; 4; 18; 3; 10; 10
30; 30R; <; 5; 13; 3; 16; 16
30; 30R; <; 6; 8; 3; 22; 22
30; 30R; <; 7; 3; 3; 28; 28
30; 30R; <; 8; 2; 3; 34; 34
30; 30R; <; 9; 1; 3; 40; 40
31; 31H; >; 1; 1; 3; 0; 0
31; 31H; >; 2; 2; 3; 6; 6
31; 31H; >; 3; 3; 3; 12; 12
31; 31H; >; 4; 8; 3; 18; 18
31; 31H; >; 5; 13; 3; 24; 24
31; 31H; >; 6; 18; 3; 30; 30
31; 31H; >; 7; 23; 3; 38; 38
31; 31R; <; 1; 23; 3; 24; 24
31; 31R; <; 2; 18; 3; 30; 30
31; 31R; <; 3; 13; 3; 36; 36
31; 31R; <; 4; 8; 3; 42; 42
31; 31R; <; 5; 3; 3; 48; 48
31; 31R; <; 6; 2; 3; 54; 54
31; 31R; <; 7; 1; 3; 60; 60
32; 32H; >; 1; 6; 3; 32; 32
32; 32H; >; 2; 7; 3; 38; 38
32; 32H; >; 3; 12; 3; 44; 44
32; 32H; >; 4; 13; 3; 50; 50
32; 32H; >; 5; 14; 3; 56; 56
32; 32H; >; 6; 19; 3; 2; 2
32; 32H; >; 7; 20; 3; 8; 8
32; 32R; <; 1; 20; 3; 10; 10
32; 32R; <; 2; 19; 3; 16; 16
32; 32R; <; 3; 14; 3; 22; 22
32; 32R; <; 4; 13; 3; 28; 28
32; 32R; <; 5; 12; 3; 34; 34
32; 32R; <; 6; 7; 3; 40; 40
32; 32R; <; 7; 6; 3; 46; 46
33; 33H; >; 1; 15; 3; 57; 57
33; 33H; >; 2; 10; 3; 3; 3
33; 33H; >; 3; 9; 3; 9; 9
33; 33H; >; 4; 14; 3; 15; 15
33; 33H; >; 5; 13; 3; 21; 21
33; 33H; >; 6; 12; 3; 27; 27
33; 33H; >; 7; 17; 3; 33; 33
33; 33H; >; 8; 16; 3; 39; 39
33; 33H; >; 9; 11; 3; 45; 45
33; 33R; <; 1; 11; 3; 23; 23
33; 33R; <; 2; 16; 3; 29; 29
33; 33R; <; 3; 17; 3; 35; 35
33; 33R; <; 4; 12; 3; 41; 41
33; 33R; <; 5; 13; 3; 47; 47
33; 33R; <; 6; 14; 3; 53; 53
33; 33R; <; 7; 9; 3; 59; 59
33; 33R; <; 8; 10; 3; 5; 5
33; 33R; <; 9; 15; 3; 11; 11
34; 34H; >; 1; 5; 3; 1; 1
34; 34H; >; 2; 4; 3; 7; 7
34; 34H; >; 3; 9; 3; 13; 13
34; 34H; >; 4; 8; 3; 19; 19
34; 34H; >; 5; 13; 3; 25; 25
34; 34H; >; 6; 18; 3; 31; 33
34; 34H; >; 7; 17; 3; 39; 39
34; 34H; >; 8; 22; 3; 45; 45
34; 34H; >; 9; 21; 3; 51; 51
34; 34R; <; 1; 21; 3; 9; 9
34; 34R; <; 2; 22; 3; 15; 15
34; 34R; <; 3; 17; 3; 21; 21
34; 34R; <; 4; 18; 3; 27; 27
34; 34R; <; 5; 13; 3; 33; 33
34; 34R; <; 6; 8; 3; 39; 41
34; 34R; <; 7; 9; 3; 47; 47
34; 34R; <; 8; 4; 3; 53; 53
34; 34R; <; 9; 5; 3; 59; 59
