#event-id; time
1; 0
2; 5
3; 5
4; 10
5; 10
6; 14
7; 14
8; 19
9; 19
10; 25
11; 25
12; 29
13; 29
14; 33
15; 33
16; 39
17; 39
18; 44
19; 44
20; 49
21; 0
22; 5
23; 5
24; 10
25; 10
26; 16
27; 16
28; 20
29; 20
30; 24
31; 24
32; 30
33; 30
34; 35
35; 35
36; 39
37; 39
38; 44
39; 44
40; 49
41; 0
42; 5
43; 5
44; 10
45; 10
46; 14
47; 14
48; 22
49; 22
50; 29
51; 29
52; 34
53; 34
54; 38
55; 38
56; 42
57; 42
58; 49
59; 30
60; 35
61; 35
62; 40
63; 40
64; 44
65; 44
66; 52
67; 52
68; 59
69; 59
70; 4
71; 4
72; 8
73; 8
74; 12
75; 12
76; 19
77; 0
78; 7
79; 7
80; 11
81; 11
82; 15
83; 15
84; 20
85; 20
86; 27
87; 27
88; 35
89; 35
90; 39
91; 39
92; 44
93; 44
94; 49
95; 30
96; 37
97; 37
98; 41
99; 41
100; 45
101; 45
102; 50
103; 50
104; 57
105; 57
106; 5
107; 5
108; 9
109; 9
110; 14
111; 14
112; 19
113; 8
114; 13
115; 13
116; 18
117; 18
118; 22
119; 22
120; 30
121; 30
122; 37
123; 37
124; 42
125; 42
126; 49
127; 8
128; 15
129; 15
130; 20
131; 20
132; 27
133; 27
134; 35
135; 35
136; 39
137; 39
138; 44
139; 44
140; 49
141; 37
142; 43
143; 43
144; 47
145; 47
146; 51
147; 51
148; 55
149; 55
150; 11
151; 11
152; 15
153; 15
154; 22
155; 37
156; 44
157; 44
158; 48
159; 48
160; 4
161; 4
162; 8
163; 8
164; 12
165; 12
166; 16
167; 16
168; 22
169; 0
170; 5
171; 5
172; 10
173; 10
174; 15
175; 15
176; 19
177; 19
178; 27
179; 27
180; 31
181; 31
182; 35
183; 0
184; 4
185; 4
186; 8
187; 8
188; 16
189; 16
190; 20
191; 20
192; 25
193; 25
194; 30
195; 30
196; 35
197; 28
198; 34
199; 34
200; 39
201; 39
202; 43
203; 43
204; 51
205; 51
206; 56
207; 56
208; 4
209; 28
210; 36
211; 36
212; 41
213; 41
214; 49
215; 49
216; 53
217; 53
218; 58
219; 58
220; 4
221; 0
222; 6
223; 6
224; 11
225; 11
226; 15
227; 15
228; 23
229; 23
230; 28
231; 28
232; 33
233; 0
234; 5
235; 5
236; 10
237; 10
238; 18
239; 18
240; 22
241; 22
242; 27
243; 27
244; 33
245; 0
246; 6
247; 6
248; 11
249; 11
250; 15
251; 15
252; 23
253; 23
254; 27
255; 27
256; 31
257; 0
258; 4
259; 4
260; 8
261; 8
262; 16
263; 16
264; 20
265; 20
266; 25
267; 25
268; 31
269; 0
270; 8
271; 8
272; 13
273; 13
274; 19
275; 19
276; 23
277; 23
278; 27
279; 27
280; 31
281; 0
282; 4
283; 4
284; 8
285; 8
286; 12
287; 12
288; 18
289; 18
290; 23
291; 23
292; 31
293; 48
294; 55
295; 55
296; 59
297; 59
298; 3
299; 3
300; 8
301; 8
302; 13
303; 13
304; 20
305; 48
306; 55
307; 55
308; 0
309; 0
310; 5
311; 5
312; 9
313; 9
314; 13
315; 13
316; 20
317; 55
318; 59
319; 59
320; 5
321; 5
322; 9
323; 9
324; 15
325; 15
326; 20
327; 20
328; 25
329; 25
330; 29
331; 29
332; 35
333; 35
334; 39
335; 39
336; 45
337; 45
338; 50
339; 50
340; 55
341; 25
342; 30
343; 30
344; 35
345; 35
346; 41
347; 41
348; 45
349; 45
350; 51
351; 51
352; 55
353; 55
354; 0
355; 0
356; 5
357; 5
358; 11
359; 11
360; 15
361; 15
362; 21
363; 21
364; 25
365; 0
366; 4
367; 4
368; 10
369; 10
370; 16
371; 16
372; 20
373; 20
374; 26
375; 26
376; 30
377; 30
378; 34
379; 34
380; 40
381; 40
382; 44
383; 44
384; 50
385; 50
386; 56
387; 56
388; 0
389; 38
390; 44
391; 44
392; 49
393; 49
394; 54
395; 54
396; 59
397; 59
398; 4
399; 8
400; 13
401; 13
402; 18
403; 18
404; 23
405; 23
406; 28
407; 28
408; 34
409; 0
410; 4
411; 4
412; 8
413; 8
414; 14
415; 14
416; 19
417; 19
418; 27
419; 30
420; 38
421; 38
422; 43
423; 43
424; 49
425; 49
426; 53
427; 53
428; 57
429; 0
430; 4
431; 4
432; 8
433; 8
434; 14
435; 14
436; 19
437; 19
438; 24
439; 30
440; 35
441; 35
442; 40
443; 40
444; 46
445; 46
446; 50
447; 50
448; 54
449; 34
450; 38
451; 38
452; 42
453; 42
454; 48
455; 48
456; 52
457; 52
458; 56
459; 4
460; 8
461; 8
462; 12
463; 12
464; 18
465; 18
466; 22
467; 22
468; 26
469; 4
470; 8
471; 8
472; 12
473; 12
474; 18
475; 18
476; 22
477; 22
478; 26
479; 34
480; 38
481; 38
482; 42
483; 42
484; 48
485; 48
486; 52
487; 52
488; 56
489; 0
490; 4
491; 4
492; 8
493; 8
494; 12
495; 12
496; 18
497; 18
498; 22
499; 30
500; 34
501; 34
502; 40
503; 40
504; 44
505; 44
506; 48
507; 48
508; 52
509; 17
510; 21
511; 21
512; 27
513; 27
514; 32
515; 32
516; 37
517; 37
518; 41
519; 47
520; 51
521; 51
522; 56
523; 56
524; 1
525; 1
526; 7
527; 7
528; 11
529; 0
530; 8
531; 8
532; 13
533; 13
534; 18
535; 18
536; 23
537; 30
538; 35
539; 35
540; 40
541; 40
542; 45
543; 45
544; 53
545; 0
546; 8
547; 8
548; 13
549; 13
550; 17
551; 17
552; 21
553; 30
554; 34
555; 34
556; 38
557; 38
558; 43
559; 43
560; 51
561; 38
562; 46
563; 46
564; 53
565; 53
566; 58
567; 58
568; 2
569; 8
570; 12
571; 12
572; 17
573; 17
574; 24
575; 24
576; 32
577; 0
578; 5
579; 5
580; 10
581; 10
582; 14
583; 14
584; 18
585; 30
586; 34
587; 34
588; 38
589; 38
590; 43
591; 43
592; 48
593; 11
594; 16
595; 16
596; 23
597; 23
598; 28
599; 28
600; 32
601; 41
602; 45
603; 45
604; 50
605; 50
606; 57
607; 57
608; 2
609; 0
610; 4
611; 4
612; 10
613; 10
614; 14
615; 14
616; 18
617; 30
618; 34
619; 34
620; 38
621; 38
622; 44
623; 44
624; 48
625; 0
626; 4
627; 4
628; 10
629; 10
630; 18
631; 30
632; 38
633; 38
634; 44
635; 44
636; 48
637; 0
638; 4
639; 4
640; 12
641; 12
642; 19
643; 30
644; 37
645; 37
646; 45
647; 45
648; 49
649; 0
650; 4
651; 4
652; 8
653; 8
654; 12
655; 30
656; 34
657; 34
658; 38
659; 38
660; 42
661; 30
662; 34
663; 34
664; 38
665; 38
666; 42
667; 0
668; 4
669; 4
670; 8
671; 8
672; 12
673; 0
674; 4
675; 4
676; 8
677; 8
678; 12
679; 30
680; 34
681; 34
682; 38
683; 38
684; 42
685; 0
686; 4
687; 4
688; 11
689; 11
690; 16
691; 30
692; 35
693; 35
694; 42
695; 42
696; 46
697; 0
698; 5
699; 5
700; 10
701; 30
702; 35
703; 35
704; 40
705; 0
706; 5
707; 5
708; 13
709; 30
710; 38
711; 38
712; 43
713; 0
714; 5
715; 5
716; 9
717; 30
718; 34
719; 34
720; 39
721; 0
722; 8
723; 8
724; 13
725; 30
726; 35
727; 35
728; 43
729; 0
730; 5
731; 30
732; 35
733; 0
734; 8
735; 30
736; 38
737; 0
738; 6
739; 30
740; 36
741; 5
742; 9
743; 35
744; 39
745; 35
746; 39
747; 5
748; 9
749; 27
750; 32
751; 32
752; 37
753; 37
754; 43
755; 57
756; 3
757; 3
758; 8
759; 8
760; 13
761; 0
762; 5
763; 5
764; 10
765; 10
766; 16
767; 16
768; 22
769; 30
770; 36
771; 36
772; 42
773; 42
774; 47
775; 47
776; 52
777; 0
778; 6
779; 6
780; 12
781; 30
782; 36
783; 36
784; 42
785; 0
786; 5
787; 5
788; 10
789; 10
790; 17
791; 30
792; 37
793; 37
794; 42
795; 42
796; 47
797; 0
798; 5
799; 5
800; 13
801; 30
802; 38
803; 38
804; 43
805; 38
806; 43
807; 43
808; 48
809; 48
810; 54
811; 8
812; 14
813; 14
814; 19
815; 19
816; 24
817; 36
818; 40
819; 40
820; 47
821; 47
822; 3
823; 6
824; 22
825; 22
826; 29
827; 29
828; 33
829; 0
830; 7
831; 7
832; 15
833; 15
834; 19
835; 19
836; 24
837; 30
838; 35
839; 35
840; 39
841; 39
842; 47
843; 47
844; 54
845; 0
846; 4
847; 4
848; 8
849; 8
850; 16
851; 16
852; 20
853; 20
854; 25
855; 30
856; 35
857; 35
858; 39
859; 39
860; 47
861; 47
862; 51
863; 51
864; 55
865; 37
866; 41
867; 41
868; 45
869; 45
870; 49
871; 49
872; 53
873; 53
874; 57
875; 57
876; 5
877; 7
878; 11
879; 11
880; 15
881; 15
882; 19
883; 19
884; 23
885; 23
886; 27
887; 27
888; 35
889; 7
890; 15
891; 15
892; 19
893; 19
894; 23
895; 23
896; 27
897; 27
898; 31
899; 31
900; 35
901; 37
902; 45
903; 45
904; 49
905; 49
906; 53
907; 53
908; 57
909; 57
910; 1
911; 1
912; 5
913; 0
914; 4
915; 4
916; 21
917; 30
918; 47
919; 47
920; 51
921; 0
922; 4
923; 4
924; 8
925; 8
926; 12
927; 12
928; 16
929; 16
930; 20
931; 20
932; 28
933; 30
934; 38
935; 38
936; 42
937; 42
938; 46
939; 46
940; 50
941; 50
942; 54
943; 54
944; 58
945; 12
946; 17
947; 17
948; 21
949; 21
950; 27
951; 27
952; 31
953; 31
954; 35
955; 35
956; 39
957; 39
958; 45
959; 42
960; 47
961; 47
962; 51
963; 51
964; 57
965; 57
966; 1
967; 1
968; 5
969; 5
970; 9
971; 9
972; 15
973; 12
974; 18
975; 18
976; 22
977; 22
978; 26
979; 26
980; 30
981; 30
982; 36
983; 36
984; 40
985; 40
986; 45
987; 42
988; 48
989; 48
990; 52
991; 52
992; 56
993; 56
994; 0
995; 0
996; 6
997; 6
998; 10
999; 10
1000; 15
1001; 0
1002; 6
1003; 6
1004; 10
1005; 10
1006; 14
1007; 14
1008; 22
1009; 22
1010; 26
1011; 26
1012; 31
1013; 0
1014; 5
1015; 5
1016; 9
1017; 9
1018; 17
1019; 17
1020; 21
1021; 21
1022; 25
1023; 25
1024; 31
1025; 0
1026; 5
1027; 5
1028; 10
1029; 10
1030; 16
1031; 16
1032; 22
1033; 30
1034; 36
1035; 36
1036; 42
1037; 42
1038; 47
1039; 47
1040; 52
1041; 41
1042; 45
1043; 45
1044; 50
1045; 50
1046; 57
1047; 11
1048; 18
1049; 18
1050; 23
1051; 23
1052; 27
1053; 27
1054; 33
1055; 33
1056; 38
1057; 38
1058; 46
1059; 46
1060; 50
1061; 50
1062; 55
1063; 55
1064; 0
1065; 27
1066; 32
1067; 32
1068; 37
1069; 37
1070; 41
1071; 41
1072; 49
1073; 49
1074; 54
1075; 54
1076; 0
1077; 0
1078; 8
1079; 8
1080; 12
1081; 12
1082; 17
1083; 17
1084; 22
1085; 22
1086; 28
1087; 30
1088; 36
1089; 36
1090; 41
1091; 41
1092; 46
1093; 46
1094; 50
1095; 50
1096; 58
