#event-id; time
1; 0
2; 5
3; 5
4; 10
5; 10
6; 26
7; 26
8; 33
9; 33
10; 38
11; 38
12; 43
13; 43
14; 49
15; 49
16; 53
17; 30
18; 35
19; 35
20; 40
21; 40
22; 56
23; 56
24; 3
25; 3
26; 8
27; 8
28; 13
29; 13
30; 19
31; 19
32; 23
33; 0
34; 4
35; 4
36; 10
37; 10
38; 15
39; 15
40; 20
41; 20
42; 27
43; 27
44; 43
45; 43
46; 48
47; 48
48; 53
49; 30
50; 34
51; 34
52; 40
53; 40
54; 45
55; 45
56; 50
57; 50
58; 57
59; 57
60; 13
61; 13
62; 18
63; 18
64; 23
65; 46
66; 54
67; 54
68; 58
69; 58
70; 4
71; 4
72; 8
73; 8
74; 12
75; 12
76; 18
77; 18
78; 22
79; 16
80; 24
81; 24
82; 28
83; 28
84; 34
85; 34
86; 38
87; 38
88; 42
89; 42
90; 48
91; 48
92; 52
93; 46
94; 50
95; 50
96; 56
97; 56
98; 0
99; 0
100; 4
101; 4
102; 10
103; 10
104; 14
105; 14
106; 22
107; 16
108; 20
109; 20
110; 26
111; 26
112; 30
113; 30
114; 34
115; 34
116; 40
117; 40
118; 44
119; 44
120; 52
121; 55
122; 1
123; 1
124; 6
125; 6
126; 10
127; 10
128; 18
129; 18
130; 23
131; 23
132; 28
133; 25
134; 31
135; 31
136; 36
137; 36
138; 40
139; 40
140; 48
141; 48
142; 53
143; 53
144; 58
145; 55
146; 0
147; 0
148; 5
149; 5
150; 13
151; 13
152; 17
153; 17
154; 22
155; 22
156; 28
157; 25
158; 30
159; 30
160; 35
161; 35
162; 43
163; 43
164; 47
165; 47
166; 52
167; 52
168; 58
169; 52
170; 58
171; 58
172; 3
173; 3
174; 7
175; 7
176; 15
177; 15
178; 19
179; 19
180; 23
181; 22
182; 28
183; 28
184; 33
185; 33
186; 37
187; 37
188; 45
189; 45
190; 49
191; 49
192; 53
193; 52
194; 56
195; 56
196; 0
197; 0
198; 8
199; 8
200; 12
201; 12
202; 17
203; 17
204; 23
205; 22
206; 26
207; 26
208; 30
209; 30
210; 38
211; 38
212; 42
213; 42
214; 47
215; 47
216; 53
217; 29
218; 33
219; 33
220; 41
221; 41
222; 48
223; 48
224; 53
225; 53
226; 59
227; 59
228; 3
229; 39
230; 43
231; 43
232; 51
233; 51
234; 58
235; 58
236; 3
237; 3
238; 9
239; 9
240; 13
241; 49
242; 53
243; 53
244; 1
245; 1
246; 8
247; 8
248; 13
249; 13
250; 19
251; 19
252; 23
253; 59
254; 3
255; 3
256; 11
257; 11
258; 18
259; 18
260; 23
261; 23
262; 29
263; 29
264; 33
265; 9
266; 13
267; 13
268; 21
269; 21
270; 28
271; 28
272; 33
273; 33
274; 39
275; 39
276; 43
277; 19
278; 23
279; 23
280; 31
281; 31
282; 38
283; 38
284; 43
285; 43
286; 49
287; 49
288; 53
289; 29
290; 33
291; 33
292; 39
293; 39
294; 44
295; 44
296; 51
297; 51
298; 59
299; 59
300; 3
301; 39
302; 43
303; 43
304; 49
305; 49
306; 54
307; 54
308; 1
309; 1
310; 9
311; 9
312; 13
313; 49
314; 53
315; 53
316; 59
317; 59
318; 4
319; 4
320; 11
321; 11
322; 19
323; 19
324; 23
325; 59
326; 3
327; 3
328; 9
329; 9
330; 14
331; 14
332; 21
333; 21
334; 29
335; 29
336; 33
337; 9
338; 13
339; 13
340; 19
341; 19
342; 24
343; 24
344; 31
345; 31
346; 39
347; 39
348; 43
349; 19
350; 23
351; 23
352; 29
353; 29
354; 34
355; 34
356; 41
357; 41
358; 49
359; 49
360; 53
361; 51
362; 58
363; 58
364; 2
365; 2
366; 6
367; 6
368; 11
369; 11
370; 16
371; 16
372; 20
373; 6
374; 13
375; 13
376; 17
377; 17
378; 21
379; 21
380; 26
381; 26
382; 31
383; 31
384; 35
385; 21
386; 28
387; 28
388; 32
389; 32
390; 36
391; 36
392; 41
393; 41
394; 46
395; 46
396; 50
397; 36
398; 43
399; 43
400; 47
401; 47
402; 51
403; 51
404; 56
405; 56
406; 1
407; 1
408; 5
409; 21
410; 25
411; 25
412; 30
413; 30
414; 35
415; 35
416; 39
417; 39
418; 43
419; 43
420; 50
421; 36
422; 40
423; 40
424; 45
425; 45
426; 50
427; 50
428; 54
429; 54
430; 58
431; 58
432; 5
433; 51
434; 55
435; 55
436; 0
437; 0
438; 5
439; 5
440; 9
441; 9
442; 13
443; 13
444; 20
445; 6
446; 10
447; 10
448; 15
449; 15
450; 20
451; 20
452; 24
453; 24
454; 28
455; 28
456; 35
457; 43
458; 47
459; 47
460; 53
461; 53
462; 57
463; 57
464; 3
465; 3
466; 7
467; 7
468; 11
469; 13
470; 17
471; 17
472; 23
473; 23
474; 27
475; 27
476; 33
477; 33
478; 37
479; 37
480; 41
481; 13
482; 17
483; 17
484; 21
485; 21
486; 27
487; 27
488; 31
489; 31
490; 37
491; 37
492; 41
493; 43
494; 47
495; 47
496; 51
497; 51
498; 57
499; 57
500; 1
501; 1
502; 7
503; 7
504; 11
505; 9
506; 13
507; 13
508; 17
509; 17
510; 23
511; 23
512; 27
513; 27
514; 31
515; 31
516; 35
517; 39
518; 43
519; 43
520; 47
521; 47
522; 53
523; 53
524; 57
525; 57
526; 1
527; 1
528; 5
529; 39
530; 43
531; 43
532; 47
533; 47
534; 51
535; 51
536; 57
537; 57
538; 1
539; 1
540; 5
541; 9
542; 13
543; 13
544; 17
545; 17
546; 21
547; 21
548; 27
549; 27
550; 31
551; 31
552; 35
553; 0
554; 5
555; 5
556; 10
557; 10
558; 26
559; 26
560; 33
561; 33
562; 37
563; 30
564; 35
565; 35
566; 40
567; 40
568; 56
569; 56
570; 3
571; 3
572; 7
573; 0
574; 4
575; 4
576; 11
577; 11
578; 27
579; 27
580; 32
581; 32
582; 37
583; 30
584; 34
585; 34
586; 41
587; 41
588; 57
589; 57
590; 2
591; 2
592; 7
593; 6
594; 12
595; 12
596; 17
597; 17
598; 22
599; 22
600; 27
601; 27
602; 32
603; 36
604; 42
605; 42
606; 47
607; 47
608; 52
609; 52
610; 57
611; 57
612; 2
613; 36
614; 41
615; 41
616; 46
617; 46
618; 51
619; 51
620; 56
621; 56
622; 2
623; 6
624; 11
625; 11
626; 16
627; 16
628; 21
629; 21
630; 26
631; 26
632; 32
633; 0
634; 4
635; 4
636; 8
637; 8
638; 14
639; 14
640; 19
641; 19
642; 27
643; 30
644; 34
645; 34
646; 38
647; 38
648; 44
649; 44
650; 49
651; 49
652; 57
653; 30
654; 38
655; 38
656; 43
657; 43
658; 49
659; 49
660; 53
661; 53
662; 57
663; 0
664; 8
665; 8
666; 13
667; 13
668; 19
669; 19
670; 23
671; 23
672; 27
673; 59
674; 3
675; 3
676; 7
677; 7
678; 13
679; 13
680; 18
681; 18
682; 23
683; 14
684; 18
685; 18
686; 22
687; 22
688; 28
689; 28
690; 33
691; 33
692; 38
693; 29
694; 33
695; 33
696; 37
697; 37
698; 43
699; 43
700; 48
701; 48
702; 53
703; 44
704; 48
705; 48
706; 52
707; 52
708; 58
709; 58
710; 3
711; 3
712; 8
713; 29
714; 34
715; 34
716; 39
717; 39
718; 45
719; 45
720; 49
721; 49
722; 53
723; 44
724; 49
725; 49
726; 54
727; 54
728; 0
729; 0
730; 4
731; 4
732; 8
733; 59
734; 4
735; 4
736; 9
737; 9
738; 15
739; 15
740; 19
741; 19
742; 23
743; 14
744; 19
745; 19
746; 24
747; 24
748; 30
749; 30
750; 34
751; 34
752; 38
753; 46
754; 50
755; 50
756; 54
757; 54
758; 0
759; 0
760; 4
761; 4
762; 8
763; 1
764; 5
765; 5
766; 9
767; 9
768; 15
769; 15
770; 19
771; 19
772; 23
773; 16
774; 20
775; 20
776; 24
777; 24
778; 30
779; 30
780; 34
781; 34
782; 38
783; 31
784; 35
785; 35
786; 39
787; 39
788; 45
789; 45
790; 49
791; 49
792; 53
793; 16
794; 20
795; 20
796; 24
797; 24
798; 30
799; 30
800; 34
801; 34
802; 38
803; 31
804; 35
805; 35
806; 39
807; 39
808; 45
809; 45
810; 49
811; 49
812; 53
813; 46
814; 50
815; 50
816; 54
817; 54
818; 0
819; 0
820; 4
821; 4
822; 8
823; 1
824; 5
825; 5
826; 9
827; 9
828; 15
829; 15
830; 19
831; 19
832; 23
833; 0
834; 4
835; 4
836; 8
837; 8
838; 12
839; 12
840; 18
841; 18
842; 22
843; 30
844; 34
845; 34
846; 38
847; 38
848; 42
849; 42
850; 48
851; 48
852; 52
853; 30
854; 34
855; 34
856; 40
857; 40
858; 44
859; 44
860; 48
861; 48
862; 52
863; 0
864; 4
865; 4
866; 10
867; 10
868; 14
869; 14
870; 18
871; 18
872; 22
873; 52
874; 56
875; 56
876; 0
877; 0
878; 4
879; 4
880; 8
881; 8
882; 12
883; 7
884; 11
885; 11
886; 15
887; 15
888; 19
889; 19
890; 23
891; 23
892; 27
893; 22
894; 26
895; 26
896; 30
897; 30
898; 34
899; 34
900; 38
901; 38
902; 42
903; 37
904; 41
905; 41
906; 45
907; 45
908; 49
909; 49
910; 53
911; 53
912; 57
913; 22
914; 26
915; 26
916; 30
917; 30
918; 34
919; 34
920; 38
921; 38
922; 42
923; 37
924; 41
925; 41
926; 45
927; 45
928; 49
929; 49
930; 53
931; 53
932; 57
933; 52
934; 56
935; 56
936; 0
937; 0
938; 4
939; 4
940; 8
941; 8
942; 12
943; 7
944; 11
945; 11
946; 15
947; 15
948; 19
949; 19
950; 23
951; 23
952; 27
953; 0
954; 4
955; 4
956; 12
957; 12
958; 19
959; 19
960; 24
961; 24
962; 28
963; 30
964; 34
965; 34
966; 42
967; 42
968; 49
969; 49
970; 54
971; 54
972; 58
973; 30
974; 34
975; 34
976; 39
977; 39
978; 46
979; 46
980; 54
981; 54
982; 58
983; 0
984; 4
985; 4
986; 9
987; 9
988; 16
989; 16
990; 24
991; 24
992; 28
993; 57
994; 2
995; 2
996; 7
997; 7
998; 13
999; 13
1000; 19
1001; 19
1002; 23
1003; 27
1004; 32
1005; 32
1006; 37
1007; 37
1008; 43
1009; 43
1010; 49
1011; 49
1012; 53
1013; 27
1014; 31
1015; 31
1016; 37
1017; 37
1018; 43
1019; 43
1020; 48
1021; 48
1022; 53
1023; 57
1024; 1
1025; 1
1026; 7
1027; 7
1028; 13
1029; 13
1030; 18
1031; 18
1032; 23
1033; 0
1034; 7
1035; 7
1036; 11
1037; 11
1038; 15
1039; 15
1040; 21
1041; 21
1042; 25
1043; 30
1044; 37
1045; 37
1046; 41
1047; 41
1048; 45
1049; 45
1050; 51
1051; 51
1052; 55
1053; 30
1054; 34
1055; 34
1056; 40
1057; 40
1058; 44
1059; 44
1060; 48
1061; 48
1062; 55
1063; 0
1064; 4
1065; 4
1066; 10
1067; 10
1068; 14
1069; 14
1070; 18
1071; 18
1072; 25
1073; 44
1074; 48
1075; 48
1076; 54
1077; 54
1078; 59
1079; 59
1080; 4
1081; 4
1082; 8
1083; 14
1084; 18
1085; 18
1086; 24
1087; 24
1088; 29
1089; 29
1090; 34
1091; 34
1092; 38
1093; 14
1094; 18
1095; 18
1096; 23
1097; 23
1098; 28
1099; 28
1100; 34
1101; 34
1102; 38
1103; 44
1104; 48
1105; 48
1106; 53
1107; 53
1108; 58
1109; 58
1110; 4
1111; 4
1112; 8
1113; 11
1114; 15
1115; 15
1116; 20
1117; 20
1118; 26
1119; 26
1120; 34
1121; 41
1122; 45
1123; 45
1124; 50
1125; 50
1126; 56
1127; 56
1128; 4
1129; 41
1130; 49
1131; 49
1132; 55
1133; 55
1134; 0
1135; 0
1136; 4
1137; 11
1138; 19
1139; 19
1140; 25
1141; 25
1142; 30
1143; 30
1144; 34
1145; 3
1146; 11
1147; 11
1148; 16
1149; 16
1150; 20
1151; 20
1152; 24
1153; 33
1154; 41
1155; 41
1156; 46
1157; 46
1158; 50
1159; 50
1160; 54
1161; 33
1162; 37
1163; 37
1164; 41
1165; 41
1166; 46
1167; 46
1168; 54
1169; 3
1170; 7
1171; 7
1172; 11
1173; 11
1174; 16
1175; 16
1176; 24
1177; 0
1178; 8
1179; 8
1180; 15
1181; 15
1182; 20
1183; 20
1184; 24
1185; 30
1186; 38
1187; 38
1188; 45
1189; 45
1190; 50
1191; 50
1192; 54
1193; 30
1194; 34
1195; 34
1196; 39
1197; 39
1198; 46
1199; 46
1200; 54
1201; 0
1202; 4
1203; 4
1204; 9
1205; 9
1206; 16
1207; 16
1208; 24
1209; 0
1210; 5
1211; 5
1212; 10
1213; 10
1214; 14
1215; 14
1216; 18
1217; 30
1218; 35
1219; 35
1220; 40
1221; 40
1222; 44
1223; 44
1224; 48
1225; 30
1226; 34
1227; 34
1228; 38
1229; 38
1230; 43
1231; 43
1232; 48
1233; 0
1234; 4
1235; 4
1236; 8
1237; 8
1238; 13
1239; 13
1240; 18
1241; 26
1242; 31
1243; 31
1244; 38
1245; 38
1246; 43
1247; 43
1248; 47
1249; 41
1250; 46
1251; 46
1252; 53
1253; 53
1254; 58
1255; 58
1256; 2
1257; 56
1258; 1
1259; 1
1260; 8
1261; 8
1262; 13
1263; 13
1264; 17
1265; 11
1266; 16
1267; 16
1268; 23
1269; 23
1270; 28
1271; 28
1272; 32
1273; 56
1274; 0
1275; 0
1276; 5
1277; 5
1278; 12
1279; 12
1280; 17
1281; 11
1282; 15
1283; 15
1284; 20
1285; 20
1286; 27
1287; 27
1288; 32
1289; 26
1290; 30
1291; 30
1292; 35
1293; 35
1294; 42
1295; 42
1296; 47
1297; 41
1298; 45
1299; 45
1300; 50
1301; 50
1302; 57
1303; 57
1304; 2
1305; 46
1306; 50
1307; 50
1308; 56
1309; 56
1310; 0
1311; 0
1312; 4
1313; 16
1314; 20
1315; 20
1316; 26
1317; 26
1318; 30
1319; 30
1320; 34
1321; 16
1322; 20
1323; 20
1324; 24
1325; 24
1326; 30
1327; 30
1328; 34
1329; 46
1330; 50
1331; 50
1332; 54
1333; 54
1334; 0
1335; 0
1336; 4
1337; 33
1338; 41
1339; 41
1340; 46
1341; 46
1342; 50
1343; 3
1344; 11
1345; 11
1346; 16
1347; 16
1348; 20
1349; 3
1350; 7
1351; 7
1352; 12
1353; 12
1354; 20
1355; 33
1356; 37
1357; 37
1358; 42
1359; 42
1360; 50
1361; 22
1362; 26
1363; 26
1364; 32
1365; 32
1366; 40
1367; 52
1368; 56
1369; 56
1370; 2
1371; 2
1372; 10
1373; 52
1374; 0
1375; 0
1376; 6
1377; 6
1378; 10
1379; 22
1380; 30
1381; 30
1382; 36
1383; 36
1384; 40
1385; 46
1386; 50
1387; 50
1388; 55
1389; 55
1390; 0
1391; 16
1392; 20
1393; 20
1394; 25
1395; 25
1396; 30
1397; 16
1398; 21
1399; 21
1400; 26
1401; 26
1402; 30
1403; 46
1404; 51
1405; 51
1406; 56
1407; 56
1408; 0
1409; 29
1410; 33
1411; 33
1412; 38
1413; 38
1414; 42
1415; 59
1416; 3
1417; 3
1418; 8
1419; 8
1420; 12
1421; 59
1422; 3
1423; 3
1424; 8
1425; 8
1426; 12
1427; 29
1428; 33
1429; 33
1430; 38
1431; 38
1432; 42
1433; 48
1434; 52
1435; 52
1436; 56
1437; 56
1438; 0
1439; 3
1440; 7
1441; 7
1442; 11
1443; 11
1444; 15
1445; 18
1446; 22
1447; 22
1448; 26
1449; 26
1450; 30
1451; 33
1452; 37
1453; 37
1454; 41
1455; 41
1456; 45
1457; 18
1458; 22
1459; 22
1460; 26
1461; 26
1462; 30
1463; 33
1464; 37
1465; 37
1466; 41
1467; 41
1468; 45
1469; 48
1470; 52
1471; 52
1472; 56
1473; 56
1474; 0
1475; 3
1476; 7
1477; 7
1478; 11
1479; 11
1480; 15
1481; 0
1482; 8
1483; 8
1484; 13
1485; 30
1486; 38
1487; 38
1488; 43
1489; 30
1490; 35
1491; 35
1492; 43
1493; 0
1494; 5
1495; 5
1496; 13
1497; 35
1498; 43
1499; 5
1500; 13
1501; 5
1502; 13
1503; 35
1504; 43
1505; 0
1506; 6
1507; 30
1508; 36
1509; 30
1510; 36
1511; 0
1512; 6
1513; 0
1514; 4
1515; 30
1516; 34
1517; 30
1518; 34
1519; 0
1520; 4
1521; 0
1522; 4
1523; 30
1524; 34
1525; 30
1526; 34
1527; 0
1528; 4
1529; 0
1530; 8
1531; 15
1532; 23
1533; 30
1534; 38
1535; 45
1536; 53
1537; 30
1538; 38
1539; 45
1540; 53
1541; 0
1542; 8
1543; 15
1544; 23
1545; 6
1546; 11
1547; 13
1548; 18
1549; 21
1550; 26
1551; 28
1552; 33
1553; 36
1554; 41
1555; 43
1556; 48
1557; 51
1558; 56
1559; 58
1560; 3
1561; 36
1562; 41
1563; 43
1564; 48
1565; 51
1566; 56
1567; 58
1568; 3
1569; 6
1570; 11
1571; 13
1572; 18
1573; 21
1574; 26
1575; 28
1576; 33
1577; 0
1578; 7
1579; 30
1580; 37
1581; 30
1582; 37
1583; 0
1584; 7
1585; 51
1586; 57
1587; 1
1588; 7
1589; 11
1590; 17
1591; 21
1592; 27
1593; 31
1594; 37
1595; 41
1596; 47
1597; 21
1598; 27
1599; 31
1600; 37
1601; 41
1602; 47
1603; 51
1604; 57
1605; 1
1606; 7
1607; 11
1608; 17
1609; 51
1610; 56
1611; 58
1612; 3
1613; 6
1614; 11
1615; 13
1616; 18
1617; 21
1618; 26
1619; 28
1620; 33
1621; 36
1622; 41
1623; 43
1624; 48
1625; 21
1626; 26
1627; 28
1628; 33
1629; 36
1630; 41
1631; 43
1632; 48
1633; 51
1634; 56
1635; 58
1636; 3
1637; 6
1638; 11
1639; 13
1640; 18
1641; 7
1642; 11
1643; 22
1644; 26
1645; 37
1646; 41
1647; 52
1648; 56
1649; 37
1650; 41
1651; 52
1652; 56
1653; 7
1654; 11
1655; 22
1656; 26
