# line-id; line-code; direction; stop-order; stop-id; frequency; arrival_time; departure_time; line-repetition
1; 1H; >; 1; 21; 2; 0; 0; 1
1; 1H; >; 2; 24; 2; 5; 5; 1
1; 1H; >; 3; 13; 2; 10; 10; 1
1; 1H; >; 4; 12; 2; 26; 26; 1
1; 1H; >; 5; 3; 2; 33; 33; 1
1; 1H; >; 6; 4; 2; 38; 38; 1
1; 1H; >; 7; 5; 2; 43; 43; 1
1; 1H; >; 8; 6; 2; 49; 49; 1
1; 1H; >; 9; 2; 2; 53; 53; 1
1; 1H; >; 1; 21; 2; 30; 30; 2
1; 1H; >; 2; 24; 2; 35; 35; 2
1; 1H; >; 3; 13; 2; 40; 40; 2
1; 1H; >; 4; 12; 2; 56; 56; 2
1; 1H; >; 5; 3; 2; 3; 3; 2
1; 1H; >; 6; 4; 2; 8; 8; 2
1; 1H; >; 7; 5; 2; 13; 13; 2
1; 1H; >; 8; 6; 2; 19; 19; 2
1; 1H; >; 9; 2; 2; 23; 23; 2
1; 1R; <; 1; 2; 2; 0; 0; 1
1; 1R; <; 2; 6; 2; 4; 4; 1
1; 1R; <; 3; 5; 2; 10; 10; 1
1; 1R; <; 4; 4; 2; 15; 15; 1
1; 1R; <; 5; 3; 2; 20; 20; 1
1; 1R; <; 6; 12; 2; 27; 27; 1
1; 1R; <; 7; 13; 2; 43; 43; 1
1; 1R; <; 8; 24; 2; 48; 48; 1
1; 1R; <; 9; 21; 2; 53; 53; 1
1; 1R; <; 1; 2; 2; 30; 30; 2
1; 1R; <; 2; 6; 2; 34; 34; 2
1; 1R; <; 3; 5; 2; 40; 40; 2
1; 1R; <; 4; 4; 2; 45; 45; 2
1; 1R; <; 5; 3; 2; 50; 50; 2
1; 1R; <; 6; 12; 2; 57; 57; 2
1; 1R; <; 7; 13; 2; 13; 13; 2
1; 1R; <; 8; 24; 2; 18; 18; 2
1; 1R; <; 9; 21; 2; 23; 23; 2
2; 2H; >; 1; 20; 2; 46; 46; 1
2; 2H; >; 2; 22; 2; 54; 54; 1
2; 2H; >; 3; 15; 2; 58; 58; 1
2; 2H; >; 4; 19; 2; 4; 4; 1
2; 2H; >; 5; 17; 2; 8; 8; 1
2; 2H; >; 6; 16; 2; 12; 12; 1
2; 2H; >; 7; 18; 2; 18; 18; 1
2; 2H; >; 8; 7; 2; 22; 22; 1
2; 2H; >; 1; 20; 2; 16; 16; 2
2; 2H; >; 2; 22; 2; 24; 24; 2
2; 2H; >; 3; 15; 2; 28; 28; 2
2; 2H; >; 4; 19; 2; 34; 34; 2
2; 2H; >; 5; 17; 2; 38; 38; 2
2; 2H; >; 6; 16; 2; 42; 42; 2
2; 2H; >; 7; 18; 2; 48; 48; 2
2; 2H; >; 8; 7; 2; 52; 52; 2
2; 2R; <; 1; 7; 2; 46; 46; 1
2; 2R; <; 2; 18; 2; 50; 50; 1
2; 2R; <; 3; 16; 2; 56; 56; 1
2; 2R; <; 4; 17; 2; 0; 0; 1
2; 2R; <; 5; 19; 2; 4; 4; 1
2; 2R; <; 6; 15; 2; 10; 10; 1
2; 2R; <; 7; 22; 2; 14; 14; 1
2; 2R; <; 8; 20; 2; 22; 22; 1
2; 2R; <; 1; 7; 2; 16; 16; 2
2; 2R; <; 2; 18; 2; 20; 20; 2
2; 2R; <; 3; 16; 2; 26; 26; 2
2; 2R; <; 4; 17; 2; 30; 30; 2
2; 2R; <; 5; 19; 2; 34; 34; 2
2; 2R; <; 6; 15; 2; 40; 40; 2
2; 2R; <; 7; 22; 2; 44; 44; 2
2; 2R; <; 8; 20; 2; 52; 52; 2
3; 3H; >; 1; 20; 2; 55; 55; 1
3; 3H; >; 2; 21; 2; 1; 1; 1
3; 3H; >; 3; 22; 2; 6; 6; 1
3; 3H; >; 4; 15; 2; 10; 10; 1
3; 3H; >; 5; 10; 2; 18; 18; 1
3; 3H; >; 6; 11; 2; 23; 23; 1
3; 3H; >; 7; 12; 2; 28; 28; 1
3; 3H; >; 1; 20; 2; 25; 25; 2
3; 3H; >; 2; 21; 2; 31; 31; 2
3; 3H; >; 3; 22; 2; 36; 36; 2
3; 3H; >; 4; 15; 2; 40; 40; 2
3; 3H; >; 5; 10; 2; 48; 48; 2
3; 3H; >; 6; 11; 2; 53; 53; 2
3; 3H; >; 7; 12; 2; 58; 58; 2
3; 3R; <; 1; 12; 2; 55; 55; 1
3; 3R; <; 2; 11; 2; 0; 0; 1
3; 3R; <; 3; 10; 2; 5; 5; 1
3; 3R; <; 4; 15; 2; 13; 13; 1
3; 3R; <; 5; 22; 2; 17; 17; 1
3; 3R; <; 6; 21; 2; 22; 22; 1
3; 3R; <; 7; 20; 2; 28; 28; 1
3; 3R; <; 1; 12; 2; 25; 25; 2
3; 3R; <; 2; 11; 2; 30; 30; 2
3; 3R; <; 3; 10; 2; 35; 35; 2
3; 3R; <; 4; 15; 2; 43; 43; 2
3; 3R; <; 5; 22; 2; 47; 47; 2
3; 3R; <; 6; 21; 2; 52; 52; 2
3; 3R; <; 7; 20; 2; 58; 58; 2
4; 4H; >; 1; 20; 2; 52; 52; 1
4; 4H; >; 2; 21; 2; 58; 58; 1
4; 4H; >; 3; 22; 2; 3; 3; 1
4; 4H; >; 4; 15; 2; 7; 7; 1
4; 4H; >; 5; 10; 2; 15; 15; 1
4; 4H; >; 6; 9; 2; 19; 19; 1
4; 4H; >; 7; 5; 2; 23; 23; 1
4; 4H; >; 1; 20; 2; 22; 22; 2
4; 4H; >; 2; 21; 2; 28; 28; 2
4; 4H; >; 3; 22; 2; 33; 33; 2
4; 4H; >; 4; 15; 2; 37; 37; 2
4; 4H; >; 5; 10; 2; 45; 45; 2
4; 4H; >; 6; 9; 2; 49; 49; 2
4; 4H; >; 7; 5; 2; 53; 53; 2
4; 4R; <; 1; 5; 2; 52; 52; 1
4; 4R; <; 2; 9; 2; 56; 56; 1
4; 4R; <; 3; 10; 2; 0; 0; 1
4; 4R; <; 4; 15; 2; 8; 8; 1
4; 4R; <; 5; 22; 2; 12; 12; 1
4; 4R; <; 6; 21; 2; 17; 17; 1
4; 4R; <; 7; 20; 2; 23; 23; 1
4; 4R; <; 1; 5; 2; 22; 22; 2
4; 4R; <; 2; 9; 2; 26; 26; 2
4; 4R; <; 3; 10; 2; 30; 30; 2
4; 4R; <; 4; 15; 2; 38; 38; 2
4; 4R; <; 5; 22; 2; 42; 42; 2
4; 4R; <; 6; 21; 2; 47; 47; 2
4; 4R; <; 7; 20; 2; 53; 53; 2
5; 5H; >; 1; 23; 6; 29; 29; 1
5; 5H; >; 2; 14; 6; 33; 33; 1
5; 5H; >; 3; 11; 6; 41; 41; 1
5; 5H; >; 4; 4; 6; 48; 48; 1
5; 5H; >; 5; 5; 6; 53; 53; 1
5; 5H; >; 6; 6; 6; 59; 59; 1
5; 5H; >; 7; 2; 6; 3; 3; 1
5; 5H; >; 1; 23; 6; 39; 39; 2
5; 5H; >; 2; 14; 6; 43; 43; 2
5; 5H; >; 3; 11; 6; 51; 51; 2
5; 5H; >; 4; 4; 6; 58; 58; 2
5; 5H; >; 5; 5; 6; 3; 3; 2
5; 5H; >; 6; 6; 6; 9; 9; 2
5; 5H; >; 7; 2; 6; 13; 13; 2
5; 5H; >; 1; 23; 6; 49; 49; 3
5; 5H; >; 2; 14; 6; 53; 53; 3
5; 5H; >; 3; 11; 6; 1; 1; 3
5; 5H; >; 4; 4; 6; 8; 8; 3
5; 5H; >; 5; 5; 6; 13; 13; 3
5; 5H; >; 6; 6; 6; 19; 19; 3
5; 5H; >; 7; 2; 6; 23; 23; 3
5; 5H; >; 1; 23; 6; 59; 59; 4
5; 5H; >; 2; 14; 6; 3; 3; 4
5; 5H; >; 3; 11; 6; 11; 11; 4
5; 5H; >; 4; 4; 6; 18; 18; 4
5; 5H; >; 5; 5; 6; 23; 23; 4
5; 5H; >; 6; 6; 6; 29; 29; 4
5; 5H; >; 7; 2; 6; 33; 33; 4
5; 5H; >; 1; 23; 6; 9; 9; 5
5; 5H; >; 2; 14; 6; 13; 13; 5
5; 5H; >; 3; 11; 6; 21; 21; 5
5; 5H; >; 4; 4; 6; 28; 28; 5
5; 5H; >; 5; 5; 6; 33; 33; 5
5; 5H; >; 6; 6; 6; 39; 39; 5
5; 5H; >; 7; 2; 6; 43; 43; 5
5; 5H; >; 1; 23; 6; 19; 19; 6
5; 5H; >; 2; 14; 6; 23; 23; 6
5; 5H; >; 3; 11; 6; 31; 31; 6
5; 5H; >; 4; 4; 6; 38; 38; 6
5; 5H; >; 5; 5; 6; 43; 43; 6
5; 5H; >; 6; 6; 6; 49; 49; 6
5; 5H; >; 7; 2; 6; 53; 53; 6
5; 5R; <; 1; 2; 6; 29; 29; 1
5; 5R; <; 2; 6; 6; 33; 33; 1
5; 5R; <; 3; 5; 6; 39; 39; 1
5; 5R; <; 4; 4; 6; 44; 44; 1
5; 5R; <; 5; 11; 6; 51; 51; 1
5; 5R; <; 6; 14; 6; 59; 59; 1
5; 5R; <; 7; 23; 6; 3; 3; 1
5; 5R; <; 1; 2; 6; 39; 39; 2
5; 5R; <; 2; 6; 6; 43; 43; 2
5; 5R; <; 3; 5; 6; 49; 49; 2
5; 5R; <; 4; 4; 6; 54; 54; 2
5; 5R; <; 5; 11; 6; 1; 1; 2
5; 5R; <; 6; 14; 6; 9; 9; 2
5; 5R; <; 7; 23; 6; 13; 13; 2
5; 5R; <; 1; 2; 6; 49; 49; 3
5; 5R; <; 2; 6; 6; 53; 53; 3
5; 5R; <; 3; 5; 6; 59; 59; 3
5; 5R; <; 4; 4; 6; 4; 4; 3
5; 5R; <; 5; 11; 6; 11; 11; 3
5; 5R; <; 6; 14; 6; 19; 19; 3
5; 5R; <; 7; 23; 6; 23; 23; 3
5; 5R; <; 1; 2; 6; 59; 59; 4
5; 5R; <; 2; 6; 6; 3; 3; 4
5; 5R; <; 3; 5; 6; 9; 9; 4
5; 5R; <; 4; 4; 6; 14; 14; 4
5; 5R; <; 5; 11; 6; 21; 21; 4
5; 5R; <; 6; 14; 6; 29; 29; 4
5; 5R; <; 7; 23; 6; 33; 33; 4
5; 5R; <; 1; 2; 6; 9; 9; 5
5; 5R; <; 2; 6; 6; 13; 13; 5
5; 5R; <; 3; 5; 6; 19; 19; 5
5; 5R; <; 4; 4; 6; 24; 24; 5
5; 5R; <; 5; 11; 6; 31; 31; 5
5; 5R; <; 6; 14; 6; 39; 39; 5
5; 5R; <; 7; 23; 6; 43; 43; 5
5; 5R; <; 1; 2; 6; 19; 19; 6
5; 5R; <; 2; 6; 6; 23; 23; 6
5; 5R; <; 3; 5; 6; 29; 29; 6
5; 5R; <; 4; 4; 6; 34; 34; 6
5; 5R; <; 5; 11; 6; 41; 41; 6
5; 5R; <; 6; 14; 6; 49; 49; 6
5; 5R; <; 7; 23; 6; 53; 53; 6
6; 6H; >; 1; 17; 4; 51; 51; 1
6; 6H; >; 2; 10; 4; 58; 58; 1
6; 6H; >; 3; 9; 4; 2; 2; 1
6; 6H; >; 4; 5; 4; 6; 6; 1
6; 6H; >; 5; 4; 4; 11; 11; 1
6; 6H; >; 6; 3; 4; 16; 16; 1
6; 6H; >; 7; 1; 4; 20; 20; 1
6; 6H; >; 1; 17; 4; 6; 6; 2
6; 6H; >; 2; 10; 4; 13; 13; 2
6; 6H; >; 3; 9; 4; 17; 17; 2
6; 6H; >; 4; 5; 4; 21; 21; 2
6; 6H; >; 5; 4; 4; 26; 26; 2
6; 6H; >; 6; 3; 4; 31; 31; 2
6; 6H; >; 7; 1; 4; 35; 35; 2
6; 6H; >; 1; 17; 4; 21; 21; 3
6; 6H; >; 2; 10; 4; 28; 28; 3
6; 6H; >; 3; 9; 4; 32; 32; 3
6; 6H; >; 4; 5; 4; 36; 36; 3
6; 6H; >; 5; 4; 4; 41; 41; 3
6; 6H; >; 6; 3; 4; 46; 46; 3
6; 6H; >; 7; 1; 4; 50; 50; 3
6; 6H; >; 1; 17; 4; 36; 36; 4
6; 6H; >; 2; 10; 4; 43; 43; 4
6; 6H; >; 3; 9; 4; 47; 47; 4
6; 6H; >; 4; 5; 4; 51; 51; 4
6; 6H; >; 5; 4; 4; 56; 56; 4
6; 6H; >; 6; 3; 4; 1; 1; 4
6; 6H; >; 7; 1; 4; 5; 5; 4
6; 6R; <; 1; 1; 4; 21; 21; 1
6; 6R; <; 2; 3; 4; 25; 25; 1
6; 6R; <; 3; 4; 4; 30; 30; 1
6; 6R; <; 4; 5; 4; 35; 35; 1
6; 6R; <; 5; 9; 4; 39; 39; 1
6; 6R; <; 6; 10; 4; 43; 43; 1
6; 6R; <; 7; 17; 4; 50; 50; 1
6; 6R; <; 1; 1; 4; 36; 36; 2
6; 6R; <; 2; 3; 4; 40; 40; 2
6; 6R; <; 3; 4; 4; 45; 45; 2
6; 6R; <; 4; 5; 4; 50; 50; 2
6; 6R; <; 5; 9; 4; 54; 54; 2
6; 6R; <; 6; 10; 4; 58; 58; 2
6; 6R; <; 7; 17; 4; 5; 5; 2
6; 6R; <; 1; 1; 4; 51; 51; 3
6; 6R; <; 2; 3; 4; 55; 55; 3
6; 6R; <; 3; 4; 4; 0; 0; 3
6; 6R; <; 4; 5; 4; 5; 5; 3
6; 6R; <; 5; 9; 4; 9; 9; 3
6; 6R; <; 6; 10; 4; 13; 13; 3
6; 6R; <; 7; 17; 4; 20; 20; 3
6; 6R; <; 1; 1; 4; 6; 6; 4
6; 6R; <; 2; 3; 4; 10; 10; 4
6; 6R; <; 3; 4; 4; 15; 15; 4
6; 6R; <; 4; 5; 4; 20; 20; 4
6; 6R; <; 5; 9; 4; 24; 24; 4
6; 6R; <; 6; 10; 4; 28; 28; 4
6; 6R; <; 7; 17; 4; 35; 35; 4
7; 7H; >; 1; 18; 2; 43; 43; 1
7; 7H; >; 2; 7; 2; 47; 47; 1
7; 7H; >; 3; 8; 2; 53; 53; 1
7; 7H; >; 4; 16; 2; 57; 57; 1
7; 7H; >; 5; 10; 2; 3; 3; 1
7; 7H; >; 6; 9; 2; 7; 7; 1
7; 7H; >; 7; 5; 2; 11; 11; 1
7; 7H; >; 1; 18; 2; 13; 13; 2
7; 7H; >; 2; 7; 2; 17; 17; 2
7; 7H; >; 3; 8; 2; 23; 23; 2
7; 7H; >; 4; 16; 2; 27; 27; 2
7; 7H; >; 5; 10; 2; 33; 33; 2
7; 7H; >; 6; 9; 2; 37; 37; 2
7; 7H; >; 7; 5; 2; 41; 41; 2
7; 7R; <; 1; 5; 2; 13; 13; 1
7; 7R; <; 2; 9; 2; 17; 17; 1
7; 7R; <; 3; 10; 2; 21; 21; 1
7; 7R; <; 4; 16; 2; 27; 27; 1
7; 7R; <; 5; 8; 2; 31; 31; 1
7; 7R; <; 6; 7; 2; 37; 37; 1
7; 7R; <; 7; 18; 2; 41; 41; 1
7; 7R; <; 1; 5; 2; 43; 43; 2
7; 7R; <; 2; 9; 2; 47; 47; 2
7; 7R; <; 3; 10; 2; 51; 51; 2
7; 7R; <; 4; 16; 2; 57; 57; 2
7; 7R; <; 5; 8; 2; 1; 1; 2
7; 7R; <; 6; 7; 2; 7; 7; 2
7; 7R; <; 7; 18; 2; 11; 11; 2
8; 8H; >; 1; 5; 2; 9; 9; 1
8; 8H; >; 2; 9; 2; 13; 13; 1
8; 8H; >; 3; 10; 2; 17; 17; 1
8; 8H; >; 4; 16; 2; 23; 23; 1
8; 8H; >; 5; 8; 2; 27; 27; 1
8; 8H; >; 6; 6; 2; 31; 31; 1
8; 8H; >; 7; 2; 2; 35; 35; 1
8; 8H; >; 1; 5; 2; 39; 39; 2
8; 8H; >; 2; 9; 2; 43; 43; 2
8; 8H; >; 3; 10; 2; 47; 47; 2
8; 8H; >; 4; 16; 2; 53; 53; 2
8; 8H; >; 5; 8; 2; 57; 57; 2
8; 8H; >; 6; 6; 2; 1; 1; 2
8; 8H; >; 7; 2; 2; 5; 5; 2
8; 8R; <; 1; 2; 2; 39; 39; 1
8; 8R; <; 2; 6; 2; 43; 43; 1
8; 8R; <; 3; 8; 2; 47; 47; 1
8; 8R; <; 4; 16; 2; 51; 51; 1
8; 8R; <; 5; 10; 2; 57; 57; 1
8; 8R; <; 6; 9; 2; 1; 1; 1
8; 8R; <; 7; 5; 2; 5; 5; 1
8; 8R; <; 1; 2; 2; 9; 9; 2
8; 8R; <; 2; 6; 2; 13; 13; 2
8; 8R; <; 3; 8; 2; 17; 17; 2
8; 8R; <; 4; 16; 2; 21; 21; 2
8; 8R; <; 5; 10; 2; 27; 27; 2
8; 8R; <; 6; 9; 2; 31; 31; 2
8; 8R; <; 7; 5; 2; 35; 35; 2
9; 9H; >; 1; 21; 2; 0; 0; 1
9; 9H; >; 2; 24; 2; 5; 5; 1
9; 9H; >; 3; 13; 2; 10; 10; 1
9; 9H; >; 4; 12; 2; 26; 26; 1
9; 9H; >; 5; 3; 2; 33; 33; 1
9; 9H; >; 6; 1; 2; 37; 37; 1
9; 9H; >; 1; 21; 2; 30; 30; 2
9; 9H; >; 2; 24; 2; 35; 35; 2
9; 9H; >; 3; 13; 2; 40; 40; 2
9; 9H; >; 4; 12; 2; 56; 56; 2
9; 9H; >; 5; 3; 2; 3; 3; 2
9; 9H; >; 6; 1; 2; 7; 7; 2
9; 9R; <; 1; 1; 2; 0; 0; 1
9; 9R; <; 2; 3; 2; 4; 4; 1
9; 9R; <; 3; 12; 2; 11; 11; 1
9; 9R; <; 4; 13; 2; 27; 27; 1
9; 9R; <; 5; 24; 2; 32; 32; 1
9; 9R; <; 6; 21; 2; 37; 37; 1
9; 9R; <; 1; 1; 2; 30; 30; 2
9; 9R; <; 2; 3; 2; 34; 34; 2
9; 9R; <; 3; 12; 2; 41; 41; 2
9; 9R; <; 4; 13; 2; 57; 57; 2
9; 9R; <; 5; 24; 2; 2; 2; 2
9; 9R; <; 6; 21; 2; 7; 7; 2
10; 10H; >; 1; 20; 2; 6; 6; 1
10; 10H; >; 2; 21; 2; 12; 12; 1
10; 10H; >; 3; 22; 2; 17; 17; 1
10; 10H; >; 4; 23; 2; 22; 22; 1
10; 10H; >; 5; 24; 2; 27; 27; 1
10; 10H; >; 6; 13; 2; 32; 32; 1
10; 10H; >; 1; 20; 2; 36; 36; 2
10; 10H; >; 2; 21; 2; 42; 42; 2
10; 10H; >; 3; 22; 2; 47; 47; 2
10; 10H; >; 4; 23; 2; 52; 52; 2
10; 10H; >; 5; 24; 2; 57; 57; 2
10; 10H; >; 6; 13; 2; 2; 2; 2
10; 10R; <; 1; 13; 2; 36; 36; 1
10; 10R; <; 2; 24; 2; 41; 41; 1
10; 10R; <; 3; 23; 2; 46; 46; 1
10; 10R; <; 4; 22; 2; 51; 51; 1
10; 10R; <; 5; 21; 2; 56; 56; 1
10; 10R; <; 6; 20; 2; 2; 2; 1
10; 10R; <; 1; 13; 2; 6; 6; 2
10; 10R; <; 2; 24; 2; 11; 11; 2
10; 10R; <; 3; 23; 2; 16; 16; 2
10; 10R; <; 4; 22; 2; 21; 21; 2
10; 10R; <; 5; 21; 2; 26; 26; 2
10; 10R; <; 6; 20; 2; 32; 32; 2
11; 11H; >; 1; 19; 2; 0; 0; 1
11; 11H; >; 2; 17; 2; 4; 4; 1
11; 11H; >; 3; 16; 2; 8; 8; 1
11; 11H; >; 4; 10; 2; 14; 14; 1
11; 11H; >; 5; 11; 2; 19; 19; 1
11; 11H; >; 6; 14; 2; 27; 27; 1
11; 11H; >; 1; 19; 2; 30; 30; 2
11; 11H; >; 2; 17; 2; 34; 34; 2
11; 11H; >; 3; 16; 2; 38; 38; 2
11; 11H; >; 4; 10; 2; 44; 44; 2
11; 11H; >; 5; 11; 2; 49; 49; 2
11; 11H; >; 6; 14; 2; 57; 57; 2
11; 11R; <; 1; 14; 2; 30; 30; 1
11; 11R; <; 2; 11; 2; 38; 38; 1
11; 11R; <; 3; 10; 2; 43; 43; 1
11; 11R; <; 4; 16; 2; 49; 49; 1
11; 11R; <; 5; 17; 2; 53; 53; 1
11; 11R; <; 6; 19; 2; 57; 57; 1
11; 11R; <; 1; 14; 2; 0; 0; 2
11; 11R; <; 2; 11; 2; 8; 8; 2
11; 11R; <; 3; 10; 2; 13; 13; 2
11; 11R; <; 4; 16; 2; 19; 19; 2
11; 11R; <; 5; 17; 2; 23; 23; 2
11; 11R; <; 6; 19; 2; 27; 27; 2
12; 12H; >; 1; 19; 4; 59; 59; 1
12; 12H; >; 2; 17; 4; 3; 3; 1
12; 12H; >; 3; 16; 4; 7; 7; 1
12; 12H; >; 4; 10; 4; 13; 13; 1
12; 12H; >; 5; 11; 4; 18; 18; 1
12; 12H; >; 6; 12; 4; 23; 23; 1
12; 12H; >; 1; 19; 4; 14; 14; 2
12; 12H; >; 2; 17; 4; 18; 18; 2
12; 12H; >; 3; 16; 4; 22; 22; 2
12; 12H; >; 4; 10; 4; 28; 28; 2
12; 12H; >; 5; 11; 4; 33; 33; 2
12; 12H; >; 6; 12; 4; 38; 38; 2
12; 12H; >; 1; 19; 4; 29; 29; 3
12; 12H; >; 2; 17; 4; 33; 33; 3
12; 12H; >; 3; 16; 4; 37; 37; 3
12; 12H; >; 4; 10; 4; 43; 43; 3
12; 12H; >; 5; 11; 4; 48; 48; 3
12; 12H; >; 6; 12; 4; 53; 53; 3
12; 12H; >; 1; 19; 4; 44; 44; 4
12; 12H; >; 2; 17; 4; 48; 48; 4
12; 12H; >; 3; 16; 4; 52; 52; 4
12; 12H; >; 4; 10; 4; 58; 58; 4
12; 12H; >; 5; 11; 4; 3; 3; 4
12; 12H; >; 6; 12; 4; 8; 8; 4
12; 12R; <; 1; 12; 4; 29; 29; 1
12; 12R; <; 2; 11; 4; 34; 34; 1
12; 12R; <; 3; 10; 4; 39; 39; 1
12; 12R; <; 4; 16; 4; 45; 45; 1
12; 12R; <; 5; 17; 4; 49; 49; 1
12; 12R; <; 6; 19; 4; 53; 53; 1
12; 12R; <; 1; 12; 4; 44; 44; 2
12; 12R; <; 2; 11; 4; 49; 49; 2
12; 12R; <; 3; 10; 4; 54; 54; 2
12; 12R; <; 4; 16; 4; 0; 0; 2
12; 12R; <; 5; 17; 4; 4; 4; 2
12; 12R; <; 6; 19; 4; 8; 8; 2
12; 12R; <; 1; 12; 4; 59; 59; 3
12; 12R; <; 2; 11; 4; 4; 4; 3
12; 12R; <; 3; 10; 4; 9; 9; 3
12; 12R; <; 4; 16; 4; 15; 15; 3
12; 12R; <; 5; 17; 4; 19; 19; 3
12; 12R; <; 6; 19; 4; 23; 23; 3
12; 12R; <; 1; 12; 4; 14; 14; 4
12; 12R; <; 2; 11; 4; 19; 19; 4
12; 12R; <; 3; 10; 4; 24; 24; 4
12; 12R; <; 4; 16; 4; 30; 30; 4
12; 12R; <; 5; 17; 4; 34; 34; 4
12; 12R; <; 6; 19; 4; 38; 38; 4
13; 13H; >; 1; 19; 4; 46; 46; 1
13; 13H; >; 2; 17; 4; 50; 50; 1
13; 13H; >; 3; 16; 4; 54; 54; 1
13; 13H; >; 4; 10; 4; 0; 0; 1
13; 13H; >; 5; 9; 4; 4; 4; 1
13; 13H; >; 6; 5; 4; 8; 8; 1
13; 13H; >; 1; 19; 4; 1; 1; 2
13; 13H; >; 2; 17; 4; 5; 5; 2
13; 13H; >; 3; 16; 4; 9; 9; 2
13; 13H; >; 4; 10; 4; 15; 15; 2
13; 13H; >; 5; 9; 4; 19; 19; 2
13; 13H; >; 6; 5; 4; 23; 23; 2
13; 13H; >; 1; 19; 4; 16; 16; 3
13; 13H; >; 2; 17; 4; 20; 20; 3
13; 13H; >; 3; 16; 4; 24; 24; 3
13; 13H; >; 4; 10; 4; 30; 30; 3
13; 13H; >; 5; 9; 4; 34; 34; 3
13; 13H; >; 6; 5; 4; 38; 38; 3
13; 13H; >; 1; 19; 4; 31; 31; 4
13; 13H; >; 2; 17; 4; 35; 35; 4
13; 13H; >; 3; 16; 4; 39; 39; 4
13; 13H; >; 4; 10; 4; 45; 45; 4
13; 13H; >; 5; 9; 4; 49; 49; 4
13; 13H; >; 6; 5; 4; 53; 53; 4
13; 13R; <; 1; 5; 4; 16; 16; 1
13; 13R; <; 2; 9; 4; 20; 20; 1
13; 13R; <; 3; 10; 4; 24; 24; 1
13; 13R; <; 4; 16; 4; 30; 30; 1
13; 13R; <; 5; 17; 4; 34; 34; 1
13; 13R; <; 6; 19; 4; 38; 38; 1
13; 13R; <; 1; 5; 4; 31; 31; 2
13; 13R; <; 2; 9; 4; 35; 35; 2
13; 13R; <; 3; 10; 4; 39; 39; 2
13; 13R; <; 4; 16; 4; 45; 45; 2
13; 13R; <; 5; 17; 4; 49; 49; 2
13; 13R; <; 6; 19; 4; 53; 53; 2
13; 13R; <; 1; 5; 4; 46; 46; 3
13; 13R; <; 2; 9; 4; 50; 50; 3
13; 13R; <; 3; 10; 4; 54; 54; 3
13; 13R; <; 4; 16; 4; 0; 0; 3
13; 13R; <; 5; 17; 4; 4; 4; 3
13; 13R; <; 6; 19; 4; 8; 8; 3
13; 13R; <; 1; 5; 4; 1; 1; 4
13; 13R; <; 2; 9; 4; 5; 5; 4
13; 13R; <; 3; 10; 4; 9; 9; 4
13; 13R; <; 4; 16; 4; 15; 15; 4
13; 13R; <; 5; 17; 4; 19; 19; 4
13; 13R; <; 6; 19; 4; 23; 23; 4
14; 14H; >; 1; 19; 2; 0; 0; 1
14; 14H; >; 2; 17; 2; 4; 4; 1
14; 14H; >; 3; 16; 2; 8; 8; 1
14; 14H; >; 4; 8; 2; 12; 12; 1
14; 14H; >; 5; 7; 2; 18; 18; 1
14; 14H; >; 6; 18; 2; 22; 22; 1
14; 14H; >; 1; 19; 2; 30; 30; 2
14; 14H; >; 2; 17; 2; 34; 34; 2
14; 14H; >; 3; 16; 2; 38; 38; 2
14; 14H; >; 4; 8; 2; 42; 42; 2
14; 14H; >; 5; 7; 2; 48; 48; 2
14; 14H; >; 6; 18; 2; 52; 52; 2
14; 14R; <; 1; 18; 2; 30; 30; 1
14; 14R; <; 2; 7; 2; 34; 34; 1
14; 14R; <; 3; 8; 2; 40; 40; 1
14; 14R; <; 4; 16; 2; 44; 44; 1
14; 14R; <; 5; 17; 2; 48; 48; 1
14; 14R; <; 6; 19; 2; 52; 52; 1
14; 14R; <; 1; 18; 2; 0; 0; 2
14; 14R; <; 2; 7; 2; 4; 4; 2
14; 14R; <; 3; 8; 2; 10; 10; 2
14; 14R; <; 4; 16; 2; 14; 14; 2
14; 14R; <; 5; 17; 2; 18; 18; 2
14; 14R; <; 6; 19; 2; 22; 22; 2
15; 15H; >; 1; 19; 4; 52; 52; 1
15; 15H; >; 2; 17; 4; 56; 56; 1
15; 15H; >; 3; 16; 4; 0; 0; 1
15; 15H; >; 4; 8; 4; 4; 4; 1
15; 15H; >; 5; 6; 4; 8; 8; 1
15; 15H; >; 6; 2; 4; 12; 12; 1
15; 15H; >; 1; 19; 4; 7; 7; 2
15; 15H; >; 2; 17; 4; 11; 11; 2
15; 15H; >; 3; 16; 4; 15; 15; 2
15; 15H; >; 4; 8; 4; 19; 19; 2
15; 15H; >; 5; 6; 4; 23; 23; 2
15; 15H; >; 6; 2; 4; 27; 27; 2
15; 15H; >; 1; 19; 4; 22; 22; 3
15; 15H; >; 2; 17; 4; 26; 26; 3
15; 15H; >; 3; 16; 4; 30; 30; 3
15; 15H; >; 4; 8; 4; 34; 34; 3
15; 15H; >; 5; 6; 4; 38; 38; 3
15; 15H; >; 6; 2; 4; 42; 42; 3
15; 15H; >; 1; 19; 4; 37; 37; 4
15; 15H; >; 2; 17; 4; 41; 41; 4
15; 15H; >; 3; 16; 4; 45; 45; 4
15; 15H; >; 4; 8; 4; 49; 49; 4
15; 15H; >; 5; 6; 4; 53; 53; 4
15; 15H; >; 6; 2; 4; 57; 57; 4
15; 15R; <; 1; 2; 4; 22; 22; 1
15; 15R; <; 2; 6; 4; 26; 26; 1
15; 15R; <; 3; 8; 4; 30; 30; 1
15; 15R; <; 4; 16; 4; 34; 34; 1
15; 15R; <; 5; 17; 4; 38; 38; 1
15; 15R; <; 6; 19; 4; 42; 42; 1
15; 15R; <; 1; 2; 4; 37; 37; 2
15; 15R; <; 2; 6; 4; 41; 41; 2
15; 15R; <; 3; 8; 4; 45; 45; 2
15; 15R; <; 4; 16; 4; 49; 49; 2
15; 15R; <; 5; 17; 4; 53; 53; 2
15; 15R; <; 6; 19; 4; 57; 57; 2
15; 15R; <; 1; 2; 4; 52; 52; 3
15; 15R; <; 2; 6; 4; 56; 56; 3
15; 15R; <; 3; 8; 4; 0; 0; 3
15; 15R; <; 4; 16; 4; 4; 4; 3
15; 15R; <; 5; 17; 4; 8; 8; 3
15; 15R; <; 6; 19; 4; 12; 12; 3
15; 15R; <; 1; 2; 4; 7; 7; 4
15; 15R; <; 2; 6; 4; 11; 11; 4
15; 15R; <; 3; 8; 4; 15; 15; 4
15; 15R; <; 4; 16; 4; 19; 19; 4
15; 15R; <; 5; 17; 4; 23; 23; 4
15; 15R; <; 6; 19; 4; 27; 27; 4
16; 16H; >; 1; 23; 2; 0; 0; 1
16; 16H; >; 2; 14; 2; 4; 4; 1
16; 16H; >; 3; 11; 2; 12; 12; 1
16; 16H; >; 4; 4; 2; 19; 19; 1
16; 16H; >; 5; 3; 2; 24; 24; 1
16; 16H; >; 6; 1; 2; 28; 28; 1
16; 16H; >; 1; 23; 2; 30; 30; 2
16; 16H; >; 2; 14; 2; 34; 34; 2
16; 16H; >; 3; 11; 2; 42; 42; 2
16; 16H; >; 4; 4; 2; 49; 49; 2
16; 16H; >; 5; 3; 2; 54; 54; 2
16; 16H; >; 6; 1; 2; 58; 58; 2
16; 16R; <; 1; 1; 2; 30; 30; 1
16; 16R; <; 2; 3; 2; 34; 34; 1
16; 16R; <; 3; 4; 2; 39; 39; 1
16; 16R; <; 4; 11; 2; 46; 46; 1
16; 16R; <; 5; 14; 2; 54; 54; 1
16; 16R; <; 6; 23; 2; 58; 58; 1
16; 16R; <; 1; 1; 2; 0; 0; 2
16; 16R; <; 2; 3; 2; 4; 4; 2
16; 16R; <; 3; 4; 2; 9; 9; 2
16; 16R; <; 4; 11; 2; 16; 16; 2
16; 16R; <; 5; 14; 2; 24; 24; 2
16; 16R; <; 6; 23; 2; 28; 28; 2
17; 17H; >; 1; 12; 2; 57; 57; 1
17; 17H; >; 2; 11; 2; 2; 2; 1
17; 17H; >; 3; 10; 2; 7; 7; 1
17; 17H; >; 4; 16; 2; 13; 13; 1
17; 17H; >; 5; 18; 2; 19; 19; 1
17; 17H; >; 6; 7; 2; 23; 23; 1
17; 17H; >; 1; 12; 2; 27; 27; 2
17; 17H; >; 2; 11; 2; 32; 32; 2
17; 17H; >; 3; 10; 2; 37; 37; 2
17; 17H; >; 4; 16; 2; 43; 43; 2
17; 17H; >; 5; 18; 2; 49; 49; 2
17; 17H; >; 6; 7; 2; 53; 53; 2
17; 17R; <; 1; 7; 2; 27; 27; 1
17; 17R; <; 2; 18; 2; 31; 31; 1
17; 17R; <; 3; 16; 2; 37; 37; 1
17; 17R; <; 4; 10; 2; 43; 43; 1
17; 17R; <; 5; 11; 2; 48; 48; 1
17; 17R; <; 6; 12; 2; 53; 53; 1
17; 17R; <; 1; 7; 2; 57; 57; 2
17; 17R; <; 2; 18; 2; 1; 1; 2
17; 17R; <; 3; 16; 2; 7; 7; 2
17; 17R; <; 4; 10; 2; 13; 13; 2
17; 17R; <; 5; 11; 2; 18; 18; 2
17; 17R; <; 6; 12; 2; 23; 23; 2
18; 18H; >; 1; 17; 2; 0; 0; 1
18; 18H; >; 2; 10; 2; 7; 7; 1
18; 18H; >; 3; 9; 2; 11; 11; 1
18; 18H; >; 4; 5; 2; 15; 15; 1
18; 18H; >; 5; 6; 2; 21; 21; 1
18; 18H; >; 6; 2; 2; 25; 25; 1
18; 18H; >; 1; 17; 2; 30; 30; 2
18; 18H; >; 2; 10; 2; 37; 37; 2
18; 18H; >; 3; 9; 2; 41; 41; 2
18; 18H; >; 4; 5; 2; 45; 45; 2
18; 18H; >; 5; 6; 2; 51; 51; 2
18; 18H; >; 6; 2; 2; 55; 55; 2
18; 18R; <; 1; 2; 2; 30; 30; 1
18; 18R; <; 2; 6; 2; 34; 34; 1
18; 18R; <; 3; 5; 2; 40; 40; 1
18; 18R; <; 4; 9; 2; 44; 44; 1
18; 18R; <; 5; 10; 2; 48; 48; 1
18; 18R; <; 6; 17; 2; 55; 55; 1
18; 18R; <; 1; 2; 2; 0; 0; 2
18; 18R; <; 2; 6; 2; 4; 4; 2
18; 18R; <; 3; 5; 2; 10; 10; 2
18; 18R; <; 4; 9; 2; 14; 14; 2
18; 18R; <; 5; 10; 2; 18; 18; 2
18; 18R; <; 6; 17; 2; 25; 25; 2
20; 20H; >; 1; 2; 2; 44; 44; 1
20; 20H; >; 2; 6; 2; 48; 48; 1
20; 20H; >; 3; 5; 2; 54; 54; 1
20; 20H; >; 4; 4; 2; 59; 59; 1
20; 20H; >; 5; 3; 2; 4; 4; 1
20; 20H; >; 6; 1; 2; 8; 8; 1
20; 20H; >; 1; 2; 2; 14; 14; 2
20; 20H; >; 2; 6; 2; 18; 18; 2
20; 20H; >; 3; 5; 2; 24; 24; 2
20; 20H; >; 4; 4; 2; 29; 29; 2
20; 20H; >; 5; 3; 2; 34; 34; 2
20; 20H; >; 6; 1; 2; 38; 38; 2
20; 20R; <; 1; 1; 2; 14; 14; 1
20; 20R; <; 2; 3; 2; 18; 18; 1
20; 20R; <; 3; 4; 2; 23; 23; 1
20; 20R; <; 4; 5; 2; 28; 28; 1
20; 20R; <; 5; 6; 2; 34; 34; 1
20; 20R; <; 6; 2; 2; 38; 38; 1
20; 20R; <; 1; 1; 2; 44; 44; 2
20; 20R; <; 2; 3; 2; 48; 48; 2
20; 20R; <; 3; 4; 2; 53; 53; 2
20; 20R; <; 4; 5; 2; 58; 58; 2
20; 20R; <; 5; 6; 2; 4; 4; 2
20; 20R; <; 6; 2; 2; 8; 8; 2
21; 21H; >; 1; 23; 2; 11; 11; 1
21; 21H; >; 2; 14; 2; 15; 15; 1
21; 21H; >; 3; 15; 2; 20; 20; 1
21; 21H; >; 4; 19; 2; 26; 26; 1
21; 21H; >; 5; 20; 2; 34; 34; 1
21; 21H; >; 1; 23; 2; 41; 41; 2
21; 21H; >; 2; 14; 2; 45; 45; 2
21; 21H; >; 3; 15; 2; 50; 50; 2
21; 21H; >; 4; 19; 2; 56; 56; 2
21; 21H; >; 5; 20; 2; 4; 4; 2
21; 21R; <; 1; 20; 2; 41; 41; 1
21; 21R; <; 2; 19; 2; 49; 49; 1
21; 21R; <; 3; 15; 2; 55; 55; 1
21; 21R; <; 4; 14; 2; 0; 0; 1
21; 21R; <; 5; 23; 2; 4; 4; 1
21; 21R; <; 1; 20; 2; 11; 11; 2
21; 21R; <; 2; 19; 2; 19; 19; 2
21; 21R; <; 3; 15; 2; 25; 25; 2
21; 21R; <; 4; 14; 2; 30; 30; 2
21; 21R; <; 5; 23; 2; 34; 34; 2
22; 22H; >; 1; 14; 2; 3; 3; 1
22; 22H; >; 2; 11; 2; 11; 11; 1
22; 22H; >; 3; 10; 2; 16; 16; 1
22; 22H; >; 4; 9; 2; 20; 20; 1
22; 22H; >; 5; 5; 2; 24; 24; 1
22; 22H; >; 1; 14; 2; 33; 33; 2
22; 22H; >; 2; 11; 2; 41; 41; 2
22; 22H; >; 3; 10; 2; 46; 46; 2
22; 22H; >; 4; 9; 2; 50; 50; 2
22; 22H; >; 5; 5; 2; 54; 54; 2
22; 22R; <; 1; 5; 2; 33; 33; 1
22; 22R; <; 2; 9; 2; 37; 37; 1
22; 22R; <; 3; 10; 2; 41; 41; 1
22; 22R; <; 4; 11; 2; 46; 46; 1
22; 22R; <; 5; 14; 2; 54; 54; 1
22; 22R; <; 1; 5; 2; 3; 3; 2
22; 22R; <; 2; 9; 2; 7; 7; 2
22; 22R; <; 3; 10; 2; 11; 11; 2
22; 22R; <; 4; 11; 2; 16; 16; 2
22; 22R; <; 5; 14; 2; 24; 24; 2
23; 23H; >; 1; 14; 2; 0; 0; 1
23; 23H; >; 2; 11; 2; 8; 8; 1
23; 23H; >; 3; 4; 2; 15; 15; 1
23; 23H; >; 4; 3; 2; 20; 20; 1
23; 23H; >; 5; 1; 2; 24; 24; 1
23; 23H; >; 1; 14; 2; 30; 30; 2
23; 23H; >; 2; 11; 2; 38; 38; 2
23; 23H; >; 3; 4; 2; 45; 45; 2
23; 23H; >; 4; 3; 2; 50; 50; 2
23; 23H; >; 5; 1; 2; 54; 54; 2
23; 23R; <; 1; 1; 2; 30; 30; 1
23; 23R; <; 2; 3; 2; 34; 34; 1
23; 23R; <; 3; 4; 2; 39; 39; 1
23; 23R; <; 4; 11; 2; 46; 46; 1
23; 23R; <; 5; 14; 2; 54; 54; 1
23; 23R; <; 1; 1; 2; 0; 0; 2
23; 23R; <; 2; 3; 2; 4; 4; 2
23; 23R; <; 3; 4; 2; 9; 9; 2
23; 23R; <; 4; 11; 2; 16; 16; 2
23; 23R; <; 5; 14; 2; 24; 24; 2
24; 24H; >; 1; 12; 2; 0; 0; 1
24; 24H; >; 2; 11; 2; 5; 5; 1
24; 24H; >; 3; 10; 2; 10; 10; 1
24; 24H; >; 4; 9; 2; 14; 14; 1
24; 24H; >; 5; 5; 2; 18; 18; 1
24; 24H; >; 1; 12; 2; 30; 30; 2
24; 24H; >; 2; 11; 2; 35; 35; 2
24; 24H; >; 3; 10; 2; 40; 40; 2
24; 24H; >; 4; 9; 2; 44; 44; 2
24; 24H; >; 5; 5; 2; 48; 48; 2
24; 24R; <; 1; 5; 2; 30; 30; 1
24; 24R; <; 2; 9; 2; 34; 34; 1
24; 24R; <; 3; 10; 2; 38; 38; 1
24; 24R; <; 4; 11; 2; 43; 43; 1
24; 24R; <; 5; 12; 2; 48; 48; 1
24; 24R; <; 1; 5; 2; 0; 0; 2
24; 24R; <; 2; 9; 2; 4; 4; 2
24; 24R; <; 3; 10; 2; 8; 8; 2
24; 24R; <; 4; 11; 2; 13; 13; 2
24; 24R; <; 5; 12; 2; 18; 18; 2
25; 25H; >; 1; 12; 4; 26; 26; 1
25; 25H; >; 2; 11; 4; 31; 31; 1
25; 25H; >; 3; 4; 4; 38; 38; 1
25; 25H; >; 4; 3; 4; 43; 43; 1
25; 25H; >; 5; 1; 4; 47; 47; 1
25; 25H; >; 1; 12; 4; 41; 41; 2
25; 25H; >; 2; 11; 4; 46; 46; 2
25; 25H; >; 3; 4; 4; 53; 53; 2
25; 25H; >; 4; 3; 4; 58; 58; 2
25; 25H; >; 5; 1; 4; 2; 2; 2
25; 25H; >; 1; 12; 4; 56; 56; 3
25; 25H; >; 2; 11; 4; 1; 1; 3
25; 25H; >; 3; 4; 4; 8; 8; 3
25; 25H; >; 4; 3; 4; 13; 13; 3
25; 25H; >; 5; 1; 4; 17; 17; 3
25; 25H; >; 1; 12; 4; 11; 11; 4
25; 25H; >; 2; 11; 4; 16; 16; 4
25; 25H; >; 3; 4; 4; 23; 23; 4
25; 25H; >; 4; 3; 4; 28; 28; 4
25; 25H; >; 5; 1; 4; 32; 32; 4
25; 25R; <; 1; 1; 4; 56; 56; 1
25; 25R; <; 2; 3; 4; 0; 0; 1
25; 25R; <; 3; 4; 4; 5; 5; 1
25; 25R; <; 4; 11; 4; 12; 12; 1
25; 25R; <; 5; 12; 4; 17; 17; 1
25; 25R; <; 1; 1; 4; 11; 11; 2
25; 25R; <; 2; 3; 4; 15; 15; 2
25; 25R; <; 3; 4; 4; 20; 20; 2
25; 25R; <; 4; 11; 4; 27; 27; 2
25; 25R; <; 5; 12; 4; 32; 32; 2
25; 25R; <; 1; 1; 4; 26; 26; 3
25; 25R; <; 2; 3; 4; 30; 30; 3
25; 25R; <; 3; 4; 4; 35; 35; 3
25; 25R; <; 4; 11; 4; 42; 42; 3
25; 25R; <; 5; 12; 4; 47; 47; 3
25; 25R; <; 1; 1; 4; 41; 41; 4
25; 25R; <; 2; 3; 4; 45; 45; 4
25; 25R; <; 3; 4; 4; 50; 50; 4
25; 25R; <; 4; 11; 4; 57; 57; 4
25; 25R; <; 5; 12; 4; 2; 2; 4
26; 26H; >; 1; 18; 2; 46; 46; 1
26; 26H; >; 2; 7; 2; 50; 50; 1
26; 26H; >; 3; 8; 2; 56; 56; 1
26; 26H; >; 4; 6; 2; 0; 0; 1
26; 26H; >; 5; 2; 2; 4; 4; 1
26; 26H; >; 1; 18; 2; 16; 16; 2
26; 26H; >; 2; 7; 2; 20; 20; 2
26; 26H; >; 3; 8; 2; 26; 26; 2
26; 26H; >; 4; 6; 2; 30; 30; 2
26; 26H; >; 5; 2; 2; 34; 34; 2
26; 26R; <; 1; 2; 2; 16; 16; 1
26; 26R; <; 2; 6; 2; 20; 20; 1
26; 26R; <; 3; 8; 2; 24; 24; 1
26; 26R; <; 4; 7; 2; 30; 30; 1
26; 26R; <; 5; 18; 2; 34; 34; 1
26; 26R; <; 1; 2; 2; 46; 46; 2
26; 26R; <; 2; 6; 2; 50; 50; 2
26; 26R; <; 3; 8; 2; 54; 54; 2
26; 26R; <; 4; 7; 2; 0; 0; 2
26; 26R; <; 5; 18; 2; 4; 4; 2
27; 27H; >; 1; 20; 2; 33; 33; 1
27; 27H; >; 2; 22; 2; 41; 41; 1
27; 27H; >; 3; 23; 2; 46; 46; 1
27; 27H; >; 4; 14; 2; 50; 50; 1
27; 27H; >; 1; 20; 2; 3; 3; 2
27; 27H; >; 2; 22; 2; 11; 11; 2
27; 27H; >; 3; 23; 2; 16; 16; 2
27; 27H; >; 4; 14; 2; 20; 20; 2
27; 27R; <; 1; 14; 2; 3; 3; 1
27; 27R; <; 2; 23; 2; 7; 7; 1
27; 27R; <; 3; 22; 2; 12; 12; 1
27; 27R; <; 4; 20; 2; 20; 20; 1
27; 27R; <; 1; 14; 2; 33; 33; 2
27; 27R; <; 2; 23; 2; 37; 37; 2
27; 27R; <; 3; 22; 2; 42; 42; 2
27; 27R; <; 4; 20; 2; 50; 50; 2
28; 28H; >; 1; 22; 2; 22; 22; 1
28; 28H; >; 2; 15; 2; 26; 26; 1
28; 28H; >; 3; 19; 2; 32; 32; 1
28; 28H; >; 4; 20; 2; 40; 40; 1
28; 28H; >; 1; 22; 2; 52; 52; 2
28; 28H; >; 2; 15; 2; 56; 56; 2
28; 28H; >; 3; 19; 2; 2; 2; 2
28; 28H; >; 4; 20; 2; 10; 10; 2
28; 28R; <; 1; 20; 2; 52; 52; 1
28; 28R; <; 2; 19; 2; 0; 0; 1
28; 28R; <; 3; 15; 2; 6; 6; 1
28; 28R; <; 4; 22; 2; 10; 10; 1
28; 28R; <; 1; 20; 2; 22; 22; 2
28; 28R; <; 2; 19; 2; 30; 30; 2
28; 28R; <; 3; 15; 2; 36; 36; 2
28; 28R; <; 4; 22; 2; 40; 40; 2
29; 29H; >; 1; 14; 2; 46; 46; 1
29; 29H; >; 2; 23; 2; 50; 50; 1
29; 29H; >; 3; 24; 2; 55; 55; 1
29; 29H; >; 4; 13; 2; 0; 0; 1
29; 29H; >; 1; 14; 2; 16; 16; 2
29; 29H; >; 2; 23; 2; 20; 20; 2
29; 29H; >; 3; 24; 2; 25; 25; 2
29; 29H; >; 4; 13; 2; 30; 30; 2
29; 29R; <; 1; 13; 2; 16; 16; 1
29; 29R; <; 2; 24; 2; 21; 21; 1
29; 29R; <; 3; 23; 2; 26; 26; 1
29; 29R; <; 4; 14; 2; 30; 30; 1
29; 29R; <; 1; 13; 2; 46; 46; 2
29; 29R; <; 2; 24; 2; 51; 51; 2
29; 29R; <; 3; 23; 2; 56; 56; 2
29; 29R; <; 4; 14; 2; 0; 0; 2
30; 30H; >; 1; 23; 2; 29; 29; 1
30; 30H; >; 2; 14; 2; 33; 33; 1
30; 30H; >; 3; 15; 2; 38; 38; 1
30; 30H; >; 4; 22; 2; 42; 42; 1
30; 30H; >; 1; 23; 2; 59; 59; 2
30; 30H; >; 2; 14; 2; 3; 3; 2
30; 30H; >; 3; 15; 2; 8; 8; 2
30; 30H; >; 4; 22; 2; 12; 12; 2
30; 30R; <; 1; 22; 2; 59; 59; 1
30; 30R; <; 2; 15; 2; 3; 3; 1
30; 30R; <; 3; 14; 2; 8; 8; 1
30; 30R; <; 4; 23; 2; 12; 12; 1
30; 30R; <; 1; 22; 2; 29; 29; 2
30; 30R; <; 2; 15; 2; 33; 33; 2
30; 30R; <; 3; 14; 2; 38; 38; 2
30; 30R; <; 4; 23; 2; 42; 42; 2
31; 31H; >; 1; 16; 4; 48; 48; 1
31; 31H; >; 2; 8; 4; 52; 52; 1
31; 31H; >; 3; 6; 4; 56; 56; 1
31; 31H; >; 4; 2; 4; 0; 0; 1
31; 31H; >; 1; 16; 4; 3; 3; 2
31; 31H; >; 2; 8; 4; 7; 7; 2
31; 31H; >; 3; 6; 4; 11; 11; 2
31; 31H; >; 4; 2; 4; 15; 15; 2
31; 31H; >; 1; 16; 4; 18; 18; 3
31; 31H; >; 2; 8; 4; 22; 22; 3
31; 31H; >; 3; 6; 4; 26; 26; 3
31; 31H; >; 4; 2; 4; 30; 30; 3
31; 31H; >; 1; 16; 4; 33; 33; 4
31; 31H; >; 2; 8; 4; 37; 37; 4
31; 31H; >; 3; 6; 4; 41; 41; 4
31; 31H; >; 4; 2; 4; 45; 45; 4
31; 31R; <; 1; 2; 4; 18; 18; 1
31; 31R; <; 2; 6; 4; 22; 22; 1
31; 31R; <; 3; 8; 4; 26; 26; 1
31; 31R; <; 4; 16; 4; 30; 30; 1
31; 31R; <; 1; 2; 4; 33; 33; 2
31; 31R; <; 2; 6; 4; 37; 37; 2
31; 31R; <; 3; 8; 4; 41; 41; 2
31; 31R; <; 4; 16; 4; 45; 45; 2
31; 31R; <; 1; 2; 4; 48; 48; 3
31; 31R; <; 2; 6; 4; 52; 52; 3
31; 31R; <; 3; 8; 4; 56; 56; 3
31; 31R; <; 4; 16; 4; 0; 0; 3
31; 31R; <; 1; 2; 4; 3; 3; 4
31; 31R; <; 2; 6; 4; 7; 7; 4
31; 31R; <; 3; 8; 4; 11; 11; 4
31; 31R; <; 4; 16; 4; 15; 15; 4
39; 39H; >; 1; 14; 2; 0; 0; 1
39; 39H; >; 2; 11; 2; 8; 8; 1
39; 39H; >; 3; 12; 2; 13; 13; 1
39; 39H; >; 1; 14; 2; 30; 30; 2
39; 39H; >; 2; 11; 2; 38; 38; 2
39; 39H; >; 3; 12; 2; 43; 43; 2
39; 39R; <; 1; 12; 2; 30; 30; 1
39; 39R; <; 2; 11; 2; 35; 35; 1
39; 39R; <; 3; 14; 2; 43; 43; 1
39; 39R; <; 1; 12; 2; 0; 0; 2
39; 39R; <; 2; 11; 2; 5; 5; 2
39; 39R; <; 3; 14; 2; 13; 13; 2
44; 44H; >; 1; 19; 2; 35; 35; 1
44; 44H; >; 2; 20; 2; 43; 43; 1
44; 44H; >; 1; 19; 2; 5; 5; 2
44; 44H; >; 2; 20; 2; 13; 13; 2
44; 44R; <; 1; 20; 2; 5; 5; 1
44; 44R; <; 2; 19; 2; 13; 13; 1
44; 44R; <; 1; 20; 2; 35; 35; 2
44; 44R; <; 2; 19; 2; 43; 43; 2
45; 45H; >; 1; 16; 2; 0; 0; 1
45; 45H; >; 2; 18; 2; 6; 6; 1
45; 45H; >; 1; 16; 2; 30; 30; 2
45; 45H; >; 2; 18; 2; 36; 36; 2
45; 45R; <; 1; 18; 2; 30; 30; 1
45; 45R; <; 2; 16; 2; 36; 36; 1
45; 45R; <; 1; 18; 2; 0; 0; 2
45; 45R; <; 2; 16; 2; 6; 6; 2
46; 46H; >; 1; 16; 2; 0; 0; 1
46; 46H; >; 2; 17; 2; 4; 4; 1
46; 46H; >; 1; 16; 2; 30; 30; 2
46; 46H; >; 2; 17; 2; 34; 34; 2
46; 46R; <; 1; 17; 2; 30; 30; 1
46; 46R; <; 2; 16; 2; 34; 34; 1
46; 46R; <; 1; 17; 2; 0; 0; 2
46; 46R; <; 2; 16; 2; 4; 4; 2
47; 47H; >; 1; 14; 2; 0; 0; 1
47; 47H; >; 2; 23; 2; 4; 4; 1
47; 47H; >; 1; 14; 2; 30; 30; 2
47; 47H; >; 2; 23; 2; 34; 34; 2
47; 47R; <; 1; 23; 2; 30; 30; 1
47; 47R; <; 2; 14; 2; 34; 34; 1
47; 47R; <; 1; 23; 2; 0; 0; 2
47; 47R; <; 2; 14; 2; 4; 4; 2
48; 48H; >; 1; 11; 4; 0; 0; 1
48; 48H; >; 2; 14; 4; 8; 8; 1
48; 48H; >; 1; 11; 4; 15; 15; 2
48; 48H; >; 2; 14; 4; 23; 23; 2
48; 48H; >; 1; 11; 4; 30; 30; 3
48; 48H; >; 2; 14; 4; 38; 38; 3
48; 48H; >; 1; 11; 4; 45; 45; 4
48; 48H; >; 2; 14; 4; 53; 53; 4
48; 48R; <; 1; 14; 4; 30; 30; 1
48; 48R; <; 2; 11; 4; 38; 38; 1
48; 48R; <; 1; 14; 4; 45; 45; 2
48; 48R; <; 2; 11; 4; 53; 53; 2
48; 48R; <; 1; 14; 4; 0; 0; 3
48; 48R; <; 2; 11; 4; 8; 8; 3
48; 48R; <; 1; 14; 4; 15; 15; 4
48; 48R; <; 2; 11; 4; 23; 23; 4
49; 49H; >; 1; 11; 8; 6; 6; 1
49; 49H; >; 2; 12; 8; 11; 11; 1
49; 49H; >; 1; 11; 8; 13; 13; 2
49; 49H; >; 2; 12; 8; 18; 18; 2
49; 49H; >; 1; 11; 8; 21; 21; 3
49; 49H; >; 2; 12; 8; 26; 26; 3
49; 49H; >; 1; 11; 8; 28; 28; 4
49; 49H; >; 2; 12; 8; 33; 33; 4
49; 49H; >; 1; 11; 8; 36; 36; 5
49; 49H; >; 2; 12; 8; 41; 41; 5
49; 49H; >; 1; 11; 8; 43; 43; 6
49; 49H; >; 2; 12; 8; 48; 48; 6
49; 49H; >; 1; 11; 8; 51; 51; 7
49; 49H; >; 2; 12; 8; 56; 56; 7
49; 49H; >; 1; 11; 8; 58; 58; 8
49; 49H; >; 2; 12; 8; 3; 3; 8
49; 49R; <; 1; 12; 8; 36; 36; 1
49; 49R; <; 2; 11; 8; 41; 41; 1
49; 49R; <; 1; 12; 8; 43; 43; 2
49; 49R; <; 2; 11; 8; 48; 48; 2
49; 49R; <; 1; 12; 8; 51; 51; 3
49; 49R; <; 2; 11; 8; 56; 56; 3
49; 49R; <; 1; 12; 8; 58; 58; 4
49; 49R; <; 2; 11; 8; 3; 3; 4
49; 49R; <; 1; 12; 8; 6; 6; 5
49; 49R; <; 2; 11; 8; 11; 11; 5
49; 49R; <; 1; 12; 8; 13; 13; 6
49; 49R; <; 2; 11; 8; 18; 18; 6
49; 49R; <; 1; 12; 8; 21; 21; 7
49; 49R; <; 2; 11; 8; 26; 26; 7
49; 49R; <; 1; 12; 8; 28; 28; 8
49; 49R; <; 2; 11; 8; 33; 33; 8
50; 50H; >; 1; 10; 2; 0; 0; 1
50; 50H; >; 2; 17; 2; 7; 7; 1
50; 50H; >; 1; 10; 2; 30; 30; 2
50; 50H; >; 2; 17; 2; 37; 37; 2
50; 50R; <; 1; 17; 2; 30; 30; 1
50; 50R; <; 2; 10; 2; 37; 37; 1
50; 50R; <; 1; 17; 2; 0; 0; 2
50; 50R; <; 2; 10; 2; 7; 7; 2
51; 51H; >; 1; 10; 6; 51; 51; 1
51; 51H; >; 2; 16; 6; 57; 57; 1
51; 51H; >; 1; 10; 6; 1; 1; 2
51; 51H; >; 2; 16; 6; 7; 7; 2
51; 51H; >; 1; 10; 6; 11; 11; 3
51; 51H; >; 2; 16; 6; 17; 17; 3
51; 51H; >; 1; 10; 6; 21; 21; 4
51; 51H; >; 2; 16; 6; 27; 27; 4
51; 51H; >; 1; 10; 6; 31; 31; 5
51; 51H; >; 2; 16; 6; 37; 37; 5
51; 51H; >; 1; 10; 6; 41; 41; 6
51; 51H; >; 2; 16; 6; 47; 47; 6
51; 51R; <; 1; 16; 6; 21; 21; 1
51; 51R; <; 2; 10; 6; 27; 27; 1
51; 51R; <; 1; 16; 6; 31; 31; 2
51; 51R; <; 2; 10; 6; 37; 37; 2
51; 51R; <; 1; 16; 6; 41; 41; 3
51; 51R; <; 2; 10; 6; 47; 47; 3
51; 51R; <; 1; 16; 6; 51; 51; 4
51; 51R; <; 2; 10; 6; 57; 57; 4
51; 51R; <; 1; 16; 6; 1; 1; 5
51; 51R; <; 2; 10; 6; 7; 7; 5
51; 51R; <; 1; 16; 6; 11; 11; 6
51; 51R; <; 2; 10; 6; 17; 17; 6
52; 52H; >; 1; 10; 8; 51; 51; 1
52; 52H; >; 2; 11; 8; 56; 56; 1
52; 52H; >; 1; 10; 8; 58; 58; 2
52; 52H; >; 2; 11; 8; 3; 3; 2
52; 52H; >; 1; 10; 8; 6; 6; 3
52; 52H; >; 2; 11; 8; 11; 11; 3
52; 52H; >; 1; 10; 8; 13; 13; 4
52; 52H; >; 2; 11; 8; 18; 18; 4
52; 52H; >; 1; 10; 8; 21; 21; 5
52; 52H; >; 2; 11; 8; 26; 26; 5
52; 52H; >; 1; 10; 8; 28; 28; 6
52; 52H; >; 2; 11; 8; 33; 33; 6
52; 52H; >; 1; 10; 8; 36; 36; 7
52; 52H; >; 2; 11; 8; 41; 41; 7
52; 52H; >; 1; 10; 8; 43; 43; 8
52; 52H; >; 2; 11; 8; 48; 48; 8
52; 52R; <; 1; 11; 8; 21; 21; 1
52; 52R; <; 2; 10; 8; 26; 26; 1
52; 52R; <; 1; 11; 8; 28; 28; 2
52; 52R; <; 2; 10; 8; 33; 33; 2
52; 52R; <; 1; 11; 8; 36; 36; 3
52; 52R; <; 2; 10; 8; 41; 41; 3
52; 52R; <; 1; 11; 8; 43; 43; 4
52; 52R; <; 2; 10; 8; 48; 48; 4
52; 52R; <; 1; 11; 8; 51; 51; 5
52; 52R; <; 2; 10; 8; 56; 56; 5
52; 52R; <; 1; 11; 8; 58; 58; 6
52; 52R; <; 2; 10; 8; 3; 3; 6
52; 52R; <; 1; 11; 8; 6; 6; 7
52; 52R; <; 2; 10; 8; 11; 11; 7
52; 52R; <; 1; 11; 8; 13; 13; 8
52; 52R; <; 2; 10; 8; 18; 18; 8
53; 53H; >; 1; 6; 4; 7; 7; 1
53; 53H; >; 2; 8; 4; 11; 11; 1
53; 53H; >; 1; 6; 4; 22; 22; 2
53; 53H; >; 2; 8; 4; 26; 26; 2
53; 53H; >; 1; 6; 4; 37; 37; 3
53; 53H; >; 2; 8; 4; 41; 41; 3
53; 53H; >; 1; 6; 4; 52; 52; 4
53; 53H; >; 2; 8; 4; 56; 56; 4
53; 53R; <; 1; 8; 4; 37; 37; 1
53; 53R; <; 2; 6; 4; 41; 41; 1
53; 53R; <; 1; 8; 4; 52; 52; 2
53; 53R; <; 2; 6; 4; 56; 56; 2
53; 53R; <; 1; 8; 4; 7; 7; 3
53; 53R; <; 2; 6; 4; 11; 11; 3
53; 53R; <; 1; 8; 4; 22; 22; 4
53; 53R; <; 2; 6; 4; 26; 26; 4
