# line-id; line-code; direction; stop-order; stop-id; frequency; arrival_time; departure_time; line-repetition
7; 7H; >; 1; 1; 1; 27; 27; 1
7; 7H; >; 2; 3; 1; 31; 31; 1
7; 7H; >; 3; 12; 1; 38; 38; 1
7; 7H; >; 4; 11; 1; 43; 43; 1
7; 7H; >; 5; 10; 1; 48; 48; 1
7; 7H; >; 6; 17; 1; 55; 55; 1
7; 7H; >; 7; 19; 1; 59; 59; 1
7; 7R; <; 1; 19; 1; 0; 0; 1
7; 7R; <; 2; 17; 1; 4; 4; 1
7; 7R; <; 3; 10; 1; 11; 11; 1
7; 7R; <; 4; 11; 1; 16; 16; 1
7; 7R; <; 5; 12; 1; 21; 21; 1
7; 7R; <; 6; 3; 1; 28; 28; 1
7; 7R; <; 7; 1; 1; 32; 32; 1
12; 12H; >; 1; 8; 1; 48; 48; 1
12; 12H; >; 2; 16; 1; 52; 52; 1
12; 12H; >; 3; 18; 1; 58; 58; 1
12; 12H; >; 4; 20; 1; 15; 15; 1
12; 12H; >; 5; 21; 1; 21; 21; 1
12; 12H; >; 6; 24; 1; 26; 26; 1
12; 12R; <; 1; 24; 1; 4; 4; 1
12; 12R; <; 2; 21; 1; 9; 9; 1
12; 12R; <; 3; 20; 1; 15; 15; 1
12; 12R; <; 4; 18; 1; 32; 32; 1
12; 12R; <; 5; 16; 1; 38; 38; 1
12; 12R; <; 6; 8; 1; 42; 42; 1
23; 23H; >; 1; 3; 1; 51; 51; 1
23; 23H; >; 2; 4; 1; 56; 56; 1
23; 23H; >; 3; 11; 1; 3; 3; 1
23; 23H; >; 4; 10; 1; 8; 8; 1
23; 23H; >; 5; 16; 1; 14; 14; 1
23; 23H; >; 6; 18; 1; 20; 20; 1
23; 23R; <; 1; 18; 1; 53; 53; 1
23; 23R; <; 2; 16; 1; 59; 59; 1
23; 23R; <; 3; 10; 1; 5; 5; 1
23; 23R; <; 4; 11; 1; 10; 10; 1
23; 23R; <; 5; 4; 1; 17; 17; 1
23; 23R; <; 6; 3; 1; 22; 22; 1
28; 28H; >; 1; 2; 1; 38; 38; 1
28; 28H; >; 2; 6; 1; 42; 42; 1
28; 28H; >; 3; 8; 1; 46; 46; 1
28; 28H; >; 4; 9; 1; 52; 52; 1
28; 28H; >; 5; 10; 1; 56; 56; 1
28; 28H; >; 6; 15; 1; 4; 4; 1
28; 28R; <; 1; 15; 1; 4; 4; 1
28; 28R; <; 2; 10; 1; 12; 12; 1
28; 28R; <; 3; 9; 1; 16; 16; 1
28; 28R; <; 4; 8; 1; 22; 22; 1
28; 28R; <; 5; 6; 1; 26; 26; 1
28; 28R; <; 6; 2; 1; 30; 30; 1
31; 31H; >; 1; 17; 1; 53; 53; 1
31; 31H; >; 2; 19; 1; 57; 57; 1
31; 31H; >; 3; 15; 1; 3; 3; 1
31; 31H; >; 4; 22; 1; 7; 7; 1
31; 31H; >; 5; 23; 1; 12; 12; 1
31; 31R; <; 1; 23; 1; 51; 51; 1
31; 31R; <; 2; 22; 1; 56; 56; 1
31; 31R; <; 3; 15; 1; 0; 0; 1
31; 31R; <; 4; 19; 1; 6; 6; 1
31; 31R; <; 5; 17; 1; 10; 10; 1
44; 44H; >; 1; 5; 1; 15; 15; 1
44; 44H; >; 2; 6; 1; 21; 21; 1
44; 44H; >; 3; 8; 1; 25; 25; 1
44; 44H; >; 4; 7; 1; 31; 31; 1
44; 44H; >; 5; 18; 1; 35; 35; 1
44; 44R; <; 1; 18; 1; 23; 23; 1
44; 44R; <; 2; 7; 1; 27; 27; 1
44; 44R; <; 3; 8; 1; 33; 33; 1
44; 44R; <; 4; 6; 1; 37; 37; 1
44; 44R; <; 5; 5; 1; 43; 43; 1
69; 69H; >; 1; 21; 1; 21; 21; 1
69; 69H; >; 2; 24; 1; 26; 26; 1
69; 69H; >; 3; 13; 1; 31; 31; 1
69; 69H; >; 4; 12; 1; 47; 47; 1
69; 69H; >; 5; 3; 1; 54; 54; 1
69; 69H; >; 6; 1; 1; 58; 58; 1
69; 69H; >; 7; 2; 1; 14; 14; 1
69; 69H; >; 8; 6; 1; 18; 18; 1
69; 69H; >; 9; 8; 1; 22; 22; 1
69; 69H; >; 10; 16; 1; 26; 26; 1
69; 69R; <; 1; 16; 1; 32; 32; 1
69; 69R; <; 2; 8; 1; 36; 36; 1
69; 69R; <; 3; 6; 1; 40; 40; 1
69; 69R; <; 4; 2; 1; 44; 44; 1
69; 69R; <; 5; 1; 1; 0; 0; 1
69; 69R; <; 6; 3; 1; 4; 4; 1
69; 69R; <; 7; 12; 1; 11; 11; 1
69; 69R; <; 8; 13; 1; 27; 27; 1
69; 69R; <; 9; 24; 1; 32; 32; 1
69; 69R; <; 10; 21; 1; 37; 37; 1
70; 70H; >; 1; 21; 1; 48; 48; 1
70; 70H; >; 2; 22; 1; 53; 53; 1
70; 70H; >; 3; 20; 1; 1; 1; 1
70; 70H; >; 4; 19; 1; 9; 9; 1
70; 70H; >; 5; 17; 1; 13; 13; 1
70; 70H; >; 6; 16; 1; 17; 17; 1
70; 70H; >; 7; 10; 1; 23; 23; 1
70; 70H; >; 8; 11; 1; 28; 28; 1
70; 70H; >; 9; 12; 1; 33; 33; 1
70; 70R; <; 1; 12; 1; 46; 46; 1
70; 70R; <; 2; 11; 1; 51; 51; 1
70; 70R; <; 3; 10; 1; 56; 56; 1
70; 70R; <; 4; 16; 1; 2; 2; 1
70; 70R; <; 5; 17; 1; 6; 6; 1
70; 70R; <; 6; 19; 1; 10; 10; 1
70; 70R; <; 7; 20; 1; 18; 18; 1
70; 70R; <; 8; 22; 1; 26; 26; 1
70; 70R; <; 9; 21; 1; 31; 31; 1
74; 74H; >; 1; 23; 1; 54; 54; 1
74; 74H; >; 2; 14; 1; 58; 58; 1
74; 74H; >; 3; 11; 1; 6; 6; 1
74; 74H; >; 4; 4; 1; 13; 13; 1
74; 74H; >; 5; 5; 1; 18; 18; 1
74; 74H; >; 6; 9; 1; 22; 22; 1
74; 74H; >; 7; 10; 1; 26; 26; 1
74; 74H; >; 8; 17; 1; 33; 33; 1
74; 74R; <; 1; 17; 1; 31; 31; 1
74; 74R; <; 2; 10; 1; 38; 38; 1
74; 74R; <; 3; 9; 1; 42; 42; 1
74; 74R; <; 4; 5; 1; 46; 46; 1
74; 74R; <; 5; 4; 1; 51; 51; 1
74; 74R; <; 6; 11; 1; 58; 58; 1
74; 74R; <; 7; 14; 1; 6; 6; 1
74; 74R; <; 8; 23; 1; 10; 10; 1
75; 75H; >; 1; 13; 1; 17; 17; 1
75; 75H; >; 2; 24; 1; 22; 22; 1
75; 75H; >; 3; 23; 1; 27; 27; 1
75; 75H; >; 4; 22; 1; 32; 32; 1
75; 75H; >; 5; 15; 1; 36; 36; 1
75; 75H; >; 6; 10; 1; 44; 44; 1
75; 75H; >; 7; 9; 1; 48; 48; 1
75; 75H; >; 8; 5; 1; 52; 52; 1
75; 75R; <; 1; 5; 1; 48; 48; 1
75; 75R; <; 2; 9; 1; 52; 52; 1
75; 75R; <; 3; 10; 1; 56; 56; 1
75; 75R; <; 4; 15; 1; 4; 4; 1
75; 75R; <; 5; 22; 1; 8; 8; 1
75; 75R; <; 6; 23; 1; 13; 13; 1
75; 75R; <; 7; 24; 1; 18; 18; 1
75; 75R; <; 8; 13; 1; 23; 23; 1
94; 94H; >; 1; 12; 1; 38; 38; 1
94; 94H; >; 2; 11; 1; 43; 43; 1
94; 94H; >; 3; 10; 1; 48; 48; 1
94; 94H; >; 4; 9; 1; 52; 52; 1
94; 94H; >; 5; 5; 1; 56; 56; 1
94; 94R; <; 1; 5; 1; 0; 0; 1
94; 94R; <; 2; 9; 1; 4; 4; 1
94; 94R; <; 3; 10; 1; 8; 8; 1
94; 94R; <; 4; 11; 1; 13; 13; 1
94; 94R; <; 5; 12; 1; 18; 18; 1
95; 95H; >; 1; 12; 1; 46; 46; 1
95; 95H; >; 2; 11; 1; 51; 51; 1
95; 95H; >; 3; 4; 1; 58; 58; 1
95; 95H; >; 4; 3; 1; 3; 3; 1
95; 95H; >; 5; 1; 1; 7; 7; 1
95; 95R; <; 1; 1; 1; 1; 1; 1
95; 95R; <; 2; 3; 1; 5; 5; 1
95; 95R; <; 3; 4; 1; 10; 10; 1
95; 95R; <; 4; 11; 1; 17; 17; 1
95; 95R; <; 5; 12; 1; 22; 22; 1
103; 103H; >; 1; 14; 1; 55; 55; 1
103; 103H; >; 2; 15; 1; 0; 0; 1
103; 103H; >; 3; 22; 1; 4; 4; 1
103; 103R; <; 1; 22; 1; 30; 30; 1
103; 103R; <; 2; 15; 1; 34; 34; 1
103; 103R; <; 3; 14; 1; 39; 39; 1
120; 120H; >; 1; 3; 1; 35; 35; 1
120; 120H; >; 2; 4; 1; 40; 40; 1
120; 120H; >; 3; 5; 1; 45; 45; 1
120; 120H; >; 4; 6; 1; 51; 51; 1
120; 120R; <; 1; 6; 1; 57; 57; 1
120; 120R; <; 2; 5; 1; 3; 3; 1
120; 120R; <; 3; 4; 1; 8; 8; 1
120; 120R; <; 4; 3; 1; 13; 13; 1
121; 121H; >; 1; 12; 1; 58; 58; 1
121; 121H; >; 2; 11; 1; 3; 3; 1
121; 121H; >; 3; 10; 1; 8; 8; 1
121; 121H; >; 4; 16; 1; 14; 14; 1
121; 121H; >; 5; 18; 1; 20; 20; 1
121; 121R; <; 1; 18; 1; 23; 23; 1
121; 121R; <; 2; 16; 1; 29; 29; 1
121; 121R; <; 3; 10; 1; 35; 35; 1
121; 121R; <; 4; 11; 1; 40; 40; 1
121; 121R; <; 5; 12; 1; 45; 45; 1
128; 128H; >; 1; 4; 1; 37; 37; 1
128; 128H; >; 2; 11; 1; 44; 44; 1
128; 128H; >; 3; 14; 1; 52; 52; 1
128; 128H; >; 4; 23; 1; 56; 56; 1
128; 128H; >; 5; 24; 1; 1; 1; 1
128; 128R; <; 1; 24; 1; 33; 33; 1
128; 128R; <; 2; 23; 1; 38; 38; 1
128; 128R; <; 3; 14; 1; 42; 42; 1
128; 128R; <; 4; 11; 1; 50; 50; 1
128; 128R; <; 5; 4; 1; 57; 57; 1
130; 130H; >; 1; 2; 2; 50; 50; 1
130; 130H; >; 2; 6; 2; 54; 54; 1
130; 130H; >; 3; 8; 2; 58; 58; 1
130; 130H; >; 4; 16; 2; 2; 2; 1
130; 130H; >; 5; 17; 2; 6; 6; 1
130; 130H; >; 6; 19; 2; 10; 10; 1
130; 130H; >; 7; 20; 2; 18; 18; 1
130; 130H; >; 1; 2; 2; 20; 20; 2
130; 130H; >; 2; 6; 2; 24; 24; 2
130; 130H; >; 3; 8; 2; 28; 28; 2
130; 130H; >; 4; 16; 2; 32; 32; 2
130; 130H; >; 5; 17; 2; 36; 36; 2
130; 130H; >; 6; 19; 2; 40; 40; 2
130; 130H; >; 7; 20; 2; 48; 48; 2
130; 130R; <; 1; 20; 2; 16; 16; 1
130; 130R; <; 2; 19; 2; 24; 24; 1
130; 130R; <; 3; 17; 2; 28; 28; 1
130; 130R; <; 4; 16; 2; 32; 32; 1
130; 130R; <; 5; 8; 2; 36; 36; 1
130; 130R; <; 6; 6; 2; 40; 40; 1
130; 130R; <; 7; 2; 2; 44; 44; 1
130; 130R; <; 1; 20; 2; 46; 46; 2
130; 130R; <; 2; 19; 2; 54; 54; 2
130; 130R; <; 3; 17; 2; 58; 58; 2
130; 130R; <; 4; 16; 2; 2; 2; 2
130; 130R; <; 5; 8; 2; 6; 6; 2
130; 130R; <; 6; 6; 2; 10; 10; 2
130; 130R; <; 7; 2; 2; 14; 14; 2
133; 133H; >; 1; 23; 1; 9; 9; 1
133; 133H; >; 2; 22; 1; 14; 14; 1
133; 133H; >; 3; 15; 1; 18; 18; 1
133; 133H; >; 4; 19; 1; 24; 24; 1
133; 133H; >; 5; 17; 1; 28; 28; 1
133; 133H; >; 6; 16; 1; 32; 32; 1
133; 133H; >; 7; 8; 1; 36; 36; 1
133; 133H; >; 8; 7; 1; 42; 42; 1
133; 133R; <; 1; 7; 1; 22; 22; 1
133; 133R; <; 2; 8; 1; 28; 28; 1
133; 133R; <; 3; 16; 1; 32; 32; 1
133; 133R; <; 4; 17; 1; 36; 36; 1
133; 133R; <; 5; 19; 1; 40; 40; 1
133; 133R; <; 6; 15; 1; 46; 46; 1
133; 133R; <; 7; 22; 1; 50; 50; 1
133; 133R; <; 8; 23; 1; 55; 55; 1
134; 134H; >; 1; 6; 1; 57; 57; 1
134; 134H; >; 2; 5; 1; 3; 3; 1
134; 134H; >; 3; 9; 1; 7; 7; 1
134; 134H; >; 4; 10; 1; 11; 11; 1
134; 134H; >; 5; 15; 1; 19; 19; 1
134; 134H; >; 6; 22; 1; 23; 23; 1
134; 134H; >; 7; 23; 1; 28; 28; 1
134; 134R; <; 1; 23; 1; 51; 51; 1
134; 134R; <; 2; 22; 1; 56; 56; 1
134; 134R; <; 3; 15; 1; 0; 0; 1
134; 134R; <; 4; 10; 1; 8; 8; 1
134; 134R; <; 5; 9; 1; 12; 12; 1
134; 134R; <; 6; 5; 1; 16; 16; 1
134; 134R; <; 7; 6; 1; 22; 22; 1
137; 137H; >; 1; 16; 2; 5; 5; 1
137; 137H; >; 2; 10; 2; 11; 11; 1
137; 137H; >; 3; 11; 2; 16; 16; 1
137; 137H; >; 4; 14; 2; 24; 24; 1
137; 137H; >; 5; 23; 2; 28; 28; 1
137; 137H; >; 6; 24; 2; 33; 33; 1
137; 137H; >; 7; 13; 2; 38; 38; 1
137; 137H; >; 1; 16; 2; 35; 35; 2
137; 137H; >; 2; 10; 2; 41; 41; 2
137; 137H; >; 3; 11; 2; 46; 46; 2
137; 137H; >; 4; 14; 2; 54; 54; 2
137; 137H; >; 5; 23; 2; 58; 58; 2
137; 137H; >; 6; 24; 2; 3; 3; 2
137; 137H; >; 7; 13; 2; 8; 8; 2
137; 137R; <; 1; 13; 2; 26; 26; 1
137; 137R; <; 2; 24; 2; 31; 31; 1
137; 137R; <; 3; 23; 2; 36; 36; 1
137; 137R; <; 4; 14; 2; 40; 40; 1
137; 137R; <; 5; 11; 2; 48; 48; 1
137; 137R; <; 6; 10; 2; 53; 53; 1
137; 137R; <; 7; 16; 2; 59; 59; 1
137; 137R; <; 1; 13; 2; 56; 56; 2
137; 137R; <; 2; 24; 2; 1; 1; 2
137; 137R; <; 3; 23; 2; 6; 6; 2
137; 137R; <; 4; 14; 2; 10; 10; 2
137; 137R; <; 5; 11; 2; 18; 18; 2
137; 137R; <; 6; 10; 2; 23; 23; 2
137; 137R; <; 7; 16; 2; 29; 29; 2
138; 138H; >; 1; 11; 1; 47; 47; 1
138; 138H; >; 2; 14; 1; 55; 55; 1
138; 138H; >; 3; 23; 1; 59; 59; 1
138; 138H; >; 4; 24; 1; 4; 4; 1
138; 138H; >; 5; 21; 1; 9; 9; 1
138; 138H; >; 6; 20; 1; 15; 15; 1
138; 138R; <; 1; 20; 1; 19; 19; 1
138; 138R; <; 2; 21; 1; 25; 25; 1
138; 138R; <; 3; 24; 1; 30; 30; 1
138; 138R; <; 4; 23; 1; 35; 35; 1
138; 138R; <; 5; 14; 1; 39; 39; 1
138; 138R; <; 6; 11; 1; 47; 47; 1
