#event-id; time
1; 0
2; 5
3; 5
4; 10
5; 10
6; 15
7; 15
8; 31
9; 31
10; 38
11; 38
12; 42
13; 0
14; 4
15; 4
16; 11
17; 11
18; 27
19; 27
20; 32
21; 32
22; 37
23; 37
24; 42
25; 0
26; 6
27; 6
28; 11
29; 11
30; 16
31; 16
32; 32
33; 32
34; 39
35; 39
36; 43
37; 0
38; 4
39; 4
40; 11
41; 11
42; 27
43; 27
44; 32
45; 32
46; 37
47; 37
48; 43
49; 0
50; 4
51; 4
52; 11
53; 11
54; 16
55; 16
56; 24
57; 24
58; 28
59; 28
60; 33
61; 30
62; 34
63; 34
64; 41
65; 41
66; 46
67; 46
68; 54
69; 54
70; 58
71; 58
72; 3
73; 0
74; 5
75; 5
76; 9
77; 9
78; 17
79; 17
80; 22
81; 22
82; 29
83; 29
84; 33
85; 30
86; 35
87; 35
88; 39
89; 39
90; 47
91; 47
92; 52
93; 52
94; 59
95; 59
96; 3
97; 0
98; 4
99; 4
100; 11
101; 11
102; 16
103; 16
104; 21
105; 21
106; 28
107; 28
108; 32
109; 0
110; 4
111; 4
112; 11
113; 11
114; 16
115; 16
116; 21
117; 21
118; 28
119; 28
120; 32
121; 0
122; 16
123; 16
124; 20
125; 20
126; 24
127; 24
128; 30
129; 30
130; 34
131; 34
132; 51
133; 0
134; 17
135; 17
136; 21
137; 21
138; 27
139; 27
140; 31
141; 31
142; 35
143; 35
144; 51
145; 0
146; 5
147; 5
148; 10
149; 10
150; 26
151; 26
152; 31
153; 31
154; 38
155; 0
156; 7
157; 7
158; 12
159; 12
160; 28
161; 28
162; 33
163; 33
164; 38
165; 0
166; 5
167; 5
168; 13
169; 13
170; 19
171; 19
172; 23
173; 23
174; 29
175; 30
176; 36
177; 36
178; 40
179; 40
180; 46
181; 46
182; 54
183; 54
184; 59
185; 0
186; 4
187; 4
188; 12
189; 12
190; 16
191; 16
192; 21
193; 21
194; 26
195; 30
196; 35
197; 35
198; 40
199; 40
200; 44
201; 44
202; 52
203; 52
204; 56
205; 0
206; 4
207; 4
208; 10
209; 10
210; 27
211; 27
212; 33
213; 33
214; 38
215; 0
216; 5
217; 5
218; 11
219; 11
220; 28
221; 28
222; 34
223; 34
224; 38
225; 0
226; 4
227; 4
228; 10
229; 10
230; 15
231; 15
232; 23
233; 23
234; 27
235; 30
236; 34
237; 34
238; 42
239; 42
240; 47
241; 47
242; 53
243; 53
244; 57
245; 0
246; 4
247; 4
248; 10
249; 10
250; 15
251; 15
252; 20
253; 20
254; 36
255; 0
256; 16
257; 16
258; 21
259; 21
260; 26
261; 26
262; 32
263; 32
264; 36
265; 0
266; 4
267; 4
268; 21
269; 21
270; 29
271; 29
272; 34
273; 34
274; 38
275; 0
276; 4
277; 4
278; 9
279; 9
280; 17
281; 17
282; 34
283; 34
284; 38
285; 0
286; 4
287; 4
288; 21
289; 21
290; 27
291; 27
292; 32
293; 32
294; 37
295; 0
296; 5
297; 5
298; 10
299; 10
300; 16
301; 16
302; 33
303; 33
304; 37
305; 0
306; 6
307; 6
308; 12
309; 12
310; 16
311; 16
312; 21
313; 21
314; 26
315; 30
316; 35
317; 35
318; 40
319; 40
320; 44
321; 44
322; 50
323; 50
324; 56
325; 0
326; 4
327; 4
328; 8
329; 8
330; 16
331; 16
332; 20
333; 20
334; 25
335; 30
336; 35
337; 35
338; 39
339; 39
340; 47
341; 47
342; 51
343; 51
344; 55
345; 0
346; 7
347; 7
348; 12
349; 12
350; 20
351; 20
352; 24
353; 24
354; 29
355; 30
356; 35
357; 35
358; 39
359; 39
360; 47
361; 47
362; 52
363; 52
364; 59
365; 0
366; 5
367; 5
368; 12
369; 12
370; 17
371; 17
372; 23
373; 23
374; 29
375; 30
376; 36
377; 36
378; 42
379; 42
380; 47
381; 47
382; 54
383; 54
384; 59
385; 0
386; 5
387; 5
388; 12
389; 12
390; 17
391; 17
392; 25
393; 25
394; 29
395; 30
396; 34
397; 34
398; 42
399; 42
400; 47
401; 47
402; 54
403; 54
404; 59
405; 0
406; 5
407; 5
408; 10
409; 10
410; 14
411; 14
412; 20
413; 20
414; 26
415; 30
416; 36
417; 36
418; 42
419; 42
420; 46
421; 46
422; 51
423; 51
424; 56
425; 0
426; 4
427; 4
428; 8
429; 8
430; 12
431; 12
432; 16
433; 16
434; 20
435; 30
436; 34
437; 34
438; 38
439; 38
440; 42
441; 42
442; 46
443; 46
444; 50
445; 0
446; 4
447; 4
448; 8
449; 8
450; 14
451; 14
452; 18
453; 18
454; 26
455; 30
456; 38
457; 38
458; 42
459; 42
460; 48
461; 48
462; 52
463; 52
464; 56
465; 0
466; 4
467; 4
468; 11
469; 11
470; 16
471; 16
472; 24
473; 24
474; 29
475; 30
476; 35
477; 35
478; 43
479; 43
480; 48
481; 48
482; 55
483; 55
484; 59
485; 0
486; 4
487; 4
488; 12
489; 12
490; 18
491; 18
492; 23
493; 30
494; 35
495; 35
496; 41
497; 41
498; 49
499; 49
500; 53
501; 0
502; 4
503; 4
504; 10
505; 10
506; 14
507; 14
508; 19
509; 30
510; 35
511; 35
512; 39
513; 39
514; 45
515; 45
516; 49
517; 0
518; 4
519; 4
520; 9
521; 9
522; 14
523; 14
524; 19
525; 30
526; 35
527; 35
528; 40
529; 40
530; 45
531; 45
532; 49
533; 0
534; 5
535; 5
536; 13
537; 13
538; 19
539; 19
540; 25
541; 30
542; 36
543; 36
544; 42
545; 42
546; 50
547; 50
548; 55
549; 0
550; 8
551; 8
552; 13
553; 13
554; 17
555; 17
556; 22
557; 30
558; 35
559; 35
560; 39
561; 39
562; 44
563; 44
564; 52
565; 0
566; 5
567; 5
568; 10
569; 10
570; 15
571; 15
572; 19
573; 30
574; 34
575; 34
576; 39
577; 39
578; 44
579; 44
580; 49
581; 0
582; 5
583; 5
584; 10
585; 10
586; 16
587; 16
588; 24
589; 30
590; 38
591; 38
592; 44
593; 44
594; 49
595; 49
596; 54
597; 0
598; 5
599; 5
600; 10
601; 10
602; 26
603; 26
604; 31
605; 0
606; 5
607; 5
608; 21
609; 21
610; 26
611; 26
612; 31
613; 0
614; 4
615; 4
616; 12
617; 12
618; 16
619; 16
620; 21
621; 30
622; 35
623; 35
624; 39
625; 39
626; 47
627; 47
628; 51
629; 0
630; 4
631; 4
632; 12
633; 12
634; 16
635; 16
636; 24
637; 30
638; 38
639; 38
640; 42
641; 42
642; 50
643; 50
644; 54
645; 0
646; 4
647; 4
648; 9
649; 9
650; 14
651; 14
652; 30
653; 30
654; 46
655; 46
656; 51
657; 51
658; 56
659; 56
660; 0
661; 0
662; 4
663; 4
664; 10
665; 10
666; 18
667; 18
668; 22
669; 30
670; 34
671; 34
672; 42
673; 42
674; 48
675; 48
676; 52
677; 0
678; 6
679; 6
680; 10
681; 10
682; 16
683; 16
684; 20
685; 30
686; 34
687; 34
688; 40
689; 40
690; 44
691; 44
692; 50
693; 0
694; 5
695; 5
696; 12
697; 12
698; 17
699; 17
700; 24
701; 30
702; 37
703; 37
704; 42
705; 42
706; 49
707; 49
708; 54
709; 0
710; 16
711; 16
712; 20
713; 20
714; 24
715; 24
716; 28
717; 30
718; 34
719; 34
720; 38
721; 38
722; 42
723; 42
724; 58
725; 0
726; 16
727; 16
728; 20
729; 20
730; 24
731; 24
732; 30
733; 30
734; 36
735; 36
736; 40
737; 40
738; 44
739; 44
740; 0
741; 0
742; 5
743; 5
744; 9
745; 9
746; 17
747; 30
748; 38
749; 38
750; 42
751; 42
752; 47
753; 0
754; 5
755; 5
756; 11
757; 11
758; 15
759; 30
760; 34
761; 34
762; 40
763; 40
764; 45
765; 0
766; 5
767; 5
768; 13
769; 13
770; 17
771; 30
772; 34
773; 34
774; 42
775; 42
776; 47
777; 0
778; 5
779; 5
780; 10
781; 10
782; 14
783; 30
784; 34
785; 34
786; 39
787; 39
788; 44
789; 0
790; 4
791; 4
792; 11
793; 11
794; 15
795; 30
796; 34
797; 34
798; 41
799; 41
800; 45
801; 0
802; 5
803; 5
804; 11
805; 11
806; 15
807; 30
808; 34
809; 34
810; 40
811; 40
812; 45
813; 0
814; 5
815; 5
816; 10
817; 10
818; 16
819; 30
820; 36
821; 36
822; 41
823; 41
824; 46
825; 0
826; 16
827; 16
828; 20
829; 20
830; 26
831; 30
832; 36
833; 36
834; 40
835; 40
836; 56
837; 0
838; 5
839; 5
840; 10
841; 30
842; 35
843; 35
844; 40
845; 0
846; 8
847; 8
848; 16
849; 30
850; 38
851; 38
852; 46
853; 0
854; 4
855; 4
856; 9
857; 30
858; 35
859; 35
860; 39
861; 0
862; 5
863; 5
864; 10
865; 10
866; 26
867; 26
868; 33
869; 33
870; 37
871; 37
872; 53
873; 53
874; 57
875; 57
876; 1
877; 1
878; 5
879; 30
880; 34
881; 34
882; 38
883; 38
884; 42
885; 42
886; 58
887; 58
888; 2
889; 2
890; 9
891; 9
892; 25
893; 25
894; 30
895; 30
896; 35
897; 0
898; 5
899; 5
900; 13
901; 13
902; 21
903; 21
904; 25
905; 25
906; 29
907; 29
908; 35
909; 35
910; 40
911; 40
912; 45
913; 0
914; 5
915; 5
916; 10
917; 10
918; 16
919; 16
920; 20
921; 20
922; 24
923; 24
924; 32
925; 32
926; 40
927; 40
928; 45
929; 0
930; 4
931; 4
932; 12
933; 12
934; 19
935; 19
936; 24
937; 24
938; 28
939; 28
940; 32
941; 32
942; 40
943; 40
944; 46
945; 0
946; 6
947; 6
948; 14
949; 14
950; 18
951; 18
952; 22
953; 22
954; 27
955; 27
956; 34
957; 34
958; 42
959; 42
960; 46
961; 0
962; 4
963; 4
964; 12
965; 12
966; 19
967; 19
968; 24
969; 24
970; 31
971; 31
972; 47
973; 47
974; 52
975; 52
976; 57
977; 0
978; 5
979; 5
980; 10
981; 10
982; 26
983; 26
984; 33
985; 33
986; 38
987; 38
988; 45
989; 45
990; 53
991; 53
992; 57
993; 0
994; 5
995; 5
996; 13
997; 13
998; 21
999; 21
1000; 25
1001; 25
1002; 29
1003; 29
1004; 35
1005; 35
1006; 39
1007; 0
1008; 4
1009; 4
1010; 10
1011; 10
1012; 14
1013; 14
1014; 18
1015; 18
1016; 26
1017; 26
1018; 34
1019; 34
1020; 39
1021; 0
1022; 4
1023; 4
1024; 12
1025; 12
1026; 19
1027; 19
1028; 24
1029; 24
1030; 28
1031; 28
1032; 32
1033; 32
1034; 39
1035; 0
1036; 7
1037; 7
1038; 11
1039; 11
1040; 15
1041; 15
1042; 20
1043; 20
1044; 27
1045; 27
1046; 35
1047; 35
1048; 39
1049; 0
1050; 5
1051; 5
1052; 10
1053; 10
1054; 15
1055; 15
1056; 19
1057; 19
1058; 27
1059; 27
1060; 31
1061; 31
1062; 35
1063; 0
1064; 4
1065; 4
1066; 8
1067; 8
1068; 16
1069; 16
1070; 20
1071; 20
1072; 25
1073; 25
1074; 30
1075; 30
1076; 35
1077; 0
1078; 4
1079; 4
1080; 10
1081; 10
1082; 14
1083; 14
1084; 20
1085; 20
1086; 24
1087; 24
1088; 30
1089; 30
1090; 34
1091; 0
1092; 4
1093; 4
1094; 10
1095; 10
1096; 14
1097; 14
1098; 20
1099; 20
1100; 24
1101; 24
1102; 30
1103; 30
1104; 34
1105; 0
1106; 6
1107; 6
1108; 11
1109; 11
1110; 15
1111; 15
1112; 23
1113; 23
1114; 28
1115; 28
1116; 36
1117; 0
1118; 8
1119; 8
1120; 13
1121; 13
1122; 21
1123; 21
1124; 25
1125; 25
1126; 30
1127; 30
1128; 36
1129; 0
1130; 6
1131; 6
1132; 11
1133; 11
1134; 15
1135; 15
1136; 23
1137; 23
1138; 27
1139; 27
1140; 31
1141; 0
1142; 4
1143; 4
1144; 8
1145; 8
1146; 16
1147; 16
1148; 20
1149; 20
1150; 25
1151; 25
1152; 31
1153; 50
1154; 58
1155; 58
1156; 3
1157; 3
1158; 9
1159; 9
1160; 13
1161; 13
1162; 17
1163; 17
1164; 21
1165; 50
1166; 54
1167; 54
1168; 58
1169; 58
1170; 2
1171; 2
1172; 8
1173; 8
1174; 13
1175; 13
1176; 21
1177; 0
1178; 4
1179; 4
1180; 8
1181; 8
1182; 14
1183; 14
1184; 19
1185; 19
1186; 27
1187; 30
1188; 38
1189; 38
1190; 43
1191; 43
1192; 49
1193; 49
1194; 53
1195; 53
1196; 57
1197; 0
1198; 4
1199; 4
1200; 8
1201; 8
1202; 14
1203; 14
1204; 18
1205; 18
1206; 22
1207; 30
1208; 34
1209; 34
1210; 38
1211; 38
1212; 44
1213; 44
1214; 48
1215; 48
1216; 52
1217; 0
1218; 4
1219; 4
1220; 8
1221; 8
1222; 12
1223; 12
1224; 18
1225; 18
1226; 22
1227; 30
1228; 34
1229; 34
1230; 40
1231; 40
1232; 44
1233; 44
1234; 48
1235; 48
1236; 52
1237; 0
1238; 4
1239; 4
1240; 8
1241; 8
1242; 12
1243; 12
1244; 16
1245; 16
1246; 20
1247; 30
1248; 34
1249; 34
1250; 38
1251; 38
1252; 42
1253; 42
1254; 46
1255; 46
1256; 50
1257; 0
1258; 5
1259; 5
1260; 10
1261; 10
1262; 16
1263; 16
1264; 22
1265; 22
1266; 26
1267; 30
1268; 34
1269; 34
1270; 40
1271; 40
1272; 46
1273; 46
1274; 51
1275; 51
1276; 56
1277; 0
1278; 4
1279; 4
1280; 10
1281; 10
1282; 15
1283; 15
1284; 20
1285; 20
1286; 24
1287; 30
1288; 34
1289; 34
1290; 39
1291; 39
1292; 44
1293; 44
1294; 50
1295; 50
1296; 54
1297; 0
1298; 17
1299; 17
1300; 21
1301; 21
1302; 27
1303; 27
1304; 31
1305; 0
1306; 4
1307; 4
1308; 10
1309; 10
1310; 14
1311; 14
1312; 31
1313; 0
1314; 8
1315; 8
1316; 15
1317; 15
1318; 20
1319; 20
1320; 24
1321; 30
1322; 34
1323; 34
1324; 39
1325; 39
1326; 46
1327; 46
1328; 54
1329; 0
1330; 5
1331; 5
1332; 10
1333; 10
1334; 14
1335; 14
1336; 18
1337; 30
1338; 34
1339; 34
1340; 38
1341; 38
1342; 43
1343; 43
1344; 48
1345; 0
1346; 5
1347; 5
1348; 12
1349; 12
1350; 17
1351; 17
1352; 21
1353; 30
1354; 34
1355; 34
1356; 39
1357; 39
1358; 46
1359; 46
1360; 51
1361; 0
1362; 4
1363; 4
1364; 10
1365; 10
1366; 14
1367; 14
1368; 18
1369; 30
1370; 34
1371; 34
1372; 38
1373; 38
1374; 44
1375; 44
1376; 48
1377; 0
1378; 4
1379; 4
1380; 12
1381; 12
1382; 19
1383; 30
1384; 37
1385; 37
1386; 45
1387; 45
1388; 49
1389; 0
1390; 4
1391; 4
1392; 8
1393; 8
1394; 12
1395; 30
1396; 34
1397; 34
1398; 38
1399; 38
1400; 42
1401; 0
1402; 4
1403; 4
1404; 8
1405; 8
1406; 12
1407; 30
1408; 34
1409; 34
1410; 38
1411; 38
1412; 42
1413; 0
1414; 5
1415; 5
1416; 10
1417; 30
1418; 35
1419; 35
1420; 40
1421; 0
1422; 4
1423; 4
1424; 10
1425; 30
1426; 36
1427; 36
1428; 40
1429; 42
1430; 47
1431; 47
1432; 52
1433; 2
1434; 7
1435; 7
1436; 12
1437; 22
1438; 27
1439; 27
1440; 32
1441; 12
1442; 17
1443; 17
1444; 22
1445; 32
1446; 37
1447; 37
1448; 42
1449; 52
1450; 57
1451; 57
1452; 2
1453; 0
1454; 4
1455; 4
1456; 8
1457; 30
1458; 34
1459; 34
1460; 38
1461; 0
1462; 6
1463; 30
1464; 36
1465; 0
1466; 4
1467; 30
1468; 34
1469; 0
1470; 4
1471; 30
1472; 34
1473; 0
1474; 6
1475; 30
1476; 36
1477; 0
1478; 5
1479; 30
1480; 35
1481; 0
1482; 5
1483; 5
1484; 10
1485; 10
1486; 16
1487; 16
1488; 22
1489; 30
1490; 36
1491; 36
1492; 42
1493; 42
1494; 47
1495; 47
1496; 52
1497; 0
1498; 5
1499; 5
1500; 10
1501; 10
1502; 17
1503; 30
1504; 37
1505; 37
1506; 42
1507; 42
1508; 47
1509; 0
1510; 5
1511; 5
1512; 13
1513; 30
1514; 38
1515; 38
1516; 43
1517; 0
1518; 5
1519; 5
1520; 10
1521; 10
1522; 16
1523; 30
1524; 36
1525; 36
1526; 41
1527; 41
1528; 46
1529; 0
1530; 7
1531; 7
1532; 15
1533; 15
1534; 19
1535; 19
1536; 24
1537; 30
1538; 35
1539; 35
1540; 39
1541; 39
1542; 47
1543; 47
1544; 54
1545; 0
1546; 4
1547; 4
1548; 8
1549; 8
1550; 16
1551; 16
1552; 20
1553; 20
1554; 25
1555; 30
1556; 35
1557; 35
1558; 39
1559; 39
1560; 47
1561; 47
1562; 51
1563; 51
1564; 55
1565; 0
1566; 4
1567; 4
1568; 8
1569; 8
1570; 12
1571; 12
1572; 16
1573; 16
1574; 20
1575; 20
1576; 28
1577; 30
1578; 38
1579; 38
1580; 42
1581; 42
1582; 46
1583; 46
1584; 50
1585; 50
1586; 54
1587; 54
1588; 58
1589; 45
1590; 49
1591; 49
1592; 53
1593; 53
1594; 57
1595; 57
1596; 1
1597; 1
1598; 5
1599; 5
1600; 13
1601; 15
1602; 23
1603; 23
1604; 27
1605; 27
1606; 31
1607; 31
1608; 35
1609; 35
1610; 39
1611; 39
1612; 43
1613; 0
1614; 5
1615; 5
1616; 9
1617; 9
1618; 15
1619; 15
1620; 19
1621; 19
1622; 23
1623; 23
1624; 27
1625; 27
1626; 33
1627; 0
1628; 6
1629; 6
1630; 10
1631; 10
1632; 14
1633; 14
1634; 18
1635; 18
1636; 24
1637; 24
1638; 28
1639; 28
1640; 33
1641; 0
1642; 6
1643; 6
1644; 10
1645; 10
1646; 14
1647; 14
1648; 22
1649; 22
1650; 26
1651; 26
1652; 31
1653; 0
1654; 5
1655; 5
1656; 9
1657; 9
1658; 17
1659; 17
1660; 21
1661; 21
1662; 25
1663; 25
1664; 31
1665; 0
1666; 5
1667; 5
1668; 10
1669; 10
1670; 16
1671; 16
1672; 22
1673; 30
1674; 36
1675; 36
1676; 42
1677; 42
1678; 47
1679; 47
1680; 52
1681; 0
1682; 4
1683; 4
1684; 9
1685; 9
1686; 16
1687; 30
1688; 37
1689; 37
1690; 42
1691; 42
1692; 46
1693; 0
1694; 6
1695; 6
1696; 11
1697; 11
1698; 19
1699; 19
1700; 23
1701; 23
1702; 28
1703; 28
1704; 33
1705; 0
1706; 5
1707; 5
1708; 10
1709; 10
1710; 14
1711; 14
1712; 22
1713; 22
1714; 27
1715; 27
1716; 33
1717; 0
1718; 8
1719; 8
1720; 12
1721; 12
1722; 17
1723; 17
1724; 22
1725; 22
1726; 28
1727; 30
1728; 36
1729; 36
1730; 41
1731; 41
1732; 46
1733; 46
1734; 50
1735; 50
1736; 58
