#origin-stop-id;destination-stop-id;perceived-travel-time;passengers
1;2;6;21
1;3;12;15
1;4;32;10
1;5;38;8
1;6;39;5
1;7;33;11
1;8;18;19
1;9;32;7
1;10;38;3
1;11;45;3
1;12;40;6
1;13;24;82
1;14;38;8
1;15;44;4
1;16;52;3
1;17;46;7
1;18;38;11
1;19;44;4
1;20;50;2
1;21;58;2
1;22;64;2
1;23;52;5
1;24;58;4
1;25;64;15
2;1;6;5
2;3;6;4
2;4;26;3
2;5;32;2
2;6;33;1
2;7;27;3
2;8;12;5
2;9;26;2
2;10;32;1
2;11;39;1
2;12;34;2
2;13;18;20
2;14;32;2
2;15;38;1
2;16;46;1
2;17;40;2
2;18;32;3
2;19;38;1
2;20;44;0
2;21;52;0
2;22;58;1
2;23;46;1
2;24;52;1
2;25;58;4
3;1;12;3
3;2;6;3
3;4;6;4
3;5;12;3
3;6;27;1
3;7;21;3
3;8;6;7
3;9;20;3
3;10;26;1
3;11;24;1
3;12;18;3
3;13;12;30
3;14;26;2
3;15;32;1
3;16;38;1
3;17;32;2
3;18;26;4
3;19;32;2
3;20;38;1
3;21;44;1
3;22;50;1
3;23;40;2
3;24;46;1
3;25;52;4
4;1;28;2
4;2;22;2
4;3;6;4
4;5;6;4
4;6;41;1
4;7;35;2
4;8;12;5
4;9;29;3
4;10;35;1
4;11;30;1
4;12;24;3
4;13;18;19
4;14;38;1
4;15;44;1
4;16;44;0
4;17;38;1
4;18;32;3
4;19;41;2
4;20;47;1
4;21;50;1
4;22;56;1
4;23;49;1
4;24;55;1
4;25;61;2
5;1;34;2
5;2;28;2
5;3;12;3
5;4;6;4
5;6;47;1
5;7;41;1
5;8;18;4
5;9;35;2
5;10;41;1
5;11;36;1
5;12;30;2
5;13;24;16
5;14;44;1
5;15;50;0
5;16;50;0
5;17;44;1
5;18;38;2
5;19;47;1
5;20;53;1
5;21;56;1
5;22;62;1
5;23;55;1
5;24;61;0
5;25;67;2
6;1;45;1
6;2;39;1
6;3;33;1
6;4;46;1
6;5;52;1
6;7;6;8
6;8;17;5
6;9;26;4
6;10;32;2
6;11;6;1
6;12;12;1
6;13;18;20
6;14;32;2
6;15;38;1
6;16;53;1
6;17;47;1
6;18;24;3
6;19;30;2
6;20;36;1
6;21;59;0
6;22;65;0
6;23;38;1
6;24;44;1
6;25;50;3
7;1;36;2
7;2;30;3
7;3;24;3
7;4;37;2
7;5;43;1
7;6;6;7
7;8;8;11
7;9;17;9
7;10;23;4
7;11;12;1
7;12;18;3
7;13;24;47
7;14;38;4
7;15;44;2
7;16;57;1
7;17;51;3
7;18;30;7
7;19;36;6
7;20;42;2
7;21;63;1
7;22;69;1
7;23;44;2
7;24;50;2
7;25;56;7
8;1;18;4
8;2;12;4
8;3;6;7
8;4;12;4
8;5;18;3
8;6;12;4
8;7;6;10
8;9;6;11
8;10;12;5
8;11;18;3
8;12;12;6
8;13;6;78
8;14;20;7
8;15;26;3
8;16;32;2
8;17;26;6
8;18;20;11
8;19;26;6
8;20;32;3
8;21;38;2
8;22;44;3
8;23;34;4
8;24;40;3
8;25;46;10
9;1;35;1
9;2;29;2
9;3;20;3
9;4;26;3
9;5;32;2
9;6;18;3
9;7;12;8
9;8;6;11
9;10;6;7
9;11;24;2
9;12;26;5
9;13;20;46
9;14;40;6
9;15;46;3
9;16;46;2
9;17;40;5
9;18;34;6
9;19;43;3
9;20;49;1
9;21;52;1
9;22;58;2
9;23;51;2
9;24;57;1
9;25;63;4
10;1;41;1
10;2;35;1
10;3;26;1
10;4;32;1
10;5;38;1
10;6;24;1
10;7;18;4
10;8;12;5
10;9;6;7
10;11;30;1
10;12;32;2
10;13;26;19
10;14;46;3
10;15;52;1
10;16;52;1
10;17;46;2
10;18;40;3
10;19;49;1
10;20;55;1
10;21;58;1
10;22;64;1
10;23;57;1
10;24;63;0
10;25;69;2
11;1;46;1
11;2;40;1
11;3;24;1
11;4;30;1
11;5;36;1
11;6;6;1
11;7;15;2
11;8;18;3
11;9;35;1
11;10;41;1
11;12;6;7
11;13;12;25
11;14;26;4
11;15;32;2
11;16;47;1
11;17;41;1
11;18;18;3
11;19;24;2
11;20;30;1
11;21;53;1
11;22;59;1
11;23;32;1
11;24;38;1
11;25;44;3
12;1;40;1
12;2;34;1
12;3;18;1
12;4;24;1
12;5;30;1
12;6;13;1
12;7;22;2
12;8;12;4
12;9;29;2
12;10;35;1
12;11;6;4
12;13;6;29
12;14;20;5
12;15;26;2
12;16;41;1
12;17;35;2
12;18;12;4
12;19;18;3
12;20;24;1
12;21;47;1
12;22;53;1
12;23;26;2
12;24;32;1
12;25;38;3
13;1;24;14
13;2;18;4
13;3;12;7
13;4;18;5
13;5;24;4
13;6;19;5
13;7;21;11
13;8;6;18
13;9;20;11
13;10;26;5
13;11;12;6
13;12;6;9
13;14;6;14
13;15;12;6
13;16;18;5
13;17;12;11
13;18;6;18
13;19;12;11
13;20;18;5
13;21;24;4
13;22;30;5
13;23;20;7
13;24;26;5
13;25;32;8
14;1;38;1
14;2;32;1
14;3;26;2
14;4;32;2
14;5;38;2
14;6;33;2
14;7;42;6
14;8;20;7
14;9;37;4
14;10;43;2
14;11;26;4
14;12;20;9
14;13;6;55
14;15;6;7
14;16;27;2
14;17;21;4
14;18;12;7
14;19;18;6
14;20;24;3
14;21;33;1
14;22;39;1
14;23;32;3
14;24;38;2
14;25;44;8
15;1;44;0
15;2;38;0
15;3;32;1
15;4;38;1
15;5;44;1
15;6;39;1
15;7;48;3
15;8;26;3
15;9;43;2
15;10;49;1
15;11;32;2
15;12;26;4
15;13;12;23
15;14;6;7
15;16;33;1
15;17;27;2
15;18;18;3
15;19;24;3
15;20;30;1
15;21;39;0
15;22;45;1
15;23;38;1
15;24;44;1
15;25;50;3
16;1;50;1
16;2;44;1
16;3;38;1
16;4;46;0
16;5;52;0
16;6;47;1
16;7;56;1
16;8;32;3
16;9;51;2
16;10;57;1
16;11;40;1
16;12;34;2
16;13;18;19
16;14;27;3
16;15;33;1
16;17;6;8
16;18;12;5
16;19;28;4
16;20;34;2
16;21;6;1
16;22;12;1
16;23;18;2
16;24;24;1
16;25;30;5
17;1;44;1
17;2;38;2
17;3;32;2
17;4;40;1
17;5;46;1
17;6;41;1
17;7;50;3
17;8;26;6
17;9;45;5
17;10;51;2
17;11;34;2
17;12;28;4
17;13;12;45
17;14;21;6
17;15;27;3
17;16;6;7
17;18;6;11
17;19;22;9
17;20;28;4
17;21;12;1
17;22;18;2
17;23;12;4
17;24;18;3
17;25;24;11
18;1;38;2
18;2;32;2
18;3;26;4
18;4;34;2
18;5;40;2
18;6;28;2
18;7;37;5
18;8;20;10
18;9;37;6
18;10;43;2
18;11;21;3
18;12;15;6
18;13;6;75
18;14;12;7
18;15;18;3
18;16;12;4
18;17;6;11
18;19;6;11
18;20;12;5
18;21;18;3
18;22;24;4
18;23;6;7
18;24;12;4
18;25;18;17
19;1;50;1
19;2;44;1
19;3;38;2
19;4;56;2
19;5;62;1
19;6;37;2
19;7;46;5
19;8;32;6
19;9;46;3
19;10;52;1
19;11;30;1
19;12;24;3
19;13;12;45
19;14;18;4
19;15;24;2
19;16;26;4
19;17;20;9
19;18;6;11
19;20;6;7
19;21;32;2
19;22;38;3
19;23;12;3
19;24;18;2
19;25;24;7
20;1;56;0
20;2;50;0
20;3;44;1
20;4;62;1
20;5;68;1
20;6;43;1
20;7;52;2
20;8;38;2
20;9;52;1
20;10;58;1
20;11;36;0
20;12;30;1
20;13;18;18
20;14;24;2
20;15;30;1
20;16;32;2
20;17;26;4
20;18;12;5
20;19;6;7
20;21;38;1
20;22;44;1
20;23;18;1
20;24;24;1
20;25;30;3
21;1;56;0
21;2;50;0
21;3;44;1
21;4;52;1
21;5;58;1
21;6;53;0
21;7;62;1
21;8;38;2
21;9;57;1
21;10;63;1
21;11;46;0
21;12;40;1
21;13;24;15
21;14;33;2
21;15;39;1
21;16;6;1
21;17;12;1
21;18;18;4
21;19;34;2
21;20;40;1
21;22;6;5
21;23;12;3
21;24;18;2
21;25;24;8
22;1;62;0
22;2;56;0
22;3;50;1
22;4;58;1
22;5;64;1
22;6;59;0
22;7;68;1
22;8;44;2
22;9;63;2
22;10;69;1
22;11;52;1
22;12;46;1
22;13;30;18
22;14;39;2
22;15;45;1
22;16;12;1
22;17;18;2
22;18;23;5
22;19;29;3
22;20;35;1
22;21;6;4
22;23;6;4
22;24;12;3
22;25;18;9
23;1;60;1
23;2;54;1
23;3;48;2
23;4;58;1
23;5;64;1
23;6;42;1
23;7;51;2
23;8;40;4
23;9;63;2
23;10;69;1
23;11;35;1
23;12;29;3
23;13;22;28
23;14;35;2
23;15;41;1
23;16;18;1
23;17;12;3
23;18;6;7
23;19;12;3
23;20;18;1
23;21;12;3
23;22;6;4
23;24;6;4
23;25;12;13
24;1;66;1
24;2;60;1
24;3;54;1
24;4;64;0
24;5;70;0
24;6;48;1
24;7;57;2
24;8;46;2
24;9;69;1
24;10;75;0
24;11;41;1
24;12;35;2
24;13;28;17
24;14;41;1
24;15;47;0
24;16;24;1
24;17;18;3
24;18;12;4
24;19;18;2
24;20;24;1
24;21;18;2
24;22;12;2
24;23;6;4
24;25;6;19
25;1;72;1
25;2;66;1
25;3;60;1
25;4;70;0
25;5;76;0
25;6;54;0
25;7;63;1
25;8;52;2
25;9;75;1
25;10;81;0
25;11;47;1
25;12;41;2
25;13;34;13
25;14;47;1
25;15;53;0
25;16;30;1
25;17;24;2
25;18;18;3
25;19;24;1
25;20;30;1
25;21;24;1
25;22;18;2
25;23;12;3
25;24;6;4
