#event-id; time
1; 0
2; 6
3; 6
4; 12
5; 12
6; 18
7; 18
8; 24
9; 24
10; 30
11; 30
12; 36
13; 36
14; 42
15; 42
16; 48
17; 48
18; 54
19; 54
20; 0
21; 51
22; 57
23; 57
24; 3
25; 3
26; 9
27; 9
28; 15
29; 15
30; 21
31; 21
32; 27
33; 27
34; 33
35; 33
36; 39
37; 39
38; 45
39; 45
40; 51
41; 3
42; 9
43; 9
44; 15
45; 15
46; 21
47; 21
48; 27
49; 27
50; 33
51; 33
52; 39
53; 39
54; 45
55; 45
56; 51
57; 51
58; 57
59; 57
60; 3
61; 51
62; 57
63; 57
64; 3
65; 3
66; 9
67; 9
68; 15
69; 15
70; 21
71; 21
72; 27
73; 27
74; 33
75; 33
76; 39
77; 39
78; 45
79; 45
80; 51
81; 30
82; 36
83; 36
84; 42
85; 42
86; 48
87; 48
88; 54
89; 54
90; 0
91; 0
92; 6
93; 6
94; 12
95; 12
96; 18
97; 18
98; 24
99; 24
100; 30
101; 12
102; 18
103; 18
104; 24
105; 24
106; 30
107; 30
108; 36
109; 36
110; 42
111; 42
112; 48
113; 48
114; 54
115; 54
116; 0
117; 0
118; 6
119; 6
120; 12
121; 9
122; 15
123; 15
124; 21
125; 21
126; 27
127; 27
128; 33
129; 33
130; 39
131; 39
132; 45
133; 45
134; 51
135; 51
136; 57
137; 57
138; 3
139; 3
140; 9
141; 3
142; 9
143; 9
144; 15
145; 15
146; 21
147; 21
148; 27
149; 27
150; 33
151; 33
152; 39
153; 39
154; 45
155; 45
156; 51
157; 51
158; 57
159; 57
160; 3
161; 39
162; 45
163; 45
164; 51
165; 51
166; 57
167; 57
168; 3
169; 3
170; 9
171; 9
172; 15
173; 15
174; 21
175; 21
176; 27
177; 27
178; 33
179; 33
180; 39
181; 42
182; 48
183; 48
184; 54
185; 54
186; 0
187; 0
188; 6
189; 6
190; 12
191; 12
192; 18
193; 18
194; 24
195; 24
196; 30
197; 54
198; 0
199; 0
200; 6
201; 6
202; 12
203; 12
204; 18
205; 18
206; 24
207; 24
208; 30
209; 30
210; 36
211; 36
212; 42
213; 45
214; 51
215; 51
216; 57
217; 57
218; 3
219; 3
220; 9
221; 9
222; 15
223; 15
224; 21
225; 9
226; 15
227; 15
228; 21
229; 21
230; 27
231; 27
232; 33
233; 33
234; 39
235; 39
236; 45
237; 48
238; 54
239; 54
240; 0
241; 0
242; 6
243; 6
244; 12
245; 24
246; 30
247; 30
248; 36
249; 36
250; 42
251; 42
252; 48
253; 12
254; 18
255; 18
256; 24
257; 24
258; 30
259; 30
260; 36
261; 36
262; 42
263; 42
264; 48
265; 36
266; 42
267; 42
268; 48
269; 48
270; 54
271; 54
272; 0
273; 0
274; 6
275; 6
276; 12
277; 21
278; 27
279; 27
280; 33
281; 33
282; 39
283; 39
284; 45
285; 45
286; 51
287; 51
288; 57
289; 57
290; 3
291; 3
292; 9
293; 33
294; 39
295; 39
296; 45
297; 45
298; 51
299; 51
300; 57
301; 57
302; 3
303; 3
304; 9
305; 9
306; 15
307; 15
308; 21
309; 21
310; 27
311; 27
312; 33
313; 33
314; 39
315; 39
316; 45
317; 45
318; 51
319; 51
320; 57
321; 57
322; 3
323; 3
324; 9
325; 33
326; 39
327; 39
328; 45
329; 45
330; 51
331; 51
332; 57
333; 57
334; 3
335; 3
336; 9
337; 9
338; 15
339; 15
340; 21
