#event-id; time
1; 0
2; 4
3; 4
4; 8
5; 8
6; 10
7; 10
8; 13
9; 13
10; 15
11; 15
12; 20
13; 20
14; 25
15; 25
16; 27
17; 27
18; 29
19; 29
20; 31
21; 31
22; 39
23; 39
24; 41
25; 41
26; 46
27; 46
28; 51
29; 0
30; 5
31; 5
32; 10
33; 10
34; 12
35; 12
36; 20
37; 20
38; 22
39; 22
40; 24
41; 24
42; 26
43; 26
44; 31
45; 31
46; 36
47; 36
48; 38
49; 38
50; 41
51; 41
52; 43
53; 43
54; 47
55; 47
56; 51
57; 57
58; 2
59; 2
60; 7
61; 7
62; 12
63; 12
64; 17
65; 17
66; 22
67; 22
68; 27
69; 27
70; 32
71; 32
72; 34
73; 34
74; 36
75; 36
76; 38
77; 38
78; 40
79; 40
80; 45
81; 45
82; 47
83; 57
84; 59
85; 59
86; 4
87; 4
88; 6
89; 6
90; 8
91; 8
92; 10
93; 10
94; 12
95; 12
96; 17
97; 17
98; 22
99; 22
100; 27
101; 27
102; 32
103; 32
104; 37
105; 37
106; 42
107; 42
108; 47
109; 12
110; 17
111; 17
112; 22
113; 22
114; 27
115; 27
116; 32
117; 32
118; 37
119; 37
120; 42
121; 42
122; 47
123; 47
124; 49
125; 49
126; 51
127; 51
128; 53
129; 53
130; 55
131; 55
132; 0
133; 0
134; 2
135; 12
136; 14
137; 14
138; 19
139; 19
140; 21
141; 21
142; 23
143; 23
144; 25
145; 25
146; 27
147; 27
148; 32
149; 32
150; 37
151; 37
152; 42
153; 42
154; 47
155; 47
156; 52
157; 52
158; 57
159; 57
160; 2
161; 20
162; 25
163; 25
164; 27
165; 27
166; 35
167; 35
168; 43
169; 43
170; 45
171; 45
172; 47
173; 47
174; 53
175; 53
176; 59
177; 59
178; 1
179; 1
180; 3
181; 3
182; 6
183; 6
184; 8
185; 8
186; 12
187; 20
188; 24
189; 24
190; 26
191; 26
192; 29
193; 29
194; 31
195; 31
196; 33
197; 33
198; 39
199; 39
200; 45
201; 45
202; 47
203; 47
204; 49
205; 49
206; 57
207; 57
208; 5
209; 5
210; 7
211; 7
212; 12
213; 1
214; 4
215; 4
216; 7
217; 7
218; 9
219; 9
220; 11
221; 11
222; 14
223; 14
224; 17
225; 17
226; 20
227; 20
228; 23
229; 23
230; 25
231; 25
232; 27
233; 27
234; 29
235; 29
236; 31
237; 31
238; 33
239; 1
240; 3
241; 3
242; 5
243; 5
244; 7
245; 7
246; 9
247; 9
248; 11
249; 11
250; 14
251; 14
252; 17
253; 17
254; 20
255; 20
256; 23
257; 23
258; 25
259; 25
260; 27
261; 27
262; 30
263; 30
264; 33
265; 47
266; 50
267; 50
268; 53
269; 53
270; 55
271; 55
272; 57
273; 57
274; 0
275; 0
276; 3
277; 3
278; 6
279; 6
280; 9
281; 9
282; 11
283; 11
284; 13
285; 13
286; 15
287; 15
288; 17
289; 17
290; 19
291; 47
292; 49
293; 49
294; 51
295; 51
296; 53
297; 53
298; 55
299; 55
300; 57
301; 57
302; 0
303; 0
304; 3
305; 3
306; 6
307; 6
308; 9
309; 9
310; 11
311; 11
312; 13
313; 13
314; 16
315; 16
316; 19
317; 25
318; 27
319; 27
320; 29
321; 29
322; 31
323; 31
324; 33
325; 33
326; 35
327; 35
328; 37
329; 37
330; 39
331; 39
332; 41
333; 41
334; 43
335; 43
336; 45
337; 45
338; 47
339; 47
340; 49
341; 49
342; 51
343; 55
344; 57
345; 57
346; 59
347; 59
348; 1
349; 1
350; 3
351; 3
352; 5
353; 5
354; 7
355; 7
356; 9
357; 9
358; 11
359; 11
360; 13
361; 13
362; 15
363; 15
364; 17
365; 17
366; 19
367; 19
368; 21
369; 39
370; 41
371; 41
372; 43
373; 43
374; 45
375; 45
376; 47
377; 47
378; 49
379; 49
380; 51
381; 51
382; 53
383; 53
384; 55
385; 55
386; 57
387; 57
388; 59
389; 59
390; 1
391; 1
392; 3
393; 3
394; 5
395; 9
396; 11
397; 11
398; 13
399; 13
400; 15
401; 15
402; 17
403; 17
404; 19
405; 19
406; 21
407; 21
408; 23
409; 23
410; 25
411; 25
412; 27
413; 27
414; 29
415; 29
416; 31
417; 31
418; 33
419; 33
420; 35
421; 0
422; 2
423; 2
424; 4
425; 4
426; 6
427; 6
428; 8
429; 8
430; 10
431; 10
432; 12
433; 12
434; 14
435; 14
436; 16
437; 16
438; 18
439; 18
440; 20
441; 20
442; 22
443; 22
444; 24
445; 24
446; 26
447; 30
448; 32
449; 32
450; 34
451; 34
452; 36
453; 36
454; 38
455; 38
456; 40
457; 40
458; 42
459; 42
460; 44
461; 44
462; 46
463; 46
464; 48
465; 48
466; 50
467; 50
468; 52
469; 52
470; 54
471; 54
472; 56
473; 12
474; 14
475; 14
476; 16
477; 16
478; 18
479; 18
480; 20
481; 20
482; 22
483; 22
484; 24
485; 24
486; 26
487; 26
488; 28
489; 28
490; 30
491; 30
492; 32
493; 32
494; 34
495; 34
496; 36
497; 36
498; 38
499; 42
500; 44
501; 44
502; 46
503; 46
504; 48
505; 48
506; 50
507; 50
508; 52
509; 52
510; 54
511; 54
512; 56
513; 56
514; 58
515; 58
516; 0
517; 0
518; 2
519; 2
520; 4
521; 4
522; 6
523; 6
524; 8
525; 0
526; 2
527; 2
528; 4
529; 4
530; 6
531; 6
532; 8
533; 8
534; 10
535; 10
536; 12
537; 12
538; 14
539; 14
540; 16
541; 16
542; 18
543; 18
544; 20
545; 20
546; 22
547; 22
548; 24
549; 24
550; 26
551; 30
552; 32
553; 32
554; 34
555; 34
556; 36
557; 36
558; 38
559; 38
560; 40
561; 40
562; 42
563; 42
564; 44
565; 44
566; 46
567; 46
568; 48
569; 48
570; 50
571; 50
572; 52
573; 52
574; 54
575; 54
576; 56
577; 4
578; 6
579; 6
580; 8
581; 8
582; 10
583; 10
584; 12
585; 12
586; 14
587; 14
588; 16
589; 16
590; 18
591; 18
592; 20
593; 20
594; 22
595; 22
596; 24
597; 24
598; 26
599; 26
600; 28
601; 28
602; 30
603; 34
604; 36
605; 36
606; 38
607; 38
608; 40
609; 40
610; 42
611; 42
612; 44
613; 44
614; 46
615; 46
616; 48
617; 48
618; 50
619; 50
620; 52
621; 52
622; 54
623; 54
624; 56
625; 56
626; 58
627; 58
628; 0
629; 26
630; 28
631; 28
632; 30
633; 30
634; 32
635; 32
636; 34
637; 34
638; 36
639; 36
640; 38
641; 38
642; 40
643; 40
644; 42
645; 42
646; 44
647; 44
648; 46
649; 46
650; 48
651; 48
652; 50
653; 50
654; 52
655; 56
656; 58
657; 58
658; 0
659; 0
660; 2
661; 2
662; 4
663; 4
664; 6
665; 6
666; 8
667; 8
668; 10
669; 10
670; 12
671; 12
672; 14
673; 14
674; 16
675; 16
676; 18
677; 18
678; 20
679; 20
680; 22
681; 31
682; 33
683; 33
684; 35
685; 35
686; 37
687; 37
688; 39
689; 39
690; 41
691; 41
692; 43
693; 43
694; 45
695; 45
696; 47
697; 47
698; 49
699; 49
700; 51
701; 51
702; 53
703; 53
704; 55
705; 55
706; 57
707; 1
708; 3
709; 3
710; 5
711; 5
712; 7
713; 7
714; 9
715; 9
716; 11
717; 11
718; 13
719; 13
720; 15
721; 15
722; 17
723; 17
724; 19
725; 19
726; 21
727; 21
728; 23
729; 23
730; 25
731; 25
732; 27
733; 0
734; 2
735; 2
736; 4
737; 4
738; 6
739; 6
740; 8
741; 8
742; 10
743; 10
744; 12
745; 12
746; 14
747; 14
748; 16
749; 16
750; 18
751; 18
752; 20
753; 20
754; 22
755; 22
756; 24
757; 24
758; 26
759; 30
760; 32
761; 32
762; 34
763; 34
764; 36
765; 36
766; 38
767; 38
768; 40
769; 40
770; 42
771; 42
772; 44
773; 44
774; 46
775; 46
776; 48
777; 48
778; 50
779; 50
780; 52
781; 52
782; 54
783; 54
784; 56
785; 0
786; 2
787; 2
788; 4
789; 4
790; 6
791; 6
792; 8
793; 8
794; 10
795; 10
796; 12
797; 12
798; 14
799; 14
800; 16
801; 16
802; 18
803; 18
804; 20
805; 20
806; 22
807; 22
808; 24
809; 24
810; 26
811; 30
812; 32
813; 32
814; 34
815; 34
816; 36
817; 36
818; 38
819; 38
820; 40
821; 40
822; 42
823; 42
824; 44
825; 44
826; 46
827; 46
828; 48
829; 48
830; 50
831; 50
832; 52
833; 52
834; 54
835; 54
836; 56
837; 31
838; 33
839; 33
840; 35
841; 35
842; 37
843; 37
844; 39
845; 39
846; 41
847; 41
848; 43
849; 43
850; 45
851; 45
852; 47
853; 47
854; 49
855; 49
856; 51
857; 51
858; 53
859; 53
860; 55
861; 55
862; 57
863; 1
864; 3
865; 3
866; 5
867; 5
868; 7
869; 7
870; 9
871; 9
872; 11
873; 11
874; 13
875; 13
876; 15
877; 15
878; 17
879; 17
880; 19
881; 19
882; 21
883; 21
884; 23
885; 23
886; 25
887; 25
888; 27
889; 12
890; 14
891; 14
892; 16
893; 16
894; 18
895; 18
896; 20
897; 20
898; 22
899; 22
900; 24
901; 24
902; 26
903; 26
904; 28
905; 28
906; 30
907; 30
908; 32
909; 32
910; 34
911; 34
912; 36
913; 36
914; 38
915; 42
916; 44
917; 44
918; 46
919; 46
920; 48
921; 48
922; 50
923; 50
924; 52
925; 52
926; 54
927; 54
928; 56
929; 56
930; 58
931; 58
932; 0
933; 0
934; 2
935; 2
936; 4
937; 4
938; 6
939; 6
940; 8
941; 0
942; 2
943; 2
944; 4
945; 4
946; 6
947; 6
948; 8
949; 8
950; 10
951; 10
952; 12
953; 12
954; 14
955; 14
956; 16
957; 16
958; 18
959; 18
960; 20
961; 20
962; 22
963; 22
964; 24
965; 24
966; 26
967; 30
968; 32
969; 32
970; 34
971; 34
972; 36
973; 36
974; 38
975; 38
976; 40
977; 40
978; 42
979; 42
980; 44
981; 44
982; 46
983; 46
984; 48
985; 48
986; 50
987; 50
988; 52
989; 52
990; 54
991; 54
992; 56
993; 0
994; 2
995; 2
996; 4
997; 4
998; 6
999; 6
1000; 8
1001; 8
1002; 10
1003; 10
1004; 12
1005; 12
1006; 14
1007; 14
1008; 16
1009; 16
1010; 18
1011; 18
1012; 20
1013; 20
1014; 22
1015; 22
1016; 24
1017; 24
1018; 26
1019; 30
1020; 32
1021; 32
1022; 34
1023; 34
1024; 36
1025; 36
1026; 38
1027; 38
1028; 40
1029; 40
1030; 42
1031; 42
1032; 44
1033; 44
1034; 46
1035; 46
1036; 48
1037; 48
1038; 50
1039; 50
1040; 52
1041; 52
1042; 54
1043; 54
1044; 56
1045; 0
1046; 2
1047; 2
1048; 4
1049; 4
1050; 6
1051; 6
1052; 8
1053; 8
1054; 10
1055; 10
1056; 12
1057; 12
1058; 14
1059; 14
1060; 16
1061; 16
1062; 18
1063; 18
1064; 20
1065; 20
1066; 22
1067; 22
1068; 24
1069; 24
1070; 26
1071; 30
1072; 32
1073; 32
1074; 34
1075; 34
1076; 36
1077; 36
1078; 38
1079; 38
1080; 40
1081; 40
1082; 42
1083; 42
1084; 44
1085; 44
1086; 46
1087; 46
1088; 48
1089; 48
1090; 50
1091; 50
1092; 52
1093; 52
1094; 54
1095; 54
1096; 56
1097; 30
1098; 32
1099; 32
1100; 34
1101; 34
1102; 36
1103; 36
1104; 38
1105; 38
1106; 40
1107; 40
1108; 42
1109; 42
1110; 44
1111; 44
1112; 46
1113; 46
1114; 48
1115; 48
1116; 50
1117; 50
1118; 52
1119; 52
1120; 54
1121; 54
1122; 56
1123; 0
1124; 2
1125; 2
1126; 4
1127; 4
1128; 6
1129; 6
1130; 8
1131; 8
1132; 10
1133; 10
1134; 12
1135; 12
1136; 14
1137; 14
1138; 16
1139; 16
1140; 18
1141; 18
1142; 20
1143; 20
1144; 22
1145; 22
1146; 24
1147; 24
1148; 26
1149; 22
1150; 24
1151; 24
1152; 26
1153; 26
1154; 28
1155; 28
1156; 30
1157; 30
1158; 32
1159; 32
1160; 34
1161; 34
1162; 36
1163; 36
1164; 38
1165; 38
1166; 40
1167; 40
1168; 42
1169; 42
1170; 44
1171; 44
1172; 46
1173; 46
1174; 48
1175; 52
1176; 54
1177; 54
1178; 56
1179; 56
1180; 58
1181; 58
1182; 0
1183; 0
1184; 2
1185; 2
1186; 4
1187; 4
1188; 6
1189; 6
1190; 8
1191; 8
1192; 10
1193; 10
1194; 12
1195; 12
1196; 14
1197; 14
1198; 16
1199; 16
1200; 18
1201; 0
1202; 2
1203; 2
1204; 4
1205; 4
1206; 6
1207; 6
1208; 8
1209; 8
1210; 10
1211; 10
1212; 12
1213; 12
1214; 14
1215; 14
1216; 16
1217; 16
1218; 18
1219; 18
1220; 20
1221; 20
1222; 22
1223; 22
1224; 24
1225; 24
1226; 26
1227; 30
1228; 32
1229; 32
1230; 34
1231; 34
1232; 36
1233; 36
1234; 38
1235; 38
1236; 40
1237; 40
1238; 42
1239; 42
1240; 44
1241; 44
1242; 46
1243; 46
1244; 48
1245; 48
1246; 50
1247; 50
1248; 52
1249; 52
1250; 54
1251; 54
1252; 56
1253; 0
1254; 2
1255; 2
1256; 4
1257; 4
1258; 6
1259; 6
1260; 8
1261; 8
1262; 10
1263; 10
1264; 12
1265; 12
1266; 14
1267; 14
1268; 16
1269; 16
1270; 18
1271; 18
1272; 20
1273; 20
1274; 22
1275; 22
1276; 24
1277; 24
1278; 26
1279; 30
1280; 32
1281; 32
1282; 34
1283; 34
1284; 36
1285; 36
1286; 38
1287; 38
1288; 40
1289; 40
1290; 42
1291; 42
1292; 44
1293; 44
1294; 46
1295; 46
1296; 48
1297; 48
1298; 50
1299; 50
1300; 52
1301; 52
1302; 54
1303; 54
1304; 56
1305; 39
1306; 41
1307; 41
1308; 43
1309; 43
1310; 45
1311; 45
1312; 47
1313; 47
1314; 49
1315; 49
1316; 51
1317; 51
1318; 53
1319; 53
1320; 55
1321; 55
1322; 57
1323; 57
1324; 59
1325; 59
1326; 1
1327; 1
1328; 3
1329; 3
1330; 5
1331; 9
1332; 11
1333; 11
1334; 13
1335; 13
1336; 15
1337; 15
1338; 17
1339; 17
1340; 19
1341; 19
1342; 21
1343; 21
1344; 23
1345; 23
1346; 25
1347; 25
1348; 27
1349; 27
1350; 29
1351; 29
1352; 31
1353; 31
1354; 33
1355; 33
1356; 35
1357; 0
1358; 2
1359; 2
1360; 4
1361; 4
1362; 6
1363; 6
1364; 8
1365; 8
1366; 10
1367; 10
1368; 12
1369; 12
1370; 14
1371; 14
1372; 16
1373; 16
1374; 18
1375; 18
1376; 20
1377; 20
1378; 22
1379; 22
1380; 24
1381; 24
1382; 26
1383; 30
1384; 32
1385; 32
1386; 34
1387; 34
1388; 36
1389; 36
1390; 38
1391; 38
1392; 40
1393; 40
1394; 42
1395; 42
1396; 44
1397; 44
1398; 46
1399; 46
1400; 48
1401; 48
1402; 50
1403; 50
1404; 52
1405; 52
1406; 54
1407; 54
1408; 56
1409; 40
1410; 42
1411; 42
1412; 44
1413; 44
1414; 46
1415; 46
1416; 48
1417; 48
1418; 50
1419; 50
1420; 52
1421; 52
1422; 54
1423; 54
1424; 56
1425; 56
1426; 58
1427; 58
1428; 0
1429; 0
1430; 2
1431; 2
1432; 4
1433; 4
1434; 6
1435; 10
1436; 12
1437; 12
1438; 14
1439; 14
1440; 16
1441; 16
1442; 18
1443; 18
1444; 20
1445; 20
1446; 22
1447; 22
1448; 24
1449; 24
1450; 26
1451; 26
1452; 28
1453; 28
1454; 30
1455; 30
1456; 32
1457; 32
1458; 34
1459; 34
1460; 36
1461; 2
1462; 7
1463; 7
1464; 12
1465; 12
1466; 17
1467; 17
1468; 22
1469; 22
1470; 27
1471; 27
1472; 32
1473; 32
1474; 37
1475; 37
1476; 39
1477; 39
1478; 41
1479; 41
1480; 43
1481; 43
1482; 45
1483; 45
1484; 47
1485; 2
1486; 4
1487; 4
1488; 6
1489; 6
1490; 8
1491; 8
1492; 10
1493; 10
1494; 12
1495; 12
1496; 17
1497; 17
1498; 22
1499; 22
1500; 27
1501; 27
1502; 32
1503; 32
1504; 37
1505; 37
1506; 42
1507; 42
1508; 47
1509; 0
1510; 2
1511; 2
1512; 4
1513; 4
1514; 6
1515; 6
1516; 8
1517; 8
1518; 10
1519; 10
1520; 12
1521; 12
1522; 14
1523; 14
1524; 16
1525; 16
1526; 18
1527; 18
1528; 20
1529; 20
1530; 22
1531; 22
1532; 24
1533; 30
1534; 32
1535; 32
1536; 34
1537; 34
1538; 36
1539; 36
1540; 38
1541; 38
1542; 40
1543; 40
1544; 42
1545; 42
1546; 44
1547; 44
1548; 46
1549; 46
1550; 48
1551; 48
1552; 50
1553; 50
1554; 52
1555; 52
1556; 54
1557; 0
1558; 2
1559; 2
1560; 4
1561; 4
1562; 6
1563; 6
1564; 8
1565; 8
1566; 10
1567; 10
1568; 12
1569; 12
1570; 14
1571; 14
1572; 16
1573; 16
1574; 18
1575; 18
1576; 20
1577; 20
1578; 22
1579; 22
1580; 24
1581; 30
1582; 32
1583; 32
1584; 34
1585; 34
1586; 36
1587; 36
1588; 38
1589; 38
1590; 40
1591; 40
1592; 42
1593; 42
1594; 44
1595; 44
1596; 46
1597; 46
1598; 48
1599; 48
1600; 50
1601; 50
1602; 52
1603; 52
1604; 54
1605; 0
1606; 2
1607; 2
1608; 4
1609; 4
1610; 6
1611; 6
1612; 8
1613; 8
1614; 10
1615; 10
1616; 12
1617; 12
1618; 14
1619; 14
1620; 16
1621; 16
1622; 18
1623; 18
1624; 20
1625; 20
1626; 22
1627; 22
1628; 24
1629; 30
1630; 32
1631; 32
1632; 34
1633; 34
1634; 36
1635; 36
1636; 38
1637; 38
1638; 40
1639; 40
1640; 42
1641; 42
1642; 44
1643; 44
1644; 46
1645; 46
1646; 48
1647; 48
1648; 50
1649; 50
1650; 52
1651; 52
1652; 54
1653; 0
1654; 2
1655; 2
1656; 4
1657; 4
1658; 6
1659; 6
1660; 8
1661; 8
1662; 10
1663; 10
1664; 12
1665; 12
1666; 14
1667; 14
1668; 16
1669; 16
1670; 18
1671; 18
1672; 20
1673; 20
1674; 22
1675; 22
1676; 24
1677; 30
1678; 32
1679; 32
1680; 34
1681; 34
1682; 36
1683; 36
1684; 38
1685; 38
1686; 40
1687; 40
1688; 42
1689; 42
1690; 44
1691; 44
1692; 46
1693; 46
1694; 48
1695; 48
1696; 50
1697; 50
1698; 52
1699; 52
1700; 54
1701; 6
1702; 8
1703; 8
1704; 10
1705; 10
1706; 12
1707; 12
1708; 14
1709; 14
1710; 16
1711; 16
1712; 18
1713; 18
1714; 20
1715; 20
1716; 22
1717; 22
1718; 24
1719; 24
1720; 26
1721; 26
1722; 28
1723; 28
1724; 30
1725; 36
1726; 38
1727; 38
1728; 40
1729; 40
1730; 42
1731; 42
1732; 44
1733; 44
1734; 46
1735; 46
1736; 48
1737; 48
1738; 50
1739; 50
1740; 52
1741; 52
1742; 54
1743; 54
1744; 56
1745; 56
1746; 58
1747; 58
1748; 0
1749; 0
1750; 2
1751; 2
1752; 4
1753; 4
1754; 6
1755; 6
1756; 8
1757; 8
1758; 10
1759; 10
1760; 12
1761; 12
1762; 14
1763; 14
1764; 16
1765; 16
1766; 18
1767; 18
1768; 20
1769; 20
1770; 22
1771; 22
1772; 24
1773; 30
1774; 32
1775; 32
1776; 34
1777; 34
1778; 36
1779; 36
1780; 38
1781; 38
1782; 40
1783; 40
1784; 42
1785; 42
1786; 44
1787; 44
1788; 46
1789; 46
1790; 48
1791; 48
1792; 50
1793; 50
1794; 52
1795; 52
1796; 54
1797; 19
1798; 21
1799; 21
1800; 23
1801; 23
1802; 25
1803; 25
1804; 27
1805; 27
1806; 29
1807; 29
1808; 31
1809; 31
1810; 33
1811; 33
1812; 35
1813; 35
1814; 37
1815; 37
1816; 39
1817; 39
1818; 41
1819; 41
1820; 43
1821; 49
1822; 51
1823; 51
1824; 53
1825; 53
1826; 55
1827; 55
1828; 57
1829; 57
1830; 59
1831; 59
1832; 1
1833; 1
1834; 3
1835; 3
1836; 5
1837; 5
1838; 7
1839; 7
1840; 9
1841; 9
1842; 11
1843; 11
1844; 13
1845; 0
1846; 2
1847; 2
1848; 4
1849; 4
1850; 6
1851; 6
1852; 8
1853; 8
1854; 10
1855; 10
1856; 12
1857; 12
1858; 14
1859; 14
1860; 16
1861; 16
1862; 18
1863; 18
1864; 20
1865; 20
1866; 22
1867; 22
1868; 24
1869; 30
1870; 32
1871; 32
1872; 34
1873; 34
1874; 36
1875; 36
1876; 38
1877; 38
1878; 40
1879; 40
1880; 42
1881; 42
1882; 44
1883; 44
1884; 46
1885; 46
1886; 48
1887; 48
1888; 50
1889; 50
1890; 52
1891; 52
1892; 54
1893; 55
1894; 57
1895; 57
1896; 59
1897; 59
1898; 1
1899; 1
1900; 3
1901; 3
1902; 5
1903; 5
1904; 7
1905; 7
1906; 9
1907; 9
1908; 11
1909; 11
1910; 13
1911; 13
1912; 15
1913; 15
1914; 17
1915; 17
1916; 19
1917; 25
1918; 27
1919; 27
1920; 29
1921; 29
1922; 31
1923; 31
1924; 33
1925; 33
1926; 35
1927; 35
1928; 37
1929; 37
1930; 39
1931; 39
1932; 41
1933; 41
1934; 43
1935; 43
1936; 45
1937; 45
1938; 47
1939; 47
1940; 49
1941; 0
1942; 2
1943; 2
1944; 4
1945; 4
1946; 6
1947; 6
1948; 8
1949; 8
1950; 10
1951; 10
1952; 12
1953; 12
1954; 14
1955; 14
1956; 16
1957; 16
1958; 18
1959; 18
1960; 20
1961; 20
1962; 22
1963; 22
1964; 24
1965; 30
1966; 32
1967; 32
1968; 34
1969; 34
1970; 36
1971; 36
1972; 38
1973; 38
1974; 40
1975; 40
1976; 42
1977; 42
1978; 44
1979; 44
1980; 46
1981; 46
1982; 48
1983; 48
1984; 50
1985; 50
1986; 52
1987; 52
1988; 54
1989; 55
1990; 57
1991; 57
1992; 59
1993; 59
1994; 1
1995; 1
1996; 3
1997; 3
1998; 5
1999; 5
2000; 7
2001; 7
2002; 9
2003; 9
2004; 11
2005; 11
2006; 13
2007; 13
2008; 15
2009; 15
2010; 17
2011; 17
2012; 19
2013; 25
2014; 27
2015; 27
2016; 29
2017; 29
2018; 31
2019; 31
2020; 33
2021; 33
2022; 35
2023; 35
2024; 37
2025; 37
2026; 39
2027; 39
2028; 41
2029; 41
2030; 43
2031; 43
2032; 45
2033; 45
2034; 47
2035; 47
2036; 49
2037; 33
2038; 35
2039; 35
2040; 37
2041; 37
2042; 39
2043; 39
2044; 41
2045; 41
2046; 43
2047; 43
2048; 45
2049; 45
2050; 47
2051; 47
2052; 49
2053; 49
2054; 51
2055; 51
2056; 53
2057; 53
2058; 55
2059; 55
2060; 57
2061; 3
2062; 5
2063; 5
2064; 7
2065; 7
2066; 9
2067; 9
2068; 11
2069; 11
2070; 13
2071; 13
2072; 15
2073; 15
2074; 17
2075; 17
2076; 19
2077; 19
2078; 21
2079; 21
2080; 23
2081; 23
2082; 25
2083; 25
2084; 27
2085; 15
2086; 17
2087; 17
2088; 19
2089; 19
2090; 21
2091; 21
2092; 23
2093; 23
2094; 25
2095; 25
2096; 27
2097; 27
2098; 29
2099; 29
2100; 31
2101; 31
2102; 33
2103; 33
2104; 35
2105; 35
2106; 37
2107; 37
2108; 39
2109; 45
2110; 47
2111; 47
2112; 49
2113; 49
2114; 51
2115; 51
2116; 53
2117; 53
2118; 55
2119; 55
2120; 57
2121; 57
2122; 59
2123; 59
2124; 1
2125; 1
2126; 3
2127; 3
2128; 5
2129; 5
2130; 7
2131; 7
2132; 9
2133; 10
2134; 12
2135; 12
2136; 14
2137; 14
2138; 16
2139; 16
2140; 18
2141; 18
2142; 20
2143; 20
2144; 22
2145; 22
2146; 24
2147; 24
2148; 26
2149; 26
2150; 28
2151; 28
2152; 30
2153; 30
2154; 32
2155; 32
2156; 34
2157; 40
2158; 42
2159; 42
2160; 44
2161; 44
2162; 46
2163; 46
2164; 48
2165; 48
2166; 50
2167; 50
2168; 52
2169; 52
2170; 54
2171; 54
2172; 56
2173; 56
2174; 58
2175; 58
2176; 0
2177; 0
2178; 2
2179; 2
2180; 4
2181; 0
2182; 2
2183; 2
2184; 4
2185; 4
2186; 6
2187; 6
2188; 8
2189; 8
2190; 10
2191; 10
2192; 12
2193; 12
2194; 14
2195; 14
2196; 16
2197; 16
2198; 18
2199; 18
2200; 20
2201; 20
2202; 22
2203; 22
2204; 24
2205; 30
2206; 32
2207; 32
2208; 34
2209; 34
2210; 36
2211; 36
2212; 38
2213; 38
2214; 40
2215; 40
2216; 42
2217; 42
2218; 44
2219; 44
2220; 46
2221; 46
2222; 48
2223; 48
2224; 50
2225; 50
2226; 52
2227; 52
2228; 54
2229; 52
2230; 54
2231; 54
2232; 56
2233; 56
2234; 58
2235; 58
2236; 0
2237; 0
2238; 2
2239; 2
2240; 4
2241; 4
2242; 6
2243; 6
2244; 8
2245; 8
2246; 10
2247; 10
2248; 12
2249; 12
2250; 14
2251; 14
2252; 16
2253; 22
2254; 24
2255; 24
2256; 26
2257; 26
2258; 28
2259; 28
2260; 30
2261; 30
2262; 32
2263; 32
2264; 34
2265; 34
2266; 36
2267; 36
2268; 38
2269; 38
2270; 40
2271; 40
2272; 42
2273; 42
2274; 44
2275; 44
2276; 46
2277; 36
2278; 38
2279; 38
2280; 40
2281; 40
2282; 42
2283; 42
2284; 44
2285; 44
2286; 46
2287; 46
2288; 48
2289; 48
2290; 50
2291; 50
2292; 52
2293; 52
2294; 54
2295; 54
2296; 56
2297; 56
2298; 58
2299; 58
2300; 0
2301; 6
2302; 8
2303; 8
2304; 10
2305; 10
2306; 12
2307; 12
2308; 14
2309; 14
2310; 16
2311; 16
2312; 18
2313; 18
2314; 20
2315; 20
2316; 22
2317; 22
2318; 24
2319; 24
2320; 26
2321; 26
2322; 28
2323; 28
2324; 30
2325; 51
2326; 53
2327; 53
2328; 55
2329; 55
2330; 57
2331; 57
2332; 59
2333; 59
2334; 1
2335; 1
2336; 3
2337; 3
2338; 5
2339; 5
2340; 7
2341; 7
2342; 9
2343; 9
2344; 11
2345; 11
2346; 13
2347; 13
2348; 15
2349; 21
2350; 23
2351; 23
2352; 25
2353; 25
2354; 27
2355; 27
2356; 29
2357; 29
2358; 31
2359; 31
2360; 33
2361; 33
2362; 35
2363; 35
2364; 37
2365; 37
2366; 39
2367; 39
2368; 41
2369; 41
2370; 43
2371; 43
2372; 45
2373; 3
2374; 5
2375; 5
2376; 7
2377; 7
2378; 9
2379; 9
2380; 11
2381; 11
2382; 13
2383; 13
2384; 15
2385; 15
2386; 17
2387; 17
2388; 19
2389; 19
2390; 21
2391; 21
2392; 23
2393; 23
2394; 25
2395; 25
2396; 27
2397; 33
2398; 35
2399; 35
2400; 37
2401; 37
2402; 39
2403; 39
2404; 41
2405; 41
2406; 43
2407; 43
2408; 45
2409; 45
2410; 47
2411; 47
2412; 49
2413; 49
2414; 51
2415; 51
2416; 53
2417; 53
2418; 55
2419; 55
2420; 57
2421; 44
2422; 46
2423; 46
2424; 48
2425; 48
2426; 50
2427; 50
2428; 52
2429; 52
2430; 54
2431; 54
2432; 56
2433; 56
2434; 58
2435; 58
2436; 0
2437; 0
2438; 2
2439; 2
2440; 4
2441; 4
2442; 6
2443; 6
2444; 8
2445; 14
2446; 16
2447; 16
2448; 18
2449; 18
2450; 20
2451; 20
2452; 22
2453; 22
2454; 24
2455; 24
2456; 26
2457; 26
2458; 28
2459; 28
2460; 30
2461; 30
2462; 32
2463; 32
2464; 34
2465; 34
2466; 36
2467; 36
2468; 38
2469; 41
2470; 44
2471; 44
2472; 47
2473; 47
2474; 49
2475; 49
2476; 51
2477; 51
2478; 54
2479; 54
2480; 57
2481; 57
2482; 59
2483; 59
2484; 1
2485; 1
2486; 3
2487; 3
2488; 10
2489; 10
2490; 12
2491; 41
2492; 43
2493; 43
2494; 50
2495; 50
2496; 52
2497; 52
2498; 54
2499; 54
2500; 56
2501; 56
2502; 59
2503; 59
2504; 2
2505; 2
2506; 4
2507; 4
2508; 6
2509; 6
2510; 9
2511; 9
2512; 12
2513; 0
2514; 2
2515; 2
2516; 4
2517; 4
2518; 6
2519; 6
2520; 8
2521; 8
2522; 10
2523; 10
2524; 12
2525; 12
2526; 14
2527; 14
2528; 16
2529; 16
2530; 18
2531; 18
2532; 20
2533; 20
2534; 22
2535; 30
2536; 32
2537; 32
2538; 34
2539; 34
2540; 36
2541; 36
2542; 38
2543; 38
2544; 40
2545; 40
2546; 42
2547; 42
2548; 44
2549; 44
2550; 46
2551; 46
2552; 48
2553; 48
2554; 50
2555; 50
2556; 52
2557; 34
2558; 36
2559; 36
2560; 38
2561; 38
2562; 40
2563; 40
2564; 42
2565; 42
2566; 44
2567; 44
2568; 46
2569; 46
2570; 48
2571; 48
2572; 50
2573; 50
2574; 52
2575; 52
2576; 54
2577; 54
2578; 56
2579; 4
2580; 6
2581; 6
2582; 8
2583; 8
2584; 10
2585; 10
2586; 12
2587; 12
2588; 14
2589; 14
2590; 16
2591; 16
2592; 18
2593; 18
2594; 20
2595; 20
2596; 22
2597; 22
2598; 24
2599; 24
2600; 26
2601; 48
2602; 50
2603; 50
2604; 52
2605; 52
2606; 54
2607; 54
2608; 56
2609; 56
2610; 58
2611; 58
2612; 0
2613; 0
2614; 2
2615; 2
2616; 4
2617; 4
2618; 6
2619; 6
2620; 8
2621; 8
2622; 10
2623; 18
2624; 20
2625; 20
2626; 22
2627; 22
2628; 24
2629; 24
2630; 26
2631; 26
2632; 28
2633; 28
2634; 30
2635; 30
2636; 32
2637; 32
2638; 34
2639; 34
2640; 36
2641; 36
2642; 38
2643; 38
2644; 40
2645; 2
2646; 4
2647; 4
2648; 6
2649; 6
2650; 8
2651; 8
2652; 10
2653; 10
2654; 12
2655; 12
2656; 14
2657; 14
2658; 16
2659; 16
2660; 18
2661; 18
2662; 20
2663; 20
2664; 22
2665; 22
2666; 24
2667; 32
2668; 34
2669; 34
2670; 36
2671; 36
2672; 38
2673; 38
2674; 40
2675; 40
2676; 42
2677; 42
2678; 44
2679; 44
2680; 46
2681; 46
2682; 48
2683; 48
2684; 50
2685; 50
2686; 52
2687; 52
2688; 54
2689; 16
2690; 18
2691; 18
2692; 20
2693; 20
2694; 22
2695; 22
2696; 24
2697; 24
2698; 26
2699; 26
2700; 28
2701; 28
2702; 30
2703; 30
2704; 32
2705; 32
2706; 34
2707; 34
2708; 36
2709; 36
2710; 38
2711; 46
2712; 48
2713; 48
2714; 50
2715; 50
2716; 52
2717; 52
2718; 54
2719; 54
2720; 56
2721; 56
2722; 58
2723; 58
2724; 0
2725; 0
2726; 2
2727; 2
2728; 4
2729; 4
2730; 6
2731; 6
2732; 8
2733; 0
2734; 2
2735; 2
2736; 4
2737; 4
2738; 6
2739; 6
2740; 8
2741; 8
2742; 10
2743; 10
2744; 12
2745; 12
2746; 14
2747; 14
2748; 16
2749; 16
2750; 18
2751; 18
2752; 20
2753; 20
2754; 22
2755; 30
2756; 32
2757; 32
2758; 34
2759; 34
2760; 36
2761; 36
2762; 38
2763; 38
2764; 40
2765; 40
2766; 42
2767; 42
2768; 44
2769; 44
2770; 46
2771; 46
2772; 48
2773; 48
2774; 50
2775; 50
2776; 52
2777; 17
2778; 19
2779; 19
2780; 21
2781; 21
2782; 23
2783; 23
2784; 25
2785; 25
2786; 27
2787; 27
2788; 29
2789; 29
2790; 31
2791; 31
2792; 33
2793; 33
2794; 35
2795; 35
2796; 37
2797; 37
2798; 39
2799; 47
2800; 49
2801; 49
2802; 51
2803; 51
2804; 53
2805; 53
2806; 55
2807; 55
2808; 57
2809; 57
2810; 59
2811; 59
2812; 1
2813; 1
2814; 3
2815; 3
2816; 5
2817; 5
2818; 7
2819; 7
2820; 9
2821; 0
2822; 2
2823; 2
2824; 4
2825; 4
2826; 6
2827; 6
2828; 8
2829; 8
2830; 10
2831; 10
2832; 12
2833; 12
2834; 14
2835; 14
2836; 16
2837; 16
2838; 18
2839; 18
2840; 20
2841; 20
2842; 22
2843; 30
2844; 32
2845; 32
2846; 34
2847; 34
2848; 36
2849; 36
2850; 38
2851; 38
2852; 40
2853; 40
2854; 42
2855; 42
2856; 44
2857; 44
2858; 46
2859; 46
2860; 48
2861; 48
2862; 50
2863; 50
2864; 52
2865; 44
2866; 46
2867; 46
2868; 48
2869; 48
2870; 50
2871; 50
2872; 52
2873; 52
2874; 54
2875; 54
2876; 58
2877; 58
2878; 2
2879; 2
2880; 6
2881; 6
2882; 10
2883; 10
2884; 14
2885; 14
2886; 16
2887; 44
2888; 46
2889; 46
2890; 50
2891; 50
2892; 54
2893; 54
2894; 58
2895; 58
2896; 2
2897; 2
2898; 6
2899; 6
2900; 8
2901; 8
2902; 10
2903; 10
2904; 12
2905; 12
2906; 14
2907; 14
2908; 16
2909; 0
2910; 2
2911; 2
2912; 4
2913; 4
2914; 6
2915; 6
2916; 8
2917; 8
2918; 10
2919; 10
2920; 12
2921; 12
2922; 14
2923; 14
2924; 16
2925; 16
2926; 18
2927; 18
2928; 20
2929; 20
2930; 22
2931; 30
2932; 32
2933; 32
2934; 34
2935; 34
2936; 36
2937; 36
2938; 38
2939; 38
2940; 40
2941; 40
2942; 42
2943; 42
2944; 44
2945; 44
2946; 46
2947; 46
2948; 48
2949; 48
2950; 50
2951; 50
2952; 52
2953; 24
2954; 26
2955; 26
2956; 28
2957; 28
2958; 30
2959; 30
2960; 32
2961; 32
2962; 34
2963; 34
2964; 36
2965; 36
2966; 38
2967; 38
2968; 40
2969; 40
2970; 42
2971; 42
2972; 44
2973; 44
2974; 46
2975; 54
2976; 56
2977; 56
2978; 58
2979; 58
2980; 0
2981; 0
2982; 2
2983; 2
2984; 4
2985; 4
2986; 6
2987; 6
2988; 8
2989; 8
2990; 10
2991; 10
2992; 12
2993; 12
2994; 14
2995; 14
2996; 16
2997; 5
2998; 7
2999; 7
3000; 9
3001; 9
3002; 11
3003; 11
3004; 13
3005; 13
3006; 15
3007; 15
3008; 17
3009; 17
3010; 19
3011; 19
3012; 21
3013; 21
3014; 23
3015; 23
3016; 25
3017; 25
3018; 27
3019; 35
3020; 37
3021; 37
3022; 39
3023; 39
3024; 41
3025; 41
3026; 43
3027; 43
3028; 45
3029; 45
3030; 47
3031; 47
3032; 49
3033; 49
3034; 51
3035; 51
3036; 53
3037; 53
3038; 55
3039; 55
3040; 57
3041; 41
3042; 46
3043; 46
3044; 51
3045; 51
3046; 53
3047; 53
3048; 59
3049; 59
3050; 5
3051; 5
3052; 11
3053; 11
3054; 17
3055; 17
3056; 19
3057; 19
3058; 21
3059; 21
3060; 23
3061; 41
3062; 43
3063; 43
3064; 45
3065; 45
3066; 47
3067; 47
3068; 53
3069; 53
3070; 59
3071; 59
3072; 5
3073; 5
3074; 11
3075; 11
3076; 13
3077; 13
3078; 18
3079; 18
3080; 23
3081; 9
3082; 12
3083; 12
3084; 15
3085; 15
3086; 17
3087; 17
3088; 19
3089; 19
3090; 21
3091; 21
3092; 23
3093; 23
3094; 25
3095; 25
3096; 30
3097; 30
3098; 35
3099; 35
3100; 40
3101; 9
3102; 14
3103; 14
3104; 19
3105; 19
3106; 24
3107; 24
3108; 26
3109; 26
3110; 28
3111; 28
3112; 30
3113; 30
3114; 32
3115; 32
3116; 34
3117; 34
3118; 37
3119; 37
3120; 40
3121; 50
3122; 52
3123; 52
3124; 54
3125; 54
3126; 56
3127; 56
3128; 58
3129; 58
3130; 0
3131; 0
3132; 2
3133; 2
3134; 4
3135; 4
3136; 6
3137; 6
3138; 7
3139; 7
3140; 8
3141; 20
3142; 21
3143; 21
3144; 22
3145; 22
3146; 24
3147; 24
3148; 26
3149; 26
3150; 28
3151; 28
3152; 30
3153; 30
3154; 32
3155; 32
3156; 34
3157; 34
3158; 36
3159; 36
3160; 38
3161; 21
3162; 23
3163; 23
3164; 25
3165; 25
3166; 27
3167; 27
3168; 29
3169; 29
3170; 31
3171; 31
3172; 33
3173; 33
3174; 35
3175; 35
3176; 37
3177; 37
3178; 39
3179; 39
3180; 41
3181; 51
3182; 53
3183; 53
3184; 55
3185; 55
3186; 57
3187; 57
3188; 59
3189; 59
3190; 1
3191; 1
3192; 3
3193; 3
3194; 5
3195; 5
3196; 7
3197; 7
3198; 9
3199; 9
3200; 11
3201; 43
3202; 45
3203; 45
3204; 47
3205; 47
3206; 49
3207; 49
3208; 51
3209; 51
3210; 53
3211; 53
3212; 56
3213; 56
3214; 58
3215; 58
3216; 0
3217; 0
3218; 3
3219; 3
3220; 6
3221; 13
3222; 16
3223; 16
3224; 19
3225; 19
3226; 21
3227; 21
3228; 23
3229; 23
3230; 26
3231; 26
3232; 28
3233; 28
3234; 30
3235; 30
3236; 32
3237; 32
3238; 34
3239; 34
3240; 36
3241; 0
3242; 2
3243; 2
3244; 4
3245; 4
3246; 6
3247; 6
3248; 8
3249; 8
3250; 10
3251; 10
3252; 12
3253; 12
3254; 14
3255; 14
3256; 16
3257; 16
3258; 18
3259; 18
3260; 20
3261; 30
3262; 32
3263; 32
3264; 34
3265; 34
3266; 36
3267; 36
3268; 38
3269; 38
3270; 40
3271; 40
3272; 42
3273; 42
3274; 44
3275; 44
3276; 46
3277; 46
3278; 48
3279; 48
3280; 50
3281; 0
3282; 2
3283; 2
3284; 4
3285; 4
3286; 6
3287; 6
3288; 8
3289; 8
3290; 10
3291; 10
3292; 12
3293; 12
3294; 14
3295; 14
3296; 16
3297; 16
3298; 17
3299; 17
3300; 18
3301; 30
3302; 31
3303; 31
3304; 32
3305; 32
3306; 34
3307; 34
3308; 36
3309; 36
3310; 38
3311; 38
3312; 40
3313; 40
3314; 42
3315; 42
3316; 44
3317; 44
3318; 46
3319; 46
3320; 48
3321; 0
3322; 2
3323; 2
3324; 4
3325; 4
3326; 6
3327; 6
3328; 8
3329; 8
3330; 10
3331; 10
3332; 12
3333; 12
3334; 14
3335; 14
3336; 16
3337; 16
3338; 18
3339; 18
3340; 20
3341; 30
3342; 32
3343; 32
3344; 34
3345; 34
3346; 36
3347; 36
3348; 38
3349; 38
3350; 40
3351; 40
3352; 42
3353; 42
3354; 44
3355; 44
3356; 46
3357; 46
3358; 48
3359; 48
3360; 50
3361; 37
3362; 39
3363; 39
3364; 45
3365; 45
3366; 47
3367; 47
3368; 52
3369; 52
3370; 54
3371; 54
3372; 57
3373; 57
3374; 0
3375; 0
3376; 3
3377; 3
3378; 5
3379; 5
3380; 7
3381; 7
3382; 9
3383; 9
3384; 11
3385; 11
3386; 14
3387; 14
3388; 17
3389; 17
3390; 20
3391; 20
3392; 22
3393; 22
3394; 27
3395; 27
3396; 29
3397; 29
3398; 35
3399; 35
3400; 37
3401; 36
3402; 38
3403; 38
3404; 44
3405; 44
3406; 46
3407; 46
3408; 48
3409; 48
3410; 51
3411; 51
3412; 53
3413; 53
3414; 55
3415; 55
3416; 58
3417; 58
3418; 1
3419; 1
3420; 4
3421; 6
3422; 9
3423; 9
3424; 12
3425; 12
3426; 15
3427; 15
3428; 17
3429; 17
3430; 19
3431; 19
3432; 22
3433; 22
3434; 24
3435; 24
3436; 26
3437; 26
3438; 32
3439; 32
3440; 34
3441; 0
3442; 2
3443; 2
3444; 4
3445; 4
3446; 6
3447; 6
3448; 8
3449; 8
3450; 10
3451; 10
3452; 12
3453; 12
3454; 14
3455; 14
3456; 16
3457; 16
3458; 18
3459; 18
3460; 20
3461; 30
3462; 32
3463; 32
3464; 34
3465; 34
3466; 36
3467; 36
3468; 38
3469; 38
3470; 40
3471; 40
3472; 42
3473; 42
3474; 44
3475; 44
3476; 46
3477; 46
3478; 48
3479; 48
3480; 50
3481; 22
3482; 24
3483; 24
3484; 26
3485; 26
3486; 28
3487; 28
3488; 30
3489; 30
3490; 32
3491; 32
3492; 34
3493; 34
3494; 36
3495; 36
3496; 38
3497; 38
3498; 39
3499; 39
3500; 40
3501; 52
3502; 53
3503; 53
3504; 54
3505; 54
3506; 56
3507; 56
3508; 58
3509; 58
3510; 0
3511; 0
3512; 2
3513; 2
3514; 4
3515; 4
3516; 6
3517; 6
3518; 8
3519; 8
3520; 10
3521; 43
3522; 45
3523; 45
3524; 47
3525; 47
3526; 49
3527; 49
3528; 51
3529; 51
3530; 53
3531; 53
3532; 55
3533; 55
3534; 57
3535; 57
3536; 59
3537; 59
3538; 1
3539; 1
3540; 2
3541; 13
3542; 14
3543; 14
3544; 16
3545; 16
3546; 18
3547; 18
3548; 20
3549; 20
3550; 22
3551; 22
3552; 24
3553; 24
3554; 26
3555; 26
3556; 28
3557; 28
3558; 30
3559; 30
3560; 32
3561; 0
3562; 2
3563; 2
3564; 4
3565; 4
3566; 6
3567; 6
3568; 8
3569; 8
3570; 10
3571; 10
3572; 12
3573; 12
3574; 14
3575; 14
3576; 16
3577; 16
3578; 18
3579; 18
3580; 20
3581; 30
3582; 32
3583; 32
3584; 34
3585; 34
3586; 36
3587; 36
3588; 38
3589; 38
3590; 40
3591; 40
3592; 42
3593; 42
3594; 44
3595; 44
3596; 46
3597; 46
3598; 48
3599; 48
3600; 50
3601; 10
3602; 12
3603; 12
3604; 14
3605; 14
3606; 16
3607; 16
3608; 18
3609; 18
3610; 20
3611; 20
3612; 22
3613; 22
3614; 24
3615; 24
3616; 26
3617; 26
3618; 27
3619; 27
3620; 28
3621; 40
3622; 41
3623; 41
3624; 42
3625; 42
3626; 44
3627; 44
3628; 46
3629; 46
3630; 48
3631; 48
3632; 50
3633; 50
3634; 52
3635; 52
3636; 54
3637; 54
3638; 56
3639; 56
3640; 58
3641; 13
3642; 15
3643; 15
3644; 17
3645; 17
3646; 19
3647; 19
3648; 21
3649; 21
3650; 23
3651; 23
3652; 25
3653; 25
3654; 27
3655; 27
3656; 29
3657; 29
3658; 31
3659; 31
3660; 32
3661; 43
3662; 44
3663; 44
3664; 46
3665; 46
3666; 48
3667; 48
3668; 50
3669; 50
3670; 52
3671; 52
3672; 54
3673; 54
3674; 56
3675; 56
3676; 58
3677; 58
3678; 0
3679; 0
3680; 2
3681; 20
3682; 22
3683; 22
3684; 24
3685; 24
3686; 26
3687; 26
3688; 28
3689; 28
3690; 30
3691; 30
3692; 32
3693; 32
3694; 34
3695; 34
3696; 36
3697; 36
3698; 38
3699; 38
3700; 39
3701; 50
3702; 51
3703; 51
3704; 53
3705; 53
3706; 55
3707; 55
3708; 57
3709; 57
3710; 59
3711; 59
3712; 1
3713; 1
3714; 3
3715; 3
3716; 5
3717; 5
3718; 7
3719; 7
3720; 9
3721; 0
3722; 2
3723; 2
3724; 4
3725; 4
3726; 6
3727; 6
3728; 8
3729; 8
3730; 10
3731; 10
3732; 12
3733; 12
3734; 14
3735; 14
3736; 16
3737; 16
3738; 18
3739; 18
3740; 20
3741; 30
3742; 32
3743; 32
3744; 34
3745; 34
3746; 36
3747; 36
3748; 38
3749; 38
3750; 40
3751; 40
3752; 42
3753; 42
3754; 44
3755; 44
3756; 46
3757; 46
3758; 48
3759; 48
3760; 50
3761; 23
3762; 25
3763; 25
3764; 27
3765; 27
3766; 29
3767; 29
3768; 31
3769; 31
3770; 33
3771; 33
3772; 35
3773; 35
3774; 37
3775; 37
3776; 39
3777; 39
3778; 40
3779; 40
3780; 41
3781; 53
3782; 54
3783; 54
3784; 55
3785; 55
3786; 57
3787; 57
3788; 59
3789; 59
3790; 1
3791; 1
3792; 3
3793; 3
3794; 5
3795; 5
3796; 7
3797; 7
3798; 9
3799; 9
3800; 11
3801; 25
3802; 27
3803; 27
3804; 29
3805; 29
3806; 31
3807; 31
3808; 33
3809; 33
3810; 35
3811; 35
3812; 37
3813; 37
3814; 39
3815; 39
3816; 41
3817; 41
3818; 43
3819; 43
3820; 44
3821; 55
3822; 56
3823; 56
3824; 58
3825; 58
3826; 0
3827; 0
3828; 2
3829; 2
3830; 4
3831; 4
3832; 6
3833; 6
3834; 8
3835; 8
3836; 10
3837; 10
3838; 12
3839; 12
3840; 14
3841; 0
3842; 2
3843; 2
3844; 4
3845; 4
3846; 6
3847; 6
3848; 8
3849; 8
3850; 10
3851; 10
3852; 12
3853; 12
3854; 14
3855; 14
3856; 16
3857; 16
3858; 17
3859; 17
3860; 18
3861; 30
3862; 31
3863; 31
3864; 32
3865; 32
3866; 34
3867; 34
3868; 36
3869; 36
3870; 38
3871; 38
3872; 40
3873; 40
3874; 42
3875; 42
3876; 44
3877; 44
3878; 46
3879; 46
3880; 48
3881; 0
3882; 2
3883; 2
3884; 4
3885; 4
3886; 6
3887; 6
3888; 8
3889; 8
3890; 10
3891; 10
3892; 12
3893; 12
3894; 14
3895; 14
3896; 16
3897; 16
3898; 18
3899; 18
3900; 20
3901; 30
3902; 32
3903; 32
3904; 34
3905; 34
3906; 36
3907; 36
3908; 38
3909; 38
3910; 40
3911; 40
3912; 42
3913; 42
3914; 44
3915; 44
3916; 46
3917; 46
3918; 48
3919; 48
3920; 50
3921; 0
3922; 5
3923; 5
3924; 10
3925; 10
3926; 15
3927; 15
3928; 20
3929; 20
3930; 25
3931; 25
3932; 30
3933; 30
3934; 35
3935; 35
3936; 40
3937; 40
3938; 42
3939; 0
3940; 2
3941; 2
3942; 7
3943; 7
3944; 12
3945; 12
3946; 17
3947; 17
3948; 22
3949; 22
3950; 27
3951; 27
3952; 32
3953; 32
3954; 37
3955; 37
3956; 42
3957; 0
3958; 5
3959; 5
3960; 10
3961; 10
3962; 15
3963; 15
3964; 20
3965; 20
3966; 25
3967; 25
3968; 30
3969; 30
3970; 35
3971; 35
3972; 40
3973; 40
3974; 42
3975; 0
3976; 2
3977; 2
3978; 7
3979; 7
3980; 12
3981; 12
3982; 17
3983; 17
3984; 22
3985; 22
3986; 27
3987; 27
3988; 32
3989; 32
3990; 37
3991; 37
3992; 42
3993; 0
3994; 2
3995; 2
3996; 4
3997; 4
3998; 6
3999; 6
4000; 8
4001; 8
4002; 10
4003; 10
4004; 12
4005; 12
4006; 14
4007; 14
4008; 16
4009; 16
4010; 18
4011; 30
4012; 32
4013; 32
4014; 34
4015; 34
4016; 36
4017; 36
4018; 38
4019; 38
4020; 40
4021; 40
4022; 42
4023; 42
4024; 44
4025; 44
4026; 46
4027; 46
4028; 48
4029; 48
4030; 50
4031; 50
4032; 52
4033; 52
4034; 54
4035; 54
4036; 56
4037; 56
4038; 58
4039; 58
4040; 0
4041; 0
4042; 2
4043; 2
4044; 4
4045; 4
4046; 6
4047; 18
4048; 20
4049; 20
4050; 22
4051; 22
4052; 24
4053; 24
4054; 26
4055; 26
4056; 28
4057; 28
4058; 30
4059; 30
4060; 32
4061; 32
4062; 34
4063; 34
4064; 36
4065; 24
4066; 26
4067; 26
4068; 28
4069; 28
4070; 30
4071; 30
4072; 32
4073; 32
4074; 34
4075; 34
4076; 36
4077; 36
4078; 38
4079; 38
4080; 40
4081; 40
4082; 42
4083; 54
4084; 56
4085; 56
4086; 58
4087; 58
4088; 0
4089; 0
4090; 2
4091; 2
4092; 4
4093; 4
4094; 6
4095; 6
4096; 8
4097; 8
4098; 10
4099; 10
4100; 12
4101; 48
4102; 51
4103; 51
4104; 54
4105; 54
4106; 56
4107; 56
4108; 58
4109; 58
4110; 0
4111; 0
4112; 2
4113; 2
4114; 4
4115; 4
4116; 9
4117; 18
4118; 23
4119; 23
4120; 25
4121; 25
4122; 27
4123; 27
4124; 29
4125; 29
4126; 31
4127; 31
4128; 33
4129; 33
4130; 36
4131; 36
4132; 39
4133; 36
4134; 41
4135; 41
4136; 43
4137; 43
4138; 51
4139; 51
4140; 59
4141; 59
4142; 1
4143; 1
4144; 3
4145; 3
4146; 9
4147; 9
4148; 11
4149; 36
4150; 38
4151; 38
4152; 44
4153; 44
4154; 46
4155; 46
4156; 48
4157; 48
4158; 56
4159; 56
4160; 4
4161; 4
4162; 6
4163; 6
4164; 11
4165; 17
4166; 20
4167; 20
4168; 23
4169; 23
4170; 26
4171; 26
4172; 29
4173; 29
4174; 32
4175; 32
4176; 35
4177; 35
4178; 38
4179; 38
4180; 40
4181; 47
4182; 50
4183; 50
4184; 53
4185; 53
4186; 56
4187; 56
4188; 59
4189; 59
4190; 2
4191; 2
4192; 5
4193; 5
4194; 8
4195; 8
4196; 10
4197; 47
4198; 49
4199; 49
4200; 52
4201; 52
4202; 55
4203; 55
4204; 58
4205; 58
4206; 1
4207; 1
4208; 4
4209; 4
4210; 7
4211; 7
4212; 10
4213; 17
4214; 19
4215; 19
4216; 22
4217; 22
4218; 25
4219; 25
4220; 28
4221; 28
4222; 31
4223; 31
4224; 34
4225; 34
4226; 37
4227; 37
4228; 40
4229; 0
4230; 2
4231; 2
4232; 8
4233; 8
4234; 10
4235; 10
4236; 15
4237; 15
4238; 17
4239; 17
4240; 19
4241; 19
4242; 21
4243; 21
4244; 24
4245; 30
4246; 33
4247; 33
4248; 35
4249; 35
4250; 37
4251; 37
4252; 39
4253; 39
4254; 44
4255; 44
4256; 46
4257; 46
4258; 52
4259; 52
4260; 54
4261; 41
4262; 43
4263; 43
4264; 46
4265; 46
4266; 49
4267; 49
4268; 52
4269; 52
4270; 55
4271; 55
4272; 58
4273; 58
4274; 0
4275; 0
4276; 2
4277; 11
4278; 13
4279; 13
4280; 16
4281; 16
4282; 19
4283; 19
4284; 22
4285; 22
4286; 25
4287; 25
4288; 28
4289; 28
4290; 30
4291; 30
4292; 32
4293; 11
4294; 13
4295; 13
4296; 15
4297; 15
4298; 18
4299; 18
4300; 21
4301; 21
4302; 24
4303; 24
4304; 27
4305; 27
4306; 30
4307; 30
4308; 32
4309; 41
4310; 43
4311; 43
4312; 45
4313; 45
4314; 48
4315; 48
4316; 51
4317; 51
4318; 54
4319; 54
4320; 57
4321; 57
4322; 0
4323; 0
4324; 2
4325; 0
4326; 2
4327; 2
4328; 5
4329; 5
4330; 7
4331; 7
4332; 9
4333; 9
4334; 12
4335; 12
4336; 15
4337; 15
4338; 17
4339; 17
4340; 19
4341; 30
4342; 32
4343; 32
4344; 34
4345; 34
4346; 37
4347; 37
4348; 40
4349; 40
4350; 42
4351; 42
4352; 44
4353; 44
4354; 47
4355; 47
4356; 49
4357; 55
4358; 57
4359; 57
4360; 59
4361; 59
4362; 1
4363; 1
4364; 3
4365; 3
4366; 5
4367; 5
4368; 6
4369; 6
4370; 7
4371; 25
4372; 26
4373; 26
4374; 27
4375; 27
4376; 29
4377; 29
4378; 31
4379; 31
4380; 33
4381; 33
4382; 35
4383; 35
4384; 37
4385; 0
4386; 2
4387; 2
4388; 4
4389; 4
4390; 6
4391; 6
4392; 8
4393; 8
4394; 10
4395; 10
4396; 11
4397; 11
4398; 12
4399; 30
4400; 31
4401; 31
4402; 32
4403; 32
4404; 34
4405; 34
4406; 36
4407; 36
4408; 38
4409; 38
4410; 40
4411; 40
4412; 42
4413; 57
4414; 59
4415; 59
4416; 6
4417; 6
4418; 13
4419; 13
4420; 20
4421; 20
4422; 22
4423; 22
4424; 24
4425; 24
4426; 29
4427; 57
4428; 2
4429; 2
4430; 4
4431; 4
4432; 6
4433; 6
4434; 13
4435; 13
4436; 20
4437; 20
4438; 27
4439; 27
4440; 29
4441; 27
4442; 29
4443; 29
4444; 31
4445; 31
4446; 33
4447; 33
4448; 35
4449; 35
4450; 37
4451; 37
4452; 38
4453; 38
4454; 39
4455; 57
4456; 58
4457; 58
4458; 59
4459; 59
4460; 1
4461; 1
4462; 3
4463; 3
4464; 5
4465; 5
4466; 7
4467; 7
4468; 9
4469; 32
4470; 34
4471; 34
4472; 36
4473; 36
4474; 38
4475; 38
4476; 40
4477; 40
4478; 42
4479; 42
4480; 43
4481; 43
4482; 44
4483; 2
4484; 3
4485; 3
4486; 4
4487; 4
4488; 6
4489; 6
4490; 8
4491; 8
4492; 10
4493; 10
4494; 12
4495; 12
4496; 14
4497; 30
4498; 32
4499; 32
4500; 34
4501; 34
4502; 36
4503; 36
4504; 38
4505; 38
4506; 40
4507; 40
4508; 41
4509; 41
4510; 42
4511; 0
4512; 1
4513; 1
4514; 2
4515; 2
4516; 4
4517; 4
4518; 6
4519; 6
4520; 8
4521; 8
4522; 10
4523; 10
4524; 12
4525; 0
4526; 3
4527; 3
4528; 6
4529; 6
4530; 9
4531; 9
4532; 11
4533; 11
4534; 15
4535; 15
4536; 19
4537; 30
4538; 34
4539; 34
4540; 38
4541; 38
4542; 40
4543; 40
4544; 43
4545; 43
4546; 46
4547; 46
4548; 49
4549; 1
4550; 4
4551; 4
4552; 7
4553; 7
4554; 10
4555; 10
4556; 13
4557; 13
4558; 16
4559; 16
4560; 18
4561; 31
4562; 33
4563; 33
4564; 36
4565; 36
4566; 39
4567; 39
4568; 42
4569; 42
4570; 45
4571; 45
4572; 48
4573; 0
4574; 2
4575; 2
4576; 4
4577; 4
4578; 6
4579; 6
4580; 8
4581; 8
4582; 10
4583; 10
4584; 12
4585; 12
4586; 14
4587; 14
4588; 16
4589; 16
4590; 18
4591; 18
4592; 20
4593; 20
4594; 22
4595; 30
4596; 32
4597; 32
4598; 34
4599; 34
4600; 36
4601; 36
4602; 38
4603; 38
4604; 40
4605; 40
4606; 42
4607; 42
4608; 44
4609; 44
4610; 46
4611; 46
4612; 48
4613; 48
4614; 50
4615; 50
4616; 52
4617; 40
4618; 41
4619; 41
4620; 42
4621; 42
4622; 43
4623; 43
4624; 44
4625; 44
4626; 45
4627; 45
4628; 46
4629; 46
4630; 47
4631; 47
4632; 48
4633; 48
4634; 49
4635; 49
4636; 51
4637; 10
4638; 12
4639; 12
4640; 13
4641; 13
4642; 14
4643; 14
4644; 15
4645; 15
4646; 16
4647; 16
4648; 17
4649; 17
4650; 18
4651; 18
4652; 19
4653; 19
4654; 20
4655; 20
4656; 21
4657; 22
4658; 24
4659; 24
4660; 26
4661; 26
4662; 28
4663; 28
4664; 30
4665; 30
4666; 32
4667; 32
4668; 34
4669; 34
4670; 36
4671; 36
4672; 38
4673; 38
4674; 40
4675; 40
4676; 42
4677; 52
4678; 54
4679; 54
4680; 56
4681; 56
4682; 58
4683; 58
4684; 0
4685; 0
4686; 2
4687; 2
4688; 4
4689; 4
4690; 6
4691; 6
4692; 8
4693; 8
4694; 10
4695; 10
4696; 12
4697; 0
4698; 2
4699; 2
4700; 4
4701; 4
4702; 6
4703; 6
4704; 8
4705; 8
4706; 10
4707; 10
4708; 12
4709; 12
4710; 14
4711; 14
4712; 16
4713; 16
4714; 18
4715; 18
4716; 20
4717; 30
4718; 32
4719; 32
4720; 34
4721; 34
4722; 36
4723; 36
4724; 38
4725; 38
4726; 40
4727; 40
4728; 42
4729; 42
4730; 44
4731; 44
4732; 46
4733; 46
4734; 48
4735; 48
4736; 50
4737; 9
4738; 11
4739; 11
4740; 13
4741; 13
4742; 15
4743; 15
4744; 17
4745; 17
4746; 19
4747; 19
4748; 21
4749; 21
4750; 23
4751; 23
4752; 25
4753; 25
4754; 27
4755; 27
4756; 29
4757; 39
4758; 41
4759; 41
4760; 43
4761; 43
4762; 45
4763; 45
4764; 47
4765; 47
4766; 49
4767; 49
4768; 51
4769; 51
4770; 53
4771; 53
4772; 55
4773; 55
4774; 57
4775; 57
4776; 59
4777; 39
4778; 41
4779; 41
4780; 43
4781; 43
4782; 45
4783; 45
4784; 47
4785; 47
4786; 49
4787; 49
4788; 51
4789; 51
4790; 53
4791; 53
4792; 55
4793; 55
4794; 57
4795; 57
4796; 59
4797; 59
4798; 1
4799; 1
4800; 3
4801; 3
4802; 5
4803; 5
4804; 7
4805; 7
4806; 9
4807; 9
4808; 11
4809; 11
4810; 13
4811; 13
4812; 15
4813; 15
4814; 17
4815; 17
4816; 19
4817; 39
4818; 41
4819; 41
4820; 43
4821; 43
4822; 45
4823; 45
4824; 47
4825; 47
4826; 49
4827; 49
4828; 51
4829; 51
4830; 53
4831; 53
4832; 55
4833; 55
4834; 57
4835; 57
4836; 59
4837; 59
4838; 1
4839; 1
4840; 3
4841; 3
4842; 5
4843; 5
4844; 7
4845; 7
4846; 9
4847; 9
4848; 11
4849; 11
4850; 13
4851; 13
4852; 15
4853; 15
4854; 17
4855; 17
4856; 19
4857; 47
4858; 49
4859; 49
4860; 51
4861; 51
4862; 53
4863; 53
4864; 55
4865; 55
4866; 57
4867; 57
4868; 59
4869; 59
4870; 1
4871; 1
4872; 3
4873; 3
4874; 5
4875; 5
4876; 7
4877; 7
4878; 9
4879; 9
4880; 11
4881; 11
4882; 13
4883; 13
4884; 15
4885; 15
4886; 17
4887; 17
4888; 19
4889; 19
4890; 21
4891; 21
4892; 23
4893; 23
4894; 25
4895; 25
4896; 27
4897; 47
4898; 49
4899; 49
4900; 51
4901; 51
4902; 53
4903; 53
4904; 55
4905; 55
4906; 57
4907; 57
4908; 59
4909; 59
4910; 1
4911; 1
4912; 3
4913; 3
4914; 5
4915; 5
4916; 7
4917; 7
4918; 9
4919; 9
4920; 11
4921; 11
4922; 13
4923; 13
4924; 15
4925; 15
4926; 17
4927; 17
4928; 19
4929; 19
4930; 21
4931; 21
4932; 23
4933; 23
4934; 25
4935; 25
4936; 27
4937; 47
4938; 49
4939; 49
4940; 51
4941; 51
4942; 53
4943; 53
4944; 55
4945; 55
4946; 57
4947; 57
4948; 59
4949; 59
4950; 1
4951; 1
4952; 3
4953; 3
4954; 5
4955; 5
4956; 7
4957; 7
4958; 9
4959; 9
4960; 11
4961; 11
4962; 13
4963; 13
4964; 15
4965; 15
4966; 17
4967; 17
4968; 19
4969; 19
4970; 21
4971; 21
4972; 23
4973; 23
4974; 25
4975; 25
4976; 27
4977; 47
4978; 49
4979; 49
4980; 51
4981; 51
4982; 53
4983; 53
4984; 55
4985; 55
4986; 57
4987; 57
4988; 59
4989; 59
4990; 1
4991; 1
4992; 3
4993; 3
4994; 5
4995; 5
4996; 7
4997; 7
4998; 9
4999; 9
5000; 11
5001; 11
5002; 13
5003; 13
5004; 15
5005; 15
5006; 17
5007; 17
5008; 19
5009; 19
5010; 21
5011; 21
5012; 23
5013; 23
5014; 25
5015; 25
5016; 27
5017; 48
5018; 50
5019; 50
5020; 52
5021; 52
5022; 54
5023; 54
5024; 56
5025; 56
5026; 58
5027; 58
5028; 0
5029; 0
5030; 2
5031; 2
5032; 4
5033; 4
5034; 6
5035; 6
5036; 8
5037; 8
5038; 10
5039; 10
5040; 12
5041; 12
5042; 14
5043; 14
5044; 16
5045; 16
5046; 18
5047; 18
5048; 20
5049; 20
5050; 22
5051; 22
5052; 24
5053; 24
5054; 26
5055; 26
5056; 28
5057; 48
5058; 50
5059; 50
5060; 52
5061; 52
5062; 54
5063; 54
5064; 56
5065; 56
5066; 58
5067; 58
5068; 0
5069; 0
5070; 2
5071; 2
5072; 4
5073; 4
5074; 6
5075; 6
5076; 8
5077; 8
5078; 10
5079; 10
5080; 12
5081; 12
5082; 14
5083; 14
5084; 16
5085; 16
5086; 18
5087; 18
5088; 20
5089; 20
5090; 22
5091; 22
5092; 24
5093; 24
5094; 26
5095; 26
5096; 28
5097; 29
5098; 31
5099; 31
5100; 33
5101; 33
5102; 35
5103; 35
5104; 37
5105; 37
5106; 39
5107; 39
5108; 41
5109; 41
5110; 43
5111; 43
5112; 45
5113; 45
5114; 47
5115; 47
5116; 49
5117; 49
5118; 51
5119; 51
5120; 53
5121; 53
5122; 55
5123; 55
5124; 57
5125; 57
5126; 59
5127; 59
5128; 1
5129; 1
5130; 3
5131; 3
5132; 5
5133; 5
5134; 7
5135; 7
5136; 9
5137; 29
5138; 31
5139; 31
5140; 33
5141; 33
5142; 35
5143; 35
5144; 37
5145; 37
5146; 39
5147; 39
5148; 41
5149; 41
5150; 43
5151; 43
5152; 45
5153; 45
5154; 47
5155; 47
5156; 49
5157; 49
5158; 51
5159; 51
5160; 53
5161; 53
5162; 55
5163; 55
5164; 57
5165; 57
5166; 59
5167; 59
5168; 1
5169; 1
5170; 3
5171; 3
5172; 5
5173; 5
5174; 7
5175; 7
5176; 9
5177; 39
5178; 41
5179; 41
5180; 43
5181; 43
5182; 45
5183; 45
5184; 47
5185; 47
5186; 49
5187; 49
5188; 51
5189; 51
5190; 53
5191; 53
5192; 55
5193; 55
5194; 57
5195; 57
5196; 59
5197; 59
5198; 1
5199; 1
5200; 3
5201; 3
5202; 5
5203; 5
5204; 7
5205; 7
5206; 9
5207; 9
5208; 11
5209; 11
5210; 13
5211; 13
5212; 15
5213; 15
5214; 17
5215; 17
5216; 19
5217; 39
5218; 41
5219; 41
5220; 43
5221; 43
5222; 45
5223; 45
5224; 47
5225; 47
5226; 49
5227; 49
5228; 51
5229; 51
5230; 53
5231; 53
5232; 55
5233; 55
5234; 57
5235; 57
5236; 59
5237; 59
5238; 1
5239; 1
5240; 3
5241; 3
5242; 5
5243; 5
5244; 7
5245; 7
5246; 9
5247; 9
5248; 11
5249; 11
5250; 13
5251; 13
5252; 15
5253; 15
5254; 17
5255; 17
5256; 19
5257; 36
5258; 38
5259; 38
5260; 40
5261; 40
5262; 42
5263; 42
5264; 44
5265; 44
5266; 46
5267; 46
5268; 48
5269; 48
5270; 50
5271; 50
5272; 52
5273; 52
5274; 54
5275; 54
5276; 56
5277; 56
5278; 58
5279; 58
5280; 0
5281; 0
5282; 2
5283; 2
5284; 4
5285; 4
5286; 6
5287; 6
5288; 8
5289; 8
5290; 10
5291; 10
5292; 12
5293; 12
5294; 14
5295; 14
5296; 16
5297; 36
5298; 38
5299; 38
5300; 40
5301; 40
5302; 42
5303; 42
5304; 44
5305; 44
5306; 46
5307; 46
5308; 48
5309; 48
5310; 50
5311; 50
5312; 52
5313; 52
5314; 54
5315; 54
5316; 56
5317; 56
5318; 58
5319; 58
5320; 0
5321; 0
5322; 2
5323; 2
5324; 4
5325; 4
5326; 6
5327; 6
5328; 8
5329; 8
5330; 10
5331; 10
5332; 12
5333; 12
5334; 14
5335; 14
5336; 16
