# line-id; line-code; direction; stop-order; stop-id; frequency; arrival_time; departure_time; line-repetition
1; 1H; >; 1; 15; 2; 0; 0; 1
1; 1H; >; 2; 14; 2; 5; 5; 1
1; 1H; >; 3; 23; 2; 9; 9; 1
1; 1H; >; 4; 22; 2; 14; 14; 1
1; 1H; >; 5; 20; 2; 22; 22; 1
1; 1H; >; 6; 19; 2; 30; 30; 1
1; 1H; >; 7; 17; 2; 34; 34; 1
1; 1H; >; 8; 16; 2; 38; 38; 1
1; 1H; >; 9; 18; 2; 44; 44; 1
1; 1H; >; 10; 7; 2; 48; 48; 1
1; 1H; >; 1; 15; 2; 30; 30; 2
1; 1H; >; 2; 14; 2; 35; 35; 2
1; 1H; >; 3; 23; 2; 39; 39; 2
1; 1H; >; 4; 22; 2; 44; 44; 2
1; 1H; >; 5; 20; 2; 52; 52; 2
1; 1H; >; 6; 19; 2; 0; 0; 2
1; 1H; >; 7; 17; 2; 4; 4; 2
1; 1H; >; 8; 16; 2; 8; 8; 2
1; 1H; >; 9; 18; 2; 14; 14; 2
1; 1H; >; 10; 7; 2; 18; 18; 2
1; 1R; <; 1; 7; 2; 0; 0; 1
1; 1R; <; 2; 18; 2; 4; 4; 1
1; 1R; <; 3; 16; 2; 10; 10; 1
1; 1R; <; 4; 17; 2; 14; 14; 1
1; 1R; <; 5; 19; 2; 18; 18; 1
1; 1R; <; 6; 20; 2; 26; 26; 1
1; 1R; <; 7; 22; 2; 34; 34; 1
1; 1R; <; 8; 23; 2; 39; 39; 1
1; 1R; <; 9; 14; 2; 43; 43; 1
1; 1R; <; 10; 15; 2; 48; 48; 1
1; 1R; <; 1; 7; 2; 30; 30; 2
1; 1R; <; 2; 18; 2; 34; 34; 2
1; 1R; <; 3; 16; 2; 40; 40; 2
1; 1R; <; 4; 17; 2; 44; 44; 2
1; 1R; <; 5; 19; 2; 48; 48; 2
1; 1R; <; 6; 20; 2; 56; 56; 2
1; 1R; <; 7; 22; 2; 4; 4; 2
1; 1R; <; 8; 23; 2; 9; 9; 2
1; 1R; <; 9; 14; 2; 13; 13; 2
1; 1R; <; 10; 15; 2; 18; 18; 2
2; 2H; >; 1; 13; 1; 0; 0; 1
2; 2H; >; 2; 24; 1; 5; 5; 1
2; 2H; >; 3; 21; 1; 10; 10; 1
2; 2H; >; 4; 22; 1; 15; 15; 1
2; 2H; >; 5; 20; 1; 23; 23; 1
2; 2H; >; 6; 19; 1; 31; 31; 1
2; 2H; >; 7; 17; 1; 35; 35; 1
2; 2H; >; 8; 16; 1; 39; 39; 1
2; 2H; >; 9; 18; 1; 45; 45; 1
2; 2H; >; 10; 7; 1; 49; 49; 1
2; 2R; <; 1; 7; 1; 0; 0; 1
2; 2R; <; 2; 18; 1; 4; 4; 1
2; 2R; <; 3; 16; 1; 10; 10; 1
2; 2R; <; 4; 17; 1; 14; 14; 1
2; 2R; <; 5; 19; 1; 18; 18; 1
2; 2R; <; 6; 20; 1; 26; 26; 1
2; 2R; <; 7; 22; 1; 34; 34; 1
2; 2R; <; 8; 21; 1; 39; 39; 1
2; 2R; <; 9; 24; 1; 44; 44; 1
2; 2R; <; 10; 13; 1; 49; 49; 1
3; 3H; >; 1; 23; 1; 0; 0; 1
3; 3H; >; 2; 14; 1; 4; 4; 1
3; 3H; >; 3; 11; 1; 12; 12; 1
3; 3H; >; 4; 4; 1; 19; 19; 1
3; 3H; >; 5; 5; 1; 24; 24; 1
3; 3H; >; 6; 9; 1; 28; 28; 1
3; 3H; >; 7; 10; 1; 32; 32; 1
3; 3H; >; 8; 15; 1; 40; 40; 1
3; 3H; >; 9; 19; 1; 46; 46; 1
3; 3R; <; 1; 19; 1; 0; 0; 1
3; 3R; <; 2; 15; 1; 6; 6; 1
3; 3R; <; 3; 10; 1; 14; 14; 1
3; 3R; <; 4; 9; 1; 18; 18; 1
3; 3R; <; 5; 5; 1; 22; 22; 1
3; 3R; <; 6; 4; 1; 27; 27; 1
3; 3R; <; 7; 11; 1; 34; 34; 1
3; 3R; <; 8; 14; 1; 42; 42; 1
3; 3R; <; 9; 23; 1; 46; 46; 1
4; 4H; >; 1; 24; 1; 5; 5; 1
4; 4H; >; 2; 13; 1; 10; 10; 1
4; 4H; >; 3; 12; 1; 26; 26; 1
4; 4H; >; 4; 3; 1; 33; 33; 1
4; 4H; >; 5; 1; 1; 37; 37; 1
4; 4H; >; 6; 2; 1; 53; 53; 1
4; 4H; >; 7; 6; 1; 57; 57; 1
4; 4H; >; 8; 8; 1; 1; 1; 1
4; 4H; >; 9; 16; 1; 5; 5; 1
4; 4R; <; 1; 16; 1; 5; 5; 1
4; 4R; <; 2; 8; 1; 9; 9; 1
4; 4R; <; 3; 6; 1; 13; 13; 1
4; 4R; <; 4; 2; 1; 17; 17; 1
4; 4R; <; 5; 1; 1; 33; 33; 1
4; 4R; <; 6; 3; 1; 37; 37; 1
4; 4R; <; 7; 12; 1; 44; 44; 1
4; 4R; <; 8; 13; 1; 0; 0; 1
4; 4R; <; 9; 24; 1; 5; 5; 1
5; 5H; >; 1; 20; 1; 0; 0; 1
5; 5H; >; 2; 21; 1; 6; 6; 1
5; 5H; >; 3; 22; 1; 11; 11; 1
5; 5H; >; 4; 15; 1; 15; 15; 1
5; 5H; >; 5; 14; 1; 20; 20; 1
5; 5H; >; 6; 23; 1; 24; 24; 1
5; 5H; >; 7; 24; 1; 29; 29; 1
5; 5H; >; 8; 13; 1; 34; 34; 1
5; 5R; <; 1; 13; 1; 0; 0; 1
5; 5R; <; 2; 24; 1; 5; 5; 1
5; 5R; <; 3; 23; 1; 10; 10; 1
5; 5R; <; 4; 14; 1; 14; 14; 1
5; 5R; <; 5; 15; 1; 19; 19; 1
5; 5R; <; 6; 22; 1; 23; 23; 1
5; 5R; <; 7; 21; 1; 28; 28; 1
5; 5R; <; 8; 20; 1; 34; 34; 1
6; 6H; >; 1; 23; 1; 11; 11; 1
6; 6H; >; 2; 14; 1; 15; 15; 1
6; 6H; >; 3; 11; 1; 23; 23; 1
6; 6H; >; 4; 4; 1; 30; 30; 1
6; 6H; >; 5; 5; 1; 35; 35; 1
6; 6H; >; 6; 9; 1; 39; 39; 1
6; 6H; >; 7; 10; 1; 43; 43; 1
6; 6H; >; 8; 17; 1; 50; 50; 1
6; 6R; <; 1; 17; 1; 11; 11; 1
6; 6R; <; 2; 10; 1; 18; 18; 1
6; 6R; <; 3; 9; 1; 22; 22; 1
6; 6R; <; 4; 5; 1; 26; 26; 1
6; 6R; <; 5; 4; 1; 31; 31; 1
6; 6R; <; 6; 11; 1; 38; 38; 1
6; 6R; <; 7; 14; 1; 46; 46; 1
6; 6R; <; 8; 23; 1; 50; 50; 1
7; 7H; >; 1; 24; 1; 14; 14; 1
7; 7H; >; 2; 13; 1; 19; 19; 1
7; 7H; >; 3; 12; 1; 35; 35; 1
7; 7H; >; 4; 3; 1; 42; 42; 1
7; 7H; >; 5; 4; 1; 47; 47; 1
7; 7H; >; 6; 11; 1; 54; 54; 1
7; 7H; >; 7; 14; 1; 2; 2; 1
7; 7H; >; 8; 23; 1; 6; 6; 1
7; 7R; <; 1; 23; 1; 14; 14; 1
7; 7R; <; 2; 14; 1; 18; 18; 1
7; 7R; <; 3; 11; 1; 26; 26; 1
7; 7R; <; 4; 4; 1; 33; 33; 1
7; 7R; <; 5; 3; 1; 38; 38; 1
7; 7R; <; 6; 12; 1; 45; 45; 1
7; 7R; <; 7; 13; 1; 1; 1; 1
7; 7R; <; 8; 24; 1; 6; 6; 1
8; 8H; >; 1; 7; 1; 42; 42; 1
8; 8H; >; 2; 18; 1; 46; 46; 1
8; 8H; >; 3; 16; 1; 52; 52; 1
8; 8H; >; 4; 8; 1; 56; 56; 1
8; 8H; >; 5; 9; 1; 2; 2; 1
8; 8H; >; 6; 5; 1; 6; 6; 1
8; 8H; >; 7; 6; 1; 12; 12; 1
8; 8H; >; 8; 2; 1; 16; 16; 1
8; 8R; <; 1; 2; 1; 42; 42; 1
8; 8R; <; 2; 6; 1; 46; 46; 1
8; 8R; <; 3; 5; 1; 52; 52; 1
8; 8R; <; 4; 9; 1; 56; 56; 1
8; 8R; <; 5; 8; 1; 2; 2; 1
8; 8R; <; 6; 16; 1; 6; 6; 1
8; 8R; <; 7; 18; 1; 12; 12; 1
8; 8R; <; 8; 7; 1; 16; 16; 1
9; 9H; >; 1; 20; 2; 22; 22; 1
9; 9H; >; 2; 21; 2; 28; 28; 1
9; 9H; >; 3; 22; 2; 33; 33; 1
9; 9H; >; 4; 15; 2; 37; 37; 1
9; 9H; >; 5; 10; 2; 45; 45; 1
9; 9H; >; 6; 11; 2; 50; 50; 1
9; 9H; >; 7; 12; 2; 55; 55; 1
9; 9H; >; 1; 20; 2; 52; 52; 2
9; 9H; >; 2; 21; 2; 58; 58; 2
9; 9H; >; 3; 22; 2; 3; 3; 2
9; 9H; >; 4; 15; 2; 7; 7; 2
9; 9H; >; 5; 10; 2; 15; 15; 2
9; 9H; >; 6; 11; 2; 20; 20; 2
9; 9H; >; 7; 12; 2; 25; 25; 2
9; 9R; <; 1; 12; 2; 22; 22; 1
9; 9R; <; 2; 11; 2; 27; 27; 1
9; 9R; <; 3; 10; 2; 32; 32; 1
9; 9R; <; 4; 15; 2; 40; 40; 1
9; 9R; <; 5; 22; 2; 44; 44; 1
9; 9R; <; 6; 21; 2; 49; 49; 1
9; 9R; <; 7; 20; 2; 55; 55; 1
9; 9R; <; 1; 12; 2; 52; 52; 2
9; 9R; <; 2; 11; 2; 57; 57; 2
9; 9R; <; 3; 10; 2; 2; 2; 2
9; 9R; <; 4; 15; 2; 10; 10; 2
9; 9R; <; 5; 22; 2; 14; 14; 2
9; 9R; <; 6; 21; 2; 19; 19; 2
9; 9R; <; 7; 20; 2; 25; 25; 2
10; 10H; >; 1; 20; 1; 0; 0; 1
10; 10H; >; 2; 21; 1; 6; 6; 1
10; 10H; >; 3; 22; 1; 11; 11; 1
10; 10H; >; 4; 15; 1; 15; 15; 1
10; 10H; >; 5; 10; 1; 23; 23; 1
10; 10H; >; 6; 9; 1; 27; 27; 1
10; 10H; >; 7; 5; 1; 31; 31; 1
10; 10R; <; 1; 5; 1; 0; 0; 1
10; 10R; <; 2; 9; 1; 4; 4; 1
10; 10R; <; 3; 10; 1; 8; 8; 1
10; 10R; <; 4; 15; 1; 16; 16; 1
10; 10R; <; 5; 22; 1; 20; 20; 1
10; 10R; <; 6; 21; 1; 25; 25; 1
10; 10R; <; 7; 20; 1; 31; 31; 1
12; 12H; >; 1; 14; 2; 0; 0; 1
12; 12H; >; 2; 11; 2; 8; 8; 1
12; 12H; >; 3; 10; 2; 13; 13; 1
12; 12H; >; 4; 16; 2; 19; 19; 1
12; 12H; >; 5; 8; 2; 23; 23; 1
12; 12H; >; 6; 6; 2; 27; 27; 1
12; 12H; >; 7; 2; 2; 31; 31; 1
12; 12H; >; 1; 14; 2; 30; 30; 2
12; 12H; >; 2; 11; 2; 38; 38; 2
12; 12H; >; 3; 10; 2; 43; 43; 2
12; 12H; >; 4; 16; 2; 49; 49; 2
12; 12H; >; 5; 8; 2; 53; 53; 2
12; 12H; >; 6; 6; 2; 57; 57; 2
12; 12H; >; 7; 2; 2; 1; 1; 2
12; 12R; <; 1; 2; 2; 0; 0; 1
12; 12R; <; 2; 6; 2; 4; 4; 1
12; 12R; <; 3; 8; 2; 8; 8; 1
12; 12R; <; 4; 16; 2; 12; 12; 1
12; 12R; <; 5; 10; 2; 18; 18; 1
12; 12R; <; 6; 11; 2; 23; 23; 1
12; 12R; <; 7; 14; 2; 31; 31; 1
12; 12R; <; 1; 2; 2; 30; 30; 2
12; 12R; <; 2; 6; 2; 34; 34; 2
12; 12R; <; 3; 8; 2; 38; 38; 2
12; 12R; <; 4; 16; 2; 42; 42; 2
12; 12R; <; 5; 10; 2; 48; 48; 2
12; 12R; <; 6; 11; 2; 53; 53; 2
12; 12R; <; 7; 14; 2; 1; 1; 2
13; 13H; >; 1; 20; 1; 0; 0; 1
13; 13H; >; 2; 21; 1; 6; 6; 1
13; 13H; >; 3; 22; 1; 11; 11; 1
13; 13H; >; 4; 23; 1; 16; 16; 1
13; 13H; >; 5; 24; 1; 21; 21; 1
13; 13H; >; 6; 13; 1; 26; 26; 1
13; 13R; <; 1; 13; 1; 30; 30; 1
13; 13R; <; 2; 24; 1; 35; 35; 1
13; 13R; <; 3; 23; 1; 40; 40; 1
13; 13R; <; 4; 22; 1; 45; 45; 1
13; 13R; <; 5; 21; 1; 50; 50; 1
13; 13R; <; 6; 20; 1; 56; 56; 1
14; 14H; >; 1; 21; 1; 0; 0; 1
14; 14H; >; 2; 20; 1; 6; 6; 1
14; 14H; >; 3; 18; 1; 23; 23; 1
14; 14H; >; 4; 7; 1; 27; 27; 1
14; 14H; >; 5; 8; 1; 33; 33; 1
14; 14H; >; 6; 16; 1; 37; 37; 1
14; 14R; <; 1; 16; 1; 0; 0; 1
14; 14R; <; 2; 8; 1; 4; 4; 1
14; 14R; <; 3; 7; 1; 10; 10; 1
14; 14R; <; 4; 18; 1; 14; 14; 1
14; 14R; <; 5; 20; 1; 31; 31; 1
14; 14R; <; 6; 21; 1; 37; 37; 1
16; 16H; >; 1; 19; 1; 0; 0; 1
16; 16H; >; 2; 17; 1; 4; 4; 1
16; 16H; >; 3; 16; 1; 8; 8; 1
16; 16H; >; 4; 10; 1; 14; 14; 1
16; 16H; >; 5; 11; 1; 19; 19; 1
16; 16H; >; 6; 12; 1; 24; 24; 1
16; 16R; <; 1; 12; 1; 30; 30; 1
16; 16R; <; 2; 11; 1; 35; 35; 1
16; 16R; <; 3; 10; 1; 40; 40; 1
16; 16R; <; 4; 16; 1; 46; 46; 1
16; 16R; <; 5; 17; 1; 50; 50; 1
16; 16R; <; 6; 19; 1; 54; 54; 1
17; 17H; >; 1; 19; 1; 0; 0; 1
17; 17H; >; 2; 17; 1; 4; 4; 1
17; 17H; >; 3; 16; 1; 8; 8; 1
17; 17H; >; 4; 10; 1; 14; 14; 1
17; 17H; >; 5; 9; 1; 18; 18; 1
17; 17H; >; 6; 5; 1; 22; 22; 1
17; 17R; <; 1; 5; 1; 30; 30; 1
17; 17R; <; 2; 9; 1; 34; 34; 1
17; 17R; <; 3; 10; 1; 38; 38; 1
17; 17R; <; 4; 16; 1; 44; 44; 1
17; 17R; <; 5; 17; 1; 48; 48; 1
17; 17R; <; 6; 19; 1; 52; 52; 1
18; 18H; >; 1; 19; 1; 0; 0; 1
18; 18H; >; 2; 17; 1; 4; 4; 1
18; 18H; >; 3; 16; 1; 8; 8; 1
18; 18H; >; 4; 8; 1; 12; 12; 1
18; 18H; >; 5; 7; 1; 18; 18; 1
18; 18H; >; 6; 18; 1; 22; 22; 1
18; 18R; <; 1; 18; 1; 30; 30; 1
18; 18R; <; 2; 7; 1; 34; 34; 1
18; 18R; <; 3; 8; 1; 40; 40; 1
18; 18R; <; 4; 16; 1; 44; 44; 1
18; 18R; <; 5; 17; 1; 48; 48; 1
18; 18R; <; 6; 19; 1; 52; 52; 1
20; 20H; >; 1; 12; 1; 14; 14; 1
20; 20H; >; 2; 11; 1; 19; 19; 1
20; 20H; >; 3; 10; 1; 24; 24; 1
20; 20H; >; 4; 16; 1; 30; 30; 1
20; 20H; >; 5; 18; 1; 36; 36; 1
20; 20H; >; 6; 7; 1; 40; 40; 1
20; 20R; <; 1; 7; 1; 44; 44; 1
20; 20R; <; 2; 18; 1; 48; 48; 1
20; 20R; <; 3; 16; 1; 54; 54; 1
20; 20R; <; 4; 10; 1; 0; 0; 1
20; 20R; <; 5; 11; 1; 5; 5; 1
20; 20R; <; 6; 12; 1; 10; 10; 1
21; 21H; >; 1; 2; 2; 29; 29; 1
21; 21H; >; 2; 6; 2; 33; 33; 1
21; 21H; >; 3; 5; 2; 39; 39; 1
21; 21H; >; 4; 4; 2; 44; 44; 1
21; 21H; >; 5; 3; 2; 49; 49; 1
21; 21H; >; 6; 1; 2; 53; 53; 1
21; 21H; >; 1; 2; 2; 59; 59; 2
21; 21H; >; 2; 6; 2; 3; 3; 2
21; 21H; >; 3; 5; 2; 9; 9; 2
21; 21H; >; 4; 4; 2; 14; 14; 2
21; 21H; >; 5; 3; 2; 19; 19; 2
21; 21H; >; 6; 1; 2; 23; 23; 2
21; 21R; <; 1; 1; 2; 59; 59; 1
21; 21R; <; 2; 3; 2; 3; 3; 1
21; 21R; <; 3; 4; 2; 8; 8; 1
21; 21R; <; 4; 5; 2; 13; 13; 1
21; 21R; <; 5; 6; 2; 19; 19; 1
21; 21R; <; 6; 2; 2; 23; 23; 1
21; 21R; <; 1; 1; 2; 29; 29; 2
21; 21R; <; 2; 3; 2; 33; 33; 2
21; 21R; <; 3; 4; 2; 38; 38; 2
21; 21R; <; 4; 5; 2; 43; 43; 2
21; 21R; <; 5; 6; 2; 49; 49; 2
21; 21R; <; 6; 2; 2; 53; 53; 2
22; 22H; >; 1; 14; 2; 0; 0; 1
22; 22H; >; 2; 11; 2; 8; 8; 1
22; 22H; >; 3; 10; 2; 13; 13; 1
22; 22H; >; 4; 9; 2; 17; 17; 1
22; 22H; >; 5; 5; 2; 21; 21; 1
22; 22H; >; 1; 14; 2; 30; 30; 2
22; 22H; >; 2; 11; 2; 38; 38; 2
22; 22H; >; 3; 10; 2; 43; 43; 2
22; 22H; >; 4; 9; 2; 47; 47; 2
22; 22H; >; 5; 5; 2; 51; 51; 2
22; 22R; <; 1; 5; 2; 30; 30; 1
22; 22R; <; 2; 9; 2; 34; 34; 1
22; 22R; <; 3; 10; 2; 38; 38; 1
22; 22R; <; 4; 11; 2; 43; 43; 1
22; 22R; <; 5; 14; 2; 51; 51; 1
22; 22R; <; 1; 5; 2; 0; 0; 2
22; 22R; <; 2; 9; 2; 4; 4; 2
22; 22R; <; 3; 10; 2; 8; 8; 2
22; 22R; <; 4; 11; 2; 13; 13; 2
22; 22R; <; 5; 14; 2; 21; 21; 2
23; 23H; >; 1; 14; 1; 0; 0; 1
23; 23H; >; 2; 11; 1; 8; 8; 1
23; 23H; >; 3; 4; 1; 15; 15; 1
23; 23H; >; 4; 3; 1; 20; 20; 1
23; 23H; >; 5; 1; 1; 24; 24; 1
23; 23R; <; 1; 1; 1; 30; 30; 1
23; 23R; <; 2; 3; 1; 34; 34; 1
23; 23R; <; 3; 4; 1; 39; 39; 1
23; 23R; <; 4; 11; 1; 46; 46; 1
23; 23R; <; 5; 14; 1; 54; 54; 1
24; 24H; >; 1; 12; 1; 0; 0; 1
24; 24H; >; 2; 11; 1; 5; 5; 1
24; 24H; >; 3; 10; 1; 10; 10; 1
24; 24H; >; 4; 9; 1; 14; 14; 1
24; 24H; >; 5; 5; 1; 18; 18; 1
24; 24R; <; 1; 5; 1; 30; 30; 1
24; 24R; <; 2; 9; 1; 34; 34; 1
24; 24R; <; 3; 10; 1; 38; 38; 1
24; 24R; <; 4; 11; 1; 43; 43; 1
24; 24R; <; 5; 12; 1; 48; 48; 1
26; 26H; >; 1; 18; 1; 48; 48; 1
26; 26H; >; 2; 7; 1; 52; 52; 1
26; 26H; >; 3; 8; 1; 58; 58; 1
26; 26H; >; 4; 6; 1; 2; 2; 1
26; 26H; >; 5; 2; 1; 6; 6; 1
26; 26R; <; 1; 2; 1; 18; 18; 1
26; 26R; <; 2; 6; 1; 22; 22; 1
26; 26R; <; 3; 8; 1; 26; 26; 1
26; 26R; <; 4; 7; 1; 32; 32; 1
26; 26R; <; 5; 18; 1; 36; 36; 1
29; 29H; >; 1; 6; 1; 0; 0; 1
29; 29H; >; 2; 8; 1; 4; 4; 1
29; 29H; >; 3; 16; 1; 8; 8; 1
29; 29H; >; 4; 17; 1; 12; 12; 1
29; 29R; <; 1; 17; 1; 30; 30; 1
29; 29R; <; 2; 16; 1; 34; 34; 1
29; 29R; <; 3; 8; 1; 38; 38; 1
29; 29R; <; 4; 6; 1; 42; 42; 1
31; 31H; >; 1; 1; 2; 0; 0; 1
31; 31H; >; 2; 3; 2; 4; 4; 1
31; 31H; >; 3; 12; 2; 11; 11; 1
31; 31H; >; 4; 11; 2; 16; 16; 1
31; 31H; >; 1; 1; 2; 30; 30; 2
31; 31H; >; 2; 3; 2; 34; 34; 2
31; 31H; >; 3; 12; 2; 41; 41; 2
31; 31H; >; 4; 11; 2; 46; 46; 2
31; 31R; <; 1; 11; 2; 30; 30; 1
31; 31R; <; 2; 12; 2; 35; 35; 1
31; 31R; <; 3; 3; 2; 42; 42; 1
31; 31R; <; 4; 1; 2; 46; 46; 1
31; 31R; <; 1; 11; 2; 0; 0; 2
31; 31R; <; 2; 12; 2; 5; 5; 2
31; 31R; <; 3; 3; 2; 12; 12; 2
31; 31R; <; 4; 1; 2; 16; 16; 2
32; 32H; >; 1; 21; 1; 0; 0; 1
32; 32H; >; 2; 22; 1; 5; 5; 1
32; 32H; >; 3; 23; 1; 10; 10; 1
32; 32R; <; 1; 23; 1; 30; 30; 1
32; 32R; <; 2; 22; 1; 35; 35; 1
32; 32R; <; 3; 21; 1; 40; 40; 1
33; 33H; >; 1; 22; 1; 0; 0; 1
33; 33H; >; 2; 15; 1; 4; 4; 1
33; 33H; >; 3; 19; 1; 10; 10; 1
33; 33R; <; 1; 19; 1; 30; 30; 1
33; 33R; <; 2; 15; 1; 36; 36; 1
33; 33R; <; 3; 22; 1; 40; 40; 1
35; 35H; >; 1; 14; 1; 0; 0; 1
35; 35H; >; 2; 11; 1; 8; 8; 1
35; 35H; >; 3; 12; 1; 13; 13; 1
35; 35R; <; 1; 12; 1; 30; 30; 1
35; 35R; <; 2; 11; 1; 35; 35; 1
35; 35R; <; 3; 14; 1; 43; 43; 1
36; 36H; >; 1; 13; 1; 0; 0; 1
36; 36H; >; 2; 24; 1; 5; 5; 1
36; 36H; >; 3; 23; 1; 10; 10; 1
36; 36R; <; 1; 23; 1; 30; 30; 1
36; 36R; <; 2; 24; 1; 35; 35; 1
36; 36R; <; 3; 13; 1; 40; 40; 1
45; 45H; >; 1; 11; 2; 0; 0; 1
45; 45H; >; 2; 12; 2; 5; 5; 1
45; 45H; >; 1; 11; 2; 30; 30; 2
45; 45H; >; 2; 12; 2; 35; 35; 2
45; 45R; <; 1; 12; 2; 30; 30; 1
45; 45R; <; 2; 11; 2; 35; 35; 1
45; 45R; <; 1; 12; 2; 0; 0; 2
45; 45R; <; 2; 11; 2; 5; 5; 2
46; 46H; >; 1; 10; 3; 0; 0; 1
46; 46H; >; 2; 17; 3; 7; 7; 1
46; 46H; >; 1; 10; 3; 20; 20; 2
46; 46H; >; 2; 17; 3; 27; 27; 2
46; 46H; >; 1; 10; 3; 40; 40; 3
46; 46H; >; 2; 17; 3; 47; 47; 3
46; 46R; <; 1; 17; 3; 30; 30; 1
46; 46R; <; 2; 10; 3; 37; 37; 1
46; 46R; <; 1; 17; 3; 50; 50; 2
46; 46R; <; 2; 10; 3; 57; 57; 2
46; 46R; <; 1; 17; 3; 10; 10; 3
46; 46R; <; 2; 10; 3; 17; 17; 3
47; 47H; >; 1; 10; 1; 0; 0; 1
47; 47H; >; 2; 16; 1; 6; 6; 1
47; 47R; <; 1; 16; 1; 30; 30; 1
47; 47R; <; 2; 10; 1; 36; 36; 1
49; 49H; >; 1; 6; 1; 0; 0; 1
49; 49H; >; 2; 8; 1; 4; 4; 1
49; 49R; <; 1; 8; 1; 30; 30; 1
49; 49R; <; 2; 6; 1; 34; 34; 1
50; 50H; >; 1; 2; 3; 58; 58; 1
50; 50H; >; 2; 6; 3; 2; 2; 1
50; 50H; >; 3; 8; 3; 6; 6; 1
50; 50H; >; 4; 16; 3; 10; 10; 1
50; 50H; >; 5; 17; 3; 14; 14; 1
50; 50H; >; 6; 19; 3; 18; 18; 1
50; 50H; >; 7; 20; 3; 26; 26; 1
50; 50H; >; 1; 2; 3; 18; 18; 2
50; 50H; >; 2; 6; 3; 22; 22; 2
50; 50H; >; 3; 8; 3; 26; 26; 2
50; 50H; >; 4; 16; 3; 30; 30; 2
50; 50H; >; 5; 17; 3; 34; 34; 2
50; 50H; >; 6; 19; 3; 38; 38; 2
50; 50H; >; 7; 20; 3; 46; 46; 2
50; 50H; >; 1; 2; 3; 38; 38; 3
50; 50H; >; 2; 6; 3; 42; 42; 3
50; 50H; >; 3; 8; 3; 46; 46; 3
50; 50H; >; 4; 16; 3; 50; 50; 3
50; 50H; >; 5; 17; 3; 54; 54; 3
50; 50H; >; 6; 19; 3; 58; 58; 3
50; 50H; >; 7; 20; 3; 6; 6; 3
50; 50R; <; 1; 20; 3; 28; 28; 1
50; 50R; <; 2; 19; 3; 36; 36; 1
50; 50R; <; 3; 17; 3; 40; 40; 1
50; 50R; <; 4; 16; 3; 44; 44; 1
50; 50R; <; 5; 8; 3; 48; 48; 1
50; 50R; <; 6; 6; 3; 52; 52; 1
50; 50R; <; 7; 2; 3; 56; 56; 1
50; 50R; <; 1; 20; 3; 48; 48; 2
50; 50R; <; 2; 19; 3; 56; 56; 2
50; 50R; <; 3; 17; 3; 0; 0; 2
50; 50R; <; 4; 16; 3; 4; 4; 2
50; 50R; <; 5; 8; 3; 8; 8; 2
50; 50R; <; 6; 6; 3; 12; 12; 2
50; 50R; <; 7; 2; 3; 16; 16; 2
50; 50R; <; 1; 20; 3; 8; 8; 3
50; 50R; <; 2; 19; 3; 16; 16; 3
50; 50R; <; 3; 17; 3; 20; 20; 3
50; 50R; <; 4; 16; 3; 24; 24; 3
50; 50R; <; 5; 8; 3; 28; 28; 3
50; 50R; <; 6; 6; 3; 32; 32; 3
50; 50R; <; 7; 2; 3; 36; 36; 3
51; 51H; >; 1; 23; 3; 0; 0; 1
51; 51H; >; 2; 22; 3; 5; 5; 1
51; 51H; >; 3; 15; 3; 9; 9; 1
51; 51H; >; 4; 19; 3; 15; 15; 1
51; 51H; >; 5; 17; 3; 19; 19; 1
51; 51H; >; 6; 16; 3; 23; 23; 1
51; 51H; >; 7; 8; 3; 27; 27; 1
51; 51H; >; 8; 7; 3; 33; 33; 1
51; 51H; >; 1; 23; 3; 20; 20; 2
51; 51H; >; 2; 22; 3; 25; 25; 2
51; 51H; >; 3; 15; 3; 29; 29; 2
51; 51H; >; 4; 19; 3; 35; 35; 2
51; 51H; >; 5; 17; 3; 39; 39; 2
51; 51H; >; 6; 16; 3; 43; 43; 2
51; 51H; >; 7; 8; 3; 47; 47; 2
51; 51H; >; 8; 7; 3; 53; 53; 2
51; 51H; >; 1; 23; 3; 40; 40; 3
51; 51H; >; 2; 22; 3; 45; 45; 3
51; 51H; >; 3; 15; 3; 49; 49; 3
51; 51H; >; 4; 19; 3; 55; 55; 3
51; 51H; >; 5; 17; 3; 59; 59; 3
51; 51H; >; 6; 16; 3; 3; 3; 3
51; 51H; >; 7; 8; 3; 7; 7; 3
51; 51H; >; 8; 7; 3; 13; 13; 3
51; 51R; <; 1; 7; 3; 0; 0; 1
51; 51R; <; 2; 8; 3; 6; 6; 1
51; 51R; <; 3; 16; 3; 10; 10; 1
51; 51R; <; 4; 17; 3; 14; 14; 1
51; 51R; <; 5; 19; 3; 18; 18; 1
51; 51R; <; 6; 15; 3; 24; 24; 1
51; 51R; <; 7; 22; 3; 28; 28; 1
51; 51R; <; 8; 23; 3; 33; 33; 1
51; 51R; <; 1; 7; 3; 20; 20; 2
51; 51R; <; 2; 8; 3; 26; 26; 2
51; 51R; <; 3; 16; 3; 30; 30; 2
51; 51R; <; 4; 17; 3; 34; 34; 2
51; 51R; <; 5; 19; 3; 38; 38; 2
51; 51R; <; 6; 15; 3; 44; 44; 2
51; 51R; <; 7; 22; 3; 48; 48; 2
51; 51R; <; 8; 23; 3; 53; 53; 2
51; 51R; <; 1; 7; 3; 40; 40; 3
51; 51R; <; 2; 8; 3; 46; 46; 3
51; 51R; <; 3; 16; 3; 50; 50; 3
51; 51R; <; 4; 17; 3; 54; 54; 3
51; 51R; <; 5; 19; 3; 58; 58; 3
51; 51R; <; 6; 15; 3; 4; 4; 3
51; 51R; <; 7; 22; 3; 8; 8; 3
51; 51R; <; 8; 23; 3; 13; 13; 3
52; 52H; >; 1; 6; 3; 50; 50; 1
52; 52H; >; 2; 5; 3; 56; 56; 1
52; 52H; >; 3; 9; 3; 0; 0; 1
52; 52H; >; 4; 10; 3; 4; 4; 1
52; 52H; >; 5; 15; 3; 12; 12; 1
52; 52H; >; 6; 22; 3; 16; 16; 1
52; 52H; >; 7; 23; 3; 21; 21; 1
52; 52H; >; 1; 6; 3; 10; 10; 2
52; 52H; >; 2; 5; 3; 16; 16; 2
52; 52H; >; 3; 9; 3; 20; 20; 2
52; 52H; >; 4; 10; 3; 24; 24; 2
52; 52H; >; 5; 15; 3; 32; 32; 2
52; 52H; >; 6; 22; 3; 36; 36; 2
52; 52H; >; 7; 23; 3; 41; 41; 2
52; 52H; >; 1; 6; 3; 30; 30; 3
52; 52H; >; 2; 5; 3; 36; 36; 3
52; 52H; >; 3; 9; 3; 40; 40; 3
52; 52H; >; 4; 10; 3; 44; 44; 3
52; 52H; >; 5; 15; 3; 52; 52; 3
52; 52H; >; 6; 22; 3; 56; 56; 3
52; 52H; >; 7; 23; 3; 1; 1; 3
52; 52R; <; 1; 23; 3; 50; 50; 1
52; 52R; <; 2; 22; 3; 55; 55; 1
52; 52R; <; 3; 15; 3; 59; 59; 1
52; 52R; <; 4; 10; 3; 7; 7; 1
52; 52R; <; 5; 9; 3; 11; 11; 1
52; 52R; <; 6; 5; 3; 15; 15; 1
52; 52R; <; 7; 6; 3; 21; 21; 1
52; 52R; <; 1; 23; 3; 10; 10; 2
52; 52R; <; 2; 22; 3; 15; 15; 2
52; 52R; <; 3; 15; 3; 19; 19; 2
52; 52R; <; 4; 10; 3; 27; 27; 2
52; 52R; <; 5; 9; 3; 31; 31; 2
52; 52R; <; 6; 5; 3; 35; 35; 2
52; 52R; <; 7; 6; 3; 41; 41; 2
52; 52R; <; 1; 23; 3; 30; 30; 3
52; 52R; <; 2; 22; 3; 35; 35; 3
52; 52R; <; 3; 15; 3; 39; 39; 3
52; 52R; <; 4; 10; 3; 47; 47; 3
52; 52R; <; 5; 9; 3; 51; 51; 3
52; 52R; <; 6; 5; 3; 55; 55; 3
52; 52R; <; 7; 6; 3; 1; 1; 3
53; 53H; >; 1; 12; 1; 0; 0; 1
53; 53H; >; 2; 11; 1; 5; 5; 1
53; 53H; >; 3; 10; 1; 10; 10; 1
53; 53H; >; 4; 16; 1; 16; 16; 1
53; 53H; >; 5; 18; 1; 22; 22; 1
53; 53R; <; 1; 18; 1; 30; 30; 1
53; 53R; <; 2; 16; 1; 36; 36; 1
53; 53R; <; 3; 10; 1; 42; 42; 1
53; 53R; <; 4; 11; 1; 47; 47; 1
53; 53R; <; 5; 12; 1; 52; 52; 1
54; 54H; >; 1; 1; 1; 0; 0; 1
54; 54H; >; 2; 3; 1; 4; 4; 1
54; 54H; >; 3; 4; 1; 9; 9; 1
54; 54H; >; 4; 11; 1; 16; 16; 1
54; 54R; <; 1; 11; 1; 30; 30; 1
54; 54R; <; 2; 4; 1; 37; 37; 1
54; 54R; <; 3; 3; 1; 42; 42; 1
54; 54R; <; 4; 1; 1; 46; 46; 1
55; 55H; >; 1; 16; 1; 57; 57; 1
55; 55H; >; 2; 10; 1; 3; 3; 1
55; 55H; >; 3; 11; 1; 8; 8; 1
55; 55H; >; 4; 14; 1; 16; 16; 1
55; 55H; >; 5; 23; 1; 20; 20; 1
55; 55H; >; 6; 24; 1; 25; 25; 1
55; 55H; >; 7; 13; 1; 30; 30; 1
55; 55R; <; 1; 13; 1; 57; 57; 1
55; 55R; <; 2; 24; 1; 2; 2; 1
55; 55R; <; 3; 23; 1; 7; 7; 1
55; 55R; <; 4; 14; 1; 11; 11; 1
55; 55R; <; 5; 11; 1; 19; 19; 1
55; 55R; <; 6; 10; 1; 24; 24; 1
55; 55R; <; 7; 16; 1; 30; 30; 1
56; 56H; >; 1; 11; 2; 49; 49; 1
56; 56H; >; 2; 14; 2; 57; 57; 1
56; 56H; >; 3; 23; 2; 1; 1; 1
56; 56H; >; 4; 24; 2; 6; 6; 1
56; 56H; >; 5; 21; 2; 11; 11; 1
56; 56H; >; 6; 20; 2; 17; 17; 1
56; 56H; >; 1; 11; 2; 19; 19; 2
56; 56H; >; 2; 14; 2; 27; 27; 2
56; 56H; >; 3; 23; 2; 31; 31; 2
56; 56H; >; 4; 24; 2; 36; 36; 2
56; 56H; >; 5; 21; 2; 41; 41; 2
56; 56H; >; 6; 20; 2; 47; 47; 2
56; 56R; <; 1; 20; 2; 19; 19; 1
56; 56R; <; 2; 21; 2; 25; 25; 1
56; 56R; <; 3; 24; 2; 30; 30; 1
56; 56R; <; 4; 23; 2; 35; 35; 1
56; 56R; <; 5; 14; 2; 39; 39; 1
56; 56R; <; 6; 11; 2; 47; 47; 1
56; 56R; <; 1; 20; 2; 49; 49; 2
56; 56R; <; 2; 21; 2; 55; 55; 2
56; 56R; <; 3; 24; 2; 0; 0; 2
56; 56R; <; 4; 23; 2; 5; 5; 2
56; 56R; <; 5; 14; 2; 9; 9; 2
56; 56R; <; 6; 11; 2; 17; 17; 2
