#event-id; time
1; 0
2; 6
3; 6
4; 12
5; 12
6; 18
7; 18
8; 24
9; 24
10; 30
11; 30
12; 36
13; 36
14; 42
15; 42
16; 48
17; 20
18; 26
19; 26
20; 32
21; 32
22; 38
23; 38
24; 44
25; 44
26; 50
27; 50
28; 56
29; 56
30; 2
31; 2
32; 8
33; 40
34; 46
35; 46
36; 52
37; 52
38; 58
39; 58
40; 4
41; 4
42; 10
43; 10
44; 16
45; 16
46; 22
47; 22
48; 28
49; 10
50; 16
51; 16
52; 22
53; 22
54; 28
55; 28
56; 34
57; 34
58; 40
59; 40
60; 46
61; 46
62; 52
63; 52
64; 58
65; 30
66; 36
67; 36
68; 42
69; 42
70; 48
71; 48
72; 54
73; 54
74; 0
75; 0
76; 6
77; 6
78; 12
79; 12
80; 18
81; 50
82; 56
83; 56
84; 2
85; 2
86; 8
87; 8
88; 14
89; 14
90; 20
91; 20
92; 26
93; 26
94; 32
95; 32
96; 38
97; 10
98; 16
99; 16
100; 22
101; 22
102; 28
103; 28
104; 34
105; 34
106; 40
107; 40
108; 46
109; 30
110; 36
111; 36
112; 42
113; 42
114; 48
115; 48
116; 54
117; 54
118; 0
119; 0
120; 6
121; 50
122; 56
123; 56
124; 2
125; 2
126; 8
127; 8
128; 14
129; 14
130; 20
131; 20
132; 26
133; 12
134; 18
135; 18
136; 24
137; 24
138; 30
139; 30
140; 36
141; 36
142; 42
143; 42
144; 48
145; 32
146; 38
147; 38
148; 44
149; 44
150; 50
151; 50
152; 56
153; 56
154; 2
155; 2
156; 8
157; 52
158; 58
159; 58
160; 4
161; 4
162; 10
163; 10
164; 16
165; 16
166; 22
167; 22
168; 28
169; 1
170; 7
171; 7
172; 13
173; 13
174; 19
175; 19
176; 25
177; 25
178; 31
179; 31
180; 37
181; 21
182; 27
183; 27
184; 33
185; 33
186; 39
187; 39
188; 45
189; 45
190; 51
191; 51
192; 57
193; 41
194; 47
195; 47
196; 53
197; 53
198; 59
199; 59
200; 5
201; 5
202; 11
203; 11
204; 17
205; 1
206; 7
207; 7
208; 13
209; 13
210; 19
211; 19
212; 25
213; 25
214; 31
215; 31
216; 37
217; 21
218; 27
219; 27
220; 33
221; 33
222; 39
223; 39
224; 45
225; 45
226; 51
227; 51
228; 57
229; 41
230; 47
231; 47
232; 53
233; 53
234; 59
235; 59
236; 5
237; 5
238; 11
239; 11
240; 17
241; 45
242; 51
243; 51
244; 57
245; 57
246; 3
247; 3
248; 9
249; 9
250; 15
251; 15
252; 21
253; 21
254; 27
255; 27
256; 33
257; 5
258; 11
259; 11
260; 17
261; 17
262; 23
263; 23
264; 29
265; 29
266; 35
267; 35
268; 41
269; 41
270; 47
271; 47
272; 53
273; 25
274; 31
275; 31
276; 37
277; 37
278; 43
279; 43
280; 49
281; 49
282; 55
283; 55
284; 1
285; 1
286; 7
287; 7
288; 13
289; 55
290; 1
291; 1
292; 7
293; 7
294; 13
295; 13
296; 19
297; 19
298; 25
299; 25
300; 31
301; 31
302; 37
303; 37
304; 43
305; 15
306; 21
307; 21
308; 27
309; 27
310; 33
311; 33
312; 39
313; 39
314; 45
315; 45
316; 51
317; 51
318; 57
319; 57
320; 3
321; 35
322; 41
323; 41
324; 47
325; 47
326; 53
327; 53
328; 59
329; 59
330; 5
331; 5
332; 11
333; 11
334; 17
335; 17
336; 23
337; 10
338; 16
339; 16
340; 22
341; 22
342; 28
343; 28
344; 34
345; 34
346; 40
347; 40
348; 46
349; 46
350; 52
351; 52
352; 58
353; 30
354; 36
355; 36
356; 42
357; 42
358; 48
359; 48
360; 54
361; 54
362; 0
363; 0
364; 6
365; 6
366; 12
367; 12
368; 18
369; 50
370; 56
371; 56
372; 2
373; 2
374; 8
375; 8
376; 14
377; 14
378; 20
379; 20
380; 26
381; 26
382; 32
383; 32
384; 38
385; 0
386; 6
387; 6
388; 12
389; 12
390; 18
391; 18
392; 24
393; 24
394; 30
395; 30
396; 36
397; 36
398; 42
399; 42
400; 48
401; 20
402; 26
403; 26
404; 32
405; 32
406; 38
407; 38
408; 44
409; 44
410; 50
411; 50
412; 56
413; 56
414; 2
415; 2
416; 8
417; 40
418; 46
419; 46
420; 52
421; 52
422; 58
423; 58
424; 4
425; 4
426; 10
427; 10
428; 16
429; 16
430; 22
431; 22
432; 28
