#timetable found by modulo network simplex algorithm
#Fri Apr 26 01:12:43 2019
1; 0
2; 4
3; 7
4; 24
5; 24
6; 35
7; 35
8; 36
9; 36
10; 42
11; 42
12; 45
13; 55
14; 58
15; 58
16; 4
17; 4
18; 5
19; 5
20; 16
21; 16
22; 33
23; 33
24; 37
25; 9
26; 18
27; 18
28; 24
29; 24
30; 35
31; 35
32; 45
33; 47
34; 57
35; 57
36; 8
37; 8
38; 14
39; 14
40; 23
41; 7
42; 11
43; 11
44; 25
45; 25
46; 31
47; 31
48; 45
49; 7
50; 21
51; 21
52; 27
53; 27
54; 41
55; 41
56; 45
57; 51
58; 13
59; 13
60; 30
61; 30
62; 45
63; 51
64; 6
65; 6
66; 23
67; 23
68; 45
69; 10
70; 20
71; 20
72; 30
73; 30
74; 45
75; 10
76; 25
77; 25
78; 35
79; 35
80; 45
81; 27
82; 28
83; 28
84; 39
85; 39
86; 45
87; 27
88; 33
89; 33
90; 44
91; 44
92; 45
93; 29
94; 34
95; 34
96; 37
97; 37
98; 45
99; 44
100; 52
101; 52
102; 55
103; 58
104; 5
105; 21
106; 30
107; 30
108; 45
109; 21
110; 36
111; 36
112; 45
113; 14
114; 36
115; 36
116; 45
117; 14
118; 23
119; 23
120; 45
121; 29
122; 37
123; 37
124; 45
125; 29
126; 37
127; 37
128; 45
129; 28
130; 36
131; 36
132; 45
133; 28
134; 37
135; 37
136; 45
137; 50
138; 14
139; 14
140; 16
141; 16
142; 18
143; 18
144; 20
145; 20
146; 24
147; 24
148; 27
149; 27
150; 31
151; 31
152; 35
153; 35
154; 38
155; 38
156; 45
157; 45
158; 52
159; 52
160; 55
161; 55
162; 59
163; 59
164; 3
165; 3
166; 6
167; 6
168; 10
169; 10
170; 12
171; 12
172; 14
173; 14
174; 16
175; 16
176; 40
177; 1
178; 7
179; 7
180; 14
181; 14
182; 18
183; 18
184; 21
185; 21
186; 25
187; 25
188; 27
189; 27
190; 29
191; 29
192; 31
193; 31
194; 45
195; 1
196; 15
197; 15
198; 17
199; 17
200; 19
201; 19
202; 21
203; 21
204; 25
205; 25
206; 28
207; 28
208; 32
209; 32
210; 39
211; 39
212; 45
213; 16
214; 28
215; 28
216; 32
217; 32
218; 35
219; 35
220; 39
221; 39
222; 43
223; 43
224; 52
225; 52
226; 59
227; 59
228; 8
229; 22
230; 31
231; 31
232; 38
233; 38
234; 47
235; 47
236; 51
237; 51
238; 55
239; 55
240; 58
241; 58
242; 2
243; 2
244; 14
245; 40
246; 51
247; 51
248; 54
249; 54
250; 3
251; 3
252; 9
253; 9
254; 11
255; 11
256; 18
257; 19
258; 24
259; 27
260; 31
261; 0
262; 11
263; 11
264; 14
265; 14
266; 23
267; 23
268; 29
269; 29
270; 31
271; 31
272; 36
273; 39
274; 44
275; 47
276; 51
277; 20
278; 31
279; 31
280; 34
281; 34
282; 43
283; 43
284; 49
285; 49
286; 51
287; 51
288; 58
289; 59
290; 4
291; 7
292; 11
293; 47
294; 50
295; 50
296; 54
297; 54
298; 59
299; 59
300; 1
301; 1
302; 7
303; 7
304; 16
305; 16
306; 19
307; 19
308; 30
309; 7
310; 10
311; 10
312; 14
313; 14
314; 19
315; 19
316; 21
317; 21
318; 27
319; 27
320; 36
321; 36
322; 39
323; 39
324; 50
325; 27
326; 30
327; 30
328; 34
329; 34
330; 39
331; 39
332; 41
333; 41
334; 47
335; 47
336; 56
337; 56
338; 59
339; 59
340; 10
341; 30
342; 51
343; 54
344; 60
345; 60
346; 2
347; 2
348; 3
349; 3
350; 11
351; 11
352; 18
353; 18
354; 21
355; 2
356; 5
357; 5
358; 12
359; 12
360; 20
361; 20
362; 21
363; 21
364; 23
365; 23
366; 29
367; 29
368; 50
369; 55
370; 8
371; 8
372; 16
373; 16
374; 20
375; 20
376; 30
377; 30
378; 35
379; 35
380; 45
381; 55
382; 5
383; 5
384; 10
385; 10
386; 20
387; 20
388; 24
389; 24
390; 32
391; 32
392; 45
393; 30
394; 39
395; 39
396; 42
397; 42
398; 48
399; 48
400; 57
401; 57
402; 6
403; 9
404; 13
405; 6
406; 9
407; 9
408; 18
409; 18
410; 27
411; 27
412; 33
413; 33
414; 36
415; 36
416; 45
417; 12
418; 36
419; 36
420; 40
421; 40
422; 47
423; 50
424; 12
425; 15
426; 29
427; 20
428; 31
429; 31
430; 53
431; 53
432; 0
433; 0
434; 4
435; 4
436; 28
437; 18
438; 25
439; 25
440; 31
441; 31
442; 35
443; 35
444; 38
445; 38
446; 45
447; 18
448; 25
449; 25
450; 28
451; 28
452; 32
453; 32
454; 38
455; 38
456; 45
457; 16
458; 18
459; 18
460; 34
461; 34
462; 43
463; 43
464; 57
465; 0
466; 5
467; 29
468; 33
469; 33
470; 47
471; 47
472; 56
473; 59
474; 19
475; 22
476; 25
477; 18
478; 31
479; 31
480; 32
481; 32
482; 43
483; 43
484; 45
485; 18
486; 20
487; 20
488; 31
489; 31
490; 32
491; 32
492; 45
493; 7
494; 23
495; 23
496; 26
497; 26
498; 39
499; 39
500; 45
501; 7
502; 13
503; 13
504; 26
505; 26
506; 29
507; 29
508; 45
509; 47
510; 58
511; 1
512; 7
513; 7
514; 22
515; 22
516; 28
517; 12
518; 18
519; 18
520; 33
521; 33
522; 39
523; 42
524; 53
525; 56
526; 7
527; 7
528; 17
529; 17
530; 26
531; 26
532; 45
533; 39
534; 58
535; 1
536; 10
537; 13
538; 23
539; 23
540; 34
541; 51
542; 54
543; 54
544; 4
545; 4
546; 10
547; 10
548; 13
549; 6
550; 9
551; 9
552; 19
553; 19
554; 25
555; 25
556; 28
557; 21
558; 24
559; 24
560; 34
561; 34
562; 40
563; 40
564; 43
565; 36
566; 39
567; 39
568; 49
569; 49
570; 55
571; 55
572; 57
573; 38
574; 40
575; 40
576; 46
577; 46
578; 59
579; 59
580; 3
581; 53
582; 55
583; 55
584; 1
585; 1
586; 11
587; 14
588; 18
589; 8
590; 10
591; 10
592; 16
593; 16
594; 29
595; 29
596; 33
597; 23
598; 25
599; 25
600; 31
601; 31
602; 41
603; 44
604; 48
605; 9
606; 22
607; 22
608; 33
609; 33
610; 45
611; 9
612; 21
613; 21
614; 32
615; 32
616; 45
617; 37
618; 43
619; 43
620; 52
621; 52
622; 11
623; 11
624; 30
625; 30
626; 39
627; 39
628; 45
629; 22
630; 31
631; 31
632; 38
633; 38
634; 45
635; 22
636; 29
637; 29
638; 36
639; 36
640; 45
641; 20
642; 29
643; 29
644; 35
645; 35
646; 45
647; 20
648; 30
649; 30
650; 36
651; 36
652; 45
653; 25
654; 34
655; 34
656; 40
657; 40
658; 45
659; 25
660; 30
661; 30
662; 36
663; 36
664; 45
665; 53
666; 3
667; 6
668; 25
669; 28
670; 47
671; 5
672; 20
673; 20
674; 35
675; 35
676; 45
677; 16
678; 22
679; 22
680; 29
681; 29
682; 45
683; 16
684; 32
685; 32
686; 39
687; 39
688; 45
689; 4
690; 15
691; 18
692; 26
693; 29
694; 32
695; 47
696; 49
697; 49
698; 55
699; 55
700; 6
701; 20
702; 26
703; 26
704; 39
705; 39
706; 45
707; 20
708; 26
709; 26
710; 39
711; 39
712; 45
713; 5
714; 21
715; 21
716; 30
717; 20
718; 29
719; 29
720; 45
721; 18
722; 42
723; 42
724; 45
725; 18
726; 21
727; 21
728; 45
729; 34
730; 38
731; 38
732; 45
733; 34
734; 41
735; 41
736; 45
737; 37
738; 39
739; 39
740; 40
741; 40
742; 48
743; 48
744; 52
745; 52
746; 2
747; 2
748; 6
749; 4
750; 8
751; 8
752; 18
753; 18
754; 22
755; 22
756; 30
757; 30
758; 31
759; 31
760; 33
761; 50
762; 53
763; 53
764; 0
765; 0
766; 8
767; 8
768; 9
769; 9
770; 11
771; 11
772; 17
773; 17
774; 25
775; 25
776; 28
777; 28
778; 33
779; 37
780; 42
781; 42
782; 45
783; 48
784; 56
785; 56
786; 2
787; 2
788; 4
789; 4
790; 5
791; 5
792; 13
793; 13
794; 20
795; 20
796; 23
797; 17
798; 26
799; 26
800; 29
801; 29
802; 35
803; 35
804; 45
805; 22
806; 32
807; 32
808; 38
809; 38
810; 41
811; 41
812; 50
813; 13
814; 20
815; 20
816; 24
817; 24
818; 26
819; 26
820; 28
821; 28
822; 30
823; 30
824; 34
825; 34
826; 37
827; 37
828; 41
829; 41
830; 45
831; 13
832; 17
833; 17
834; 21
835; 21
836; 24
837; 24
838; 28
839; 28
840; 30
841; 30
842; 32
843; 32
844; 34
845; 34
846; 38
847; 38
848; 45
849; 31
850; 34
851; 34
852; 47
853; 47
854; 52
855; 52
856; 54
857; 54
858; 7
859; 41
860; 44
861; 44
862; 57
863; 57
864; 2
865; 2
866; 4
867; 4
868; 17
869; 51
870; 54
871; 54
872; 7
873; 7
874; 12
875; 12
876; 14
877; 14
878; 24
879; 1
880; 4
881; 4
882; 17
883; 17
884; 22
885; 22
886; 24
887; 24
888; 34
889; 11
890; 14
891; 14
892; 27
893; 27
894; 32
895; 32
896; 34
897; 34
898; 44
899; 21
900; 24
901; 24
902; 37
903; 37
904; 42
905; 42
906; 44
907; 44
908; 54
909; 16
910; 26
911; 26
912; 28
913; 28
914; 33
915; 33
916; 46
917; 46
918; 49
919; 26
920; 36
921; 36
922; 38
923; 38
924; 43
925; 43
926; 56
927; 56
928; 59
929; 36
930; 46
931; 46
932; 48
933; 48
934; 53
935; 53
936; 6
937; 6
938; 9
939; 46
940; 56
941; 56
942; 58
943; 58
944; 3
945; 3
946; 16
947; 16
948; 19
949; 56
950; 6
951; 6
952; 8
953; 8
954; 13
955; 13
956; 26
957; 26
958; 29
959; 6
960; 16
961; 16
962; 18
963; 18
964; 23
965; 23
966; 36
967; 36
968; 40
969; 1
970; 4
971; 4
972; 8
973; 8
974; 11
975; 11
976; 13
977; 13
978; 15
979; 15
980; 17
981; 17
982; 20
983; 20
984; 22
985; 22
986; 24
987; 24
988; 27
989; 27
990; 29
991; 29
992; 30
993; 11
994; 14
995; 14
996; 18
997; 18
998; 21
999; 21
1000; 23
1001; 23
1002; 25
1003; 25
1004; 27
1005; 27
1006; 30
1007; 30
1008; 32
1009; 32
1010; 34
1011; 34
1012; 37
1013; 37
1014; 39
1015; 39
1016; 40
1017; 21
1018; 24
1019; 24
1020; 28
1021; 28
1022; 31
1023; 31
1024; 33
1025; 33
1026; 35
1027; 35
1028; 37
1029; 37
1030; 40
1031; 40
1032; 42
1033; 42
1034; 44
1035; 44
1036; 47
1037; 47
1038; 49
1039; 49
1040; 51
1041; 31
1042; 34
1043; 34
1044; 38
1045; 38
1046; 41
1047; 41
1048; 43
1049; 43
1050; 45
1051; 45
1052; 47
1053; 47
1054; 50
1055; 50
1056; 52
1057; 52
1058; 54
1059; 54
1060; 57
1061; 57
1062; 59
1063; 59
1064; 1
1065; 41
1066; 44
1067; 44
1068; 48
1069; 48
1070; 51
1071; 51
1072; 53
1073; 53
1074; 55
1075; 55
1076; 57
1077; 57
1078; 0
1079; 0
1080; 2
1081; 2
1082; 4
1083; 4
1084; 7
1085; 7
1086; 9
1087; 9
1088; 10
1089; 51
1090; 54
1091; 54
1092; 58
1093; 58
1094; 1
1095; 1
1096; 3
1097; 3
1098; 5
1099; 5
1100; 7
1101; 7
1102; 10
1103; 10
1104; 12
1105; 12
1106; 14
1107; 14
1108; 17
1109; 17
1110; 19
1111; 19
1112; 21
1113; 50
1114; 51
1115; 51
1116; 53
1117; 53
1118; 56
1119; 56
1120; 58
1121; 58
1122; 0
1123; 0
1124; 3
1125; 3
1126; 5
1127; 5
1128; 7
1129; 7
1130; 9
1131; 9
1132; 12
1133; 12
1134; 16
1135; 16
1136; 20
1137; 0
1138; 1
1139; 1
1140; 3
1141; 3
1142; 6
1143; 6
1144; 8
1145; 8
1146; 10
1147; 10
1148; 13
1149; 13
1150; 15
1151; 15
1152; 17
1153; 17
1154; 19
1155; 19
1156; 22
1157; 22
1158; 26
1159; 26
1160; 29
1161; 10
1162; 11
1163; 11
1164; 13
1165; 13
1166; 16
1167; 16
1168; 18
1169; 18
1170; 20
1171; 20
1172; 23
1173; 23
1174; 25
1175; 25
1176; 27
1177; 27
1178; 29
1179; 29
1180; 32
1181; 32
1182; 36
1183; 36
1184; 40
1185; 20
1186; 21
1187; 21
1188; 23
1189; 23
1190; 26
1191; 26
1192; 28
1193; 28
1194; 30
1195; 30
1196; 33
1197; 33
1198; 35
1199; 35
1200; 37
1201; 37
1202; 39
1203; 39
1204; 42
1205; 42
1206; 46
1207; 46
1208; 50
1209; 30
1210; 31
1211; 31
1212; 33
1213; 33
1214; 36
1215; 36
1216; 38
1217; 38
1218; 40
1219; 40
1220; 43
1221; 43
1222; 45
1223; 45
1224; 47
1225; 47
1226; 49
1227; 49
1228; 52
1229; 52
1230; 56
1231; 56
1232; 0
1233; 40
1234; 41
1235; 41
1236; 43
1237; 43
1238; 46
1239; 46
1240; 48
1241; 48
1242; 50
1243; 50
1244; 53
1245; 53
1246; 55
1247; 55
1248; 57
1249; 57
1250; 59
1251; 59
1252; 2
1253; 2
1254; 6
1255; 6
1256; 9
1257; 26
1258; 29
1259; 29
1260; 36
1261; 36
1262; 46
1263; 46
1264; 49
1265; 36
1266; 39
1267; 39
1268; 46
1269; 46
1270; 56
1271; 56
1272; 0
1273; 46
1274; 49
1275; 49
1276; 56
1277; 56
1278; 6
1279; 6
1280; 9
1281; 56
1282; 59
1283; 59
1284; 6
1285; 6
1286; 16
1287; 16
1288; 19
1289; 6
1290; 9
1291; 9
1292; 16
1293; 16
1294; 26
1295; 26
1296; 29
1297; 16
1298; 19
1299; 19
1300; 26
1301; 26
1302; 36
1303; 36
1304; 39
1305; 31
1306; 34
1307; 34
1308; 44
1309; 44
1310; 51
1311; 51
1312; 54
1313; 41
1314; 44
1315; 44
1316; 54
1317; 54
1318; 1
1319; 1
1320; 4
1321; 51
1322; 54
1323; 54
1324; 4
1325; 4
1326; 11
1327; 11
1328; 14
1329; 1
1330; 4
1331; 4
1332; 14
1333; 14
1334; 21
1335; 21
1336; 24
1337; 11
1338; 14
1339; 14
1340; 24
1341; 24
1342; 31
1343; 31
1344; 34
1345; 21
1346; 24
1347; 24
1348; 34
1349; 34
1350; 41
1351; 41
1352; 45
