# line-id; line-code; direction; stop-order; stop-id; frequency; arrival_time; departure_time; line-repetition
6; 6H; >; 1; 105; 1; 0; 0; 1
6; 6H; >; 2; 95; 1; 4; 4; 1
6; 6H; >; 3; 85; 1; 8; 8; 1
6; 6H; >; 4; 86; 1; 10; 10; 1
6; 6H; >; 5; 76; 1; 13; 13; 1
6; 6H; >; 6; 77; 1; 15; 15; 1
6; 6H; >; 7; 78; 1; 17; 17; 1
6; 6H; >; 8; 79; 1; 19; 21; 1
6; 6H; >; 9; 80; 1; 23; 23; 1
6; 6H; >; 10; 70; 1; 31; 31; 1
6; 6H; >; 11; 60; 1; 39; 42; 1
6; 6H; >; 12; 61; 1; 45; 48; 1
6; 6H; >; 13; 51; 1; 55; 58; 1
6; 6H; >; 14; 41; 1; 3; 6; 1
6; 6H; >; 15; 31; 1; 13; 13; 1
6; 6R; <; 1; 31; 1; 5; 5; 1
6; 6R; <; 2; 41; 1; 10; 10; 1
6; 6R; <; 3; 51; 1; 15; 15; 1
6; 6R; <; 4; 61; 1; 20; 20; 1
6; 6R; <; 5; 60; 1; 22; 22; 1
6; 6R; <; 6; 70; 1; 30; 30; 1
6; 6R; <; 7; 80; 1; 38; 38; 1
6; 6R; <; 8; 79; 1; 40; 40; 1
6; 6R; <; 9; 78; 1; 42; 42; 1
6; 6R; <; 10; 77; 1; 44; 44; 1
6; 6R; <; 11; 76; 1; 46; 46; 1
6; 6R; <; 12; 86; 1; 49; 52; 1
6; 6R; <; 13; 85; 1; 55; 58; 1
6; 6R; <; 14; 95; 1; 4; 4; 1
6; 6R; <; 15; 105; 1; 8; 8; 1
81; 81H; >; 1; 161; 1; 10; 10; 1
81; 81H; >; 2; 160; 1; 12; 12; 1
81; 81H; >; 3; 159; 1; 14; 14; 1
81; 81H; >; 4; 158; 1; 16; 16; 1
81; 81H; >; 5; 157; 1; 18; 18; 1
81; 81H; >; 6; 156; 1; 20; 20; 1
81; 81H; >; 7; 155; 1; 22; 22; 1
81; 81H; >; 8; 154; 1; 24; 24; 1
81; 81H; >; 9; 153; 1; 26; 26; 1
81; 81H; >; 10; 152; 1; 28; 28; 1
81; 81H; >; 11; 1; 1; 30; 30; 1
81; 81H; >; 12; 52; 1; 32; 32; 1
81; 81H; >; 13; 53; 1; 34; 34; 1
81; 81H; >; 14; 54; 1; 36; 36; 1
81; 81R; <; 1; 54; 1; 57; 57; 1
81; 81R; <; 2; 53; 1; 59; 59; 1
81; 81R; <; 3; 52; 1; 1; 1; 1
81; 81R; <; 4; 1; 1; 3; 3; 1
81; 81R; <; 5; 152; 1; 5; 5; 1
81; 81R; <; 6; 153; 1; 7; 7; 1
81; 81R; <; 7; 154; 1; 9; 9; 1
81; 81R; <; 8; 155; 1; 11; 11; 1
81; 81R; <; 9; 156; 1; 13; 13; 1
81; 81R; <; 10; 157; 1; 15; 15; 1
81; 81R; <; 11; 158; 1; 17; 17; 1
81; 81R; <; 12; 159; 1; 19; 19; 1
81; 81R; <; 13; 160; 1; 21; 21; 1
81; 81R; <; 14; 161; 1; 23; 23; 1
113; 113H; >; 1; 54; 1; 57; 57; 1
113; 113H; >; 2; 53; 1; 59; 59; 1
113; 113H; >; 3; 52; 1; 1; 1; 1
113; 113H; >; 4; 1; 1; 3; 3; 1
113; 113H; >; 5; 142; 1; 5; 5; 1
113; 113H; >; 6; 143; 1; 7; 7; 1
113; 113H; >; 7; 144; 1; 9; 9; 1
113; 113H; >; 8; 145; 1; 11; 11; 1
113; 113H; >; 9; 146; 1; 13; 13; 1
113; 113H; >; 10; 147; 1; 15; 15; 1
113; 113H; >; 11; 148; 1; 17; 17; 1
113; 113H; >; 12; 149; 1; 19; 19; 1
113; 113H; >; 13; 150; 1; 21; 21; 1
113; 113H; >; 14; 151; 1; 23; 23; 1
113; 113R; <; 1; 151; 1; 40; 40; 1
113; 113R; <; 2; 150; 1; 42; 42; 1
113; 113R; <; 3; 149; 1; 44; 44; 1
113; 113R; <; 4; 148; 1; 46; 46; 1
113; 113R; <; 5; 147; 1; 48; 48; 1
113; 113R; <; 6; 146; 1; 50; 50; 1
113; 113R; <; 7; 145; 1; 52; 52; 1
113; 113R; <; 8; 144; 1; 54; 54; 1
113; 113R; <; 9; 143; 1; 56; 56; 1
113; 113R; <; 10; 142; 1; 58; 58; 1
113; 113R; <; 11; 1; 1; 0; 0; 1
113; 113R; <; 12; 52; 1; 2; 2; 1
113; 113R; <; 13; 53; 1; 4; 4; 1
113; 113R; <; 14; 54; 1; 6; 6; 1
319; 319H; >; 1; 71; 1; 40; 40; 1
319; 319H; >; 2; 70; 1; 42; 42; 1
319; 319H; >; 3; 69; 1; 44; 44; 1
319; 319H; >; 4; 68; 1; 46; 46; 1
319; 319H; >; 5; 67; 1; 48; 48; 1
319; 319H; >; 6; 66; 1; 50; 50; 1
319; 319H; >; 7; 65; 1; 52; 52; 1
319; 319H; >; 8; 64; 1; 54; 54; 1
319; 319H; >; 9; 63; 1; 56; 56; 1
319; 319H; >; 10; 62; 1; 58; 58; 1
319; 319H; >; 11; 1; 1; 0; 0; 1
319; 319H; >; 12; 112; 1; 2; 2; 1
319; 319H; >; 13; 113; 1; 4; 4; 1
319; 319R; <; 1; 113; 1; 59; 59; 1
319; 319R; <; 2; 112; 1; 1; 1; 1
319; 319R; <; 3; 1; 1; 3; 3; 1
319; 319R; <; 4; 62; 1; 5; 5; 1
319; 319R; <; 5; 63; 1; 7; 7; 1
319; 319R; <; 6; 64; 1; 9; 9; 1
319; 319R; <; 7; 65; 1; 11; 11; 1
319; 319R; <; 8; 66; 1; 13; 13; 1
319; 319R; <; 9; 67; 1; 15; 15; 1
319; 319R; <; 10; 68; 1; 17; 17; 1
319; 319R; <; 11; 69; 1; 19; 19; 1
319; 319R; <; 12; 70; 1; 21; 21; 1
319; 319R; <; 13; 71; 1; 23; 23; 1
374; 374H; >; 1; 21; 1; 40; 40; 1
374; 374H; >; 2; 20; 1; 42; 42; 1
374; 374H; >; 3; 19; 1; 44; 44; 1
374; 374H; >; 4; 18; 1; 46; 46; 1
374; 374H; >; 5; 17; 1; 48; 48; 1
374; 374H; >; 6; 16; 1; 50; 50; 1
374; 374H; >; 7; 15; 1; 52; 52; 1
374; 374H; >; 8; 14; 1; 54; 54; 1
374; 374H; >; 9; 13; 1; 56; 56; 1
374; 374H; >; 10; 23; 1; 58; 58; 1
374; 374H; >; 11; 33; 1; 0; 0; 1
374; 374H; >; 12; 43; 1; 2; 2; 1
374; 374H; >; 13; 53; 1; 4; 4; 1
374; 374R; <; 1; 53; 1; 58; 58; 1
374; 374R; <; 2; 43; 1; 0; 0; 1
374; 374R; <; 3; 33; 1; 2; 2; 1
374; 374R; <; 4; 23; 1; 4; 4; 1
374; 374R; <; 5; 13; 1; 6; 6; 1
374; 374R; <; 6; 14; 1; 8; 8; 1
374; 374R; <; 7; 15; 1; 10; 10; 1
374; 374R; <; 8; 16; 1; 12; 12; 1
374; 374R; <; 9; 17; 1; 14; 14; 1
374; 374R; <; 10; 18; 1; 16; 16; 1
374; 374R; <; 11; 19; 1; 18; 18; 1
374; 374R; <; 12; 20; 1; 20; 20; 1
374; 374R; <; 13; 21; 1; 22; 22; 1
382; 382H; >; 1; 13; 1; 59; 59; 1
382; 382H; >; 2; 12; 1; 1; 1; 1
382; 382H; >; 3; 1; 1; 3; 3; 1
382; 382H; >; 4; 72; 1; 5; 6; 1
382; 382H; >; 5; 73; 1; 8; 8; 1
382; 382H; >; 6; 74; 1; 10; 10; 1
382; 382H; >; 7; 75; 1; 12; 12; 1
382; 382H; >; 8; 76; 1; 14; 14; 1
382; 382H; >; 9; 77; 1; 16; 16; 1
382; 382H; >; 10; 78; 1; 18; 18; 1
382; 382H; >; 11; 79; 1; 20; 20; 1
382; 382H; >; 12; 80; 1; 22; 22; 1
382; 382H; >; 13; 81; 1; 24; 24; 1
382; 382R; <; 1; 81; 1; 40; 40; 1
382; 382R; <; 2; 80; 1; 42; 42; 1
382; 382R; <; 3; 79; 1; 44; 44; 1
382; 382R; <; 4; 78; 1; 46; 46; 1
382; 382R; <; 5; 77; 1; 48; 48; 1
382; 382R; <; 6; 76; 1; 50; 50; 1
382; 382R; <; 7; 75; 1; 52; 52; 1
382; 382R; <; 8; 74; 1; 54; 54; 1
382; 382R; <; 9; 73; 1; 56; 56; 1
382; 382R; <; 10; 72; 1; 58; 58; 1
382; 382R; <; 11; 1; 1; 0; 3; 1
382; 382R; <; 12; 12; 1; 5; 5; 1
382; 382R; <; 13; 13; 1; 7; 7; 1
555; 555H; >; 1; 131; 1; 40; 40; 1
555; 555H; >; 2; 130; 1; 42; 42; 1
555; 555H; >; 3; 129; 1; 44; 44; 1
555; 555H; >; 4; 128; 1; 46; 46; 1
555; 555H; >; 5; 127; 1; 48; 48; 1
555; 555H; >; 6; 126; 1; 50; 50; 1
555; 555H; >; 7; 125; 1; 52; 52; 1
555; 555H; >; 8; 124; 1; 54; 54; 1
555; 555H; >; 9; 123; 1; 56; 56; 1
555; 555H; >; 10; 122; 1; 58; 58; 1
555; 555H; >; 11; 1; 1; 0; 0; 1
555; 555H; >; 12; 102; 1; 2; 2; 1
555; 555R; <; 1; 102; 1; 58; 58; 1
555; 555R; <; 2; 1; 1; 0; 3; 1
555; 555R; <; 3; 122; 1; 5; 5; 1
555; 555R; <; 4; 123; 1; 7; 7; 1
555; 555R; <; 5; 124; 1; 9; 9; 1
555; 555R; <; 6; 125; 1; 11; 11; 1
555; 555R; <; 7; 126; 1; 13; 13; 1
555; 555R; <; 8; 127; 1; 15; 15; 1
555; 555R; <; 9; 128; 1; 17; 17; 1
555; 555R; <; 10; 129; 1; 19; 19; 1
555; 555R; <; 11; 130; 1; 21; 21; 1
555; 555R; <; 12; 131; 1; 23; 23; 1
620; 620H; >; 1; 90; 1; 41; 41; 1
620; 620H; >; 2; 89; 1; 43; 43; 1
620; 620H; >; 3; 88; 1; 45; 45; 1
620; 620H; >; 4; 87; 1; 47; 47; 1
620; 620H; >; 5; 86; 1; 49; 52; 1
620; 620H; >; 6; 85; 1; 54; 54; 1
620; 620H; >; 7; 84; 1; 56; 56; 1
620; 620H; >; 8; 83; 1; 58; 58; 1
620; 620H; >; 9; 73; 1; 0; 0; 1
620; 620H; >; 10; 63; 1; 2; 2; 1
620; 620H; >; 11; 53; 1; 4; 4; 1
620; 620H; >; 12; 43; 1; 6; 6; 1
620; 620R; <; 1; 43; 1; 59; 59; 1
620; 620R; <; 2; 53; 1; 1; 1; 1
620; 620R; <; 3; 63; 1; 3; 3; 1
620; 620R; <; 4; 73; 1; 5; 5; 1
620; 620R; <; 5; 83; 1; 7; 7; 1
620; 620R; <; 6; 84; 1; 9; 9; 1
620; 620R; <; 7; 85; 1; 11; 11; 1
620; 620R; <; 8; 86; 1; 13; 13; 1
620; 620R; <; 9; 87; 1; 15; 15; 1
620; 620R; <; 10; 88; 1; 17; 20; 1
620; 620R; <; 11; 89; 1; 23; 26; 1
620; 620R; <; 12; 90; 1; 29; 29; 1
761; 761H; >; 1; 156; 1; 46; 46; 1
761; 761H; >; 2; 6; 1; 49; 49; 1
761; 761H; >; 3; 16; 1; 52; 52; 1
761; 761H; >; 4; 26; 1; 55; 55; 1
761; 761H; >; 5; 36; 1; 58; 58; 1
761; 761H; >; 6; 46; 1; 1; 1; 1
761; 761H; >; 7; 56; 1; 4; 4; 1
761; 761H; >; 8; 66; 1; 7; 7; 1
761; 761H; >; 9; 76; 1; 10; 10; 1
761; 761H; >; 10; 77; 1; 12; 12; 1
761; 761H; >; 11; 78; 1; 14; 14; 1
761; 761R; <; 1; 78; 1; 28; 28; 1
761; 761R; <; 2; 77; 1; 30; 30; 1
761; 761R; <; 3; 76; 1; 32; 32; 1
761; 761R; <; 4; 66; 1; 35; 35; 1
761; 761R; <; 5; 56; 1; 38; 38; 1
761; 761R; <; 6; 46; 1; 41; 41; 1
761; 761R; <; 7; 36; 1; 44; 44; 1
761; 761R; <; 8; 26; 1; 47; 47; 1
761; 761R; <; 9; 16; 1; 50; 50; 1
761; 761R; <; 10; 6; 1; 53; 53; 1
761; 761R; <; 11; 156; 1; 56; 56; 1
1282; 1282H; >; 1; 126; 1; 49; 49; 1
1282; 1282H; >; 2; 116; 1; 52; 52; 1
1282; 1282H; >; 3; 106; 1; 55; 55; 1
1282; 1282H; >; 4; 96; 1; 58; 58; 1
1282; 1282H; >; 5; 86; 1; 1; 1; 1
1282; 1282H; >; 6; 76; 1; 4; 4; 1
1282; 1282H; >; 7; 66; 1; 7; 7; 1
1282; 1282H; >; 8; 56; 1; 10; 10; 1
1282; 1282H; >; 9; 46; 1; 13; 16; 1
1282; 1282H; >; 10; 45; 1; 19; 19; 1
1282; 1282R; <; 1; 45; 1; 56; 56; 1
1282; 1282R; <; 2; 46; 1; 58; 58; 1
1282; 1282R; <; 3; 56; 1; 1; 1; 1
1282; 1282R; <; 4; 66; 1; 4; 4; 1
1282; 1282R; <; 5; 76; 1; 7; 7; 1
1282; 1282R; <; 6; 86; 1; 10; 10; 1
1282; 1282R; <; 7; 96; 1; 13; 13; 1
1282; 1282R; <; 8; 106; 1; 16; 16; 1
1282; 1282R; <; 9; 116; 1; 19; 19; 1
1282; 1282R; <; 10; 126; 1; 22; 22; 1
1673; 1673H; >; 1; 29; 1; 44; 44; 1
1673; 1673H; >; 2; 28; 1; 46; 46; 1
1673; 1673H; >; 3; 27; 1; 48; 48; 1
1673; 1673H; >; 4; 26; 1; 50; 50; 1
1673; 1673H; >; 5; 25; 1; 52; 52; 1
1673; 1673H; >; 6; 24; 1; 54; 54; 1
1673; 1673H; >; 7; 23; 1; 56; 56; 1
1673; 1673H; >; 8; 22; 1; 58; 58; 1
1673; 1673H; >; 9; 1; 1; 0; 3; 1
1673; 1673H; >; 10; 42; 1; 5; 5; 1
1673; 1673R; <; 1; 42; 1; 1; 1; 1
1673; 1673R; <; 2; 1; 1; 3; 3; 1
1673; 1673R; <; 3; 22; 1; 5; 5; 1
1673; 1673R; <; 4; 23; 1; 7; 7; 1
1673; 1673R; <; 5; 24; 1; 9; 9; 1
1673; 1673R; <; 6; 25; 1; 11; 11; 1
1673; 1673R; <; 7; 26; 1; 13; 13; 1
1673; 1673R; <; 8; 27; 1; 15; 15; 1
1673; 1673R; <; 9; 28; 1; 17; 20; 1
1673; 1673R; <; 10; 29; 1; 23; 23; 1
1726; 1726H; >; 1; 156; 1; 16; 16; 1
1726; 1726H; >; 2; 146; 1; 19; 19; 1
1726; 1726H; >; 3; 136; 1; 22; 22; 1
1726; 1726H; >; 4; 137; 1; 24; 24; 1
1726; 1726H; >; 5; 138; 1; 26; 26; 1
1726; 1726H; >; 6; 139; 1; 28; 28; 1
1726; 1726H; >; 7; 140; 1; 30; 30; 1
1726; 1726H; >; 8; 141; 1; 32; 32; 1
1726; 1726H; >; 9; 131; 1; 37; 37; 1
1726; 1726R; <; 1; 131; 1; 49; 49; 1
1726; 1726R; <; 2; 141; 1; 54; 54; 1
1726; 1726R; <; 3; 140; 1; 56; 56; 1
1726; 1726R; <; 4; 139; 1; 58; 58; 1
1726; 1726R; <; 5; 138; 1; 0; 0; 1
1726; 1726R; <; 6; 137; 1; 2; 2; 1
1726; 1726R; <; 7; 136; 1; 4; 4; 1
1726; 1726R; <; 8; 146; 1; 7; 7; 1
1726; 1726R; <; 9; 156; 1; 10; 10; 1
1900; 1900H; >; 1; 46; 1; 52; 52; 1
1900; 1900H; >; 2; 36; 1; 55; 55; 1
1900; 1900H; >; 3; 26; 1; 58; 58; 1
1900; 1900H; >; 4; 16; 1; 1; 1; 1
1900; 1900H; >; 5; 6; 1; 4; 4; 1
1900; 1900H; >; 6; 156; 1; 7; 7; 1
1900; 1900H; >; 7; 146; 1; 10; 10; 1
1900; 1900H; >; 8; 136; 1; 13; 13; 1
1900; 1900H; >; 9; 126; 1; 16; 16; 1
1900; 1900R; <; 1; 126; 1; 29; 29; 1
1900; 1900R; <; 2; 136; 1; 32; 32; 1
1900; 1900R; <; 3; 146; 1; 35; 35; 1
1900; 1900R; <; 4; 156; 1; 38; 38; 1
1900; 1900R; <; 5; 6; 1; 41; 41; 1
1900; 1900R; <; 6; 16; 1; 44; 44; 1
1900; 1900R; <; 7; 26; 1; 47; 47; 1
1900; 1900R; <; 8; 36; 1; 50; 53; 1
1900; 1900R; <; 9; 46; 1; 57; 57; 1
2456; 2456H; >; 1; 87; 1; 50; 50; 1
2456; 2456H; >; 2; 86; 1; 52; 52; 1
2456; 2456H; >; 3; 96; 1; 55; 55; 1
2456; 2456H; >; 4; 106; 1; 58; 58; 1
2456; 2456H; >; 5; 116; 1; 1; 1; 1
2456; 2456H; >; 6; 126; 1; 4; 4; 1
2456; 2456H; >; 7; 136; 1; 7; 7; 1
2456; 2456H; >; 8; 146; 1; 10; 10; 1
2456; 2456R; <; 1; 146; 1; 52; 52; 1
2456; 2456R; <; 2; 136; 1; 55; 55; 1
2456; 2456R; <; 3; 126; 1; 58; 58; 1
2456; 2456R; <; 4; 116; 1; 1; 1; 1
2456; 2456R; <; 5; 106; 1; 4; 4; 1
2456; 2456R; <; 6; 96; 1; 7; 7; 1
2456; 2456R; <; 7; 86; 1; 10; 10; 1
2456; 2456R; <; 8; 87; 1; 12; 12; 1
3024; 3024H; >; 1; 161; 1; 40; 40; 1
3024; 3024H; >; 2; 160; 1; 42; 42; 1
3024; 3024H; >; 3; 159; 1; 44; 44; 1
3024; 3024H; >; 4; 158; 1; 46; 46; 1
3024; 3024H; >; 5; 157; 1; 48; 48; 1
3024; 3024H; >; 6; 156; 1; 50; 50; 1
3024; 3024H; >; 7; 155; 1; 52; 52; 1
3024; 3024H; >; 8; 154; 1; 54; 54; 1
3024; 3024H; >; 9; 153; 1; 56; 56; 1
3024; 3024H; >; 10; 152; 1; 58; 58; 1
3024; 3024H; >; 11; 1; 1; 0; 0; 1
3024; 3024H; >; 12; 92; 1; 2; 2; 1
3024; 3024R; <; 1; 92; 1; 1; 1; 1
3024; 3024R; <; 2; 1; 1; 3; 3; 1
3024; 3024R; <; 3; 152; 1; 5; 5; 1
3024; 3024R; <; 4; 153; 1; 7; 7; 1
3024; 3024R; <; 5; 154; 1; 9; 9; 1
3024; 3024R; <; 6; 155; 1; 11; 11; 1
3024; 3024R; <; 7; 156; 1; 13; 13; 1
3024; 3024R; <; 8; 157; 1; 15; 15; 1
3024; 3024R; <; 9; 158; 1; 17; 17; 1
3024; 3024R; <; 10; 159; 1; 19; 19; 1
3024; 3024R; <; 11; 160; 1; 21; 21; 1
3024; 3024R; <; 12; 161; 1; 23; 23; 1
3051; 3051H; >; 1; 92; 1; 1; 1; 1
3051; 3051H; >; 2; 82; 1; 2; 2; 1
3051; 3051H; >; 3; 72; 1; 3; 3; 1
3051; 3051H; >; 4; 62; 1; 4; 4; 1
3051; 3051H; >; 5; 52; 1; 5; 5; 1
3051; 3051H; >; 6; 42; 1; 6; 6; 1
3051; 3051H; >; 7; 32; 1; 7; 7; 1
3051; 3051H; >; 8; 22; 1; 8; 8; 1
3051; 3051H; >; 9; 12; 1; 9; 12; 1
3051; 3051H; >; 10; 2; 1; 13; 16; 1
3051; 3051H; >; 11; 1; 1; 19; 19; 1
3051; 3051R; <; 1; 1; 1; 57; 57; 1
3051; 3051R; <; 2; 2; 1; 59; 59; 1
3051; 3051R; <; 3; 12; 1; 0; 0; 1
3051; 3051R; <; 4; 22; 1; 1; 1; 1
3051; 3051R; <; 5; 32; 1; 2; 2; 1
3051; 3051R; <; 6; 42; 1; 3; 3; 1
3051; 3051R; <; 7; 52; 1; 4; 4; 1
3051; 3051R; <; 8; 62; 1; 5; 5; 1
3051; 3051R; <; 9; 72; 1; 6; 9; 1
3051; 3051R; <; 10; 82; 1; 10; 10; 1
3051; 3051R; <; 11; 92; 1; 11; 11; 1
3080; 3080H; >; 1; 91; 1; 40; 40; 1
3080; 3080H; >; 2; 90; 1; 42; 42; 1
3080; 3080H; >; 3; 89; 1; 44; 44; 1
3080; 3080H; >; 4; 88; 1; 46; 46; 1
3080; 3080H; >; 5; 87; 1; 48; 48; 1
3080; 3080H; >; 6; 86; 1; 50; 50; 1
3080; 3080H; >; 7; 85; 1; 52; 52; 1
3080; 3080H; >; 8; 84; 1; 54; 54; 1
3080; 3080H; >; 9; 83; 1; 56; 56; 1
3080; 3080H; >; 10; 82; 1; 58; 58; 1
3080; 3080H; >; 11; 1; 1; 0; 3; 1
3080; 3080H; >; 12; 2; 1; 5; 5; 1
3080; 3080H; >; 13; 3; 1; 7; 7; 1
3080; 3080H; >; 14; 4; 1; 9; 9; 1
3080; 3080H; >; 15; 5; 1; 11; 11; 1
3080; 3080H; >; 16; 6; 1; 13; 13; 1
3080; 3080H; >; 17; 7; 1; 15; 15; 1
3080; 3080H; >; 18; 8; 1; 17; 17; 1
3080; 3080H; >; 19; 9; 1; 19; 19; 1
3080; 3080H; >; 20; 10; 1; 21; 21; 1
3080; 3080H; >; 21; 11; 1; 23; 23; 1
3080; 3080R; <; 1; 11; 1; 40; 40; 1
3080; 3080R; <; 2; 10; 1; 42; 42; 1
3080; 3080R; <; 3; 9; 1; 44; 44; 1
3080; 3080R; <; 4; 8; 1; 46; 46; 1
3080; 3080R; <; 5; 7; 1; 48; 48; 1
3080; 3080R; <; 6; 6; 1; 50; 50; 1
3080; 3080R; <; 7; 5; 1; 52; 52; 1
3080; 3080R; <; 8; 4; 1; 54; 54; 1
3080; 3080R; <; 9; 3; 1; 56; 56; 1
3080; 3080R; <; 10; 2; 1; 58; 58; 1
3080; 3080R; <; 11; 1; 1; 0; 3; 1
3080; 3080R; <; 12; 82; 1; 5; 5; 1
3080; 3080R; <; 13; 83; 1; 7; 7; 1
3080; 3080R; <; 14; 84; 1; 9; 9; 1
3080; 3080R; <; 15; 85; 1; 11; 11; 1
3080; 3080R; <; 16; 86; 1; 13; 13; 1
3080; 3080R; <; 17; 87; 1; 15; 15; 1
3080; 3080R; <; 18; 88; 1; 17; 17; 1
3080; 3080R; <; 19; 89; 1; 19; 19; 1
3080; 3080R; <; 20; 90; 1; 21; 21; 1
3080; 3080R; <; 21; 91; 1; 23; 23; 1
3081; 3081H; >; 1; 81; 1; 40; 40; 1
3081; 3081H; >; 2; 80; 1; 42; 42; 1
3081; 3081H; >; 3; 79; 1; 44; 44; 1
3081; 3081H; >; 4; 78; 1; 46; 46; 1
3081; 3081H; >; 5; 77; 1; 48; 48; 1
3081; 3081H; >; 6; 76; 1; 50; 50; 1
3081; 3081H; >; 7; 75; 1; 52; 52; 1
3081; 3081H; >; 8; 74; 1; 54; 54; 1
3081; 3081H; >; 9; 73; 1; 56; 56; 1
3081; 3081H; >; 10; 72; 1; 58; 58; 1
3081; 3081H; >; 11; 1; 1; 0; 3; 1
3081; 3081H; >; 12; 152; 1; 5; 5; 1
3081; 3081H; >; 13; 153; 1; 7; 7; 1
3081; 3081H; >; 14; 154; 1; 9; 9; 1
3081; 3081H; >; 15; 155; 1; 11; 11; 1
3081; 3081H; >; 16; 156; 1; 13; 13; 1
3081; 3081H; >; 17; 157; 1; 15; 15; 1
3081; 3081H; >; 18; 158; 1; 17; 17; 1
3081; 3081H; >; 19; 159; 1; 19; 19; 1
3081; 3081H; >; 20; 160; 1; 21; 21; 1
3081; 3081H; >; 21; 161; 1; 23; 23; 1
3081; 3081R; <; 1; 161; 1; 40; 40; 1
3081; 3081R; <; 2; 160; 1; 42; 42; 1
3081; 3081R; <; 3; 159; 1; 44; 44; 1
3081; 3081R; <; 4; 158; 1; 46; 46; 1
3081; 3081R; <; 5; 157; 1; 48; 48; 1
3081; 3081R; <; 6; 156; 1; 50; 50; 1
3081; 3081R; <; 7; 155; 1; 52; 52; 1
3081; 3081R; <; 8; 154; 1; 54; 54; 1
3081; 3081R; <; 9; 153; 1; 56; 56; 1
3081; 3081R; <; 10; 152; 1; 58; 58; 1
3081; 3081R; <; 11; 1; 1; 0; 3; 1
3081; 3081R; <; 12; 72; 1; 5; 5; 1
3081; 3081R; <; 13; 73; 1; 7; 7; 1
3081; 3081R; <; 14; 74; 1; 9; 9; 1
3081; 3081R; <; 15; 75; 1; 11; 11; 1
3081; 3081R; <; 16; 76; 1; 13; 13; 1
3081; 3081R; <; 17; 77; 1; 15; 15; 1
3081; 3081R; <; 18; 78; 1; 17; 17; 1
3081; 3081R; <; 19; 79; 1; 19; 19; 1
3081; 3081R; <; 20; 80; 1; 21; 21; 1
3081; 3081R; <; 21; 81; 1; 23; 23; 1
3082; 3082H; >; 1; 71; 1; 43; 43; 1
3082; 3082H; >; 2; 70; 1; 45; 45; 1
3082; 3082H; >; 3; 69; 1; 47; 47; 1
3082; 3082H; >; 4; 68; 1; 49; 49; 1
3082; 3082H; >; 5; 67; 1; 51; 51; 1
3082; 3082H; >; 6; 66; 1; 53; 53; 1
3082; 3082H; >; 7; 65; 1; 55; 55; 1
3082; 3082H; >; 8; 64; 1; 57; 57; 1
3082; 3082H; >; 9; 63; 1; 59; 59; 1
3082; 3082H; >; 10; 62; 1; 1; 1; 1
3082; 3082H; >; 11; 1; 1; 3; 3; 1
3082; 3082H; >; 12; 142; 1; 5; 5; 1
3082; 3082H; >; 13; 143; 1; 7; 7; 1
3082; 3082H; >; 14; 144; 1; 9; 9; 1
3082; 3082H; >; 15; 145; 1; 11; 11; 1
3082; 3082H; >; 16; 146; 1; 13; 13; 1
3082; 3082H; >; 17; 147; 1; 15; 15; 1
3082; 3082H; >; 18; 148; 1; 17; 17; 1
3082; 3082H; >; 19; 149; 1; 19; 19; 1
3082; 3082H; >; 20; 150; 1; 21; 21; 1
3082; 3082H; >; 21; 151; 1; 23; 23; 1
3082; 3082R; <; 1; 151; 1; 40; 40; 1
3082; 3082R; <; 2; 150; 1; 42; 42; 1
3082; 3082R; <; 3; 149; 1; 44; 44; 1
3082; 3082R; <; 4; 148; 1; 46; 46; 1
3082; 3082R; <; 5; 147; 1; 48; 48; 1
3082; 3082R; <; 6; 146; 1; 50; 50; 1
3082; 3082R; <; 7; 145; 1; 52; 52; 1
3082; 3082R; <; 8; 144; 1; 54; 54; 1
3082; 3082R; <; 9; 143; 1; 56; 56; 1
3082; 3082R; <; 10; 142; 1; 58; 58; 1
3082; 3082R; <; 11; 1; 1; 0; 3; 1
3082; 3082R; <; 12; 62; 1; 5; 5; 1
3082; 3082R; <; 13; 63; 1; 7; 7; 1
3082; 3082R; <; 14; 64; 1; 9; 9; 1
3082; 3082R; <; 15; 65; 1; 11; 11; 1
3082; 3082R; <; 16; 66; 1; 13; 13; 1
3082; 3082R; <; 17; 67; 1; 15; 15; 1
3082; 3082R; <; 18; 68; 1; 17; 17; 1
3082; 3082R; <; 19; 69; 1; 19; 19; 1
3082; 3082R; <; 20; 70; 1; 21; 21; 1
3082; 3082R; <; 21; 71; 1; 23; 23; 1
3083; 3083H; >; 1; 61; 2; 10; 10; 1
3083; 3083H; >; 2; 60; 2; 12; 12; 1
3083; 3083H; >; 3; 59; 2; 14; 14; 1
3083; 3083H; >; 4; 58; 2; 16; 16; 1
3083; 3083H; >; 5; 57; 2; 18; 18; 1
3083; 3083H; >; 6; 56; 2; 20; 20; 1
3083; 3083H; >; 7; 55; 2; 22; 22; 1
3083; 3083H; >; 8; 54; 2; 24; 24; 1
3083; 3083H; >; 9; 53; 2; 26; 26; 1
3083; 3083H; >; 10; 52; 2; 28; 28; 1
3083; 3083H; >; 11; 1; 2; 30; 30; 1
3083; 3083H; >; 12; 132; 2; 32; 32; 1
3083; 3083H; >; 13; 133; 2; 34; 34; 1
3083; 3083H; >; 14; 134; 2; 36; 36; 1
3083; 3083H; >; 15; 135; 2; 38; 38; 1
3083; 3083H; >; 16; 136; 2; 40; 40; 1
3083; 3083H; >; 17; 137; 2; 42; 42; 1
3083; 3083H; >; 18; 138; 2; 44; 44; 1
3083; 3083H; >; 19; 139; 2; 46; 46; 1
3083; 3083H; >; 20; 140; 2; 48; 48; 1
3083; 3083H; >; 21; 141; 2; 50; 50; 1
3083; 3083H; >; 1; 61; 2; 40; 40; 2
3083; 3083H; >; 2; 60; 2; 42; 42; 2
3083; 3083H; >; 3; 59; 2; 44; 44; 2
3083; 3083H; >; 4; 58; 2; 46; 46; 2
3083; 3083H; >; 5; 57; 2; 48; 48; 2
3083; 3083H; >; 6; 56; 2; 50; 50; 2
3083; 3083H; >; 7; 55; 2; 52; 52; 2
3083; 3083H; >; 8; 54; 2; 54; 54; 2
3083; 3083H; >; 9; 53; 2; 56; 56; 2
3083; 3083H; >; 10; 52; 2; 58; 58; 2
3083; 3083H; >; 11; 1; 2; 0; 0; 2
3083; 3083H; >; 12; 132; 2; 2; 2; 2
3083; 3083H; >; 13; 133; 2; 4; 4; 2
3083; 3083H; >; 14; 134; 2; 6; 6; 2
3083; 3083H; >; 15; 135; 2; 8; 8; 2
3083; 3083H; >; 16; 136; 2; 10; 10; 2
3083; 3083H; >; 17; 137; 2; 12; 12; 2
3083; 3083H; >; 18; 138; 2; 14; 14; 2
3083; 3083H; >; 19; 139; 2; 16; 16; 2
3083; 3083H; >; 20; 140; 2; 18; 18; 2
3083; 3083H; >; 21; 141; 2; 21; 21; 2
3083; 3083R; <; 1; 141; 2; 40; 40; 1
3083; 3083R; <; 2; 140; 2; 42; 42; 1
3083; 3083R; <; 3; 139; 2; 44; 44; 1
3083; 3083R; <; 4; 138; 2; 46; 46; 1
3083; 3083R; <; 5; 137; 2; 48; 48; 1
3083; 3083R; <; 6; 136; 2; 50; 50; 1
3083; 3083R; <; 7; 135; 2; 52; 52; 1
3083; 3083R; <; 8; 134; 2; 54; 54; 1
3083; 3083R; <; 9; 133; 2; 56; 56; 1
3083; 3083R; <; 10; 132; 2; 58; 58; 1
3083; 3083R; <; 11; 1; 2; 0; 3; 1
3083; 3083R; <; 12; 52; 2; 5; 5; 1
3083; 3083R; <; 13; 53; 2; 7; 7; 1
3083; 3083R; <; 14; 54; 2; 9; 9; 1
3083; 3083R; <; 15; 55; 2; 11; 11; 1
3083; 3083R; <; 16; 56; 2; 13; 13; 1
3083; 3083R; <; 17; 57; 2; 15; 15; 1
3083; 3083R; <; 18; 58; 2; 17; 17; 1
3083; 3083R; <; 19; 59; 2; 19; 19; 1
3083; 3083R; <; 20; 60; 2; 21; 21; 1
3083; 3083R; <; 21; 61; 2; 23; 23; 1
3083; 3083R; <; 1; 141; 2; 10; 10; 2
3083; 3083R; <; 2; 140; 2; 12; 12; 2
3083; 3083R; <; 3; 139; 2; 14; 14; 2
3083; 3083R; <; 4; 138; 2; 16; 16; 2
3083; 3083R; <; 5; 137; 2; 18; 18; 2
3083; 3083R; <; 6; 136; 2; 20; 20; 2
3083; 3083R; <; 7; 135; 2; 22; 22; 2
3083; 3083R; <; 8; 134; 2; 24; 24; 2
3083; 3083R; <; 9; 133; 2; 26; 26; 2
3083; 3083R; <; 10; 132; 2; 28; 28; 2
3083; 3083R; <; 11; 1; 2; 30; 33; 2
3083; 3083R; <; 12; 52; 2; 35; 35; 2
3083; 3083R; <; 13; 53; 2; 37; 37; 2
3083; 3083R; <; 14; 54; 2; 39; 39; 2
3083; 3083R; <; 15; 55; 2; 41; 41; 2
3083; 3083R; <; 16; 56; 2; 43; 43; 2
3083; 3083R; <; 17; 57; 2; 45; 45; 2
3083; 3083R; <; 18; 58; 2; 47; 47; 2
3083; 3083R; <; 19; 59; 2; 49; 49; 2
3083; 3083R; <; 20; 60; 2; 51; 51; 2
3083; 3083R; <; 21; 61; 2; 53; 53; 2
3084; 3084H; >; 1; 51; 1; 39; 39; 1
3084; 3084H; >; 2; 50; 1; 41; 41; 1
3084; 3084H; >; 3; 49; 1; 43; 43; 1
3084; 3084H; >; 4; 48; 1; 45; 45; 1
3084; 3084H; >; 5; 47; 1; 47; 47; 1
3084; 3084H; >; 6; 46; 1; 49; 50; 1
3084; 3084H; >; 7; 45; 1; 52; 52; 1
3084; 3084H; >; 8; 44; 1; 54; 54; 1
3084; 3084H; >; 9; 43; 1; 56; 56; 1
3084; 3084H; >; 10; 42; 1; 58; 58; 1
3084; 3084H; >; 11; 1; 1; 0; 3; 1
3084; 3084H; >; 12; 122; 1; 5; 5; 1
3084; 3084H; >; 13; 123; 1; 7; 7; 1
3084; 3084H; >; 14; 124; 1; 9; 9; 1
3084; 3084H; >; 15; 125; 1; 11; 11; 1
3084; 3084H; >; 16; 126; 1; 13; 13; 1
3084; 3084H; >; 17; 127; 1; 15; 15; 1
3084; 3084H; >; 18; 128; 1; 17; 17; 1
3084; 3084H; >; 19; 129; 1; 19; 19; 1
3084; 3084H; >; 20; 130; 1; 21; 21; 1
3084; 3084H; >; 21; 131; 1; 23; 23; 1
3084; 3084R; <; 1; 131; 1; 40; 40; 1
3084; 3084R; <; 2; 130; 1; 42; 42; 1
3084; 3084R; <; 3; 129; 1; 44; 44; 1
3084; 3084R; <; 4; 128; 1; 46; 46; 1
3084; 3084R; <; 5; 127; 1; 48; 48; 1
3084; 3084R; <; 6; 126; 1; 50; 50; 1
3084; 3084R; <; 7; 125; 1; 52; 52; 1
3084; 3084R; <; 8; 124; 1; 54; 54; 1
3084; 3084R; <; 9; 123; 1; 56; 56; 1
3084; 3084R; <; 10; 122; 1; 58; 58; 1
3084; 3084R; <; 11; 1; 1; 0; 3; 1
3084; 3084R; <; 12; 42; 1; 5; 5; 1
3084; 3084R; <; 13; 43; 1; 7; 7; 1
3084; 3084R; <; 14; 44; 1; 9; 9; 1
3084; 3084R; <; 15; 45; 1; 11; 11; 1
3084; 3084R; <; 16; 46; 1; 13; 13; 1
3084; 3084R; <; 17; 47; 1; 15; 15; 1
3084; 3084R; <; 18; 48; 1; 17; 17; 1
3084; 3084R; <; 19; 49; 1; 19; 19; 1
3084; 3084R; <; 20; 50; 1; 21; 21; 1
3084; 3084R; <; 21; 51; 1; 23; 23; 1
3085; 3085H; >; 1; 41; 1; 40; 40; 1
3085; 3085H; >; 2; 40; 1; 42; 42; 1
3085; 3085H; >; 3; 39; 1; 44; 44; 1
3085; 3085H; >; 4; 38; 1; 46; 46; 1
3085; 3085H; >; 5; 37; 1; 48; 48; 1
3085; 3085H; >; 6; 36; 1; 50; 50; 1
3085; 3085H; >; 7; 35; 1; 52; 52; 1
3085; 3085H; >; 8; 34; 1; 54; 54; 1
3085; 3085H; >; 9; 33; 1; 56; 56; 1
3085; 3085H; >; 10; 32; 1; 58; 58; 1
3085; 3085H; >; 11; 1; 1; 0; 3; 1
3085; 3085H; >; 12; 112; 1; 5; 5; 1
3085; 3085H; >; 13; 113; 1; 7; 7; 1
3085; 3085H; >; 14; 114; 1; 9; 9; 1
3085; 3085H; >; 15; 115; 1; 11; 11; 1
3085; 3085H; >; 16; 116; 1; 13; 13; 1
3085; 3085H; >; 17; 117; 1; 15; 15; 1
3085; 3085H; >; 18; 118; 1; 17; 17; 1
3085; 3085H; >; 19; 119; 1; 19; 19; 1
3085; 3085H; >; 20; 120; 1; 21; 24; 1
3085; 3085H; >; 21; 121; 1; 27; 27; 1
3085; 3085R; <; 1; 121; 1; 40; 40; 1
3085; 3085R; <; 2; 120; 1; 42; 42; 1
3085; 3085R; <; 3; 119; 1; 44; 44; 1
3085; 3085R; <; 4; 118; 1; 46; 46; 1
3085; 3085R; <; 5; 117; 1; 48; 48; 1
3085; 3085R; <; 6; 116; 1; 50; 50; 1
3085; 3085R; <; 7; 115; 1; 52; 52; 1
3085; 3085R; <; 8; 114; 1; 54; 54; 1
3085; 3085R; <; 9; 113; 1; 56; 56; 1
3085; 3085R; <; 10; 112; 1; 58; 58; 1
3085; 3085R; <; 11; 1; 1; 0; 3; 1
3085; 3085R; <; 12; 32; 1; 5; 5; 1
3085; 3085R; <; 13; 33; 1; 7; 7; 1
3085; 3085R; <; 14; 34; 1; 9; 9; 1
3085; 3085R; <; 15; 35; 1; 11; 11; 1
3085; 3085R; <; 16; 36; 1; 13; 13; 1
3085; 3085R; <; 17; 37; 1; 15; 15; 1
3085; 3085R; <; 18; 38; 1; 17; 17; 1
3085; 3085R; <; 19; 39; 1; 19; 19; 1
3085; 3085R; <; 20; 40; 1; 21; 24; 1
3085; 3085R; <; 21; 41; 1; 27; 27; 1
3086; 3086H; >; 1; 31; 1; 40; 40; 1
3086; 3086H; >; 2; 30; 1; 42; 42; 1
3086; 3086H; >; 3; 29; 1; 44; 44; 1
3086; 3086H; >; 4; 28; 1; 46; 46; 1
3086; 3086H; >; 5; 27; 1; 48; 48; 1
3086; 3086H; >; 6; 26; 1; 50; 50; 1
3086; 3086H; >; 7; 25; 1; 52; 52; 1
3086; 3086H; >; 8; 24; 1; 54; 54; 1
3086; 3086H; >; 9; 23; 1; 56; 56; 1
3086; 3086H; >; 10; 22; 1; 58; 58; 1
3086; 3086H; >; 11; 1; 1; 0; 3; 1
3086; 3086H; >; 12; 102; 1; 5; 5; 1
3086; 3086H; >; 13; 103; 1; 7; 7; 1
3086; 3086H; >; 14; 104; 1; 9; 9; 1
3086; 3086H; >; 15; 105; 1; 11; 11; 1
3086; 3086H; >; 16; 106; 1; 13; 13; 1
3086; 3086H; >; 17; 107; 1; 15; 15; 1
3086; 3086H; >; 18; 108; 1; 17; 17; 1
3086; 3086H; >; 19; 109; 1; 19; 19; 1
3086; 3086H; >; 20; 110; 1; 21; 21; 1
3086; 3086H; >; 21; 111; 1; 23; 23; 1
3086; 3086R; <; 1; 111; 1; 40; 40; 1
3086; 3086R; <; 2; 110; 1; 42; 42; 1
3086; 3086R; <; 3; 109; 1; 44; 44; 1
3086; 3086R; <; 4; 108; 1; 46; 46; 1
3086; 3086R; <; 5; 107; 1; 48; 48; 1
3086; 3086R; <; 6; 106; 1; 50; 50; 1
3086; 3086R; <; 7; 105; 1; 52; 52; 1
3086; 3086R; <; 8; 104; 1; 54; 54; 1
3086; 3086R; <; 9; 103; 1; 56; 56; 1
3086; 3086R; <; 10; 102; 1; 58; 58; 1
3086; 3086R; <; 11; 1; 1; 0; 3; 1
3086; 3086R; <; 12; 22; 1; 5; 5; 1
3086; 3086R; <; 13; 23; 1; 7; 7; 1
3086; 3086R; <; 14; 24; 1; 9; 9; 1
3086; 3086R; <; 15; 25; 1; 11; 11; 1
3086; 3086R; <; 16; 26; 1; 13; 13; 1
3086; 3086R; <; 17; 27; 1; 15; 15; 1
3086; 3086R; <; 18; 28; 1; 17; 17; 1
3086; 3086R; <; 19; 29; 1; 19; 19; 1
3086; 3086R; <; 20; 30; 1; 21; 21; 1
3086; 3086R; <; 21; 31; 1; 23; 23; 1
3087; 3087H; >; 1; 21; 1; 36; 36; 1
3087; 3087H; >; 2; 20; 1; 39; 42; 1
3087; 3087H; >; 3; 19; 1; 44; 44; 1
3087; 3087H; >; 4; 18; 1; 46; 46; 1
3087; 3087H; >; 5; 17; 1; 48; 48; 1
3087; 3087H; >; 6; 16; 1; 50; 50; 1
3087; 3087H; >; 7; 15; 1; 52; 52; 1
3087; 3087H; >; 8; 14; 1; 54; 54; 1
3087; 3087H; >; 9; 13; 1; 56; 56; 1
3087; 3087H; >; 10; 12; 1; 58; 58; 1
3087; 3087H; >; 11; 1; 1; 0; 3; 1
3087; 3087H; >; 12; 92; 1; 5; 5; 1
3087; 3087H; >; 13; 93; 1; 7; 7; 1
3087; 3087H; >; 14; 94; 1; 9; 9; 1
3087; 3087H; >; 15; 95; 1; 11; 11; 1
3087; 3087H; >; 16; 96; 1; 13; 13; 1
3087; 3087H; >; 17; 97; 1; 15; 15; 1
3087; 3087H; >; 18; 98; 1; 17; 17; 1
3087; 3087H; >; 19; 99; 1; 19; 19; 1
3087; 3087H; >; 20; 100; 1; 21; 21; 1
3087; 3087H; >; 21; 101; 1; 23; 23; 1
3087; 3087R; <; 1; 101; 1; 40; 40; 1
3087; 3087R; <; 2; 100; 1; 42; 42; 1
3087; 3087R; <; 3; 99; 1; 44; 44; 1
3087; 3087R; <; 4; 98; 1; 46; 46; 1
3087; 3087R; <; 5; 97; 1; 48; 48; 1
3087; 3087R; <; 6; 96; 1; 50; 50; 1
3087; 3087R; <; 7; 95; 1; 52; 52; 1
3087; 3087R; <; 8; 94; 1; 54; 54; 1
3087; 3087R; <; 9; 93; 1; 56; 56; 1
3087; 3087R; <; 10; 92; 1; 58; 58; 1
3087; 3087R; <; 11; 1; 1; 0; 3; 1
3087; 3087R; <; 12; 12; 1; 5; 5; 1
3087; 3087R; <; 13; 13; 1; 7; 7; 1
3087; 3087R; <; 14; 14; 1; 9; 9; 1
3087; 3087R; <; 15; 15; 1; 11; 11; 1
3087; 3087R; <; 16; 16; 1; 13; 13; 1
3087; 3087R; <; 17; 17; 1; 15; 15; 1
3087; 3087R; <; 18; 18; 1; 17; 17; 1
3087; 3087R; <; 19; 19; 1; 19; 19; 1
3087; 3087R; <; 20; 20; 1; 21; 21; 1
3087; 3087R; <; 21; 21; 1; 23; 23; 1
