# event_index; time
1; 0
2; 6
3; 6
4; 12
5; 12
6; 18
7; 18
8; 24
9; 27
10; 33
11; 45
12; 51
13; 51
14; 57
15; 57
16; 3
17; 3
18; 9
19; 9
20; 15
21; 8
22; 16
23; 19
24; 27
25; 27
26; 33
27; 36
28; 42
29; 42
30; 48
31; 39
32; 45
33; 45
34; 51
35; 51
36; 57
37; 57
38; 3
39; 3
40; 9
41; 46
42; 52
43; 54
44; 0
45; 0
46; 6
47; 6
48; 12
49; 12
50; 18
51; 3
52; 9
53; 9
54; 15
55; 15
56; 21
57; 21
58; 27
59; 27
60; 33
61; 57
62; 3
63; 3
64; 9
65; 9
66; 15
67; 15
68; 21
69; 21
70; 27
71; 39
72; 45
73; 45
74; 51
75; 51
76; 57
77; 57
78; 3
79; 3
80; 9
81; 24
82; 30
83; 30
84; 36
85; 36
86; 42
87; 42
88; 48
89; 48
90; 54
91; 15
92; 21
93; 21
94; 27
95; 27
96; 33
97; 33
98; 39
99; 39
100; 45
101; 12
102; 18
103; 18
104; 24
105; 24
106; 30
107; 30
108; 36
109; 36
110; 42
111; 32
112; 38
113; 38
114; 44
115; 44
116; 50
117; 50
118; 56
119; 56
120; 2
121; 57
122; 3
123; 3
124; 9
125; 9
126; 15
127; 16
128; 22
129; 24
130; 32
131; 15
132; 21
133; 24
134; 30
135; 30
136; 36
137; 36
138; 42
139; 42
140; 48
141; 6
142; 12
143; 12
144; 18
145; 18
146; 24
147; 24
148; 30
149; 30
150; 36
151; 51
152; 57
153; 57
154; 3
155; 3
156; 9
157; 9
158; 15
159; 15
160; 21
161; 54
162; 0
163; 0
164; 6
165; 6
166; 12
167; 12
168; 18
169; 18
170; 24
171; 35
172; 41
173; 41
174; 47
175; 47
176; 53
177; 53
178; 59
179; 59
180; 5
181; 27
182; 33
183; 33
184; 39
185; 39
186; 45
187; 45
188; 51
189; 51
190; 57
191; 45
192; 51
193; 51
194; 57
195; 57
196; 3
197; 3
198; 9
199; 9
200; 15
201; 24
202; 30
203; 30
204; 36
205; 36
206; 42
207; 42
208; 48
209; 48
210; 54
211; 30
212; 36
213; 36
214; 42
215; 42
216; 48
217; 48
218; 54
219; 54
220; 0
221; 33
222; 39
223; 39
224; 45
225; 45
226; 51
227; 51
228; 57
229; 57
230; 3
231; 33
232; 39
233; 39
234; 45
235; 45
236; 51
237; 51
238; 57
239; 57
240; 3
241; 6
242; 12
243; 12
244; 18
245; 18
246; 24
247; 24
248; 30
249; 30
250; 36
251; 36
252; 42
253; 42
254; 48
255; 48
256; 54
257; 36
258; 42
259; 42
260; 48
261; 48
262; 54
263; 54
264; 0
265; 0
266; 6
267; 6
268; 12
269; 12
270; 18
271; 18
272; 24
273; 3
274; 9
275; 9
276; 15
277; 15
278; 21
279; 21
280; 27
281; 27
282; 33
283; 33
284; 39
285; 39
286; 45
287; 45
288; 51
289; 33
290; 39
291; 39
292; 45
293; 45
294; 51
295; 51
296; 57
297; 57
298; 3
299; 3
300; 9
301; 9
302; 15
303; 15
304; 21
305; 30
306; 36
307; 36
308; 42
309; 42
310; 48
311; 48
312; 54
313; 54
314; 0
315; 0
316; 6
317; 6
318; 12
319; 12
320; 18
321; 54
322; 0
323; 0
324; 6
325; 6
326; 12
327; 12
328; 18
329; 18
330; 24
331; 24
332; 30
333; 30
334; 36
335; 36
336; 42
337; 54
338; 0
339; 0
340; 6
341; 6
342; 12
343; 12
344; 18
345; 18
346; 24
347; 24
348; 30
349; 30
350; 36
351; 36
352; 42
353; 0
354; 6
355; 6
356; 12
357; 12
358; 18
359; 18
360; 24
361; 24
362; 30
363; 30
364; 36
365; 36
366; 42
367; 42
368; 48
369; 9
370; 15
371; 15
372; 21
373; 21
374; 27
375; 27
376; 33
377; 33
378; 39
379; 39
380; 45
381; 45
382; 51
383; 51
384; 57
385; 6
386; 12
387; 12
388; 18
389; 18
390; 24
391; 24
392; 30
393; 30
394; 36
395; 36
396; 42
397; 42
398; 48
399; 48
400; 54
401; 45
402; 51
403; 51
404; 57
405; 57
406; 3
407; 3
408; 9
409; 9
410; 15
411; 15
412; 21
413; 21
414; 27
415; 57
416; 3
417; 3
418; 9
419; 9
420; 15
421; 15
422; 21
423; 21
424; 27
425; 27
426; 33
427; 33
428; 39
429; 15
430; 21
431; 21
432; 27
433; 27
434; 33
435; 33
436; 39
437; 39
438; 45
439; 45
440; 51
441; 51
442; 57
443; 45
444; 51
445; 51
446; 57
447; 57
448; 3
449; 3
450; 9
451; 9
452; 15
453; 15
454; 21
455; 21
456; 27
457; 9
458; 15
459; 18
460; 24
461; 24
462; 30
463; 30
464; 36
465; 36
466; 42
467; 42
468; 48
469; 48
470; 54
471; 39
472; 45
473; 48
474; 54
475; 54
476; 0
477; 0
478; 6
479; 6
480; 12
481; 12
482; 18
483; 18
484; 24
485; 39
486; 45
487; 45
488; 51
489; 51
490; 57
491; 57
492; 3
493; 3
494; 9
495; 9
496; 15
497; 15
498; 21
499; 9
500; 15
501; 15
502; 21
503; 21
504; 27
505; 27
506; 33
507; 33
508; 39
509; 39
510; 45
511; 45
512; 51
513; 3
514; 9
515; 9
516; 15
517; 15
518; 21
519; 21
520; 27
521; 27
522; 33
523; 33
524; 39
525; 35
526; 42
527; 45
528; 51
529; 51
530; 57
531; 57
532; 3
533; 3
534; 9
535; 9
536; 15
537; 3
538; 9
539; 9
540; 15
541; 15
542; 21
543; 21
544; 27
545; 27
546; 33
547; 33
548; 39
549; 42
550; 48
551; 48
552; 54
553; 54
554; 0
555; 0
556; 6
557; 6
558; 12
559; 12
560; 18
561; 6
562; 12
563; 12
564; 18
565; 18
566; 24
567; 24
568; 30
569; 30
570; 36
571; 36
572; 42
573; 21
574; 27
575; 27
576; 33
577; 33
578; 39
579; 39
580; 45
581; 45
582; 51
583; 51
584; 57
585; 48
586; 54
587; 54
588; 0
589; 0
590; 6
591; 6
592; 12
593; 12
594; 18
595; 18
596; 24
597; 15
598; 21
599; 21
600; 27
601; 27
602; 33
603; 33
604; 39
605; 39
606; 45
607; 45
608; 51
609; 6
610; 12
611; 12
612; 18
613; 18
614; 24
615; 24
616; 30
617; 30
618; 36
619; 36
620; 42
621; 3
622; 9
623; 9
624; 15
625; 15
626; 21
627; 21
628; 27
629; 27
630; 33
631; 33
632; 39
633; 51
634; 57
635; 57
636; 3
637; 3
638; 9
639; 9
640; 15
641; 15
642; 21
643; 21
644; 27
645; 21
646; 27
647; 27
648; 33
649; 33
650; 39
651; 39
652; 45
653; 45
654; 51
655; 51
656; 57
657; 12
658; 18
659; 18
660; 24
661; 24
662; 30
663; 30
664; 36
665; 36
666; 42
667; 42
668; 48
669; 42
670; 48
671; 48
672; 54
673; 54
674; 0
675; 0
676; 6
677; 6
678; 12
679; 12
680; 18
681; 3
682; 9
683; 9
684; 15
685; 15
686; 21
687; 21
688; 27
689; 27
690; 33
691; 33
692; 39
693; 21
694; 27
695; 27
696; 33
697; 33
698; 39
699; 39
700; 45
701; 45
702; 51
703; 51
704; 57
705; 3
706; 9
707; 9
708; 15
709; 15
710; 21
711; 21
712; 27
713; 27
714; 33
715; 54
716; 0
717; 0
718; 6
719; 6
720; 12
721; 12
722; 18
723; 18
724; 24
725; 48
726; 54
727; 54
728; 0
729; 0
730; 6
731; 6
732; 12
733; 12
734; 18
735; 3
736; 9
737; 9
738; 15
739; 15
740; 21
741; 21
742; 27
743; 27
744; 33
745; 57
746; 3
747; 3
748; 9
749; 9
750; 15
751; 15
752; 21
753; 21
754; 27
755; 15
756; 21
757; 21
758; 27
759; 27
760; 33
761; 33
762; 39
763; 39
764; 45
765; 9
766; 15
767; 15
768; 21
769; 21
770; 27
771; 27
772; 33
773; 33
774; 39
775; 39
776; 45
777; 45
778; 51
779; 51
780; 57
781; 57
782; 3
783; 3
784; 9
785; 9
786; 15
787; 15
788; 21
789; 21
790; 27
791; 27
792; 33
793; 33
794; 39
795; 39
796; 45
797; 45
798; 51
799; 51
800; 57
801; 57
802; 3
803; 3
804; 9
805; 51
806; 57
807; 0
808; 6
809; 6
810; 14
811; 16
812; 24
813; 27
814; 33
815; 27
816; 33
817; 33
818; 39
819; 39
820; 45
821; 45
822; 51
823; 51
824; 57
825; 30
826; 36
827; 36
828; 42
829; 42
830; 48
831; 48
832; 54
833; 54
834; 0
835; 0
836; 6
837; 6
838; 12
839; 12
840; 18
841; 18
842; 24
843; 24
844; 30
845; 57
846; 3
847; 3
848; 9
849; 9
850; 15
851; 15
852; 21
853; 21
854; 27
855; 15
856; 21
857; 21
858; 27
859; 27
860; 33
861; 33
862; 39
863; 39
864; 45
865; 21
866; 27
867; 27
868; 33
869; 33
870; 39
871; 39
872; 45
873; 45
874; 51
875; 54
876; 0
877; 0
878; 6
879; 6
880; 12
881; 12
882; 18
883; 18
884; 24
885; 12
886; 18
887; 18
888; 24
889; 24
890; 30
891; 30
892; 36
893; 36
894; 42
895; 6
896; 12
897; 12
898; 18
899; 18
900; 24
901; 24
902; 30
903; 30
904; 36
905; 51
906; 57
907; 57
908; 3
909; 3
910; 9
911; 9
912; 15
913; 15
914; 21
915; 9
916; 15
917; 15
918; 21
919; 21
920; 27
921; 27
922; 33
923; 33
924; 39
925; 45
926; 51
927; 51
928; 57
929; 57
930; 3
931; 3
932; 9
933; 9
934; 15
935; 36
936; 42
937; 42
938; 48
939; 48
940; 54
941; 54
942; 0
943; 0
944; 6
945; 54
946; 0
947; 0
948; 6
949; 6
950; 12
951; 12
952; 18
953; 0
954; 6
955; 6
956; 12
957; 12
958; 18
959; 18
960; 24
961; 57
962; 3
963; 3
964; 9
965; 9
966; 15
967; 15
968; 21
969; 39
970; 45
971; 45
972; 51
973; 51
974; 57
975; 57
976; 3
977; 3
978; 9
979; 9
980; 15
981; 15
982; 21
983; 21
984; 27
985; 18
986; 24
987; 24
988; 30
989; 30
990; 36
991; 36
992; 42
993; 6
994; 12
995; 12
996; 18
997; 18
998; 24
999; 24
1000; 30
1001; 15
1002; 21
1003; 21
1004; 27
1005; 27
1006; 33
1007; 33
1008; 39
