# line-id; line-code; direction; stop-order; stop-id; frequency; departure_time; arrival_time; line-repetition
23; 23H; >; 1; 25; 1; 0; 0; 1
23; 23H; >; 2; 24; 1; 6; 6; 1
23; 23H; >; 3; 19; 1; 12; 12; 1
23; 23H; >; 4; 14; 1; 18; 18; 1
23; 23H; >; 5; 9; 1; 24; 27; 1
23; 23H; >; 6; 4; 1; 33; 33; 1
23; 23R; <; 1; 4; 1; 45; 45; 1
23; 23R; <; 2; 9; 1; 51; 51; 1
23; 23R; <; 3; 14; 1; 57; 57; 1
23; 23R; <; 4; 19; 1; 3; 3; 1
23; 23R; <; 5; 24; 1; 9; 9; 1
23; 23R; <; 6; 25; 1; 15; 15; 1
36; 36H; >; 1; 22; 1; 8; 8; 1
36; 36H; >; 2; 21; 1; 16; 19; 1
36; 36H; >; 3; 16; 1; 27; 27; 1
36; 36H; >; 4; 11; 1; 33; 36; 1
36; 36H; >; 5; 6; 1; 42; 42; 1
36; 36H; >; 6; 1; 1; 48; 48; 1
36; 36R; <; 1; 1; 1; 39; 39; 1
36; 36R; <; 2; 6; 1; 45; 45; 1
36; 36R; <; 3; 11; 1; 51; 51; 1
36; 36R; <; 4; 16; 1; 57; 57; 1
36; 36R; <; 5; 21; 1; 3; 3; 1
36; 36R; <; 6; 22; 1; 9; 9; 1
46; 46H; >; 1; 23; 1; 46; 46; 1
46; 46H; >; 2; 18; 1; 52; 54; 1
46; 46H; >; 3; 13; 1; 0; 0; 1
46; 46H; >; 4; 8; 1; 6; 6; 1
46; 46H; >; 5; 7; 1; 12; 12; 1
46; 46H; >; 6; 12; 1; 18; 18; 1
46; 46R; <; 1; 12; 1; 3; 3; 1
46; 46R; <; 2; 7; 1; 9; 9; 1
46; 46R; <; 3; 8; 1; 15; 15; 1
46; 46R; <; 4; 13; 1; 21; 21; 1
46; 46R; <; 5; 18; 1; 27; 27; 1
46; 46R; <; 6; 23; 1; 33; 33; 1
58; 58H; >; 1; 17; 1; 57; 57; 1
58; 58H; >; 2; 18; 1; 3; 3; 1
58; 58H; >; 3; 13; 1; 9; 9; 1
58; 58H; >; 4; 8; 1; 15; 15; 1
58; 58H; >; 5; 3; 1; 21; 21; 1
58; 58H; >; 6; 2; 1; 27; 27; 1
58; 58R; <; 1; 2; 1; 39; 39; 1
58; 58R; <; 2; 3; 1; 45; 45; 1
58; 58R; <; 3; 8; 1; 51; 51; 1
58; 58R; <; 4; 13; 1; 57; 57; 1
58; 58R; <; 5; 18; 1; 3; 3; 1
58; 58R; <; 6; 17; 1; 9; 9; 1
61; 61H; >; 1; 17; 1; 24; 24; 1
61; 61H; >; 2; 16; 1; 30; 30; 1
61; 61H; >; 3; 11; 1; 36; 36; 1
61; 61H; >; 4; 6; 1; 42; 42; 1
61; 61H; >; 5; 1; 1; 48; 48; 1
61; 61H; >; 6; 2; 1; 54; 54; 1
61; 61R; <; 1; 2; 1; 15; 15; 1
61; 61R; <; 2; 1; 1; 21; 21; 1
61; 61R; <; 3; 6; 1; 27; 27; 1
61; 61R; <; 4; 11; 1; 33; 33; 1
61; 61R; <; 5; 16; 1; 39; 39; 1
61; 61R; <; 6; 17; 1; 45; 45; 1
62; 62H; >; 1; 20; 1; 12; 12; 1
62; 62H; >; 2; 15; 1; 18; 18; 1
62; 62H; >; 3; 10; 1; 24; 24; 1
62; 62H; >; 4; 9; 1; 30; 30; 1
62; 62H; >; 5; 4; 1; 36; 36; 1
62; 62H; >; 6; 3; 1; 42; 42; 1
62; 62R; <; 1; 3; 1; 32; 32; 1
62; 62R; <; 2; 4; 1; 38; 38; 1
62; 62R; <; 3; 9; 1; 44; 44; 1
62; 62R; <; 4; 10; 1; 50; 50; 1
62; 62R; <; 5; 15; 1; 56; 56; 1
62; 62R; <; 6; 20; 1; 2; 2; 1
73; 73H; >; 1; 18; 1; 57; 57; 1
73; 73H; >; 2; 13; 1; 3; 3; 1
73; 73H; >; 3; 8; 1; 9; 9; 1
73; 73H; >; 4; 9; 1; 15; 16; 1
73; 73H; >; 5; 14; 1; 22; 24; 1
73; 73H; >; 6; 15; 1; 32; 32; 1
73; 73R; <; 1; 15; 1; 15; 15; 1
73; 73R; <; 2; 14; 1; 21; 24; 1
73; 73R; <; 3; 9; 1; 30; 30; 1
73; 73R; <; 4; 8; 1; 36; 36; 1
73; 73R; <; 5; 13; 1; 42; 42; 1
73; 73R; <; 6; 18; 1; 48; 48; 1
78; 78H; >; 1; 18; 1; 6; 6; 1
78; 78H; >; 2; 13; 1; 12; 12; 1
78; 78H; >; 3; 8; 1; 18; 18; 1
78; 78H; >; 4; 3; 1; 24; 24; 1
78; 78H; >; 5; 2; 1; 30; 30; 1
78; 78H; >; 6; 1; 1; 36; 36; 1
78; 78R; <; 1; 1; 1; 51; 51; 1
78; 78R; <; 2; 2; 1; 57; 57; 1
78; 78R; <; 3; 3; 1; 3; 3; 1
78; 78R; <; 4; 8; 1; 9; 9; 1
78; 78R; <; 5; 13; 1; 15; 15; 1
78; 78R; <; 6; 18; 1; 21; 21; 1
83; 83H; >; 1; 14; 1; 54; 54; 1
83; 83H; >; 2; 13; 1; 0; 0; 1
83; 83H; >; 3; 8; 1; 6; 6; 1
83; 83H; >; 4; 3; 1; 12; 12; 1
83; 83H; >; 5; 2; 1; 18; 18; 1
83; 83H; >; 6; 1; 1; 24; 24; 1
83; 83R; <; 1; 1; 1; 35; 35; 1
83; 83R; <; 2; 2; 1; 41; 41; 1
83; 83R; <; 3; 3; 1; 47; 47; 1
83; 83R; <; 4; 8; 1; 53; 53; 1
83; 83R; <; 5; 13; 1; 59; 59; 1
83; 83R; <; 6; 14; 1; 5; 5; 1
104; 104H; >; 1; 9; 1; 27; 27; 1
104; 104H; >; 2; 8; 1; 33; 33; 1
104; 104H; >; 3; 3; 1; 39; 39; 1
104; 104H; >; 4; 2; 1; 45; 45; 1
104; 104H; >; 5; 1; 1; 51; 51; 1
104; 104H; >; 6; 6; 1; 57; 57; 1
104; 104R; <; 1; 6; 1; 45; 45; 1
104; 104R; <; 2; 1; 1; 51; 51; 1
104; 104R; <; 3; 2; 1; 57; 57; 1
104; 104R; <; 4; 3; 1; 3; 3; 1
104; 104R; <; 5; 8; 1; 9; 9; 1
104; 104R; <; 6; 9; 1; 15; 15; 1
105; 105H; >; 1; 12; 1; 24; 24; 1
105; 105H; >; 2; 7; 1; 30; 30; 1
105; 105H; >; 3; 8; 1; 36; 36; 1
105; 105H; >; 4; 3; 1; 42; 42; 1
105; 105H; >; 5; 4; 1; 48; 48; 1
105; 105H; >; 6; 5; 1; 54; 54; 1
105; 105R; <; 1; 5; 1; 30; 30; 1
105; 105R; <; 2; 4; 1; 36; 36; 1
105; 105R; <; 3; 3; 1; 42; 42; 1
105; 105R; <; 4; 8; 1; 48; 48; 1
105; 105R; <; 5; 7; 1; 54; 54; 1
105; 105R; <; 6; 12; 1; 0; 0; 1
117; 117H; >; 1; 6; 1; 33; 33; 1
117; 117H; >; 2; 1; 1; 39; 39; 1
117; 117H; >; 3; 2; 1; 45; 45; 1
117; 117H; >; 4; 3; 1; 51; 51; 1
117; 117H; >; 5; 4; 1; 57; 57; 1
117; 117H; >; 6; 5; 1; 3; 3; 1
117; 117R; <; 1; 5; 1; 33; 33; 1
117; 117R; <; 2; 4; 1; 39; 39; 1
117; 117R; <; 3; 3; 1; 45; 45; 1
117; 117R; <; 4; 2; 1; 51; 51; 1
117; 117R; <; 5; 1; 1; 57; 57; 1
117; 117R; <; 6; 6; 1; 3; 3; 1
126; 126H; >; 1; 1; 2; 6; 6; 1
126; 126H; >; 2; 2; 2; 12; 12; 1
126; 126H; >; 3; 3; 2; 18; 18; 1
126; 126H; >; 4; 8; 2; 24; 24; 1
126; 126H; >; 5; 13; 2; 30; 30; 1
126; 126H; >; 6; 18; 2; 36; 36; 1
126; 126H; >; 7; 23; 2; 42; 42; 1
126; 126H; >; 8; 24; 2; 48; 48; 1
126; 126H; >; 9; 25; 2; 54; 54; 1
126; 126H; >; 1; 1; 2; 36; 36; 2
126; 126H; >; 2; 2; 2; 42; 42; 2
126; 126H; >; 3; 3; 2; 48; 48; 2
126; 126H; >; 4; 8; 2; 54; 54; 2
126; 126H; >; 5; 13; 2; 0; 0; 2
126; 126H; >; 6; 18; 2; 6; 6; 2
126; 126H; >; 7; 23; 2; 12; 12; 2
126; 126H; >; 8; 24; 2; 18; 18; 2
126; 126H; >; 9; 25; 2; 24; 24; 2
126; 126R; <; 1; 25; 2; 3; 3; 1
126; 126R; <; 2; 24; 2; 9; 9; 1
126; 126R; <; 3; 23; 2; 15; 15; 1
126; 126R; <; 4; 18; 2; 21; 21; 1
126; 126R; <; 5; 13; 2; 27; 27; 1
126; 126R; <; 6; 8; 2; 33; 33; 1
126; 126R; <; 7; 3; 2; 39; 39; 1
126; 126R; <; 8; 2; 2; 45; 45; 1
126; 126R; <; 9; 1; 2; 51; 51; 1
126; 126R; <; 1; 25; 2; 33; 33; 2
126; 126R; <; 2; 24; 2; 39; 39; 2
126; 126R; <; 3; 23; 2; 45; 45; 2
126; 126R; <; 4; 18; 2; 51; 51; 2
126; 126R; <; 5; 13; 2; 57; 57; 2
126; 126R; <; 6; 8; 2; 3; 3; 2
126; 126R; <; 7; 3; 2; 9; 9; 2
126; 126R; <; 8; 2; 2; 15; 15; 2
126; 126R; <; 9; 1; 2; 21; 21; 2
131; 131H; >; 1; 5; 1; 30; 30; 1
131; 131H; >; 2; 4; 1; 36; 36; 1
131; 131H; >; 3; 3; 1; 42; 42; 1
131; 131H; >; 4; 8; 1; 48; 48; 1
131; 131H; >; 5; 13; 1; 54; 54; 1
131; 131H; >; 6; 18; 1; 0; 0; 1
131; 131H; >; 7; 23; 1; 6; 6; 1
131; 131H; >; 8; 22; 1; 12; 12; 1
131; 131H; >; 9; 21; 1; 18; 18; 1
131; 131R; <; 1; 21; 1; 54; 54; 1
131; 131R; <; 2; 22; 1; 0; 0; 1
131; 131R; <; 3; 23; 1; 6; 6; 1
131; 131R; <; 4; 18; 1; 12; 12; 1
131; 131R; <; 5; 13; 1; 18; 18; 1
131; 131R; <; 6; 8; 1; 24; 24; 1
131; 131R; <; 7; 3; 1; 30; 30; 1
131; 131R; <; 8; 4; 1; 36; 36; 1
131; 131R; <; 9; 5; 1; 42; 42; 1
137; 137H; >; 1; 21; 1; 54; 54; 1
137; 137H; >; 2; 22; 1; 0; 0; 1
137; 137H; >; 3; 17; 1; 6; 6; 1
137; 137H; >; 4; 18; 1; 12; 12; 1
137; 137H; >; 5; 19; 1; 18; 18; 1
137; 137H; >; 6; 14; 1; 24; 24; 1
137; 137H; >; 7; 9; 1; 30; 30; 1
137; 137H; >; 8; 4; 1; 36; 36; 1
137; 137H; >; 9; 5; 1; 42; 42; 1
137; 137R; <; 1; 5; 1; 0; 0; 1
137; 137R; <; 2; 4; 1; 6; 6; 1
137; 137R; <; 3; 9; 1; 12; 12; 1
137; 137R; <; 4; 14; 1; 18; 18; 1
137; 137R; <; 5; 19; 1; 24; 24; 1
137; 137R; <; 6; 18; 1; 30; 30; 1
137; 137R; <; 7; 17; 1; 36; 36; 1
137; 137R; <; 8; 22; 1; 42; 42; 1
137; 137R; <; 9; 21; 1; 48; 48; 1
140; 140H; >; 1; 1; 1; 9; 9; 1
140; 140H; >; 2; 2; 1; 15; 15; 1
140; 140H; >; 3; 7; 1; 21; 21; 1
140; 140H; >; 4; 12; 1; 27; 27; 1
140; 140H; >; 5; 13; 1; 33; 33; 1
140; 140H; >; 6; 18; 1; 39; 39; 1
140; 140H; >; 7; 19; 1; 45; 45; 1
140; 140H; >; 8; 24; 1; 51; 51; 1
140; 140H; >; 9; 25; 1; 57; 57; 1
140; 140R; <; 1; 25; 1; 6; 6; 1
140; 140R; <; 2; 24; 1; 12; 12; 1
140; 140R; <; 3; 19; 1; 18; 18; 1
140; 140R; <; 4; 18; 1; 24; 24; 1
140; 140R; <; 5; 13; 1; 30; 30; 1
140; 140R; <; 6; 12; 1; 36; 36; 1
140; 140R; <; 7; 7; 1; 42; 42; 1
140; 140R; <; 8; 2; 1; 48; 48; 1
140; 140R; <; 9; 1; 1; 54; 54; 1
142; 142H; >; 1; 21; 1; 45; 45; 1
142; 142H; >; 2; 22; 1; 51; 51; 1
142; 142H; >; 3; 17; 1; 57; 57; 1
142; 142H; >; 4; 18; 1; 3; 3; 1
142; 142H; >; 5; 19; 1; 9; 9; 1
142; 142H; >; 6; 20; 1; 15; 15; 1
142; 142H; >; 7; 15; 1; 21; 21; 1
142; 142H; >; 8; 10; 1; 27; 27; 1
142; 142R; <; 1; 10; 1; 57; 57; 1
142; 142R; <; 2; 15; 1; 3; 3; 1
142; 142R; <; 3; 20; 1; 9; 9; 1
142; 142R; <; 4; 19; 1; 15; 15; 1
142; 142R; <; 5; 18; 1; 21; 21; 1
142; 142R; <; 6; 17; 1; 27; 27; 1
142; 142R; <; 7; 22; 1; 33; 33; 1
142; 142R; <; 8; 21; 1; 39; 39; 1
143; 143H; >; 1; 6; 2; 15; 15; 1
143; 143H; >; 2; 11; 2; 21; 21; 1
143; 143H; >; 3; 12; 2; 27; 27; 1
143; 143H; >; 4; 13; 2; 33; 33; 1
143; 143H; >; 5; 18; 2; 39; 39; 1
143; 143H; >; 6; 19; 2; 45; 45; 1
143; 143H; >; 7; 24; 2; 51; 51; 1
143; 143H; >; 8; 25; 2; 57; 57; 1
143; 143H; >; 1; 6; 2; 45; 45; 2
143; 143H; >; 2; 11; 2; 51; 51; 2
143; 143H; >; 3; 12; 2; 57; 57; 2
143; 143H; >; 4; 13; 2; 3; 3; 2
143; 143H; >; 5; 18; 2; 9; 9; 2
143; 143H; >; 6; 19; 2; 15; 15; 2
143; 143H; >; 7; 24; 2; 21; 21; 2
143; 143H; >; 8; 25; 2; 27; 27; 2
143; 143R; <; 1; 25; 2; 9; 9; 1
143; 143R; <; 2; 24; 2; 15; 18; 1
143; 143R; <; 3; 19; 2; 24; 24; 1
143; 143R; <; 4; 18; 2; 30; 30; 1
143; 143R; <; 5; 13; 2; 36; 36; 1
143; 143R; <; 6; 12; 2; 42; 42; 1
143; 143R; <; 7; 11; 2; 48; 48; 1
143; 143R; <; 8; 6; 2; 54; 54; 1
143; 143R; <; 1; 25; 2; 39; 39; 2
143; 143R; <; 2; 24; 2; 45; 48; 2
143; 143R; <; 3; 19; 2; 54; 54; 2
143; 143R; <; 4; 18; 2; 0; 0; 2
143; 143R; <; 5; 13; 2; 6; 6; 2
143; 143R; <; 6; 12; 2; 12; 12; 2
143; 143R; <; 7; 11; 2; 18; 18; 2
143; 143R; <; 8; 6; 2; 24; 24; 2
148; 148H; >; 1; 1; 1; 39; 39; 1
148; 148H; >; 2; 2; 1; 45; 45; 1
148; 148H; >; 3; 7; 1; 51; 51; 1
148; 148H; >; 4; 12; 1; 57; 57; 1
148; 148H; >; 5; 13; 1; 3; 3; 1
148; 148H; >; 6; 18; 1; 9; 9; 1
148; 148H; >; 7; 19; 1; 15; 15; 1
148; 148H; >; 8; 20; 1; 21; 21; 1
148; 148R; <; 1; 20; 1; 9; 9; 1
148; 148R; <; 2; 19; 1; 15; 15; 1
148; 148R; <; 3; 18; 1; 21; 21; 1
148; 148R; <; 4; 13; 1; 27; 27; 1
148; 148R; <; 5; 12; 1; 33; 33; 1
148; 148R; <; 6; 7; 1; 39; 39; 1
148; 148R; <; 7; 2; 1; 45; 45; 1
148; 148R; <; 8; 1; 1; 51; 51; 1
149; 149H; >; 1; 23; 1; 3; 3; 1
149; 149H; >; 2; 24; 1; 9; 9; 1
149; 149H; >; 3; 19; 1; 15; 15; 1
149; 149H; >; 4; 14; 1; 21; 21; 1
149; 149H; >; 5; 9; 1; 27; 27; 1
149; 149H; >; 6; 4; 1; 33; 33; 1
149; 149H; >; 7; 5; 1; 39; 39; 1
149; 149R; <; 1; 5; 1; 35; 35; 1
149; 149R; <; 2; 4; 1; 42; 45; 1
149; 149R; <; 3; 9; 1; 51; 51; 1
149; 149R; <; 4; 14; 1; 57; 57; 1
149; 149R; <; 5; 19; 1; 3; 3; 1
149; 149R; <; 6; 24; 1; 9; 9; 1
149; 149R; <; 7; 23; 1; 15; 15; 1
152; 152H; >; 1; 21; 1; 3; 3; 1
152; 152H; >; 2; 22; 1; 9; 9; 1
152; 152H; >; 3; 17; 1; 15; 15; 1
152; 152H; >; 4; 12; 1; 21; 21; 1
152; 152H; >; 5; 7; 1; 27; 27; 1
152; 152H; >; 6; 2; 1; 33; 33; 1
152; 152H; >; 7; 3; 1; 39; 39; 1
152; 152R; <; 1; 3; 1; 42; 42; 1
152; 152R; <; 2; 2; 1; 48; 48; 1
152; 152R; <; 3; 7; 1; 54; 54; 1
152; 152R; <; 4; 12; 1; 0; 0; 1
152; 152R; <; 5; 17; 1; 6; 6; 1
152; 152R; <; 6; 22; 1; 12; 12; 1
152; 152R; <; 7; 21; 1; 18; 18; 1
153; 153H; >; 1; 16; 1; 6; 6; 1
153; 153H; >; 2; 17; 1; 12; 12; 1
153; 153H; >; 3; 18; 1; 18; 18; 1
153; 153H; >; 4; 19; 1; 24; 24; 1
153; 153H; >; 5; 20; 1; 30; 30; 1
153; 153H; >; 6; 15; 1; 36; 36; 1
153; 153H; >; 7; 10; 1; 42; 42; 1
153; 153R; <; 1; 10; 1; 21; 21; 1
153; 153R; <; 2; 15; 1; 27; 27; 1
153; 153R; <; 3; 20; 1; 33; 33; 1
153; 153R; <; 4; 19; 1; 39; 39; 1
153; 153R; <; 5; 18; 1; 45; 45; 1
153; 153R; <; 6; 17; 1; 51; 51; 1
153; 153R; <; 7; 16; 1; 57; 57; 1
156; 156H; >; 1; 11; 1; 48; 48; 1
156; 156H; >; 2; 12; 1; 54; 54; 1
156; 156H; >; 3; 17; 1; 0; 0; 1
156; 156H; >; 4; 18; 1; 6; 6; 1
156; 156H; >; 5; 19; 1; 12; 12; 1
156; 156H; >; 6; 24; 1; 18; 18; 1
156; 156H; >; 7; 25; 1; 24; 24; 1
156; 156R; <; 1; 25; 1; 15; 15; 1
156; 156R; <; 2; 24; 1; 21; 21; 1
156; 156R; <; 3; 19; 1; 27; 27; 1
156; 156R; <; 4; 18; 1; 33; 33; 1
156; 156R; <; 5; 17; 1; 39; 39; 1
156; 156R; <; 6; 12; 1; 45; 45; 1
156; 156R; <; 7; 11; 1; 51; 51; 1
158; 158H; >; 1; 11; 1; 6; 6; 1
158; 158H; >; 2; 12; 1; 12; 12; 1
158; 158H; >; 3; 13; 1; 18; 18; 1
158; 158H; >; 4; 14; 1; 24; 24; 1
158; 158H; >; 5; 9; 1; 30; 30; 1
158; 158H; >; 6; 4; 1; 36; 36; 1
158; 158H; >; 7; 5; 1; 42; 42; 1
158; 158R; <; 1; 5; 1; 3; 3; 1
158; 158R; <; 2; 4; 1; 9; 9; 1
158; 158R; <; 3; 9; 1; 15; 15; 1
158; 158R; <; 4; 14; 1; 21; 21; 1
158; 158R; <; 5; 13; 1; 27; 27; 1
158; 158R; <; 6; 12; 1; 33; 33; 1
158; 158R; <; 7; 11; 1; 39; 39; 1
161; 161H; >; 1; 6; 2; 51; 51; 1
161; 161H; >; 2; 11; 2; 57; 57; 1
161; 161H; >; 3; 12; 2; 3; 3; 1
161; 161H; >; 4; 13; 2; 9; 9; 1
161; 161H; >; 5; 18; 2; 15; 15; 1
161; 161H; >; 6; 19; 2; 21; 21; 1
161; 161H; >; 7; 20; 2; 27; 27; 1
161; 161H; >; 1; 6; 2; 21; 21; 2
161; 161H; >; 2; 11; 2; 27; 27; 2
161; 161H; >; 3; 12; 2; 33; 33; 2
161; 161H; >; 4; 13; 2; 39; 39; 2
161; 161H; >; 5; 18; 2; 45; 45; 2
161; 161H; >; 6; 19; 2; 51; 51; 2
161; 161H; >; 7; 20; 2; 57; 57; 2
161; 161R; <; 1; 20; 2; 12; 12; 1
161; 161R; <; 2; 19; 2; 18; 18; 1
161; 161R; <; 3; 18; 2; 24; 24; 1
161; 161R; <; 4; 13; 2; 30; 30; 1
161; 161R; <; 5; 12; 2; 36; 36; 1
161; 161R; <; 6; 11; 2; 42; 42; 1
161; 161R; <; 7; 6; 2; 48; 48; 1
161; 161R; <; 1; 20; 2; 42; 42; 2
161; 161R; <; 2; 19; 2; 48; 48; 2
161; 161R; <; 3; 18; 2; 54; 54; 2
161; 161R; <; 4; 13; 2; 0; 0; 2
161; 161R; <; 5; 12; 2; 6; 6; 2
161; 161R; <; 6; 11; 2; 12; 12; 2
161; 161R; <; 7; 6; 2; 18; 18; 2
177; 177H; >; 1; 1; 1; 3; 3; 1
177; 177H; >; 2; 2; 1; 9; 9; 1
177; 177H; >; 3; 3; 1; 15; 15; 1
177; 177H; >; 4; 4; 1; 21; 21; 1
177; 177H; >; 5; 5; 1; 27; 27; 1
177; 177H; >; 6; 10; 1; 33; 33; 1
177; 177H; >; 7; 15; 1; 39; 39; 1
177; 177R; <; 1; 15; 1; 21; 21; 1
177; 177R; <; 2; 10; 1; 27; 27; 1
177; 177R; <; 3; 5; 1; 33; 33; 1
177; 177R; <; 4; 4; 1; 39; 39; 1
177; 177R; <; 5; 3; 1; 45; 45; 1
177; 177R; <; 6; 2; 1; 51; 51; 1
177; 177R; <; 7; 1; 1; 57; 57; 1
178; 178H; >; 1; 23; 1; 3; 3; 1
178; 178H; >; 2; 24; 1; 9; 9; 1
178; 178H; >; 3; 19; 1; 15; 15; 1
178; 178H; >; 4; 20; 1; 21; 21; 1
178; 178H; >; 5; 15; 1; 27; 27; 1
178; 178H; >; 6; 10; 1; 33; 33; 1
178; 178R; <; 1; 10; 1; 54; 54; 1
178; 178R; <; 2; 15; 1; 0; 0; 1
178; 178R; <; 3; 20; 1; 6; 6; 1
178; 178R; <; 4; 19; 1; 12; 12; 1
178; 178R; <; 5; 24; 1; 18; 18; 1
178; 178R; <; 6; 23; 1; 24; 24; 1
180; 180H; >; 1; 16; 1; 48; 48; 1
180; 180H; >; 2; 21; 1; 54; 54; 1
180; 180H; >; 3; 22; 1; 0; 0; 1
180; 180H; >; 4; 23; 1; 6; 6; 1
180; 180H; >; 5; 24; 1; 12; 12; 1
180; 180H; >; 6; 25; 1; 18; 18; 1
180; 180R; <; 1; 25; 1; 3; 3; 1
180; 180R; <; 2; 24; 1; 9; 9; 1
180; 180R; <; 3; 23; 1; 15; 15; 1
180; 180R; <; 4; 22; 1; 21; 21; 1
180; 180R; <; 5; 21; 1; 27; 27; 1
180; 180R; <; 6; 16; 1; 33; 33; 1
182; 182H; >; 1; 16; 1; 57; 57; 1
182; 182H; >; 2; 17; 1; 3; 3; 1
182; 182H; >; 3; 18; 1; 9; 9; 1
182; 182H; >; 4; 19; 1; 15; 15; 1
182; 182H; >; 5; 14; 1; 21; 21; 1
182; 182H; >; 6; 9; 1; 27; 27; 1
182; 182R; <; 1; 9; 1; 15; 15; 1
182; 182R; <; 2; 14; 1; 21; 21; 1
182; 182R; <; 3; 19; 1; 27; 27; 1
182; 182R; <; 4; 18; 1; 33; 33; 1
182; 182R; <; 5; 17; 1; 39; 39; 1
182; 182R; <; 6; 16; 1; 45; 45; 1
187; 187H; >; 1; 10; 2; 9; 9; 1
187; 187H; >; 2; 15; 2; 15; 15; 1
187; 187H; >; 3; 14; 2; 21; 21; 1
187; 187H; >; 4; 13; 2; 27; 27; 1
187; 187H; >; 5; 12; 2; 33; 33; 1
187; 187H; >; 6; 11; 2; 39; 39; 1
187; 187H; >; 1; 10; 2; 39; 39; 2
187; 187H; >; 2; 15; 2; 45; 45; 2
187; 187H; >; 3; 14; 2; 51; 51; 2
187; 187H; >; 4; 13; 2; 57; 57; 2
187; 187H; >; 5; 12; 2; 3; 3; 2
187; 187H; >; 6; 11; 2; 9; 9; 2
187; 187R; <; 1; 11; 2; 9; 9; 1
187; 187R; <; 2; 12; 2; 15; 15; 1
187; 187R; <; 3; 13; 2; 21; 21; 1
187; 187R; <; 4; 14; 2; 27; 27; 1
187; 187R; <; 5; 15; 2; 33; 33; 1
187; 187R; <; 6; 10; 2; 39; 39; 1
187; 187R; <; 1; 11; 2; 39; 39; 2
187; 187R; <; 2; 12; 2; 45; 45; 2
187; 187R; <; 3; 13; 2; 51; 51; 2
187; 187R; <; 4; 14; 2; 57; 57; 2
187; 187R; <; 5; 15; 2; 3; 3; 2
187; 187R; <; 6; 10; 2; 9; 9; 2
189; 189H; >; 1; 7; 1; 51; 51; 1
189; 189H; >; 2; 8; 1; 57; 0; 1
189; 189H; >; 3; 13; 1; 6; 6; 1
189; 189H; >; 4; 18; 1; 14; 16; 1
189; 189H; >; 5; 19; 1; 24; 27; 1
189; 189H; >; 6; 20; 1; 33; 33; 1
189; 189R; <; 1; 20; 1; 27; 27; 1
189; 189R; <; 2; 19; 1; 33; 33; 1
189; 189R; <; 3; 18; 1; 39; 39; 1
189; 189R; <; 4; 13; 1; 45; 45; 1
189; 189R; <; 5; 8; 1; 51; 51; 1
189; 189R; <; 6; 7; 1; 57; 57; 1
190; 190H; >; 1; 6; 1; 30; 30; 1
190; 190H; >; 2; 7; 1; 36; 36; 1
190; 190H; >; 3; 12; 1; 42; 42; 1
190; 190H; >; 4; 17; 1; 48; 48; 1
190; 190H; >; 5; 22; 1; 54; 54; 1
190; 190H; >; 6; 23; 1; 0; 0; 1
190; 190R; <; 1; 23; 1; 0; 0; 1
190; 190R; <; 2; 22; 1; 6; 6; 1
190; 190R; <; 3; 17; 1; 12; 12; 1
190; 190R; <; 4; 12; 1; 18; 18; 1
190; 190R; <; 5; 7; 1; 24; 24; 1
190; 190R; <; 6; 6; 1; 30; 30; 1
191; 191H; >; 1; 6; 1; 57; 57; 1
191; 191H; >; 2; 7; 1; 3; 3; 1
191; 191H; >; 3; 12; 1; 9; 9; 1
191; 191H; >; 4; 13; 1; 15; 15; 1
191; 191H; >; 5; 14; 1; 21; 21; 1
191; 191H; >; 6; 15; 1; 27; 27; 1
191; 191R; <; 1; 15; 1; 15; 15; 1
191; 191R; <; 2; 14; 1; 21; 21; 1
191; 191R; <; 3; 13; 1; 27; 27; 1
191; 191R; <; 4; 12; 1; 33; 33; 1
191; 191R; <; 5; 7; 1; 39; 39; 1
191; 191R; <; 6; 6; 1; 45; 45; 1
192; 192H; >; 1; 6; 1; 21; 21; 1
192; 192H; >; 2; 7; 1; 27; 27; 1
192; 192H; >; 3; 8; 1; 33; 33; 1
192; 192H; >; 4; 9; 1; 39; 39; 1
192; 192H; >; 5; 10; 1; 45; 45; 1
192; 192H; >; 6; 15; 1; 51; 51; 1
192; 192R; <; 1; 15; 1; 54; 54; 1
192; 192R; <; 2; 10; 1; 0; 0; 1
192; 192R; <; 3; 9; 1; 6; 6; 1
192; 192R; <; 4; 8; 1; 12; 12; 1
192; 192R; <; 5; 7; 1; 18; 18; 1
192; 192R; <; 6; 6; 1; 24; 24; 1
196; 196H; >; 1; 4; 1; 12; 12; 1
196; 196H; >; 2; 9; 1; 18; 18; 1
196; 196H; >; 3; 14; 1; 24; 24; 1
196; 196H; >; 4; 19; 1; 30; 30; 1
196; 196H; >; 5; 24; 1; 36; 36; 1
196; 196H; >; 6; 25; 1; 42; 42; 1
196; 196R; <; 1; 25; 1; 6; 6; 1
196; 196R; <; 2; 24; 1; 12; 12; 1
196; 196R; <; 3; 19; 1; 18; 18; 1
196; 196R; <; 4; 14; 1; 24; 24; 1
196; 196R; <; 5; 9; 1; 30; 30; 1
196; 196R; <; 6; 4; 1; 36; 36; 1
201; 201H; >; 1; 3; 1; 51; 51; 1
201; 201H; >; 2; 8; 1; 57; 57; 1
201; 201H; >; 3; 13; 1; 3; 3; 1
201; 201H; >; 4; 14; 1; 9; 9; 1
201; 201H; >; 5; 19; 1; 15; 15; 1
201; 201H; >; 6; 20; 1; 21; 21; 1
201; 201R; <; 1; 20; 1; 9; 9; 1
201; 201R; <; 2; 19; 1; 15; 15; 1
201; 201R; <; 3; 14; 1; 21; 21; 1
201; 201R; <; 4; 13; 1; 27; 27; 1
201; 201R; <; 5; 8; 1; 33; 33; 1
201; 201R; <; 6; 3; 1; 39; 39; 1
203; 203H; >; 1; 3; 1; 45; 45; 1
203; 203H; >; 2; 8; 1; 51; 51; 1
203; 203H; >; 3; 13; 1; 57; 57; 1
203; 203H; >; 4; 12; 1; 3; 3; 1
203; 203H; >; 5; 17; 1; 9; 9; 1
203; 203H; >; 6; 16; 1; 15; 15; 1
203; 203R; <; 1; 16; 1; 36; 36; 1
203; 203R; <; 2; 17; 1; 42; 42; 1
203; 203R; <; 3; 12; 1; 48; 48; 1
203; 203R; <; 4; 13; 1; 54; 54; 1
203; 203R; <; 5; 8; 1; 0; 0; 1
203; 203R; <; 6; 3; 1; 6; 6; 1
215; 215H; >; 1; 11; 1; 54; 54; 1
215; 215H; >; 2; 12; 1; 0; 0; 1
215; 215H; >; 3; 17; 1; 6; 6; 1
215; 215H; >; 4; 22; 1; 12; 12; 1
215; 215H; >; 5; 23; 1; 18; 18; 1
215; 215R; <; 1; 23; 1; 0; 0; 1
215; 215R; <; 2; 22; 1; 6; 6; 1
215; 215R; <; 3; 17; 1; 12; 12; 1
215; 215R; <; 4; 12; 1; 18; 18; 1
215; 215R; <; 5; 11; 1; 24; 24; 1
220; 220H; >; 1; 6; 1; 57; 57; 1
220; 220H; >; 2; 7; 1; 3; 3; 1
220; 220H; >; 3; 12; 1; 9; 9; 1
220; 220H; >; 4; 17; 1; 15; 15; 1
220; 220H; >; 5; 16; 1; 21; 21; 1
220; 220R; <; 1; 16; 1; 39; 39; 1
220; 220R; <; 2; 17; 1; 45; 45; 1
220; 220R; <; 3; 12; 1; 51; 51; 1
220; 220R; <; 4; 7; 1; 57; 57; 1
220; 220R; <; 5; 6; 1; 3; 3; 1
222; 222H; >; 1; 5; 1; 3; 3; 1
222; 222H; >; 2; 10; 1; 9; 9; 1
222; 222H; >; 3; 15; 1; 15; 15; 1
222; 222H; >; 4; 20; 1; 21; 21; 1
222; 222H; >; 5; 25; 1; 27; 27; 1
222; 222R; <; 1; 25; 1; 18; 18; 1
222; 222R; <; 2; 20; 1; 24; 24; 1
222; 222R; <; 3; 15; 1; 30; 30; 1
222; 222R; <; 4; 10; 1; 36; 36; 1
222; 222R; <; 5; 5; 1; 42; 42; 1
227; 227H; >; 1; 3; 1; 6; 6; 1
227; 227H; >; 2; 8; 1; 12; 12; 1
227; 227H; >; 3; 7; 1; 18; 18; 1
227; 227H; >; 4; 6; 1; 24; 24; 1
227; 227H; >; 5; 11; 1; 30; 30; 1
227; 227R; <; 1; 11; 1; 15; 15; 1
227; 227R; <; 2; 6; 1; 21; 21; 1
227; 227R; <; 3; 7; 1; 27; 27; 1
227; 227R; <; 4; 8; 1; 33; 33; 1
227; 227R; <; 5; 3; 1; 39; 39; 1
