#timetable found by modulo network simplex algorithm
#Sat Apr  7 09:27:22 2018
1; 0
2; 6
3; 6
4; 12
5; 12
6; 18
7; 18
8; 24
9; 24
10; 30
11; 30
12; 36
13; 18
14; 24
15; 24
16; 30
17; 30
18; 36
19; 36
20; 42
21; 42
22; 48
23; 48
24; 54
25; 54
26; 0
27; 0
28; 6
29; 6
30; 12
31; 12
32; 18
33; 18
34; 24
35; 24
36; 30
37; 18
38; 24
39; 24
40; 30
41; 30
42; 36
43; 36
44; 42
45; 42
46; 48
47; 48
48; 54
49; 39
50; 45
51; 45
52; 51
53; 51
54; 57
55; 57
56; 3
57; 3
58; 9
59; 9
60; 15
61; 39
62; 45
63; 45
64; 51
65; 51
66; 57
67; 57
68; 3
69; 3
70; 9
71; 9
72; 15
73; 51
74; 57
75; 57
76; 3
77; 3
78; 9
79; 9
80; 15
81; 15
82; 21
83; 21
84; 27
85; 3
86; 9
87; 9
88; 15
89; 15
90; 21
91; 21
92; 27
93; 27
94; 33
95; 33
96; 39
97; 57
98; 3
99; 3
100; 9
101; 9
102; 15
103; 18
104; 24
105; 24
106; 30
107; 18
108; 24
109; 24
110; 30
111; 30
112; 36
113; 36
114; 42
115; 42
116; 48
117; 0
118; 6
119; 6
120; 12
121; 12
122; 18
123; 18
124; 24
125; 24
126; 30
127; 39
128; 45
129; 45
130; 51
131; 51
132; 57
133; 57
134; 3
135; 3
136; 9
137; 0
138; 6
139; 6
140; 12
141; 12
142; 18
143; 18
144; 24
145; 24
146; 30
147; 24
148; 30
149; 30
150; 36
151; 36
152; 42
153; 42
154; 48
155; 48
156; 54
157; 18
158; 24
159; 24
160; 30
161; 30
162; 36
163; 36
164; 42
165; 13
166; 21
167; 24
168; 30
169; 30
170; 36
171; 36
172; 42
173; 15
174; 21
175; 21
176; 27
177; 27
178; 33
179; 33
180; 39
181; 54
182; 0
183; 0
184; 6
185; 6
186; 12
187; 12
188; 18
189; 45
190; 51
191; 51
192; 57
193; 57
194; 3
195; 3
196; 9
197; 9
198; 15
199; 45
200; 51
201; 51
202; 57
203; 57
204; 3
205; 3
206; 9
207; 9
208; 15
209; 15
210; 21
211; 21
212; 27
213; 27
214; 33
215; 33
216; 39
217; 39
218; 45
219; 18
220; 24
221; 24
222; 30
223; 30
224; 36
225; 36
226; 42
227; 42
228; 48
229; 21
230; 27
231; 30
232; 36
233; 36
234; 42
235; 42
236; 48
237; 48
238; 54
239; 51
240; 59
241; 0
242; 6
243; 6
244; 12
245; 12
246; 18
247; 18
248; 24
249; 39
250; 45
251; 45
252; 51
253; 51
254; 57
255; 57
256; 3
257; 3
258; 9
259; 9
260; 15
261; 15
262; 21
263; 21
264; 27
265; 27
266; 33
267; 33
268; 39
269; 33
270; 39
271; 39
272; 45
273; 45
274; 51
275; 51
276; 57
277; 57
278; 3
279; 3
280; 9
281; 9
282; 15
283; 15
284; 21
285; 21
286; 27
287; 27
288; 33
289; 36
290; 42
291; 42
292; 48
293; 48
294; 54
295; 54
296; 0
297; 0
298; 6
299; 6
300; 12
301; 12
302; 18
303; 18
304; 24
305; 24
306; 30
307; 30
308; 36
309; 21
310; 27
311; 27
312; 33
313; 33
314; 39
315; 42
316; 48
317; 48
318; 54
319; 12
320; 18
321; 18
322; 24
323; 24
324; 30
325; 30
326; 36
327; 36
328; 42
