# line-id; line-code; direction; stop-order; stop-id; frequency; departure_time; arrival_time; line-repetition
14; 14H; >; 1; 5; 1; 0; 0; 1
14; 14H; >; 2; 10; 1; 6; 6; 1
14; 14H; >; 3; 9; 1; 12; 12; 1
14; 14H; >; 4; 14; 1; 18; 18; 1
14; 14H; >; 5; 19; 1; 24; 24; 1
14; 14H; >; 6; 24; 1; 30; 30; 1
14; 14H; >; 7; 23; 1; 36; 36; 1
14; 14R; <; 1; 23; 1; 18; 18; 1
14; 14R; <; 2; 24; 1; 24; 24; 1
14; 14R; <; 3; 19; 1; 30; 30; 1
14; 14R; <; 4; 14; 1; 36; 36; 1
14; 14R; <; 5; 9; 1; 42; 42; 1
14; 14R; <; 6; 10; 1; 48; 48; 1
14; 14R; <; 7; 5; 1; 54; 54; 1
18; 18H; >; 1; 7; 1; 54; 54; 1
18; 18H; >; 2; 12; 1; 0; 0; 1
18; 18H; >; 3; 13; 1; 6; 6; 1
18; 18H; >; 4; 14; 1; 12; 12; 1
18; 18H; >; 5; 19; 1; 18; 18; 1
18; 18H; >; 6; 24; 1; 24; 24; 1
18; 18H; >; 7; 25; 1; 30; 30; 1
18; 18R; <; 1; 25; 1; 18; 18; 1
18; 18R; <; 2; 24; 1; 24; 24; 1
18; 18R; <; 3; 19; 1; 30; 30; 1
18; 18R; <; 4; 14; 1; 36; 36; 1
18; 18R; <; 5; 13; 1; 42; 42; 1
18; 18R; <; 6; 12; 1; 48; 48; 1
18; 18R; <; 7; 7; 1; 54; 54; 1
21; 21H; >; 1; 1; 1; 39; 39; 1
21; 21H; >; 2; 6; 1; 45; 45; 1
21; 21H; >; 3; 11; 1; 51; 51; 1
21; 21H; >; 4; 16; 1; 57; 57; 1
21; 21H; >; 5; 21; 1; 3; 3; 1
21; 21H; >; 6; 22; 1; 9; 9; 1
21; 21H; >; 7; 23; 1; 15; 15; 1
21; 21R; <; 1; 23; 1; 39; 39; 1
21; 21R; <; 2; 22; 1; 45; 45; 1
21; 21R; <; 3; 21; 1; 51; 51; 1
21; 21R; <; 4; 16; 1; 57; 57; 1
21; 21R; <; 5; 11; 1; 3; 3; 1
21; 21R; <; 6; 6; 1; 9; 9; 1
21; 21R; <; 7; 1; 1; 15; 15; 1
30; 30H; >; 1; 11; 1; 51; 51; 1
30; 30H; >; 2; 12; 1; 57; 57; 1
30; 30H; >; 3; 7; 1; 3; 3; 1
30; 30H; >; 4; 8; 1; 9; 9; 1
30; 30H; >; 5; 13; 1; 15; 15; 1
30; 30H; >; 6; 14; 1; 21; 21; 1
30; 30H; >; 7; 15; 1; 27; 27; 1
30; 30R; <; 1; 15; 1; 3; 3; 1
30; 30R; <; 2; 14; 1; 9; 9; 1
30; 30R; <; 3; 13; 1; 15; 15; 1
30; 30R; <; 4; 8; 1; 21; 21; 1
30; 30R; <; 5; 7; 1; 27; 27; 1
30; 30R; <; 6; 12; 1; 33; 33; 1
30; 30R; <; 7; 11; 1; 39; 39; 1
44; 44H; >; 1; 4; 1; 57; 57; 1
44; 44H; >; 2; 9; 1; 3; 3; 1
44; 44H; >; 3; 14; 1; 9; 9; 1
44; 44H; >; 4; 13; 1; 15; 18; 1
44; 44H; >; 5; 18; 1; 24; 24; 1
44; 44H; >; 6; 23; 1; 30; 30; 1
44; 44R; <; 1; 23; 1; 18; 18; 1
44; 44R; <; 2; 18; 1; 24; 24; 1
44; 44R; <; 3; 13; 1; 30; 30; 1
44; 44R; <; 4; 14; 1; 36; 36; 1
44; 44R; <; 5; 9; 1; 42; 42; 1
44; 44R; <; 6; 4; 1; 48; 48; 1
52; 52H; >; 1; 2; 1; 0; 0; 1
52; 52H; >; 2; 7; 1; 6; 6; 1
52; 52H; >; 3; 12; 1; 12; 12; 1
52; 52H; >; 4; 17; 1; 18; 18; 1
52; 52H; >; 5; 22; 1; 24; 24; 1
52; 52H; >; 6; 23; 1; 30; 30; 1
52; 52R; <; 1; 23; 1; 39; 39; 1
52; 52R; <; 2; 22; 1; 45; 45; 1
52; 52R; <; 3; 17; 1; 51; 51; 1
52; 52R; <; 4; 12; 1; 57; 57; 1
52; 52R; <; 5; 7; 1; 3; 3; 1
52; 52R; <; 6; 2; 1; 9; 9; 1
63; 63H; >; 1; 16; 1; 0; 0; 1
63; 63H; >; 2; 17; 1; 6; 6; 1
63; 63H; >; 3; 18; 1; 12; 12; 1
63; 63H; >; 4; 19; 1; 18; 18; 1
63; 63H; >; 5; 24; 1; 24; 24; 1
63; 63H; >; 6; 25; 1; 30; 30; 1
63; 63R; <; 1; 25; 1; 24; 24; 1
63; 63R; <; 2; 24; 1; 30; 30; 1
63; 63R; <; 3; 19; 1; 36; 36; 1
63; 63R; <; 4; 18; 1; 42; 42; 1
63; 63R; <; 5; 17; 1; 48; 48; 1
63; 63R; <; 6; 16; 1; 54; 54; 1
79; 79H; >; 1; 13; 1; 18; 18; 1
79; 79H; >; 2; 18; 1; 24; 24; 1
79; 79H; >; 3; 19; 1; 30; 30; 1
79; 79H; >; 4; 24; 1; 36; 36; 1
79; 79H; >; 5; 25; 1; 42; 42; 1
79; 79R; <; 1; 25; 1; 13; 13; 1
79; 79R; <; 2; 24; 1; 21; 24; 1
79; 79R; <; 3; 19; 1; 30; 30; 1
79; 79R; <; 4; 18; 1; 36; 36; 1
79; 79R; <; 5; 13; 1; 42; 42; 1
90; 90H; >; 1; 1; 1; 15; 15; 1
90; 90H; >; 2; 6; 1; 21; 21; 1
90; 90H; >; 3; 7; 1; 27; 27; 1
90; 90H; >; 4; 8; 1; 33; 33; 1
90; 90H; >; 5; 9; 1; 39; 39; 1
90; 90R; <; 1; 9; 1; 54; 54; 1
90; 90R; <; 2; 8; 1; 0; 0; 1
90; 90R; <; 3; 7; 1; 6; 6; 1
90; 90R; <; 4; 6; 1; 12; 12; 1
90; 90R; <; 5; 1; 1; 18; 18; 1
136; 136H; >; 1; 13; 1; 45; 45; 1
136; 136H; >; 2; 8; 1; 51; 51; 1
136; 136H; >; 3; 3; 1; 57; 57; 1
136; 136H; >; 4; 4; 1; 3; 3; 1
136; 136H; >; 5; 5; 1; 9; 9; 1
136; 136H; >; 6; 10; 1; 15; 15; 1
136; 136R; <; 1; 10; 1; 45; 45; 1
136; 136R; <; 2; 5; 1; 51; 51; 1
136; 136R; <; 3; 4; 1; 57; 57; 1
136; 136R; <; 4; 3; 1; 3; 3; 1
136; 136R; <; 5; 8; 1; 9; 9; 1
136; 136R; <; 6; 13; 1; 15; 15; 1
140; 140H; >; 1; 11; 1; 15; 15; 1
140; 140H; >; 2; 6; 1; 21; 21; 1
140; 140H; >; 3; 7; 1; 27; 27; 1
140; 140H; >; 4; 8; 1; 33; 33; 1
140; 140H; >; 5; 9; 1; 39; 39; 1
140; 140H; >; 6; 10; 1; 45; 45; 1
140; 140R; <; 1; 10; 1; 18; 18; 1
140; 140R; <; 2; 9; 1; 24; 24; 1
140; 140R; <; 3; 8; 1; 30; 30; 1
140; 140R; <; 4; 7; 1; 36; 36; 1
140; 140R; <; 5; 6; 1; 42; 42; 1
140; 140R; <; 6; 11; 1; 48; 48; 1
146; 146H; >; 1; 20; 2; 21; 21; 1
146; 146H; >; 2; 19; 2; 27; 30; 1
146; 146H; >; 3; 18; 2; 36; 36; 1
146; 146H; >; 4; 13; 2; 42; 42; 1
146; 146H; >; 5; 12; 2; 48; 48; 1
146; 146H; >; 6; 11; 2; 54; 54; 1
146; 146H; >; 1; 20; 2; 51; 51; 2
146; 146H; >; 2; 19; 2; 59; 0; 2
146; 146H; >; 3; 18; 2; 6; 6; 2
146; 146H; >; 4; 13; 2; 12; 12; 2
146; 146H; >; 5; 12; 2; 18; 18; 2
146; 146H; >; 6; 11; 2; 24; 24; 2
146; 146R; <; 1; 11; 2; 39; 39; 1
146; 146R; <; 2; 12; 2; 45; 45; 1
146; 146R; <; 3; 13; 2; 51; 51; 1
146; 146R; <; 4; 18; 2; 57; 57; 1
146; 146R; <; 5; 19; 2; 3; 3; 1
146; 146R; <; 6; 20; 2; 9; 9; 1
146; 146R; <; 1; 11; 2; 9; 9; 2
146; 146R; <; 2; 12; 2; 15; 15; 2
146; 146R; <; 3; 13; 2; 21; 21; 2
146; 146R; <; 4; 18; 2; 27; 27; 2
146; 146R; <; 5; 19; 2; 33; 33; 2
146; 146R; <; 6; 20; 2; 39; 39; 2
149; 149H; >; 1; 18; 2; 33; 33; 1
149; 149H; >; 2; 17; 2; 39; 39; 1
149; 149H; >; 3; 12; 2; 45; 45; 1
149; 149H; >; 4; 13; 2; 51; 51; 1
149; 149H; >; 5; 8; 2; 57; 57; 1
149; 149H; >; 6; 9; 2; 3; 3; 1
149; 149H; >; 1; 18; 2; 3; 3; 2
149; 149H; >; 2; 17; 2; 9; 9; 2
149; 149H; >; 3; 12; 2; 15; 15; 2
149; 149H; >; 4; 13; 2; 21; 21; 2
149; 149H; >; 5; 8; 2; 27; 27; 2
149; 149H; >; 6; 9; 2; 33; 33; 2
149; 149R; <; 1; 9; 2; 36; 36; 1
149; 149R; <; 2; 8; 2; 42; 42; 1
149; 149R; <; 3; 13; 2; 48; 48; 1
149; 149R; <; 4; 12; 2; 54; 54; 1
149; 149R; <; 5; 17; 2; 0; 0; 1
149; 149R; <; 6; 18; 2; 6; 6; 1
149; 149R; <; 1; 9; 2; 6; 6; 2
149; 149R; <; 2; 8; 2; 12; 12; 2
149; 149R; <; 3; 13; 2; 18; 18; 2
149; 149R; <; 4; 12; 2; 24; 24; 2
149; 149R; <; 5; 17; 2; 30; 30; 2
149; 149R; <; 6; 18; 2; 36; 36; 2
153; 153H; >; 1; 12; 1; 21; 21; 1
153; 153H; >; 2; 11; 1; 27; 27; 1
153; 153H; >; 3; 6; 1; 33; 33; 1
153; 153H; >; 4; 1; 1; 39; 42; 1
153; 153H; >; 5; 2; 1; 48; 48; 1
153; 153H; >; 6; 3; 1; 54; 54; 1
153; 153R; <; 1; 3; 1; 12; 12; 1
153; 153R; <; 2; 2; 1; 18; 18; 1
153; 153R; <; 3; 1; 1; 24; 24; 1
153; 153R; <; 4; 6; 1; 30; 30; 1
153; 153R; <; 5; 11; 1; 36; 36; 1
153; 153R; <; 6; 12; 1; 42; 42; 1
