#line-id;line-code;direction;edge-order;edge-id;frequency;departure_time;arrival_time
1;1H;>;1;1;3;0;0
1;1H;>;2;2;3;6;6
1;1H;>;3;3;3;12;12
1;1H;>;4;8;3;18;18
1;1H;>;5;13;3;24;24
1;1H;>;6;18;3;30;30
1;1H;>;7;23;3;36;36
1;1H;>;8;24;3;42;42
1;1H;>;9;25;3;48;48
1;1R;<;1;25;3;10;10
1;1R;<;2;24;3;16;16
1;1R;<;3;23;3;22;22
1;1R;<;4;18;3;28;28
1;1R;<;5;13;3;34;34
1;1R;<;6;8;3;40;40
1;1R;<;7;3;3;46;46
1;1R;<;8;2;3;52;52
1;1R;<;9;1;3;58;58
2;2H;>;1;1;3;10;10
2;2H;>;2;2;3;16;16
2;2H;>;3;3;3;22;22
2;2H;>;4;8;3;28;28
2;2H;>;5;13;3;34;34
2;2H;>;6;18;3;40;40
2;2H;>;7;23;3;46;46
2;2R;<;1;23;3;12;12
2;2R;<;2;18;3;18;18
2;2R;<;3;13;3;24;24
2;2R;<;4;8;3;30;30
2;2R;<;5;3;3;36;36
2;2R;<;6;2;3;42;42
2;2R;<;7;1;3;48;48
3;3H;>;1;6;3;1;1
3;3H;>;2;7;3;7;7
3;3H;>;3;12;3;13;13
3;3H;>;4;13;3;19;19
3;3H;>;5;14;3;25;25
3;3H;>;6;19;3;31;31
3;3H;>;7;20;3;37;37
3;3R;<;1;20;3;1;1
3;3R;<;2;19;3;7;7
3;3R;<;3;14;3;13;13
3;3R;<;4;13;3;19;19
3;3R;<;5;12;3;25;25
3;3R;<;6;7;3;31;31
3;3R;<;7;6;3;37;37
4;4H;>;1;15;3;5;5
4;4H;>;2;10;3;11;11
4;4H;>;3;9;3;17;17
4;4H;>;4;14;3;23;23
4;4H;>;5;13;3;29;29
4;4H;>;6;12;3;35;35
4;4H;>;7;17;3;41;41
4;4H;>;8;16;3;47;47
4;4H;>;9;11;3;53;53
4;4R;<;1;11;3;15;15
4;4R;<;2;16;3;21;21
4;4R;<;3;17;3;27;27
4;4R;<;4;12;3;33;33
4;4R;<;5;13;3;39;39
4;4R;<;6;14;3;45;45
4;4R;<;7;9;3;51;51
4;4R;<;8;10;3;57;57
4;4R;<;9;15;3;3;3
5;5H;>;1;5;3;10;10
5;5H;>;2;4;3;16;16
5;5H;>;3;9;3;22;22
5;5H;>;4;8;3;28;28
5;5H;>;5;13;3;34;34
5;5H;>;6;18;3;40;40
5;5H;>;7;17;3;46;46
5;5H;>;8;22;3;52;52
5;5H;>;9;21;3;58;58
5;5R;<;1;21;3;0;0
5;5R;<;2;22;3;6;6
5;5R;<;3;17;3;12;12
5;5R;<;4;18;3;18;18
5;5R;<;5;13;3;24;24
5;5R;<;6;8;3;30;30
5;5R;<;7;9;3;36;36
5;5R;<;8;4;3;42;42
5;5R;<;9;5;3;48;48
