#event-id; time
1; 0
2; 5
3; 5
4; 10
5; 10
6; 15
7; 15
8; 31
9; 31
10; 38
11; 38
12; 42
13; 0
14; 4
15; 4
16; 11
17; 11
18; 27
19; 27
20; 32
21; 32
22; 37
23; 37
24; 42
25; 0
26; 6
27; 6
28; 11
29; 11
30; 16
31; 16
32; 32
33; 32
34; 39
35; 39
36; 43
37; 0
38; 4
39; 4
40; 11
41; 11
42; 27
43; 27
44; 32
45; 32
46; 37
47; 37
48; 43
49; 0
50; 4
51; 4
52; 10
53; 10
54; 14
55; 14
56; 31
57; 31
58; 37
59; 37
60; 42
61; 0
62; 5
63; 5
64; 11
65; 11
66; 28
67; 28
68; 32
69; 32
70; 38
71; 38
72; 42
73; 0
74; 4
75; 4
76; 8
77; 8
78; 14
79; 14
80; 18
81; 18
82; 35
83; 35
84; 43
85; 0
86; 8
87; 8
88; 25
89; 25
90; 29
91; 29
92; 35
93; 35
94; 39
95; 39
96; 43
97; 0
98; 4
99; 4
100; 8
101; 8
102; 14
103; 14
104; 18
105; 18
106; 35
107; 35
108; 41
109; 0
110; 6
111; 6
112; 23
113; 23
114; 27
115; 27
116; 33
117; 33
118; 37
119; 37
120; 41
121; 0
122; 4
123; 4
124; 11
125; 11
126; 16
127; 16
128; 24
129; 24
130; 28
131; 28
132; 33
133; 30
134; 34
135; 34
136; 41
137; 41
138; 46
139; 46
140; 54
141; 54
142; 58
143; 58
144; 3
145; 0
146; 5
147; 5
148; 9
149; 9
150; 17
151; 17
152; 22
153; 22
154; 29
155; 29
156; 33
157; 30
158; 35
159; 35
160; 39
161; 39
162; 47
163; 47
164; 52
165; 52
166; 59
167; 59
168; 3
169; 0
170; 4
171; 4
172; 11
173; 11
174; 16
175; 16
176; 21
177; 21
178; 28
179; 28
180; 32
181; 30
182; 34
183; 34
184; 41
185; 41
186; 46
187; 46
188; 51
189; 51
190; 58
191; 58
192; 2
193; 0
194; 4
195; 4
196; 11
197; 11
198; 16
199; 16
200; 21
201; 21
202; 28
203; 28
204; 32
205; 30
206; 34
207; 34
208; 41
209; 41
210; 46
211; 46
212; 51
213; 51
214; 58
215; 58
216; 2
217; 0
218; 16
219; 16
220; 20
221; 20
222; 24
223; 24
224; 30
225; 30
226; 34
227; 34
228; 51
229; 0
230; 17
231; 17
232; 21
233; 21
234; 27
235; 27
236; 31
237; 31
238; 35
239; 35
240; 51
241; 0
242; 5
243; 5
244; 10
245; 10
246; 26
247; 26
248; 31
249; 31
250; 38
251; 0
252; 7
253; 7
254; 12
255; 12
256; 28
257; 28
258; 33
259; 33
260; 38
261; 0
262; 5
263; 5
264; 13
265; 13
266; 19
267; 19
268; 23
269; 23
270; 29
271; 30
272; 36
273; 36
274; 40
275; 40
276; 46
277; 46
278; 54
279; 54
280; 59
281; 0
282; 4
283; 4
284; 12
285; 12
286; 16
287; 16
288; 21
289; 21
290; 26
291; 30
292; 35
293; 35
294; 40
295; 40
296; 44
297; 44
298; 52
299; 52
300; 56
301; 0
302; 4
303; 4
304; 10
305; 10
306; 15
307; 15
308; 23
309; 23
310; 27
311; 30
312; 34
313; 34
314; 42
315; 42
316; 47
317; 47
318; 53
319; 53
320; 57
321; 0
322; 4
323; 4
324; 10
325; 10
326; 15
327; 15
328; 20
329; 20
330; 36
331; 0
332; 16
333; 16
334; 21
335; 21
336; 26
337; 26
338; 32
339; 32
340; 36
341; 0
342; 4
343; 4
344; 21
345; 21
346; 27
347; 27
348; 32
349; 32
350; 37
351; 0
352; 5
353; 5
354; 10
355; 10
356; 16
357; 16
358; 33
359; 33
360; 37
361; 0
362; 6
363; 6
364; 12
365; 12
366; 16
367; 16
368; 21
369; 21
370; 26
371; 30
372; 35
373; 35
374; 40
375; 40
376; 44
377; 44
378; 50
379; 50
380; 56
381; 0
382; 6
383; 6
384; 10
385; 10
386; 14
387; 14
388; 30
389; 30
390; 34
391; 0
392; 4
393; 4
394; 20
395; 20
396; 24
397; 24
398; 28
399; 28
400; 34
401; 0
402; 4
403; 4
404; 8
405; 8
406; 16
407; 16
408; 20
409; 20
410; 25
411; 30
412; 35
413; 35
414; 39
415; 39
416; 47
417; 47
418; 51
419; 51
420; 55
421; 0
422; 7
423; 7
424; 12
425; 12
426; 20
427; 20
428; 24
429; 24
430; 29
431; 30
432; 35
433; 35
434; 39
435; 39
436; 47
437; 47
438; 52
439; 52
440; 59
441; 32
442; 37
443; 37
444; 44
445; 44
446; 49
447; 49
448; 55
449; 55
450; 1
451; 2
452; 7
453; 7
454; 14
455; 14
456; 19
457; 19
458; 25
459; 25
460; 31
461; 2
462; 8
463; 8
464; 14
465; 14
466; 19
467; 19
468; 26
469; 26
470; 31
471; 32
472; 38
473; 38
474; 44
475; 44
476; 49
477; 49
478; 56
479; 56
480; 1
481; 0
482; 5
483; 5
484; 12
485; 12
486; 17
487; 17
488; 25
489; 25
490; 29
491; 30
492; 34
493; 34
494; 42
495; 42
496; 47
497; 47
498; 54
499; 54
500; 59
501; 0
502; 5
503; 5
504; 12
505; 12
506; 17
507; 17
508; 25
509; 25
510; 31
511; 0
512; 6
513; 6
514; 14
515; 14
516; 19
517; 19
518; 26
519; 26
520; 31
521; 0
522; 5
523; 5
524; 10
525; 10
526; 14
527; 14
528; 20
529; 20
530; 26
531; 30
532; 36
533; 36
534; 42
535; 42
536; 46
537; 46
538; 51
539; 51
540; 56
541; 0
542; 4
543; 4
544; 8
545; 8
546; 12
547; 12
548; 16
549; 16
550; 20
551; 30
552; 34
553; 34
554; 38
555; 38
556; 42
557; 42
558; 46
559; 46
560; 50
561; 0
562; 4
563; 4
564; 8
565; 8
566; 14
567; 14
568; 18
569; 18
570; 26
571; 30
572; 38
573; 38
574; 42
575; 42
576; 48
577; 48
578; 52
579; 52
580; 56
581; 0
582; 4
583; 4
584; 11
585; 11
586; 16
587; 16
588; 24
589; 24
590; 29
591; 30
592; 35
593; 35
594; 43
595; 43
596; 48
597; 48
598; 55
599; 55
600; 59
601; 0
602; 4
603; 4
604; 12
605; 12
606; 18
607; 18
608; 23
609; 30
610; 35
611; 35
612; 41
613; 41
614; 49
615; 49
616; 53
617; 0
618; 4
619; 4
620; 10
621; 10
622; 14
623; 14
624; 19
625; 30
626; 35
627; 35
628; 39
629; 39
630; 45
631; 45
632; 49
633; 55
634; 59
635; 59
636; 4
637; 4
638; 9
639; 9
640; 14
641; 25
642; 30
643; 30
644; 35
645; 35
646; 40
647; 40
648; 44
649; 0
650; 5
651; 5
652; 13
653; 13
654; 19
655; 19
656; 25
657; 30
658; 36
659; 36
660; 42
661; 42
662; 50
663; 50
664; 55
665; 0
666; 8
667; 8
668; 13
669; 13
670; 17
671; 17
672; 22
673; 30
674; 35
675; 35
676; 39
677; 39
678; 44
679; 44
680; 52
681; 33
682; 38
683; 38
684; 43
685; 43
686; 49
687; 49
688; 57
689; 3
690; 11
691; 11
692; 17
693; 17
694; 22
695; 22
696; 27
697; 0
698; 6
699; 6
700; 10
701; 10
702; 14
703; 14
704; 18
705; 30
706; 34
707; 34
708; 38
709; 38
710; 42
711; 42
712; 48
713; 0
714; 5
715; 5
716; 10
717; 10
718; 26
719; 26
720; 31
721; 0
722; 5
723; 5
724; 21
725; 21
726; 26
727; 26
728; 31
729; 0
730; 4
731; 4
732; 12
733; 12
734; 16
735; 16
736; 21
737; 30
738; 35
739; 35
740; 39
741; 39
742; 47
743; 47
744; 51
745; 0
746; 4
747; 4
748; 12
749; 12
750; 16
751; 16
752; 24
753; 30
754; 38
755; 38
756; 42
757; 42
758; 50
759; 50
760; 54
761; 0
762; 4
763; 4
764; 9
765; 9
766; 14
767; 14
768; 30
769; 30
770; 46
771; 46
772; 51
773; 51
774; 56
775; 56
776; 0
777; 0
778; 4
779; 4
780; 10
781; 10
782; 18
783; 18
784; 22
785; 30
786; 34
787; 34
788; 42
789; 42
790; 48
791; 48
792; 52
793; 0
794; 6
795; 6
796; 12
797; 12
798; 16
799; 16
800; 24
801; 30
802; 38
803; 38
804; 42
805; 42
806; 48
807; 48
808; 54
809; 0
810; 6
811; 6
812; 10
813; 10
814; 16
815; 16
816; 20
817; 30
818; 34
819; 34
820; 40
821; 40
822; 44
823; 44
824; 50
825; 0
826; 5
827; 5
828; 12
829; 12
830; 20
831; 20
832; 24
833; 30
834; 34
835; 34
836; 42
837; 42
838; 49
839; 49
840; 54
841; 0
842; 5
843; 5
844; 12
845; 12
846; 17
847; 17
848; 24
849; 30
850; 37
851; 37
852; 42
853; 42
854; 49
855; 49
856; 54
857; 0
858; 16
859; 16
860; 20
861; 20
862; 24
863; 24
864; 30
865; 30
866; 36
867; 36
868; 40
869; 40
870; 44
871; 44
872; 0
873; 0
874; 5
875; 5
876; 9
877; 9
878; 17
879; 30
880; 38
881; 38
882; 42
883; 42
884; 47
885; 0
886; 5
887; 5
888; 11
889; 11
890; 15
891; 30
892; 34
893; 34
894; 40
895; 40
896; 45
897; 0
898; 5
899; 5
900; 13
901; 13
902; 17
903; 30
904; 34
905; 34
906; 42
907; 42
908; 47
909; 0
910; 8
911; 8
912; 12
913; 12
914; 17
915; 30
916; 35
917; 35
918; 39
919; 39
920; 47
921; 0
922; 5
923; 5
924; 10
925; 10
926; 14
927; 30
928; 34
929; 34
930; 39
931; 39
932; 44
933; 0
934; 4
935; 4
936; 11
937; 11
938; 15
939; 30
940; 34
941; 34
942; 41
943; 41
944; 45
945; 0
946; 5
947; 5
948; 11
949; 11
950; 15
951; 30
952; 34
953; 34
954; 40
955; 40
956; 45
957; 0
958; 5
959; 5
960; 10
961; 10
962; 16
963; 30
964; 36
965; 36
966; 41
967; 41
968; 46
969; 0
970; 16
971; 16
972; 20
973; 20
974; 26
975; 30
976; 36
977; 36
978; 40
979; 40
980; 56
981; 0
982; 8
983; 8
984; 16
985; 30
986; 38
987; 38
988; 46
989; 0
990; 5
991; 5
992; 9
993; 9
994; 14
995; 14
996; 22
997; 22
998; 30
999; 30
1000; 34
1001; 34
1002; 38
1003; 38
1004; 44
1005; 44
1006; 48
1007; 0
1008; 4
1009; 4
1010; 10
1011; 10
1012; 14
1013; 14
1014; 18
1015; 18
1016; 26
1017; 26
1018; 34
1019; 34
1020; 39
1021; 39
1022; 43
1023; 43
1024; 48
1025; 0
1026; 4
1027; 4
1028; 12
1029; 12
1030; 19
1031; 19
1032; 24
1033; 24
1034; 28
1035; 28
1036; 32
1037; 32
1038; 40
1039; 40
1040; 46
1041; 0
1042; 6
1043; 6
1044; 14
1045; 14
1046; 18
1047; 18
1048; 22
1049; 22
1050; 27
1051; 27
1052; 34
1053; 34
1054; 42
1055; 42
1056; 46
1057; 0
1058; 5
1059; 5
1060; 21
1061; 21
1062; 28
1063; 28
1064; 32
1065; 32
1066; 48
1067; 48
1068; 52
1069; 52
1070; 56
1071; 56
1072; 0
1073; 0
1074; 4
1075; 4
1076; 8
1077; 8
1078; 12
1079; 12
1080; 28
1081; 28
1082; 32
1083; 32
1084; 39
1085; 39
1086; 55
1087; 55
1088; 0
1089; 0
1090; 6
1091; 6
1092; 11
1093; 11
1094; 15
1095; 15
1096; 20
1097; 20
1098; 24
1099; 24
1100; 29
1101; 29
1102; 34
1103; 0
1104; 5
1105; 5
1106; 10
1107; 10
1108; 14
1109; 14
1110; 19
1111; 19
1112; 23
1113; 23
1114; 28
1115; 28
1116; 34
1117; 22
1118; 26
1119; 26
1120; 34
1121; 34
1122; 41
1123; 41
1124; 46
1125; 46
1126; 50
1127; 50
1128; 54
1129; 54
1130; 1
1131; 22
1132; 29
1133; 29
1134; 33
1135; 33
1136; 37
1137; 37
1138; 42
1139; 42
1140; 49
1141; 49
1142; 57
1143; 57
1144; 1
1145; 0
1146; 4
1147; 4
1148; 10
1149; 10
1150; 14
1151; 14
1152; 20
1153; 20
1154; 24
1155; 24
1156; 30
1157; 30
1158; 34
1159; 0
1160; 4
1161; 4
1162; 10
1163; 10
1164; 14
1165; 14
1166; 20
1167; 20
1168; 24
1169; 24
1170; 30
1171; 30
1172; 34
1173; 0
1174; 6
1175; 6
1176; 11
1177; 11
1178; 15
1179; 15
1180; 23
1181; 23
1182; 27
1183; 27
1184; 31
1185; 0
1186; 4
1187; 4
1188; 8
1189; 8
1190; 16
1191; 16
1192; 20
1193; 20
1194; 25
1195; 25
1196; 31
1197; 20
1198; 28
1199; 28
1200; 33
1201; 33
1202; 39
1203; 39
1204; 43
1205; 43
1206; 47
1207; 47
1208; 51
1209; 20
1210; 24
1211; 24
1212; 28
1213; 28
1214; 32
1215; 32
1216; 38
1217; 38
1218; 43
1219; 43
1220; 51
1221; 0
1222; 6
1223; 6
1224; 11
1225; 11
1226; 16
1227; 16
1228; 21
1229; 21
1230; 26
1231; 30
1232; 35
1233; 35
1234; 40
1235; 40
1236; 45
1237; 45
1238; 50
1239; 50
1240; 56
1241; 0
1242; 6
1243; 6
1244; 23
1245; 23
1246; 27
1247; 27
1248; 33
1249; 33
1250; 37
1251; 0
1252; 4
1253; 4
1254; 10
1255; 10
1256; 14
1257; 14
1258; 31
1259; 31
1260; 37
1261; 0
1262; 4
1263; 4
1264; 8
1265; 8
1266; 14
1267; 14
1268; 19
1269; 19
1270; 24
1271; 30
1272; 35
1273; 35
1274; 40
1275; 40
1276; 46
1277; 46
1278; 50
1279; 50
1280; 54
1281; 0
1282; 4
1283; 4
1284; 8
1285; 8
1286; 14
1287; 14
1288; 18
1289; 18
1290; 22
1291; 30
1292; 34
1293; 34
1294; 38
1295; 38
1296; 44
1297; 44
1298; 48
1299; 48
1300; 52
1301; 0
1302; 5
1303; 5
1304; 10
1305; 10
1306; 16
1307; 16
1308; 22
1309; 22
1310; 26
1311; 30
1312; 34
1313; 34
1314; 40
1315; 40
1316; 46
1317; 46
1318; 51
1319; 51
1320; 56
1321; 0
1322; 4
1323; 4
1324; 10
1325; 10
1326; 15
1327; 15
1328; 20
1329; 20
1330; 24
1331; 30
1332; 34
1333; 34
1334; 39
1335; 39
1336; 44
1337; 44
1338; 50
1339; 50
1340; 54
1341; 0
1342; 8
1343; 8
1344; 15
1345; 15
1346; 20
1347; 20
1348; 24
1349; 30
1350; 34
1351; 34
1352; 39
1353; 39
1354; 46
1355; 46
1356; 54
1357; 0
1358; 5
1359; 5
1360; 10
1361; 10
1362; 14
1363; 14
1364; 18
1365; 30
1366; 34
1367; 34
1368; 38
1369; 38
1370; 43
1371; 43
1372; 48
1373; 0
1374; 5
1375; 5
1376; 12
1377; 12
1378; 17
1379; 17
1380; 21
1381; 30
1382; 34
1383; 34
1384; 39
1385; 39
1386; 46
1387; 46
1388; 51
1389; 0
1390; 4
1391; 4
1392; 10
1393; 10
1394; 14
1395; 14
1396; 18
1397; 30
1398; 34
1399; 34
1400; 38
1401; 38
1402; 44
1403; 44
1404; 48
1405; 0
1406; 6
1407; 6
1408; 14
1409; 14
1410; 21
1411; 30
1412; 37
1413; 37
1414; 45
1415; 45
1416; 51
1417; 0
1418; 4
1419; 4
1420; 8
1421; 8
1422; 12
1423; 30
1424; 34
1425; 34
1426; 38
1427; 38
1428; 42
1429; 0
1430; 4
1431; 4
1432; 11
1433; 11
1434; 16
1435; 30
1436; 35
1437; 35
1438; 42
1439; 42
1440; 46
1441; 0
1442; 4
1443; 4
1444; 10
1445; 30
1446; 36
1447; 36
1448; 40
1449; 0
1450; 5
1451; 5
1452; 10
1453; 10
1454; 16
1455; 16
1456; 22
1457; 30
1458; 36
1459; 36
1460; 42
1461; 42
1462; 47
1463; 47
1464; 52
1465; 0
1466; 5
1467; 5
1468; 13
1469; 30
1470; 38
1471; 38
1472; 43
1473; 8
1474; 15
1475; 15
1476; 23
1477; 23
1478; 27
1479; 27
1480; 32
1481; 38
1482; 43
1483; 43
1484; 47
1485; 47
1486; 55
1487; 55
1488; 2
1489; 0
1490; 4
1491; 4
1492; 8
1493; 8
1494; 16
1495; 16
1496; 20
1497; 20
1498; 25
1499; 30
1500; 35
1501; 35
1502; 39
1503; 39
1504; 47
1505; 47
1506; 51
1507; 51
1508; 55
1509; 49
1510; 53
1511; 53
1512; 57
1513; 57
1514; 1
1515; 1
1516; 5
1517; 5
1518; 9
1519; 9
1520; 17
1521; 19
1522; 23
1523; 23
1524; 27
1525; 27
1526; 31
1527; 31
1528; 35
1529; 35
1530; 39
1531; 39
1532; 47
1533; 19
1534; 27
1535; 27
1536; 31
1537; 31
1538; 35
1539; 35
1540; 39
1541; 39
1542; 43
1543; 43
1544; 47
1545; 49
1546; 57
1547; 57
1548; 1
1549; 1
1550; 5
1551; 5
1552; 9
1553; 9
1554; 13
1555; 13
1556; 17
