#timetable found by modulo network simplex algorithm
#Wed Dec 19 23:23:20 2018
1; 0
2; 5
3; 5
4; 10
5; 10
6; 12
7; 12
8; 14
9; 14
10; 16
11; 16
12; 18
13; 18
14; 20
15; 20
16; 23
17; 23
18; 25
19; 25
20; 27
21; 27
22; 29
23; 29
24; 31
25; 0
26; 2
27; 2
28; 4
29; 4
30; 6
31; 6
32; 8
33; 8
34; 11
35; 11
36; 13
37; 13
38; 15
39; 15
40; 17
41; 17
42; 19
43; 19
44; 21
45; 21
46; 26
47; 26
48; 31
49; 39
50; 41
51; 41
52; 43
53; 43
54; 45
55; 45
56; 47
57; 47
58; 49
59; 49
60; 52
61; 52
62; 55
63; 55
64; 57
65; 57
66; 59
67; 59
68; 1
69; 4
70; 7
71; 10
72; 13
73; 9
74; 11
75; 11
76; 13
77; 13
78; 15
79; 15
80; 17
81; 17
82; 19
83; 19
84; 22
85; 22
86; 25
87; 25
88; 27
89; 27
90; 29
91; 29
92; 31
93; 34
94; 37
95; 40
96; 43
97; 44
98; 46
99; 46
100; 48
101; 48
102; 50
103; 50
104; 52
105; 52
106; 54
107; 54
108; 57
109; 57
110; 0
111; 0
112; 2
113; 2
114; 4
115; 4
116; 6
117; 6
118; 8
119; 8
120; 10
121; 14
122; 16
123; 16
124; 18
125; 18
126; 20
127; 20
128; 22
129; 22
130; 24
131; 24
132; 27
133; 27
134; 30
135; 30
136; 32
137; 32
138; 34
139; 34
140; 36
141; 36
142; 38
143; 38
144; 40
145; 15
146; 17
147; 17
148; 19
149; 19
150; 21
151; 21
152; 23
153; 23
154; 25
155; 25
156; 28
157; 28
158; 30
159; 30
160; 32
161; 32
162; 34
163; 34
164; 36
165; 36
166; 38
167; 45
168; 47
169; 47
170; 49
171; 49
172; 51
173; 51
174; 53
175; 53
176; 55
177; 55
178; 58
179; 58
180; 0
181; 0
182; 2
183; 2
184; 4
185; 4
186; 6
187; 6
188; 8
189; 51
190; 53
191; 53
192; 55
193; 55
194; 57
195; 57
196; 59
197; 59
198; 1
199; 1
200; 4
201; 4
202; 6
203; 6
204; 8
205; 8
206; 10
207; 10
208; 12
209; 12
210; 14
211; 21
212; 23
213; 23
214; 25
215; 25
216; 27
217; 27
218; 29
219; 29
220; 31
221; 31
222; 34
223; 34
224; 36
225; 36
226; 38
227; 38
228; 40
229; 40
230; 42
231; 42
232; 44
233; 14
234; 16
235; 16
236; 18
237; 18
238; 20
239; 20
240; 22
241; 22
242; 24
243; 24
244; 27
245; 27
246; 29
247; 29
248; 31
249; 31
250; 33
251; 33
252; 35
253; 35
254; 37
255; 44
256; 46
257; 46
258; 48
259; 48
260; 50
261; 50
262; 52
263; 52
264; 54
265; 54
266; 57
267; 57
268; 59
269; 59
270; 1
271; 1
272; 3
273; 3
274; 5
275; 5
276; 7
277; 23
278; 25
279; 25
280; 27
281; 27
282; 29
283; 29
284; 31
285; 31
286; 33
287; 33
288; 36
289; 36
290; 38
291; 38
292; 40
293; 40
294; 42
295; 42
296; 44
297; 44
298; 46
299; 53
300; 55
301; 55
302; 57
303; 57
304; 59
305; 59
306; 1
307; 1
308; 3
309; 3
310; 6
311; 6
312; 8
313; 8
314; 10
315; 10
316; 12
317; 12
318; 14
319; 14
320; 16
321; 11
322; 13
323; 13
324; 15
325; 15
326; 17
327; 17
328; 19
329; 19
330; 21
331; 21
332; 24
333; 24
334; 26
335; 26
336; 28
337; 28
338; 30
339; 30
340; 32
341; 32
342; 34
343; 45
344; 47
345; 47
346; 49
347; 49
348; 51
349; 51
350; 53
351; 53
352; 55
353; 55
354; 58
355; 58
356; 0
357; 0
358; 2
359; 2
360; 4
361; 4
362; 6
363; 6
364; 8
365; 50
366; 52
367; 52
368; 54
369; 54
370; 56
371; 56
372; 58
373; 58
374; 0
375; 0
376; 2
377; 2
378; 4
379; 4
380; 6
381; 6
382; 8
383; 11
384; 13
385; 13
386; 15
387; 20
388; 22
389; 22
390; 24
391; 24
392; 26
393; 26
394; 28
395; 28
396; 30
397; 30
398; 32
399; 32
400; 34
401; 34
402; 36
403; 36
404; 38
405; 41
406; 43
407; 43
408; 45
409; 34
410; 36
411; 36
412; 38
413; 41
414; 43
415; 43
416; 45
417; 45
418; 47
419; 47
420; 49
421; 49
422; 51
423; 51
424; 53
425; 53
426; 55
427; 55
428; 57
429; 57
430; 59
431; 4
432; 6
433; 6
434; 8
435; 11
436; 13
437; 13
438; 15
439; 15
440; 17
441; 17
442; 19
443; 19
444; 21
445; 21
446; 23
447; 23
448; 25
449; 25
450; 27
451; 27
452; 29
453; 38
454; 40
455; 40
456; 42
457; 42
458; 44
459; 44
460; 46
461; 46
462; 48
463; 48
464; 51
465; 51
466; 53
467; 53
468; 55
469; 55
470; 57
471; 57
472; 59
473; 59
474; 2
475; 8
476; 10
477; 10
478; 12
479; 12
480; 14
481; 14
482; 16
483; 16
484; 18
485; 18
486; 21
487; 21
488; 23
489; 23
490; 25
491; 25
492; 27
493; 27
494; 29
495; 29
496; 31
497; 38
498; 40
499; 40
500; 42
501; 42
502; 44
503; 44
504; 46
505; 46
506; 48
507; 48
508; 51
509; 51
510; 53
511; 53
512; 55
513; 55
514; 58
515; 0
516; 3
517; 6
518; 9
519; 8
520; 10
521; 10
522; 12
523; 12
524; 14
525; 14
526; 16
527; 16
528; 18
529; 18
530; 21
531; 21
532; 23
533; 23
534; 25
535; 25
536; 27
537; 30
538; 33
539; 36
540; 39
541; 12
542; 14
543; 14
544; 16
545; 16
546; 18
547; 18
548; 20
549; 20
550; 22
551; 22
552; 25
553; 25
554; 27
555; 27
556; 29
557; 32
558; 35
559; 38
560; 41
561; 44
562; 47
563; 42
564; 44
565; 44
566; 46
567; 46
568; 48
569; 48
570; 50
571; 50
572; 52
573; 52
574; 55
575; 55
576; 57
577; 57
578; 59
579; 2
580; 5
581; 8
582; 11
583; 14
584; 17
585; 38
586; 40
587; 40
588; 42
589; 42
590; 44
591; 44
592; 46
593; 46
594; 48
595; 48
596; 51
597; 51
598; 53
599; 53
600; 55
601; 55
602; 57
603; 57
604; 59
605; 59
606; 2
607; 8
608; 10
609; 10
610; 12
611; 12
612; 14
613; 14
614; 16
615; 16
616; 18
617; 18
618; 21
619; 21
620; 23
621; 23
622; 25
623; 25
624; 27
625; 27
626; 29
627; 29
628; 31
629; 8
630; 10
631; 10
632; 12
633; 12
634; 14
635; 14
636; 16
637; 16
638; 18
639; 18
640; 21
641; 21
642; 23
643; 23
644; 25
645; 25
646; 27
647; 27
648; 29
649; 29
650; 32
651; 38
652; 40
653; 40
654; 42
655; 42
656; 44
657; 44
658; 46
659; 46
660; 48
661; 48
662; 51
663; 51
664; 53
665; 53
666; 55
667; 55
668; 57
669; 57
670; 59
671; 59
672; 1
673; 42
674; 44
675; 44
676; 46
677; 46
678; 48
679; 48
680; 50
681; 50
682; 52
683; 52
684; 55
685; 55
686; 57
687; 57
688; 59
689; 2
690; 5
691; 8
692; 11
693; 14
694; 17
695; 12
696; 14
697; 14
698; 16
699; 16
700; 18
701; 18
702; 20
703; 20
704; 22
705; 22
706; 25
707; 25
708; 27
709; 27
710; 30
711; 32
712; 35
713; 38
714; 41
715; 44
716; 47
717; 44
718; 46
719; 46
720; 48
721; 48
722; 50
723; 50
724; 52
725; 52
726; 54
727; 54
728; 57
729; 57
730; 59
731; 59
732; 1
733; 4
734; 7
735; 10
736; 13
737; 16
738; 19
739; 14
740; 16
741; 16
742; 18
743; 18
744; 20
745; 20
746; 22
747; 22
748; 24
749; 24
750; 27
751; 27
752; 29
753; 29
754; 31
755; 34
756; 37
757; 40
758; 43
759; 46
760; 49
761; 36
762; 38
763; 38
764; 40
765; 40
766; 42
767; 42
768; 44
769; 44
770; 46
771; 46
772; 49
773; 49
774; 51
775; 51
776; 53
777; 53
778; 55
779; 55
780; 57
781; 57
782; 0
783; 6
784; 8
785; 8
786; 10
787; 10
788; 12
789; 12
790; 14
791; 14
792; 16
793; 16
794; 19
795; 19
796; 21
797; 21
798; 23
799; 23
800; 25
801; 25
802; 27
803; 27
804; 29
805; 42
806; 44
807; 44
808; 46
809; 46
810; 48
811; 48
812; 50
813; 50
814; 52
815; 52
816; 55
817; 55
818; 57
819; 57
820; 59
821; 59
822; 1
823; 1
824; 3
825; 3
826; 6
827; 12
828; 14
829; 14
830; 16
831; 16
832; 18
833; 18
834; 20
835; 20
836; 22
837; 22
838; 25
839; 25
840; 27
841; 27
842; 29
843; 29
844; 31
845; 31
846; 33
847; 33
848; 35
849; 48
850; 50
851; 50
852; 52
853; 52
854; 54
855; 54
856; 56
857; 56
858; 58
859; 58
860; 1
861; 1
862; 3
863; 3
864; 5
865; 8
866; 11
867; 14
868; 17
869; 20
870; 23
871; 18
872; 20
873; 20
874; 22
875; 22
876; 24
877; 24
878; 26
879; 26
880; 28
881; 28
882; 31
883; 31
884; 33
885; 33
886; 35
887; 38
888; 41
889; 44
890; 47
891; 50
892; 53
893; 36
894; 38
895; 38
896; 40
897; 40
898; 42
899; 42
900; 44
901; 44
902; 46
903; 46
904; 49
905; 52
906; 55
907; 58
908; 1
909; 4
910; 7
911; 10
912; 13
913; 16
914; 19
915; 6
916; 8
917; 8
918; 10
919; 10
920; 12
921; 12
922; 14
923; 14
924; 16
925; 16
926; 19
927; 22
928; 25
929; 28
930; 31
931; 34
932; 37
933; 40
934; 43
935; 46
936; 49
937; 42
938; 44
939; 44
940; 46
941; 46
942; 48
943; 48
944; 50
945; 50
946; 52
947; 52
948; 55
949; 55
950; 57
951; 57
952; 59
953; 59
954; 1
955; 1
956; 3
957; 3
958; 5
959; 12
960; 14
961; 14
962; 16
963; 16
964; 18
965; 18
966; 20
967; 20
968; 22
969; 22
970; 25
971; 25
972; 27
973; 27
974; 29
975; 29
976; 31
977; 31
978; 33
979; 33
980; 35
981; 12
982; 14
983; 14
984; 16
985; 16
986; 18
987; 18
988; 20
989; 20
990; 22
991; 22
992; 25
993; 25
994; 27
995; 27
996; 29
997; 29
998; 31
999; 34
1000; 37
1001; 40
1002; 43
1003; 42
1004; 44
1005; 44
1006; 46
1007; 46
1008; 48
1009; 48
1010; 50
1011; 50
1012; 52
1013; 52
1014; 55
1015; 55
1016; 57
1017; 57
1018; 59
1019; 59
1020; 1
1021; 4
1022; 7
1023; 10
1024; 13
1025; 6
1026; 8
1027; 8
1028; 10
1029; 10
1030; 12
1031; 12
1032; 14
1033; 14
1034; 16
1035; 16
1036; 19
1037; 22
1038; 25
1039; 28
1040; 31
1041; 34
1042; 37
1043; 40
1044; 43
1045; 46
1046; 49
1047; 36
1048; 38
1049; 38
1050; 40
1051; 40
1052; 42
1053; 42
1054; 44
1055; 44
1056; 46
1057; 46
1058; 50
1059; 52
1060; 55
1061; 58
1062; 1
1063; 4
1064; 7
1065; 10
1066; 13
1067; 16
1068; 19
1069; 42
1070; 44
1071; 44
1072; 46
1073; 46
1074; 48
1075; 48
1076; 50
1077; 50
1078; 52
1079; 52
1080; 55
1081; 58
1082; 1
1083; 4
1084; 7
1085; 10
1086; 13
1087; 16
1088; 19
1089; 22
1090; 25
1091; 12
1092; 14
1093; 14
1094; 16
1095; 16
1096; 18
1097; 18
1098; 20
1099; 20
1100; 22
1101; 22
1102; 25
1103; 28
1104; 31
1105; 34
1106; 37
1107; 40
1108; 43
1109; 46
1110; 49
1111; 52
1112; 55
1113; 14
1114; 16
1115; 16
1116; 18
1117; 18
1118; 20
1119; 20
1120; 22
1121; 22
1122; 24
1123; 24
1124; 27
1125; 27
1126; 29
1127; 29
1128; 31
1129; 31
1130; 33
1131; 36
1132; 39
1133; 42
1134; 45
1135; 44
1136; 46
1137; 46
1138; 48
1139; 48
1140; 50
1141; 50
1142; 52
1143; 52
1144; 54
1145; 54
1146; 57
1147; 57
1148; 59
1149; 59
1150; 1
1151; 1
1152; 3
1153; 6
1154; 9
1155; 12
1156; 15
1157; 44
1158; 46
1159; 46
1160; 48
1161; 48
1162; 50
1163; 50
1164; 52
1165; 52
1166; 55
1167; 55
1168; 58
1169; 1
1170; 4
1171; 7
1172; 10
1173; 13
1174; 16
1175; 19
1176; 22
1177; 25
1178; 28
1179; 14
1180; 16
1181; 16
1182; 18
1183; 18
1184; 20
1185; 20
1186; 22
1187; 22
1188; 25
1189; 25
1190; 28
1191; 31
1192; 34
1193; 37
1194; 40
1195; 43
1196; 46
1197; 49
1198; 52
1199; 55
1200; 58
1201; 42
1202; 44
1203; 44
1204; 46
1205; 46
1206; 48
1207; 48
1208; 50
1209; 50
1210; 52
1211; 52
1212; 55
1213; 55
1214; 58
1215; 58
1216; 0
1217; 3
1218; 6
1219; 9
1220; 12
1221; 15
1222; 18
1223; 12
1224; 14
1225; 14
1226; 16
1227; 16
1228; 18
1229; 18
1230; 20
1231; 20
1232; 22
1233; 22
1234; 25
1235; 25
1236; 28
1237; 28
1238; 30
1239; 33
1240; 36
1241; 39
1242; 42
1243; 45
1244; 48
1245; 45
1246; 47
1247; 47
1248; 49
1249; 49
1250; 51
1251; 51
1252; 53
1253; 53
1254; 55
1255; 55
1256; 58
1257; 58
1258; 0
1259; 0
1260; 2
1261; 2
1262; 4
1263; 4
1264; 6
1265; 6
1266; 8
1267; 15
1268; 17
1269; 17
1270; 19
1271; 19
1272; 21
1273; 21
1274; 23
1275; 23
1276; 25
1277; 25
1278; 28
1279; 28
1280; 30
1281; 30
1282; 32
1283; 32
1284; 34
1285; 34
1286; 36
1287; 36
1288; 38
1289; 44
1290; 46
1291; 46
1292; 48
1293; 48
1294; 50
1295; 50
1296; 52
1297; 52
1298; 54
1299; 54
1300; 57
1301; 57
1302; 59
1303; 59
1304; 1
1305; 1
1306; 3
1307; 3
1308; 5
1309; 5
1310; 7
1311; 14
1312; 16
1313; 16
1314; 18
1315; 18
1316; 20
1317; 20
1318; 22
1319; 22
1320; 24
1321; 24
1322; 27
1323; 27
1324; 29
1325; 29
1326; 31
1327; 31
1328; 33
1329; 33
1330; 35
1331; 35
1332; 37
1333; 38
1334; 39
1335; 39
1336; 40
1337; 40
1338; 41
1339; 41
1340; 42
1341; 42
1342; 43
1343; 43
1344; 44
1345; 44
1346; 45
1347; 45
1348; 46
1349; 49
1350; 50
1351; 53
1352; 56
1353; 3
1354; 5
1355; 5
1356; 6
1357; 6
1358; 7
1359; 7
1360; 8
1361; 8
1362; 9
1363; 9
1364; 10
1365; 10
1366; 11
1367; 11
1368; 12
1369; 12
1370; 13
1371; 13
1372; 14
1373; 18
1374; 20
1375; 20
1376; 22
1377; 22
1378; 24
1379; 24
1380; 26
1381; 26
1382; 28
1383; 28
1384; 30
1385; 30
1386; 32
1387; 32
1388; 34
1389; 34
1390; 36
1391; 36
1392; 38
1393; 41
1394; 43
1395; 43
1396; 45
1397; 45
1398; 47
1399; 47
1400; 49
1401; 49
1402; 51
1403; 51
1404; 53
1405; 53
1406; 55
1407; 55
1408; 57
1409; 57
1410; 59
1411; 2
1412; 5
1413; 18
1414; 20
1415; 20
1416; 22
1417; 22
1418; 24
1419; 24
1420; 26
1421; 26
1422; 28
1423; 28
1424; 30
1425; 30
1426; 32
1427; 32
1428; 34
1429; 34
1430; 36
1431; 36
1432; 38
1433; 44
1434; 46
1435; 46
1436; 48
1437; 48
1438; 50
1439; 50
1440; 52
1441; 52
1442; 54
1443; 54
1444; 56
1445; 56
1446; 58
1447; 58
1448; 0
1449; 0
1450; 2
1451; 2
1452; 4
1453; 18
1454; 20
1455; 20
1456; 22
1457; 22
1458; 24
1459; 24
1460; 26
1461; 26
1462; 28
1463; 28
1464; 30
1465; 30
1466; 32
1467; 32
1468; 34
1469; 34
1470; 36
1471; 36
1472; 38
1473; 11
1474; 13
1475; 13
1476; 15
1477; 15
1478; 17
1479; 17
1480; 19
1481; 19
1482; 21
1483; 21
1484; 23
1485; 23
1486; 25
1487; 28
1488; 31
1489; 34
1490; 37
1491; 40
1492; 43
1493; 42
1494; 44
1495; 44
1496; 46
1497; 46
1498; 48
1499; 48
1500; 50
1501; 50
1502; 53
1503; 53
1504; 55
1505; 55
1506; 57
1507; 57
1508; 59
1509; 59
1510; 2
1511; 12
1512; 14
1513; 14
1514; 16
1515; 16
1516; 18
1517; 18
1518; 20
1519; 20
1520; 23
1521; 23
1522; 25
1523; 25
1524; 27
1525; 27
1526; 29
1527; 29
1528; 31
1529; 14
1530; 16
1531; 16
1532; 18
1533; 18
1534; 20
1535; 20
1536; 22
1537; 22
1538; 25
1539; 28
1540; 31
1541; 34
1542; 37
1543; 40
1544; 43
1545; 46
1546; 49
1547; 44
1548; 46
1549; 46
1550; 48
1551; 48
1552; 50
1553; 50
1554; 52
1555; 52
1556; 55
1557; 58
1558; 1
1559; 4
1560; 7
1561; 10
1562; 13
1563; 16
1564; 19
1565; 39
1566; 41
1567; 41
1568; 43
1569; 43
1570; 45
1571; 45
1572; 47
1573; 47
1574; 49
1575; 0
1576; 2
1577; 2
1578; 4
1579; 4
1580; 6
1581; 6
1582; 8
1583; 8
1584; 10
1585; 25
1586; 27
1587; 27
1588; 29
1589; 29
1590; 31
1591; 34
1592; 37
1593; 40
1594; 43
1595; 21
1596; 23
1597; 23
1598; 25
1599; 25
1600; 27
1601; 27
1602; 29
1603; 29
1604; 31
1605; 21
1606; 23
1607; 23
1608; 25
1609; 25
1610; 27
1611; 27
1612; 29
1613; 29
1614; 31
1615; 25
1616; 27
1617; 27
1618; 29
1619; 29
1620; 31
1621; 34
1622; 37
1623; 40
1624; 43
1625; 12
1626; 14
1627; 14
1628; 16
1629; 16
1630; 18
1631; 18
1632; 20
1633; 23
1634; 26
1635; 21
1636; 23
1637; 23
1638; 25
1639; 25
1640; 27
1641; 27
1642; 29
1643; 29
1644; 31
1645; 55
1646; 57
1647; 57
1648; 59
1649; 59
1650; 1
1651; 4
1652; 7
1653; 10
1654; 13
1655; 21
1656; 23
1657; 23
1658; 25
1659; 25
1660; 27
1661; 27
1662; 29
1663; 29
1664; 31
1665; 21
1666; 23
1667; 23
1668; 25
1669; 25
1670; 27
1671; 27
1672; 29
1673; 29
1674; 31
1675; 55
1676; 57
1677; 57
1678; 59
1679; 59
1680; 1
1681; 4
1682; 7
1683; 10
1684; 13
1685; 21
1686; 23
1687; 23
1688; 25
1689; 25
1690; 27
1691; 27
1692; 29
1693; 29
1694; 31
1695; 21
1696; 23
1697; 23
1698; 25
1699; 25
1700; 27
1701; 27
1702; 29
1703; 29
1704; 31
1705; 18
1706; 20
1707; 20
1708; 22
1709; 22
1710; 24
1711; 24
1712; 26
1713; 26
1714; 28
1715; 28
1716; 30
1717; 30
1718; 32
1719; 32
1720; 34
1721; 34
1722; 36
1723; 36
1724; 38
1725; 41
1726; 43
1727; 43
1728; 45
1729; 45
1730; 47
1731; 47
1732; 49
1733; 49
1734; 51
1735; 51
1736; 53
1737; 53
1738; 55
1739; 55
1740; 57
1741; 57
1742; 59
1743; 59
1744; 1
1745; 18
1746; 20
1747; 20
1748; 22
1749; 22
1750; 24
1751; 24
1752; 26
1753; 26
1754; 28
1755; 28
1756; 30
1757; 30
1758; 32
1759; 32
1760; 34
1761; 34
1762; 36
1763; 36
1764; 38
1765; 41
1766; 43
1767; 43
1768; 45
1769; 45
1770; 47
1771; 47
1772; 49
1773; 49
1774; 51
1775; 51
1776; 53
1777; 53
1778; 55
1779; 55
1780; 57
1781; 57
1782; 59
1783; 2
1784; 5
1785; 48
1786; 50
1787; 50
1788; 52
1789; 52
1790; 54
1791; 54
1792; 56
1793; 56
1794; 58
1795; 58
1796; 0
1797; 0
1798; 2
1799; 2
1800; 4
1801; 4
1802; 6
1803; 6
1804; 8
1805; 11
1806; 13
1807; 13
1808; 15
1809; 15
1810; 17
1811; 17
1812; 19
1813; 19
1814; 21
1815; 21
1816; 23
1817; 23
1818; 25
1819; 25
1820; 27
1821; 27
1822; 29
1823; 29
1824; 31
1825; 18
1826; 20
1827; 20
1828; 22
1829; 22
1830; 24
1831; 24
1832; 26
1833; 26
1834; 28
1835; 28
1836; 30
1837; 30
1838; 32
1839; 32
1840; 34
1841; 34
1842; 36
1843; 36
1844; 38
1845; 41
1846; 43
1847; 43
1848; 45
1849; 45
1850; 47
1851; 47
1852; 49
1853; 49
1854; 51
1855; 51
1856; 53
1857; 53
1858; 55
1859; 55
1860; 57
1861; 57
1862; 59
1863; 59
1864; 1
1865; 48
1866; 50
1867; 50
1868; 52
1869; 52
1870; 54
1871; 54
1872; 56
1873; 56
1874; 58
1875; 58
1876; 0
1877; 0
1878; 2
1879; 2
1880; 4
1881; 4
1882; 6
1883; 6
1884; 8
1885; 11
1886; 13
1887; 13
1888; 15
1889; 15
1890; 17
1891; 17
1892; 19
1893; 19
1894; 21
1895; 21
1896; 23
1897; 23
1898; 25
1899; 25
1900; 27
1901; 27
1902; 29
1903; 29
1904; 31
1905; 18
1906; 20
1907; 20
1908; 22
1909; 22
1910; 24
1911; 24
1912; 26
1913; 26
1914; 28
1915; 28
1916; 30
1917; 30
1918; 32
1919; 32
1920; 34
1921; 34
1922; 36
1923; 36
1924; 38
1925; 41
1926; 43
1927; 43
1928; 45
1929; 45
1930; 47
1931; 47
1932; 49
1933; 49
1934; 51
1935; 51
1936; 53
1937; 53
1938; 55
1939; 55
1940; 57
1941; 57
1942; 59
1943; 59
1944; 1
1945; 18
1946; 20
1947; 20
1948; 22
1949; 22
1950; 24
1951; 24
1952; 26
1953; 26
1954; 28
1955; 28
1956; 30
1957; 30
1958; 32
1959; 32
1960; 34
1961; 34
1962; 36
1963; 36
1964; 38
1965; 41
1966; 43
1967; 43
1968; 45
1969; 45
1970; 47
1971; 47
1972; 49
1973; 49
1974; 51
1975; 51
1976; 53
1977; 53
1978; 55
1979; 55
1980; 57
1981; 57
1982; 59
1983; 59
1984; 1
1985; 18
1986; 20
1987; 20
1988; 22
1989; 22
1990; 24
1991; 24
1992; 26
1993; 26
1994; 28
1995; 28
1996; 30
1997; 30
1998; 32
1999; 32
2000; 34
2001; 34
2002; 36
2003; 36
2004; 38
2005; 41
2006; 43
2007; 43
2008; 45
2009; 45
2010; 47
2011; 47
2012; 49
2013; 49
2014; 51
2015; 51
2016; 53
2017; 53
2018; 55
2019; 55
2020; 57
2021; 57
2022; 59
2023; 59
2024; 1
2025; 18
2026; 20
2027; 20
2028; 22
2029; 22
2030; 24
2031; 24
2032; 26
2033; 26
2034; 28
2035; 28
2036; 30
2037; 30
2038; 32
2039; 32
2040; 34
2041; 34
2042; 36
2043; 36
2044; 38
2045; 41
2046; 43
2047; 43
2048; 45
2049; 45
2050; 47
2051; 47
2052; 49
2053; 49
2054; 51
2055; 51
2056; 53
2057; 53
2058; 55
2059; 55
2060; 57
2061; 57
2062; 59
2063; 59
2064; 1
2065; 48
2066; 50
2067; 50
2068; 52
2069; 52
2070; 54
2071; 54
2072; 56
2073; 56
2074; 58
2075; 58
2076; 0
2077; 0
2078; 2
2079; 2
2080; 4
2081; 4
2082; 6
2083; 6
2084; 8
2085; 11
2086; 13
2087; 13
2088; 15
2089; 15
2090; 17
2091; 17
2092; 19
2093; 19
2094; 21
2095; 21
2096; 23
2097; 23
2098; 25
2099; 25
2100; 27
2101; 27
2102; 29
2103; 29
2104; 31
2105; 18
2106; 20
2107; 20
2108; 22
2109; 22
2110; 24
2111; 24
2112; 26
2113; 26
2114; 28
2115; 28
2116; 30
2117; 30
2118; 32
2119; 32
2120; 34
2121; 34
2122; 36
2123; 36
2124; 38
2125; 41
2126; 43
2127; 43
2128; 45
2129; 45
2130; 47
2131; 47
2132; 49
2133; 49
2134; 51
2135; 51
2136; 53
2137; 53
2138; 55
2139; 55
2140; 57
2141; 57
2142; 59
2143; 59
2144; 2
2145; 48
2146; 50
2147; 50
2148; 52
2149; 52
2150; 54
2151; 54
2152; 56
2153; 56
2154; 58
2155; 58
2156; 0
2157; 0
2158; 2
2159; 2
2160; 4
2161; 4
2162; 6
2163; 6
2164; 8
2165; 11
2166; 13
2167; 13
2168; 15
2169; 15
2170; 17
2171; 17
2172; 19
2173; 19
2174; 21
2175; 21
2176; 23
2177; 23
2178; 25
2179; 25
2180; 27
2181; 27
2182; 29
2183; 29
2184; 31
2185; 18
2186; 20
2187; 20
2188; 22
2189; 22
2190; 24
2191; 24
2192; 26
2193; 26
2194; 28
2195; 28
2196; 30
2197; 30
2198; 32
2199; 32
2200; 34
2201; 34
2202; 36
2203; 36
2204; 38
2205; 41
2206; 43
2207; 43
2208; 45
2209; 45
2210; 47
2211; 47
2212; 49
2213; 49
2214; 51
2215; 51
2216; 53
2217; 53
2218; 55
2219; 55
2220; 57
2221; 57
2222; 59
2223; 59
2224; 1
2225; 18
2226; 20
2227; 20
2228; 22
2229; 22
2230; 24
2231; 24
2232; 26
2233; 26
2234; 28
2235; 28
2236; 30
2237; 30
2238; 32
2239; 32
2240; 34
2241; 34
2242; 36
2243; 36
2244; 38
2245; 41
2246; 43
2247; 43
2248; 45
2249; 45
2250; 47
2251; 47
2252; 49
2253; 49
2254; 51
2255; 51
2256; 53
2257; 53
2258; 55
2259; 55
2260; 57
2261; 57
2262; 59
2263; 59
2264; 1
2265; 48
2266; 50
2267; 50
2268; 52
2269; 52
2270; 54
2271; 54
2272; 56
2273; 56
2274; 58
2275; 58
2276; 0
2277; 0
2278; 2
2279; 2
2280; 4
2281; 4
2282; 6
2283; 6
2284; 8
2285; 11
2286; 13
2287; 13
2288; 15
2289; 15
2290; 17
2291; 17
2292; 19
2293; 19
2294; 21
2295; 21
2296; 23
2297; 23
2298; 25
2299; 25
2300; 27
2301; 27
2302; 29
2303; 29
2304; 32
2305; 18
2306; 20
2307; 20
2308; 22
2309; 22
2310; 24
2311; 24
2312; 26
2313; 26
2314; 28
2315; 28
2316; 30
2317; 30
2318; 32
2319; 32
2320; 34
2321; 34
2322; 36
2323; 36
2324; 38
2325; 41
2326; 43
2327; 43
2328; 45
2329; 45
2330; 47
2331; 47
2332; 49
2333; 49
2334; 51
2335; 51
2336; 53
2337; 53
2338; 55
2339; 55
2340; 57
2341; 57
2342; 59
2343; 59
2344; 1
2345; 48
2346; 50
2347; 50
2348; 52
2349; 52
2350; 54
2351; 54
2352; 56
2353; 56
2354; 58
2355; 58
2356; 0
2357; 0
2358; 2
2359; 2
2360; 4
2361; 4
2362; 6
2363; 6
2364; 8
2365; 11
2366; 13
2367; 13
2368; 15
2369; 15
2370; 17
2371; 17
2372; 19
2373; 19
2374; 21
2375; 21
2376; 23
2377; 23
2378; 25
2379; 25
2380; 27
2381; 27
2382; 29
2383; 29
2384; 31
2385; 18
2386; 20
2387; 20
2388; 22
2389; 22
2390; 24
2391; 24
2392; 26
2393; 26
2394; 28
2395; 28
2396; 30
2397; 30
2398; 32
2399; 32
2400; 34
2401; 34
2402; 36
2403; 36
2404; 38
2405; 41
2406; 43
2407; 43
2408; 45
2409; 45
2410; 47
2411; 47
2412; 49
2413; 49
2414; 51
2415; 51
2416; 53
2417; 53
2418; 55
2419; 55
2420; 57
2421; 57
2422; 59
2423; 59
2424; 2
2425; 18
2426; 20
2427; 20
2428; 22
2429; 22
2430; 24
2431; 24
2432; 26
2433; 26
2434; 28
2435; 28
2436; 30
2437; 30
2438; 32
2439; 32
2440; 34
2441; 34
2442; 36
2443; 36
2444; 38
2445; 41
2446; 43
2447; 43
2448; 45
2449; 45
2450; 47
2451; 47
2452; 49
2453; 49
2454; 51
2455; 51
2456; 53
2457; 53
2458; 55
2459; 55
2460; 57
2461; 57
2462; 59
2463; 2
2464; 5
2465; 2
2466; 5
2467; 8
2468; 11
2469; 14
2470; 17
2471; 20
2472; 23
2473; 26
2474; 28
2475; 28
2476; 30
2477; 30
2478; 32
2479; 32
2480; 34
2481; 34
2482; 36
2483; 36
2484; 38
2485; 41
2486; 43
2487; 43
2488; 45
2489; 45
2490; 47
2491; 47
2492; 49
2493; 49
2494; 51
2495; 51
2496; 53
2497; 53
2498; 55
2499; 55
2500; 57
2501; 0
2502; 3
2503; 6
2504; 9
2505; 18
2506; 20
2507; 20
2508; 22
2509; 22
2510; 24
2511; 24
2512; 26
2513; 26
2514; 28
2515; 28
2516; 30
2517; 30
2518; 32
2519; 32
2520; 34
2521; 34
2522; 36
2523; 36
2524; 38
2525; 41
2526; 43
2527; 43
2528; 45
2529; 45
2530; 47
2531; 47
2532; 49
2533; 49
2534; 51
2535; 51
2536; 53
2537; 53
2538; 55
2539; 55
2540; 57
2541; 57
2542; 59
2543; 59
2544; 1
2545; 48
2546; 50
2547; 50
2548; 52
2549; 52
2550; 54
2551; 54
2552; 56
2553; 56
2554; 58
2555; 58
2556; 0
2557; 0
2558; 2
2559; 2
2560; 4
2561; 4
2562; 6
2563; 6
2564; 8
2565; 8
2566; 10
2567; 10
2568; 12
2569; 12
2570; 14
2571; 14
2572; 16
2573; 16
2574; 18
2575; 18
2576; 20
2577; 20
2578; 22
2579; 22
2580; 24
2581; 24
2582; 26
2583; 29
2584; 31
